585
7594 7751
2881 4481
650 5758
5084 7565
4919 7896
3630 9675
4638 7265
8527 8929
8235 9190
9395 9852
5949 7134
3366 6762
7904 9451
2276 3112
5450 6527
7302 7568
5963 9502
3425 9907
3439 6603
2818 7538
2124 8784
4662 5717
7057 9706
2866 3801
3482 9092
550 4789
1743 4030
1756 3364
7006 8426
8152 9344
3520 3770
8802 9079
3400 8512
444 937
4307 5310
1495 3984
2955 7867
9789 9826
3722 5800
537 6154
8919 9014
5222 9103
272 3573
6368 7056
6571 7470
9640 9858
6384 6545
2092 8679
1408 3912
9517 9942
7618 9430
7322 9843
445 1946
1010 6965
299 3992
8822 9752
2365 5541
8384 9102
6316 6906
2115 4406
9009 9543
4488 8451
1836 2649
3921 3970
5685 9034
415 9368
59 2256
1094 7276
9801 9894
4389 9075
6743 8092
5106 8136
8260 9239
9896 9926
2568 3867
5788 8773
754 8091
9567 9947
3407 6901
654 6128
5255 8765
2336 2517
9120 9759
9913 9928
3215 9924
4331 7478
2945 4760
2502 7013
9891 9999
8674 9277
8283 8768
8507 8639
8314 9392
610 6604
8222 8694
3907 8344
7010 8406
6373 7264
5207 5888
5225 6195
9005 9860
7301 9626
4686 8695
482 5775
9685 9862
6889 9074
8202 8997
4134 8608
2103 2434
3225 5780
1689 8553
7188 9475
4038 8336
5625 8231
3980 7574
3887 5445
363 8383
4050 8419
2889 6083
9203 9221
9599 9834
8562 9366
9130 9312
9853 9890
6458 7403
9957 9994
4717 7744
4300 7500
185 8486
7850 7931
4699 8239
3168 3848
5059 5545
3036 8501
5197 6357
8631 9464
922 4592
233 2284
77 6576
7409 7531
6446 6657
7282 8250
8087 8796
7338 8900
2546 2639
8697 8991
4418 5047
637 3932
5148 9856
3468 5778
3888 9188
2937 7784
5426 6671
1110 8941
3148 8375
6092 8970
9836 9854
321 1281
7544 8233
3834 9753
5183 8027
9299 9408
3095 4086
7683 9172
4570 9864
6415 7485
1965 9692
7394 7679
1607 8771
1733 3901
8104 8442
1444 7586
1259 5789
5610 7630
1589 8853
9622 9839
1342 4091
1887 6895
1759 9684
3826 8505
3000 3999
4696 4951
2357 5972
5666 9609
3292 6319
3973 5547
1805 4609
6345 9333
9047 9825
9144 9967
4358 8987
1666 3142
5909 9805
7691 7971
5459 5696
8574 8857
7303 8660
3800 7479
8289 8568
4025 7727
5964 9552
2107 3273
6627 8379
6923 9286
4875 5309
7709 9617
9559 9905
2258 7173
8103 9245
6022 8276
2440 2592
4127 5476
682 7884
5010 7130
3083 3387
3390 6113
3182 7372
452 9643
2185 7327
3491 6132
219 8831
3015 5423
6691 8934
8667 9566
4913 5402
6523 7454
6516 9179
9348 9581
591 9048
1936 5193
2833 5992
4222 8373
9730 9773
7408 8436
9672 9898
2325 4460
8491 8754
2556 5538
9835 9878
1204 4428
8627 9243
5630 8924
5029 5313
6904 7882
4903 6788
5006 7218
8061 9274
865 1790
7686 8806
6692 6767
6836 9523
4634 5236
8389 8764
7721 8640
2013 4051
6000 9199
5745 7730
8913 8973
1330 1588
4718 8561
1880 6015
2042 2173
5027 7272
6494 8521
7202 7852
156 9639
8525 9501
6804 7762
652 7834
4194 7228
2748 9293
5051 8127
4594 7421
5317 8187
7361 7675
5199 6775
369 768
7070 7692
307 7236
6979 7393
214 3527
9929 9944
1622 6753
3814 5460
62 2522
7022 7147
6990 7723
1092 4505
6703 9718
6641 9372
1967 5615
9354 9761
6046 7145
9900 9955
5088 9571
812 1898
1040 3244
4783 5186
6257 7371
6885 9700
6796 7089
1283 4268
2209 5823
935 8487
3986 5550
6955 8937
7331 9742
6596 9068
4849 7438
4420 9872
5652 6936
757 3634
8800 9020
1241 6126
6613 9467
2394 6362
440 4040
5382 9174
2947 9723
802 5293
1251 9846
7682 8183
4803 6808
9802 9912
8536 9865
3298 8046
3923 8823
8413 9991
7507 8243
6858 8334
5961 7964
863 1667
2803 5729
955 3816
265 4950
3485 4716
7232 7556
7083 9702
7305 7836
5268 6810
5427 9800
4587 9461
1908 6436
4586 4965
7488 7910
1294 5603
2661 3857
1431 2316
6601 7293
5025 7317
290 4433
658 9440
842 7220
6299 6792
6216 6776
5146 9233
1177 4016
3797 8645
672 3141
4863 5046
7939 8995
8635 8821
2304 8358
9134 9184
1556 4043
5946 6809
3545 7060
2851 5447
3884 6907
2985 6019
2132 2275
9689 9985
7041 9908
7550 8994
6006 7274
6343 7203
2545 2969
1692 3492
3163 6988
2274 8460
5816 9180
1797 4693
9315 9377
5397 6917
7871 9883
7047 8024
864 4323
8829 9657
1869 9456
1064 8398
6227 7388
1900 6186
9269 9618
68 2323
495 3227
4082 5142
1862 9365
6870 9604
7461 9593
6098 9972
5872 6630
2806 4635
5856 6451
5180 8232
2395 7021
8510 8514
8140 8762
9656 9855
92 829
3803 7706
9124 9169
6919 6928
9499 9822
3187 9100
5103 5337
7637 9677
4816 8873
5885 7337
2466 5752
2335 9244
8326 8705
6998 8390
8089 8881
2075 7733
1069 2754
162 9215
9560 9796
4746 8845
5314 9754
1197 2800
6853 9668
5851 7872
2562 8798
227 827
2390 8159
4164 4715
150 4250
2987 3746
4879 6491
8084 9216
5794 7806
8468 9522
973 7164
848 2626
6035 7377
2086 8715
9186 9919
3263 6214
6474 8990
558 9294
5641 6253
9397 9833
8051 9072
8711 8748
4589 4724
2368 5403
859 7440
199 7619
6666 7192
360 1460
4506 9749
4479 8265
8318 8374
6473 9815
1548 6650
7530 9551
2610 8703
3157 8070
1804 5028
593 3649
7323 8567
9081 9438
2999 9578
7379 7664
3773 6773
9093 9984
2766 8325
3726 5628
8544 9763
7650 7780
8840 9654
3603 5229
55 6470
2348 4541
6747 7347
7058 7472
8130 8155
7645 8048
8942 9253
8839 9411
3434 4070
3068 5900
4319 4970
8014 8256
7923 8160
7516 8105
2261 4242
3696 4344
1945 3794
6424 7308
9433 9574
6233 9755
7838 8210
4289 5577
4931 9016
6539 7519
6430 9376
5348 7865
3268 4871
724 8230
579 1993
900 6208
370 492
6309 9296
6774 9557
6028 8737
3255 8246
2229 6335
8936 9756
7509 7849
8642 9246
5499 7502
4132 4381
8166 8424
6654 7306
7647 8313
3677 9059
7132 8149
4390 4626
7934 8649
2207 4367
2137 5343
3371 9976
1802 4083
5143 7953
399 1507
5791 6714
997 1678
5927 8580
8057 9549
4096 9505
6324 8576
2299 2344
9355 9694
6179 9104
7982 9339
4557 5710
5670 8495
2885 5627
41 2794
5660 8569
378 3280
833 7259
8812 9674
3044 5518
497 1167
1332 5470
7663 9384
2614 3691
2282 6445
6785 7870
6109 9909
5285 9989
4426 5629
6146 8013
6529 8598
4343 7452
4737 6585
3640 9038
2852 9267
6937 7297
7067 9707
1277 4681
3050 5275
6953 7951
9619 9963
5506 9422
977 3197
9661 9679
3419 8975
6649 9931
7043 7342
1567 4548
4498 9343
9607 9791
520
3723 627
6742 1047
9927 2713
4765 3199
592 205
2682 2117
8333 520
1343 351
8150 4658
8472 335
3919 184
455 337
8019 1199
6984 4296
9214 8078
4619 4177
9979 3529
1770 560
8143 7810
7153 2233
8597 4471
9647 7111
5850 3200
2210 507
7194 6716
4218 1242
5391 970
575 545
6217 3444
1189 984
5907 787
3864 603
2196 951
1302 1115
3951 3533
1218 844
3704 1061
6397 3982
3788 3551
5895 834
5914 5270
8298 6967
8180 6846
6665 2613
2586 1705
3872 1178
958 109
103 34
7671 5014
6556 3261
9460 5327
7252 4383
797 782
1446 296
5923 2054
514 123
4613 3018
2058 525
7815 7148
2604 2041
6824 964
2126 1661
4063 311
6256 6249
9064 1731
3274 2197
2893 513
20 8
5624 1888
5721 1981
2647 917
4623 1451
8593 5983
7072 5120
2081 1170
3554 3186
7539 5041
2037 1039
1490 825
5853 88
9420 6547
7997 3496
6970 5282
4511 952
9212 1411
8932 4061
1984 1436
9457 8240
9207 4432
3090 573
5605 4349
4012 2718
3663 2997
6295 1141
7253 3843
5308 4600
4299 1627
4170 3666
1149 810
9971 9008
1375 1313
5726 5712
4821 1153
1930 301
770 46
9189 2479
6653 5792
7053 1457
4417 2215
5829 215
1289 468
9980 5852
2910 2071
1086 423
2389 1538
613 111
9961 7103
4822 736
5982 1279
9235 6677
6663 4957
2535 6
6999 4694
2784 784
2832 1257
1265 544
285 155
8488 662
3828 1311
3873 3038
4052 4013
2880 1479
552 418
5173 4954
6330 3440
5770 4959
4056 3837
3104 3007
4448 1297
7527 286
3428 2407
2686 634
3720 1374
1260 1054
4435 419
3093 1791
1513 605
9732 9272
9173 2050
6326 264
2469 1546
4103 1555
345 148
2384 81
5727 5594
3063 1781
7096 6323
4233 3645
7587 616
4543 2113
4510 1349
6275 5858
5899 868
1533 53
9970 434
5338 1169
4612 3226
7304 6624
3269 528
2849 945
5095 678
1442 1143
8967 1361
886 94
5202 5101
336 120
3647 3352
9394 3180
8274 2588
1932 943
9509 6549
7722 3466
3079 1099
3455 949
1583 89
881 747
3609 2980
2303 1217
2887 179
2863 2660
9462 220
7063 4483
5434 1377
1780 752
2106 323
2817 2171
5080 436
5126 2363
8258 5326
8953 5865
7707 7489
8575 2067
5501 2709
6750 2306
9803 7087
5995 4102
561 534
132 5
7329 2906
5389 4542
6709 3218
1586 1391
8131 854
6314 2030
5742 2792
8573 74
8859 2505
4565 3342
5156 23
1520 267
1385 994
483 310
7175 1620
5932 4904
4735 3399
2026 751
2844 789
8271 4798
225 147
3945 805
209 204
6647 481
3589 3403
4501 2981
5618 5018
4861 1152
2605 1485
2616 2398
7597 998
2090 66
5677 1359
7830 3441
5179 3724
2424 1369
4866 2461
5446 4313
9434 1179
4908 1093
6732 3092
7689 2200
7094 469
4142 542
1844 1611
6135 2473
1333 1147
4508 1715
512 43
4235 12
3059 1131
5574 5228
9627 7335
7562 5746
7646 5438
5588 5367
6723 566
2573 291
6805 2501
4976 1216
8076 8071
100 35
6761 6110
2629 371
9046 8786
6600 6048
3307 2114
2680 1428
2963 1500
3936 2309
1854 1455
2758 191
7336 6450
1438 71
9591 3413
3579 1448
885 395
8359 3684
5650 5371
6371 4004
7004 4434
8858 8236
4365 1640
2482 2352
2015 585
847 354
3519 1116
6553 3561
3353 2074
6350 2624
2958 1403
2950 2593
4492 4062
3896 1647
856 503
6153 6066
8803 5365
2475 1903
1223 625
9470 2615
5633 1215
7275 1128
4459 3692
3389 1104
9317 7614
2658 1801
4618 4226
2738 1158
3853 1144
1417 535
6705 694
2484 2305
551 447
1065 90
3401 2882
7171 5355
7775 6354
1910 458
3179 762
4118 1867
5178 1873
6674 3866
947 21
5098 4392
4854 2437
8910 7138
530 362
8120 6632
791 559
9529 1992
5975 5139
4747 3184
4085 1201
5971 1634
1085 904
1400 263
8736 3153
8292 2523
5651 2176
2122 1947
7492 3627
3716 2070
8483 2059
4059 3823
2249 1510
1941 670
8766 3670
3351 2763
2449 1155
657 188
384 217
6764 2705
412 245
4883 131
6478 5259
5826 924
4305 2399
7693 3152
1568 1472
6509 4267
6921 643
9330 5911
7537 6301
1205 377
2240 305
6031 2650
3016 901
6746 3530
4923 2951
8914 5053
2674 2403
6008 2771
6037 2386
2007 207
8651 6828
4532 1190
5611 4701
1721 748
1754 1326
3690 3145
5707 288
8135 1292
6638 4340
8151 676
3495 198
453 382
3818 2823
7118 463
4279 4272
890 661
6448 221
9400 426
1295 300
9090 1696
5762 1508
9804 969
4628 496
9171 5172
1613 1036
7877 7741
647 346
9813 9058
2875 485
9992 3357
4478 3967
4109 2064
522 353
9459 2938
1817 154
1799 229
8485 6210
8346 5449
8978 1406
342 49
2917 118
8073 6352
6520 4034
1690 1549
7735 1653
9832 2750
9471 8835
755 218
2400 1850
6701 4138
7901 3131
4807 1871
6383 4354
9255 3961
8422 1230
6838 6269
983 394
8581 5836
6695 5279
2953 988
318 27
8229 3709
9920 7745
3488 954
7588 4021
3137 666
5295 4494
1885 1481
8394 5578
6238 2779
5075 1959
2952 1392
5213 2566
9035 1573
3100 2780
6959 1810
8311 6779
3621 2550
1669 598
7628 294
3517 3266
1501 1264
8604 5418
2815 44
390 37
7578 6626
61 19
6850 6589
2534 1276
972 424
9915 8626
5122 704
4003 1449
2516 1631
2810 2428
2798 2268
907 518
6077 115
6639 3988
6263 2940
9491 569
9379 8861
7415 3638
4984 4584
8113 2656
4379 1293
8972 1007
8849 7750
8116 2715
5966 145
8785 8610
1827 108
8465 5838
9750 1619
1590 1351
4797 2587
2120 1491
4359 3905
8386 5251
5676 4156
6969 817
1334 136
7051 2825
2493 2238
2267 1045
1726 1071
889 638
4332 3278
9488 6161
957 843
6780 4208
1672 1424
536 304
8433 5357
4097 341
5586 3906
3673 2045
5675 3804