522
7559 7858
1722 8941
5213 6457
5572 8274
9965 9998
5236 6864
4785 4880
1670 3120
5283 7568
2508 7204
2045 5696
3772 4483
1803 1937
3406 9373
89 5935
9586 9701
2439 2954
431 2669
341 9262
6168 7674
7450 8670
9188 9371
9238 9343
5028 5652
5322 6620
6530 7976
6520 7788
2338 5854
5467 7882
6285 9878
9317 9434
179 8712
6843 9707
6835 7335
2443 9201
9386 9897
8288 8915
6309 7479
1997 6590
8818 9655
8006 8889
549 837
3695 4917
1391 7955
6591 9118
6235 7590
9350 9384
5374 6854
2207 2221
5900 9559
9218 9494
9718 9950
4036 7557
5332 5591
564 5476
384 1927
8791 9231
3276 8639
9540 9840
9931 9933
5120 7988
5131 9126
127 4360
6301 9014
5425 6792
1741 9010
2379 3882
8483 9390
3576 5423
4736 9860
6796 8660
9768 9817
5778 8489
5357 7330
5253 8384
8025 8362
5482 7326
5392 8594
4442 4783
4198 4835
5958 8073
4333 6435
4409 6740
1723 3380
994 1004
9762 9943
7855 8989
7332 7871
1514 1616
4547 6929
8408 8969
7445 7633
7300 8978
7503 8957
7536 7770
3810 5946
1825 4117
5541 9730
4428 5998
5058 5565
4270 9504
7708 9166
9941 9976
1332 2923
9220 9956
5493 7261
1660 2345
7084 9208
2065 4181
2692 6558
132 3718
4750 5269
287 1615
3494 8082
3958 7292
1394 7182
954 5362
3585 6021
6403 7954
8244 9369
4430 9680
164 8774
9111 9963
4320 8434
9602 9892
5873 7975
478 8841
6440 9232
613 8441
7886 8363
239 3070
4355 9626
4306 6004
1034 7640
5032 7845
6894 7161
5096 5113
6143 8314
4731 4840
2196 5219
7032 9393
9533 9898
9989 9994
3337 5281
211 5199
2163 9735
76 8445
8928 9712
6391 6597
9165 9209
7352 8439
7592 7921
7905 8616
4784 7697
2907 3195
1604 4715
8551 8965
2768 8587
131 5203
7799 8195
1857 4656
8848 9596
7699 9910
2844 6047
4299 7896
8963 9255
6601 7961
9194 9336
7764 9076
5566 5947
4611 5372
1518 6910
4981 5753
1959 6014
2769 6709
5976 7922
9657 9752
4780 5353
8193 8243
7561 9535
5691 7264
9723 9838
1592 2633
3604 8218
6992 8105
3252 9050
8013 9809
5856 8111
3372 3710
3333 6837
9715 9796
312 4908
3199 8430
3922 9185
8480 9510
4229 8795
1337 8369
8618 9462
710 8562
9463 9971
2259 6069
9960 9972
4118 7540
7847 8632
3715 9538
539 3911
9036 9651
962 1782
5035 5742
9275 9543
6756 7004
4992 7233
7434 9115
5375 9271
8511 8750
5806 9038
6007 9918
4058 9160
3317 8525
7372 7464
8892 9402
911 9483
822 2098
2273 3288
394 1088
7776 9881
2734 7293
3622 4145
3877 7323
6455 7757
8436 9403
1702 2067
6043 7550
2173 7692
7759 9893
5407 8613
6902 9642
1766 8865
6511 7726
6930 9850
8116 8534
2344 2466
8836 9080
3736 5141
9709 9766
9086 9272
5728 6351
2039 6664
5453 8280
9406 9776
953 6356
8564 9113
6306 8949
3949 8555
2993 5712
2674 6394
2274 5581
4135 6188
5030 7851
9102 9899
1366 3412
192 5670
6934 7787
1009 1122
721 5794
6909 6981
1066 5944
3192 6600
3777 9957
4853 5819
9254 9359
8351 9814
6150 7927
1914 9911
8991 9335
220 5097
2868 7135
9284 9855
8298 9516
1345 4303
7866 8343
2564 6498
6582 7525
223 9459
8040 8702
5906 7227
8038 8285
5697 9856
4202 7082
205 9215
6154 7064
5633 9830
5898 9921
231 905
4709 7803
3870 6113
8886 9970
1497 5252
5137 6368
5955 8051
8596 8615
5539 9671
5287 9833
1314 8704
5295 8502
2136 8573
622 4854
6822 8504
1690 7392
9729 9777
2506 7734
589 9286
7869 8348
9190 9319
7762 8948
6671 9503
4555 9302
4532 8281
3339 8998
904 3349
1652 1822
6566 9947
8366 9737
7862 9228
2832 4579
1361 5393
3793 4146
2170 4280
1595 7202
9017 9907
516 745
7022 7156
3953 6623
282 3202
5887 7299
6229 7591
966 8058
6946 7798
919 4449
6084 8136
64 5626
4461 8885
9917 9935
4962 9923
897 5161
2225 2267
3420 6891
3799 7011
6741 9473
8844 9056
4372 7091
2585 8718
9532 9780
2742 6283
4694 4791
8238 8902
2647 8711
1126 4753
27 2927
4553 8788
5735 8661
8687 9469
3833 6116
6823 8532
112 9204
6629 8468
3510 9618
9887 9926
8060 9427
1760 2371
8738 9011
3319 9646
4298 5315
4141 9179
9358 9869
653 3567
2286 4859
532 7665
9249 9261
6877 8415
5367 9212
4930 5414
1343 3437
3173 8472
9436 9620
1651 1942
3175 5403
9139 9890
43 3320
5119 9383
1719 5046
3386 9597
9944 9987
2714 5701
8401 8971
5270 8090
865 6988
4741 8860
6973 9932
9757 9782
3381 7448
4941 9349
1716 5704
5125 8997
5285 9867
3164 4989
1178 2292
9674 9732
6471 6999
4757 9774
863 5605
3183 3248
1180 7259
3569 8209
4424 6943
4999 5561
3625 4269
2801 3010
4439 4658
122 303
912 9508
5444 5833
9051 9389
7449 9006
3137 4505
9192 9815
3055 4327
6568 6572
2026 2094
4913 8323
4827 8072
8357 9471
6732 7401
8236 8981
7913 9206
6907 9423
7191 9357
8320 8630
9222 9340
284 300
1048 4810
4342 9353
2097 3302
9133 9428
1274 1711
1181 3803
8541 8880
1446 9381
2943 4061
7239 8875
9425 9697
1010 3740
948 3304
2293 5273
4015 9656
5968 9615
902 5195
14 39
644 1264
120 5533
9296 9679
6729 9839
8228 8722
8484 8629
4863 5044
8849 9112
533 2544
9347 9734
8071 9155
4820 9149
8607 9330
1502 8429
6341 7817
9820 9836
1977 3296
5385 6456
9368 9542
3612 9039
5174 9627
2657 6450
3338 4803
3536 4613
2109 7672
2433 4359
9251 9344
4937 5880
6790 8946
5088 5326
2240 9906
1448 3674
272 3683
9083 9195
65 6941
3300 4340
269 2458
999 6278
4743 5797
4631 4964
8763 9524
3597 8826
2976 9283
1582 8074
1824 5676
6255 9863
2399 3994
9405 9407
451 4659
316 2255
8920 9117
8339 9396
167 9978
4488 5048
3021 4621
7689 9043
6494 8571
6025 6447
5397 5575
7463 9922
3151 6329
4676 9004
3206 4465
6145 8481
233
5321 3170
2855 2780
6454 5390
8627 2584
6257 4650
9348 4910
5129 3191
56 13
8092 1530
6216 5867
1308 645
3812 1444
8530 6015
8982 2364
3271 155
8513 1701
3804 1764
4177 3456
1031 436
7948 6486
1062 899
7460 3117
3301 2464
7399 7139
1218 238
5015 3127
1739 581
7621 7229
7430 5980
8678 2997
7831 3367
2822 2226
981 751
5198 1688
3336 434
4184 1940
9936 6838
9567 3825
6399 4293
6643 3701
6244 4666
1522 1487
7532 6463
2908 2212
4212 1172
6989 488
8515 1715
1023 409
7122 514
4296 2814
7492 393
8753 6190
268 92
6319 5730
2040 1220
6736 4766
4729 3580
2857 1450
2449 895
4674 145
2448 1364
4618 571
1538 1447
9802 6473
6883 4625
4120 2132
6810 1510
3110 2414
1451 537
9961 9590
5789 2373
1268 985
9140 1906
9711 6039
8695 3327
3024 1283
6274 3268
9977 6163
5284 461
1288 578
9731 8157
2179 301
9588 4794
7578 5378
4725 1911
2242 33
6652 4879
598 444
7486 667
2166 1985
9243 956
6721 2793
30 6
4007 3924
5582 1507
6275 5886
9273 6249
9988 9631
8373 4402
42 38
4000 173
7294 1516
3689 1321
9346 5115
1757 1403
7643 2300
4519 3416
3043 2779
7825 5666
6888 847
4513 2219
7344 1642
6631 4938
9412 708
4025 523
547 147
9327 5329
8589 6720
1861 987
9870 7919
2838 1270
363 354
8211 4872
2550 945
1700 772
9106 6739
6364 224
7388 1583
8027 6289
8734 1913
4948 1631
1646 221
7426 321
7149 3691
8645 7395
1236 22
1533 906
2372 2276
2272 2203
6157 2009
2789 1692
4378 4289
174 143
5396 2628
6585 1902
2459 2069
8832 3617
6984 6884
1623 771
903 281
2491 1565
7878 3731
7057 85
8620 2572
1389 408
7454 3444
2122 939
706 102
6586 1193
4990 3016
8866 3566
6487 4169
5757 1676
1637 183
1989 476
7573 2763
4216 152
8724 7396
3478 289
2706 1259
1686 526
6347 58
7773 4662
4522 2073
7021 4808
893 327
1566 888
3673 3423
9874 7836
6919 619
687 684
3845 2737
2213 1879
1669 71
2074 1820
4564 3056
3923 540
844 774
8619 495
7140 6769
3064 1194
7528 3293
3404 21
4686 4302
7062 2914
7012 6340
470 467
7984 3664
6292 2327
8135 3578
3051 2817
5356 2642
7582 5916
2698 48
1238 979
4897 894
5700 2342
2643 1045
4628 4243
5805 3570
2090 1921
3624 3488
940 323
6308 554
8377 374
2671 860
5991 5913
8536 7338
4228 1548
1379 1342
9105 658
4926 2362
4683 4501
6010 4455
1833 438
4248 2358
8179 390
6593 1829
756 429
3764 528
34 3
1171 455
9299 9144
