554
5211 5689
8511 9714
7215 9839
3620 6528
8519 8900
694 6804
5988 9354
101 1238
9872 9913
753 6823
595 3647
6541 7089
2305 4717
7546 9419
1966 9607
9002 9203
6652 7319
778 6244
843 9564
6818 7151
1547 7937
4982 5564
5036 7016
4307 7374
1075 1505
2469 5695
3240 3830
2646 6836
7723 8927
4433 5841
9431 9655
6261 6996
5129 7846
7859 9212
2688 5889
3209 3505
7581 8490
8338 8733
5517 5919
6936 7127
6727 7809
5224 7858
5449 6956
2867 5033
6931 9270
5855 6759
3758 3880
3047 6644
7077 7331
256 9278
452 9432
818 3814
4662 5963
8891 9726
3976 7372
2253 4986
8127 9771
1518 5849
4714 6269
6165 9950
4598 7459
7998 8120
7788 8396
2215 8456
8696 9704
8443 8704
7794 8619
1422 7504
3979 8469
5301 7802
6724 7058
7769 8872
5537 5944
9224 9319
6433 7194
4010 7081
5158 8365
8404 8912
4192 4355
5946 9985
9457 9664
733 4045
4210 9684
7816 8581
8086 9102
6380 9386
7444 8265
5581 7400
4305 9767
6974 8909
114 1727
9085 9105
1951 6570
1720 2928
8620 9691
8501 9365
2877 3251
1556 2906
9309 9416
6631 9695
1571 7414
4444 8726
5088 8295
8122 9811
953 3333
4803 7629
5428 8353
1676 9389
2167 5222
5598 5826
1348 2108
5840 8108
2814 3024
6898 9268
4680 9163
772 2975
858 4948
5821 7263
6679 7882
1793 2748
7312 8914
7 3146
8437 9378
8922 9106
9222 9858
1457 3381
655 8488
744 2228
98 9556
4223 6047
2326 3108
3696 5803
1217 2808
2053 6529
8381 8422
2365 5082
414 5169
2516 9644
1593 9056
8793 8916
5796 7791
8149 9385
8784 9841
2968 6761
5601 9668
2685 7493
8890 9210
7259 8896
6391 7891
7430 7681
7843 8069
4528 7614
1590 7985
4736 9119
6170 8990
8115 8605
9603 9746
2785 5086
1838 6295
2077 3933
9819 9881
3910 6025
2843 7216
524 8771
752 3902
9949 9998
7857 9635
9254 9543
4372 6876
7708 9885
7462 9512
6613 6695
9257 9506
7543 7875
756 8610
2260 6576
5313 8313
8953 9238
6924 8003
5189 6312
2497 2735
8764 9809
1915 8429
3173 7952
9904 9971
178 835
5058 9452
1743 2290
2918 3978
6514 8077
6030 8419
9135 9479
8369 9369
5316 7756
1636 6478
2201 2884
5565 5704
3649 9747
4963 9107
350 4359
9161 9859
2138 7509
4647 7379
6502 6734
9077 9924
7340 8663
7840 8459
3582 3935
7682 9113
6902 9094
4592 6105
5618 5646
1905 6040
4068 9732
6615 9308
8618 9696
4180 4394
4531 7279
7404 8886
3198 7396
8602 9276
1597 5357
2437 6317
9938 9975
2768 2788
5139 9935
8260 9407
5493 9253
629 1421
2902 5687
7395 7960
773 7666
680 6148
2280 6420
660 4252
600 6337
7660 9757
9699 9933
3348 9131
540 7054
3148 4462
1143 4317
9484 9903
2271 3997
3249 8938
3996 5156
7615 9128
7848 8831
32 839
7166 7416
4031 7260
8223 9029
8792 9538
6223 8803
2062 5567
4270 4885
8904 9555
9983 9993
7155 9749
9080 9864
5905 6218
522 8978
3408 9612
795 8798
5947 7298
2417 3023
5242 7240
700 2396
5188 5235
6007 6307
162 5716
8629 8934
794 8347
3114 3749
9834 9853
9618 9743
1881 2129
907 5005
6031 9898
5084 8110
3232 7069
1426 9120
6856 9671
3360 7262
2007 2091
1783 3315
2163 5986
2582 2618
9708 9756
7141 7424
5350 6531
6186 6623
4671 7624
7436 9919
852 3021
2106 8200
7585 7943
7242 9508
6070 8073
9482 9621
38 9379
4123 7583
9465 9680
8129 8584
6130 6605
362 3756
8385 8828
7935 9997
9114 9269
1105 7619
5440 7963
9856 9967
6455 6649
9360 9638
3609 9009
4001 4741
274 5526
6283 6560
9814 9959
6311 9455
5399 6498
6329 8549
6397 9861
8567 9805
3457 5227
43 4093
2445 3002
4336 7835
3904 8693
1863 8615
5296 6668
314 4715
7792 8275
5914 6246
317 3542
5599 8316
5622 8689
1290 3255
4848 8959
2539 3298
6625 7487
2760 3851
4951 9827
1407 8261
5509 8877
4150 4278
2090 7913
7102 9108
5416 7815
4287 4545
4486 5550
6621 7309
7734 9707
7285 8046
9486 9693
3595 9687
5543 7725
2819 8730
4501 9585
7806 9227
1817 4060
1476 9300
6655 8139
8648 9648
4822 9179
5624 6405
1058 5185
5805 8692
9423 9625
4810 7728
515 3059
2880 8486
6585 8308
4648 6573
898 4442
4626 7763
2987 7231
3101 6697
7528 9660
7381 9923
2670 3418
5782 7307
7412 8082
4966 5199
3823 5833
490 3452
3709 6843
4572 5613
2634 8167
8006 9182
5945 8703
9527 9911
9155 9945
1808 2466
2294 9617
6515 9534
5831 7595
7125 8196
3836 5654
6353 7253
4684 5073
3757 7888
8568 9231
8390 9478
3219 6700
6565 6835
8977 9760
2577 3466
4517 4901
3492 5397
22 5324
3682 4952
664 3091
8943 9249
8760 9818
2434 8413
1110 9262
6222 9096
8947 9353
651 7426
2944 5862
4748 9046
5756 6680
1097 6998
8763 9636
2631 6483
7908 9025
2358 4036
9066 9226
7146 9323
2448 3850
4785 9064
1748 6798
4549 9082
1433 3986
110 8720
4067 7001
8121 9599
2353 6504
2333 9403
3788 5994
7866 8290
2492 6546
9889 9908
8328 8518
8558 8906
9404 9941
3090 3909
9545 9589
6767 8646
7841 9142
5110 6678
4497 6928
9578 9645
872 5122
1946 6189
6319 8594
7095 7224
8421 9976
6730 7531
6004 6766
9152 9241
4115 7439
1907 2762
6135 6503
3897 8025
8095 8461
5519 8309
367 7273
5999 6977
2510 9890
4098 7100
6196 8806
4521 8555
8898 9342
2281 6530
6403 8162
5116 7752
765 9339
2409 6321
1054 7676
5317 5387
4176 8481
8228 8360
5724 8862
5633 9678
6102 6505
5636 6670
7131 9294
8123 8879
2630 2846
3511 3655
3643 5295
6288 7817
2351 7881
7182 8243
2690 4558
4950 6290
3160 7029
9820 9873
9463 9712
3044 3169
493 8264
1436 2573
1420 1475
4018 6841
4388 6593
4239 5191
6228 6855
7978 8199
3199 7441
7760 8179
3416 8302
6639 7306
9116 9970
9189 9798
4217 7217
1912 5877
3710 7145
3988 4177
4014 6336
676 6035
896 4801
2302 7586
47 7254
2667 9467
287 6814
153 1035
7661 9477
4170 7370
2723 5861
3192 5048
4706 4891
9774 9917
2742 6590
5850 7517
472 9280
1766 5652
1968 7286
3971 6132
7179 8624
9713 9875
2637 9517
5407 8641
3046 9290
6877 7687
7378 9731
9952 9982
8398 8580
4327 5923
4672 5047
8840 9597
8882 9866
9175 9240
897
9497 5683
959 729
5422 4165
9920 4606
1723 329
9373 3793
2329 2024
9459 7599
8204 3137
4460 4220
3874 1053
7190 1867
4219 2241
6772 2142
5868 2836
2542 1346
4403 4069
6611 4017
5770 1498
4881 3763
9177 5953
6499 259
3168 2447
8575 4428
7603 6028
2995 701
8724 717
9849 7559
6088 1118
5690 11
2494 576
3585 1625
5098 4913
5372 5367
1328 1315
2456 1482
4659 142
1414 934
1180 1019
9277 5630
754 737
8933 3433
2426 1945
5698 4371
213 200
9384 8322
7104 2301
695 209
868 673
5632 3223
4377 2953
7630 4379
8541 268
9596 125
3460 3009
4090 2862
7227 2647
5898 1357
207 186
67 58
9214 349
8709 2465
618 323
9576 545
5827 5347
188 112
2070 1828
2029 2017
6912 5174
989 538
2719 844
2521 2109
6486 6361
5046 1471
735 531
2545 1226
2405 1821
1271 1030
2931 1026
4753 4621
4861 3371
7515 1040
4125 2063
261 35
5958 2158
3798 3518
6313 867
8143 1832
8960 2359
9223 8376
1454 909
5608 2899
7964 696
8853 2431
2614 277
4874 3398
9099 657
1377 900
8670 573
1610 1198
9611 3190
3625 3557
6992 1800
203 48
313 133
9737 8354
8870 2718
9150 1349
117 92
2084 1803
269 175
2932 59
360 46
6888 4052
6589 3964
7244 5488
453 281
4080 1789
2298 1042
8057 1002
7538 3016
6457 1250
3230 3141
3575 853
3493 1036
6071 2724
3056 1675
328 21
2081 645
589 167
3155 1210
9613 4420
9035 1267
7438 4236
4059 3244
1243 1077
4610 4562
2822 2255
882 823
591 190
3929 444
4599 1697
1534 1051
9981 7980
3245 1594
4688 1754
725 326
7465 2010
7313 2486
1464 1259
144 119
2146 405
6699 2217
3487 1829
5346 1130
5590 1950
7181 3088
2992 606
4620 3339
1173 10
8690 253
9739 9554
5 4
4538 2191
7878 1466
6728 2852
5104 4424
2919 2628
9544 955
73 20
3385 656
9299 6052
7039 3774
9728 633
2525 1969
7317 960
9349 7388
2375 1929
4454 3632
9344 7939
7956 6527
7324 6622
1280 504
1583 242
5602 4281
3077 1039
3675 3405
5343 3354
3747 3106
8453 5899
6258 3918
3558 1986
6596 1544
4686 542
3287 2841
3912 1677
4702 3142
6441 130
9845 2687
5267 4509
1252 529
4447 1064
5142 4055
5255 2741
6238 4191
776 9
8333 4143
9560 8426
4425 2058
7545 1178
4050 3963
8553 947
9958 2384
862 55
4929 1820
4774 436
6696 1818
1480 1000
1326 136
1295 1101
211 62
4245 3817
8076 5574
4645 4544
9825 1368
6204 5426
638 555
3366 582
3208 764
2803 369
7341 7277
1826 1209
4846 1352
7003 1555
6671 3498
7121 3921
5151 4089
6183 1885
668 431
1592 509
1853 1382
1607 1235
2925 1262
1884 1858
7053 7012
7560 2234
804 559
1600 1586
3020 758
9023 2005
2013 1323
1334 233
755 646
8285 3975
5469 2904
8830 1673
6411 3703
6360 1765
7020 1612
8004 2422
6603 5325
7497 785
7070 4038
8987 3936
7349 1300
3565 644
6402 4144
3394 34
6934 770
2230 75
60 18
2679 1010
498 299
8383 361
7368 202
2859 1854
1487 1086
4707 1605
2152 592
7892 5528
7283 510
9298 4100
4254 3987
6610 2186
1254 344
8401 663
6079 214
1640 25
2441 1203
8180 3050
5979 5080
6917 4767
8672 7649
2994 449
5013 1531
5201 4135
4755 2391
530 230
3722 2317
8819 7180
9523 3407
1358 799
4457 4274
3769 2225
8002 602
7748 5028
343 152
1918 620
6617 3714
6404 3005
1875 731
4235 1767
1021 324
7346 6264
445 171
2861 2703
5292 389
7826 3306
3124 1479
206 150
7048 5467
9572 4529
1228 118
734 564
8941 516
1862 1707
9857 339
3485 527
1684 1009
2397 2080
4824 4400
5300 1856
1937 1890
4484 2823
6871 147
1643 1470
1312 1207
8566 404
318 217
8897 1493
612 517
6310 971
9143 4438
8286 2795
9679 8499
8908 5125
9736 511
2220 641
7671 2222
394 77
871 78
7142 5802
6125 5769
8329 1370
5202 4920
639 526
9602 7198
5829 1076
6927 2219
4890 2339
8880 1865
5908 28
6899 3481
1535 675
8817 5964
3521 129
9229 3075
3729 384
8112 3318
4650 4392
3123 2061
9674 814
8723 4654
1782 1543
1319 1229
4697 1499
5417 5409
351 319
4323 3734
9063 1812
4329 243
833 137
6344 2657
2314 2175
1971 1129
6227 3690
249 247
3858 1089
3307 1415
7506 4395
1041 166
7463 421
6160 1705
6107 5038
1911 250
121 79
1509 699
7299 380
3399 128
1106 830
5930 486
9017 3771
654 587
2322 1999
7758 4839
5764 4716
2308 1688
2467 2299
2078 826
7828 6413
4029 1938
7226 4679
6552 6387
5762 5321
7264 5264
5828 783
5900 95
6487 3926
4596 3571
5354 4156
3216 807
5450 2730
6960 5223
90 42
8038 3868
5926 4925
4578 3497
7549 2889
3266 3089
3577 2490
3859 3221
6173 5844
8247 3925
2112 1219
5034 1485
4313 1674
4082 170
2411 771
879 822
2692 1919
6126 4561
7358 3163
4604 881
5759 5723
4091 3086
9772 5675
8116 3707
7918 4128
371 353
2205 2197
5586 1745
322 201
549 420
1045 570
7870 2733
3889 2377
3187 961
8063 1056
2208 2032
969 140
1502 1265
3438 1289
5491 5251
2933 845
6017 554
2095 39
9193 6320
1351 534
5583 3548
6659 1339
5712 2257
8813 4169
9775 3446
5160 2930
6306 5474
2739 485
3914 1340
7171 5705
304 143
9204 7505
6429 5820
5423 1667
2170 1561
5314 1109
8547 7210
5434 2563
3180 2046
2635 2025
7650 2828
7218 5513
724 284
1449 698
2865 169
8702 4703
4867 4226
3541 666
3560 1715
6137 4247
2615 1194
5363 4446
8296 928
8576 7782
7476 3319
6788 685
4985 3068
806 355
9265 1725
3186 2549
6970 4898
3804 215
2048 1510
6601 4435
575 415
8871 4265
925 495
742 205
6127 72
1473 333
7128 4431
2531 1686
6985 4746
8210 5766
4761 3097
3463 3237
7401 6661
6373 2074
2194 300
8596 3768
2227 422
6019 4622
4892 3293
6231 3845
6479 5171
9461 7609
567 68
2132 988
4490 2656
6880 766
1696 428
7591 7292
6375 4020
5221 4439
5344 2947
1306 1073
1737 1606
7061 6581
7612 4583
2088 173
2926 2214
4789 437
6933 801
6299 3795
4794 1227
1164 877
543 37
5867 100
3126 3071
2893 364
3662 2839
3426 1201
1193 363
2613 1584
4987 2672
86 74
9252 7607
2753 1987
9283 7865
8855 5600
3070 2177
9509 2249
1582 921
6822 5541
7040 6657
9791 7200
2727 2548
3943 779
4931 4611
9590 1236
1953 1469
3116 2878
8062 66
681 320
6536 2440
9762 4878
4719 4586
6349 1033
2336 408
461 88
1757 1668
3459 1859
168 81
3502 280
1440 528
9473 927
331 204
9829 518
8686 1701
7239 1658
7032 1837
705 470
6293 2161
8279 6744
2891 1669
4658 1998
2236 1215
1099 254
3598 810
2737 1253
2726 315
6281 6233
3945 1197
4752 4283
3372 1963
5554 4459
1809 991
327 40
3809 3064
7169 1050
8658 6556
5019 1435
7214 798
4554 1764
4260 1432
6849 5456
9071 8053
8500 7688
3166 1025
400 229
3462 3280
8770 2064
3351 1703
5941 2905
1448 105
4557 1660
7771 5912
7270 3629
7363 3519
836 502
8572 7568
7122 5869
7677 3015
2655 1528
6886 1520
1529 1032
6572 5641
9591 4802
4268 228
880 821
8807 6837
9396 2115
8632 2332
4196 2324
8651 4908
8988 4246
1091 196
2176 1029
1957 525
5328 1297
3063 1166
8423 5784
1411 761
812 146
6018 5150
2671 489
8096 4590
796 604
3794 2684
2711 1303
7248 5580
3704 2774
2870 1372
3776 2556
1949 1330
3705 3164
5961 4451
1595 599
9652 992
3033 1134
5570 5536
5612 3341
647 454
1131 357
19 6
5342 3094
8021 6658
9654 9011
9843 4910
7718 4731
8609 4836
3686 2530
5670 3508
1864 1292
2802 2713
4775 4535
7933 4147
5563 1069
2476 1132
4032 3721
2812 503
6179 5208
8131 7808
8894 4718
948 480
9425 8159
9860 5903
3179 2493
3494 593
7347 2189
4954 4012
9162 1458
5943 728
7456 1633
4061 2181
2562 1424
1519 402
5074 4768
3715 2639
3895 2505
2834 2232
7050 1172
6961 3087
7618 6444
264 236
7910 4725
2395 1285
5090 3613
8494 5639
2128 417
7579 1729
8374 5226
874 103
8852 8036
2092 1490
1992 183
613 491
7516 3440
1631 151
8794 1508
7508 789
3573 912
4627 905
8970 448
9174 5886
9738 2946
2632 1452
4387 2364
7310 808
3665 659
338 69
9185 1823
8493 2251
7413 2446
1637 288
5629 2248
3134 831
5358 1282
3027 2099
9200 665
1393 64
6863 2917
3201 1366
9043 7252
1776 1752
9954 8042
5216 3129
1763 875
7425 1501
8682 1425
6082 157
9977 6557
8920 3673
3242 634
9358 2522
1997 1851
2198 1834
4587 2757
7743 1799
7842 3543
7421 2069
5263 4411
7383 5168
713 270
7013 4852
4597 3214
1354 1305
3957 3499
459 340
781 36
2547 1052
4361 2794
5816 4179
3482 3475
3744 1256
2453 616
7755 1952
8878 6147
4345 2495
2414 562
210 116
1830 1080
5194 1337
7300 1094
7984 757
5123 3602
4585 4030
6334 2454
7018 3377
3550 1589
3073 1958
8545 1079
8611 1257
8496 5726
1948 1261
2355 1578
9245 8911
8269 1070
2157 1230
403 17
8631 3660
8590 3477
8603 500
9284 4288
6412 111
8962 2763
949 255
3386 1150
7417 4720
3283 1833
7623 3843
6684 6665
8548 6158
9926 6866
2942 2857
7967 640
310 80
5524 2488
3973 2586
1648 1176
2107 484
5240 2100
3309 1802
6247 5371
9817 7233
5502 3284
3373 1651
3778 923
5299 2123
5993 5749
6432 1924
9392 7820
6500 3011
7768 3136
7280 1144
6973 6776
7338 508
6535 3689
7205 2704
8671 1027
8458 6055
2550 1062
970 294
4522 3570
9984 4949
5891 393
5991 5105
5318 3072
3604 401
290 124
4958 3506
1405 1318
3819 1005
2451 958
5887 1
7064 2565
2031 1984
381 84
2941 605
4526 3325
5746 747
4195 2356
978 298
7902 585
672 223
8924 8170
7527 2749
6811 3448
1624 1463
1148 316
3322 1012
8736 2848
9667 5348
4600 3252
2708 2399
9329 3591
8994 7710
5768 5218
4830 1798
