526
7960 9996
6429 8619
4814 6468
8779 9125
6009 7301
7730 8631
7831 9842
8866 8966
1423 3150
4738 5836
4107 9452
6596 6751
4259 7989
4294 8587
8312 9754
7849 9438
6474 9021
3500 5832
2121 6605
5383 5596
7713 8552
6309 8060
6278 6870
9107 9209
7257 7961
3873 7432
5688 7033
4466 5057
3729 6029
7175 9776
961 4209
7039 8037
4791 9628
7845 8548
204 7667
8062 9918
1021 1060
5496 7734
6889 9492
5510 8883
6086 8378
9356 9677
7508 7514
5 7716
9684 9787
4298 7893
8944 9292
8094 9796
2698 8141
3865 5960
2351 5882
3889 4724
3556 9070
6742 8986
2840 5791
6271 6766
6050 7844
7427 7457
512 9528
5599 9980
5124 5779
2624 7912
3811 6502
8612 9058
4033 8419
1667 6599
9215 9269
341 9167
6595 7445
441 5837
6367 7616
6793 7653
3264 8632
2821 4175
7089 7619
4807 9540
8604 9003
2879 6229
2034 4871
3804 5961
9644 9803
424 5206
2655 4890
7666 8733
3658 4958
154 2760
4449 7062
3386 9084
3748 9090
163 3205
6319 6457
5161 6972
3994 9763
8049 8184
9855 9888
3954 5756
3137 5389
2572 2929
916 1121
1960 7245
5691 7358
5834 7862
8639 9192
7697 9210
1182 7004
9706 9872
3392 7166
3670 7100
511 6498
9131 9616
8021 9022
2363 4347
2848 8898
6386 8224
167 2099
2875 9290
1801 9912
9948 9965
4926 9804
6180 7255
8374 9517
8925 9230
9874 9887
6274 7080
5039 9369
1117 1761
5804 9224
4495 9579
520 6920
502 1976
8511 9181
6775 7638
4200 6313
2352 3676
3152 3789
3047 4341
5219 9573
5384 7577
3204 3605
399 6240
6329 8656
4149 9183
931 1071
2826 5920
4437 6304
9603 9890
91 9296
7588 8968
7139 9226
3011 4592
5463 8677
2866 6058
3190 7365
5435 5680
895 2074
661 6852
4968 6532
6022 7480
1028 8424
345 1879
6577 9545
6601 9576
3712 5297
7693 7931
9950 9992
3897 9106
9017 9385
9620 9715
133 748
4852 7379
3891 5019
5674 6222
1967 3723
5340 7138
4805 9037
2847 4407
2332 6401
2139 6182
719 8103
1576 9332
9000 9082
8899 9827
6420 7180
6494 9636
5003 8096
7972 8762
8465 8853
8079 9121
7041 7573
4084 6899
3657 8778
5629 8800
7066 8282
5251 9427
7673 8693
3607 8540
4587 5033
5687 7818
7715 9231
31 8576
1892 9550
2419 3660
7656 7832
8955 8971
2897 7431
2588 8907
857 3463
3186 6369
7390 9775
365 6178
3093 9867
300 8350
3123 6589
570 2581
3398 4735
8231 9083
8343 8452
5432 7689
9750 9790
6118 9894
95 663
7324 7736
6825 8269
3299 8605
745 1444
5681 5998
90 3029
6625 9825
3147 6568
5878 6488
4950 8545
9194 9551
9162 9634
1560 2960
2404 4016
7749 7901
2423 4344
6679 8250
9398 9525
6804 6857
2410 6562
5333 8147
4096 7026
3096 9109
4044 7570
6932 7293
9629 9666
4616 8748
4026 8023
8610 9532
6088 9220
2422 2682
8445 8462
4258 9591
2002 7178
8471 9311
7645 8481
7300 8126
6861 8376
3560 6500
2852 3405
1439 1458
148 1252
2765 5512
5898 6997
2401 9154
5956 8144
7030 9436
9388 9667
8435 9979
4831 9077
9173 9232
415 7339
5388 9535
677 5585
2333 2512
5361 6533
3630 6637
4144 7117
3542 9868
9569 9985
9571 9595
3790 5959
6415 9471
1666 6349
6281 6830
3515 8820
9720 9822
4734 9557
9110 9165
1269 4646
1184 2678
4030 7380
74 425
5148 7320
7963 9650
2170 5234
3518 6480
4732 6189
9354 9410
7127 9379
200 499
5247 5305
6586 9383
8692 8694
9578 9814
9639 9685
7869 8741
7332 9009
7923 9745
9494 9883
9568 9898
466 9182
1630 9300
3557 7992
763 3099
5044 5991
3429 6585
1415 7239
5848 7184
6963 7717
2287 3585
715 5682
6020 9709
928 1325
2141 3683
6105 9805
8075 8873
6900 9660
7769 9117
9376 9395
4896 6582
2171 7074
5773 5802
6750 9590
5725 7077
5140 8734
5309 7947
27 3288
6798 7828
510 3727
227 2959
3725 8427
5743 9574
8544 9078
2260 6721
4935 8148
9575 9828
6835 9596
8715 9562
2169 9541
7064 7368
2586 7186
4020 9075
4971 5701
4970 5759
8137 9368
925 2102
3622 4967
5397 5505
7886 8493
1862 8041
3304 5809
3664 4501
43 6736
6527 9744
8920 9238
426 1267
5527 9476
1188 7303
4129 4336
5331 5461
4357 7142
7215 7618
7468 7617
1698 9702
953 5502
4394 5164
2361 9886
9146 9498
7753 8358
2179 2845
2688 3166
5822 8201
2215 5814
5520 9729
486 5312
2217 7520
217 4654
5349 9111
6518 7449
5175 7833
5536 8592
7125 8855
8851 9401
6536 9071
3581 6530
1822 7944
9665 9975
4942 9433
7679 8175
7023 9358
6337 8785
8441 9463
8988 9004
5552 9211
9563 9607
9508 9543
8689 9949
1987 4672
2912 6630
4768 5678
3896 7434
2672 9115
8835 9072
3478 8520
9024 9044
7120 7978
3287 8221
9286 9556
8827 9737
7770 8752
1068 7889
8939 9962
4189 9697
6389 8947
3933 5879
5519 6108
9536 9779
2729 8954
260 3812
7838 7892
5014 8255
3949 4210
9352 9599
5588 8723
1754 9971
1412 7868
5373 7383
3955 7744
9758 9908
2088 7632
3238 5015
7177 9377
1075 4361
1180 8359
3025 7323
853 1902
5986 7244
2613 5772
3465 7137
7311 9348
7865 8420
3806 3877
6657 7229
5703 6743
5211 8869
9482 9987
1460 2211
5215 5272
3906 9682
9055 9982
8498 8622
846 3149
3519 7456
804 8142
8095 9711
5673 6816
7479 8781
7977 9493
2037 6334
9520 9618
8385 9263
182 9818
8870 9245
7363 9836
7641 8313
1397 6481
5398 9797
8168 9897
6471 6782
2925 4792
4842 7524
2862 3296
8145 8736
78 3874
2402 4940
2702 6597
4046 6706
7690 8599
581 2148
4130 4428
9252 9257
2273 5204
3040 4945
3943 8990
652 5395
6785 9862
8178 8848
3250 9291
7001 7256
7179 8404
7876 9397
1195 3642
6331 7811
764 4121
1350 5768
4664 6001
5359 8858
4254 7647
3970 4647
8699 8821
1067 5365
5257 7082
9626 9811
6387 8262
8822 9440
6897 8013
6060 9795
3073 7822
4167 9036
5720 9032
572 5647
1882 5120
2716 7969
8743 9762
125
1824 1823
1837 53
6609 1677
4533 4203
9157 4097
8670 335
6266 2665
4221 4133
2882 325
2522 834
2492 1573
4458 2808
8469 4726
4959 3393
2888 1345
5056 1006
6045 2985
9911 4211
8274 3909
1401 196
6668 5686
1204 84
4762 889
4091 540
7386 5501
8628 7308
264 194
4008 2089
606 591
9947 4146
1947 471
2743 1810
4584 3377
2372 195
756 158
437 55
372 238
1059 657
3438 279
4171 1770
2598 44
1518 836
8702 777
5376 2993
8876 7195
7230 3210
4423 287
6594 2201
7837 955
4128 2493
4218 2162
9846 7752
6980 3981
6592 2923
2209 1868
3710 2864
2577 96
8879 5023
1324 344
5147 505
6499 5910
1575 751
7428 2467
8961 4104
393 277
5255 4542
1354 1163
9272 5244
70 8
1119 270
7821 298
9632 1157
2275 1583
975 488
7624 5619
8620 6300
4673 593
5119 4828
8090 4072
8483 5173
3687 1661
9892 1706
6423 5557
9466 8045
7104 6216
3523 322
9474 363
970 197
7952 1239
6147 1437
3767 1445
7194 183
1536 109
7135 4271
1190 1087
6169 380
6837 4464
9156 3717
7650 3013
442 265
1779 766
3549 1388
3231 590
8405 2191
328 240
5072 658
9671 4892
871 30
1245 665
9235 7677
6298 2896
462 172
6061 1297
1864 752
7430 1994
9837 5131
2244 1011
7036 1171
1102 653
3667 2282
4884 4088
3234 945
3568 3133
7586 2373
4312 2319
