976
2213 4406
883 4614
7243 8595
7644 7850
270 8008
7225 7281
6797 7166
8138 8273
9545 9853
806 4284
9326 9572
4196 7831
8251 9262
5460 6446
1803 5415
1899 7381
7348 8560
7901 9195
21 7276
5042 8088
4996 7211
402 9901
8841 9289
2714 8965
6649 6718
9157 9661
4588 5417
9471 9629
5931 7317
8414 8521
8288 9434
7002 9850
9187 9491
6955 8941
3745 6474
365 6851
9108 9343
9954 9984
2073 9705
715 1621
8227 9865
2938 5164
7594 9800
8058 8294
9459 9770
5932 9540
6605 8857
1129 2218
4039 8264
3258 7082
3929 4796
8872 9077
1667 7885
4198 8410
1566 4517
1807 8041
5108 5488
9350 9469
1570 8438
9933 9990
8265 8382
2233 7001
7976 8691
4173 9442
1259 6454
2582 9401
8377 8810
929 9962
1947 8450
7325 8016
8705 8922
6576 9830
6042 7823
6010 6054
3975 8769
7589 8299
7301 8959
7712 9913
6304 9631
4508 8513
2973 3554
1739 5921
8853 9050
2250 8490
7143 7595
2051 7268
8652 9720
548 3623
4373 8028
6382 7923
9299 9363
2763 9498
3455 9122
9361 9707
247 5300
3386 6124
5416 8673
8253 8997
9263 9970
2703 5618
8424 8751
3668 8203
856 9102
8747 9957
8744 8921
5239 7749
8484 8923
4359 5774
8398 9548
8953 9167
4153 6855
7364 9092
25 6379
1576 4601
836 4464
9559 9810
7176 7902
1778 8888
848 8349
1743 4679
8565 9121
1871 5402
4394 4895
4291 6545
7778 9419
9526 9569
4243 6957
9478 9867
665 5821
145 7234
429 8119
1945 3215
5761 6540
3439 6535
4197 5487
6541 7497
1218 4288
4387 7396
5422 5968
2644 3096
509 6390
1528 6858
9259 9980
2719 8576
3367 6271
1594 7913
8392 8472
8313 9633
1980 3451
6367 6602
4619 9588
7370 8474
1266 1985
7596 9710
5693 9567
921 1376
2330 2593
3663 3911
5238 5759
3313 7128
1866 9870
6406 8035
828 4645
9997 9999
6822 9238
3280 3803
6804 8452
7697 9475
5971 7789
2688 6023
5088 7996
4595 8454
8546 9367
4655 6984
7395 8217
1304 9993
5769 8906
9364 9773
4094 6026
4957 7437
388 8956
4432 9907
7401 8741
9309 9851
7709 9251
7447 7507
761 5330
1692 3629
5659 9735
6121 9608
5517 6568
3278 5834
4769 7700
3048 4669
9680 9906
3146 4566
1960 3884
7016 7064
7977 7990
6492 7687
4143 6081
1801 7560
7621 7744
6567 8488
6378 9018
7295 8300
7926 9271
718 5420
272 6219
5153 7661
4853 5449
9955 9978
5790 8868
9186 9694
220 8321
4157 4187
5756 9982
3746 5955
1526 5564
775 4278
3551 7530
590 1303
5155 5559
1116 4594
3151 4210
287 1949
4340 4496
7189 9061
5922 7571
776 6942
6778 7523
4457 6019
9897 9927
2779 9996
2629 9483
9084 9974
4476 9827
8885 9120
6756 8919
9684 9780
8136 8603
6581 6666
6129 6997
2278 2961
8341 9030
5324 5661
8401 9395
732 2372
4652 7458
3627 8793
1379 4026
8447 9283
7326 9134
2691 8259
3747 8188
4159 8235
9689 9776
6144 8505
7311 7833
4717 7045
8024 8623
2696 4146
2321 8815
5401 7306
3698 6341
5387 6585
1158 8847
7631 8416
7533 9924
5242 8974
5811 8075
5857 9790
2893 3704
1551 7030
6700 8373
4864 7985
8200 8591
5646 9160
7968 9904
4981 5408
5250 7214
3482 6151
9811 9909
7342 8110
4222 4555
5660 7042
1346 4740
8043 9099
7696 9744
3413 7776
2533 5039
1489 5527
3112 6103
5503 7604
7659 7839
4501 9939
7699 9992
6167 8074
9702 9797
7859 7890
6911 8060
5737 9436
1936 5306
7627 9474
7994 9235
6022 7486
31 6165
692 6149
630 8239
9312 9593
745 3041
7172 9642
4450 5086
3462 7935
792 2264
3297 9845
1602 4172
5544 7898
2374 2392
9306 9658
729 3699
6835 8800
9989 9994
5351 6339
3591 7501
7608 8115
7146 8009
8160 9303
4859 9860
4572 6440
7801 8668
1852 5470
1306 4060
1144 6651
942 2870
7829 8369
7624 9733
5294 6674
2241 3877
4237 6176
5929 7748
6740 6823
7600 7863
1631 3453
2722 5501
4822 6422
4697 8372
7770 8961
2453 7849
6006 6356
1193 3027
8657 9455
1067 7851
9032 9362
2306 2474
7159 7551
9717 9857
1490 8759
8618 8971
5291 9874
5195 8127
6746 8676
4232 8214
6222 8126
8855 9626
6187 6728
3646 6376
8731 8936
7933 9274
3276 3530
7219 8049
1172 2669
3030 7647
1493 9659
5582 7089
7934 9929
8400 9868
8248 8266
4781 9648
4542 7735
1411 3979
6350 8322
9596 9849
7942 8442
7270 7674
1969 7579
9737 9855
2962 3496
7633 8511
8437 8801
2429 8602
8165 9212
6530 7303
7816 8069
253 3062
1993 5190
7660 8198
2806 4064
4261 9674
4585 4841
6172 6551
9591 9756
1033 7876
4316 9505
4057 5203
6423 9835
5360 8541
7335 9937
6690 8468
7522 9360
4380 6274
248 3002
2551 8360
9174 9841
4629 8479
4107 9668
1717 2795
1156 1203
4890 8252
5493 8146
3152 9671
4924 5425
1135 3914
7029 7618
7737 8224
1964 3527
1665 2785
3424 3899
8387 9813
961 3071
3221 5286
9420 9638
4323 6621
4054 4117
7007 9123
3546 6441
4987 6842
3012 4120
4623 6663
1872 8729
908 5984
490 5875
6044 8742
9029 9879
6939 9189
4905 7117
4383 5896
6716 8973
9177 9832
5185 9842
3008 6586
679 4072
7983 8280
5616 9753
4764 5056
9161 9844
7979 7992
6448 8132
5303 8990
4729 6916
5127 6035
7911 8743
9344 9969
555 5136
6827 6848
5987 9822
5806 9977
6555 9655
3139 9126
8236 9501
4002 9823
5307 6181
9067 9392
5965 7836
400 9301
3392 9431
295 6386
7126 8272
8734 9296
7547 9592
579 1530
9718 9950
2124 2187
5542 9231
8030 8470
4367 5207
1643 1908
9499 9941
9902 9944
3507 6770
4473 5257
54 6412
2815 3282
7616 8605
8045 8195
3799 5615
8295 9560
8726 9725
9106 9500
3863 6209
9040 9791
8395 9458
3347 5376
6684 8837
6646 9323
4766 9275
6655 9662
2185 3832
8001 9421
2635 7127
5220 8390
536 6048
8935 9749
2223 9446
6760 8038
7517 8510
7109 9476
9538 9582
1501 2467
100 1013
7041 7652
5028 8376
6351 9736
5902 8396
859 1886
7158 7676
6846 7784
4411 9278
8728 9784
2046 5184
8831 9687
4557 5807
2405 5263
6909 8531
1571 6777
9045 9148
5392 8499
5597 6315
6831 8543
3818 9480
3488 9008
6238 7453
7519 9117
9129 9724
5065 8140
65 5437
5608 7669
8267 9600
8533 9862
5339 9083
7443 9912
4638 6578
3610 6114
8368 9119
9470 9612
5874 8557
1811 4402
2473 9552
9730 9985
9284 9354
3695 8304
3356 5569
1063 3372
7641 8422
4881 8662
2802 4214
7928 8232
368 5518
4342 4522
3743 8029
3642 4533
2843 6893
4212 5623
1538 3308
3353 9848
9604 9673
538 3257
2364 5359
6898 7681
2188 6036
2005 8967
8458 9833
8679 8716
2259 8692
3260 6548
5924 5982
9412 9734
6694 8393
2994 4324
7511 8949
48 8237
8277 8748
8249 8548
8352 9920
3047 5395
2136 3563
5458 9940
5288 6316
5276 5685
1806 4475
23 351
2114 4880
72 774
2766 3060
9584 9928
4968 9477
8007 8555
3271 3677
9016 9603
5281 7848
6458 7055
773 7329
2243 6056
4785 5419
7549 7673
4554 9482
329 2760
5385 9840
485 4577
5713 8330
5619 6976
2825 4345
9807 9895
245 1104
3613 6547
4525 7397
1728 9130
8312 9112
4512 6347
4484 8320
8106 8403
7212 9206
8651 8898
4649 8503
3575 7191
6487 8298
234 7446
3679 7991
7006 7568
9772 9843
9722 9824
9787 9838
5296 7540
4921 7322
5859 7474
938 2715
1537 2847
4374 8551
6595 9573
1223 5313
8199 9665
2821 5781
8814 9098
8753 9435
9741 9786
6888 8569
2992 6707
5210 9925
6532 8085
7671 8781
1577 4523
3874 8829
4798 6107
3380 3726
8196 9391
6326 8223
3542 5116
8419 8690
9651 9930
6269 8730
4472 7944
7636 9101
6050 9394
3602 5095
6683 8647
1088 4469
7266 9069
6366 7645
7209 9793
4162 4696
5717 6736
540 4573
5199 7698
582 4013
3674 8539
6481 7248
5581 6612
6174 9598
238 4598
3980 6225
5456 7834
9946 9965
9017 9097
6135 6636
7018 7477
5255 5822
8684 9704
1875 8999
363 9953
9647 9676
8592 8827
3019 3474
6239 7242
4728 7198
1838 4124
9153 9652
6310 8672
9013 9429
8282 8504
230 6542
1887 4443
6787 8884
7704 7907
3590 4835
2234 3213
1184 3787
807 7057
3436 6697
8522 9916
3955 6385
8708 9225
1366 9473
551 4300
8939 9663
5793 8109
7235 8718
6381 8763
1927 4488
4031 7915
3256 4547
6719 7554
724 3185
3266 7854
3908 8276
7946 8461
7714 8463
69 5815
1091 5010
3300 6067
142 489
6899 9324
8558 8667
1833 8151
8296 9014
4620 6868
7630 7857
6070 6402
3346 7959
2946 6159
4302 9496
2869 9998
9852 9971
7020 7333
2649 4521
9589 9618
3769 7917
3486 9374
8216 9956
290 4991
4221 8813
8869 9042
3265 9172
2937 4624
7410 7436
5259 9405
7779 8391
3306 4692
8177 8338
2350 5512
274 4270
2861 7810
1645 3797
5343 5766
8343 9748
7573 8234
189 7587
5580 7144
3772 6656
1554 9739
2888 8599
68 823
8594 9493
2726 4589
8134 9696
7938 8525
8082 8455
6623 9751
1697 5451
7975 9381
2939 5162
7061 8407
4068 8083
141 6049
5336 9544
7921 9892
2394 4582
9620 9988
5246 6480
3953 6343
6037 9580
6988 8097
9241 9527
7039 9107
563 8129
8976 9227
4613 6616
6966 7937
6631 7598
4477 6021
8794 9408
2166 7986
2930 6978
3670 7820
8951 9223
8040 9396
4600 9170
9019 9406
7185 8750
4310 8688
9581 9803
6008 7224
814 7455
6184 8451
3240 7878
4446 5006
6071 8587
8642 9875
2663 6302
6892 8425
7063 8229
8135 9400
7807 8326
1212 6251
2334 4947
6799 9547
7945 9562
9064 9963
3840 5160
6725 7434
3087 3761
8269 8685
5100 9055
5699 8720
5828 6252
1437 7088
1084 1639
5827 6958
1810 4693
2324 2456
3023 5139
2238 9991
2196 9297
1961 7086
5233 6401
4151 6140
5122 5462
9575 9657
9678 9703
3135 8156
8937 9555
1476 9057
1607 3829
6394 7075
4025 4672
2544 3107
9035 9139
3364 8365
3534 9196
9204 9379
3318 5447
5070 8929
3608 4967
2535 8975
1946 9060
2959 9078
4065 9675
8564 8808
7620 8226
6052 9403
138 2996
29 6873
4499 6905
131 6820
7192 9656
6710 8031
2571 9532
7115 8332
4391 4734
4468 5733
1466 2555
3378 7103
704 8583
315 597
6679 7563
6956 9152
307 2457
89 6865
4114 9327
7777 9831
7483 8310
9961 9975
8983 9923
6065 8039
519 6275
1975 5561
8187 9209
6775 9861
4519 5998
1237 5364
167 6886
4298 4923
4647 4985
7157 9716
1102 9792
5446 5843
8528 8914
7548 7835
8358 8371
92 3369
1056 2263
2926 4917
2991 8803
3535 4971
466 2042
6461 8357
5832 6566
3224 4747
5866 7010
2381 3766
2969 8027
1305 2076
1432 6713
4011 6708
3385 3645
467 3508
7283 9611
3384 8046
8125 9252
8021 9210
2846 8995
6533 9586
4854 7893
6453 8291
2756 2932
2749 8431
6045 9537
5022 9634
9062 9127
9854 9863
2256 9380
7555 9300
6818 9302
7786 8496
3404 6714
1543 7550
1313 2389
6964 7765
6397 6403
3001 7730
2603 6809
1294 4640
2145 9632
2397 6864
5063 5182
802 8020
523 1357
1302 8285
1652 7114
3661 6511
7376 8093
6242 6960
6901 7391
286 3124
4296 7720
2601 6282
687 5317
925
1115 577
8934 4675
4839 4399
350 349
9976 7759
2734 2143
3887 1608
2008 181
9047 801
5755 3036
3229 939
2765 2648
9293 4168
3886 3294
2085 1477
6115 4705
4875 1019
7369 1324
1343 575
5753 557
5870 2424
239 194
2638 511
4127 172
2924 2204
1330 469
1257 1238
6126 3252
8610 4643
1341 928
3729 3089
7536 4977
2900 126
9504 4139
7745 97
1759 152
464 217
226 198
76 24
9096 2620
6111 5256
9669 2026
1005 589
5212 4331
9025 4676
7791 6859
2772 2420
4949 2954
5142 3860
398 375
7258 1591
5604 3064
747 645
1066 403
6083 5183
881 261
3244 2021
2878 812
1983 1637
8772 4325
4659 4548
3994 1398
3701 64
6064 1517
1307 1
2446 98
3680 58
7638 5008
8880 3149
7403 4628
1484 924
6526 2559
3153 1491
3230 873
9317 5012
1420 857
6592 2957
4283 1984
5337 4604
5378 3985
683 305
5346 528
5060 5005
3588 1700
3487 1133
1511 593
259 12
4541 3753
4846 2575
2461 1508
603 6
7782 565
6245 3117
6112 5494
5397 948
4158 3305
4188 987
3422 2448
7033 1197
382 57
826 334
4234 1099
2450 1478
4492 1021
1641 1042
4004 134
5249 2499
7173 1831
5466 1613
2309 708
4458 2982
8453 5271
7557 2997
5675 3846
4709 749
4539 1922
542 362
3675 150
2249 2069
728 618
4648 744
2235 2036
9605 2121
157 8
1552 180
634 620
539 296
3272 2346
5558 5431
8246 3514
738 420
4900 1381
3550 281
225 11
8954 8460
7526 1593
1971 182
1100 104
1832 1749
2214 1991
1548 143
1520 990
2887 549
2271 1459
9809 4033
759 326
9423 1471
8862 8354
5298 1220
7999 2480
9781 8819
266 249
4622 846
8532 5855
434 345
2284 1682
1120 33
7774 1176
7541 1917
6895 5700
331 102
8629 2440
5320 2161
4437 3780
8523 709
5243 1046
7559 3755
6436 114
6883 2673
8996 6314
3733 163
317 86
9413 6240
6072 1455
2061 1860
4307 988
9519 5739
8526 3923
1186 161
8100 3291
3864 1776
8042 5963
3131 2281
1243 799
4225 2025
6417 1014
3640 1140
7871 6220
5614 714
2671 1327
7493 4776
905 648
7058 4193
1051 44
7912 6373
8169 1777
3633 1473
2329 649
2300 1606
3946 2090
3581 1791
5016 1300
2676 1513
6598 5770
5310 3828
1191 1152
2894 209
3924 1599
1273 574
1924 1404
4076 1746
7841 2654
576 46
3730 3447
6235 1001
3702 700
5226 1578
2989 2645
2515 1143
5752 5510
3329 1603
8117 3639
6495 4984
9979 7936
9370 1918
516 353
9340 3355
3105 1298
3913 3740
423 231
3484 2967
165 20
1494 922
1439 667
6904 4584
1460 439
2419 755
7274 219
7003 2159
9411 650
7323 5327
335 279
7603 7586
6467 1677
7402 2952
4259 3807
3996 3593
8059 2359
1882 1763
4507 2940
4233 2912
5363 1650
2951 1044
6967 1518
5630 817
4421 2943
7282 5983
5804 13
7883 5105
1841 448
8305 6698
7980 6485
3557 681
2683 1387
6668 6667
5383 606
659 106
4249 1059
4263 2225
3094 604
1245 878
5497 1636
3941 3722
4067 1065
6640 5109
5390 1623
9230 2207
9390 884
5475 5030
3717 727
6726 1443
8152 147
3598 2163
6348 3885
3077 2210
4080 2774
3111 127
2761 800
5836 4637
916 573
3195 1187
2625 1137
5204 1350
9556 4368
493 373
4346 569
9712 918
3337 3275
5033 1762
4720 3073
5269 654
8509 6874
5247 4048
6329 1668
5696 4311
3768 2528
7576 5677
4603 3957
4926 2070
2039 1028
9713 162
1733 1309
4287 4207
6734 567
983 734
4427 4144
1863 1533
3962 2717
9282 2862
4934 1358
2445 1848
4797 1394
3079 1070
6272 1597
3891 1011
5953 318
7439 6604
297 82
2945 2147
7806 1583
2955 1997
6212 1572
9464 7428
5089 2421
43 16
1826 341
1542 754
7766 1345
4820 731
6427 6080
473 312
750 344
5345 1905
7076 4735
8186 7688
5368 4852
657 221
2181 1457
3377 56
2378 96
4802 3524
6193 6024
2423 1564
5762 4617
2089 1453
4036 236
9180 1438
9818 6280
9877 6157
8993 4118
9111 292
4616 2180
289 183
2976 1317
636 615
4266 2504
8204 484
123 80
5015 93
8350 2694
2556 59
2902 1792
533 282
742 478
7740 1456
1864 937
3697 412
8104 2880
725 680
5407 3269
4190 4086
6409 1113
3169 2255
2142 10
6922 4724
4456 2484
8891 1400
885 280
2927 1023
3267 1702
5036 2566
3894 965
4424 2578
5476 2711
7542 1582
7966 4502
9774 374
9058 3949
3440 2035
2313 1097
7136 419
4370 768
4716 4618
3082 483
1207 456
1109 844
6803 758
7534 6887
1474 1074
3800 2808
4321 2371
661 324
3988 3812
5024 482
2226 788
5915 4486
6009 4019
926 706
3785 1720
5441 2886
1632 877
3148 529
4694 4528
6782 5302
8851 751
5611 1092
2500 2144
2370 1941
3109 1168
7790 1880
8440 5031
5610 4663
805 310
6506 5969
1022 404
2127 627
2871 2660
4304 4253
7014 2247
4915 3687
8348 1354
1618 997
7339 2019
73 5
6432 5168
5434 4687
1076 989
8456 5410
4646 4119
6863 1987
6455 1249
2509 1353
1121 224
8655 5429
9341 1919
3783 2682
5161 2647
4683 783
1679 415
7969 30
5697 1512
1093 124
4833 4578
4066 1344
9742 229
9528 3578
2194 424
6615 3658
7386 6374
2349 302
2928 1938
7625 1893
7785 7438
1707 735
9452 3233
6498 4240
892 506
4027 670
6005 2098
9056 2483
2122 1428
1912 37
4322 3245
8302 6503
4439 3251
6486 3938
5194 3388
6396 3513
8559 4318
1475 925
5679 2049
3053 1496
364 338
6188 830
1862 1123
6703 1992
785 438
4390 1378
5532 4807
453 356
9935 8167
4927 4426
3950 471
4774 3477
5741 1452
7343 514
2357 979
8664 3738
9981 1788
5809 2598
2539 970
4483 672
6030 3676
643 410
6553 2865
1748 566
3137 1547
2820 770
8153 6259
1929 1130
7237 2050
1590 660
5893 4096
2510 71
7205 5489
5694 3437
9176 7738
9765 1414
7302 6945
671 454
5090 4166
3469 3167
7844 6147
3007 2344
3990 3961
8757 5076
1799 1725
3021 612
214 205
2242 1402
5566 2983
9005 7452
1208 111
3033 2414
6011 4739
5854 3129
5801 521
8663 5318
6500 3671
9506 6696
2666 2529
4775 4765
5873 5461
1710 1053
4369 4111
8777 8495
1910 753
1977 28
3407 2023
6915 6810
6206 2548
5910 923
9213 5872
7957 6919
7442 3494
9936 676
3504 2737
8724 5309
8524 2564
2044 393
8581 6647
4821 4549
5577 4493
3977 2708
3344 1769
1998 1758
2631 1391
4292 2430
6104 3989
5973 2956
4907 2299
8183 4657
8987 2816
9952 3777
843 301
5830 3654
418 291
1954 1286
4825 2270
3470 1214
7156 4526
561 260
2508 841
5716 5215
3246 1600
2146 1124
3123 1867
5711 4205
2007 1655
3775 3576
2411 913
1499 623
1164 430
3115 1741
7692 5949
2693 1820
3042 1989
4186 1722
4277 144
8116 7713
381 285
3320 3181
370 275
9876 4034
1464 607
8467 864
4634 66
7229 5795
7394 4811
5114 1233
6641 524
1230 67
1673 502
4106 1684
4103 3621
8222 6768
3771 2015
6737 4023
2351 1409
2863 2360
203 109
366 321
3779 3307
4837 4799
7951 2745
6618 5165
3638 2083
2920 2505
4389 1335
9314 7373
5684 1584
7430 5568
6829 1626
2075 871
8863 4257
4219 4097
9332 7468
2702 1395
8516 3102
4639 3611
5592 3299
339 125
5625 3126
2376 917
1854 119
9240 14
4491 3842
3201 1153
9166 4152
8161 811
9460 7220
6837 6723
8735 6298
103 26
5799 4995
5722 3781
2977 401
1015 510
2532 1222
3754 2074
9171 4701
3731 495
155 99
6513 1054
9808 8480
8507 159
4179 390
5394 2004
3736 3403
3574 447
3268 367
825 688
7543 6426
7514 2431
3622 2587
4677 3700
6999 5369
3497 2006
7489 6794
449 325
7617 5633
1442 1145
1751 1355
319 177
1527 475
5788 5681
3471 1943
5712 849
7190 5701
3216 2534
7238 6306
9828 8715
766 115
5352 2918
5032 4847
7304 646
1495 207
4132 472
1940 1163
1405 40
716 586
1292 408
6808 2064
1770 1427
7755 6680
9313 5978
2657 1389
9524 1036
8090 6814
1657 1192
3636 90
8577 2471
9738 3166
4334 2975
1202 376
8120 251
4213 2811
3956 2088
2477 2055
156 85
4711 1816
7259 4245
3688 3538
1617 947
4829 4704
3509 1433
9534 6098
1587 972
1316 640
9484 4138
4056 2597
7423 5241
5169 520
3565 2672
258 42
8415 7406
9347 2260
5540 2896
4053 3503
3820 2412
5831 4236
2490 2231
5048 55
2307 1108
5718 1337
5113 4043
1878 772
2498 2273
1966 996
644 190
6527 4165
7390 427
9080 5940
5869 2165
3506 2488
7974 6774
4866 1951
6510 1261
380 158
7275 6995
5841 1812
5782 852
6755 6318
2153 599
4827 2882
8617 7920
7393 5706
61 18
6145 4150
1244 153
8260 6953
861 206
3839 2318
3586 3498
8646 1857
7556 515
6063 1049
5967 5574
1757 277
3793 1375
5295 966
481 395
432 107
6965 1194
3286 267
5927 4612
135 129
3324 154
2201 244
6200 5749
3350 88
8991 4116
4379 1239
2296 2173
8889 1897
1241 391
3074 2198
4956 2768
4990 1731
4980 2502
9138 1349
440 218
4779 4703
3247 3142
9826 7565
1926 118
2248 359
8420 4591
5897 5792
397 284
7670 4569
4932 2466
3725 1656
5308 1775
7891 931
8798 7909
7894 2
3970 537
5631 5505
3382 2268
2203 1676
5645 1781
8561 7637
1550 1161
4860 385
3626 1808
3904 2345
821 108
4309 2342
8307 5860
452 237
2705 1963
3010 851
4305 3606
6066 2308
2096 1787
3919 300
9513 3612
2418 196
3584 3067
2748 2721
5377 2538
3984 3605
3892 394
9837 5331
4174 47
4506 1062
6213 3915
9445 8717
3476 1999
8805 1575
6296 5443
9416 8736
7047 3657
2565 2454
4250 3163
2859 1159
8073 7298
4248 2931
174 151
5565 3442
1858 1780
544 352
1873 1661
6355 5789
4014 513
6929 5553
1956 215
45 27
1828 1242
7803 1861
7750 5040
7338 4121
9151 6914
7022 4513
223 178
1592 1169
8262 17
7013 4817
3744 112
1840 968
7012 3512
9304 8909
8989 3192
3870 445
9723 6055
4408 2365
7000 1510
8258 3690
3070 914
201 62
8714 8206
2735 976
3763 977
422 379
7818 2567
1644 199
5481 1768
4722 3234
2353 2134
7085 2579
6971 2167
4171 3630
9495 5964
1931 191
2674 2032
3615 3548
7809 2966
2135 594
8641 3127
1519 1025
354 242
2804 2212
4440 3544
2699 1601
