787
5128 7600
9429 9589
6282 6497
9992 9997
2708 7157
2568 5819
8407 9120
8929 9486
3186 7735
6872 8062
2133 9200
9919 9961
9640 9871
7323 9653
7242 9287
4269 6590
7944 9036
2260 9325
7140 8909
1106 5223
7370 8591
1208 4561
7545 9726
5196 9649
6855 8220
7168 8089
5456 6440
9482 9484
4098 5378
9219 9909
1333 2886
5075 7458
5129 7454
6206 9788
3080 8942
8595 8899
6363 7581
7895 9968
8248 9033
4558 4722
7728 7729
1927 5189
6411 8035
6383 8555
4313 8059
2126 4029
4406 7887
208 6000
4258 5430
6017 9216
6410 7753
6904 8272
2296 8523
5306 9980
9712 9986
5341 9132
9563 9766
2548 6256
3424 7639
5031 5995
7547 9307
6032 7837
9710 9912
2407 7958
5621 7705
1600 4063
3002 6283
9803 9850
9435 9974
1599 6479
2024 7257
7658 9100
7768 8983
3615 4893
5068 5893
8574 8581
464 2592
7495 9303
9673 9806
4191 8471
5347 9082
8184 8937
3437 5715
2513 3353
695 7091
7465 8265
2394 6321
4012 5416
8529 9446
4356 6400
1961 2180
1553 5788
1308 8736
5250 8235
4178 8676
3780 4164
4687 5599
3598 8577
1429 8473
8884 9876
2332 8010
7313 7335
9372 9551
3372 6454
2711 4946
445 666
9580 9991
9079 9758
4016 6939
2252 9255
9719 9970
3476 4441
3767 8206
6683 9568
8661 9253
5935 8823
6861 8208
3751 9112
8122 8336
4185 6260
9177 9392
8800 9349
4381 7268
9916 9960
7463 7630
6341 6408
674 4884
6371 9048
5643 8415
4276 4463
6281 9955
455 1787
5863 7493
4003 9134
1437 5305
9284 9617
275 9558
5393 7066
1528 4374
3805 5244
6324 7917
8681 9214
592 866
3951 5326
5227 9943
6245 8944
186 4149
7330 8233
5303 9229
4676 6368
1211 9148
6862 9674
8587 9840
2340 2379
9518 9984
3370 7778
8476 9309
5925 7885
8388 9988
1702 2067
2650 4694
336 2129
1 9317
4013 6677
4521 9381
1807 4220
1346 3656
309 8538
765 4038
3650 9691
3487 8838
7416 8008
8289 8675
7607 8130
5332 7952
6188 6354
4253 8115
2351 9090
2902 3314
856 4580
1085 5520
585 1863
9275 9496
9854 9925
5677 6505
3690 8479
3265 3374
4152 5191
3045 8077
5983 9768
3048 7254
5533 9316
7933 8751
4632 8821
9026 9683
9415 9470
8015 9764
3843 8108
6949 7401
8467 9279
87 7072
8068 9395
3145 5656
4557 5825
5828 7000
228 1396
3778 6094
8980 9698
6145 7536
3183 3423
8281 8410
5299 6890
9859 9911
982 7509
1829 6900
2155 2651
5608 6631
7392 7797
4378 7390
5162 8567
627 5009
5685 6563
8385 9391
1837 7327
1651 6719
6122 9564
2173 8169
9182 9417
5655 6257
5650 9335
8194 9127
5631 8209
354 8541
4742 5580
539 2826
5625 6025
3200 5003
5635 9254
3023 9373
2181 2992
4875 7586
6053 8786
4325 8482
5365 7388
1156 7653
4385 6319
3599 4531
1129 2075
2139 6942
8254 8446
1643 7252
1477 4413
8205 9414
2040 3216
516 3949
8835 9053
4707 8950
5213 8223
537 4005
35 2239
7080 8717
6403 9038
7731 8986
5296 9091
9288 9760
5072 9949
1464 2510
768 3249
4121 8624
7425 9174
1917 3945
9345 9757
9663 9784
5151 8453
7576 7588
1666 7459
6065 8797
3203 3329
1802 3082
8198 8865
4836 6101
6115 8790
7569 9577
2580 8123
8252 9824
7706 8335
1230 7192
3369 5443
5334 5361
2447 5813
8723 9667
5293 5372
144 9089
3244 7524
9285 9708
1096 7286
696 5652
8242 9251
3211 4209
548 9688
4347 4987
4645 8829
6385 9740
242 9454
2561 8714
3191 9762
1825 9161
1876 9501
4094 9114
2655 6580
3874 6605
6723 8852
9880 9994
9197 9292
8318 9375
8349 8833
8345 9064
3628 7231
5856 8770
7082 7727
4844 7741
4683 6014
8384 9573
4428 5274
351 5926
7181 9506
3882 8301
6435 9097
7965 9632
5057 9422
6707 9065
8032 8401
9263 9318
6314 8182
5252 6705
6442 7374
9544 9671
5357 7429
4126 7052
5956 9739
5835 7946
2214 5954
9411 9944
7843 9083
9689 9990
8898 8932
5454 5889
6656 9601
9351 9421
9823 9832
3840 7747
2375 9814
2647 4761
9608 9967
5594 8421
2581 5550
9837 9858
9070 9327
9187 9530
7740 9804
6079 8787
1330 5226
4237 6071
6089 9741
4962 8607
109 1122
9281 9505
9537 9906
6459 7790
7631 9115
8315 8381
7871 8528
1420 2466
1323 9198
7988 8622
2856 5524
1006 5425
8924 9430
9258 9856
6572 6930
1991 2210
2140 2704
7671 7744
889 6721
7774 8261
1525 8140
2098 6109
6708 8322
4794 7028
1782 2861
5093 9874
280 6661
6581 8396
1227 7004
1485 6735
1649 8843
1797 8493
3935 6132
4961 9223
9365 9659
6428 9133
7515 7553
1285 1363
1412 6355
4247 9386
6948 7860
379 6920
7073 8811
1684 2217
320 3647
658 4439
9168 9529
6922 7514
6917 8872
8324 8952
1791 2371
3877 8667
8755 8927
6374 8728
4725 6301
3725 8448
4518 6924
3611 5618
5544 8192
6343 7412
3816 5994
5417 7410
376 2903
6652 8216
4268 8203
325 5911
1358 2607
349 3274
5231 6582
7015 7083
4203 5088
689 939
5555 7845
7053 9400
1577 8836
1852 6886
576 845
1558 6463
6009 6538
8422 9137
6203 7092
6048 7271
182 2399
6305 9514
677 2966
1090 8425
3269 6598
7696 8696
1032 2055
8654 8828
8126 9116
2289 5493
4137 7085
3418 6267
9728 9901
1116 5264
2004 5410
7745 9896
6358 9843
2657 3783
7296 8165
5662 6971
2824 6574
6005 9259
9487 9793
7674 8262
3281 5327
9549 9578
2026 5202
9995 9998
1145 3268
5840 9291
4062 6633
6694 7710
515 954
7014 7173
5725 6293
4201 9789
5843 9963
5816 8128
6232 7616
97 532
1531 2149
2367 3586
9844 9948
1795 7969
2774 7535
1023 6528
6821 9010
2465 4641
7262 9012
4784 8648
936 6830
1265 9212
7657 9930
2312 9023
6623 8571
1816 9416
6844 9711
6583 6648
8116 9233
4945 6999
3579 5030
4500 9626
3283 9623
9027 9125
1239 9700
619 7838
1655 6436
167 1056
7874 7967
8273 8431
9606 9869
5943 8451
3604 6929
8075 8549
404 8227
5021 6620
3313 5674
7990 8771
3869 7423
2461 2948
1342 4779
6489 8801
1133 7791
6810 7682
8468 8873
4706 9017
8748 9225
2384 4971
490 2118
5478 6863
5682 5830
3452 6932
1453 2101
1304 6112
8011 8682
6151 8601
6781 6882
8729 9969
8131 8507
5195 7469
9586 9597
4250 9821
4954 5004
1844 7675
7617 7632
5097 8759
3648 4112
5145 8858
699 7224
1212 2051
8589 9268
7673 9492
7661 9972
452 1855
2551 3664
1461 8197
7647 8967
1780 4803
679 7205
5888 7212
5573 7222
5757 8885
7281 7301
8857 8993
9645 9935
8232 9552
6210 6241
3536 8841
7644 7702
1535 8460
5615 8958
8753 9320
189 8765
1048 3047
8432 8434
6566 7809
8161 9819
2292 7997
7424 8241
7215 9599
4048 6912
7795 8747
5857 5933
4592 8922
6965 9444
988 8705
2866 6484
1676 3102
1744 3065
7011 8866
2919 3612
3981 4583
1872 6611
8 4146
2335 9672
6468 8863
3383 4217
7985 9286
5779 6446
8172 9792
4155 7690
4389 6908
3826 8160
3501 6988
2072 5737
6540 9848
5321 9897
2586 8741
1072 8025
1521 5216
2629 6954
6615 9426
203 9796
5123 9521
9449 9651
2202 4176
3094 5295
6487 6609
7235 7399
1656 4653
5847 5865
2137 6080
7920 9364
9610 9851
3565 5333
7840 8773
5556 7183
2297 4067
9166 9596
1170 5140
39 2342
4786 6597
7858 8085
2187 6717
9075 9191
1503 6513
360 4845
5965 6732
9283 9354
8119 8896
9476 9516
5292 5818
1731 8472
7171 7608
7846 8634
2556 3015
338 3813
6840 7720
2402 9135
9644 9731
9787 9889
8721 9724
8098 8513
7276 8562
4661 7186
4671 9562
6758 7936
9245 9457
346 7942
382 7312
2545 8894
862 8862
2183 4213
998 4440
1470 8284
857 9582
5203 9230
6565 8779
2748 5871
9071 9945
4175 6127
438 1940
5419 6486
9978 9996
5989 6088
1339 6299
6344 9370
246 399
240 1762
4938 8659
8053 8546
4144 9754
2875 8047
7980 9350
777 7062
8580 9086
7090 7551
1250 8769
1975 6480
2528 4376
9734 9918
72 4656
5121 7966
5418 9879
5973 8694
9630 9774
9532 9629
8605 9000
3409 8999
8633 9810
1264 6298
1252 3198
427 5409
8007 8357
3349 3449
183 489
2822 3982
2544 5624
9716 9845
7353 9770
4673 6911
1936 2883
5997 9921
7175 7360
8702 9533
9526 9799
8022 8433
1646 3572
7457 7695
3955 6220
1499 5436
5579 5772
1089 2039
2706 4534
5449 8970
9051 9910
9111 9923
3361 9015
9040 9584
645 8028
6448 9670
4886 7517
1031 3460
8997 9242
3302 4880
825 2228
9024 9977
2738 5460
5998 6020
6227 9773
9849 9928
3143 6667
8288 8813
6091 7048
1037 9324
5734 7316
2609 5660
9474 9936
2639 8834
4738 6100
6318 9147
7743 9039
4843 7430
758 9199
8488 8905
2227 2724
2790 8310
8766 9098
2703 4073
2337 9247
1987 6521
5241 6121
4097 5962
4901 6884
8594 9924
1659 7404
230 7310
5565 6066
3738 6655
3084 3811
708 3467
6284 8892
2372 5958
7667 8564
8121 8356
1500 7655
6181 8373
4181 4369
3596 4077
5936 7206
318
27 18
7627 6136
8279 7237
5680 2380
9813 2926
495 47
2684 668
4431 923
6311 2907
5575 1253
7100 5291
1909 680
6240 5692
125 28
8004 4122
3310 1340
8034 2454
3392 385
9376 916
1603 1017
2890 2103
8333 2809
8424 7088
2622 693
9018 6624
8225 253
7170 3438
7324 7317
740 462
6589 3067
4655 3645
9315 5348
4107 652
8602 2478
1469 258
8699 5102
6261 2869
1718 318
9305 7326
3547 2938
8045 4001
604 429
6103 4776
8154 5957
5586 4287
3398 2955
5247 4262
278 37
317 94
610 221
3548 2499
9707 9162
5986 1720
5085 4404
6450 6253
8846 8778
3153 44
2600 1952
7305 5501
3938 3149
7233 2003
465 134
3277 1478
4611 798
5130 4552
4550 1414
9868 3693
8575 3185
3639 3255
1564 1492
126 58
3077 2819
9624 2804
8526 7816
7615 6415
5862 1486
4069 2112
1606 219
3404 2914
4636 1687
980 625
6460 14
6569 2165
2550 1569
1653 616
7308 4928
1353 1135
5110 1618
5800 5735
8768 6372
476 356
566 441
3762 163
9298 8149
2094 197
9809 1806
2081 1381
6432 2968
1060 892
3170 2941
8296 1877
9574 4445
279 277
9607 4226
8093 2799
2533 584
3927 1093
3384 2145
3088 2474
3005 2603
8003 6490
3373 171
4861 1950
6431 3618
626 562
1608 1504
9389 6447
9531 282
4791 1546
3022 782
5364 2385
3276 1462
4532 4025
3558 304
2063 773
4802 10
3557 1061
4708 1972
1664 1394
3344 503
1128 85
9543 4193
6535 2110
2782 1724
4662 678
5018 1663
9481 8977
7826 5016
1041 51
1839 706
6779 1523
4677 2897
5899 1177
4594 1891
7716 2567
1640 1479
2404 1487
5098 770
4392 1933
9006 6915
8925 5793
4925 4823
2695 2086
8100 5058
550 386
676 128
5613 990
5532 4395
1451 1419
9011 2573
3229 1532
7904 1650
2605 1583
6575 4821
4682 1866
4283 1312
1082 542
2671 1207
6107 927
3931 3301
4066 272
1895 808
2487 288
3605 3477
5693 3525
3278 1988
1225 991
1969 643
6158 2505
7481 6568
2104 1257
3888 3219
3187 595
7748 2965
2151 769
4400 188
818 644
7468 5598
6763 1362
5729 960
1022 714
2157 1681
99 36
8475 3978
5727 1570
2754 1483
413 81
5008 4364
1428 1390
2383 733
926 720
3455 3195
817 602
2355 2219
7575 4790
9638 9637
6373 2739
1039 268
2763 1102
2433 1220
9541 3342
6645 5422
2619 1062
6823 738
2523 1179
4444 3696
2106 848
5000 4387
3845 1325
9384 3652
2893 3
177 140
4494 2309
4753 2975
1992 409
3254 1168
5600 1321
6979 3524
8002 5474
6246 6119
5431 4783
772 715
1788 1540
654 601
961 270
547 497
4135 2073
4616 4464
9461 3865
8369 2109
8561 2235
200 57
3929 1515
9497 8245
4407 1810
3434 7
6185 6004
3098 1272
2792 2484
5367 3575
8416 5999
1749 477
7883 2732
7185 5890
1799 362
624 61
7339 6799
3322 1595
1778 1576
299 218
7182 1953
2993 1597
9696 5583
9634 4998
4681 4129
5748 4184
2488 23
7934 135
3910 1900
8615 4499
6516 3179
9720 6402
3971 1001
9825 5529
9379 6070
2800 997
3055 1115
8317 5955
9642 4134
9951 7574
560 330
7016 1111
9447 5988
3399 344
5884 5505
7198 984
1413 161
6969 711
1226 806
9340 5886
4050 879
9965 2746
5488 1349
9993 1789
4312 2701
5786 3658
6501 4454
3004 1275
9170 6414
7751 4986
7126 2834
5135 3912
6977 6576
7891 1591
5612 3716
4078 194
1890 665
6537 5310
6641 4652
2558 388
7770 5452
1562 728
5377 2365
7817 6718
7800 5642
893 42
8231 4789
6767 839
