63
1196 9065
6360 8854
6751 8408
9532 9720
4478 7960
5252 5422
357 3380
7937 8586
2882 4828
5586 7679
2874 4919
1238 6772
5204 7195
3812 7589
7106 8916
7841 8629
3778 8199
4692 9631
636 1041
8729 9203
6640 7764
5805 7054
7492 9224
2021 2838
688 2706
701 6743
7562 9225
1981 5085
4319 9996
3481 7337
514 785
5679 9724
6764 7952
3242 6132
414 6527
5002 6134
1453 2592
1644 6992
9136 9300
2758 8384
7325 9231
5038 7682
8544 9502
2145 2203
1154 6535
2923 6702
9975 9982
1499 4848
6887 7081
1939 9908
7284 9164
6574 8267
1523 2932
4590 5041
4790 5812
3189 3340
8857 9784
6242 6795
6836 7163
559 8069
9735 9820
4440 5490
8051 9662
923
3707 1497
3910 3465
1526 154
6421 1192
6559 6033
1941 451
66 9
9180 8025
8416 428
2849 1761
2691 1070
9968 1449
3471 2005
6544 5604
9905 4886
4918 39
4350 1107
6703 19
503 324
219 133
4749 3634
3092 2507
2897 901
7520 3906
4929 1344
8557 7775
1591 1379
3751 3348
3606 3541
9657 2990
8785 7238
5350 148
2784 2437
352 315
2577 1536
6577 995
4208 1480
5963 3274
5524 1507
4669 2797
4432 2719
1492 1112
8814 8648
3498 1064
6615 424
6183 545
7588 2531
2878 393
4106 1747
9572 1781
6644 5221
696 255
2903 792
5839 276
9074 5652
7664 2689
7725 1177
609 491
343 241
4746 1621
5728 398
1645 1626
5704 4143
7663 4405
7967 7631
1665 1407
7777 6050
4294 1055
7552 5810
8537 252
850 237
5088 2366
7706 4182
2690 1967
1331 122
2530 405
2204 1244
9310 2065
454 96
3819 3126
8318 5547
6643 1106
8212 4163
8865 4272
4602 459
6724 5883
8702 2494
9836 5160
9949 6104
7727 2804
2374 565
8239 4935
512 123
9179 1137
1953 727
603 475
2595 1458
3370 664
784 766
9744 5314
8917 7772
8584 8524
1743 224
9473 2969
1443 1212
4292 423
5529 683
4723 1211
3601 1814
2581 2210
7721 2641
7348 872
2718 258
9539 5244
7017 4794
4727 3420
732 418
1989 542
2030 1220
2504 1995
1487 129
6756 26
1013 869
3591 948
4388 432
1901 1058
8468 6072
1627 826
9190 4026
2652 1756
847 655
1384 48
9608 2019
8560 2096
7974 7326
1253 406
579 456
5373 3177
6486 5118
3666 102
9420 735
578 21
7930 6493
9245 3413
5884 4532
5717 3753
3302 2524
6229 4111
2375 1073
4198 589
4413 3192
4849 4485
7824 5044
3684 1717
4231 3752
3418 112
4736 3513
1301 74
2487 996
5864 4396
9501 4619
5227 3862
1144 704
4305 1600
9213 7689
3694 2489
5562 5358
4249 1272
1700 1199
207 161
9706 4415
400 228
8600 6685
9943 7802
7410 6950
998 531
5067 1564
4620 2187
4012 2103
6761 6322
5239 956
4559 1813
5509 974
9800 9569
3930 225
7942 5762
8536 1930
9053 4027
1016 764
8787 6713
783 633
5917 2032
2171 721
5368 3949
2517 807
7000 5740
7561 4896
6987 375
7101 5354
5048 3342
1606 1131
3227 2158
3046 2996
4261 3124
2713 2159
3705 3547
1051 971
577 47
8040 5552
4528 1139
893 274
5546 2533
360 55
786 588
5107 3431
8057 5472
3094 991
4202 3392
1113 1046
8243 4214
9166 8369
8790 1495
2552 667
4971 2195
1973 729
9798 2854
593 212
9518 2128
8296 2135
8443 554
3940 3031
6516 6136
5030 4411
5408 1531
829 525
8738 6244
5816 480
8055 6232
8018 4466
3263 658
939 552
3686 1424
7462 4127
9369 1446
4406 2823
1691 951
7218 4521
9421 7854
4541 1852
4726 2710
6416 5431
5440 522
6255 2733
2188 1392
9634 5829
8117 5926
7409 1286
7993 1730
8160 7602
1661 1020
6382 4517
4468 2235
7458 1357
9406 6637
6477 5061
7880 1011
7819 4931
6776 3
8419 2887
521 369
4168 2191
8676 2152
1295 937
8971 7951
7686 3158
2148 167
8978 8486
8016 5589
1774 1111
4498 669
6121 29
4633 263
1843 687
4721 3066
2844 180
3901 970
1913 968
1656 880
1886 1840
3573 3101
9475 7426
3269 1550
6451 5696
8798 1946
9676 678
3992 196
1117 564
3107 1532
4416 439
9078 7131
3354 723
1043 234
8080 3800
3831 2880
528 109
6512 811
9527 6149
9703 5213
1148 1103
9829 2755
4826 347
7989 1279
4394 4336
7570 2763
7042 4957
3737 2373
3361 2819
4059 1726
1247 949
5339 4637
4044 1476
7135 6529
5925 4927
6363 336
3320 28
1540 1153
6407 5511
8749 8326
2664 1390
1218 38
2483 2406
322 17
2704 801
8294 3487
5055 3805
1999 1500
9263 8598
7003 4945
4025 1800
5503 3453
4926 3556
7450 6652
3953 1259
7830 5876
4621 4471
2326 431
1839 810
6565 4851
5775 1006
5355 3518
8874 4266
3993 3253
639 300
8053 186
9378 8253
2788 1230
862 601
7560 5025
231 95
4082 672
5642 3783
5138 1577
7599 1868
8429 4399
1797 925
1491 1251
537 202
3065 504
5572 5236
429 362
3074 966
5105 2632
7033 2057
2288 59
2129 348
492 31
4308 2828
9862 8642
7996 1300
7062 4568
6620 1509
1516 908
2492 256
1876 938
1569 576
1065 897
9276 8900
7890 1889
5600 2192
8758 1442
8664 6280
8754 4155
828 551
8081 4707
4547 3522
5489 1431
7494 3458
2954 1625
3043 867
2249 457
5091 43
9774 627
9958 1185
9644 9424
7995 2985
5366 2189
634 62
9959 9805
7266 4280
4123 2858
3902 1928
3858 874
8986 6108
4224 4109
8620 7546
7121 3286
4169 3217
8355 2723
1441 762
7194 5316
8554 8314
9103 3543
2973 2951
7905 3127
4229 3090
2647 1448
1030 247
1338 46
9670 8740
9822 2694
7134 4263
5856 3725
6391 1459
9278 5938
4676 319
4860 2820
1969 1672
7554 3713
9666 3226
8683 3360
8250 2701
3870 399
4276 2115
6723 4275
4083 1518
4069 3856
5693 483
7260 1690
2155 1956
3082 1269
827 363
3859 1040
2762 1146
6999 4006
5640 2875
9674 6549
1105 172
2693 795
4991 1121
4331 3861
3077 2724
4739 4425
9226 2126
7910 6572
8726 2826
395 392
7873 4019
6568 2663
4043 332
3182 1052
8932 8143
7976 2241
5286 1510
2736 126
4954 4821
294 271
7006 2194
6924 265
5808 1381
662 22
341 84
5455 5235
9567 5950
5380 2388
7907 6491
4597 1023
9711 1503
9573 7369
9599 7288
2110 574
4316 3927
8861 7782
3013 310
8093 4295
5317 4883
9022 1920
3786 2836
299 76
6214 4640
3416 455
6396 4900
8564 6215
2048 1159
5151 3981
1721 561
2611 1856
5318 4979
9209 4885
2102 1631
3450 3029
2311 192
1914 356
7641 1400
5918 3071
8850 1354
2987 2601
3229 2176
886 499
2795 679
8543 2301
9954 502
9643 6673
214 176
6383 3040
2398 1933
5881 5101
7513 6120
3764 3500
1128 631
4407 749
3373 2925
460 311
4825 3781
3167 1210
6895 5872
4114 3157
4385 2928
6377 1585
5668 3494
5823 2864
6184 5601
5086 3185
2359 4
6793 1101
2598 1505
606 321
6676 5943
3436 1323
7045 581
1012 73
3035 412
1118 465
9610 5579
2957 2543
9723 5450
9390 575
5154 510
1038 1010
3237 2583
8836 5508
2655 1719
316 281
3162 814
7068 5182
2476 507
6422 4582
8020 5801
5560 892
9693 6291
8768 3295
3575 1895
1022 208
4855 1484
9096 7855
2892 1316
3608 2565
8447 4328
9939 57
8149 6754
4077 3448
2022 184
1963 989
7762 4323
2714 980
9819 2747
5804 1108
5870 1844
5970 3372
3136 2075
230 75
7815 1216
427 404
6518 3644
9956 3154
9091 3048
3400 1339
8618 2514
2901 1511
4668 1462
5879 83
2775 705
7700 5720
8588 4786
2807 2660
4225 1423
6668 3180
7991 4453
4000 1167
3317 1751
6804 3979
9609 1869
391 171
686 200
1576 1398
6830 4612
5991 5262
1204 173
7596 4681
307 131
3187 2753
7470 5057
8661 3539
8617 5949
9315 7349
1226 500
5674 799
1353 1234
7303 3270
9344 8205
7019 4867
3408 2799
6499 2943
9504 728
1572 199
7913 3338
6521 4149
9069 1069
4578 889
4361 3596
8907 7875
7202 3645
1512 920
4795 2777
6153 6029
9304 8576
4192 586
2403 770
5403 40
8976 6141
629 183
110 32
3280 2512
1299 1124
4386 3298
7693 7010
7814 7638
6470 6014
6946 4068
2304 1240
8370 2219
9818 3874
4548 3412
6580 6227
5662 1432
9460 2211
8101 204
4441 1081
6036 584
9695 3632
304 151
6904 6782
3822 3777
323 58
2709 1845
6566 4999
9483 4075
534 351
440 218
9766 2493
3701 1135
9804 1036
9454 5089
1488 164
6204 3469
334 269
4846 4248
3609 1548
3441 2318
6446 2279
5779 1355
2742 985
9603 9472
1225 1087
8982 6610
5155 1514
2962 1799
6013 3799
983 632
4704 2776
7361 517
6926 2630
1314 295
1473 731
8879 8796
2016 722
5483 470
5008 2348
9346 7046
7248 3075
5680 4549
1521 935
3312 1998
9979 3434
1024 436
8888 5578
3836 1610
3912 3538
8009 7075
426 140
4615 2225
9305 9046
9598 6432
4171 1315
4675 3983
7471 6261
3626 1255
5246 1689
4090 3425
6511 630
4691 1369
1263 1045
9361 1063
6161 2657
1482 1428
2505 2105
9219 1082
8698 3747
5442 209
8211 1034
8935 7472
190 70
18 10
7072 64
5849 479
8029 4099
5636 5401
8182 1270
1329 308
4403 1217
8838 7879
3452 717
2942 665
4152 2414
4024 1681
4949 3204
2153 1411
7563 51
3600 944
942 158
445 67
2999 340
5036 984
6802 1252
8471 5280
6899 1478
1260 437
2916 2856
2463 314
748 92
9068 600
700 193
1706 834
5254 2948
6353 1391
1986 820
7884 2835
1276 1241
5391 3456
7820 7114
7069 2738
2025 1851
2061 928
1092 936
3411 2869
6488 211
7816 7572
1205 741
2582 909
6880 2536
6672 4038
3613 1836
8800 8431
6239 3688
8220 6736
6044 2423
5573 2850
2447 179
9551 2168
3520 2078
2167 1697
8864 2331
3208 2422
1080 668
5774 1738
3012 798
6142 291
5074 4093
6571 6148
7153 4833
5873 1095
4699 1855
5269 3815
8561 6199
6433 1651
5065 1720
7573 4713
8037 6979
1305 789
7987 7405
5215 4934
4170 3245
5541 1184
2185 35
8550 2702
7654 3251
9856 3952
2982 2917
3414 871
5394 5200
2720 1027
9542 8915
3853 1237
5661 5593
4584 1787
4047 2840
1294 1150
4530 4153
7441 2498
2166 699
3955 86
1031 610
9480 8548
5306 515
4138 2994
3100 3017
5479 387
1960 1859
5724 5676
4455 380
9635 1878
505 275
9639 8670
8513 7659
3989 222
4311 3318
5936 4185
7737 5498
9171 7501
4500 3266
8539 4911
3619 2307
4357 3429
1601 1190
1707 1612
1173 223
4494 4133
1079 119
325 105
2911 376
6463 4007
8191 1267
1867 1147
8089 7751
1926 1701
6283 259
1578 1363
4051 2156
3990 3814
744 538
1762 54
364 160
1892 1736
3779 738
5393 3919
802 466
9525 7485
6807 111
6998 3019
7100 3492
979 854
7296 2665
425 420
6230 2314
7863 5229
3711 1053
9998 9387
5657 5311
7858 654
7921 3962
5842 1896
6224 4156
4767 4665
8546 2590
9577 5119
327 289
4503 2173
2472 2097
4213 118
1533 713
5984 5534
675 472
1905 1467
7055 2549
954 136
8933 7983
2909 473
3950 573
7164 4529
7614 4088
3646 3638
288 175
6595 2570
4304 4176
