339
4442 7852
7744 9716
5380 6298
9083 9585
3539 4371
9201 9229
2097 8758
5213 9862
8498 9211
5633 5774
1353 2158
4680 5142
5499 7352
4216 4240
1212 3327
5788 9821
6501 8241
8483 9794
7463 8079
9506 9977
1205 2099
7842 9359
5043 9786
7184 8362
5005 7418
4253 6154
6100 7546
411 6143
4805 7964
3981 7582
6007 9514
256 9024
7926 9684
3237 9336
6238 8751
7881 8062
3027 9688
8428 8470
7828 9128
5843 9010
1421 3659
1003 1009
4560 6636
1538 5777
716 1027
2442 3935
2233 3626
319 6715
4081 9847
3963 8558
6707 7428
1517 5203
7231 8730
5304 6653
2558 4301
6153 6612
9432 9726
5109 7660
7848 8375
9208 9872
4609 4807
8368 9063
8105 9772
2505 7154
9503 9639
1573 7031
1325 4577
9354 9668
1521 7894
2029 6473
8521 9956
6245 8162
5699 8801
6584 9029
4210 9746
3515 5759
1333 9185
5892 8485
7560 9817
9569 9990
1633 2461
8163 9278
2895 8786
2382 4043
2098 7462
7007 8543
2593 7152
1612 2339
3021 4409
8039 9657
1048 1546
8859 9866
605 8823
2493 5544
1613 5934
1136 2245
5494 6388
9295 9922
4625 9073
9835 9926
3670 5956
1461 3593
8204 9394
6851 7157
3503 8431
9802 9869
2771 4078
1684 8764
792 3403
3002 4200
2954 7103
7347 8847
4644 6977
7877 8246
1865 6770
3766 7693
3369 8906
3 1265
6122 8645
6782 9122
8167 9136
1348 6470
227 2025
141 8620
395 9617
848 1238
1219 1354
8574 9957
2295 7109
8286 8840
7585 9216
5852 7134
5681 9958
2156 7100
6517 8352
734 6120
7389 8199
8458 9818
4360 7826
8194 9056
7649 8834
9752 9820
5653 6951
4011 7132
2983 4137
470 4977
8622 9555
4813 7260
5634 8135
2610 3373
960 2083
6567 8074
5442 9192
5691 5857
7147 7310
1902 3567
3584 5975
2768 8474
7910 8394
1141 6242
8406 8956
5584 9964
9804 9909
7615 8690
8051 8966
2247 8342
9286 9996
3606 5407
4303 4643
5111 6448
8947 9699
7570 9011
2664 3068
262 2476
2897 5046
1061 9536
7219 7986
1098 5227
5543 5549
1251 4112
7014 9778
9068 9840
4852 5675
3446 8905
2453 7009
7208 9400
751 1683
159 6802
8860 9027
7565 8724
6106 7544
6997 8812
545 7543
8560 9243
9157 9891
439 8245
2928 4037
4624 7258
6280 7180
6991 9135
9408 9760
7122 9547
2299 3590
7530 8661
307 7968
4281 9652
9631 9799
452 5400
7537 9361
7300 7972
1925 6964
6713 9782
2721 6161
3427 3965
4523 4849
9849 9945
3098 8377
5406 7048
9172 9870
3141 9729
8317 9607
2473 7783
5631 6002
3444 8602
2824 6208
5644 9542
3387 3868
2139 4793
2474 7727
4749 5790
682 4327
2056 4113
3772 8319
3790 7447
2569 7114
222 6881
5127 9576
6632 8279
7159 9499
5059 8141
9658 9877
4592 7529
8071 9642
589 7952
2052 4353
7026 9527
4823 7611
7061 7106
7519 7682
2998 8195
7569 8653
3071 8481
2477 7861
5302 6304
7107 8147
2400 2597
5214 6089
6440 7280
3736 6084
2138 2969
3018 5061
2028 5165
917 8348
1942 4506
6805 7282
7309 7538
2915 7618
9979 9984
8211 9497
2666 4994
398 9655
6355 9747
5233 9017
3671 7657
754 1485
668 9209
5022 6372
6147 9834
9088 9741
6416 8752
1191 8965
1665 8041
886 4814
5715 9856
8828 9912
5918 7924
2402 2452
2930 7531
9230 9414
7823 9577
6445 9350
508 4563
6709 7818
6503 9419
7533 7858
2690 6419
9380 9917
6716 9919
5817 8613
9653 9663
9373 9632
5896 8774
3634 4877
7740 7954
995 9022
5327 5886
2571 7717
1196 9586
2819 5600
6047 6795
3637 7976
5865 7384
8771 9758
1375 7351
7175 8870
5659 9450
7735 7887
6142 9154
607 2334
8597 8975
8004 8200
5979 6481
3336 3941
6771 9144
9992 9993
7971 8120
2384 9712
7598 7953
9293 9341
4330 6968
2680 6797
6177 6978
3370 8883
170 4194
9735 9871
6619 9352
4384 8921
566 9274
572 1268
987
6267 4451
2732 371
9075 6668
3034 1977
6879 2634
1382 997
135 132
7751 3165
4150 1758
9697 7431
656 25
387 42
9702 2795
5329 1775
5587 2100
4940 3886
6609 4455
9557 4580
1515 851
1664 1091
3019 2033
6974 2879
501 247
8659 5066
244 125
4036 3164
8788 7221
2808 2187
4217 2964
6555 1102
782 255
9365 9179
4782 2776
3268 90
709 634
7884 4141
1053 494
718 462
5446 5030
2907 1957
32 11
66 29
4166 2406
2351 2143
7238 3940
3871 2170
1600 666
7869 7644
4966 4372
5487 471
6074 4679
5488 1270
7871 5101
7508 1790
4608 3233
7774 2067
8783 5976
1002 415
887 151
8 5
916 283
6585 4684
705 599
6144 3392
4193 3085
1122 590
804 124
6662 3115
3338 2066
3980 909
3350 1986
9013 6889
9248 3732
6427 5173
877 841
7807 5709
8061 4197
686 153
217 89
6535 5917
3855 460
6064 5467
2725 1374
8056 6549
9406 5623
7302 3985
6108 2342
8523 7590
7287 2273
7064 2709
8043 4773
3337 2963
6560 3934
3988 1739
71 2
4009 2301
3809 1184
2598 2136
6614 5238
3703 380
1346 364
6191 2793
9715 6572
1967 101
1987 368
1670 1654
4559 3468
4734 17
5530 2926
4225 1990
8782 6550
1541 1209
5683 4077
5156 2448
9742 9358
2396 1454
477 130
6256 541
3055 1041
5510 3647
3523 3445
4955 3142
374 15
72 59
1208 290
2818 2705
5115 5038
2016 67
5630 1855
1611 288
5188 4128
3791 9
5450 3010
9948 356
8346 7220
5496 737
8531 2783
3223 2611
4114 197
3695 1539
922 440
2506 1949
8582 6234
5034 479
6992 530
152 16
4136 1072
7553 7272
2096 232
7536 6890
8656 1231
7904 3393
798 128
4879 3920
8272 4919
7912 4820
9669 5657
1921 1481
1699 948
8875 6908
7854 2608
3966 1398
6814 1754
8621 5273
4286 2770
8270 4461
6666 3017
7932 1882
7961 3251
818 349
6214 2486
3349 1929
8899 4568
8892 5138
8995 7679
7655 422
3255 956
6598 3723
5153 3200
4450 478
6539 3309
6722 292
5205 3429
6171 4662
1922 117
768 434
9402 2568
5579 1171
9391 4774
4331 4218
4276 3648
1015 123
6529 5645
1257 710
9823 1335
8866 1720
8255 5297
9572 5193
6711 6013
1174 987
5347 1266
2211 1261
4336 325
8101 2794
4102 1479
2510 2030
3925 1993
8188 7741
2547 1845
9041 2627
2513 549
4888 2699
6833 6058
1572 92
4595 1598
2758 2027
8987 6370
3476 2137
5171 3005
6204 1839
3421 1566
7348 1928
3607 812
8430 7674
3545 2310
2106 1866
9310 5028
4149 3250
2784 1240
1766 869
884 524
5984 3015
2745 2341
5728 2023
8294 3033
7880 7706
8938 1860
9252 4649
6365 5074
1819 1200
404 397
5359 3676
5524 4308
808 554
9949 2956
9466 7732
2635 2457
9483 4348
2484 502
7054 3449
2058 852
6578 1090
4242 3095
5850 5255
2236 2051
9601 1836
4656 3320
977 581
1299 1125
8301 1837
7612 1068
4723 919
9807 6196
681 191
8827 7690
1778 1133
4558 820
291 234
3947 1193
1166 764
7359 5355
6019 3610
3004 2435
8908 6827
420 273
2898 1482
2944 1494
5389 2075
2291 1110
4731 2761
7502 4910
8262 3180
8126 7005
5583 78
8128 4259
2914 10
7937 528
7045 1190
992 941
7071 1858
3911 1306
4817 2085
6942 2131
9050 1401
5116 3969
1451 28
6577 1776
2588 447
7803 4623
3699 3167
9196 8500
201 88
3040 2391
6272 5682
4002 115
1456 525
3864 1143
1565 839
7654 2507
467 19
4063 2775
3351 711
6704 3418
284 26
1323 707
8554 6469
3083 2893
3576 342
8009 2712
6712 1168
4553 3624
3262 1113
5690 2122
7563 120
2576 1815
2863 1252
8744 2714
3311 971
5608 1844
7490 4880
7889 3448
4970 2765
2921 1303
3285 2986
7970 5291
1868 1465
7580 2920
2587 927
9385 1030
9453 8907
2773 955
7079 2063
609 359
1770 497
6407 5120
5260 1131
9282 2852
9826 616
110 14
328 208
4478 1085
6945 2994
4204 1408
6692 3178
339 213
7443 3832
4802 1936
9327 5504
2537 2219
1466 829
6035 4571
9940 1228
455 375
7255 4657
2201 547
8638 7328
4357 1788
6826 2539
9328 2274
2961 268
4052 1320
567 114
6460 5749
8832 6435
4784 2726
4801 4088
3196 2831
3472 2234
1047 580
1084 1011
4354 193
9218 4901
5280 4359
1170 964
1795 533
8765 2353
3069 1559
1222 893
2011 1933
8145 3771
2165 1128
4847 603
4181 3411
676 612
5735 5435
1269 350
1760 336
276 158
5220 1859
1586 1051
2656 672
7920 2223
1692 393
4730 632
9032 7039
8721 1996
4652 744
6669 5903
8569 6789
584 113
9602 6769
7624 6878
7680 2640
1150 631
1457 1032
2647 2466
1066 957
1863 933
8584 1874
8477 4683
6281 5015
7090 3413
8209 3725
4159 938
6250 5658
5098 1362
3578 311
1571 1344
8880 8385
3404 1429
8047 4751
3016 1056
8848 732
5310 3813
6008 1846
1635 1399
1890 983
1738 1623
5757 4854
3473 1783
7469 7425
8327 2376
6391 2989
5528 1667
1005 274
8417 1477
2368 2146
3086 518
8654 4316
7566 6785
6821 892
1254 954
3597 3430
9861 3307
4044 75
8670 6500
4440 2184
6199 3225
4428 3090
8029 1077
3000 2604
9718 5086
521 178
8855 8400
4968 4465
8546 5414
383 220
9902 5751
5818 4859
6038 4840
6173 781
1096 449
1939 1698
8971 4087
1467 529
6520 4944
8714 3617
5888 3669
5253 4792
6834 5018
1792 112
7549 6179
4975 4108
3199 2188
3900 1441
5108 2552
3475 777
561 271
331 39
9722 5447
7806 4787
136 129
769 200
7112 6498
7477 925
6114 5221
9532 8187
2967 1103
1834 1248
1279 427
1525 1296
9755 1368
3091 2515
5017 266
825 352
1905 1848
7736 3080
753 388
604 243
4897 3003
8723 6939
5500 2232
5782 5130
5585 196
843 506
2325 1651
1956 1283
4190 2592
1023 968
5258 443
7062 5607
4660 4495
6066 3131
9999 5367
7373 7226
6676 2858
3456 2560
6625 6167
8160 4090
8704 2483
3701 2317
2186 857
4711 4010
79 62
2328 1062
7461 5191
6752 188
2224 2144
8414 775
6678 5392
1403 659
7223 4874
4436 1985
699 245
2129 1537
2719 83
7241 3845
8632 5722
2679 1245
8227 4828
7574 1759
9067 6762
417 119
366 333
6648 5105
6634 1574
6296 3192
7600 3114
5954 757
2882 1083
9225 3498
3888 1676
3006 203
2042 708
4042 993
9378 3837
9740 6331
5463 972
2013 1019
6360 4252
7084 1970
6207 5299
3026 2813
9705 1659
8422 5162
4438 61
4502 1163
8201 5662
8887 6401
9520 3621
3466 138
8895 6960
2651 2622
6542 5385
5959 3892
6383 5075
50 37
6993 5443
5093 3798
8925 5785
3401 2533
9748 5953
2952 2731
2237 1588
9147 18
6303 6246
2684 1872
1329 950
3927 24
7139 2938
2523 1339
6581 2566
3345 2133
9548 3983
4622 626
928 484
5729 5716
139 76
8373 693
9314 5676
1984 615
2487 1534
9783 4235
9131 4586
8733 1413
5263 3508
8153 4697
6922 1081
9734 8005
8857 2534
7427 1514
5048 1912
1182 645
9500 4759
9616 9376
5948 704
3443 876
3574 1609
5965 4203
4245 3282
3675 3562
8961 3323
9800 7557
6399 3604
5616 168
5174 3243
8094 5057
5431 998
6956 207
6489 3302
7885 755
5901 2917
5848 3070
2371 2019
5915 1826
821 756
750 562
5527 3219
4226 1994
4033 548
1040 34
237 52
973 674
2183 1974
6447 2103
2111 1203
7297 1151
5465 2290
9449 324
210 95
2362 475
8337 3862
20 12
4158 3356
5814 3117
8903 5995
3245 1073
5895 5268
8768 3394
7917 2803
3939 3702
594 313
8164 1328
1628 1602
3484 3029
1876 1114
7237 4769
3325 1601
9347 2271
713 468
8717 5325
8650 1416
1642 1564
7512 1108
9848 3717
6483 3728
7694 988
7839 1615
2164 811
4028 1067
4895 4248
6551 2102
3561 150
8495 2065
2689 2285
4233 4106
3890 1197
1393 1127
8371 5701
6900 3190
2708 2323
5244 4325
3294 270
6792 3093
1851 294
8273 4364
5823 4377
3102 759
7975 7535
6456 5453
5357 3952
7683 2001
7329 2556
2501 2257
4464 791
9194 7380
8577 1001
5854 2267
8682 3229
3656 803
1460 1095
7583 2949
7494 894
766 563
4843 679
3819 1772
3929 3881
3803 1650
4278 2979
8803 4983
4111 1493
8031 353
7185 947
3636 2436
9879 6202
7499 5433
5492 4973
30 27
5445 4035
7063 5136
1892 1391
7126 4168
9430 1621
9392 2336
6995 5894
7761 3322
5321 3720
9571 8635
4299 3161
4096 4025
4796 2039
8589 2873
3247 310
5274 5167
498 425
9717 4437
1300 146
6623 6017
3799 3111
1367 233
1787 384
2459 1886
8099 3496
7664 2429
4691 1263
9094 4021
2632 1799
6197 4100
7434 4822
9420 945
6989 3649
1637 389
6772 2671
6079 3678
9299 4439
7210 1087
8528 1414
4 1
2883 391
8541 6203
7318 2225
5611 2031
1695 472
3652 1116
9053 8106
9388 7886
9556 2563
6437 2902
7254 1378
8015 5905
1377 721
3169 2008
4958 2044
7276 3565
9911 8254
55 46
2727 1152
7532 6962
7749 6080
7686 5416
5311 4142
9593 3762
5626 338
2872 1045
5826 1805
7066 3011
1923 882
1484 1478
745 362
6009 722
7637 3310
2203 1944
1646 1506
3705 1111
5807 2104
6206 3402
2053 2040
3066 913
7703 3848
1473 583
5696 5209
8556 2789
2504 272
4900 41
3441 1486
4951 1958
5514 5511
1181 785
6146 5168
4815 1748
3171 400
6029 4467
4936 3428
5124 3360
7432 6237
9177 4000
4754 1107
8845 8576
7716 565
1643 144
6514 4094
6534 1919
7504 6613
4155 3708
6104 1173
7882 5694
31 7
6018 3601
4655 3555
3972 432
6809 3931
8718 5551
961 637
2654 1809
1319 728
9698 2916
6877 3761
5276 749
9020 878
6544 4346
4133 1555
1875 491
4522 1187
6568 5047
9549 6622
7008 6587
9159 6054
517 248
8863 7899
3471 2409
8473 8404
617 555
1709 1522
4654 4369
9071 1427
482 315
2439 184
6649 3280
2836 991
5403 3458
1106 33
5155 3831
9095 4229
2472 143
8468 4765
9989 2344
7402 6740
5042 715
7233 4160
2707 2338
5199 4844
106 51
2861 1400
2426 2388
833 461
3638 613
9762 6530
1338 687
8618 8087
1599 1147
3645 3374
2901 689
277 238
5491 1025
6071 746
6761 6684
2932 924
6131 3885
2867 1901
5228 675
3904 2762
3628 228
2331 1857
1530 80
8324 7015
3063 2896
1043 463
9638 5237
8271 4004
1563 629
8243 6284
1501 344
9959 4038
4536 2840
7298 2981
8993 2678
4482 1139
3585 2421
9701 4669
3304 1006
5642 2130
5649 1372
5305 1332
720 148
1010 815
6475 3602
3650 1884
4095 3096
2265 1707
2676 1450
7466 4018
6099 1742
7377 1629
2055 1917
859 717
3482 842
1941 84
7141 2305
9448 1606
198 23
9346 5095
4924 2303
9319 1118
9409 6888
1979 662
345 172
7192 5099
8378 4126
7836 6718
5853 3024
2589 1954
4881 1976
9191 6822
7729 2345
8024 6832
5708 1204
8882 4469
2957 94
6754 4931
9263 496
6703 967
7642 5689
2465 1550
3987 625
9047 6787
4041 2437
7931 1999
4869 1215
2335 2132
9966 6932
8858 4237
5436 761
8353 735
1841 448
4996 3538
5717 4476
5604 5529
