145
3536 7647
1874 2503
3972 6022
5405 8768
2886 8114
85 8989
7625 9551
9376 9573
9048 9977
2234 6541
7513 8397
2104 8512
1769 6296
146 4128
5599 9514
2019 7057
9446 9938
9556 9951
6582 6718
7289 8311
4492 9452
6422 7629
6778 6817
4177 4493
4967 8818
5217 5499
6759 8456
8454 8877
6741 6775
2587 9741
4612 7476
8320 9720
8283 9519
5994 8167
4546 8949
745 6524
486 3833
4628 8219
5871 8692
9028 9382
8567 8708
6083 7836
8930 9261
8959 9447
1314 3516
6075 9190
3187 3460
5428 7551
8682 9349
5546 6540
4924 7006
2791 4291
2969 2986
9990 9993
6836 7320
821 6305
3577 5014
9706 9915
6553 7145
361 925
6076 9550
3364 5687
8531 9331
7423 9681
2404 9140
7922 8017
576 3119
3388 5702
2509 6735
2283 3942
1217 8432
9017 9735
8894 8960
1632 9244
1777 5922
6799 8266
8379 8886
2774 7044
6622 8643
9645 9756
2835 9598
6987 7746
4656 9536
100 208
7645 8041
2016 7632
9873 9877
8277 8555
584 9854
6141 7537
3466 5572
7747 9642
1298 7209
97 4479
16 9082
4403 7727
1605 7311
4830 6269
2221 2970
1757 2903
26 807
7413 9426
250 740
4993 6802
9325 9918
8417 9602
2275 9932
7435 8750
513 658
9762 9992
3385 5446
9844 9904
8217 9724
2128 6382
6368 7250
9884 9944
1563 3895
3518 7175
3802 4427
428 6503
2848 7579
7130 9600
1154 3763
5149 6774
9189 9967
5159 7448
6608 8822
9134 9791
4186 9245
9090 9183
2008 6029
936 3132
9147 9970
5954 9287
2312 6447
2883 3431
4457 6425
8467 8957
1792 8376
4555 9207
3644 9248
8832 9337
6036 9562
7706 9663
2103 3330
297
4756 2222
4183 3302
5644 4705
621 29
5201 55
6647 3730
4547 3461
7670 3017
9654 2034
9718 2130
2036 1824
22 2
2902 890
6642 1049
9392 1545
5576 2771
507 400
3308 2884
5285 2672
4456 33
4930 2182
850 466
6852 5493
6512 3519
8068 44
8293 1652
6159 5749
7577 2195
8656 1349
9314 4207
4885 1071
1633 1380
6038 1683
8275 7444
5278 2364
8066 2463
9811 4417
5253 4514
3808 1547
8584 5917
9979 8365
5751 4489
5413 1907
1542 92
2208 1497
6255 2434
4869 4458
1785 659
6406 532
4663 3689
8268 3342
1053 42
3503 130
3761 1677
5272 3814
8711 4765
793 521
8312 3642
2218 1182
4064 3478
3384 2838
1614 461
5720 3396
2839 1234
369 273
6084 5686
3664 2700
255 168
6507 2927
5812 2797
3418 1490
2251 1416
674 652
8536 6257
1157 1152
7554 5252
6158 4548
7319 1463
182 66
3864 144
2712 752
1829 1485
4467 1718
2274 1292
9062 7479
3986 2359
8143 5785
6273 3213
9500 6680
7737 2593
1929 488
2888 1559
8289 4641
6681 2628
6805 2453
6396 5772
8696 8499
7951 105
2657 586
5864 4279
3838 54
2472 1655
1693 1215
8685 6786
1880 494
8824 6624
4307 1010
2532 2040
1957 1337
2201 736
3501 1742
8911 5424
5528 1199
4589 868
3679 1696
7587 5347
3502 2527
3960 1066
2439 2356
701 218
7404 3200
2950 2002
5132 363
3318 2327
1713 557
8251 6664
2029 516
8896 6357
3395 1415
4471 3140
1625 933
2567 2243
5595 1454
1524 845
3084 1272
8806 5113
3638 858
2758 2345
9375 7101
5087 4352
555 11
9309 6051
901 81
2691 443
6721 353
2652 2124
5090 913
6967 5903
6875 3073
4059 2309
9806 5143
4695 926
9876 1347
7933 3135
7810 4219
2012 406
3172 677
7060 827
6080 4497
1325 859
9984 1619
8661 5906
2549 591
7702 5154
9851 4761
4239 2468
1007 368
8988 3085
5697 3409
6221 5684
3028 344
849 357
2733 2515
6102 4125
9154 1772
6591 4469
5556 5463
3109 1776
8594 7868
8600 5934
169 9
8013 2680
9317 5205
3620 2181
6098 630
1811 260
5239 4971
6615 5273
8110 948
4910 2458
9146 4030
2459 2232
9427 2273
3480 909
6494 4042
741 34
4683 1059
8744 4955
1062 575
6253 5383
91 65
9291 6216
336 238
9708 5372
304 74
3990 339
3540 545
2544 695
7278 7237
6188 2277
6468 5374
1345 133
7396 6203
454 53
5603 4310
1484 834
8564 7595
1240 329
7740 316
782 710
3016 886
9995 6165
3133 337
5092 2681
4051 317
9593 9160
8071 4916
5292 1055
9087 6016
776 518
537 389
1176 1
3705 3026
166 155
4503 4174
7697 4341
7334 1147
7599 7598
2776 1519
9702 9488
8362 3721
4145 3345
3777 653
2322 1137
7165 2184
8956 2296
6838 2528
2262 1668
9320 440
1027 1019
5376 2378
3196 2311
9887 6545
8547 4406
7302 1171
9304 401
5176 257
2721 1922
9137 8271
8650 2858
3640 1790
8247 3363
8781 23
1962 1495
9046 5901
3893 2224
107 31
7721 7557
5471 2470
4402 3242
5389 3377
2749 977
2539 87
4783 320
7507 5867
8024 5908
4275 223
9260 7385
6870 469
9443 6488
7160 6386
9503 3855
3824 3305
276 194
7626 1887
6191 5262
6745 1842
5408 1439
3368 1477
2263 1803
235 174
9941 6011
3530 856
5077 5013
796 432
3830 3769
8462 3767
