259
6551 6868
7498 9868
2576 5555
5069 9132
9848 9926
7506 9795
998 2547
4536 6724
2348 5843
9333 9404
2218 5196
1902 4616
1591 7996
4495 6636
8648 8967
1555 2002
7927 9433
6769 8439
7165 8514
6632 9444
7561 8486
1215 9117
8432 9651
4610 5509
8109 9321
8824 9240
2069 2595
5703 6427
2741 6944
9173 9517
2383 7300
3727 6313
3545 9056
3430 8071
7196 7264
4599 7750
1003 7723
364 9880
5679 6479
2813 5282
3192 9413
1722 9115
814 5910
8966 9123
3019 9376
4280 6166
9033 9152
5960 7017
5444 8084
1624 8023
2703 7860
4564 8104
7967 9622
3859 4579
5440 7357
9606 9844
6862 7766
8238 8835
9327 9818
2582 3842
5849 6408
6481 7047
627 7644
8025 8040
3787 9854
7666 9279
6620 9135
2581 3328
6183 7191
7073 8703
2039 6381
5248 9595
9514 9599
8652 9098
7900 9762
59 784
7287 8553
4678 5940
9568 9575
6174 8446
151 4590
6589 9360
3227 8016
8445 9742
400 9411
5361 7282
994 9208
8130 9090
1249 9703
3724 8001
3785 4612
6677 9615
7052 8032
1263 4721
7401 7808
4570 5993
8488 9862
7268 7578
6959 7334
2231 3154
5399 5425
8175 9596
3818 5514
651 1906
2181 8978
6302 6460
2797 8696
8784 9179
4124 7872
6768 8757
9594 9820
6597 7311
3327 8766
6504 9587
9928 9979
1908 8686
7421 7939
479 5931
8893 9126
1421 4095
5733 7447
4418 7096
2554 9101
8975 9908
5210 5810
7146 7682
7470 8350
236 7594
9965 9990
312 4184
3614 8537
3645 9542
8398 9319
7327 8048
3935 5547
1835 6252
9275 9367
3028 9770
763 9592
1851 2370
3925 8309
3528 4078
5297 7206
6284 7518
5075 8154
3553 5617
6034 7978
9192 9827
2120 6753
1595 8704
3016 5732
3927 6333
5371 5484
2285 6875
4755 6197
1442 7046
5680 8103
2126 8982
1440 7349
6285 9352
2018 7438
9249 9550
130 2132
5249 7039
6044 7072
7699 9237
6720 9426
5866 6309
9118 9232
9027 9446
7200 7431
3535 4225
9898 9993
7722 8776
710 9879
5551 7462
5896 6488
5391 9477
7661 8584
4415 9832
2641 4070
2024 7368
8097 8375
1979 6375
6826 7850
1955 9576
2674 8763
5751 8767
1362 2161
618 1356
5431 6523
4885 5421
162 9078
3191 9391
7411 9735
7591 8923
2172 3181
9196 9381
4857 9507
2238 8518
2293 8291
3515 4922
8683 8920
538 1583
5664 5855
3094 5809
2160 3485
4191 5677
475 8138
9109 9492
9443 9857
2302 8475
8564 9536
3685 4412
8523 8790
1531 3342
1854 7382
9193 9665
8728 9457
5141 7240
7566 9789
5753 6844
106 5510
4784 9657
9146 9468
7437 9583
9682 9944
7646 8192
1153 5634
5411 8634
6897 7434
3609 5412
211 9861
1586 7828
8062 9590
9145 9831
9845 9929
281 7049
8438 9569
3003 7130
6076 8521
3887 6125
1046 8623
9528 9660
3407 4094
4807 6568
962 8041
6533 7107
882 6608
7554 8243
154 9914
6146 8086
1264 4151
9206 9269
1171 2826
1269 2419
3654 3881
6406 7121
5406 5437
225
6279 1054
3746 1416
3162 953
5684 4243
631 397
8160 3324
8253 5857
8507 7509
644 629
6665 4680
5095 2486
9385 1846
7570 3140
6713 4945
1712 1565
2269 70
1695 302
4858 1750
7653 1542
3399 416
7672 4098
1927 793
9480 1250
6088 1194
3402 3264
7670 4007
5785 2713
9553 8933
8307 4318
5259 2487
515 229
335 17
4764 392
2527 830
6403 488
837 495
8884 104
9156 231
6001 2464
5455 3308
5222 4558
4351 3880
1016 949
3456 2376
8911 1885
1834 1303
8412 5157
3649 1714
6518 3949
9409 2423
5544 4886
2937 1140
35 29
8496 4988
7643 1251
157 46
1635 177
4388 1112
7021 2224
3726 3372
8173 3223
2513 868
5120 457
8067 2262
6383 768
143 97
9872 5130
9865 673
744 697
9773 4782
8190 5182
8541 8229
9676 1447
1325 1322
8874 1154
7719 2681
8453 5104
5729 3387
5077 2778
4422 260
5928 241
3691 3032
7416 898
5189 1584
1525 158
5522 4400
2115 435
7384 6664
2380 368
4919 1951
2605 1790
6618 1878
4998 4029
5268 1900
8497 3667
6187 2204
6007 5142
3875 2574
6137 1173
9400 8908
5348 709
7426 897
5645 3735
2589 53
4016 270
2737 666
5497 2071
7588 2392
2299 1035
450 203
3631 3550
4279 2441
9878 1559
1110 467
690 183
7995 4221
7809 3001
6705 6224
1338 617
9256 8027
5244 1226
5352 3405
7789 50
4600 388
794 466
6814 5616
8737 4360
4921 681
1232 1147
5755 1703
8366 3109
798 282
7655 6334
2019 468
8615 1485
3652 1023
5225 3248
4875 4713
2887 2394
7170 741
453 167
4981 4509
7590 5862
942 16
74 39
5487 436
842 141
2451 2334
3146 1041
4337 4330
4339 403
3082 1863
5641 3669
8444 2349
4956 1666
2599 164
7023 3523
3470 832
1805 823
5734 1608
6526 5014
843 696
8370 2880
2772 1646
9710 4413
1312 57
1548 1537
3761 2919
2175 591
3226 3168
7762 10
3075 1274
8726 1267
1895 769
8990 6884
9821 2899
2808 1019
5864 661
8976 91
3065 1730
9574 8367
2668 1650
996 588
3595 189
348 201
7280 532
1000 234
410 288
5676 265
6821 1909
2468 1842
2570 127
6967 5343
2347 2162
6816 2520
2804 2722
6550 4777
6800 3966
308 123
2310 256
2594 734
6775 6081
2485 1780
6056 2076
8331 6344
5159 4788
4484 746
5929 4758
3170 876
9713 1573
8094 2818
6737 3103
1290 1086
9918 8241
1844 323
5515 227
1983 116
4068 3603
3163 1119
6663 3896
6712 2025
2694 774
1668 13
5630 3692
7782 3713
