480
6593 7528
5581 7087
7702 9138
6747 8182
9331 9449
4857 6996
8675 9399
5128 9096
2808 7663
77 3618
3853 7459
453 4089
7747 9469
365 6702
25 8762
6027 9608
7359 8343
2019 5920
8597 9732
1424 8499
5390 6296
5172 5371
8490 9122
6265 9036
1105 9884
4831 7531
2834 7496
6594 9698
7816 9440
8903 9435
402 5928
1134 9686
1569 4959
3462 4426
7797 9595
9504 9734
3938 5483
6450 9628
1831 9870
1688 2050
3774 5813
8368 8382
2633 2765
1352 1990
7119 9411
228 5230
8757 8982
4118 5079
5564 7864
4130 5402
7914 8041
3375 9807
3961 4142
4806 9866
2891 5280
909 4500
4864 9760
926 3209
697 7289
4043 9233
3588 9707
3002 9761
7913 8956
4609 6076
1396 1720
5551 8473
161 2459
6374 8957
8168 9611
6124 7122
1398 2501
7966 9531
9989 9995
5780 6717
9665 9751
729 5677
9302 9920
2006 2362
6037 8220
6934 7668
6270 6810
4206 7316
759 9460
4165 7932
2363 9966
8117 8595
3601 5525
1614 4294
4614 8355
2284 4861
9332 9588
8005 9474
6749 7859
9620 9848
9802 9877
700 9759
4728 9431
2408 8214
3997 5178
2132 2480
1039 3205
2383 2424
7081 7423
8223 8740
8077 8672
2801 8736
5347 5998
7617 8285
1122 6808
3045 3366
4535 6499
3712 7116
1095 7397
1474 1553
5080 7597
3625 5708
710 7089
1425 2172
4693 8806
9657 9755
5194 5275
8765 9297
551 1643
5395 7958
3718 6418
2411 3335
7891 8429
6161 6537
3310 6222
6151 8110
7105 8971
6529 8673
7183 7200
3452 6646
968 3136
9855 9897
3033 6744
8659 9773
8730 9473
5805 8687
7333 7907
2011 5504
1412 8623
9554 9956
2899 3631
7233 8994
2 6384
9599 9863
9853 9896
6601 8692
5309 6467
9203 9976
8303 8854
8742 9762
5312 8172
4006 8986
6421 7234
57 4919
3778 4452
4045 6213
3103 9329
1442 1812
4189 8816
8684 9536
7684 9336
4272 6538
1952 5620
5968 6281
8152 9740
3111 3702
5979 9978
6038 9575
3421 5400
4633 5447
6088 7371
2143 2643
4612 9387
1092 2212
7284 8198
6636 7022
2013 6883
7092 8012
9736 9873
4570 5403
2098 4359
1541 6020
8824 9922
2740 7997
9061 9557
7694 8478
7799 7824
4383 8315
2500 8849
4939 5136
7815 8438
6097 8599
7473 8312
1434 6414
9975 9982
1968 2495
7539 9728
9645 9981
3527 5215
8003 9293
4850 7751
7772 9448
8208 8624
7114 7686
4401 9146
3049 4718
1843 3713
8611 8668
3850 4524
7525 7778
6336 9333
4180 7345
7442 9796
1362 3587
5463 7311
3970 7162
1150 8393
8814 9147
6494 8800
3933 6003
8402 9627
8674 9162
8527 9459
2249 4541
9772 9822
9462 9879
518 2355
9356 9676
8317 8590
9059 9498
3705 8517
5283 6047
1073 4848
2665 6561
587 4394
9382 9999
1827 3984
6137 9613
7015 9175
3893 7573
4729 5237
9664 9672
8306 8557
9219 9810
986 5290
8766 9244
991 1522
8176 8323
9763 9857
7848 8634
4461 4760
2396 9065
4554 9553
8378 8952
43 3052
2876 6550
5571 7350
4271 9266
3469 7512
8506 8809
1864 3936
9428 9602
2895 7921
6123 7945
2868 7501
8772 9472
7731 9165
5432 8065
8388 9349
1876 8376
7546 7923
5174 6388
2215 4266
9231 9721
9359 9507
9003 9169
8253 8732
7181 8791
2616 7174
7 5526
9014 9823
6823 9191
4320 6833
7378 9988
4445 6663
5705 8001
834 1462
8737 9881
9186 9420
5726 6540
4446 8448
4306 7231
2243 4005
8662 9017
1162 6683
823 1846
3994 4414
7521 7992
1660 5478
5921 6505
7141 7990
9119 9499
9521 9724
7794 9916
234 4360
1979 3624
8711 9974
5506 8229
7611 7970
310 976
5286 6496
7806 9286
2030 3042
6851 8990
4685 8899
3632 8578
2020 9912
684 9926
6726 9022
5059 9789
8739 9692
4230 7046
3492 3777
3202 7242
5933 7544
8066 8973
3491 5034
9777 9805
3411 9309
5902 7219
8676 8833
5546 9856
6955 9955
9570 9589
3356 7053
9405 9946
5656 6219
3888 6202
5847 7048
1359 5901
19 8167
7395 8828
2640 7281
2351 4687
1594 5529
5651 9226
2058 4579
9105 9514
1607 9475
2930 8500
8410 9478
4829 8441
2166 6092
1365 6773
1393 3286
9185 9629
8360 9035
5068 7645
5573 6442
4723 5575
3939 4983
4798 7179
8629 9051
1570 8218
136 7835
4020 8200
3466 8124
9944 9961
2371 4279
8866 9948
3400 9738
4010 9892
50 8589
6263 9318
8004 8540
1872 4652
7909 9424
2853 3929
3440 7039
3844 5584
4236 4812
7303 9523
426 3665
8136 9650
8933 9771
8991 9996
1830 4119
1803 7312
2096 2141
5161 6173
2778 5251
9268 9501
5444 8978
7043 9373
8922 9049
9129 9726
6552 7969
3285 8574
7322 8617
5108 9101
5044 8985
736 5274
3008 5766
8695 9143
4739 5224
7283 7899
2105 6797
651 8260
5897 6115
9918 9931
1838 3233
4553 9257
5796 6863
2477 3146
1921 9303
8779 9422
2253 7524
8024 9643
5016 5783
6426 7589
6209 6250
8288 9480
5107 8252
5922 6328
3670 5259
8938 9637
3742 3883
3014 5229
3003 8592
856 5545
1511 3256
8 2777
5629 8548
1485 4722
581 4717
6647 9125
342 2344
1896 4569
8146 9876
1320 1514
6078 6956
8771 9843
2860 9126
15 509
1224 4275
4948 7271
4241 8029
1981 8632
7180 9164
1206 4897
3266 4434
5894 8895
7798 8949
8616 8980
3909 4941
3891 5654
3638 8234
5961 9288
2390 5227
4325 7695
4250 9684
2404 6257
4629 6054
1588 3851
8869 8896
3495 9326
4539 8161
8042 8575
9626 9804
6845 7650
8874 8877
6714 6857
6834 9150
8565 9237
1164 8571
3660 8882
753
1292 75
4752 3535
9615 444
7415 2947
5733 4950
6135 408
2033 1115
1699 614
3966 3480
5941 4943
9550 7047
9408 1207
1605 1234
7000 4422
5942 5692
9364 5927
6079 1637
4895 324
3905 231
5728 554
3397 3347
7430 2171
4204 1209
5741 1007
1863 66
5130 2776
9492 5300
867 37
5988 4644
9945 7475
4059 3910
2598 2167
6275 1960
6178 3727
4248 227
2721 1249
9723 4039
920 305
7871 4181
9353 4926
2530 950
3629 3273
467 192
3882 1241
2534 302
8209 359
4777 2241
993 34
2473 1456
3156 1611
6801 6316
3764 1579
9330 9079
6139 4557
6746 4727
7592 6191
5967 3772
8036 2870
4319 1740
7032 2825
5840 830
2965 1513
1737 446
6903 3825
6408 577
5337 370
2444 1726
8109 3695
4901 3656
2869 2769
894 541
241 78
2820 1848
2025 881
7581 6913
3833 2003
473 247
9898 8579
5531 5171
5549 3999
4056 762
4942 763
1043 826
6843 5247
1667 930
4258 4237
3037 274
3465 3080
6059 5083
699 455
4161 3276
6822 4626
8072 4112
7257 255
2646 6
4021 1048
1189 983
5992 3842
3113 3028
221 96
5713 2678
2004 1223
9086 4522
4124 517
1146 602
2559 2278
7878 4384
3 1
540 258
7674 7479
5738 4173
2902 2364
3878 3312
3168 2389
6064 5452
7150 2879
6232 4770
5829 2341
7149 6197
9794 7205
6609 5132
8069 1285
2958 1722
2987 2402
1218 1120
1562 207
9937 3021
2824 2381
2679 299
8520 8217
7962 4391
4720 4317
3747 1774
2053 1127
3361 3360
5585 714
4510 3752
6767 782
3126 2635
5100 189
7324 2960
4826 133
2055 1087
4389 293
2916 1266
2613 2418
3185 2688
7562 3578
3162 2089
2461 1305
5908 5900
8457 7446
3133 1042
8650 8178
5249 4155
482 176
7752 3501
113 10
3422 1414
2654 1710
8975 852
752 416
3241 1129
4313 4255
3583 158
9612 4050
7348 5789
4875 2813
8278 2516
8338 1447
60 5
6400 4860
5150 4108
595 290
4156 865
5024 539
6907 2672
4925 3355
5552 1713
1451 1438
7950 5197
5574 1091
132 115
4476 2366
5125 860
8961 3470
7590 3862
7360 5757
9001 1913
1528 925
4976 3890
8241 2630
635 582
5816 1602
8111 601
9985 8731
2557 751
9284 4216
3358 1147
1436 32
4300 2673
6800 2892
9816 1785
8974 8056
8555 483
1706 226
915 125
239 31
2209 1259
4852 4843
6530 4060
3689 490
1715 356
2653 1409
14 4
2384 1407
5929 4911
7483 7085
6645 5073
3521 334
2542 2499
2694 2685
9444 3352
1153 1128
1783 1738
5265 353
2739 448
5637 1288
9174 7893
9518 6595
717 17
5597 3176
8495 4890
9783 7631
1238 461
7566 2727
573 534
516 392
2705 1967
2329 1955
6528 2263
4735 2388
2921 1334
6894 2610
9562 7696
3812 1191
5045 2799
8959 7514
6589 1004
1593 1558
506 451
3932 2964
2282 980
640 180
9133 2941
4262 787
3661 2550
798 153
4865 3507
8859 8686
7232 6980
3654 2387
2041 701
8834 330
2807 829
5398 4312
315 195
6844 1068
816 418
8373 4690
6416 5127
5990 1859
9137 8436
6435 3755
3561 1110
6769 5268
8483 5208
8396 7579
2375 2087
4530 3404
9396 7329
1725 1583
5350 3540
8708 5591
4473 657
2146 851
5480 3408
5205 3537
7503 6216
4197 895
268 73
839 303
5812 4438
2564 958
615 611
4936 3152
5770 2843
3228 1419
7833 159
7866 3993
216 92
794 634
5971 2127
152 16
2819 417
5017 3291
382 288
3485 2785
4459 2821
6696 5976
607 585
3326 1037
2144 1350
8257 1870
5749 790
2467 109
590 531
1262 406
4097 982
178 42
6525 3481
4376 4256
512 507
21 20
8301 6195
6402 2717
7508 3523
1052 854
8080 7956
3147 667
4185 532
6775 505
2929 2624
8604 5168
7622 23
2034 1919
9205 4712
6610 3958
3225 2969
3591 155
7621 3683
8183 5633
8997 3213
6527 5702
3776 428
9587 7844
7403 1475
5737 4462
8459 7097
5775 5455
8320 3315
9731 5393
7390 1045
1677 108
1000 126
7803 4653
5204 210
6021 2580
7601 3750
6347 5991
4966 3676
7509 3544
8287 7725
2911 1235
4957 4468
6041 1910
6262 1464
6872 6367
730 409
6192 2525
3392 1868
9780 460
9298 2592
8909 2966
5036 3848
6177 3395
3048 2213
1745 560
9436 8211
3248 1887
1085 572
6758 3721
51 18
549 129
8123 4793
462 163
2933 98
5877 921
799 783
2657 902
2536 94
466 372
3968 3681
5206 3160
7564 2136
4151 325
8763 1618
2872 1143
1157 443
2734 2377
3884 922
766 756
8367 4564
4063 728
7971 222
4956 3324
7959 6436
4026 1336
9556 1432
5693 425
7113 932
5388 1918
4571 2062
1119 412
8322 7018
6662 4259
4597 2581
3448 1895
9458 2094
2567 1058
1388 1179
4584 1727
3621 3071
9564 5678
1571 1275
5366 3729
9120 4307
2786 1391
3564 1022
3952 1379
1538 287
2068 357
3059 2412
6309 4301
8486 4174
3513 2617
4577 2252
7784 6346
1332 1295
1278 528
869 612
3357 2466
5869 2970
6215 1535
6694 6134
4350 648
8924 4105
6722 5924
6282 5649
4288 649
3309 2975
3686 1676
6034 1823
5440 4632
9414 3586
7406 5515
9285 1761
8542 8395
2374 1321
6395 1402
3069 2434
3615 1103
5317 278
7315 6958
970 398
9574 2191
9198 6352
6539 6532
7421 196
2881 1430
964 173
5099 4387
9328 4254
8823 5026
3571 3460
1199 1051
2671 1118
825 245
3250 2484
5193 1731
732 312
770 500
6261 872
140 120
7176 4292
662 329
4264 3331
5330 1431
6483 546
1933 721
9917 2190
8215 4787
7867 3859
8691 7708
131 102
4951 3902
9376 4969
4602 4192
2333 331
7326 2047
2667 1663
7765 7375
4703 3904
6914 3167
7411 7029
5418 209
6019 5385
4987 4733
4331 3484
3680 271
9367 9027
8802 4423
2234 858
7463 5287
7967 3298
8812 2990
171 46
2596 1958
6897 2009
1265 598
999 397
9818 4558
7447 2049
2083 566
8044 1454
7362 2262
5846 4909
6365 3493
2865 272
2349 2061
8259 2793
5165 623
4566 2686
5241 4234
4746 99
6617 3459
9255 1646
1591 1548
3567 3079
943 605
6560 4592
7669 6546
3697 2935
5835 3682
8426 6389
6655 4536
8258 5844
6817 3734
7139 2419
2000 1025
4370 628
2549 1988
3988 2967
9099 6470
2919 2464
7721 4678
4751 1314
291 212
1290 1031
9515 345
6403 1681
44 26
5709 1689
3031 1728
9451 347
9582 1433
4815 2544
8567 1599
905 644
1056 308
9800 4646
8532 3934
6928 2334
8144 4709
4780 1141
5495 1989
9581 559
5494 2330
2538 1756
6738 1287
1324 1289
5318 4345
4755 1190
6112 4631
2829 362
9397 831
6128 1986
6084 4327
6763 5213
7407 4737
3863 2601
7583 6590
713 326
5145 757
6242 2453
9228 5826
8735 7190
9074 7555
4463 3488
7330 1824
5226 3255
4322 2365
7497 4282
4981 3652
1339 135
3922 2867
2978 1789
7277 4984
3399 3374
5834 2056
6017 3879
1708 563
2348 543
4811 3784
65 49
5219 162
9774 4674
2909 719
4604 2223
7651 3290
8432 3100
1487 753
4529 1194
5820 5344
7535 5501
9098 283
4479 3029
3116 311
2340 1556
5097 2505
2196 1874
6664 5234
5189 965
8784 1766
907 164
1650 1527
5383 3163
8354 3299
5824 2051
5823 5662
7012 6669
1683 1394
9953 4126
5714 1297
6452 5155
6498 2193
6976 6754
515 492
7584 4506
4420 338
675 524
7492 1376
9965 2492
1071 807
8030 5893
6438 3550
7457 7262
7414 1361
4776 3830
5806 5320
205 103
9670 4377
6855 1959
2875 931
9450 8386
2176 544
6703 2968
4550 3076
9923 3301
6466 3132
6901 962
7732 6544
5041 4023
215 144
5115 3532
6742 4684
6194 54
2185 145
3856 1460
9224 1366
7146 727
2103 2008
4449 891
2264 423
3081 689
1492 301
4424 2758
9633 2078
499 139
4329 3990
3142 2638
1101 588
2135 146
3443 250
3781 3386
933 465
3647 440
5763 3061
9161 2181
7344 1620
622 523
8715 2482
2744 151
6129 3581
8677 7237
4416 3243
8071 4385
376 306
7084 2828
9167 8358
4177 3275
1931 1612
8720 5650
2552 2448
5325 1328
7599 5434
8006 3575
1857 796
1011 990
3084 1374
2759 1917
1884 859
3937 2832
2722 2147
1928 1021
1619 1307
3009 2852
8070 4645
4065 3342
600 30
6954 1937
2844 2805
1126 971
3278 2917
6686 313
6909 4220
1965 1586
3139 2148
4513 1061
963 233
2153 1526
9801 4851
1452 475
4458 739
2928 2040
2125 191
6526 194
1534 593
2261 874
3353 1747
177 52
6203 1517
2233 609
