840
7053 9495
431 974
8776 9995
7136 9611
740 5194
9114 9846
9482 9584
7635 7704
954 3714
3702 7891
6727 7656
7952 8161
5166 8600
2220 3594
1238 1713
3294 3988
251 4109
3323 5736
1725 7598
9368 9542
3499 4719
7318 9253
7110 7166
6600 9511
4967 6510
7718 8012
6760 8998
3011 7483
5036 9665
1730 7095
9964 9989
2392 6470
4005 5812
5962 7806
6450 8782
5801 7770
5648 7964
1914 6468
7460 9456
9924 9936
6238 7225
5830 9336
7786 8521
1187 5780
780 2800
2737 4938
7010 9566
9459 9641
916 6994
7076 9187
4526 7093
8817 9078
3791 9355
5911 7293
6328 8082
8422 9339
2761 5840
5035 8871
575 6838
3189 9237
7623 8849
9757 9883
4939 5880
306 1916
4269 7378
6306 7655
6808 7270
7298 8541
9329 9551
6642 8214
3026 5709
1653 5568
2051 2401
5940 6430
2412 9488
8794 8940
882 9835
8761 9205
9969 9979
9616 9937
2858 9468
6829 8467
8891 9788
1601 1930
1481 9766
7800 8740
8036 9211
7620 8129
4943 6730
3132 6002
4224 7461
7279 8031
9712 9935
9891 9952
3520 5332
1059 4508
3994 4851
735 1346
1863 3103
8111 8781
8675 8868
9693 9859
6585 9837
3385 8717
7141 8837
7047 9291
9723 9981
6228 8866
3099 6984
616 6031
7201 9221
3744 6175
6215 8882
6562 8271
7357 7359
215 6721
123 6030
7254 9539
8377 8556
3012 8858
68 7874
211 1576
8074 8658
243 8476
1217 1488
1875 2631
958 6143
7525 9314
6547 9151
7613 8423
24 7741
7488 9627
7135 8013
6443 7858
1534 1932
1032 2557
3327 7615
842 7406
4697 6569
8729 8746
8931 9688
8636 9264
5591 8828
7593 8879
1154 8448
3544 9083
9771 9805
4366 5723
8908 9293
5870 9150
5189 9536
4781 6405
9579 9986
2634 9796
5282 7614
674 8403
1073 8771
507 3887
5924 9288
823 8064
6765 9727
3240 5109
9276 9592
2292 8376
5134 6448
4777 4949
5913 6735
148 2672
6434 8226
3523 6219
9026 9220
8168 8652
3066 9594
8119 8870
8087 9854
1803 8884
668 8728
2330 6916
7301 8483
4375 7796
4075 7980
6372 7397
6254 6786
5721 7011
9670 9732
2100 4764
3100 9260
1765 3209
1476 8044
3850 7449
8470 9204
2034 4264
2339 9518
5073 9054
1070 1797
9120 9699
537 8275
4125 8247
3950 8813
8642 9855
678 9615
8681 9230
9186 9875
5582 8477
167 8797
482 8315
6076 7502
8946 9349
8572 9886
1810 7324
6622 6867
2537 3580
7541 8321
6366 8040
9210 9618
5268 9374
1511 6661
2754 8532
5020 9678
5390 7440
88 5266
9577 9762
7879 9478
6119 7708
8790 9149
9294 9947
5861 8324
8254 9443
1064 4326
633 3443
3171 5361
9289 9635
84 3013
3615 3831
2572 3712
9834 9968
5422 8990
8237 9740
36 8018
8365 9427
1100 5017
521 7018
3424 5192
1084 6567
6408 8666
3535 5123
3438 8588
5466 8439
9586 9687
1593 7074
2948 6326
6629 8822
6184 8818
7990 8316
6584 6800
5619 6414
1058 2065
1736 1828
7120 8798
9630 9646
7308 9282
8859 8974
5281 5507
4347 6006
2453 9967
1786 8195
5101 9706
939 6334
3221 6929
6114 6951
4515 8614
9140 9262
7536 8157
9585 9750
3075 6281
1646 3972
7587 8095
2403 6010
6497 9680
6102 6216
9528 9657
781 5023
9145 9184
5137 8462
7957 9139
5386 9713
7771 8052
5202 5731
4435 8763
5350 5553
4622 8347
456 7006
262 2396
5334 9347
492 6364
6625 9290
1668 8920
1829 7306
25 7266
9882 9913
6298 8941
7971 8956
4483 5384
713 6540
4022 9394
4448 8954
2773 9672
3296 5522
4718 5504
6976 8678
7651 8429
7610 7820
3870 6655
4706 4817
4257 8590
5546 7247
8653 9333
7045 7200
4901 9581
4981 5775
8295 9931
7073 8618
1749 3921
6651 9638
6748 9409
1965 4429
1184 1693
4251 7420
2768 8715
6382 7926
1820 4729
4397 4982
5304 8841
6628 9619
7453 8725
2068 8364
2142 4703
3981 4735
5828 9450
7281 9255
7522 8150
8227 9065
3559 9110
1474 4417
29 8883
9442 9970
377 6437
5383 9510
4525 9271
1670 4069
1544 4471
4728 6881
577 4164
8993 9509
7236 7412
8493 9035
7127 7839
1676 5296
5560 6764
1423 2154
9358 9452
8109 9335
6520 8560
8124 8180
4085 9146
6627 9040
3308 9217
4443 5461
6982 8205
1757 9414
5820 7109
6515 7845
5379 6737
2611 2739
7844 8912
4866 9914
1320 4920
4300 7222
8693 8865
6144 8028
1008 2400
6033 9420
3402 9051
7816 9250
6047 7895
498 4511
2255 3239
509 9176
2662 5326
4002 4193
418 6798
3868 4426
8679 8800
3048 5095
7339 7445
4684 4765
6311 6788
4267 9092
6095 7003
5003 7859
6186 7872
4667 4715
1432 8695
889 9705
7830 8051
8955 9094
1210 5302
3430 8661
9034 9803
8464 9188
8701 9028
8207 9199
737 7309
6139 7029
2023 8454
2486 7365
2992 6463
3389 6997
4778 9172
4273 7379
1195 5257
2600 4755
6038 7641
1352 4412
146 1853
8153 9366
1315 8385
9770 9998
5762 9987
274 9580
9024 9948
3195 5807
557 8718
7825 8216
1886 8892
6544 7937
4501 9021
2005 2650
815 6806
9822 9927
2570 9351
650 1963
415 4218
2149 2869
1385 8608
3444 8270
3417 4677
7511 9650
1464 5771
2270 7840
5488 6227
3709 4369
885 6284
867 9909
1572 4887
9830 9831
5162 6772
8379 9864
8909 9643
3998 9663
8282 9416
8539 9169
3267 8793
7882 8027
180 9047
173 9148
581 5442
982 6700
4151 8986
7757 9407
8105 8154
7634 9667
3425 5230
6046 7773
6526 7106
6348 6395
7628 8592
5501 5957
1806 1962
7992 9283
5572 6811
1539 8543
1744 8929
9121 9162
3126 7576
1648 9298
1482 9258
9392 9476
8056 9460
216 9673
3858 6217
2234 4117
3279 3930
2037 9783
4805 5118
3373 4763
6301 8519
8021 8370
3321 6455
6985 9117
4290 5953
398 4654
704 2186
5976 8953
5441 6098
2840 6088
7328 7881
4470 4732
7467 9119
739 9719
5628 6731
3270 8392
3112 5005
9836 9966
1405 3857
8589 9487
7938 8390
9721 9781
4136 6351
8567 8785
4031 8960
4466 5635
4543 6635
7233 8332
4705 6235
3366 4664
5097 5135
1715 4864
2926 4108
4320 6008
951 2735
3677 4226
4830 6659
8950 9550
8486 9417
2561 6317
5274 5405
410 1204
8985 9848
753 2548
6458 8641
4889 6397
5532 6990
9863 9876
8104 9378
3027 6091
7703 8334
5644 8724
156 9559
667 6617
4110 9274
2228 5331
178 7060
1529 6643
2404 4023
8826 9232
9202 9507
7896 9752
6580 8574
799 5009
2791 7861
8274 8684
8265 8757
5734 6695
4671 4837
2522 5260
9557 9694
1284 3087
8169 9323
5595 8553
3257 6979
4690 8887
4886 8900
4947 7894
9531 9629
1680 6952
1551 8440
155 2799
7754 9346
1429 7002
2329 5645
9681 9816
4858 8360
9058 9530
3251 5725
4744 6930
3181 6134
8123 9930
2431 6062
1548 8967
6913 9236
1525 9794
3812 8577
4449 9159
9426 9548
7787 8747
7035 9649
6549 6568
8924 9471
5536 7411
8245 8473
2715 9142
565 5744
7515 7751
9461 9472
845 8361
2839 5955
978 3168
8657 8814
8174 8820
4686 6416
7139 9297
8708 9239
8568 8730
930 4259
1463 2694
2757 4936
1988 8366
3073 5078
5457 6173
8551 9192
4680 6697
5614 8602
285 4823
4393 9076
2366 5208
5197 9545
2084 6422
4578 7244
2555 9691
9499 9519
9268 9709
5854 6362
1313 1794
4288 4437
9690 9945
4979 8979
9238 9243
9844 9881
6880 7288
9423 9522
2945 6023
2447 3205
8050 8638
1125 9088
4898 9648
969 6158
2459 9951
9856 9992
6654 8601
8351 9307
5597 9879
4756 6471
7373 9016
2885 6329
1416 5563
1010 7217
2811 3944
1357 6775
7940 8212
6343 9325
4812 8933
3599 9191
6957 7955
787 8545
1659 6188
4430 4689
5057 6869
1817 4130
5006 7394
3158 8033
3140 8894
7128 9707
6711 7573
556 7967
2505 8127
2352 7542
7795 9827
5150 5511
8839 9517
9564 9984
15 512
1403 2377
311 5565
5456 7797
546 2803
7619 8587
1255 4229
7752 9212
7131 7446
4556 5618
4916 5984
7612 7798
9588 9742
5437 8806
8947 9474
7694 9039
7501 8346
5349 5679
900 8024
6502 8863
4896 6975
4759 6307
2826 8373
2952 8615
236 9308
6785 7687
3703 7140
288 3382
8185 8279
7119 8978
6681 8263
1939 4519
6053 7513
3108 5163
376 5303
2306 5392
7097 7126
7311 7766
1922 9168
1296 5928
269 3320
1809 3922
2917 3733
7901 9300
7590 8766
1895 3354
4385 5195
3783 9872
5934 7736
1370 1376
534 3959
2465 7130
758 7372
1318 4305
1531 7289
972 1286
5528 9009
665 9785
4077 7948
1233 9133
2215 7195
9383 9402
9022 9379
877 9408
3079 5556
9829 9991
182 2322
78 986
1127 7424
3057 8061
5690 7681
192 2134
4572 7099
159 3601
1047 3524
571 1708
1334 3933
89 2591
7972 9603
63 6283
2535 6380
5213 7707
8426 8983
4615 7030
4581 9321
9749 9867
5543 8025
4402 5764
6690 8719
8023 8107
4021 5298
1431 8915
5340 5398
4093 8764
945 8595
8770 9256
5758 7167
1609 8413
9158 9547
7172 8331
9393 9941
3536 5985
5412 6064
811 5278
1859 3507
2208 9398
915 3127
449 5520
1394 6277
9726 9775
3476 4617
6253 7040
2123 2388
8134 9465
3102 6453
2657 8020
1623 2623
4041 5079
6726 7194
5419 8126
3167 3701
7435 7807
5115 6841
1866 9769
984 8066
3960 7414
2109 5805
7023 7550
6439 7100
7 724
230 670
3033 7371
8815 8939
1560 8700
4054 9625
832 9265
7041 8317
9086 9772
8613 9760
421 6513
759 3715
8972 9171
2294 4027
9344 9799
3833 8698
5866 7743
4140 8478
863 2032
1630 6587
7632 9714
2610 4649
7535 8300
8654 9899
64 8435
3224 8210
3208 9934
648 5206
1449 8289
4829 6931
809
14 9
4598 745
6358 3031
2988 2355
659 563
1684 370
6624 5264
3821 416
2511 116
7722 4674
3942 2375
187 48
5403 5231
2849 2554
5995 1824
4322 1117
625 586
7768 5923
9711 5433
7566 2287
7434 3475
8819 4717
539 301
4367 1057
8563 3688
2923 2906
5885 1388
2928 2594
5739 1359
2793 1191
151 52
3426 1074
9412 27
1254 1069
8431 7381
5943 1282
4376 1578
9310 7577
2750 2567
3597 2717
4975 3519
4921 4776
1015 85
9185 6011
829 100
8917 4699
1440 298
2820 2579
7278 5239
446 80
5933 1723
6606 486
1554 154
166 147
3918 967
3346 3312
4618 2877
184 152
9898 9157
8457 1589
9563 7272
5188 2275
9257 3565
3909 587
2998 1848
277 11
707 73
2755 205
9216 6111
4163 1163
7865 18
9917 8019
6566 1633
7646 7631
7746 1702
3583 2868
4492 2266
2064 93
9744 9554
109 102
8517 3462
4791 3985
3532 2381
3655 2033
3314 2860
7338 3496
8650 6935
2913 1567
5385 2028
4153 2279
1072 675
8585 7578
6720 5028
6827 4000
6553 6018
3952 2160
56 19
5482 4793
7417 2394
6525 4387
7004 427
5181 3706
3762 657
2931 2875
1899 224
2967 1860
7032 5238
929 360
2897 2107
5720 3149
4533 3618
3941 357
2836 632
2727 2556
6278 2136
7609 1851
1335 496
5244 1272
75 53
7781 3668
4061 2904
436 69
2850 1098
7686 6040
9483 2338
6061 819
1018 114
3782 2000
2551 681
3014 1116
3056 2684
797 41
9669 460
997 443
51 42
2569 2031
5863 2482
6763 2435
2669 1799
1430 112
4532 2835
990 962
396 319
7978 7367
8471 3659
1317 307
1128 313
6729 2162
620 49
5766 1311
2764 1045
9906 9036
3169 2006
5692 3319
3018 1237
1290 70
6433 3927
8639 5471
887 378
9287 6229
8703 300
3611 828
5971 3674
6692 4890
9923 6597
8991 1497
622 160
6833 2756
9062 4480
2393 1169
3937 1427
9152 4278
2217 1368
9330 6527
3671 837
8239 7326
6884 2043
3187 2705
96 81
746 121
2090 1982
5765 2423
2402 1466
4646 1412
6656 1800
9668 8231
1536 172
3982 2661
6 1
9921 6135
5484 2912
5956 1096
7000 808
3035 3016
4281 470
2015 1690
3336 1179
4931 2158
4959 2122
676 268
6631 757
6905 5493
8139 5417
4588 372
4034 734
1953 1571
6572 6115
9340 8535
6050 5004
7958 4518
7818 2298
5490 62
5665 1849
2221 684
2328 91
2449 2410
7790 3730
788 773
3904 1846
1122 3
2273 839
266 196
7520 3758
1917 1108
8264 1447
6059 4989
3024 346
1892 1854
3483 2789
2353 1596
7115 6807
6103 5980
4912 4897
4881 4139
5355 2891
7117 6192
3104 1013
6201 2321
3193 2253
9617 5655
1149 568
3202 2094
9801 4960
2984 1790
1776 921
8307 1558
8396 1345
5979 831
3147 60
6904 2249
250 176
5670 4683
3357 476
3282 2502
1826 562
4800 1439
9242 669
6954 4493
7860 7591
3272 2281
3416 1160
552 95
1089 1071
5295 4554
9375 1959
6082 4408
8092 483
1931 491
660 20
8181 2929
2976 729
4171 1855
8627 7737
5149 5110
9976 2324
4987 3299
4203 1153
4433 1112
8073 6529
8484 1454
1868 789
1674 1384
4860 637
2374 174
6983 2351
9103 6996
6825 549
2995 993
1557 206
4769 2113
7568 5799
682 542
7626 2643
8319 3051
611 458
8058 45
3640 38
1437 1294
3266 3254
1821 769
5341 2889
2593 1390
7549 3978
7738 2018
9569 4324
6593 4261
5901 5740
2074 231
1934 1882
6300 5716
3725 466
580 363
7155 259
8045 6773
9985 1379
5710 1030
4206 933
3825 140
5705 5378
477 289
4456 124
598 478
1265 1066
4985 2716
6940 362
709 401
1493 851
7838 2193
1836 437
2646 544
8576 1543
5513 2225
4523 3502
6295 3290
6126 3726
1009 497
3277 2627
9389 7909
7419 3232
6286 1421
6105 382
2987 1288
7696 189
3903 2642
3154 1535
9741 2725
3182 2597
3179 481
2103 2079
375 347
4534 412
8039 7137
7416 2533
8304 2180
3060 2812
4803 4520
7991 1478
5667 2950
5175 3837
8689 5064
715 207
9104 2114
2690 2582
368 208
3682 3398
703 217
1722 664
5914 1218
5657 4499
6599 4660
4485 310
5229 275
5328 4869
790 638
523 26
6673 3672
3050 1547
2796 504
5122 4134
983 190
3467 3288
6392 435
7358 5249
7526 2102
8756 8048
4256 968
5912 4024
2369 1299
1639 1520
7282 6805
9099 1632
8680 4006
7714 2284
7129 4816
3271 4
3879 2323
428 425
4239 3605
1336 710
8451 8222
8765 2407
1538 1152
1492 1167
7739 6921
7556 6842
4452 489
1486 1158
2256 1671
1781 1212
8084 6877
5676 2571
7034 6177
6894 6289
1910 1731
538 374
6036 1234
4583 1967
8598 6943
5477 271
5439 5262
5784 801
4958 2048
2822 2326
2938 1879
1121 1020
3454 164
6239 2194
8961 8617
3165 2618
7204 2085
2327 1473
8447 7691
6385 3471
6679 888
5279 1599
7504 6063
8158 3410
9373 2691
2376 1274
9497 279
7557 5756
9008 1792
2805 1628
232 158
8981 1410
4001 3163
3591 2205
5869 4688
238 2
6129 4710
7404 5382
6469 2408
8120 866
3200 2027
366 336
3245 3088
2344 1701
3264 2463
8445 6247
7775 1145
5479 5018
920 256
4169 469
3878 853
3174 1607
3645 1434
525 327
1037 128
3852 1825
8705 5204
8077 1400
9640 3948
596 514
8363 6770
1688 582
6236 1958
2711 2302
786 726
7241 1415
9386 5068
1420 419
5951 1870
4861 3407
8137 111
5642 3086
3798 1455
8548 5994
7564 5845
931 122
2982 2372
7854 5125
3723 2951
2448 2365
3253 296
7343 6503
7846 2331
1594 712
3329 698
2893 1793
1021 1007
7941 1569
8518 3526
9029 355
3383 3156
1456 247
965 330
3504 1168
5545 903
1441 985
2686 806
2363 1501
2910 67
9231 1314
9125 4457
4379 897
3710 513
8488 7810
1004 153
1666 1011
4298 1363
407 213
6496 3983
3787 2837
2653 35
6694 2693
5324 1413
61 37
9134 2384
8034 1417
5908 5177
6637 5916
3689 177
2765 2311
1699 1663
3045 2980
2445 898
5609 1791
4194 1383
6819 1698
3965 923
2283 2276
3322 1508
1528 919
1197 871
1751 1091
6893 4382
2683 1496
1852 1305
5838 3531
872 417
7098 6561
9419 4551
6315 3101
9527 6753
210 39
9582 8472
8530 677
3131 1428
6771 6359
5634 1718
1837 1196
7821 761
384 149
4187 3797
2784 2421
5561 5045
9098 1638
9003 925
4792 1337
1165 970
7919 2245
7697 5593
1225 324
8138 6155
7307 3953
8047 6189
2870 1102
3466 1577
3775 3022
6817 1941
683 636
3489 2916
9463 7349
2250 1281
7627 6908
7692 1987
8189 7805
7784 5791
5798 76
3175 2129
6706 2740
2197 1194
9675 8669
5779 1144
7157 465
1798 316
1307 490
560 65
5291 1956
4073 785
4635 4166
6657 2808
8155 1239
3602 451
8287 692
3497 434
467 373
9485 8348
6117 860
3717 175
4839 1067
5443 4436
6557 1685
3863 2232
8349 2267
2424 865
4076 3789
1517 536
9734 358
2763 1172
2223 686
2615 397
2389 2155
3392 2181
4201 495
9002 7539
4599 4378
1012 579
9052 5247
4414 4146
3355 381
3880 3613
2857 2137
3822 687
6910 5649
7785 603
6701 5874
6633 2054
6792 5857
5529 5436
2334 2152
7389 6574
8301 2786
2955 764
7332 5059
9341 5981
9438 7503
1193 723
8838 3900
1324 1241
6264 1587
291 103
1732 1424
5480 4291
733 706
3280 3098
2479 977
5687 2608
3794 1351
4368 1562
9354 6112
4225 1506
9390 3055
1766 390
4180 258
5541 1226
5001 2645
4623 3746
9272 5554
1213 890
9570 2472
9824 2583
3237 1050
4237 2644
1516 1502
4236 2233
1979 508
5810 1134
9038 7421
1611 1141
2713 286
7016 3722
2337 1157
3913 2257
2934 2473
6079 1550
125 86
8266 2042
7094 3943
821 494
6357 4029
9632 8466
3349 2730
9050 7230
7982 2675
7102 2118
8749 3348
2071 1944
3864 583
8514 5448
8925 1856
5972 3946
2151 1783
9815 6467
9116 7027
4455 4391
554 77
1621 776
4903 364
7351 7012
263 212
1322 510
8131 6016
3586 2536
6313 3007
5337 3141
4569 1795
7653 4280
1409 239
8874 3914
4879 2011
6787 3250
5626 1805
413 43
3197 714
6918 4552
9174 5368
3473 964
693 240
9736 5086
8573 1259
602 325
2222 2132
5462 5048
8999 6221
9623 858
1270 626
1981 949
6287 4294
777 771
5566 3630
2089 1178
5241 31
2874 971
3508 1326
2813 2316
7981 7734
7977 3225
4539 1078
4486 3649
7560 1721
8311 2240
6858 79
9318 6812
7552 2700
3063 2940
6756 5571
9961 9435
6620 3828
8710 90
4188 1391
3810 782
2230 1788
6465 1142
8162 6713
272 171
8751 2111
5159 4544
3518 2239
5037 4389
4124 614
1972 1124
813 719
9327 791
4549 1552
3125 805
2698 695
6356 3871
5757 5077
9138 5138
9865 7792
9014 3859
999 221
1522 1062
5489 1726
2833 1279
8888 5937
3779 2977
4836 3693
7629 133
8015 472
7121 4207
2417 321
4538 1970
6966 4702
875 143
4091 3345
5538 2821
9826 7049
12 5
8313 3561
2878 2340
8649 4489
108 82
1150 32
1202 422
4095 1893
9843 4910
5797 2516
