562
3699 8160
3363 5730
9250 9435
5396 9282
9119 9831
2265 9365
4773 9552
8630 9957
9330 9921
1009 1523
9337 9913
5676 9183
4149 9451
9748 9908
7768 8166
6140 6615
4319 6523
5835 6481
7642 8211
7531 7876
7439 9422
2602 9153
7081 7879
3186 5072
7838 9272
4252 8609
4676 8178
7475 9461
7748 9244
1327 2390
9257 9660
9423 9493
4055 7509
4052 8958
5610 8055
2948 7778
7346 9275
8168 8698
2153 9263
4923 9247
9170 9524
3074 4115
3783 8014
2267 5030
8092 9014
188 2411
1797 2585
3181 4228
9701 9872
7362 7468
9474 9834
8803 9859
9341 9607
5955 8147
5285 6572
553 9405
3482 9418
5102 5135
4890 9018
6315 9895
3316 5244
6118 8598
3855 4341
7855 8227
125 2193
9990 9999
1343 9248
4861 4889
4759 8317
805 4899
8299 9126
6252 8043
3020 6743
5750 6676
2826 4125
349 5856
7094 8192
5632 9147
7842 9027
8101 8291
3520 4298
3773 8634
5903 7996
7813 9868
9747 9803
8165 8264
9686 9726
8080 8636
6321 6446
6168 7635
4340 6910
627 5202
3172 4408
5320 5681
8153 9299
6703 9061
2140 8059
2858 8095
7429 9693
9035 9611
4583 9909
916 5048
3414 7933
4028 4216
3816 9005
9221 9514
5174 9852
6814 7365
5265 8755
9358 9866
7519 8885
2230 5114
7272 9572
9156 9853
2632 4274
3605 5379
8581 8588
4958 5860
8978 9469
4422 9977
4579 8629
4589 7337
2192 4709
3797 5346
2482 6791
889 4086
7618 7683
6064 8154
262 4002
850 8945
6312 6419
5612 6468
3481 9573
6974 8045
923 1371
8919 9974
7501 9445
8867 9089
5934 8864
8488 9907
1448 4732
1376 1547
3419 6943
8805 9888
913 8015
2869 4846
2675 9324
9112 9618
4659 6892
2786 7000
4466 9028
2266 7119
4325 9509
423 6010
1423 7168
4416 7963
281 8734
3194 3509
8366 9825
7633 8500
7948 8965
6490 7467
792 5504
53 7073
4344 9649
8688 8731
6361 8981
3504 3941
559 9698
196 8874
2260 2773
8250 9351
3847 5616
2087 4286
8430 9466
4834 6794
4969 6672
8181 9364
4824 5366
1585 5319
2491 7815
2291 8569
2692 6283
4160 9237
933 6961
2334 4593
5235 7059
3931 6065
7207 9415
9527 9995
6288 7019
9714 9844
9319 9372
6958 9411
1671 6316
6352 6592
1768 1888
2394 5726
2866 4478
7753 7783
9958 9993
2165 7451
3010 8487
6777 7172
953 7471
7723 9453
781 1502
2351 4477
5419 8475
8381 8779
7069 7217
3294 8150
3654 4963
8763 9340
4917 9579
9508 9790
4815 7901
6586 9966
1603 3455
3627 9918
1304 6522
2392 5904
4277 4808
5689 7874
7076 9807
9098 9452
187 5156
7973 8590
8461 9129
171 9538
9532 9734
8673 9318
577 8310
9826 9871
8390 8960
4647 9289
2189 3823
1370 7303
5315 9523
3187 8350
1697 3205
156 5321
5718 8670
1027 8889
3114 8271
271 8396
6314 8323
4576 7801
6518 7002
5982 6638
5282 5358
1625 1782
3637 6088
6884 8433
3596 8118
4627 8344
1447 7066
2214 3437
9678 9935
7860 8229
9996 9998
1783 6744
2635 6729
1004 6597
2187 7488
7972 8895
543 5809
5477 5515
7506 7687
3540 9507
3177 4486
6587 7061
3836 6269
2037 6821
66 1116
8663 8761
146 3946
291 3047
9402 9787
2908 8046
1601 6560
4949 9858
5557 7196
1168 6218
224 9336
2188 2891
5137 8247
3680 8997
2847 9427
4946 8660
3582 8972
8633 8917
5605 8799
2503 2532
3563 6527
6760 7719
5384 6960
8618 8937
2340 9526
9986 9997
4956 8796
4007 7474
7209 7839
4390 9876
3353 3859
8486 9369
7645 9388
892 4508
91 5775
3398 6565
86 6081
7695 8040
5378 7163
5197 6494
7242 9103
8682 9564
2012 8156
1143 4688
6509 7212
8762 9817
7956 8276
1138 3131
7507 9157
3338 8770
1507 9971
8078 9766
9475 9499
1403 7601
7951 8692
9105 9519
5406 6267
400 6870
7981 8976
3684 9456
970 6681
3190 6094
6651 7570
3860 7356
2058 4449
2269 8245
7680 9800
6483 7173
8069 8515
7074 7430
3722 3937
8116 9166
1516 7278
8594 9328
1975 3894
6470 8134
63 1976
1561 9041
2034 9784
9096 9267
3309 9256
8724 9008
3463 5095
407 9497
5002 6362
3108 5299
2434 4220
837 4453
2874 3137
8986 9106
3433 6191
3282 3557
9889 9982
6912 9744
6570 8480
4713 5271
394 3917
6046 8933
3453 6034
3077 6105
4501 6535
1007 7269
7494 8687
5049 7575
7309 8089
3983 6909
2451 9092
5944 7734
5713 6091
4758 9951
1906 4747
9802 9809
6377 7194
69 7259
6347 8674
9016 9149
6918 8128
3617 8346
1565 5899
5240 9500
2372 3566
6164 7650
5937 8738
1795 3013
4255 5060
7205 8820
5398 9159
6554 7516
2427 9394
7236 9610
2791 8512
4550 6273
9162 9495
6806 7578
4190 6499
5101 6243
646 8813
1712 3280
9339 9865
7588 9815
8340 9329
3016 8039
4392 8715
1857 9218
3001 6601
5999 7522
186 2158
710 1256
980 7606
5558 5987
5121 7178
4394 6566
5359 6418
566 1816
8520 9558
4851 9069
9628 9880
9476 9647
5452 8595
2336 3560
3261 6599
248 5727
2506 5959
2790 4497
9082 9794
2182 4715
3243 7045
4864 9429
640 2258
6120 6616
3167 5755
2159 7751
2561 4610
6059 8775
5523 7359
6889 8050
4806 5655
8110 8722
8842 9145
6412 6722
2301 2531
9551 9602
71 2051
6111 7677
708 747
9780 9837
5099 8646
3706 9471
3771 8185
4734 7746
1772 7267
7357 8223
1272 1989
1078 5247
6951 8909
5021 8849
4668 6510
1775 4876
2893 5328
4966 8496
2996 3109
6324 9398
7610 9643
5020 5234
740 4264
5552 8395
605 2895
3567 7111
3462 4222
3175 9432
687 7765
1390 2914
2102 8220
3944 8835
5179 6869
7109 7970
4640 8847
9463 9490
1647 3090
3668 7869
3440 8267
1280 1607
9410 9632
3303 5304
2782 7010
3237 4154
5005 6613
6750 7544
4195 6237
780 7817
9842 9943
1668 3347
7579 9745
7391 7558
697 4674
4498 6253
2870 3326
3670 6485
4746 9985
1171 3728
3393 6957
2933 3634
7887 8218
737 5323
2003 5199
9150 9851
8270 9923
3681 5534
1973 3909
9877 9931
8807 9459
4836 6084
1431 6149
985 8274
823 2397
3164 8404
611 9265
7599 7865
4694 7261
294 7254
5221 5594
6038 7957
3136 3998
6002 8532
383 8462
4638 7130
5882 9936
2771 5405
7950 9581
9068 9705
2639 6933
5742 7195
1294 3985
1639 6113
6124 7164
5367 8756
5695 6713
6625 7266
2929 6639
5309 9697
5214 7237
8349 9648
2621 7283
2880 6213
3429 7182
5076 8193
4060 9738
7120 8283
549
5519 4338
4005 3721
1680 1670
9481 7289
3682 1326
7563 1061
6782 379
9589 3461
2617 1129
9629 3571
4769 2181
6017 4458
1005 967
3755 212
1760 785
7953 4860
3229 228
1820 1214
8953 8260
4779 4215
2977 1790
2776 180
698 665
6921 1492
7179 184
3921 61
6151 4613
8771 4071
2148 323
3224 795
7738 3082
7929 3392
2203 151
1886 455
6042 2677
67 1
2949 2338
8228 3432
7390 6880
8259 7348
4490 2837
6303 1490
8502 517
2980 2501
2261 104
7446 2665
6245 2463
9559 2573
1743 755
2696 461
1341 1130
115 36
1613 1384
7819 7737
5927 4374
8465 4633
6323 1793
9735 1745
1672 8
5573 1776
8650 2263
8800 2674
2246 2241
358 49
4076 3869
8016 5254
2147 1684
1333 866
5468 1936
770 264
7671 1356
166 33
5154 3675
8305 7983
3124 3097
3151 2944
8861 3572
701 624
4488 3812
432 325
1464 320
2061 2002
229 107
8170 427
4984 2892
313 304
1875 1508
8477 1750
418 390
6753 897
316 118
3957 2890
5252 3372
8846 8492
6196 4201
2126 1784
2013 153
9368 8624
2904 2508
8191 253
1476 117
2086 917
4131 3600
1674 1381
5227 4982
9482 9146
8723 3995
4221 4194
8469 6847
5561 952
3522 1379
6239 4908
2667 2296
9322 3099
2484 1954
6946 3912
8918 7835
5480 2968
1562 679
5778 609
9101 1132
3364 1146
4326 2413
1744 745
7294 1395
1303 1259
4063 761
8906 844
9944 8169
7517 4480
9073 8924
5647 5332
6726 5654
9404 1392
6538 5895
3032 1798
4646 752
4811 2997
4719 1609
2682 528
3698 3059
7027 79
9543 542
6983 1967
5638 2107
6050 5458
1868 1847
1284 1225
1943 1196
8054 5906
2727 1262
9671 9307
9814 3180
807 56
1120 1085
7369 2110
2151 1233
9890 5151
9021 4927
8886 4631
601 518
7377 1372
7521 6115
8999 4309
5464 4961
3500 282
9331 4828
5743 4078
9793 2981
597 312
1270 92
4995 250
4756 4738
4649 1579
1198 108
9343 8023
7160 3472
7080 6452
247 9
3386 2022
7290 5024
6945 5418
5443 1633
1955 790
1148 149
9359 7375
887 42
1542 724
3299 1274
6289 4807
2983 2819
9940 2517
2681 1964
3789 2322
9087 7934
672 231
1108 833
3976 973
1878 602
822 815
4906 4776
4743 4156
5709 4259
1938 702
4504 4495
2566 96
8707 5880
8596 6175
6160 259
1117 167
3940 2223
6363 882
4359 415
7353 29
2212 959
2529 1170
8103 3113
3475 1608
4757 198
2728 2560
6919 2664
1648 902
4088 3993
2499 1030
6902 6319
9887 9242
1411 904
4630 1405
2732 1055
7829 2252
9169 2496
7313 6313
3345 1347
4470 345
5085 1824
3962 3369
2449 1073
5446 2525
6435 3879
2327 2112
6972 485
3775 1525
6382 5011
1316 628
466 197
5976 784
8180 6702
5797 4929
2793 462
7204 5008
7667 3499
4766 1063
5093 669
7126 4569
4588 1417
2972 1838
6304 5808
7727 7684
8586 7932
3255 3040
2060 161
7773 7384
2551 123
7147 4912
4302 840
1463 276
8476 1903
1833 1739
234 22
4549 4270
4538 4000
9664 1222
4034 878
5078 2313
4952 4455
6048 3260
8617 5512
1578 675
6404 1667
3615 3078
7033 1251
4440 1044
8848 6039
1366 994
8179 582
2989 341
1349 554
3274 255
5741 4102
6801 452
5524 110
8883 558
6922 2127
1396 1151
3844 798
4544 1165
6913 4356
8322 4334
3692 1702
5516 3385
9741 3928
2736 1481
52 13
6161 3050
4444 3443
9109 722
6999 2628
9292 8336
4232 3041
4581 1252
5902 2398
2486 112
1977 853
6802 3616
1736 1661
3896 235
6637 6036
547 190
6525 5772
5869 3723
7857 6781
6707 1420
4008 3288
2903 1860
395 280
4514 3849
8795 3007
6862 1315
6078 1293
8572 7947
5456 4810
5864 2205
6512 2711
8888 7587
3577 1324
1269 447
1854 1119
7230 1350
403 382
6809 5092
1862 450
2487 397
645 616
8325 5453
3200 1238
9762 3037
1297 132
4362 2812
3659 647
4306 338
1611 539
694 607
6771 448
4330 1398
2658 1719
8940 5621
4867 1126
2145 74
7891 2586
2302 825
751 651
939 531
3930 2278
9293 1397
9633 8542
6142 1947
1457 1298
1708 613
7504 533
4883 891
4405 1186
8739 7255
8197 4145
2505 1035
9750 9596
430 221
2232 522
9401 1149
2245 836
7151 6940
2281 2042
9050 8123
1677 1652
7822 5331
3484 2637
6739 3587
9911 1527
3371 2220
1574 192
6939 5291
912 366
7336 821
778 351
9857 5064
2568 932
9012 6443
8032 5004
1551 1422
3601 2841
1821 256
1907 926
6071 3956
2045 660
6598 1910
8691 3182
719 408
4335 2063
6311 4247
5929 2818
9030 7612
2565 2074
3743 797
9968 580
7016 5511
1781 238
367 44
2622 1917
4541 3036
3801 3287
8745 7668
9194 5318
7206 2303
7769 537
4280 575
6128 5392
2882 1413
4431 3586
32 11
8621 3842
3464 2816
2400 2062
330 200
4075 3089
617 473
5996 4735
9054 5820
8320 2717
3814 2288
9754 8501
8735 3996
2309 1039
9197 1515
8392 4619
391 137
218 160
7639 4994
6674 1332
5877 23
9742 3446
5292 3969
8143 3262
5249 1393
2466 1365
7790 858
4027 2631
2958 614
3152 658
6635 6068
9038 2384
8447 2734
1716 279
8075 4240
5952 1445
4778 2984
4463 1619
8966 3285
499 328
8894 353
4402 1092
3588 1777
7086 2402
9228 1406
2537 1664
6282 3257
6154 4540
9464 2641
6054 31
8090 6057
7186 6006
5436 2821
274 145
7875 4059
8902 1788
7068 6369
7965 992
99 98
773 81
9785 4217
6003 4428
6576 3024
88 50
1586 453
7649 6214
8356 3872
7276 5148
8859 252
9674 6246
9546 3971
2103 239
7442 556
469 35
7742 1512
6325 356
5194 974
1470 746
2197 2106
4187 201
8725 2662
3524 1880
6387 1471
4481 76
2589 399
7417 1474
5760 4211
4663 4112
8286 1118
8479 709
9749 9344
8706 8111
7986 7776
947 589
2320 15
1763 277
1988 935
5979 3283
5886 4443
5747 437
6758 6704
8620 6217
8405 4473
8821 5280
8840 6366
4250 3362
1351 1048
7058 38
128 39
3911 3609
8676 5518
1177 968
8765 135
8261 6664
7930 4049
2840 230
6420 3029
8423 657
1150 438
2270 396
6465 1591
7202 5660
