600
6017 9360
107 8182
9371 9838
4041 9518
7411 9195
9955 9957
3415 9367
6700 9520
7521 8469
5420 9182
599 7531
9316 9659
555 9433
2550 8466
547 9549
430 8115
5823 7095
9713 9760
4347 8259
9355 9513
5173 9990
4655 5496
6479 9901
4191 9934
3453 7851
2666 9619
3741 6443
3095 7827
6203 9886
5275 9252
9928 9977
8204 9465
7512 8373
6965 8343
5040 7058
7371 9058
4141 7002
9439 9828
1249 6987
5944 7376
5469 5563
5316 6329
5688 6207
3891 4173
5985 9287
7421 8062
443 3643
8318 9999
2693 9924
3928 4666
6892 9810
5777 6671
3880 4660
3751 5941
1238 3079
2389 4078
9883 9967
1664 2175
3442 7711
5550 6812
7920 8101
1172 2526
5533 6869
6462 8438
1181 8444
7384 7924
8870 9529
8662 8776
5390 8233
1503 1941
1335 2679
2027 6998
436 535
3069 9083
1306 6387
1211 9468
2320 3423
3886 4959
2163 8140
4709 6223
1291 9011
6326 7962
1139 7863
1533 1842
1160 3361
915 1286
1693 4345
2558 5175
6337 7887
9514 9667
2393 5829
7758 7767
326 9558
1155 3844
8942 9212
9898 9906
5023 8120
177 9482
1602 8621
8429 9864
4884 5987
3971 8348
5000 5064
4755 9761
2867 9424
3348 4234
1358 4055
5172 7696
2937 9290
8559 9938
821 1443
2102 8921
646 1435
2494 8334
3529 3795
350 1960
7598 7853
4469 7756
2479 6244
1493 3162
4962 9469
6599 6907
285 325
9158 9515
7764 9373
5786 6928
9357 9573
5691 7812
4758 6283
7215 9376
5185 8440
3345 8959
7574 8162
5775 6919
3100 8038
3807 4311
4399 9597
2178 3434
317 6281
4415 6323
4009 8157
1146 7484
3925 7681
5853 8731
5799 9718
775 3736
6722 9304
2627 6113
5657 7111
7018 7602
2913 5997
9002 9333
4181 7891
3803 4833
3237 3550
8646 8695
3019 5882
9511 9857
845 6731
6562 8860
1147 6654
9749 9795
3989 6405
2586 9960
3440 6867
5052 8136
6763 9539
5693 8121
4824 7174
4641 7356
9418 9487
3027 3577
2882 3954
1033 8800
6886 7644
3955 6821
4924 9628
7012 7780
5142 5797
8353 9165
7579 9662
2542 6566
3029 8073
1422 2807
1038 8634
8877 9340
1488 3217
1706 2019
2887 3848
3269 5240
2672 8669
9328 9715
3024 4530
5967 8298
1644 3006
5962 9264
7734 7934
9019 9892
4262 9620
2726 5184
6356 9633
3993 8631
928 6433
4147 5035
1283 6601
1491 8616
6476 7441
6021 8827
179 3062
875 4028
4652 8570
9271 9524
4188 4476
9246 9308
8129 9077
1173 1514
2806 3194
7488 9455
5033 5318
6955 7247
9358 9935
9450 9835
9798 9946
5613 9498
3392 6049
913 2006
5396 6053
8473 9401
7651 7868
3130 5506
4940 7276
4582 7540
922 4664
6903 7866
81 2989
9779 9919
5902 6662
1073 6466
7867 8210
2549 7068
327 5080
5931 8905
6315 7318
2926 6846
3014 9115
5814 6494
4955 8358
6272 8306
7899 8853
37 7880
6148 7466
9134 9691
7861 9551
5190 9599
6972 8041
7821 9554
7587 9224
2071 7334
1088 7936
6045 9526
9429 9690
3916 4778
6874 9567
1411 5828
4388 5365
1371 8459
5783 6795
2725 9615
4842 5344
1998 6638
9047 9456
3449 9840
5456 7560
8130 8150
1041 1472
9663 9941
7544 8753
4057 6802
5379 6523
7292 9327
1749 8504
3689 4436
2598 7667
6938 7695
3490 7806
7129 9394
9007 9753
5465 8771
8961 9641
8643 8982
5325 5694
8214 9446
7803 9274
8629 9191
99 6219
9326 9874
633 7665
8061 8364
3686 8723
6316 7738
7497 8387
5555 9198
2654 3746
6081 7921
9420 9666
2143 8535
4025 5908
8970 9272
1099 4767
5158 7402
3660 8198
6322 7779
6718 9096
2170 9590
7992 9471
5798 7008
5303 6793
5385 6845
2798 7833
3133 5223
735 1971
503 2263
3256 4099
9921 9958
9160 9804
3202 8739
427 516
8775 9073
3382 7943
746 5578
9712 9983
8151 9692
6291 8117
6879 9540
5182 8830
149 3184
8084 8554
7226 8384
4910 8241
9207 9269
6202 8998
8471 9996
6711 9729
7128 7615
9748 9913
7175 9101
6636 9480
3664 4098
2879 5953
5008 6170
5743 7198
4131 9586
3780 6686
2411 9805
1257 8409
6856 9413
2269 3402
4780 7035
7141 9383
9956 9978
6016 7148
5511 5881
4968 8563
4511 4809
2850 3355
447 5226
4773 5296
1606 2497
4872 7043
6271 8950
329 7970
8171 9016
2292 3582
6122 9179
7038 7153
124 3398
7362 7754
7424 8917
6155 9369
8223 8717
2630 8170
8826 9368
7320 8087
3555 6438
4681 5623
5239 6577
895 1762
9618 9734
2338 9043
781 8369
6241 9284
5541 8482
9911 9936
8476 9351
5827 9802
5854 8277
8613 9635
9737 9773
6159 8417
3917 5560
3341 9727
8571 9162
8787 9949
3885 9711
6923 9968
5893 6029
5307 5624
4686 4829
7797 8732
5887 7575
3708 9036
4212 7577
6055 7361
3869 4413
3727 6951
6858 8679
9098 9219
4945 8541
8085 8595
6702 8328
7130 8310
4020 6112
5952 6888
6911 8835
8238 8600
7464 7840
8683 8875
9044 9707
8273 8671
3331 5916
4189 5674
3515 8498
5489 6511
5481 8177
2902 6416
1637 3368
2222 7155
4721 6180
7688 9873
3071 9242
8604 8986
6920 9257
5717 9905
7922 8243
6801 7873
6348 7616
8803 9260
4155 5123
2704 6245
3212 9833
2288 5599
6282 7748
212 4195
8700 9448
7355 9230
3108 6205
2400 6752
3538 4534
3705 9940
5871 8720
8914 9817
1032 9032
6350 8490
7284 9544
1353 6982
6567 9825
8449 8690
7028 9986
3140 8862
5593 8741
480 3969
6211 8286
7048 9220
6983 9725
2484 4485
7597 8847
1051 7966
7338 7562
5778 9653
215 8534
5354 6259
260 4375
3484 9061
1089 7739
4868 6652
6257 8729
9824 9988
1880 8918
244 2277
2796 9467
3074 5393
3940 5890
2618 7776
1120 8699
8290 9168
2329 3351
7561 8048
6114 6779
5686 6781
7221 9099
3174 7399
9004 9225
4406 5875
9591 9888
3767 4127
9130 9282
6542 6922
496 6898
3902 6786
4480 5819
380 6583
9947 9954
4822 5043
7096 9836
8849 9587
2809 7830
5166 5333
1464 5628
2505 7378
1375 1405
4282 8404
3610 6824
9346 9580
1864 4176
4123 5966
3332 7241
1273 9812
2399 2810
2084 8899
378 2216
1346 7123
132 518
7261 8349
9742 9782
1701 7971
7907 9024
2982 6939
6278 9974
5825 6969
745 6270
8912 9556
9813 9908
5284 6255
6303 9503
7414 8689
32 9674
3427 7573
5625 9963
4692 6747
4473 9214
3455 9444
3724 6424
1793 3992
3287 3343
4735 8071
5700 8611
8677 9997
2310 5923
4256 6785
1658 6034
3914 9856
7280 8063
586 9365
7253 7910
6914 9102
2689 4539
3121 4198
9093 9694
6063 9740
682 2371
1020 6351
3186 7858
8045 8687
4976 9334
2022 7265
320 2681
9005 9578
9787 9971
6399 8514
2883 9421
88 4810
1298 1919
3118 7661
9256 9763
8026 9105
7363 8757
5606 6124
2153 9171
5095 7006
7434 9347
1440 8962
7782 9143
461 8832
3683 4866
5044 7061
8391 8730
7165 8375
3669 9239
5939 9453
6733 9034
426
3675 701
9953 1258
3358 1565
8747 5360
6087 4921
7447 3873
885 686
1180 641
4673 2852
1832 1599
5076 1455
7856 881
8637 7025
6094 3523
4808 4427
9157 5202
7098 1611
861 204
2770 1068
4719 3748
9622 6730
5968 2763
305 148
4238 3524
6254 5590
8183 5826
9882 5395
5139 3566
4227 1278
9303 4985
721 301
1545 450
4060 774
5497 3050
5249 1798
4463 843
2469 1738
4168 606
4329 178
8567 1098
2849 1024
9447 2388
6188 4110
2049 1293
5339 519
6529 6075
1774 598
8242 3535
916 638
5492 3859
7645 1391
2299 1826
5711 1450
3284 1492
802 653
2551 2386
7771 4979
5414 1729
7031 5940
3714 290
7671 2474
6887 1819
4214 3349
6720 4736
816 779
5682 2172
1416 24
3347 3276
259 21
6183 5807
2167 196
4048 2225
6835 6263
1188 185
2374 1136
1027 168
4487 1093
2845 400
7452 2698
9266 5141
4304 3142
1640 1178
9569 8641
2695 1159
1341 672
1642 1174
3165 2515
9583 4911
8376 987
6232 4254
8736 498
3804 571
2177 966
1651 944
3216 1685
3621 3520
4575 1340
2101 2037
5837 2457
5632 1145
194 182
3049 2842
9914 5417
3394 1062
2069 1203
1822 645
1939 703
4812 512
6579 934
4258 1792
8777 4935
7977 3570
3958 2377
2543 2529
1851 1563
1434 1276
6111 1681
4925 2626
6971 4085
2587 1802
6033 1703
8639 5337
1226 475
6905 3521
5387 876
838 796
1914 1401
5983 56
2528 1655
2139 223
8270 8081
264 222
6817 6025
7578 390
4309 2684
4267 3537
4814 4443
4507 1759
9945 5218
4453 2588
1414 414
4752 220
3499 2005
3990 1192
6552 1861
828 495
5722 2198
5665 5097
3263 2173
1829 1057
7902 3697
3838 958
8725 4584
3470 1428
7788 4953
355 48
2402 370
7724 7525
5138 5038
3934 3267
216 49
3278 2286
1433 970
8968 4475
8403 3375
4387 3432
6769 6141
6777 4865
6011 1581
879 692
6789 6421
197 50
2818 324
2214 2055
4369 3066
5459 5232
2194 1520
9512 3876
3363 402
1011 84
9509 7477
4338 3527
3809 2346
4860 4
9166 4711
7137 1868
906 419
8980 7954
8724 1144
8647 4321
3776 2065
8299 2501
2857 1153
9233 6754
7744 2851
7117 5794
5321 722
538 247
2164 1295
7947 2568
7592 6531
9684 6002
734 386
8714 6383
1490 862
7912 4549
9980 1484
831 799
5678 1953
8422 3214
1082 801
9426 7042
528 5
6792 3649
3820 2920
7074 694
5353 1213
2536 584
7935 5174
5449 1002
9209 4097
4167 4038
7685 2103
3459 1487
4650 119
8828 2256
9033 3842
1859 1742
3806 441
2058 1035
9121 4541
2442 1728
1970 452
6547 513
4180 3275
5545 135
6728 2246
7857 5498
6168 687
5341 3410
3721 1445
4975 1067
3418 16
4307 2452
9885 1824
2333 1129
8766 4040
1080 523
8944 8903
7606 4036
9187 7842
8811 6772
5726 5715
7039 6391
9111 1616
384 164
7593 440
6069 2556
8452 7428
9985 9708
9806 4794
4900 1513
2841 1119
8320 1246
2144 394
1925 332
6369 631
5308 3085
3874 1017
9710 8102
2404 2271
3103 909
8993 2318
8988 8619
5150 2460
3923 1561
9192 6589
1536 110
462 460
3042 1831
1800 313
420 392
1117 490
339 310
756 38
93 17
6506 5298
6989 493
7097 2330
3110 1052
4528 1389
9323 4178
5701 1698
5394 4044
9930 5884
3206 741
9602 4303
4508 3397
3292 1206
3836 2956
3695 1548
688 545
8748 8278
9871 8104
4661 2896
5695 656
4914 423
6992 5666
3129 2243
1342 1007
7460 4996
9063 7666
1270 205
3378 583
1816 1360
1436 334
8987 6759
7973 5544
6059 229
6427 2363
8499 254
30 10
2033 1297
9137 5194
8392 521
3454 3270
2961 2950
3304 3185
964 511
7528 6840
1094 432
533 359
1559 439
3315 1282
8517 5462
2979 2589
2735 1201
3548 651
3628 762
8172 4277
846 20
5375 2232
2378 2149
5425 1660
3788 3176
9925 1814
1564 903
1466 1280
5572 2294
4895 972
1869 871
2790 2309
2788 1374
2307 1809
5868 4203
9750 3781
7585 1756
2909 1385
8573 5930
5587 43
7076 1532
3154 2403
479 464
6404 3240
8285 489
7518 1334
1927 1419
7172 3964
6287 3222
7655 2119
1767 1108
4802 4509
3839 1309
4381 2973
7885 2045
4545 2124
718 564
3651 121
2302 1289
2921 2897
6249 3428
9834 1523
3771 3525
69 53
1125 840
9454 5727
3135 333
929 627
3233 3152
1521 476
5614 171
9765 9236
302 276
4500 1828
2117 2108
4720 1597
4820 4502
1624 713
2632 79
3457 198
1556 1509
5215 1976
2387 1112
2327 1785
7181 4698
5442 1219
3037 1844
2453 2088
7045 1782
1753 1600
7517 4625
8823 35
1916 1562
6441 4887
5583 858
5920 2848
2997 7
6076 2783
1325 277
6943 4010
2604 2301
9865 7470
2865 2174
5690 3947
9534 1711
2839 44
