900
5619 6796
5820 9703
2440 9545
9025 9330
231 5431
2105 7012
4740 9098
6324 8851
7390 7547
8807 9114
9615 9862
2973 6772
2643 6721
6199 8123
3750 8723
767 4719
7761 8876
4340 9978
6228 7412
8263 9402
4078 9296
9008 9681
243 9904
2205 6254
6008 9057
4587 9799
5306 8034
5851 7418
4841 5838
8811 8968
439 4600
2841 4829
2257 3377
4771 7518
1061 4892
8365 9772
3381 9061
7055 9832
5841 6407
3193 9086
3364 4776
4098 6823
5998 6040
2057 3853
8398 9172
1208 1335
5408 7871
851 2095
5700 8048
3773 9705
9424 9732
9189 9812
3214 8610
7902 9796
2453 3158
5679 8677
3401 4612
5519 5950
5799 6610
2758 7525
8321 8706
3663 4548
6000 6630
6632 7955
8788 9273
9084 9609
5750 7007
1946 9719
8113 9048
4413 9523
5004 7872
9058 9527
6571 9512
4253 5303
3130 9386
9970 9977
7513 8440
8144 8690
905 9023
7386 9603
7032 9924
1052 6701
8150 9890
549 706
5506 6958
7451 7565
5379 7391
2249 4394
9579 9739
5051 9664
2798 6909
3563 6289
3503 8828
2280 9104
5246 5480
6321 8461
8702 9613
3394 4787
8487 9101
1411 2013
680 6017
8808 8859
2976 9196
2303 6055
8288 8664
310 2746
3407 8358
303 3015
9951 9954
2051 8816
4996 8246
1256 7467
4395 6865
3927 4069
2295 9233
3709 3911
863 4295
6970 9526
1978 2913
4037 5551
547 8694
631 6003
987 6346
6545 8259
7795 9454
2018 4975
5486 7146
3857 6260
8863 9018
5572 7490
1726 5282
4157 7901
7844 9450
4707 9091
2450 3651
460 9131
4046 7763
9294 9998
3465 8911
381 6300
9736 9860
2325 6938
9399 9857
1296 1821
747 8165
1780 7365
5882 7945
5662 6644
1580 1681
8897 9672
1288 4563
3821 5746
8417 8550
9938 9994
6636 7428
9884 9916
9895 9997
7423 9905
4505 9235
6318 8796
3327 4937
6988 9041
9563 9714
2771 7507
1932 4943
552 9234
7286 7563
3928 6006
6176 9980
1561 2366
5931 7167
1863 9075
123 5969
3874 6004
7708 7780
1412 2518
5532 6276
3627 5656
4934 7550
8658 9261
5302 9774
4124 7866
673 5559
9255 9451
2732 7684
8650 8831
1929 2966
7211 9632
2054 5102
892 3320
5389 7867
932 2086
4059 9901
8667 9952
6497 6767
9303 9972
2143 2403
2235 5661
8198 8232
599 3258
1686 6420
6080 9815
5161 6934
902 5758
6536 7953
5013 5642
7734 9840
6765 8196
1351 7366
5640 6352
7845 8626
6067 6250
4012 6452
1370 2858
9373 9926
1197 4455
4121 4257
8983 9510
206 5360
2145 5726
7394 8166
9897 9985
6445 7060
7801 8709
7476 9004
7911 8120
1882 2420
9644 9991
4202 9820
6444 6566
712 5783
7371 7512
6661 8571
8085 9065
3068 7984
1685 2379
42 6253
4465 9610
6322 7836
4809 8775
7098 8000
5698 6194
2360 4825
1228 7073
395 1042
1548 7301
907 2376
8989 9331
7312 8177
2843 6271
4510 5962
566 6432
9969 9987
5081 9343
1716 6884
7303 8941
3455 5406
4918 5869
9380 9626
4329 4653
2283 5866
4981 9010
1997 2506
6878 9574
8781 9491
4461 9215
1376 1665
264 7648
6844 8456
6854 8872
4258 6953
7661 8428
7377 8931
4895 8094
465 8778
9725 9839
5368 5896
3998 5986
3386 5928
3494 9205
6122 6270
5555 6376
1843 3093
3925 7466
7293 8942
6871 9439
7810 9003
634 1764
3610 9319
1427 7029
2848 6110
1414 4614
893 8161
3176 8281
4359 8135
6578 7824
1619 2384
1666 3678
53 2380
2862 8124
8292 8655
2491 4376
4649 9955
8224 9873
3273 3733
8764 9515
7520 7967
7030 8215
4675 8926
838 1747
9473 9496
199 832
5373 8007
1521 2193
1192 5548
357 7940
2096 5131
2835 4775
3270 9617
408 6981
2508 4836
2320 7479
737 755
4507 5058
1113 6449
3944 4399
3706 3711
3423 7215
5653 5831
9390 9674
3469 9826
7058 7753
3954 7014
9538 9802
1116 3516
8585 9683
5012 8463
3860 6051
7573 9062
475 2911
7042 8744
7904 8379
2089 3850
9964 9984
5830 8542
8741 8758
3336 8738
4639 8056
3605 3710
9472 9825
9385 9640
1851 7552
4197 5564
7610 8160
6484 7041
6096 6522
5806 7948
2897 9013
2130 3708
4418 8320
765 8984
8390 9502
4391 6806
6431 7596
8009 9965
8136 8510
9097 9310
7689 9462
5669 9427
1859 9883
6712 8221
3957 5203
1936 2441
9187 9669
8151 8186
876 6977
5080 9993
1680 5494
4935 5022
6333 6654
258 9597
1451 1511
2479 4616
6 4097
7638 9455
9594 9976
8072 8805
4108 5562
5031 5715
8057 8068
1057 9877
9351 9577
2776 9621
6534 9138
929 1053
7223 8570
602 1887
1125 5613
7087 8078
1910 2823
1187 2171
6123 7546
3487 4307
6374 9793
7005 8155
8817 9183
7474 7724
4889 6682
2726 3201
4783 9753
665 8251
3425 9381
7399 9257
8384 9841
3720 5432
8511 9333
6667 8986
6502 7992
374 2813
437 1766
3288 4049
1540 3789
8548 9992
6781 7130
3109 3340
2525 8591
3092 9338
6005 6693
7091 7217
3195 5041
5714 9051
1939 8058
287 4503
2091 2500
6616 9967
9757 9835
9854 9943
82 2971
578 3151
2266 4820
3213 9645
1089 2559
2094 8939
2507 9975
6730 9823
8441 9908
1235 4597
5925 7852
5570 8729
6618 9639
2382 3701
1878 9887
252 6551
8481 9177
2924 5005
6208 6221
1643 9723
2484 6306
3923 5696
2706 5622
1999 5065
7330 8171
4722 5135
453 9653
2464 5903
8225 9045
6074 9634
6455 8973
1233 8927
7637 8579
334 2919
9227 9584
2760 8465
9162 9789
726 1181
7354 8003
8752 9052
2285 5338
2552 6146
4045 7918
1248 4512
2404 7398
7040 8990
2628 2762
683 7182
7333 8885
986 5517
9267 9922
2703 5616
7917 9032
5248 7258
3988 4580
4959 7471
2103 3869
6101 7863
4711 9697
4942 6640
1324 6647
6356 8920
6190 9171
910 4827
1968 7376
862 1566
9962 9966
6269 9371
2685 8264
3034 6567
2473 6433
4457 8923
1959 4479
1534 6026
5888 8255
7516 8538
5818 9015
2698 6291
671 7314
7229 8773
7093 8792
2716 5178
2785 5636
215 7044
3154 9764
9336 9963
4013 7818
2149 6232
2269 2540
6299 7916
9647 9974
5385 5655
925 9121
5166 9899
7877 8804
5713 7363
3864 4066
7267 8915
6077 8965
3410 7022
1727 7492
7225 8129
8947 9000
4677 5183
5614 6498
9871 9981
3546 6753
4492 7364
5621 7572
6028 9693
3580 4714
6082 9125
131 5784
2977 5428
7088 7788
7778 9848
8601 9392
3619 3877
4766 5694
1450 7592
9185 9433
7323 8462
4625 5824
6429 8234
7893 9133
8821 9431
3 6622
2898 7173
9374 9869
1330 9459
3219 8879
6649 8040
2555 7931
6901 7798
6968 7444
9856 9919
2308 6889
3650 5499
7959 8966
9313 9480
2293 3616
338 4886
2083 5675
6093 7335
3732 6822
2005 4400
5020 7369
5475 7413
8501 8783
3207 4002
4279 8703
2372 3964
8659 8895
7319 9366
6493 6866
1931 5691
517 7756
1565 4050
4678 5292
9270 9861
1375 5897
2053 9106
1701 7178
6837 9335
6503 6711
1035 2728
7144 7233
647 2654
5504 9733
6037 6786
3597 9102
4075 8643
5366 7670
8854 9770
2825 8359
5318 8832
5413 9910
4102 8050
5604 9141
6408 8834
8735 9085
7943 8633
4815 7419
3753 9738
1948 8748
633 3872
3133 8271
8855 9346
5242 8084
1003 3919
8297 9986
5249 8279
523 4429
8467 8684
6098 6409
9155 9513
7759 9240
9580 9788
857 9464
674 9694
6288 8105
8239 9285
9775 9818
5959 7232
6099 6979
7993 9078
6565 9914
7382 7650
5936 9277
9716 9917
1696 5198
9743 9831
9777 9882
5539 9811
6002 7560
3765 8683
974 2699
6778 9838
7145 9817
7190 8971
1105 4133
7912 8483
3543 8769
6021 8997
2745 6527
1962 6351
640 9896
9126 9535
5469 6547
2445 8067
1981 7715
302 9656
3023 4278
8842 9567
1538 5704
3807 6797
9957 9959
2126 3007
7706 9878
6875 7997
4366 5029
7443 7855
2676 8283
2929 6227
226 9485
4035 7059
9821 9875
4591 9548
1720 5883
3833 7690
6064 6935
5369 6414
9112 9406
6611 7036
9203 9932
4451 9251
8933 9160
8665 9200
4224 6024
5550 5584
4437 7521
1924 5351
3459 3589
3567 3922
7298 7954
1439 1664
9937 9945
7481 9614
5736 6894
8756 9309
5527 7464
5759 9090
2243 8902
9107 9797
6621 8825
4296 6188
157 7123
435 529
1930 4241
9395 9751
9740 9805
1162 9620
9731 9872
1286 6244
3985 6913
6731 9347
4960 6718
2237 6035
6816 8392
3413 4145
5868 7869
3257 8970
1299 8710
576 8530
2337 8528
9145 9245
9263 9536
506 9218
43 6971
8699 9360
2881 4524
4179 9226
229 8567
693 1323
1612 2808
6592 7077
1923 2917
7621 7758
7732 8175
5766 7482
127 6700
54 9761
8176 9329
5792 9569
9425 9960
99 8328
9726 9813
8907 8985
3962 5706
6609 8061
109 8158
5914 9453
4491 5541
9009 9199
681 3721
2725 8717
830 1086
7337 8420
3108 7781
6996 7253
3069 7164
8070 8959
7641 8329
2059 2988
1755 7368
342 4938
5139 9979
2662 6705
5549 8531
208 7468
1757 4412
3384 4868
8156 8402
4352 9339
6608 9721
4558 6439
8429 9349
1112 2619
7139 9471
2416 7848
8114 9416
1785 6841
1340 1856
4011 5167
3005 8148
3121 3614
186 8747
4850 9722
5474 6684
90 3400
7562 9092
4903 6165
2933 8284
2003 5919
4001 6138
7057 7602
2807 4729
7111 8348
6185 8445
7891 8678
2470 5208
651 2957
714 2221
1905 4217
955 8162
7142 9537
5359 5371
9782 9881
4995 7033
4643 8337
5887 6997
4884 5095
6437 6992
2702 7961
3506 9001
648 9618
6554 9407
8275 8935
1901 3306
7206 9120
2140 3513
1146 3783
997 7582
1871 2432
8974 9274
3729 8495
7905 7966
3143 9903
9720 9822
2548 6075
9968 9973
4629 8547
1378 8602
3839 7048
9492 9668
8675 8742
2014 4770
7174 9316
9446 9711
8484 8599
2556 6198
5144 6482
6380 8613
2437 2997
8951 9814
5040 5343
1544 7870
790 9592
4905 7313
3592 7355
580 4847
5055 5756
3551 6294
9876 9944
1796 2252
1677 8030
9855 9988
8245 9750
2087 8645
9543 9787
1754 4822
479 6699
8313 8435
5077 7170
686 4530
8779 9728
8041 8988
5308 9923
5247 6811
2462 9958
3418 7757
4545 5561
8866 9063
4542 8544
4216 9350
2679 4259
7159 7242
6090 6211
8725 9517
9377 9925
515 9885
3428 6872
2365 4667
4575 7350
6357 8776
9755 9891
9217 9663
7347 7579
4096 4755
1063 4268
2073 7097
8799 8815
7973 9237
718
167 89
5981 2211
3368 217
6282 3212
6117 5682
3873 2002
4623 1668
3965 1913
297 7
1822 788
2335 2026
2536 1195
844 15
4661 1320
9707 1906
3254 428
7823 5760
3601 854
5615 178
3077 831
2914 942
2600 1837
9514 9421
4184 3541
837 484
7884 1077
2927 1093
7803 5357
3397 1967
7257 3939
3926 2164
6533 4550
3746 3013
8121 5229
7372 4538
3177 2454
5106 4439
98 84
3309 877
8653 4275
6065 5400
2888 2207
6144 2435
3031 991
1004 769
2582 977
7226 6011
3321 1525
7156 249
1371 25
9394 3832
8141 4712
7442 728
6030 5405
6095 2398
8439 5170
8367 1127
4230 3047
1756 613
4520 4337
4191 4099
6623 1201
4085 2422
6775 3180
1940 59
1758 1731
1161 1041
350 304
6574 3044
8147 2475
2596 113
951 464
6447 5045
2837 1402
1728 298
6617 299
2160 725
8545 1463
4370 3564
607 79
4282 1247
2030 1327
8142 7511
5279 3912
7018 3974
9953 5078
5061 71
2964 1717
8032 4285
7120 7110
6370 3042
5407 1556
2923 1836
5149 187
9572 3544
6167 2134
8008 2119
4953 4072
5140 2616
3520 95
7597 135
8860 5250
2052 901
8616 3696
1167 107
6450 2223
7194 2970
7924 3162
1141 694
1928 871
4048 1079
8673 7702
4615 1072
7016 819
885 690
9651 4749
5879 3963
245 75
8419 8369
4985 2021
2833 1865
1348 645
7095 1056
8858 3635
7458 3673
8182 2557
3156 2264
2882 2327
9055 5612
3209 1294
2593 2330
7692 6125
2477 1045
7210 3408
1957 1269
4186 3076
2709 800
2853 301
550 265
8354 6273
4091 1888
8471 5227
6465 2541
6921 1216
9939 1108
5516 2172
2311 1433
8254 2840
9376 7256
5344 2358
5860 3071
6655 708
4474 3366
8374 3468
7002 6155
6975 1380
2938 2467
5438 2775
7000 534
4436 116
5835 1067
3240 1099
4724 4318
6581 2792
4364 312
3440 2640
5321 2719
7367 3052
2315 1744
1523 537
2816 2129
73 70
5638 3311
1305 425
9737 4228
7769 6708
5174 1328
2770 1629
4671 695
5326 3099
3808 2300
3774 646
9137 7933
7281 1555
7819 1899
8555 4930
3950 604
1132 600
5216 4956
7784 2150
2415 2316
8552 519
7508 2356
1001 903
1002 423
7227 4708
1631 21
3731 1238
7452 5915
808 669
9059 4172
9505 5293
65 10
1183 593
5251 1797
6161 2421
3021 2896
7447 2539
1200 1069
5554 3432
6316 3390
3902 2794
4972 3316
9540 3534
8357 1546
6200 49
7374 6954
2200 331
173 160
7710 284
7714 889
2522 2203
2838 1106
236 60
3724 2056
509 446
204 33
1399 108
3215 1309
853 574
9077 7263
8646 781
7222 3565
2974 1442
2245 1976
6756 3728
2407 497
9927 8502
7010 965
1199 1100
4462 3198
8554 6022
170 19
4481 658
9849 1395
9585 5367
3226 1460
3189 2362
8823 3367
3039 415
8006 7489
150 41
4908 2060
2985 1547
2113 2037
1732 1609
5786 5086
1263 1209
2578 1703
7219 6339
543 191
3595 2111
6338 2238
1522 1512
2339 598
6330 4582
1702 1397
3555 697
8319 134
7017 522
6860 6643
2609 1733
6628 2764
2867 360
8494 1818
9167 5865
9642 2485
1721 606
7310 6369
7203 584
3028 1628
8278 3010
9198 8654
5993 3570
8338 4797
2050 164
6245 1353
6531 2483
4331 2141
8557 1203
3067 2135
5707 2567
3291 1737
8621 7881
4650 4415
1171 74
4588 617
667 103
8309 3829
9105 7555
6947 5703
6763 4555
2169 1947
363 271
6480 318
926 722
8183 7630
1527 1103
6807 3637
8569 5084
5074 4838
1600 307
5082 4019
4379 3880
8913 1970
5929 3955
3621 548
1352 1226
1390 839
4819 1421
4387 3405
7672 2991
7501 4867
7853 5908
3315 1487
1495 62
6239 518
5728 2195
3607 211
4443 1218
9487 1783
7389 2782
1950 1810
7570 3439
3064 1786
9713 1284
6746 6076
9029 4460
3353 2787
3633 1675
7770 6442
3169 3055
4382 3474
1815 1765
7717 6660
6715 2352
57 18
2190 1625
3742 3666
6290 4444
4697 3442
7673 4933
8318 3073
4605 3054
2201 2136
9355 3370
1592 308
5446 4861
4428 1637
5362 2284
7109 369
2038 752
7890 6969
557 171
2831 2661
4764 1862
3147 2355
5363 4922
824 315
3417 2801
4223 1573
8132 7765
1215 309
3898 3784
1448 713
2648 2077
3127 2463
5458 2338
7446 663
7746 700
4980 644
2800 579
3066 2814
3795 3587
3908 730
7290 3838
815 452
962 923
6939 5608
4566 4396
3350 756
6910 931
5409 1155
6685 5259
3508 2950
9900 4539
9071 8785
1379 624
4990 1671
8743 4924
7006 356
6524 1684
7915 1143
1644 630
3695 2904
1347 1078
3584 1938
3777 858
8882 3918
1627 1447
5836 2625
2586 1279
4559 2414
1076 431
3539 1973
7958 3882
6286 2192
1579 1190
3175 1746
4727 3636
5764 2812
3798 289
4220 551
9635 6803
5977 239
5048 1567
3118 1864
5010 1791
8647 6438
1471 772
758 652
1065 959
432 317
8146 5751
7420 3812
9197 4849
5378 1793
50 29
5156 2451
4297 3165
2348 1743
1315 741
7200 4728
6563 5317
4626 921
6588 3356
846 17
3081 1220
6532 1953
4865 3114
662 44
8987 6932
8870 5418
4856 4169
8112 4790
636 596
1420 1316
4187 1047
945 246
7105 4206
1096 184
8424 3762
7656 1964
1585 1459
2612 2276
4334 4291
8214 4880
1237 51
5264 4286
7026 3822
1762 721
4718 3537
956 328
6345 2505
5424 2729
7381 3978
7658 7260
2693 527
8200 5785
8324 1917
7352 7331
7813 1739
8036 6908
5398 2930
7721 7663
8949 1893
3163 1122
1164 855
3593 1531
6413 1563
371 126
2425 1062
1520 1461
9442 8999
3772 3290
2102 232
4426 524
9067 6501
1484 192
7649 7448
7575 3446
6173 4086
5443 635
9295 2333
5762 1244
6847 5787
3132 2253
3097 545
9323 4464
9352 1165
3935 1944
6850 3312
9249 8425
8600 7252
6285 4160
8163 4541
5724 4309
3718 816
9110 2851
3669 1990
4689 575
7535 3906
6825 1013
2220 1503
4007 1700
4341 2955
2367 61
4468 4015
7665 3319
2177 30
6018 2248
2921 165
1658 450
8922 1935
3862 1536
4055 210
724 699
9157 1043
8314 4544
8981 8051
5444 1331
2227 2116
4963 3286
6134 3640
4372 1270
3871 2369
6895 274
1358 535
4322 2006
3310 2577
3848 2066
6410 2345
1817 1285
1730 1576
1620 1144
6204 2259
7506 6467
5749 2769
8325 102
9039 228
3262 1636
4493 2549
2872 825
2494 1679
8802 3715
3436 1489
5150 4213
4888 3800
8793 5237
7236 278
1519 865
8331 340
2820 2504
2178 1606
4702 3026
2599 372
930 253
3846 915
4021 247
8326 1922
2998 2294
1891 1741
976 48
1800 1156
9907 1168
3533 1109
4993 3946
3205 1775
8 1
3837 2534
8782 6789
7254 1532
3813 1961
4785 4607
4454 2170
8143 7879
418 400
2142 472
6378 3968
7591 4312
7567 1117
1583 1516
2903 1015
954 468
1972 1479
5 4
8780 7427
8760 3375
22 11
7129 7114
3299 659
1110 201
1436 720
4403 3936
9803 5492
5891 3737
5319 2994
6066 5393
5595 3803
5955 709
8488 8394
1979 1877
9853 1037
5278 3881
6944 4226
3233 3231
3929 3247
4898 4138
4390 3471
8948 6530
4293 205
5864 4039
4641 335
8701 1872
5397 1293
8276 7169
5320 2874
6393 2756
393 154
6689 4992
1419 361
7822 7043
7978 440
2460 1569
2655 1886
2071 143
5834 2573
9194 530
4788 2682
7816 5060
2158 664
8666 7517
3085 949
2951 1880
4499 3383
5588 326
2796 1338
6642 2928
1204 125
7548 4704
2585 368
7980 2122
4009 546
9238 1260
6570 554
2394 996
5465 2272
2336 364
9082 163
5600 3617
6870 988
3387 3117
1028 823
3505 1704
5127 2329
7304 6590
8125 2744
4967 2034
277 175
6416 1022
1313 266
6192 2691
9760 7982
7619 3167
4385 784
7777 2424
2949 2173
3606 2448
504 145
2286 382
2027 985
8019 7880
6867 6019
9252 426
6820 1102
8589 6982
4916 2224
5765 1011
3354 818
4957 222
5788 1933
1515 586
8580 2228
2755 267
7965 3409
6237 1482
1626 336
1319 233
4695 812
6540 4448
3767 1349
5437 4458
6612 5793
1890 461
738 346
937 809
2401 1926
8098 2614
