778
8122 9328
3422 8447
1836 9888
2704 8995
2554 7259
4212 8824
7567 9134
6100 6822
7816 8610
6375 7918
1824 7147
5982 9799
3581 6665
8972 9891
2017 5588
5660 9870
5076 6768
176 5953
3332 7994
4237 9177
420 3024
7374 9555
8017 9301
5723 8443
5495 6883
7993 8146
7157 7540
3497 3865
9275 9552
9769 9972
8694 8713
8754 9660
6577 6766
6529 7619
5063 6129
4931 9863
53 607
3668 5267
7661 7935
9124 9723
3077 9473
6233 9399
3200 5692
3695 9398
9012 9333
2138 7936
3208 8065
9562 9820
3511 9005
9782 9902
7244 7471
5740 9406
9441 9497
218 1983
7009 9069
8200 9996
4415 9611
7547 7601
7669 7944
8150 9096
7144 8928
9514 9615
6055 9566
4657 8010
2092 4974
6320 7274
3601 9470
8888 9983
6388 8333
7329 7949
4796 7150
9403 9999
8568 9335
122 6053
9812 9991
7649 8561
1767 2051
8738 9800
574 2038
3906 4869
6355 7946
5622 6701
2527 2623
7544 9669
8015 8789
8589 9140
1497 4040
6279 7222
1267 4170
4552 6728
8420 9361
9573 9856
1299 7143
7248 7991
2378 5753
552 2323
5979 7506
7988 9087
2924 7371
6396 8915
9764 9770
3469 9771
4291 9518
1233 7658
9458 9967
9947 9970
4726 8750
6798 6974
3563 4976
6484 9252
6676 7741
2552 5336
7503 8650
8220 9535
5032 6429
9033 9310
2081 3316
4644 7504
1650 9516
6565 6620
9968 9992
6567 9924
9362 9625
1063 2123
6845 8571
9528 9692
759 3481
5371 8148
5932 9132
3211 7279
4993 6473
4791 4964
602 2734
9750 9849
1434 9807
8814 8884
2506 6153
3680 7053
8466 9348
6785 7948
1728 5701
5186 5418
808 9490
9414 9948
5084 6278
5714 7611
7065 8412
428 6600
7356 7889
2163 5220
5374 7312
3098 8925
9979 9998
5824 8070
7043 7753
8262 9594
2843 3608
7867 9505
3289 8026
3218 4957
600 3587
272 2705
872 4889
8339 9680
9586 9731
5215 5345
6960 8620
6855 9460
7006 7444
5266 7376
5782 7637
7681 9944
4223 9565
5278 7558
2860 5779
3792 6782
1594 8431
2722 4949
6331 9500
4038 8056
4771 9627
8319 9185
3513 5574
9725 9960
2876 2897
5447 7808
3816 7735
5180 8871
2674 9511
4835 8923
8665 9790
9801 9843
6296 6438
1045 7680
3498 3772
8338 9305
5391 8249
1462 4519
1116 7934
4606 5817
7166 9987
9842 9946
8331 8926
8456 9930
4827 6253
3473 3525
1969 6145
1615 9380
3018 7863
1490 2919
6850 9876
8992 9235
4737 5892
2695 4252
9416 9985
5376 7258
4970 6309
6958 6994
3048 4505
1017 5950
5426 8232
8683 9971
4725 9928
9564 9822
1630 3931
2827 8094
6133 8378
5393 7190
4626 9706
1798 2881
3002 5733
1339 6434
3879 4020
4046 4161
3927 4470
1780 4246
3531 7449
5181 5871
3370 9955
7566 8831
8705 9469
9211 9227
6929 8044
5390 7142
8752 9071
7493 9370
4035 9753
9755 9953
6105 9062
6975 7772
7602 9652
7040 8505
9957 9959
3083 6412
1003 8236
1955 9449
8889 9510
2377 6362
5491 6137
5288 9509
675 6445
1720 2990
1644 7628
8137 9108
2392 3638
1213 3740
7074 7299
5694 8058
3210 8886
3448 4443
6759 7798
5775 8169
1742 9608
9174 9826
142 8573
3239 8961
1212 4392
8760 9462
9319 9674
60 2508
8093 8980
3589 9133
7409 8982
3179 8327
1962 4334
6479 9260
1918 2025
2010 2560
8576 8699
4287 6747
6963 7328
138 8394
9846 9919
3047 5651
6823 9825
2249 7726
5290 8012
1098 2156
8451 9349
4613 6595
4822 7720
9297 9735
4907 8801
8517 9258
7768 7912
4281 5053
5498 7622
2363 7056
2693 8311
861 6493
6020 8660
5026 9851
3375 7997
1346 9980
7656 8661
3056 9485
2260 9934
5405 7901
946 1129
4562 7442
1810 4572
9465 9477
6844 8471
6044 7856
4264 9531
8078 8299
4460 6389
9013 9929
9765 9921
6060 9085
7571 8474
1176 6834
1539 3583
8740 9522
628 8116
5326 8204
6783 8745
9135 9679
6821 9813
506 6849
1207 6394
6685 9022
2258 4590
5506 8553
9243 9619
5973 6920
5785 6970
8190 9523
5503 8896
9384 9502
9196 9694
1112 3109
8461 9142
2686 5228
5624 9916
2671 6847
2579 4742
1393 5328
3983 9438
3516 9637
4488 7230
3639 4514
9158 9237
916 7368
8664 8744
7433 7782
5111 8397
5116 8958
2870 6366
2622 9911
5095 8624
5764 9116
6003 6559
9557 9915
3843 8126
7888 9378
7950 9394
3578 5264
5504 6273
3694 6336
7438 7691
5169 9571
1317 4324
9182 9265
6965 9264
317 5611
5101 8218
5537 6391
8630 9095
2959 3463
6675 9354
7692 8073
1104 7281
1873 5505
9385 9434
3804 9585
5170 9190
2786 8680
7956 9039
2805 5284
247 5991
8367 8547
8071 9958
2324 2594
3631 8702
2895 8266
8821 9817
2427 8154
2183 9427
2144 5348
256 4036
7249 9474
3157 7381
459 5780
303 774
8202 9338
5174 7463
219 7519
8106 9160
7135 7707
4736 6839
2731 3618
253 9738
3335 5985
5958 8966
1366 8504
6988 7834
6704 6801
3337 3597
7429 9639
4432 6158
6636 7791
4973 8947
180 1964
4388 9435
6810 9405
10 9624
3421 3777
871 7864
8591 9346
2356 8383
5372 8907
704 7549
4759 6489
466 513
5358 8063
7399 8179
923 8374
4025 8414
5736 6662
4360 9233
4344 8810
4057 8850
5159 7390
6149 7123
7587 8634
8864 9353
3467 6135
1471 1846
6004 7980
2543 3250
8587 8989
8110 9710
724 980
7 771
4882 9591
3849 8584
1894 9579
4627 5176
5049 8816
6731 9073
9686 9720
9956 9986
3461 8161
5730 7644
230 8120
8628 9072
9277 9459
2716 4867
6301 7822
936 7635
4721 6259
20 2903
6297 7780
7671 8341
6467 6966
7849 9117
9079 9607
4373 7711
4422 9037
556 8254
1558 2441
7745 8879
188 5881
7516 8785
3836 6852
3324 7001
359 4937
2890 5381
1735 7525
2566 6836
8944 8948
7141 8935
6390 9148
6057 7746
2545 2717
9641 9871
1947 1951
8224 9864
7020 8532
678 6006
500 2368
178 4307
3479 3915
2971 5188
383 3806
1891 9940
4099 5770
9926 9963
406 3829
903 4174
1643 4452
5601 9568
4169 4972
9938 9993
287 9570
1234 6631
1209 6742
3428 3647
6117 8344
3910 6406
8842 9504
7238 9164
9794 9982
1344 7797
3064 9175
329 4182
338 2023
5255 9450
4059 5761
2807 7118
443 681
7062 8390
47 4181
1273 5644
187 4595
9492 9981
4971 5271
2606 8914
9017 9623
9111 9590
7126 9481
6815 7280
3527 7400
5773 6760
4113 6825
2725 8875
5490 6613
626 5342
4411 5249
6335 9574
7089 7334
684 5964
9614 9906
3988 5634
611 3827
4661 8707
5189 5614
1631 5919
1306 8599
4849 8315
7543 7712
5387 6269
5858 8098
3087 7731
2301 4096
3022 3500
6049 6329
736 3749
5346 7261
9400 9939
2282 3446
400 7287
4317 5516
3050 6832
5812 7309
2574 6803
1355 1429
1856 5406
8168 8967
6531 8833
7054 8223
1369 2706
6189 7045
7028 9616
1016 6923
4636 6201
5675 7514
2703 3928
4786 9767
1446 9351
7282 8761
6897 7676
7500 7885
6430 7131
696 6173
5209 7719
9892 9922
3656 7697
3367 7969
3869 4126
553 4713
6147 9337
4014 5061
5353 9661
801 1061
8994 9580
7971 8289
5482 8430
163 657
5002 6159
6326 8244
7817 8771
7049 8957
4396 8178
7829 9708
2823 7469
5669 6305
2059 7324
6833 9645
5995 7285
5400 8949
7452 8362
4112 7858
6843 8005
6763 7113
8052 8495
2828 2970
5706 7107
1912 7461
5211 8783
6271 9912
3815 8284
5883 9774
9740 9962
9326 9772
7496 7937
6532 8825
4551 6084
1556 7483
1337 1794
555 4408
7891 8597
730 8963
9342 9808
5133 7082
4916 8846
2281 6924
2077 7699
4493 7365
4526 8345
4063 8567
8164 9865
9291 9543
517 3543
7636 9889
6539 8575
6422 8180
3139 5265
5132 6402
8402 8774
1416 2133
3747 8300
1695 7530
2972 6690
1316 4817
5580 9642
3482 3532
2467 8755
2065 2548
4186 5716
7975 8209
1445 2833
7961 8828
3774 7871
2125 8594
9673 9688
227 605
7017 9076
5821 8550
6790 7424
7959 8000
3219 7201
7783 8717
8885 9716
1258 9672
7529 8528
2394 7490
7492 9914
5040 6512
646 6409
3186 8690
4863 9159
2783 7505
8021 8448
1745 8721
4313 6045
6371 6753
1371 4258
3820 5530
2676 9283
1922 6740
2211 4703
7412 7578
7087 8747
2503 2536
2504 3366
4023 5835
6298 8727
6005 8188
2630 4265
135 6901
8838 9815
6866 6939
5690 8629
5070 7476
5713 6236
4176 8491
7985 8124
4262 7655
9833 9951
51 5695
9905 9925
3407 7548
3236 6777
3605 6184
9139 9408
9935 9988
6304 6694
4960 9192
8773 8941
7709 7850
5191 9877
4306 8306
1784 5590
8316 8614
6146 8342
9550 9784
4074 9253
3807 6447
80 2820
9872 9878
9977 9995
7921 8241
1401 6808
4610 6804
2931 8498
1976 8194
1075 7663
2633 6971
4710 5000
373 1334
326 9588
7112 8968
4719 7535
9365 9467
3110 8422
7405 7826
444 3765
8723 9050
4607 9840
6857 8423
9895 9975
5758 7239
558 772
9894 9909
5151 8845
5898 7979
664
785 274
832 235
2898 931
4162 3672
9848 604
5689 2877
5017 4130
6724 1128
2350 857
104 9
3679 2086
2649 521
2231 1782
8894 510
2229 2185
3991 917
1463 587
8092 2739
8129 2715
7978 56
4556 2629
1718 601
6446 2538
3837 1923
8916 2639
5333 4118
4037 2074
9853 3802
4315 1919
7304 5707
3399 2069
1242 993
2442 1451
8033 1089
1841 853
1382 617
1987 594
5158 4198
7385 5149
850 677
2170 347
9602 6368
8566 455
2180 293
6470 716
3882 1549
6864 4455
3734 1282
6587 942
8140 3533
7873 5712
1802 399
819 158
2713 264
8998 5469
6657 4145
4809 110
2464 152
4337 2330
174 93
1915 197
50 32
5416 5373
2393 169
3360 793
5961 1783
472 118
3358 2604
2911 1111
2407 15
4950 48
5679 4351
9327 5210
2432 1709
5262 2745
5721 5581
8955 259
1937 812
6905 3635
3004 925
2507 1359
5058 109
2856 1032
1656 75
2367 1173
7609 231
94 72
7559 7446
2780 2062
2530 2101
3750 1038
4952 1214
1581 996
446 185
3345 1043
7103 5466
7852 7831
7209 2404
62 8
1553 1275
3217 2482
5257 804
7075 616
3273 860
4279 261
4555 3279
4770 4029
6708 2434
3039 2708
4939 1699
5691 43
9195 4338
9379 3233
5900 1875
9480 427
9994 3883
4106 1833
5859 1377
1046 233
9091 299
7677 342
8217 3823
8511 2303
6717 4685
8780 6956
8937 8877
6290 4926
357 182
3669 2365
4528 3488
3919 2412
7897 6540
8371 1899
448 423
6264 5429
1410 1219
1126 904
4389 426
8047 6818
9043 4445
2429 1966
5075 3828
877 766
3606 902
4550 2157
1468 1314
7071 1588
5182 2008
2625 614
8719 1599
6796 194
3914 3495
3296 3145
2747 2226
5147 1165
5493 3028
4896 127
3392 453
3912 737
6223 2878
1014 664
2181 851
5024 1231
5294 1511
3671 1986
9754 3054
2473 2100
6863 2388
9526 4348
6767 6478
6744 682
5994 2397
544 236
6643 2297
1005 17
9454 6499
4608 3891
1087 128
8518 5556
4565 2421
2437 1335
3254 2027
9347 2264
8732 3716
3333 3138
9718 4027
2382 369
3692 2920
294 113
2712 1828
8930 414
298 234
430 269
7590 6735
3468 623
8030 972
1174 638
9617 4649
501 119
4662 640
691 410
6637 1019
8556 629
5956 5905
3449 1722
778 447
7344 3362
8006 3053
870 725
66 45
3686 1356
7736 7223
2556 2098
4453 111
4982 1298
2901 1466
7240 2484
2299 2193
4146 1399
7088 5362
5565 4102
4117 3795
3001 2326
5623 1563
6261 5167
4717 938
402 381
4062 3523
1055 146
4525 3566
6969 6562
3856 328
2060 1109
1053 483
9867 5477
1568 27
8768 2041
1147 526
7403 3408
8507 7369
2130 1611
8503 6739
2740 752
1076 944
6887 310
1341 1123
2883 1303
6369 189
6848 3112
1764 40
1441 643
8763 6380
4672 880
5529 4247
1388 750
2956 2677
4633 1044
4393 2848
8304 6756
7414 1439
3890 3286
5344 4479
3975 82
2198 1626
3822 1932
4805 4336
6880 2767
2761 1592
3361 710
3320 1261
5937 4101
461 454
18 1
945 722
1199 976
1726 1431
6576 4056
3776 1068
6568 3384
8280 6324
4033 1107
3132 2159
1254 732
1364 1351
9341 4967
9665 8776
9600 1635
8016 205
2436 92
8815 5653
4240 2136
5959 4374
8123 5423
1936 634
2501 1373
1612 323
2122 918
2592 2215
503 71
6219 1281
4775 1289
9397 4683
8618 6022
707 692
4530 1414
3041 90
5709 5323
3762 1485
3810 69
7125 855
672 186
1365 16
3707 641
7879 6046
9903 3735
8335 8145
6292 213
7341 3180
955 597
6869 5609
2071 1879
5823 3775
2037 1455
5196 4638
8088 4064
5925 5431
6186 6035
3966 438
450 86
1499 572
1803 364
1047 822
1158 144
8125 5331
8730 1975
5247 3493
6800 6177
3979 2268
1669 1453
2052 1621
2235 1771
7439 2973
4430 964
2736 209
2505 1715
9746 5531
6038 5103
6660 731
5676 4192
4585 3940
8592 6583
1647 1613
8317 3122
4026 1796
997 769
1152 1021
630 522
9471 8579
4506 31
4149 530
1437 849
4637 3637
6953 1020
8734 1609
3298 1704
5744 4382
5302 4980
3984 3755
1189 1156
3634 1991
888 87
847 393
9945 494
4641 184
9100 6214
7911 896
2626 1890
8663 7058
6112 1534
5698 490
3614 216
4877 1530
5975 4623
1172 846
2724 2660
515 212
5600 2250
1094 792
901 507
1593 990
1819 823
4353 172
1931 1182
3007 1729
8674 7818
3700 3681
3753 833
5579 1200
7527 1099
1218 875
4128 4114
5352 3285
8373 2292
2433 1577
6682 5538
9949 4280
1800 1527
8790 6940
8454 2955
5012 3096
8322 1526
3474 913
8710 3477
4573 2964
2228 1177
5885 5485
1792 344
1523 1268
4852 3249
6042 28
3640 139
3430 321
7513 6882
4401 361
1250 148
3662 1421
637 372
8264 404
9989 2743
3420 2383
4844 4103
1042 911
576 114
6415 1982
6187 5222
8655 717
9285 4310
1579 301
8097 6654
4116 2047
3400 2343
9707 7930
5524 1687
8865 5073
4207 889
5970 2755
2531 625
1127 57
2385 1537
304 34
8072 2234
5067 5035
4367 1134
1668 651
3780 2287
3225 1423
9082 7765
4940 733
9832 9730
4297 1102
9110 2522
4543 3000
8827 1477
9074 2961
9850 477
1368 1187
7300 4390
5636 2002
9644 5841
3722 1425
9396 9295
1775 984
5168 720
223 207
6663 162
1037 844
9761 7362
4044 1175
6659 5915
3973 3352
8183 5130
7990 6423
8656 7766
6601 6131
1321 99
1607 683
1662 1658
5872 5870
9556 3032
2759 1578
1682 1084
4267 1801
9021 2162
9382 2048
8118 7654
7895 2726
4560 11
6352 1827
7877 6770
4695 1659
9314 811
5725 4497
4675 4339
719 598
2275 1137
5774 278
7111 6291
137 132
1703 1436
5855 1897
1411 1329
2221 141
9486 7848
5163 220
8404 542
6333 5642
6520 5043
9322 55
2891 1791
8823 5592
3652 153
3051 2781
3227 2456
9837 9743
5969 4222
3825 3796
5825 4142
5864 4790
6553 6495
2635 489
621 165
2036 1956
485 396
4295 2443
6441 3016
1990 1829
3536 502
9884 4372
6202 4257
5977 4011
5303 1067
2853 1264
3206 2842
2252 1512
4489 1640
8113 4891
2242 308
9844 6216
6181 2571
6109 3143
3490 1981
3275 2810
2399 2121
6853 551
3903 2384
6150 3136
8297 7473
2124 685
718 680
3230 524
4611 4441
3417 1328
2607 518
3184 1062
9582 9169
5965 437
6385 2186
6793 3057
9424 9320
1597 1149
3093 2012
4799 1002
809 275
9534 9366
4655 2866
1124 471
7080 125
2938 268
1449 25
767 566
4156 1424
9415 3675
8400 1992
9146 8983
8181 3231
2515 2033
3331 2146
4536 728
5226 4463
748 666
1977 1467
6174 2440
2824 1159
5851 1203
9577 6431
2900 1686
3075 316
4671 1952
7397 4187
2664 1237
9025 1806
3561 2587
366 340
8859 1542
4586 3300
9569 8612
9601 3911
6200 2989
9810 6545
8698 4622
7217 4417
2977 2205
1300 211
5941 738
6073 4697
4378 1228
7836 5674
9208 4361
2340 1515
8476 6014
5304 3579
2634 1834
2699 1808
5298 1666
699 312
5803 1119
5924 280
3997 2099
6108 5738
3094 88
6062 567
5878 1470
9803 3209
2372 362
5135 3091
4129 3976
4696 385
3340 599
3070 2559
8921 4123
7597 3284
1935 673
7498 4377
3586 1253
3743 2375
4329 345
6764 5942
7777 1184
3663 2057
897 390
7987 239
585 422
3277 2563
3712 3299
2152 1398
4502 806
6242 5277
8932 3203
8089 3650
7784 3089
7588 676
8050 7068
815 173
4629 2285
