21
2877 7268
9947 9990
5035 7491
7902 8878
2032 9149
6992 8677
2251 8706
3234 6805
4518 7269
2626 8861
9980 9993
8846 9083
3713 9370
3839 9741
285 4228
9274 9992
7401 7439
2546 5434
1651 5563
4899 6946
8173 9464
705
811 553
2045 1538
7692 5940
8401 2664
7035 2024
5217 4618
9068 3808
6067 4515
2501 1399
2294 163
120 66
7432 690
797 234
2258 233
2860 2298
2836 142
6088 5635
6967 940
1463 1400
6758 6160
9117 5835
4075 2864
2609 1680
3440 2937
792 754
4310 138
6504 2987
3983 1672
5400 266
9597 9175
9915 8338
3052 2623
5218 1581
6984 2832
2981 1361
6110 1730
6260 4198
9666 1847
2384 2135
4745 4117
5629 2367
4115 920
2268 1934
6997 6356
2256 1107
4918 2300
5192 2921
3458 1618
1705 1382
5365 3037
3214 2237
983 895
636 406
100 49
6415 2336
7383 1049
4796 969
3763 3491
1343 1078
8092 1480
6836 2792
4818 3035
5160 3427
5720 3838
9796 3555
3393 651
5695 4798
8692 3520
8376 3246
1030 608
1092 161
8303 5728
9411 8497
845 595
4942 307
2633 1304
1739 1009
7611 5807
9784 9045
327 222
7448 5615
6319 3794
9598 824
3965 54
1628 997
9515 8553
9834 9445
2193 1781
788 579
8823 2643
1545 634
5898 4595
1292 518
8574 5096
1983 1159
9571 666
3313 709
419 347
7579 4181
7199 2669
2012 540
778 364
434 25
7877 4836
5108 4498
2120 1324
4841 948
3967 1499
8084 4565
1437 1348
6470 1641
3469 1684
8541 6289
520 487
3681 490
6135 5874
154 134
577 385
4043 693
3140 200
9894 6405
1072 747
1309 369
964 362
254 115
6049 1403
6731 5338
8831 8362
6998 6134
3973 47
6448 1011
7530 7395
202 124
7307 3567
9358 7397
7773 4511
4108 1500
4456 2505
496 457
7785 1314
3300 2890
7114 3473
2797 2539
7706 5467
7465 2459
7521 4867
1142 667
2985 1323
4322 3854
8666 4514
6267 1427
2406 86
3503 1065
6982 998
164 13
6401 729
7953 3868
4267 320
644 338
4373 3586
1448 98
7624 3546
2878 1553
9205 3885
6746 2654
7767 3043
8336 6100
2303 2038
1033 74
6550 3573
215 84
2530 1359
6889 677
9712 9380
612 532
902 402
6544 1706
8857 6428
7340 2861
3435 8
3513 972
3716 3205
864 195
2578 1220
8600 4725
4842 1201
1138 1099
2041 509
6660 6623
9496 8094
160 128
2616 1375
3153 2894
3881 869
8743 4490
7346 2129
5189 1051
4233 4037
8568 4566
6048 2463
4000 2242
4116 605
155 15
2157 76
3058 1999
4687 3741
9485 8444
2850 358
9072 4411
4211 3526
3241 2444
9506 5984
2295 1238
4589 1630
1364 671
4375 3070
951 672
4881 3930
2819 2011
8607 5404
7574 3202
7743 6862
4483 4290
936 133
6390 1290
7837 2397
2383 2206
8729 6141
5592 619
3910 622
6796 5721
3831 2067
6769 2527
9197 6046
6674 3054
7770 5287
7331 6275
8521 2671
9935 2068
924 515
9516 4410
7807 6603
7607 1460
7916 3081
7710 7243
4208 3804
2843 1563
9823 4831
7049 1940
905 439
9421 5131
4405 2709
7367 4139
2808 2066
91 78
1283 328
4138 473
8385 6902
5927 4232
6584 5010
424 79
9355 7322
3543 1101
8484 2449
7691 6778
9964 9860
5460 3364
5483 3135
7181 1121
5914 3350
4887 587
3011 2003
5232 2506
4016 1190
4726 953
744 206
5133 4834
9168 4053
9768 1686
3277 2350
2244 1321
5623 3149
6876 939
9932 6378
1676 779
9773 7470
2733 2469
6442 1685
2892 1039
9009 3324
117 75
2824 820
6257 2037
3378 1281
2564 2076
2002 167
5520 4697
2969 2770
7824 639
6988 6344
4132 1868
4782 4446
4650 3865
5928 4971
177 28
2955 867
6855 42
1307 4
7402 2762
9091 1073
7543 6270
2021 38
7789 5550
9965 2151
4631 1579
2901 182
2422 121
1712 1475
3692 336
9625 357
8501 7088
3884 1483
9584 4592
8040 7312
1293 299
1526 221
9287 4871
8590 5556
9249 880
6790 4336
6964 6842
8145 801
1744 707
9078 8192
4789 1552
5321 333
3186 2525
8046 6308
4828 3830
8655 6528
7556 4502
8280 1145
3791 2700
304 259
908 14
7239 4044
6595 4705
9631 6452
7796 1715
8671 6883
5403 1346
5320 2136
2679 2317
8333 1794
8761 6286
3399 2582
4241 351
1986 1547
9592 5457
477 92
2517 743
7622 6829
676 41
9691 5376
1892 1879
8766 1485
4169 3387
4368 970
9502 4746
1062 103
8359 6705
1178 529
7670 7315
9887 7034
2364 706
3436 1612
1391 1236
6393 510
4395 2378
6292 552
4292 2785
5020 4372
3544 2182
6145 5636
1903 1109
9003 7029
6852 2399
7654 1261
7216 2817
3738 1858
1747 57
6627 2660
3328 534
4168 1084
8575 5538
4691 89
7471 4178
6932 5396
7026 3727
5087 2812
7993 4393
2009 1814
2947 1728
3706 1968
5464 1005
6439 236
8487 643
185 67
9820 8308
5286 4800
5840 37
8935 1487
2804 183
9369 8682
5330 785
3703 2290
2735 1124
2628 2365
5398 1960
5723 3025
4124 2809
3228 3145
3749 3033
39 6
1202 23
8282 752
6754 5903
6157 2306
6008 3807
6886 4317
5033 4730
9273 3671
8698 2443
5986 2062
884 21
5760 2805
6871 6193
8074 900
8510 4980
971 391
1299 1111
7795 7562
2678 367
9357 9298
2080 765
8757 4349
2993 1100
3709 737
4810 2583
1894 1411
6126 4438
2155 1351
6360 4926
6148 1681
9963 8734
6633 191
9875 7043
9542 1933
2789 1231
5617 5411
6355 4252
4082 3308
7082 4920
9766 7104
176 147
2897 1383
1388 545
6440 6313
8645 2418
8890 1019
1548 1075
1589 1266
751 418
8797 862
7219 3850
9354 3659
6124 173
6000 1584
8486 6857
4324 1002
5310 1077
3323 2751
8984 6487
6736 4635
7815 1494
6864 5326
6647 4145
8849 4966
4006 3758
6009 5377
3113 1131
4582 838
6299 828
3204 3115
2332 2049
8465 6527
6460 3437
1098 426
1775 700
6165 4670
4147 582
7352 7234
5195 211
5107 4430
6937 6484
8747 7616
1204 405
5860 4467
4432 2655
7819 4748
3578 2774
2776 1833
7413 5223
3541 2504
5724 2476
3441 726
4219 2691
7873 5572
3646 421
6965 3094
9163 204
5118 3861
5817 348
6136 934
1733 19
3852 2171
1301 1147
2575 2176
3478 1156
2266 82
1951 1237
9090 7510
6447 2475
8295 1048
2543 1889
5478 4481
5292 3561
7295 2071
918 769
278 220
1486 1241
9362 5279
7143 1271
5632 3157
7547 5825
7207 7006
1469 511
3365 1944
5423 5243
4109 2150
4264 2299
1535 77
1245 603
4275 3514
5006 3044
5000 3834
4196 396
1952 1635
2943 2767
5253 284
8123 6114
6668 4078
5022 2479
2414 2270
7254 4884
9581 631
8428 6615
840 131
522 53
9253 6578
3125 2652
1896 119
2022 1208
3126 750
8254 8062
9470 9071
3163 2666
954 549
9365 452
4123 3184
4427 2994
1678 732
7058 814
2466 2112
1629 701
1770 1722
8821 3292
6810 3191
6673 2245
4816 2426
5422 4507
5686 3785
8220 4963
9029 6400
2323 1768
6293 5222
9810 9757
2971 1840
6205 3362
9994 6201
5037 1123
2909 1020
2128 1976
467 395
4015 430
4365 1505
6811 2723
5387 784
3231 2950
2445 1093
3256 2737
7113 3919
1435 1044
3572 2079
2780 2647
6025 2473
9499 7830
9385 8892
1970 189
9420 2834
443 7
2645 741
5861 3987
3465 2480
8643 3253
2263 1992
3107 1424
1870 1410
1867 1337
9841 9144
5262 2554
2411 1738
7200 6042
7276 4509
4090 3593
3644 2239
9469 4675
7134 3187
5911 839
4879 4584
5593 1363
7882 6421
8624 625
9524 2935
7133 1431
8410 5340
7429 1717
8451 3731
127 20
7137 4325
3286 3029
9289 5620
8877 2359
1047 55
6950 3623
5028 3417
2884 1224
2236 1186
6947 6909
5031 1779
5094 852
1915 802
9749 1515
9628 9623
8325 1786
4261 2260
6269 1599
4833 296
6858 24
9936 842
4040 2358
5711 2392
6365 3404
5650 137
7648 3169
273 268
6259 835
2461 572
1229 302
9387 1668
1339 52
4205 2585
4023 2209
813 300
5039 3568
3337 1740
8232 6410
3637 1679
2318 901
6441 4637
3386 2053
7998 5416
8215 6072
8838 1810
2259 252
6422 857
8503 6147
5715 933
5003 4341
5791 5590
4938 3218
9602 6222
6676 2159
762 157
9052 2537
