709
3747 5791
6740 7947
4002 4469
3121 8268
3653 4567
8065 8725
6400 7142
7406 7565
6689 9988
6184 8700
9859 9934
776 1653
8361 8737
1284 6385
7360 7930
4717 8145
6547 7954
5038 7377
9449 9741
134 3967
7595 9148
3065 7961
2849 4565
8113 9870
2232 6631
2953 8106
6614 8190
5498 8970
7638 9724
9731 9963
1231 1969
5556 8979
6900 8640
3154 5070
908 9176
8348 9829
234 4952
6815 7738
1552 3239
7289 8987
9604 9693
3285 6495
7769 8275
6509 9378
7219 8273
1706 9446
3622 9307
6187 8399
2050 2703
4983 5935
5834 6339
1808 7474
6681 7915
8114 8472
9573 9751
4589 7843
3781 7634
767 9481
808 4835
3230 9077
7195 9234
7836 9005
2929 7372
20 8324
1813 5315
971 7333
5873 6737
4685 9093
6745 9705
9264 9825
5026 5569
5311 7436
6611 8154
5546 8685
2268 9512
6677 8098
2549 5325
9260 9981
8161 9756
6910 8341
2180 6863
7303 9640
8176 8503
9051 9701
7807 8211
420 2206
3251 9665
6742 8320
3214 9773
3125 4093
8213 9374
1634 6046
8441 9805
8699 9592
3930 9294
1650 1729
7528 9529
6338 9179
863 1514
7654 8316
4923 9739
9476 9636
2346 4996
3661 8299
7277 8745
2340 3019
1845 5900
8790 9802
5436 6913
1855 2235
2707 3572
5478 6654
8723 9737
3259 3935
2068 9062
9887 9996
6911 9280
248 2341
2701 9001
1031 3431
1695 5382
2330 4684
8854 9564
578 8074
4209 8650
9215 9575
8364 9630
9298 9845
3686 6761
2156 6818
9082 9304
8389 8832
715 8526
173 995
1215 6146
4286 7450
869 7537
416 8607
6294 8481
9331 9977
4184 5013
2090 9187
4145 4859
673 7506
612 8617
9438 9806
8635 9327
7286 8874
504 5612
6253 7761
5232 5300
2021 2904
8231 9816
1305 3010
7424 9293
7252 8302
1490 6687
8798 9871
745 9861
735 5442
1654 5252
9629 9679
9768 9983
9505 9933
2157 3032
7102 9882
8383 9178
8384 8655
1668 9677
1892 6776
7686 8834
2399 8554
935 6498
4658 7141
5821 9040
5427 8059
2072 3357
9107 9273
8367 9559
6817 8871
1323 5695
8050 9486
9853 9923
8263 8641
353 9125
4646 8252
1642 3092
9793 9931
8763 9383
1321 9122
7319 7706
6470 9916
6364 7469
5891 6927
9213 9315
3169 9720
7078 7338
1214 8552
2215 7723
3034 4786
3758 5241
7027 7143
5982 6278
6133 8556
9195 9221
7139 8916
2216 4575
5169 7200
4697 9940
1991 6368
7376 7455
4769 9045
6192 9034
2970 9229
5295 7290
3461 4775
9103 9496
7740 9053
7781 7871
9854 9904
7551 8491
5702 9503
409 6650
5737 6480
7308 8817
4199 6203
4733 7750
9042 9994
3894 7087
1394 8017
4719 7817
9153 9700
4507 7250
7566 8643
7602 9319
6646 7375
2742 4659
2821 5439
3642 4742
9846 9964
4087 8007
7054 8625
1810 1900
7229 9986
9281 9976
9274 9954
8255 8505
9470 9980
7685 9810
5110 8226
9633 9736
8894 9565
4366 9254
8122 8756
5961 6352
7982 9993
9113 9562
2843 5622
2955 8134
2484 4249
1451 5980
7901 8378
9568 9776
1059 2054
4495 8806
161 4907
9832 9911
5866 8862
2286 8544
7016 8999
8306 9261
8076 9222
8906 9956
2991 7297
3943 7759
6051 9301
7086 9504
4307 7055
3664 4079
305 3568
1809 6954
8540 8594
298 755
9732 9879
6197 6435
3901 5775
7119 7920
1696 7621
225 2104
2489 6413
6829 8512
6738 7945
5404 5792
8768 9656
5830 6390
8358 8362
5626 9191
9265 9318
3681 6348
5223 7651
8093 8308
79 4245
8945 9881
3760 5782
5660 6905
8470 9895
5844 6610
8452 9102
805 8722
7712 9309
2344 5916
1053 7902
6032 9863
1699 9692
2017 6300
4845 5458
419 4643
7814 9194
9920 9974
1067 3703
3612 6890
3160 9154
6054 9061
8047 8069
7033 8204
4515 6734
4106 8138
274 7148
3795 9833
7858 7919
8648 8829
5272 7117
6561 8390
6942 7852
4115 5749
8847 9687
8221 9497
4206 6204
71 6549
4474 5165
3614 4272
3912 9643
2960 8909
1901 5213
6806 7460
301 4702
2226 4446
6132 9074
1432 8841
5353 6845
5317 7146
4888 5488
8447 9167
1370 9372
7938 9950
7065 9858
7293 8401
3536 5607
7106 7747
9101 9856
9625 9626
6831 9084
213 3500
6061 6309
7281 9070
6115 6439
9553 9716
3030 6627
6028 7956
687 4627
3618 6643
2055 2917
4228 6455
8250 9550
8261 9096
2016 2034
3690 9395
3512 4439
4016 9938
5091 7884
1943 4315
696 8177
8851 9330
3190 7893
6534 6914
3328 5216
1017 3644
11 7994
4818 7635
2584 2899
2412 3405
7258 8043
9857 9909
2076 6458
9199 9322
4650 9635
119 2270
3147 3524
5647 9638
1369 7091
2199 3931
1004 5845
5621 8207
2585 7951
9827 9978
7861 8914
2030 3208
9251 9777
5224 5227
2614 3575
8077 9202
9809 9907
9413 9578
920 9686
6936 7590
53 680
5745 6802
7445 9989
5171 7981
3764 7675
8431 8804
2426 3013
8162 8571
6199 8639
6973 9472
8575 8815
2853 6422
5479 7361
3504 6329
793 3263
6478 9284
3390 4991
194 3712
5289 6265
4353 4603
7225 9813
2043 8911
4379 6226
485 4018
3884 4503
2046 4342
8958 9358
2616 5718
513 4391
7069 7429
127 9763
7332 8148
3625 8596
7610 7644
2756 3270
4928 9268
1086 3036
4511 8838
6559 8344
4939 5143
4736 7005
3331 8786
8545 8622
985 4557
5221 6363
4166 5907
1442 8692
4572 5678
1756 4042
1767 4610
4101 5287
5183 8225
3110 9876
9407 9444
407 8184
3778 8907
6347 8482
9841 9948
7670 7860
1008 7149
9694 9855
4811 5476
930 8688
9753 9973
695 4219
9025 9224
3600 9340
8949 9979
3318 8185
1784 6285
5065 5258
4578 7976
9961 9966
2568 4001
1854 8996
7746 9823
1524 6289
3368 7169
2694 9375
590 6978
1310 6808
5918 9653
5308 9540
1376 9205
7198 8322
1479 8060
5928 6696
3980 7856
2807 4561
7103 8769
9418 9489
1176 2338
8480 8770
3717 5203
8773 9408
3288 6518
5158 8455
5532 9584
1093 8340
747 769
820 2817
3077 9014
6001 9066
2246 6995
2222 4748
476 8469
3382 5793
9181 9388
9002 9225
5288 7136
2254 2987
8259 9865
30 9600
3430 7337
9990 9998
667 5210
1139 2122
9499 9524
1427 5148
2728 3260
5664 8518
722 4573
6527 8616
6025 9936
6739 9587
8118 9112
3886 8249
7170 9667
3710 7964
6337 7017
3986 8982
5197 8855
530 9400
4885 7734
1463 4543
7387 7423
5896 9552
9114 9817
7842 9416
4990 5911
9079 9902
349 6391
2269 7245
9627 9984
2850 3173
2747 6821
1007 4258
9310 9341
3824 6149
851 7317
1377 3122
3694 7082
8301 9991
4623 9142
3680 3794
644 7280
8014 9286
9461 9850
3583 4223
7388 9547
2081 3138
6828 8955
4059 8810
3639 8525
4341 5828
6225 6426
5279 9085
323 9043
969 6803
8508 9598
2132 8825
2387 2697
551 2462
5391 7050
7369 8281
8264 8842
8947 9344
8458 8675
1485 5280
2468 7969
5688 9709
6977 7655
3133 5657
1329 5164
1179 9908
9336 9501
3982 4089
8108 9475
7988 8937
7577 8180
5086 8345
6148 7663
4381 7029
6576 9965
8372 8439
8038 9842
6958 9648
6264 7101
984 9033
9794 9862
7813 9652
2525 7417
6645 9036
6975 9797
4227 4767
1057 9468
8935 9329
5589 7006
8130 8656
2274 9292
1484 2087
5970 6248
7841 9728
253 3645
5706 9433
9556 9680
945 1393
6361 8461
3375 7427
3685 7048
762 3124
983 5128
9818 9968
5139 9398
6222 8928
5559 7440
5119 7385
7584 9428
7508 8992
9745 9758
7500 7525
2153 5847
4592 7127
8407 8703
2990 6912
8147 8747
7652 7974
8509 9962
1760 7701
4100 8897
9674 9698
2910 8708
8604 9498
4332 9474
9 3172
1164 9098
4594 7752
9115 9676
3808 6996
4903 5767
9282 9379
1608 7825
9300 9421
819 2164
4054 5610
6401 8475
842 3070
3202 5248
5835 8984
2329 2480
3578 6212
1791 3400
9072 9177
1142 2394
6322 9819
9945 9999
8124 8290
4183 7422
3205 5799
7504 9039
250 9707
8830 9935
9526 9837
1028 8649
8878 9299
8248 9901
3497 6481
8593 9124
5393 9696
6781 7167
4170 6574
5948 8323
3567 6033
732 2841
3972 5182
5788 5949
6849 8791
2704 8667
6847 7344
8577 9180
5335 7228
2474 7173
5974 6235
7435 9682
334
1748 1311
2735 1705
6800 5023
7832 6193
9248 8200
5746 841
8287 4787
463 106
4929 4513
8962 3380
934 15
3182 2892
2142 397
8002 7967
2972 641
3879 749
3903 1236
6937 1971
2459 1747
2509 796
381 169
7267 4437
9764 8592
7242 6764
7181 114
7318 3130
1443 812
2053 1974
8570 7529
7955 5701
8789 885
4708 3440
2244 342
5558 120
3617 2209
1183 728
2271 2026
7771 2465
6550 2600
7604 3922
6670 5144
1821 264
8531 8416
638 275
6536 2797
3419 654
7097 5259
5682 2220
9016 3739
2762 1781
488 164
7587 5460
1001 875
97 51
8327 6404
7591 1703
542 422
9852 375
4290 3436
3753 2819
9755 6648
3007 704
1594 326
7668 3682
5081 1611
129 76
3399 3156
9808 1121
2889 2252
4416 750
8219 702
2275 1725
6600 1951
2242 1950
8715 5601
2560 1907
2155 1193
7986 7611
8706 534
5040 2294
8612 5467
3198 1945
8251 4064
4677 533
7061 363
657 214
2369 1682
7199 5084
9311 8426
6333 4988
6901 4377
598 205
7541 3315
5807 1312
3076 1732
3917 3280
2871 2189
4167 3892
2106 999
1786 1014
241 130
5307 3206
7326 5751
6690 4329
4915 2166
1860 315
5459 3024
912 565
9786 5925
2700 1927
2236 2027
145 10
8045 4072
6919 3665
4740 3934
566 495
2927 2233
8049 1384
2381 1416
3271 2632
7112 3339
818 705
3385 2135
4137 2223
2607 1678
9209 3784
7497 2766
6214 5349
3937 3212
4045 3719
7216 1565
2371 661
2675 956
7690 1124
6418 3555
6194 691
7012 2796
4413 230
4641 1162
2749 829
941 658
5255 1763
4226 3498
2644 2123
2544 5
4304 1795
9775 5820
4445 2645
3688 452
7099 3532
3989 1489
5368 1225
6979 4301
1105 887
6424 593
6463 839
1346 554
6232 3979
1635 441
7256 2141
3650 1099
3560 48
5644 348
9094 3924
1368 1082
1292 291
4957 1230
4853 4270
9188 6468
4976 4863
6870 324
6717 5530
2622 38
8238 6067
7418 6060
2879 1275
1276 105
7806 1210
8203 2437
9574 9136
7021 6172
478 367
4153 1137
4934 3047
4945 4136
8564 4010
296 55
1039 682
7370 3097
7851 2125
4678 2949
4331 1664
7727 1448
9563 686
2339 2129
563 245
3048 197
3337 199
3944 3604
9038 7786
7970 1115
5078 68
5795 1243
5126 675
5136 3942
3181 2007
2031 784
1072 552
5342 4005
3157 294
9454 1153
3997 2667
6617 3754
5908 2924
8726 4856
7536 2995
4044 3291
2389 1880
1359 417
4724 446
1526 556
545 351
3691 182
936 676
4237 1546
1702 1396
8591 5717
6666 4987
3195 2818
7115 309
6641 5322
3523 473
9342 6168
615 12
2238 224
9919 2347
5755 1986
327 295
4948 3229
4320 2231
1356 152
2804 1076
7342 4757
4735 2569
8042 6968
6963 4070
390 168
3647 973
2088 694
613 117
7620 517
6503 5374
6310 572
4911 4425
251 115
2092 1499
1015 522
9952 2625
5685 2363
6554 1830
5625 2080
6962 3543
1266 261
1486 73
3898 3384
2824 1353
3158 2112
5072 775
1200 325
852 588
2374 1947
1948 730
1690 986
6151 2167
846 569
5229 3168
7897 1047
7916 3992
9771 3358
7116 1697
706 611
6530 3613
3366 782
8866 1207
6127 2211
2486 1835
955 445
6848 5160
2711 1428
7788 5276
8335 6652
4074 1600
5438 4441
6011 3287
5747 1708
4563 3277
6145 4782
9216 4448
8767 355
7403 5797
5430 1381
3186 70
4429 364
544 232
5324 2494
1314 997
8642 8023
4292 3393
2454 170
8044 974
7735 5448
6050 2974
1218 656
4705 4041
4798 1776
8637 4499
1481 600
2980 1520
8025 3064
6788 3082
2419 529
5470 1136
1569 1293
3475 1206
7666 2314
235 34
9523 1534
527 267
4253 3920
8603 1029
9747 1675
5895 1774
7379 757
425 307
