114
1809 3255
1586 3242
276 8533
6521 8040
7282 9165
9395 9659
5099 7122
344 5917
2947 3771
7281 9179
6371 8333
7160 9703
424 2950
3035 9298
2037 9004
9435 9778
2509 6765
192 2157
7652 7892
5366 8110
977 6535
1928 4258
2329 2541
9945 9948
4159 5861
9252 9515
4265 4854
4417 5102
8240 8452
9793 9814
470 5812
5221 9456
4224 5840
4002 7533
7999 8064
9476 9556
5252 7487
3350 5668
2225 3839
3341 5743
9015 9057
3973 7154
8524 9104
7539 7752
8758 9029
7600 7741
7197 9117
2309 5202
4102 7490
5217 6321
4521 9461
3708 9314
9920 9958
4768 8635
8444 9512
5470 8468
3322 7538
5583 6324
8255 9420
3179 7991
6864 8988
8737 9864
5476 9875
1557 3793
3226 6863
3974 7647
5378 8031
1915 5182
7044 8678
5312 5746
4227 5084
9891 9893
248 7859
1904 2601
1858 6928
1787 1979
3081 8290
278 6218
8723 9661
1662 7438
2409 6652
8961 9294
6076 7957
8447 8776
3898 6467
9906 9928
6332 7982
108 5694
8457 9707
7441 8455
7952 9093
4727 6550
7379 7734
7302 9327
1588 3998
9447 9726
9297 9629
3298 4468
1120 1507
966 8973
1578 8622
3596 7479
6397 6841
7256 9286
1907 3424
7709 9673
9866 9976
5752 8733
2960 8772
3139 4295
784 7398
818 3031
9676 9744
5937 9345
475
4611 3743
3709 2114
9919 9355
4104 2785
9292 2912
3492 1264
8623 1821
1889 207
2176 12
8814 2100
8618 7697
3134 2817
9488 1140
8971 3058
7772 3154
4703 3975
9811 4608
4308 327
1998 325
2721 880
6558 2113
4748 4160
1066 1027
7789 3638
649 490
5042 2652
1953 841
4075 3525
3677 1268
9479 1012
4373 3824
4522 2774
8681 5095
3950 3272
2218 1610
5108 4339
7261 7010
7217 3732
7731 3076
3443 2370
8355 5547
8421 2450
7212 6564
2623 616
6817 4195
6851 4963
6508 5574
7290 475
5338 4475
7351 2253
553 463
9745 7676
888 57
5292 3623
5121 2961
6968 3745
9114 4612
5736 4278
3626 1909
6018 686
9849 986
3788 825
408 149
5560 3358
3972 2946
1622 619
6688 482
2414 1817
3339 971
6132 4369
478 38
8301 6840
996 354
7541 4268
4377 269
904 385
755 589
6990 4630
4717 3818
7921 4307
8731 5234
8084 5018
3838 3496
6858 6125
1246 837
5949 3238
6428 5146
4069 2292
883 829
5450 4763
963 443
6171 445
461 102
3993 726
941 744
5336 4529
2367 2059
157 53
1744 1213
8696 3291
7593 4653
6429 631
7922 2439
9503 8649
4249 998
6900 84
9045 791
7324 4758
6972 3400
1854 1531
5707 3760
8069 2011
6895 2602
7352 1669
4520 2018
9009 4387
7099 4666
8856 3182
9847 3331
6304 4504
2295 1935
9521 5007
8825 3991
7307 6750
5878 5162
952 334
8741 1511
4126 3908
1049 805
5845 5189
9410 3574
7312 910
8416 4489
1451 1318
8435 435
5157 1923
641 439
5192 759
2291 474
3493 2350
3170 598
3798 1689
7807 5848
6776 36
5981 1852
734 280
8493 4712
4300 2963
8528 8466
524 453
3509 911
624 175
609 529
4987 3665
3946 2524
1164 96
4124 2577
4847 3129
179 70
3767 2648
2629 123
3750 1346
8140 7223
6039 5294
537 342
6661 2548
2155 508
9362 116
6438 2381
6426 2937
7106 2352
9857 7745
7947 6568
4321 935
2222 635
6782 6693
571 258
7277 3923
5422 4061
4892 3802
1633 371
863 826
719 562
4336 2955
4262 3282
7224 5499
1971 540
6077 5891
6984 5556
5423 5139
9520 2460
1738 1054
7715 6201
5498 1315
6035 3939
3822 2038
3190 1523
1910 639
2614 360
5298 961
7980 3330
8328 8295
1434 765
1377 1317
4740 2390
8362 5641
766 754
3214 558
6258 1518
5609 2029
2936 2813
5473 1163
3867 1774
2497 2136
9905 2405
8684 2344
3167 915
3319 2584
4934 1924
5858 3224
5394 1176
6511 4272
1720 499
4652 4511
5449 5077
1229 959
3872 2239
7439 4569
2425 2129
2910 2516
3578 1240
2365 675
5486 2031
5248 60
2600 1319
9557 9545
2081 1010
6951 650
1369 266
4816 1598
4186 1664
6479 3881
1500 352
8626 2513
6104 3541
4873 3437
3999 3110
405 257
7345 3070
8415 4576
1447 203
7059 7036
9543 4929
9519 8600
768 158
2596 458
7724 6736
8412 3173
6520 3880
6519 2051
7065 1657
4775 4471
1768 770
6027 5342
612 292
3197 1629
8582 2832
4063 640
8074 3418
3384 3131
5428 1307
8671 6260
332 262
4279 2886
5860 1674
8920 4852
7320 2891
4894 3953
854 460
2616 1835
1691 1628
7407 2794
6101 1455
7393 5979
9143 6135
5946 4936
2141 1984
6711 3835
8703 8009
4778 2694
6805 3403
1384 552
4074 930
4731 1814
297 275
7305 6614
1566 1356
2842 1030
6433 6205
6009 4091
4812 3479
724 659
7058 1082
8459 4552
423 137
9934 229
5443 1937
350 222
5006 3543
7701 5644
9589 1262
3588 1250
4226 3413
2864 2298
5559 1501
4913 449
1614 61
7756 7454
6854 1645
7978 5935
4870 2711
8155 5589
3678 2299
1313 1045
870 131
7759 1181
9062 8344
1830 441
5926 3759
3160 1110
1992 85
723 418
9751 4921
6567 5500
4517 1838
1354 272
1534 666
163 150
8766 2904
1679 646
1590 1231
9138 8430
8461 4046
2924 999
6591 3072
8292 7763
9333 4309
8803 5539
9002 3705
1594 212
9990 4639
3990 2422
953 184
6861 3702
4648 596
2333 2250
7574 5267
9300 7690
5101 4349
5512 2301
8787 955
6629 5955
2039 884
787 500
5775 3860
8275 1916
1840 973
1226 115
1084 507
892 200
9615 9416
3435 1173
5922 2618
8024 3036
1536 548
2585 1116
628 290
3086 81
8847 3404
7981 4735
6149 4162
2638 46
2592 567
7038 6897
471 59
3618 2443
940 607
7190 1850
6796 2836
7963 3367
7303 4760
4153 1832
6366 822
8854 2196
6497 583
6462 1297
4041 1942
1649 372
182 62
3039 51
9042 6949
4796 3666
8580 6501
3603 2168
9075 6485
4808 3271
5442 528
9090 8133
6943 6170
731 588
8765 8266
5211 43
4093 291
9404 5839
1882 595
7773 6954
3968 3399
5032 1941
139 4
3003 2154
2588 398
7626 5232
9805 4848
1618 1547
279 170
5642 5262
6813 4301
4983 3766
8882 1667
8209 6352
4559 1037
8027 5054
2223 1824
9881 9829
6216 5016
3125 2664
9495 8932
7080 5594
3137 2353
2723 878
4139 3713
7310 3386
6596 647
4677 2119
9149 483
6305 4976
7475 6740
9324 3711
5661 3402
5617 2971
6303 4734
6939 2142
8121 5587
1242 304
9228 2518
9265 8254
2708 991
3218 1462
5348 2230
5575 3613
3444 1464
1467 1215
7335 3742
1636 1050
1747 407
5747 672
6754 4798
4585 3252
577 165
9577 8399
7569 3730
5181 3515
8646 6389
2324 1135
3691 1925
