621
584 8284
3931 4549
4861 6181
8265 8658
6736 8836
6231 9630
9283 9761
1445 5377
1001 8524
3911 4211
4753 6388
7324 9910
7492 8198
3498 4467
8996 9834
1369 4857
4102 5842
3557 8526
220 5471
76 2536
413 7856
6019 7059
2630 6600
9749 9758
4035 7344
8347 9351
1745 6292
3669 8491
9135 9516
7378 8960
6430 9407
8615 9931
9413 9945
6555 6663
7187 7496
5256 9716
6970 8370
2757 4714
7692 8318
6463 9002
9667 9808
975 3294
9061 9136
4397 8108
5973 8442
3635 7696
2417 8182
549 3218
3326 6061
4133 7375
9091 9262
6927 9035
3491 7299
4257 4415
4433 8831
3643 7988
8543 8550
1600 3129
9679 9884
5854 9001
999 9180
4500 4738
7867 8028
5520 8105
8511 8797
5268 6553
6762 8396
6871 9939
5865 9956
9318 9543
1138 6505
9744 9779
5561 5861
3805 9106
8059 8789
1308 2565
5745 7302
8612 9036
9628 9724
7056 9336
2420 5940
138 7816
9073 9923
8900 9326
8853 9285
1924 3588
555 9151
5494 6880
5372 8681
5960 7831
1411 9522
1613 3045
2510 9659
1169 1495
2507 9423
2027 8334
9172 9948
8565 9732
3879 9787
7068 9670
2178 6842
259 4856
654 4942
1891 7944
7965 9618
1310 6056
9440 9453
7898 7938
5210 7653
4628 9156
7670 9771
1859 2596
1226 1402
4769 5820
1915 9034
2411 8869
5780 8446
760 7397
7904 9076
1743 8725
843 4829
8655 9530
7975 8403
4512 8333
9145 9364
673 2665
5672 9429
1788 3743
1691 4227
6020 6315
2137 4255
3168 3849
7953 8326
7033 8595
1299 3242
6143 8702
863 2219
7163 8319
9367 9671
4849 8135
7749 8529
5402 6919
3869 9988
8551 9053
547 3527
9495 9565
9154 9521
9985 9987
3978 4108
765 5689
52 2578
1843 2253
5963 7367
5178 5994
8304 8732
5296 9867
6790 7463
7124 9725
2518 5381
1574 5079
237 9204
5524 7365
8978 9239
2128 9347
8211 9561
8973 9148
6218 6734
3408 8733
3022 6159
6102 8863
8512 8728
2829 7703
3618 6993
2787 9077
7551 8692
288 9165
838 4405
320 8936
6184 8604
5470 8445
2286 3929
5087 5907
3428 9720
9220 9360
8965 9406
7730 7987
2945 6843
3354 8645
1941 7569
807 1070
9404 9927
3415 8992
2194 4990
1674 6812
4511 9851
390 9784
3921 5943
8574 8748
3345 4192
6346 6650
6073 8393
4060 6269
993 6349
3774 5187
1224 7679
2400 3102
6636 8745
8444 8885
1390 2528
8946 9186
3800 7819
3037 5533
7062 8355
3547 5361
3576 8369
4876 8857
1825 8475
8983 9492
3904 8075
2346 2520
7016 8372
7018 9936
4521 6861
6162 6456
9887 9962
8002 9486
6975 8566
4045 8711
1026 6962
1437 9997
1474 7875
7529 9905
7755 9764
1675 7717
9161 9965
2537 4159
4402 7830
8671 9678
8344 9410
3047 4443
848 7493
8741 9275
7885 9511
5899 6917
2101 6986
8424 9611
922 7530
6014 7425
4377 5613
711 8197
2663 2935
8227 9558
1206 3461
3632 7619
5314 7739
7590 8677
6476 7991
916 7902
8753 9444
7439 7611
977 5465
7140 7442
9350 9896
5378 7371
3018 3737
2380 9889
4949 7224
4400 6671
5606 7473
6624 7797
2903 9640
5239 5763
8439 8957
1817 5749
9616 9684
9064 9660
9006 9248
7254 9100
126 6107
1461 9058
804 2116
29 5877
7626 8629
3205 7273
9448 9944
6409 8258
1752 5549
8225 8482
733 3450
8593 8856
7746 9343
8140 9930
5688 6793
7360 8954
6282 9535
4863 7275
2699 6222
2154 9914
6082 9620
598 2393
8233 9643
8114 9182
8173 9281
5648 6728
856 6412
7495 9906
2157 9832
6748 9600
6807 7974
1469 1768
4936 8562
5433 6808
8840 9892
8637 9007
2608 8352
375 3076
3548 9050
5836 8813
5395 8817
7358 9627
2100 2958
4297 6294
61 2622
7869 8155
9474 9662
2858 9814
4603 7004
9471 9695
3621 4053
3821 4543
5993 9419
9546 9994
2172 3914
4804 6724
7103 9740
2791 7647
2931 5321
6206 8945
1132 5677
9348 9885
2052 3316
822 9868
503 9449
7982 9632
1735 6757
2517 2822
5964 9120
4270 8897
6615 9971
9674 9789
2807 4594
284 3311
8094 8727
3767 4888
3355 3362
3390 5144
9357 9949
7400 9745
2255 4842
3123 5706
1947 5330
4779 8243
6825 9403
1388 8194
6613 8368
8985 9461
5811 8751
1641 9508
6117 7923
3215 7853
6492 8247
4236 8171
9578 9742
9189 9344
4957 8606
5731 9320
8829 8893
6645 8176
9819 9989
8659 9395
1106 7192
7435 8558
6576 9951
3229 8412
2392 8767
8933 9699
3659 4507
8019 8794
6049 9882
3906 5232
3648 6618
335 5022
2716 2902
2775 2977
5740 9809
2853 7850
4078 9625
1415 2209
260 6247
3612 6886
8878 9974
5379 9825
6627 6994
1793 7231
5166 9991
5285 8683
3282 6621
6341 7043
3195 6991
1230 7766
1379 6676
7588 8242
688 3211
2991 5331
5732 9412
9631 9730
1427 5401
4945 6702
298 6449
684 2840
5933 7079
1958 4892
2926 5233
1568 5926
612 7251
9785 9981
139 1617
9258 9596
1614 7576
7220 8572
7738 9886
2377 6747
3273 3392
7438 9822
2384 9818
9648 9823
903 5140
2648 9912
592 7179
6666 9270
9459 9783
4531 7942
6386 9010
5530 8843
7866 9908
4971 9381
9673 9718
8277 9874
2983 8922
8928 9195
6608 9494
4 412
2303 3360
3899 6550
1839 3896
4831 6331
3877 9119
5199 7594
2870 8654
8186 9806
4713 8986
5870 6453
7686 9128
8768 9680
9480 9920
5897 6832
2856 4084
9445 9612
7533 8966
6857 7727
7166 9069
9214 9676
343 1894
7210 9569
4616 5739
8729 9032
5158 8170
8548 9465
4821 6565
9362 9541
8540 9525
828 1518
9500 9688
6849 7565
1973 2342
8147 9531
1350 8156
8701 9579
5547 6470
7957 8088
3646 5982
5062 6900
3756 5596
779 5654
8887 9454
9266 9903
3585 7177
6858 7773
9375 9597
887 4566
8927 9087
4220 6497
6276 6406
4203 8695
3902 6110
6765 8157
4986 5010
2003 4246
8709 8864
9257 9964
2734 3705
3485 3494
4648 6036
4030 8332
8078 9559
8544 9139
6855 8926
3379 7985
2024 8312
1443 6771
4563 7061
472 6696
6464 9918
4498 8851
7789 9959
7952 8082
3138 9297
2662 3898
796 6679
33 2184
5592 6009
2478 5787
7028 8830
4306 6223
6750 7076
6870 7319
2711 4490
4927 9866
6805 6947
2848 7641
3403 4757
6787 6882
7815 9548
2288 4503
7662 9675
5336 7409
6370 7247
8252 8499
8254 8542
2509 6216
2470 6931
5128 6024
4969 6105
6504 9016
3363 8407
7322 7847
4077 4933
2135 7485
2732 6631
2599 3803
6361 6949
9833 9890
9858 9934
4062 7596
6607 9097
9824 9907
2639 7162
1765 6120
5924 9717
5049 9756
7785 9853
4418 4882
5223 5355
3676 4093
3881 7573
9916 9990
3160 4659
8016 9655
9940 9953
3178 5875
5972 8563
7950 7964
4733 9291
161 3323
9802 9830
2115 8071
7689 9411
4487 7125
236 8178
1325 5853
5100 7768
4789 8479
9721 9797
6920 8099
2813 9177
1775 5917
7634 9340
3426 3677
963 7790
5357 6811
3954 4743
442 2777
3300 9185
6719 9232
6996 7141
6896 9062
1548 5219
4801 6190
8040 9018
3664 8694
3693 5090
8816 8981
6660 8962
5509 8389
5312 8417
5485 6327
2658 4164
6628 9571
2427 2434
6196 6533
806 3293
1000
7426 2512
9457 6587
1717 985
6915 300
4427 1547
3542 2618
3434 1997
2824 589
8126 6410
9683 8569
9685 6655
7610 6012
8646 2361
5661 4968
3480 2207
3870 3493
4977 4179
8809 6827
3783 599
1904 8
8991 4923
4845 625
7262 5446
2371 953
2606 941
1071 364
6134 1124
7307 7138
6902 803
829 146
3098 125
6045 3569
2084 1157
3546 1888
1305 351
7848 7183
6901 2337
1913 730
2005 753
6686 853
2442 291
704 155
8216 3591
4008 3735
3453 3162
3277 553
2093 783
513 363
5805 4605
8678 8409
7100 4264
9576 2900
9689 2525
8068 4107
2553 699
630 231
7386 2058
1699 174
4751 3445
8521 6584
6580 3907
408 269
326 69
7441 6086
4411 517
5141 3559
594 312
4937 3634
7845 7504
7716 6127
5458 1927
7582 7154
839 713
9869 8223
6322 1573
7476 1327
8617 994
6708 2567
4686 3935
7279 5065
5382 1172
8462 4347
2264 1455
323 20
2750 374
8879 4178
7873 3545
3462 3221
2109 950
7169 926
687 651
6664 4956
7545 6145
3139 1008
6088 4930
3001 1782
4396 2387
4122 4095
2692 90
4136 2097
579 221
7223 5781
9786 2727
9736 5733
2681 1113
4561 2012
8431 1028
7707 871
4571 596
5771 507
3238 1555
319 219
4114 1624
7579 6824
1562 172
3397 1761
5204 881
8024 3594
6031 3895
5148 964
8874 896
8388 7453
2766 243
2738 535
4063 2633
1669 1640
4502 851
8220 1932
1225 333
5441 3268
9390 1720
8303 2949
9238 5024
8130 1594
7327 6433
5536 101
355 304
9895 5704
6833 1530
104 79
7388 4006
6136 1220
3321 22
9963 1860
253 234
2192 1188
9708 2164
498 453
8668 4534
9124 5707
5320 2043
7173 6830
67 6
554 156
913 439
8005 938
3561 3534
5126 3317
1468 900
9653 4177
7528 3421
6670 1989
5929 1430
1969 1951
2110 1319
2185 954
2691 850
4771 1868
668 400
4518 244
7966 4780
4285 2546
5054 3886
5448 2414
1422 600
5743 1715
6321 578
4388 1831
6122 3891
1507 391
4725 2424
4374 3307
2044 239
8530 5725
3200 1718
3429 2759
4981 1295
9150 7097
5699 1067
9518 972
623 521
229 97
1666 1569
5862 2947
3372 3214
8786 5397
527 180
1705 257
878 847
4796 3651
8320 5200
8436 1688
6297 5555
9162 8162
6982 1490
8148 8145
3622 2943
997 141
5952 898
9420 6480
5083 4267
9102 5890
3281 2897
6263 2108
4037 1664
4844 4557
1205 94
2586 367
203 114
5919 352
4273 302
9634 7713
9880 8398
3750 3135
6826 1298
9767 40
9288 3161
14 1
4615 2923
384 373
8894 3472
4591 2117
5206 4022
1339 497
1734 1722
3297 2925
5235 4805
2025 153
3706 1579
3866 105
3395 3306
5367 2948
1072 1011
5946 346
3437 2010
5205 774
2838 1770
1309 266
2740 436
3183 516
6213 2641
8603 2551
6389 4606
5827 3781
567 500
113 26
9280 2460
1168 692
9127 4585
6954 5498
3414 2144
6524 799
2210 716
3054 2988
8208 7801
7823 797
1784 1029
7467 5605
3998 670
5888 4212
9380 1877
3385 2788
5328 4739
7642 3564
7857 7271
3454 647
7172 2153
3808 1500
8292 1599
8131 8098
789 658
2452 2165
6847 1874
4050 3983
609 305
9753 1139
3531 331
9982 1165
50 42
2504 2046
4922 4680
777 640
4795 208
820 755
6177 602
6491 4547
4980 4913
263 106
8899 1773
4083 888
3130 2698
5728 117
3813 3333
1478 1013
421 107
7017 5550
7241 1232
1725 1241
5719 1146
5601 4326
238 111
7157 4994
5632 3610
6266 5136
7422 410
2132 2127
9633 3204
4216 1630
8004 4610
2468 1923
8429 224
970 357
9778 674
2674 2124
1979 1847
3690 233
6374 209
8213 7723
3711 1237
228 57
6946 2252
5626 1829
275 98
2837 397
9827 3945
7491 524
1660 1653
3850 3110
1024 634
7606 7325
8673 1895
5693 1156
7433 4385
6926 3008
3717 1822
5281 1020
2454 433
8697 4283
5800 3101
9528 1931
4623 182
8819 1079
3603 2482
3383 2121
9533 5499
6474 3198
720 274
7255 4918
9198 6878
499 185
3672 476
1269 968
5922 3236
7903 47
6091 5803
5313 3696
6952 2033
200 154
5783 4489
158 134
2806 1250
5454 4576
9700 819
9422 3967
5368 4505
4907 1786
6248 3269
8880 2659
2642 2023
8395 6493
9769 4710
5165 1795
8549 3132
7432 5099
7841 6030
2059 1359
8394 4848
7345 1278
9274 1017
8378 608
9567 1192
1646 164
2830 686
9881 7304
8270 6967
4191 1659
4343 823
6784 1361
2402 1577
1716 575
3260 1383
6026 5878
5765 2513
6566 4763
2158 2051
5769 1592
9878 3620
8509 1586
4218 3533
8860 1272
3342 2336
3046 2374
9342 9096
9647 6689
8611 4635
2742 2678
2381 1663
3908 249
6512 5646
3469 1213
6084 4624
5241 1178
8401 7466
2250 1655
7994 280
1576 932
1811 1126
6804 3668
9602 9008
7200 3248
627 588
8772 4034
9605 176
4538 1864
8469 7343
5242 2102
486 293
9800 9130
1918 489
3794 2433
4851 3418
5044 3568
707 502
919 770
2103 1925
7440 5424
9841 328
1828 1662
7925 6155
7110 6055
867 218
6472 2163
8847 2130
9879 649
7714 6914
5023 3241
1348 785
4438 3966
6809 5892
6164 5161
5553 5188
8313 6895
1131 112
3655 1196
2944 191
6585 5869
8374 2129
2978 1470
8632 1866
4486 3573
3684 3017
8139 5300
9977 7872
1122 948
511 455
1882 989
2574 568
4850 3194
4775 3133
2187 75
8674 3703
3521 722
1262 899
3858 740
5195 2295
6725 2070
3009 2038
3563 1533
3217 2964
1051 327
6314 3986
9282 3150
3508 2306
8061 7899
1398 840
884 123
1152 880
7108 3051
4532 2160
345 48
7308 560
2382 2226
385 301
9197 7104
9958 3716
6623 1069
8161 8007
5071 1636
6468 4156
879 662
3613 1886
6094 1207
8586 7581
9741 9588
8164 3012
1879 1643
6519 3876
2811 360
131 19
4656 3473
9349 5617
8494 179
1750 1739
1523 440
8268 7838
7309 2079
8815 5189
7284 6397
3670 482
515 310
5821 119
1147 615
5945 2657
1875 729
7558 4258
9044 698
4393 2748
3152 2228
7990 1553
3253 2921
1270 10
7876 6092
7520 4767
2709 2197
15 12
6106 5276
3943 3040
7922 3106
563 398
2195 462
2661 1818
3856 1101
9536 3969
8825 2884
332 223
2860 2299
4098 2019
3223 336
1238 624
7550 2068
9828 8391
8584 5886
7541 5482
2543 936
4198 3459
8321 6799
3216 2466
8845 2161
6424 3266
9733 2430
6417 252
1399 1057
1509 1210
2801 1018
9691 990
1873 173
2270 890
9240 6829
875 248
140 5
8870 6792
3030 1109
1572 62
9865 7868
2234 1900
9289 4117
6141 5664
9763 5496
1616 148
2761 2613
542 537
7673 2723
7681 7516
1171 944
2965 1732
6043 3285
8280 4651
1195 428
5795 3932
5186 2971
9203 1380
6980 4595
4620 485
2221 886
2627 2282
9027 1450
6243 1276
7311 6909
9300 6884
5309 2634
1785 92
96 27
9387 7591
7335 3671
606 196
7023 3084
5928 4988
7959 1635
1596 1105
4535 3831
451 425
4726 767
5934 3582
5623 5156
6240 2555
8202 2664
5437 3351
5775 5160
6617 1034
927 17
5122 4883
1332 330
9169 8158
3154 801
6278 4250
6911 4774
9967 4147
71 16
5460 4593
8871 854
8890 648
4879 3838
4911 1721
4749 4391
8377 1458
1835 956
1814 800
6357 459
6471 3257
9279 2916
8256 168
2021 198
971 199
1991 1112
9304 5829
5074 4599
5484 4590
9122 9088
5546 2114
279 34
6965 3482
5215 1693
6313 4824
5480 4508
565 383
8909 562
6528 3376
8056 4649
7901 3064
9322 1851
1191 531
1611 469
6393 2013
6604 4181
2183 178
7464 7403
1848 732
6606 211
8705 5987
3464 2271
1317 1203
4515 4150
1035 833
7698 3816
5173 3679
5078 4802
1762 1690
267 193
3431 130
9321 290
3209 2946
7332 5350
6683 2412
1166 572
6452 3741
4087 160
4901 4011
3070 675
9082 7410
6363 4434
5807 3699
8803 1649
2899 885
3626 1086
992 794
934 389
2045 1451
2136 1234
6420 3681
6806 2913
2325 2002
9307 2875
449 11
3483 3068
5419 2566
9094 2779
5847 1943
77 25
7066 5925
5064 3075
9141 5430
4580 3708
3538 3457
4000 1003
2571 1970
9619 6916
5207 3987
4823 1712
3650 2986
2790 1974
3927 1689
3842 3409
5115 4390
7753 746
1245 60
322 150
2349 1800
7142 5421
5543 1673
2612 1668
5222 3747
3673 1938
8510 8045
4645 246
5380 5363
4929 1098
2754 2364
7175 6873
1603 362
7981 7851
6768 1400
2069 420
2166 31
8781 6467
1601 763
1796 1658
21 2
7423 6018
2113 558
9170 167
3934 2795
2773 1258
4567 1193
4886 2330
5318 3678
147 136
4778 1940
1564 930
2992 2017
8703 6795
2435 1703
4021 1903
9167 2125
4202 1260
6087 2196
3224 1481
7939 411
7291 514
2653 1621
7657 4449
100 86
6751 6713
5272 2745
3700 2053
6187 3510
1520 1423
7257 2335
876 329
671 657
4539 3965
7915 4465
6727 3448
143 23
1512 1431
4854 2026
2874 1884
5434 2212
8181 1696
6396 2099
6444 135
1849 1709
2447 1528
6074 1483
7509 2278
2833 1698
576 278
8041 3452
6251 5146
2547 641
7381 2697
7921 6680
8902 1009
6814 1728
4305 2776
5237 4042
2497 1117
6133 4790
6284 2541
8507 5034
5478 2794
4328 1058
2235 639
3121 2274
7547 3412
7186 3010
6010 3770
8580 5589
7519 5790
6737 3593
9396 8761
283 70
9179 2150
8261 2362
1477 959
4322 128
6772 1335
5595 4163
7969 7054
5016 4748
3744 2609
4435 759
659 177
5616 4709
6006 3460
7106 4329
1229 186
8291 3254
1043 7
2283 53
2502 1647
3503 3119
7928 1810
9391 2260
6700 5895
1290 1145
454 414
5535 3915
2018 1901
7374 842
8861 2847
273 133
3371 2604
9594 2762
5439 4052
550 431
8832 1064
5834 225
8766 5391
8046 4954
3289 3039
8906 6168
8919 376
7392 3996
8976 7608
682 444
1813 1610
5610 5410
6732 2508
5404 2881
6041 3968
4121 2980
1456 715
1524 115
7521 405
6104 3436
2582 1111
5117 3071
3829 1273
4510 4464
8898 7445
1499 1119
8663 2398
2725 297
9970 1367
7646 5718
1102 494
7029 6303
6515 1929
7384 4074
548 464
6597 6129
6244 5992
6514 4205
2640 719
6368 2143
212 127
8339 5304
904 84
8356 6707
1830 1360
4040 987
3127 2871
3543 1546
7188 5175
3578 2798
4788 2147
4834 4807
7267 6379
2119 620
6706 1267
35 18
3313 93
6773 6261
1820 1769
5663 3577
2519 1583
7401 1651
7228 556
8810 2338
4338 2231
5643 1852
8159 2122
8955 3514
690 295
294 32
3451 3425
4115 1173
9537 8472
7666 1990
9862 2066
4355 805
7763 2877
3888 735
7310 5968
1349 1160
6961 4352
2118 1975
6352 2852
445 348
3074 321
6434 2973
3778 382
9549 4683
6987 825
8676 7484
4556 3974
8030 5618
2449 2378
2731 1939
379 317
8555 3246
6166 2954
8246 6419
4722 349
6285 1541
7607 749
7535 7408
5075 2425
7362 5653
8437 7747
1627 1395
6376 604
5715 2975
564 118
1678 1406
9757 8523
7281 4175
8210 2042
6575 5082
6334 6199
9711 7003
9101 2077
949 368
9191 5819
7943 877
1364 89
9929 9451
925 830
5218 309
4170 1401
5619 837
8624 480
7030 3344
2938 2215
6048 4230
8940 5882
2638 1928
6382 3817
2995 557
6001 3753
