418
7177 8010
8382 8932
6943 8594
9924 9938
7169 9018
8149 9823
822 7591
1799 3420
1747 9185
3613 4870
5633 9246
6510 8064
656 7740
6001 7329
7358 9435
5015 7871
4388 7848
6094 8245
3852 6257
8567 9801
6946 7657
8880 9128
5631 9656
2668 7623
7402 8840
8213 8554
7416 8618
3309 5384
9932 9982
3241 6449
4258 6584
2719 6726
8737 9474
192 1666
8160 9616
8480 8966
998 9076
6281 7810
7619 8546
4675 6565
8262 8340
2721 5370
2086 8055
6558 6755
2743 3973
6741 6828
3561 9698
639 4005
6840 9726
6077 6948
4517 5920
578 7115
92 9259
115 8689
4416 7180
6979 9661
7855 9338
2635 7611
546 3433
1848 4549
2644 3317
5252 8949
6816 7208
337 7795
6283 9926
6298 7070
2551 4245
2139 7270
247 4091
8896 9992
1448 6397
7484 7599
8156 9539
8683 9495
3858 5090
9567 9795
5845 6844
5219 8545
7326 7514
9879 9886
2723 6450
3524 7706
1221 7353
6460 6952
9025 9798
3204 8644
7972 8477
4788 6350
4471 9722
4669 5050
7000 7582
3069 5776
3414 6646
7719 7926
8921 9516
2494 5093
8542 9555
4360 5673
8420 9744
4803 6794
5609 7260
8229 9202
4747 7321
9556 9650
4410 9674
8323 8559
2027 6097
7581 9384
2933 3166
284 6676
9180 9747
8301 9910
313 8970
424 8431
2573 9508
1782 9426
8047 8261
1343 1511
6239 7547
2779 8104
1893 5818
5581 6064
6707 7079
4596 8335
6198 8510
5644 7829
7243 9455
8437 9976
6852 7943
4642 8398
7783 7923
6018 7213
4509 9511
6556 7164
7849 8656
349 9330
6021 6251
3644 5634
7600 8717
3945 7328
6902 7481
6284 9074
1286 8042
4643 9388
3110 7882
4931 5870
4343 5652
7857 8596
6505 9410
4207 9424
7366 9092
768 2026
6675 9564
7515 8632
8450 9548
4007 6138
366 930
9260 9432
4125 6031
819 4488
7824 8702
9706 9741
9537 9718
4507 7872
4515 8333
6622 9963
785 9226
885 1318
9120 9918
6234 7775
14 2435
1142 3100
614 9708
3246 7488
2345 2450
9670 9914
7220 7334
7700 8114
2582 7736
9700 9763
545 6399
5766 9448
5674 6389
8868 9528
5169 9827
55 923
7518 8600
6120 8610
7724 9035
6869 9600
8873 9844
3265 8703
9813 9997
2917 5288
7677 9292
3883 6218
9193 9750
1484 8165
5979 8062
2102 4863
4132 7265
5935 9115
9987 9998
6471 7910
8273 9994
4115 8022
2866 6320
9587 9686
3339 4827
5280 7001
2859 5784
8504 9037
9441 9524
3218 8054
2787 8380
6866 8969
7347 9451
7960 9367
1686 7308
7453 9072
2137 5121
2864 8178
2477 9995
9151 9796
956 9988
9654 9799
1197 2673
7922 8705
4712 7078
2367 9689
856 7257
6669 6900
7193 8619
380 5801
9606 9771
5168 7560
2331 3167
4665 5815
3350 9062
2380 5759
8769 9266
7612 9716
5693 8128
2596 3823
8253 8920
2268 7585
2537 5599
8522 9149
9135 9244
8025 9673
9809 9875
8274 9015
6507 8684
3483 5690
4436 4575
9703 9739
1670 3840
281 3617
1930 8351
4305 7726
5333 5883
4569 9148
4787 8103
5939 6893
2781 5543
4215 7449
9727 9803
8200 9952
2994 7767
4838 6221
3551 3732
1112 4826
1158 7983
3186 5595
3754 5840
7047 7891
6103 8240
4484 4972
8603 8760
6410 8927
9240 9538
7916 7958
6573 8191
4052 7440
8832 9637
884 962
9989 9991
442 1646
5584 9638
9251 9500
4272 9389
3015 3412
6295 7676
6157 8922
5852 8386
6848 9219
5449 7268
3717 8484
6434 9012
1682 8446
6901 9608
3453 5442
3293 7545
1556 8824
5315 6100
5783 9626
4922 9870
4439 4909
5948 7779
8508 9360
499 4995
4070 5986
9229 9305
7069 8586
1965 7801
5525 9549
3 920
2945 6072
7564 9071
4683 9296
4555 9270
5915 9685
4504 9465
3325 6533
7973 9003
9294 9939
3911 8384
95 8834
8355 9857
3284 5043
3580 6208
8364 9917
8238 9898
2883 9352
4361 7482
8786 9612
4843 7153
5777 9163
5712 7225
1005 7465
4783 8369
3577 4213
3749 5493
1223 6211
5009 5995
8251 9993
5287 6662
2302 3773
1768 5183
8023 8445
7374 7977
3763 9366
5835 6854
3497 4140
1888 5774
8946 9547
867 6452
5594 6856
2634 3961
97 7112
1947 7727
491 5341
1973 3214
4301 5795
5860 7387
2213 3442
5381 9523
5320 8491
1120 6262
4829 7173
2641 8475
3146 7015
1366 4496
5468 7805
5170 6090
2946 6285
650 4990
3152 7344
5463 7016
3426 5303
2307 5309
848 9513
6724 7205
7941 9042
4552 9291
1771 6747
9678 9777
2300 4285
9449 9471
3383 3813
3046 9370
38 1159
4709 5070
8933 9331
5054 6355
8132 9849
3040 5520
6892 9792
595 1117
1235 8825
7077 7527
2237 5530
4520 5751
2876 9201
1593 6652
2585 6197
6245 6804
6521 7602
4542 5045
2209 8116
6403 6710
1529 1756
4707 6085
3236 4372
2028 2224
3129 3191
8688 9283
4737 5639
458
3398 69
8583 374
8562 4145
6391 2545
9644 5291
1530 126
4917 2897
1635 1578
6160 1274
3521 3026
139 34
6770 4700
6576 2230
4050 2908
4154 2172
2667 403
4181 3311
3025 1652
8886 6928
2024 1273
743 695
6850 2419
6462 5024
2809 2454
6815 5925
4398 180
6682 5972
6039 2940
5856 3725
6735 5284
4356 3833
2301 185
8672 626
218 112
9828 1325
8306 3154
4323 2650
5477 2025
7616 3468
1681 1601
5318 434
117 40
1311 1030
1991 553
5335 3635
9907 5536
9211 3997
9050 8094
5018 4606
4041 1706
3666 1210
4037 843
739 683
4214 3090
6728 1571
5064 1032
4688 701
3857 2317
2143 1862
5091 3941
2880 586
9853 8962
3512 3347
2512 592
1041 747
8296 5016
7087 5622
1751 1463
6070 3846
5955 2095
8892 4390
3567 3490
5236 2802
5869 5255
132 70
5136 922
6477 4955
325 35
3748 1832
365 251
194 25
9161 89
5108 4626
2747 452
456 303
7694 4100
8929 6721
2430 1024
9832 1598
8196 8091
8622 3404
7021 4153
8775 2820
6016 423
6366 5073
9893 5954
8748 3488
4381 3195
1731 877
5424 1270
9856 321
7650 5460
9126 3357
4457 2042
7474 3940
3795 3640
4764 3969
4576 2255
3229 1651
2118 81
9253 5724
6269 905
9467 3456
1554 831
3155 1820
2400 240
286 102
521 307
6889 5931
6028 5956
6223 5389
9949 3290
8693 6822
6180 1339
2474 2179
7963 2789
9964 9665
9888 9575
7456 3546
1354 322
2991 318
783 258
1730 1103
2895 2081
8890 5119
7551 2831
7471 411
6187 5974
1926 1780
1920 239
4776 3682
3034 2174
4813 3083
4676 2469
3264 219
1397 1334
5491 3805
5537 5057
5115 861
3587 563
5035 4023
4054 2997
5046 77
4252 3087
5494 917
6999 201
1262 787
5585 2053
7975 6212
8071 2663
1214 463
8076 7002
4274 3718
7149 5359
6842 2365
3068 590
2155 432
6332 2918
9084 9023
5932 2459
1359 1171
4516 2482
5140 2484
2451 863
2735 79
1371 1316
4607 2843
2816 236
3210 227
4857 2778
7279 283
8494 1222
476 221
5589 1261
4865 3964
2385 413
5943 5911
4879 672
3249 659
2839 1317
5388 120
9484 2693
8537 7790
8208 5647
8402 5375
7090 4570
8193 568
6631 503
5786 1861
4000 1871
1424 985
5367 2620
398 27
8028 5316
340 189
3148 1219
8406 8099
3627 3140
20 9
6441 5290
1165 171
675 448
8756 8192
8991 4370
2751 2624
1544 510
9934 6774
5278 566
3033 2173
4011 2653
5686 5545
4133 3782
7866 3863
4591 4072
1740 1310
7343 2720
3792 272
9387 8666
1852 1107
7485 7083
3896 2138
1629 1622
6276 6054
2911 2157
8615 3028
5892 2021
187 80
948 940
7363 153
2391 1313
765 237
8429 6317
7787 1720
3095 1368
9882 9506
6170 5450
5917 2605
668 506
2281 979
6057 4687
4202 83
6666 1997
4988 2900
2291 1050
567 561
8768 5708
1868 693
8533 46
6013 3959
955 841
1388 168
6405 5282
7026 941
8704 5407
6470 3553
736 467
4711 4646
7962 1889
6906 2604
6273 4365
1498 1469
9405 7777
674 78
8520 7508
5455 2244
9855 6447
766 295
5250 145
2279 1360
6388 4250
9695 6210
1520 269
2312 2215
4869 1587
7348 4113
2877 807
6063 2739
119 37
7352 6978
9765 8597
1785 1714
4511 1843
2273 130
9599 7342
881 248
15 1
1040 404
2047 285
5397 202
635 165
9102 3232
3038 144
2669 505
2305 1178
8935 4200
3396 608
2105 1237
4493 3709
334 310
9024 1460
6567 801
3560 3424
1803 1247
4885 4259
4127 1890
9692 3880
5641 1423
7108 4921
762 167
5754 879
9145 8331
8283 757
4779 1886
1702 945
9743 6351
5187 3549
9046 4785
9609 4751
7971 2927
870 829
7782 694
6301 2336
9009 8425
2901 2437
2352 692
3759 1147
7122 7102
2286 1602
5719 2200
329 294
3296 2525
5365 1914
7448 7089
9040 5532
1014 606
8847 2366
1345 238
8648 3385
6383 4944
7152 7148
4892 1710
4122 3401
3664 324
7295 6568
6837 5376
7747 6522
4635 3860
4681 1518
351 71
1986 1662
8473 8098
6278 2267
3326 1677
6607 5314
5507 5411
1268 806
9624 8328
2144 1432
2290 263
7071 3933
9095 4710
4184 2074
3478 460
9682 767
7333 5467
2136 1201
2372 1743
9250 8711
7880 2376
7160 4432
4240 2848
8570 31
9694 5161
6623 6617
7367 2806
2748 904
7802 2311
7339 7138
6162 4030
8851 6549
1101 857
4290 1017
4155 836
1794 1038
6333 3114
4568 2563
9483 8577
5903 4823
3331 2749
4171 951
6868 4338
9133 5305
9396 3091
6406 3947
8974 47
8087 1580
1726 67
798 342
7635 142
431 245
3256 644
2750 2698
3584 791
685 415
3916 1177
6942 2958
2059 559
5300 1129
2989 1793
141 110
9835 1244
8536 41
6763 3047
5279 894
2680 1144
8592 2776
1150 484
2928 2374
2707 1786
288 159
2976 397
232 200
6456 3292
8140 5747
2156 1901
2222 1181
4868 3570
788 156
7589 3400
2091 2035
7986 1234
4582 1816
10 7
1298 134
19 12
6207 1839
2872 1253
3739 1475
2455 68
2957 305
4232 907
3057 778
7625 2894
8796 6153
6603 419
7372 517
6832 2077
802 631
