619
2878 9953
2165 8064
8251 8916
9861 9864
6262 7861
5862 7975
2620 3852
1176 9020
2897 8897
5994 8226
8217 9692
1711 7168
7283 8967
1114 1948
2654 2815
4243 9828
4219 4323
3235 3416
9934 9998
7804 8904
4726 8812
8451 9997
3882 7504
7390 9616
1450 9311
8247 9714
501 8754
6713 9424
1381 3670
522 7285
1068 2232
1808 8257
4007 9956
2445 6430
5468 6118
5385 7275
7492 7786
6699 9949
4288 5383
1316 2357
6825 8860
3052 7434
7929 8171
1759 9528
9310 9324
5096 7403
2388 6611
4708 6855
1678 5786
1956 7071
2593 3020
1127 9628
3119 7217
1683 3056
6479 9364
5836 9867
7351 9197
4415 9685
7422 8933
9155 9935
3346 3885
5420 7602
5440 6045
6552 9019
9243 9917
7308 7590
9102 9214
8927 9794
2299 2801
5033 9449
3037 3769
8344 8430
1773 4507
1797 5040
9587 9801
2163 6928
2035 9464
7840 9095
5308 8651
1172 1552
8179 8653
8553 8636
9347 9943
4498 6167
4957 8883
4545 6230
9192 9837
8708 9016
7335 8765
310 6290
4478 9894
2404 2740
6076 6178
7974 9002
9868 9885
8244 8829
7333 8729
6276 6440
3407 4493
7387 9625
9267 9396
8914 9228
5752 9523
2907 7381
9841 9981
6222 6520
736 7928
4531 5284
1877 8403
6061 9483
5829 6172
4676 5968
5991 6721
6823 7561
965 6131
1458 5768
2710 8738
952 8364
9518 9749
9118 9383
2258 3022
3070 7082
4404 8996
9154 9863
1185 9246
9757 9758
9665 9823
9924 9974
3571 5996
3553 9748
2759 9925
2756 4221
8142 9568
4034 4205
7311 9359
7523 9336
6253 8957
8664 9803
3628 8070
9763 9783
1680 5983
5565 6287
325 2802
6892 7089
1976 6521
1793 6077
7315 7746
8886 9268
3127 3915
3633 7914
8907 8993
9294 9389
7207 7562
6036 9224
6437 9279
6573 7803
3356 5960
2411 4685
8981 9202
9919 9982
8635 9366
8427 8977
691 5600
5481 9147
3721 7638
6209 7639
7555 9437
9888 9942
3504 6465
8514 9906
4743 5245
8391 8911
3869 4360
1983 9027
43 2000
7110 9007
4101 9040
3007 9386
8968 9980
2098 6798
2721 6971
5655 7152
9575 9624
4093 8021
4298 6918
269 764
4581 7738
4523 6995
4938 8621
8847 9929
3455 9883
4628 4878
7533 8726
1625 8337
6622 8493
7536 9446
182 7179
2493 2506
7340 8934
8010 9784
3292 3843
8919 9113
6822 8162
2425 3845
1337 3476
3797 9954
1762 9535
6505 6936
2623 7206
6691 8999
1287 4047
8839 9534
6701 7081
9892 9979
2699 3953
7138 7881
3337 6762
5810 8948
6389 8198
8833 9462
2253 2675
1858 1990
6101 7899
3325 6340
1804 5378
3130 7980
6015 8748
212 8383
6601 8387
5252 6236
9340 9899
8264 8745
2669 8111
7109 8890
9848 9914
3371 5306
6550 8808
7583 9687
3086 6257
196 7298
3621 6453
454 8495
881 8603
8786 9034
519 7190
7323 9691
6627 7596
6204 7577
2437 9140
9640 9654
8567 9810
3717 9402
7126 9921
6388 6811
2777 8315
6133 8711
1659 7465
1452 2468
4285 4371
9181 9238
9824 9836
1733 5048
6610 9576
9680 9951
1943 4348
5583 8744
5367 8877
4702 6715
3091 4464
608 9612
1181 4730
4005 4192
2075 9661
9833 9847
5744 7631
7290 9524
9962 9967
6834 8613
8645 9218
9023 9759
1931 3194
6982 8378
5627 9067
9821 9884
3345 9683
9851 9945
6009 7726
9738 9844
4176 6086
3926 8002
1147 1821
4551 7871
5236 9989
8429 9903
2714 8865
7332 8225
5659 9043
8086 8119
9225 9522
1456 2601
6372 7759
7032 7404
3353 5217
6314 9646
854 5489
8749 8810
7166 8240
6789 6926
8923 9163
8617 9776
7977 8046
3117 3322
4548 7496
9014 9342
5919 8895
4778 8145
8856 9397
2396 9379
2881 3313
126 6382
2576 8686
6063 7165
5064 8097
9038 9493
9843 9994
7445 9145
3085 7226
3454 9175
6940 7576
4408 4644
4822 8238
1065 8346
3165 6796
810 3867
9426 9658
9275 9443
989 6575
7913 9124
7681 7735
9520 9618
3836 6727
7380 8159
9353 9592
9412 9441
8012 9590
2457 3421
4269 5168
5756 8077
5553 8436
1035 5084
4740 7507
7086 7999
5545 7640
6606 9262
5775 8115
4773 8624
1268 2133
3959 7896
8819 9405
3868 4420
6578 7684
4233 8299
9219 9681
7644 8843
4148 7770
1095 9418
5150 8516
9499 9798
6745 7902
6729 7246
9400 9991
2277 5110
7815 8048
1876 8278
1483 7970
8801 9142
8053 9089
8917 9893
888 6385
6653 8592
4554 7113
3242 4331
677 7008
4265 4293
8352 9723
3940 4118
2040 9164
9100 9513
5004 9900
657 7368
3164 6621
7306 7588
9112 9116
712 1128
2906 7823
8757 9745
2087 2635
3372 3814
2130 4568
3658 9008
6028 6557
6367 9797
808 1351
6536 9922
9156 9696
1537 3819
9781 9913
7891 8279
2687 6743
532 6893
4753 6997
754 2689
9239 9909
458 2821
1544 8020
3456 6784
601 9409
3697 9307
5063 7584
7780 9270
3964 8969
5032 7655
1188 5250
3680 9716
899 5792
647 1789
1252 7080
7781 7805
5872 9977
5668 9032
7163 7987
9033 9249
5293 7460
751 757
3851 4663
3240 8000
5715 9957
4544 6553
4893 8416
2417 4509
366 8373
6321 8199
9527 9570
7572 8959
5295 5976
8390 8435
2304 5348
2010 2742
2022 8030
7363 8360
7695 8342
9478 9606
9946 9996
465 3930
4390 6906
2310 7778
588 6445
4362 7256
4805 5187
3005 4466
2421 3176
6587 6731
491 1227
7692 7699
5958 8532
1201 8123
49 1686
6565 8035
2922 4154
6371 7021
6292 6607
86 9109
2612 9083
375 8365
2069 3415
8204 9001
2296 6746
4280 4305
8683 9623
7827 8991
2423 4655
9713 9875
3257 3317
392 741
6492 9660
977 6561
699 4286
3129 8369
1198 9107
3677 4843
7345 8555
7100 8426
7915 8132
3104 5915
3425 7777
6780 7972
1347 7462
1527 4377
1301 5541
3427 5219
4983 6863
3689 6111
5218 9227
350 1576
7140 7476
9071 9138
5596 7856
4144 4651
6633 7400
143 9930
6571 8953
1490 8235
9235 9657
7411 9896
3751 5535
2273 4137
1291 1429
8382 9390
7582 9918
2709 5845
6006 8780
680 4731
8965 9571
8497 9567
1637 9720
6066 7678
905 1919
8096 9341
7647 8535
1614 7787
6733 8268
5433 7853
2779 8770
3287 9354
8787 9800
3589 9904
7603 9553
9581 9793
4912 5055
5566 7318
8253 9537
9260 9703
9817 9869
2760 8558
1561 5567
3043 3264
1740 3248
7842 7857
195 706
8980 9591
2794 9425
4612 9201
5339 9215
1448 8133
1416 5351
8045 9952
9401 9865
4710 9184
780 2287
9265 9690
4361 8851
427 9288
3985 6683
8918 8989
5893 7755
5363 7506
2644 7145
2656 9454
7633 8092
7663 8149
5536 7952
2746 8657
1827 2260
7370 9198
2302 5530
9126 9822
9583 9588
2559 4161
1145 8329
3074 6477
3718 5317
8659 9259
8870 9128
7447 9149
6705 8771
5721 5844
2044 9936
2662 4315
4284 9428
6609 7635
8723 8941
6702 8682
3395 9609
6152 8759
1206 7508
4395 7002
4469 7366
2105 7936
6748 7350
80 9937
8619 8828
4916 6143
8357 8767
4525 7958
3549 5916
7628 8633
8221 8292
1838 6208
4128 9975
9282 9704
5932 7402
5795 7040
994 8868
8572 9598
3711 9831
7930 8830
1246 4387
502 4629
3406 3803
967
571 202
7594 4400
4316 676
1562 1233
4321 934
3545 1278
2062 13
8055 6460
2841 2422
1476 401
9774 7657
6873 6095
2921 886
1940 925
4590 233
2879 1207
7877 5889
3066 1323
6612 3410
6443 5302
2439 872
9240 5386
6929 983
2466 860
695 164
7525 3359
334 76
5425 25
290 279
8316 6482
4575 4229
818 42
7489 6869
8446 7990
7993 3132
7824 7
6405 441
619 66
5716 3747
8147 2504
7884 3034
6137 2874
7328 4910
3048 1219
5316 4890
3400 1734
541 439
3478 3431
5324 4425
1032 12
8599 8135
4414 197
5329 2201
586 486
8105 423
3009 1372
1779 505
9761 7667
459 220
9510 4344
5720 3426
9621 7717
476 165
1413 387
1044 988
3494 3304
6902 2346
8894 3995
8992 8421
9146 3340
1297 946
996 137
6164 980
3671 604
8484 3518
1000 871
8831 1326
525 260
6666 1371
2707 2557
1140 18
6026 2688
1320 762
8051 7552
7860 3495
1302 178
5214 1225
1143 225
5122 3261
9999 9380
5894 3334
6327 2345
6347 4069
7059 3498
7446 4278
1870 1852
4488 1788
941 931
1024 668
769 287
7437 498
4801 2267
9887 1410
3361 2505
3599 1077
6761 1055
6060 5742
5344 4281
4339 732
6698 3728
4139 1169
1262 824
8358 1729
2353 1927
5773 2428
1673 841
6896 5681
6753 1236
1908 1663
9436 6306
2088 278
4494 1346
6981 2412
2238 1715
1437 1269
9536 5022
5550 2562
6930 3922
3460 1661
3055 415
642 168
4127 3652
3121 1670
1862 406
3865 1570
3947 1813
6200 5676
4228 514
8095 5539
3714 669
370 32
4764 2959
2608 842
891 506
7214 4435
9093 1183
6799 2344
6417 5977
4894 945
1154 873
5309 2983
1110 529
828 163
3439 2196
1698 1210
9349 1060
6638 3952
1315 552
4084 2142
5766 2355
4178 23
6354 1425
1341 1033
8062 4082
9557 1310
9795 7618
9318 6472
2259 1012
2371 539
3101 1021
8376 2110
8577 7659
5094 3874
1421 466
7677 5188
7007 713
3656 2843
60 40
991 180
4521 1963
1481 75
4170 2810
6599 3293
7440 987
1878 664
77 15
5301 758
7480 6091
6338 2872
1568 877
481 436
3141 345
3722 1889
3154 2962
3821 1925
3732 2638
183 158
5172 1162
7142 1503
1486 147
5710 2905
779 11
5023 2610
1163 268
3962 2572
4991 853
1071 443
3774 1423
8487 7339
9653 2606
2448 1974
3777 2080
9968 5495
8234 813
7262 2314
9331 2264
9221 707
1574 1516
9376 1474
6053 4476
9642 1586
2900 2876
8143 1849
9211 3373
9486 7821
2599 1501
2893 1300
2009 1571
9108 8936
2071 1859
5654 5203
2851 1010
5646 835
5964 5542
6542 1888
8769 4212
382 152
5673 2215
928 725
6309 2138
1267 282
2030 3
3394 3349
1894 369
9111 5785
7144 4994
9328 3629
1094 918
9832 5147
9498 4065
1722 1464
5723 1554
8687 2858
8039 7286
426 300
9178 2748
1241 537
2050 1806
7011 6783
8908 673
3829 1132
9351 2218
935 462
3844 583
4555 3398
8379 6547
7645 3584
3351 1235
2642 2615
3277 3147
9599 162
7000 6119
4006 2300
9765 1020
3730 2867
4596 3362
9872 581
6814 1753
2918 900
9744 663
1993 1232
8410 69
6087 3320
6562 5665
106 27
5771 2233
5639 1970
2410 1197
6296 4782
7108 3309
2469 2349
7807 822
7703 558
9195 8503
830 617
5781 4873
7334 2696
2679 437
8673 7976
5471 1933
975 507
7944 403
5533 3187
4197 2768
5876 5782
4171 2698
7354 2359
7183 4053
6424 951
7769 6559
3347 2251
7178 543
5682 3849
9182 6071
8594 8106
88 29
7164 57
3555 1133
5588 3332
735 635
8849 154
7077 6387
8529 8459
9316 3636
7978 2725
5047 3883
2078 280
2938 1459
5754 309
5171 1997
6724 3333
8898 611
4213 2622
6490 3528
6442 943
1847 833
7994 3303
8332 4029
5016 1958
5631 590
6170 5175
7874 1965
7118 1721
9830 3404
3080 1914
956 318
3798 21
8582 1484
7818 7521
7517 4474
8141 3098
685 263
1333 265
330 119
5018 2203
9015 2780
3554 3259
6248 34
6395 2231
9330 8080
8368 3237
1368 909
555 431
9818 7204
2085 141
2549 37
177 171
5052 4103
8058 3913
9563 5568
2011 1854
7531 4174
807 516
5388 2170
4062 1362
3135 1014
2336 2333
701 262
1104 849
1251 408
6965 973
904 449
1557 655
4011 804
639 556
7855 3411
7887 3301
2604 208
3171 1947
2171 838
3161 253
1296 963
9256 1282
7758 3222
3178 2108
5640 2888
3367 1874
6670 1499
7592 1433
3683 358
2074 1142
9244 7338
2864 474
9335 795
9406 9061
3268 1899
4409 1763
1960 1768
2855 1178
8508 4163
2194 132
8248 8245
4310 479
5015 2541
9044 802
5816 2539
6752 5728
3674 1587
917 544
9814 4242
9114 5532
4074 348
8262 1034
4989 4693
4158 3779
4977 259
149 128
275 101
7732 7358
2677 2441
1011 483
3279 859
4770 728
9684 6186
2630 1776
7673 5405
3350 1658
405 376
5739 637
6826 595
947 294
1388 734
1311 1283
1539 442
5462 4080
7986 3669
2475 355
4576 1457
2335 748
9320 417
4572 3650
8714 8637
4441 4405
1572 1348
7342 5264
7384 3172
6067 1103
7091 2387
8425 8006
7718 2871
6850 5671
3021 2227
7907 6556
235 123
1159 85
9199 696
7068 5520
3537 1872
8750 3672
551 228
4473 3059
7585 7556
4327 3659
2924 1443
8270 1978
7243 6404
2430 882
8518 6414
3342 890
6534 634
4468 1397
9321 6619
5051 3847
153 83
1006 44
3786 3651
753 248
1440 157
5019 4445
7239 4329
5590 2003
9326 3358
3611 189
5761 2531
272 185
7155 6637
5658 1623
6258 4470
8116 1202
3210 473
9295 4044
6728 36
7597 2070
1488 134
1590 520
7733 3480
2956 1705
8641 1139
5556 4762
6352 3546
6991 4774
8241 4454
3726 1247
4037 2286
1560 54
1016 297
908 731
5650 5079
7989 6950
7652 2873
592 28
8389 6282
326 175
5327 1522
5389 4017
5563 2589
8573 3928
3099 1717
5561 2567
7482 5908
6353 4086
6840 5946
3813 1612
7747 5801
5220 95
6751 910
9533 599
1224 477
2542 226
4741 2704
6243 1695
2727 2514
4827 632
5190 82
1305 829
1335 1150
1369 671
1647 239
6643 3077
3216 2263
4697 874
5477 1633
9987 563
7674 4838
8783 1924
3430 68
5259 3679
2854 1444
938 457
1767 1550
8131 1520
7355 957
4802 3463
5835 3878
3556 1602
9477 3087
7605 1027
6765 6620
7444 4623
3011 1754
8027 2575
8025 2954
7723 5897
4605 2482
2435 573
9715 1157
5892 652
3290 1261
5644 78
3709 301
9188 8176
749 561
1579 1039
5506 5178
6777 5896
1290 1045
421 156
5531 72
8394 5503
1029 308
1086 323
3028 2536
1428 1370
7996 3859
1248 1160
3497 2945
6471 627
790 682
8539 3167
5193 2318
8526 4159
6104 1621
6452 384
7516 5692
3765 2512
6291 2548
6919 2797
2229 1664
661 327
6804 3157
968 954
857 569
6481 4526
6330 4666
306 184
4492 1391
7218 2678
9208 6889
3479 2279
7377 6839
9910 4433
5134 4399
2619 1196
5624 1700
7872 5039
7494 198
2973 2383
6707 4985
4151 1194
698 538
4035 771
2579 47
9451 6461
3676 2217
7685 6852
3987 1256
8892 2586
3990 385
1192 1166
224 91
2824 2737
1981 1495
2230 1281
4499 1399
3760 3036
589 273
9297 2293
4504 3481
6987 5305
9190 3110
2847 1135
8075 7654
3944 1938
2454 2118
2181 1545
4211 1676
625 440
6428 702
5502 4480
5384 5297
7764 2433
896 796
3972 1359
7083 6457
7249 792
2472 831
820 234
394 98
670 307
8134 5382
5429 1688
9891 3983
232 20
4634 3507
7316 3938
4307 2183
1950 1467
6398 4443
4733 416
4882 4684
5095 3357
6531 5192
3182 2235
4367 3330
1629 264
7513 1116
395 378
3684 2925
3138 765
9097 6451
6212 5031
1790 524
8310 1451
9117 6861
3228 1644
6770 4613
139 117
9601 5475
6110 6002
974 711
9048 1643
6503 1728
744 266
499 45
5571 4215
9560 1366
4539 329
7801 446
4953 2297
3967 2257
5796 5008
1205 1053
1106 500
907 650
2569 1580
5791 2691
5234 5180
1756 870
7957 6904
6952 4462
4245 3328
9323 3534
8902 3437
380 58
916 783
352 244
7876 3126
4622 546
3757 845
227 211
2508 359
7828 960
8643 3239
3860 3093
5886 1427
2782 293
793 30
6932 6023
7295 4444
4842 4140
2121 2065
9394 8928
827 71
2247 1885
4071 2621
1489 1286
2882 811
6334 4439
9675 3766
4484 718
6012 3097
4638 3626
2984 1530
1920 118
6307 1911
1802 402
494 59
1075 1054
7310 3531
992 407
4125 3246
4456 2868
2739 2116
5232 560
9767 8793
3823 1165
4010 4004
5444 1395
497 420
4990 1468
2972 1084
1989 61
4256 1760
209 65
616 146
1635 902
1331 526
1689 1004
8110 2892
6020 1134
7554 6910
2210 1526
2061 1184
3111 2283
2354 2211
1007 363
1249 203
3570 3149
3327 1732
1063 585
6813 5057
6391 4112
2590 2244
6763 5128
2394 518
9143 5125
6662 5274
5160 961
8626 6841
3903 511
6149 3200
8441 6572
3050 2833
6663 5318
9232 4559
6647 1589
9773 8333
3841 1040
1935 1171
7452 6303
5127 2272
7026 4519
5142 3211
9042 6528
7305 1525
9737 7469
2977 320
5978 145
3134 564
7664 4352
254 142
2047 174
6754 6693
8273 7189
3840 3583
8956 3810
1208 710
9308 1091
5925 1009
7062 2202
2826 766
342 267
9057 460
7927 3267
2309 344
7822 7729
4911 256
1037 678
5822 3647
9304 1605
7374 1592
2239 2104
8166 1
1967 245
2705 2242
8090 3945
3273 2440
9011 8366
675 194
6019 4924
8721 8472
9507 8118
2025 926
4324 2966
4388 3975
3032 1155
3516 720
8377 1758
4621 776
2055 1775
5814 582
8042 1498
868 540
3067 2038
9595 5285
533 360
9597 7182
5662 3263
2554 2496
4275 281
6065 5457
1607 1400
4602 2122
6568 4055
6039 4824
1604 1079
1237 577
7255 2588
6239 4366
3933 213
9877 3782
9950 4378
192 125
8450 3298
8271 7728
6269 5798
1628 755
1786 1228
4330 2671
1375 179
4262 1667
7044 1738
997 866
1108 579
5021 223
5911 2933
534 295
9183 4260
4381 726
5248 4350
1546 937
6532 1719
1510 948
8009 1824
5504 4096
5107 3950
8705 1096
422 249
2276 349
6370 3905
2943 878
3033 2712
7795 4369
3767 1868
605 468
2006 781
8542 3201
8590 6897
8688 2086
2446 2200
4887 2887
7880 1803
4992 2406
432 255
6332 1131
3375 2865
2340 1737
1900 1656
4063 1470
9777 5753
6325 2392
6270 3725
5955 4758
1853 276
6634 4027
2728 1923
4908 843
2944 1622
8330 3038
9850 207
5221 4670
2694 2556
4932 452
4826 124
8439 1907
653 453
6626 3329
3923 1067
3655 1061
4866 312
6569 4696
4129 2192
7852 2968
3377 3288
6415 6176
7752 1529
4402 4199
4909 4325
4279 3749
3736 2382
1070 231
3623 3379
5736 2208
2673 188
3974 3912
9825 596
3295 2216
