59
6654 8395
3606 5769
4296 9020
7946 9985
4726 5979
5204 9842
9591 9765
9340 9447
1850 6659
7807 8129
8332 8575
4062 4831
8165 9436
7558 7598
7799 8061
4855 8878
5184 8158
8242 8521
6592 7078
4316 7690
5142 6109
1934 9404
3480 5714
3298 6913
2009 2379
655 9497
7083 9322
8361 9934
3503 6556
1304 5797
1808 4625
1528 8320
1409 3877
4226 7379
6703 9423
5976 9840
7103 7989
321 2044
459 7440
9976 9994
6490 8191
8627 9546
5948 6146
5511 6012
7727 8517
2732 7666
4612 8318
9261 9396
5993 6026
3756 8260
6754 7754
7775 9673
478 4038
3718 3946
3958 4257
7708 7777
4602 6370
1041 2293
5318 8222
397
6355 3795
8689 6117
3675 1721
2196 541
6960 5754
2420 999
18 5
6184 2434
9874 918
2187 1656
2495 1266
2858 128
1481 1325
3851 1431
5085 1210
7152 2234
3255 1772
9816 9719
4379 322
4064 2121
3926 3098
7032 4092
9570 7138
1755 88
2818 97
4095 2019
3635 2700
1238 178
5534 4594
7335 770
1131 756
6660 2033
5843 5718
2940 1579
1166 951
391 215
6649 4351
5350 1329
7548 2042
3310 1437
9625 7320
8186 6503
1513 622
8701 900
4643 2780
3944 3746
4453 29
5339 3014
1895 675
4069 691
8696 7878
1178 114
706 561
494 3
4196 1977
1508 326
6290 5198
895 592
9383 7756
9241 5453
2427 1223
9412 9095
5365 4561
6286 1880
48 41
3949 2395
3614 1856
4514 4128
1020 545
7487 3244
9489 9200
4344 1967
8391 2199
4905 3943
3650 3316
949 416
3287 2301
2390 1771
1345 794
8694 8233
8744 7449
9696 4984
4402 4126
2442 2122
5653 812
3656 1353
1924 1280
7902 186
636 91
8544 453
7205 7164
3331 3085
7512 4155
3673 1852
3184 138
8466 4750
8996 1992
992 147
9370 5354
6695 2131
4574 3161
4751 1632
20 2
3468 1198
687 349
4669 1240
2913 1522
8718 1277
2072 847
3892 2139
6415 6234
6122 4081
1683 946
5606 5174
566 64
6476 3712
826 697
6047 3725
5870 525
2268 1774
2480 2243
2476 1436
1523 575
1384 245
661 110
7591 1671
1348 197
6171 1998
8832 1254
8331 5161
1251 275
802 266
5655 4931
4765 2782
9587 5922
1127 713
8501 2536
1468 523
4803 4691
8983 4314
6518 423
2263 1076
1069 59
4933 2808
9422 503
5567 1645
1142 437
6126 4825
373 70
6376 4915
7648 425
4816 2399
876 1
1119 409
5757 2695
9603 9045
2610 759
3654 2630
5386 1520
778 762
8235 6487
4530 3202
8764 8281
3471 1340
6523 4878
4783 4328
6209 2987
7517 2879
9136 8820
4982 3268
7025 1440
1141 481
5559 3907
2571 1947
4673 2148
8895 8589
7977 4521
8413 834
57 30
2694 2316
2130 448
4395 2357
471 93
3891 2967
5432 4243
5026 3104
4622 4106
6903 828
5438 748
3994 963
4292 1762
5182 3790
8267 5568
4418 2300
3592 1461
9398 9389
1357 250
2541 482
2622 796
6728 4889
1179 1022
3208 2344
1003 905
3626 42
7497 937
1246 442
4031 3281
995 584
2491 1775
4584 3129
7734 693
571 213
2522 379
9786 1833
5200 755
8542 6272
3575 754
198 108
2729 585
7704 5147
7213 4037
6636 3836
2859 2212
5250 4445
6630 1805
3910 2686
6174 8
9933 4604
3669 1686
5677 5613
185 145
1191 830
4962 4104
7829 5744
7899 7143
2941 2497
4989 3812
4532 1514
3732 315
642 414
6676 2424
7053 232
2789 1593
6554 130
1308 538
8828 4793
980 449
2068 1482
5071 4311
2333 1241
9954 8420
8624 2888
5417 3691
7135 4887
2326 1350
934 348
9354 2532
1744 497
4531 1492
3964 2650
1118 393
9860 8069
1313 604
122 115
7339 4968
1255 831
1177 1051
9927 4076
6969 6313
9426 3827
9711 5537
283 72
2445 1336
7585 522
4413 1649
9496 4736
7561 4975
241 164
4712 3556
9194 1942
2887 431
620 412
9925 3405
4716 3809
3159 1005
2354 2109
3254 12
6829 3950
6417 4002
9054 4118
8286 3951
2624 2570
6648 5465
7215 5344
1295 1049
9853 9252
8734 841
6734 3464
5259 3291
9990 8127
1248 1215
9775 912
2891 640
2903 2521
3387 1790
7278 1770
1086 853
6328 2848
8843 5938
5487 3757
2518 1419
1265 252
2947 2211
6529 4427
2617 1228
788 9
4179 4163
7815 4715
1555 297
7605 3646
9403 483
1015 368
9198 6912
7005 5248
4053 3857
4145 2696
9369 9026
4919 2463
4959 2974
5003 4294
6483 5560
3165 23
9753 2874
9344 6886
5290 3742
3526 2383
1534 922
4223 101
2520 669
2456 501
8462 377
2500 1815
5806 3976
688 674
510 264
2585 1027
6145 654
6634 1306
7272 6389
2421 2304
395 90
8144 5383
8378 7909
8359 4212
750 301
5060 4843
7793 726
8636 5872
9142 1821
2975 824
4392 4378
6019 5336
915 742
5362 1502
3984 313
3171 3035
3006 2559
597 81
1701 500
3968 910
2428 1464
3020 2896
6855 1200
84 26
7046 6715
3962 362
6099 45
2640 1077
9446 2772
6375 3297
1258 7
591 217
9743 6998
4578 2744
5695 3608
984 346
3793 1414
9629 1624
6882 1087
3557 733
1738 1298
2755 2023
5106 2635
2370 1881
5335 3041
1337 928
8223 5400
