131
7621 8889
6433 9359
8076 9242
7463 8116
7517 7941
8385 8873
9575 9715
5160 6215
9927 9953
3979 7261
724 5502
5309 6666
801 6188
5311 6798
5292 7146
746 5291
8656 9489
8940 9605
9486 9671
7089 8060
7804 9918
7798 9258
8750 9708
7692 8593
3407 4916
6576 9978
2659 3888
8186 8462
6635 6941
8695 9154
3498 4618
8572 9691
643 2873
1424 4786
3216 7651
2937 9886
6689 9466
2190 7323
7989 8630
1949 4211
6033 8406
5559 8569
6929 8811
686 1508
2985 8639
4761 7653
5966 8716
1543 7786
6449 9543
4767 8169
8414 9595
2834 9439
5080 5965
8986 9869
326 7364
7347 7825
5566 8533
627 4274
2866 5073
3279 7675
6546 9533
3661 7233
7015 8308
5139 7732
6578 8617
1630 1839
7598 9183
6751 7546
8764 9440
2931 9421
8757 8777
3433 6258
2262 7927
8021 8982
3771 8167
9118 9624
9558 9670
6562 8140
1793 2611
4098 7481
9056 9778
7970 9505
4333 9516
6034 9501
6616 8583
1148 3282
3139 4259
4981 8537
9642 9795
7186 9050
4570 5832
2481 8819
2086 6551
657 2066
6704 9858
3440 8835
4200 5553
4920 7664
409 7064
7004 7873
2359 5974
3716 4883
2465 9650
5551 8043
6656 6930
4378 7469
2792 8781
6596 7067
6866 7853
1209 3822
393 2170
384 7545
8918 9007
9222 9490
4062 5113
2334 7740
9288 9344
2850 3597
2406 9824
5790 6176
4000 5423
1222 8890
3218 3861
9621 9788
750 6642
3107 8243
6734 9467
9680 9695
3356 3467
8421 9523
6377 6815
424
6314 3765
8147 2594
2900 837
7196 7134
5877 1719
3509 3130
983 847
8677 4056
2464 2058
7060 4191
1060 506
6850 1386
810 433
8706 474
6668 3749
1031 866
8566 5101
1982 736
3869 3138
5650 4882
4589 3122
3564 723
3748 3629
934 575
438 390
6367 2577
615 425
459 38
1525 1212
986 441
1927 8
2726 1810
7237 5500
6486 2913
2084 558
8597 695
7504 2536
4037 2076
1629 628
8307 5394
2783 1195
8271 5015
2229 2212
6373 4993
2970 366
3447 2757
3588 1856
2569 113
2554 1527
4170 2180
1947 1519
2916 109
120 41
452 33
8774 6312
3192 2014
3497 1999
436 263
6725 4448
9348 3315
5687 1888
4410 1438
327 70
4968 512
2878 2811
5258 2145
6950 1958
1709 1334
8164 4427
8767 99
9190 5983
1953 886
2352 753
4829 4479
3931 1425
7594 5422
666 105
7992 5875
4485 2508
6948 5938
1428 1393
7228 271
4444 3622
8092 5766
6349 3261
1214 742
2114 623
2323 1763
7435 6471
9286 4497
793 460
7854 928
5776 728
7246 5761
8461 967
8503 7939
7549 4313
9027 2371
7867 6988
579 358
1065 228
7262 3011
2021 1162
4902 4477
879 453
63 7
911 207
638 289
771 151
7613 619
3400 1696
4525 4507
1074 517
6687 919
1850 1592
8970 5980
3879 1097
4556 4315
3290 2340
6214 5294
6406 3852
4320 568
3313 2330
5695 5402
3543 2658
1116 201
6799 6210
1507 1243
1375 1002
7497 555
4911 3404
4105 312
6916 2896
6634 2582
8063 6960
2598 1834
805 212
609 350
2890 2612
8295 5373
5314 1798
7708 7259
8255 5072
8309 2527
1353 752
5759 1931
2835 2786
9179 2071
1178 442
3619 2470
6372 1674
5276 1367
6087 2070
7585 262
8552 4864
4680 3750
4223 1460
2270 633
9661 2688
5525 563
7823 2299
2886 1101
6337 5004
3025 2895
1290 778
1545 661
8955 8471
1145 446
7780 6755
3503 3405
4036 3201
9765 437
9549 9419
3598 1447
6716 6510
2420 2013
2152 861
9933 4121
4854 1932
6096 4342
6782 5271
7177 2504
3895 2633
4317 2969
2135 1560
7715 3682
8297 4814
1513 343
8661 4866
7059 3970
1326 772
5984 5191
5896 3454
9280 6841
6124 1234
8196 3296
9400 5363
7470 91
7172 5802
307 66
7415 1861
3839 2860
4764 1714
922 685
1407 1172
9461 6178
4796 2777
8832 5027
8684 447
3672 1906
7170 3951
2677 1895
2944 1700
4995 4808
5668 1742
4008 751
2853 1035
2035 439
5465 4308
5663 3976
6231 961
1160 75
3845 556
8507 152
8120 7903
9889 8293
7995 3003
7640 910
9786 9706
5415 5369
6915 3532
6640 6009
5193 660
8191 1616
2685 1306
2686 792
6106 1113
584 259
6516 617
7886 6928
4544 678
3458 2797
6892 5574
735 487
6386 3009
1057 781
4778 4702
3937 2457
5711 5207
9923 7778
4192 3894
4913 4478
2328 1984
3679 3408
8287 8135
7608 3533
8039 7437
9719 4752
5145 4229
5546 3642
9026 2977
513 245
7131 5051
4722 780
7731 4316
8786 807
514 1
9770 6968
5316 1439
9574 68
508 284
3896 2651
3512 3020
6020 4163
9910 4311
9980 1973
6003 647
7280 3442
2141 1441
4039 1196
7788 2491
126 25
4261 1437
2116 2015
6650 614
4795 1286
6761 823
8829 3349
5058 265
1686 693
1878 1029
5593 4587
7132 1340
2461 1081
6976 2522
2447 2311
8226 1541
5144 3307
1211 681
1563 18
5456 3353
3262 2269
2653 965
278 50
1715 1274
1836 1168
9340 229
3170 3007
876 490
4201 65
5837 2535
5852 2572
6564 26
912 848
5693 1235
3559 1685
2512 955
5689 1669
5365 283
5012 1004
8386 2805
6820 6223
5138 1457
6641 225
4439 1366
94 77
654 543
9076 824
8838 85
3015 2418
9245 930
1799 682
5878 115
1782 971
417 86
8647 5227
9515 1919
6468 2197
6446 3481
677 137
1475 491
3757 1318
5433 4732
680 256
3652 2965
3594 3428
6015 3932
5354 3013
7943 5348
140 67
9768 2268
2104 1272
3344 2191
832 626
2624 1039
1481 507
7663 6773
582 81
4397 2321
7253 1192
4502 2705
7480 1665
3556 716
2264 1777
8520 3444
8410 4044
6309 570
1722 635
7535 484
9413 7905
5645 3232
7511 5670
2595 1988
3710 1688
3309 2171
4091 1518
4862 1000
8350 4619
6890 2429
6055 4087
8387 808
2167 890
1170 293
8721 5907
2830 1933
3587 1729
3859 552
8152 2307
3777 3184
6847 1095
4632 3056
916 783
2664 1557
5673 4203
6752 1462
9584 8836
7458 1084
7199 5528
2975 759
55 36
1288 164
4034 704
6991 163
2097 1485
3651 1131
2362 2150
9854 9598
2832 691
8778 6420
7746 1041
9936 1627
1643 42
1461 935
2750 1416
1024 354
6964 6175
2004 1241
30 2
9672 9617
4137 3739
2695 1479
9303 2335
3105 89
5561 1103
