330
850 4544
7250 7359
2536 4457
4891 7386
601 9641
3546 7313
2671 3826
425 1070
694 2993
5893 7991
1116 6221
1240 3132
4575 6357
3908 7122
8605 9123
5062 7547
1092 8473
7645 8950
1096 8872
2383 9966
4270 4623
8247 9940
1856 5551
6985 7051
13 7210
186 5562
584 2577
4275 8700
1216 6495
7583 7873
8325 8371
5613 9565
6096 8008
5621 8183
6164 9921
6950 7606
7135 8512
4043 6029
8488 8672
7768 8800
7693 8792
2726 8650
9226 9969
8863 8890
3961 6759
24 3853
8387 8695
1221 3476
2569 7883
7936 8068
2563 3369
2440 5430
398 3606
6485 9044
3940 9958
4877 7440
493 4466
8731 8965
1594 3993
4722 7914
628 7475
1435 2306
8754 9769
488 8729
5047 7637
3170 3455
6760 9215
1465 6781
4756 6497
747 9722
8396 9032
5541 9804
5003 5625
5414 7551
6918 8345
2579 7748
7173 7491
1622 5578
8904 9638
8641 9062
8699 9513
9322 9469
766 1327
5301 9489
3148 3514
6112 7523
4860 5822
361 6996
2937 4669
3069 6058
7550 8629
5570 6633
998 2133
6233 7706
5442 7927
710 716
8452 9174
9829 9906
5837 6310
5804 7013
5564 7620
9035 9131
2580 9467
8204 9349
8111 8634
895 8454
6204 7915
4335 9907
6748 7477
7668 8064
412 8639
1106 9397
4194 8645
9700 9741
4935 6992
1259 5094
3065 9134
1988 6809
5807 9423
8390 9625
1322 4977
2346 7713
5862 7503
6182 8680
9715 9830
1345 3547
3303 7781
1042 4119
9630 9833
3415 8938
5297 6091
436 8221
9305 9570
6281 9245
7445 8220
8627 9442
3988 7421
5547 9092
9077 9690
7559 7846
2764 9330
6780 8285
6227 7104
4638 4896
5465 5718
1301 4023
672 7626
303 1554
7582 8785
4336 6864
3954 7506
2802 6422
5215 5644
4415 9200
1722 7120
4599 8531
4429 5000
3769 7192
1427 6602
8353 8493
4840 5863
6287 8090
9183 9848
6007 9774
5241 8544
5382 8756
9975 9993
4190 9115
6976 7251
5258 9199
2609 7400
9748 9919
2501 3711
4066 8107
71 5300
6741 9188
4141 9176
15 1595
9818 9903
8869 8901
1129 8196
8209 9144
1861 8299
835 9373
6355 8907
2241 7200
9661 9669
4355 5738
5800 9277
1652 7785
1777 8234
2000 8202
4489 9247
6717 7898
1535 8810
4534 9382
3371 8038
7364 8688
8218 9752
528 2643
9962 9981
8777 8896
482 4208
5598 9963
3422 5187
9968 9998
9122 9863
893 5172
9689 9725
5885 7842
2270 7095
6557 8108
4225 8987
4834 9594
1807 4171
9155 9789
8070 9896
1347 3830
7288 8617
1132 7348
7576 9234
5568 8485
1660 6853
2529 3992
121 3354
9487 9589
2442 6701
8989 9486
6719 9009
6046 6566
4857 6612
2255 5831
223 6527
966 1613
2019 3205
3231 9213
5262 9430
2882 7073
4711 9241
843 3950
6841 7891
1842 9679
5081 6486
6782 7997
6289 8480
1980 5057
3059 9923
9538 9667
7239 9912
2641 9252
6166 8097
4111 9357
8136 9289
1898 3355
6640 7801
6706 7121
3555 9888
2101 6338
5739 6921
7322 7818
1002 5840
8882 9221
1538 1759
7319 9149
1237 7473
9822 9842
3465 5182
2875 7994
3230 3866
7134 7264
3036 9388
5588 9368
2162 5692
6011 8866
6691 8117
4608 6219
2381 3855
1361 2593
3024 8806
5982 9020
277 530
2134 8052
3184 5539
7754 8657
5950 7518
4740 8141
2921 5256
1877 8925
9022 9764
3108 4017
4837 7130
5163 9038
2201 3878
764 5137
8588 9870
2251 3556
8009 8394
8219 8413
3756 4359
9361 9426
4621 5124
7634 9477
3025 6902
7539 7742
3612 4694
4379 8666
9094 9364
634 2043
1469 9701
5498 8123
4484 5702
3717 5315
8118 8596
1225 8528
6474 8997
630 3328
7396 8696
5971 7905
4007 9191
9711 9894
4256 5341
2732 3177
2574 8177
8355 9027
8482 9059
823 7591
7207 8926
1074 1458
3234 4047
8121 8403
463
7501 3321
3331 1460
978 133
6697 778
791 190
5472 2242
8529 1796
7803 644
3740 2682
41 12
127 67
8858 5607
2748 459
5077 2103
3884 2011
1136 964
6217 2589
3450 393
4761 339
4990 4272
7522 4765
115 16
4372 1999
6995 6919
8687 1499
4540 1336
8421 618
9647 5017
693 575
2321 1444
5894 5056
5587 3358
3094 2129
1411 839
6606 5529
9745 1527
6503 2544
9973 5945
107 100
5836 551
142 54
2615 489
3672 292
2494 2027
8945 206
6605 2481
1335 218
384 123
4300 118
7489 6205
3061 1785
9666 4602
4342 4185
5871 4594
6296 4228
7858 6535
9763 4473
7365 6660
3931 2320
3499 1484
4157 441
5975 5162
2002 1733
2148 179
8402 2260
9846 9295
1393 1134
6859 3753
2327 505
6148 2811
3425 487
9600 3947
291 180
2426 2187
9636 5169
1969 36
3733 2147
3438 3031
8876 8341
1029 207
70 20
4965 3222
8350 4437
7438 7062
5565 785
656 256
945 373
1961 1710
5418 1173
5514 1271
9367 5787
7303 1266
1307 589
4298 3948
6251 108
8164 3501
5403 2035
734 153
3945 1224
6786 6541
3141 1500
6724 1656
555 146
421 308
2036 1780
4713 4284
2948 954
464 458
1360 1263
9727 4795
2170 1105
532 465
7170 3307
8265 3027
2547 2265
2984 2907
7335 1641
6226 4031
2144 1998
3907 1977
7942 905
880 131
2765 1754
7659 5538
7603 6364
7683 3765
5999 2380
363 342
7731 5140
2245 632
3080 1783
1138 164
95 77
2403 231
3383 2841
6917 2659
433 294
7627 432
5488 3834
8113 5801
6823 5505
1881 1267
515 300
9081 5963
3131 2861
8961 8552
924 40
5977 4766
1851 974
6766 804
1064 854
7147 1564
2551 1526
216 52
1144 788
9674 8446
8867 1392
9466 579
4706 3666
260 198
746 344
4662 1627
8789 5687
8874 1505
3699 2672
6081 2411
9278 4472
7605 7599
2715 2356
9515 7117
4309 1853
6147 1044
5348 4849
2111 6
8671 1773
5703 1055
1185 125
4216 2854
1912 1037
9017 1131
1445 85
8809 3856
1300 718
6688 2182
3798 1817
1570 43
2216 894
6850 6656
4249 3332
7395 1523
1067 202
1546 369
9137 5748
2503 1293
1801 1247
8520 3938
2734 977
7254 6008
6009 2700
4132 1790
7413 7028
6549 2423
1160 660
6010 2746
7151 4084
6243 3334
2184 2181
181 17
1586 352
1937 1498
2326 577
7838 1712
6466 2081
8336 7228
8309 887
383 39
2159 1762
4718 3095
8142 1283
8624 5373
219 172
6428 1741
1974 743
4492 2021
7106 719
9500 953
6480 1222
3026 1964
5076 2330
9672 6214
1491 1012
7738 3419
8495 6163
7906 3944
3876 327
9316 5483
3519 1647
3859 3617
3966 224
8542 27
5776 889
2783 1896
3597 1051
1279 217
920 341
896 637
9274 3218
2649 2404
1728 931
2316 278
6089 3049
3267 3171
8993 7512
6811 1878
8318 6088
1387 331
4721 2372
1124 738
7012 3927
6504 4362
8653 2202
6855 504
48 9
4063 1104
7888 2464
9965 2814
3727 3004
2396 1065
7998 2422
1052 32
4263 4138
1430 37
9938 542
8278 6694
2293 93
9100 6711
4212 685
9639 5345
1583 1467
7458 6133
8732 2754
4942 158
7922 6988
5065 2951
2135 841
3882 3535
2895 2561
9109 7167
3677 2438
4110 3405
8410 7631
7736 2424
8879 6102
9070 2168
9118 5716
6240 2973
7723 3030
3771 857
9033 6754
2934 616
4985 4371
5070 2474
7044 4732
9988 7149
7053 2445
8549 1414
753 325
9652 6872
8647 7229
6393 215
9184 2750
1201 185
4881 3539
2198 1927
1891 195
1508 975
8856 4376
664 253
4759 2078
8190 4425
8670 7871
5876 3084
3193 682
2654 546
4993 786
814 717
1206 827
9517 7590
6223 3864
2893 872
6235 5783
5125 3430
2482 1551
3278 2405
7560 3989
68 2
3707 1797
6956 3326
9377 2291
7487 2315
8382 1708
392 168
9016 3540
8905 8464
2653 165
4265 2872
8222 1555
2842 59
2815 2522
2759 1946
1364 646
5681 4113
7850 2865
4283 2069
4976 371
7800 1284
554 536
5377 5329
9125 8786
1217 993
3750 3262
2587 2176
8969 2224
4497 3780
4663 4592
5770 762
6317 2141
6358 4273
8633 6271
2336 1914
3042 544
2425 1018
6082 3493
5272 2417
9222 4898
3453 1031
6510 1604
8676 4352
518 88
2874 708
7415 2223
7082 5361
8526 1395
3313 204
3046 2729
6799 6126
5151 4835
9345 2885
5280 1030
4585 1497
5634 4151
8847 2284
1211 193
5889 5002
9023 6770
9883 8877
560 533
9728 1971
1989 1170
8640 1732
7466 3443
3879 3248
4921 2250
2505 651
5082 1865
3587 2626
4559 2041
6590 2020
4561 3239
5210 2463
455 244
5439 3002
8361 7643
8773 8254
5729 3106
212 23
7745 400
200 64
7158 3113
617 289
9047 8019
7970 6436
3851 1359
5026 4532
4114 775
3180 2332
8453 2190
1518 151
7975 6004
6013 2826
8360 4381
9621 5792
7868 2026
6800 1334
3161 1169
4317 2057
6391 5176
1481 1172
6047 3058
9376 6408
3079 1860
4576 2910
2784 1152
6274 2520
2899 178
9021 80
4450 2070
2304 1114
3584 313
9212 1588
6836 2124
8305 2538
4885 3452
619 407
3445 3241
5875 3125
7806 5812
2673 549
8393 7957
3575 1859
2094 1734
2532 2096
7187 1528
