194
9445 9815
3798 4404
4265 8091
3032 7996
422 3883
4204 9618
2389 8549
3513 3726
1772 4179
6342 9038
578 2770
9338 9452
9232 9343
9701 9950
6664 9639
9514 9749
5668 8543
6207 8989
3991 8404
1146 5392
5266 8585
9495 9943
3765 7804
8487 9121
2533 9611
2131 7208
2821 7039
3547 4138
1132 6863
3044 3600
6649 9040
5958 7620
5571 6371
9508 9516
7427 9229
240 7504
2818 8141
8830 9679
7568 8074
3494 7785
81 4310
2004 3086
7467 8740
2451 2558
601 8659
3987 7570
7094 9588
591 6817
8749 9786
5877 9249
516 9124
9656 9739
4078 9620
3075 5485
1843 2568
7057 8317
5827 7979
5520 8024
2065 5385
3650 9166
1711 6394
2797 5355
2569 3121
3110 4396
2000 6257
633 7852
8755 8943
1668 8957
568 1445
6402 6826
914 2201
8099 9411
614 835
1826 7247
6753 6806
1028 7259
3027 9182
4985 8439
5056 8231
5811 7166
2402 6198
5662 6202
226 1634
2693 6798
1851 6785
7461 8486
8170 9617
287 9804
4483 5802
6571 9540
9838 9861
3391 7552
9153 9992
5778 8277
9894 9979
2355 5256
6 1733
9693 9969
6421 9010
4962 8373
1125 3512
1417 3030
1025 5014
4032 5770
2461 6612
3974 7770
2720 3552
492 1033
1842 6217
1734 4256
9531 9866
6896 7068
2448 7440
8140 8479
4753 9672
7182 8477
5356 5503
7325 9298
8616 8897
6180 7152
860 7792
8956 9548
9770 9823
8736 9559
1492 9230
3932 6314
7240 7449
7651 7989
6604 7001
7548 8421
5362 5652
2736 9616
2844 3442
5084 7389
7465 9717
7010 9402
9177 9585
294 720
3293 8278
5917 8818
4037 5677
2551 8575
689 6590
7011 7900
9584 9647
5595 6334
6221 9886
1700 5874
6058 6373
8154 9649
4980 6845
9747 9997
7102 7764
4523 5577
214 987
848 9214
4026 6708
6391 8013
2766 7943
1258 9545
658 8533
7960 8436
8349 9754
1658 1872
1096 7392
3629 8715
5911 8565
5868 8068
7817 8383
8977 9582
2529 8468
1943 6751
9912 9968
9769 9865
9855 9939
1378 6053
8189 9532
9735 9760
4455 5915
3714 8300
2273 9966
7505 8679
2571 9407
2020 7241
6284 9634
6492 7498
8384 8649
9101 9957
4669 5335
2929 5053
2007 4082
5972 7807
2489 9134
6029 7163
771
2946 351
7093 5031
9967 6635
1796 271
3268 1106
8279 5501
811 800
8650 5609
5997 5409
5585 2555
1113 358
4374 3733
7352 3161
2752 2237
798 663
3660 1791
4943 3111
4148 1828
4612 3068
7526 1342
163 25
8395 2499
7972 3965
3140 1511
4747 2339
8709 5034
1867 1188
6102 101
2536 1221
6634 5299
1388 863
548 174
6904 4803
5091 141
4683 2615
5331 3397
632 75
1063 603
9196 3770
3108 809
3217 477
8183 3288
6289 4733
2922 1302
3969 1806
7619 598
243 42
3429 3000
415 70
3021 2052
5944 2373
6375 406
908 465
5203 3976
9047 2476
6203 3864
407 313
1120 1041
2748 731
5978 5860
9351 5798
7672 974
4200 4018
2746 205
404 264
6665 212
9751 1930
9483 3162
2332 1936
1414 545
2846 2224
2733 339
9984 1081
8056 3642
4445 2413
6573 126
7911 7636
7050 6828
343 103
5716 2106
1189 153
3267 2788
797 526
4284 1382
3720 3454
3244 831
3961 2949
2840 2564
7788 1325
8005 3700
3476 664
6160 4937
9539 2074
4380 1961
609 497
164 35
1291 773
6640 1696
2050 409
8913 2480
2891 368
5553 4974
5933 3460
2254 555
2741 281
5440 4253
4165 1990
1692 868
7801 229
1220 666
5941 2354
665 347
1823 894
2997 2614
4799 23
4559 4305
5408 4393
1004 996
2901 777
7096 2680
5165 4767
5482 4786
7947 2485
5557 5289
8123 7361
9820 251
8178 5140
6688 5051
5115 4318
2066 710
2189 197
9986 6379
4459 3888
2233 1109
5885 2546
1744 1185
736 469
3801 669
6561 4161
6186 4952
3748 221
2958 817
210 138
1577 1226
2399 1618
3427 791
1087 680
4790 2334
6450 1242
9426 6192
8234 3204
3199 263
72 31
3398 2702
2313 1008
3163 638
1148 430
1461 1108
7697 7684
8208 2896
4371 3537
7853 5526
2771 644
3467 1433
1138 932
2516 2453
7511 1332
995 573
1228 173
7396 7306
1871 1713
4956 3078
1570 74
8681 8128
7072 6963
5769 2497
4127 747
6564 5513
3139 599
520 379
4205 564
388 327
9284 4108
6295 895
7190 2199
3705 1957
6603 557
4481 1754
3444 2471
180 99
6368 3101
4347 2657
6369 3247
5333 4272
1999 1923
6490 2012
2907 2903
5629 3092
478 475
566 209
8463 4375
8606 4780
964 18
4950 1214
5072 4808
2392 808
4776 2959
8708 1717
7747 4676
8531 5178
4506 4079
1515 299
8864 5772
398 147
1398 827
6877 1602
1490 946
5076 317
4282 2585
4620 858
3980 767
6596 468
4604 1824
7550 3938
6533 1005
832 433
8135 5743
5995 5135
139 12
2422 2194
6285 2157
3635 616
4231 442
1233 380
105 36
5383 3948
7858 921
1062 30
9782 8055
6789 3540
933 600
7223 1775
7363 1877
6430 1576
7412 6670
9289 9106
1860 621
2078 1619
1517 838
9817 890
1656 1200
3379 3169
5154 4984
7316 3019
3742 494
8571 6040
3156 1680
6076 5082
6272 1387
9386 474
8492 4743
6194 3945
6540 5588
8745 7782
620 538
4600 1749
4392 3740
8060 1958
2135 1330
6795 79
5114 3175
232 230
3471 675
3395 1928
4370 1858
4248 2067
556 458
7546 3577
7518 4255
1119 585
8594 5659
3616 2211
4840 3160
2991 1946
7122 2140
550 507
2047 512
1454 1121
2734 718
9619 59
5054 4976
9892 2879
8902 7434
3847 2566
307 53
8810 4052
1283 913
7641 6056
674 160
3243 2617
157 5
6210 2278
8310 6133
6512 1195
4456 2678
9300 5487
6155 3360
4416 2727
8443 3007
7574 2351
3396 447
7685 2653
3414 1133
8569 1822
7851 7796
9737 6187
6620 1160
8580 6542
4879 3283
8401 671
3411 602
1494 833
1408 584
6390 1338
4113 1730
7497 3935
2787 1055
2086 261
9920 5390
3572 3031
8972 4119
9635 5936
2178 1589
6734 5193
3103 178
272 111
1110 1051
4252 744
1888 1789
5834 541
6736 4912
4603 1437
1158 1036
5880 2124
9156 2366
4930 1091
9372 6196
3849 936
9499 7222
1942 1597
9710 4857
9731 2676
9204 8890
5079 871
3587 1838
2785 2712
8400 6787
6022 4575
3994 2025
2085 1854
6322 830
4531 2164
8177 2075
1769 119
238 21
71 58
4748 3450
5642 4176
7936 5524
5127 1247
8534 411
6074 189
1899 1245
8246 3228
9905 1587
5919 5490
8690 887
4914 342
1421 608
1347 268
4186 2321
7431 3465
8188 295
3681 3270
3509 3459
1343 39
5604 3340
94 90
5851 1599
6689 4633
6772 5133
1469 1299
6012 5481
1371 535
7405 3187
5693 3716
5750 4417
7614 4982
9887 2400
144 4
55 51
5213 3745
8646 6147
7381 7353
9695 5534
6346 971
1209 301
2398 1168
4129 3080
5457 1673
7594 1333
5493 4766
3240 3034
6858 1357
6642 4364
4991 3475
4449 1934
9567 4247
4837 4770
8205 1705
8853 7776
9498 1480
7551 3325
4706 982
233 124
9118 309
1202 1137
1403 316
2488 1924
7407 6219
5365 5168
7642 4311
231 85
5816 874
7688 2628
5875 2726
1579 756
4350 14
761 696
2899 278
3788 3282
9017 4328
340 48
4351 3582
5103 3416
5284 3143
5789 3098
2235 1358
6405 5327
1178 282
1280 325
1285 1020
1272 202
5582 2405
5300 1268
7683 7509
5348 3775
8206 2895
8707 7705
1767 1362
5530 2557
6989 6493
7322 3792
2306 277
9949 4673
4819 1574
3211 2418
2165 1901
6049 5324
9019 5201
7787 3453
9157 5215
7950 2579
2847 499
1616 1043
2970 2160
2966 2329
3016 1981
2083 2058
60 57
9550 162
387 171
4466 889
3099 2897
5622 4278
7554 2097
7139 3908
4010 1074
2591 1794
7625 4945
4696 114
2758 779
1560 54
746 11
1959 1153
3703 3196
4851 303
4015 1950
5400 2022
7043 3492
4579 1539
9378 4405
3338 581
26 8
2684 770
9928 3039
6910 5542
3348 1058
7274 6400
810 590
3551 3436
5599 713
9562 7810
7822 1890
3817 121
3637 2483
8644 2603
4068 412
7564 4552
5418 4034
8455 4013
2100 392
158 80
9146 7227
5310 5055
8760 367
8500 2858
4355 4275
1582 1553
4163 1719
2445 1248
1429 1194
2126 1525
1973 460
456 123
7521 4970
9488 8482
2256 1239
8471 7109
1418 95
9707 4771
4684 943
5170 1191
7255 5019
2902 27
6088 5849
4572 815
7914 6474
9698 8836
1359 851
4919 280
6018 1638
7702 6264
957 397
3865 3723
6767 2807
1520 1170
990 420
1886 947
2792 1181
9473 1821
3853 3304
235 104
9356 4504
1149 1035
1396 989
1459 423
5507 3146
5138 1530
3093 1538
6159 2021
6208 1211
5661 2384
8852 3197
6513 1298
2562 1152
9065 652
743 359
7774 5993
9280 1544
5881 5224
338 318
7515 4674
8175 6639
2968 667
8428 5540
7279 4981
6432 5651
7975 6341
2583 401
8216 6200
879 128
1295 629
653 306
7631 5572
1256 448
6812 4848
2540 1141
6992 2013
8557 7065
9020 1331
4135 1183
2099 1155
8724 7474
3527 693
5431 2908
5554 1493
97 68
692 369
6458 3441
9648 922
2637 1139
8215 7734
7882 4472
8109 3915
4864 4812
66 24
9475 7540
6311 5979
1225 1222
4591 394
382 319
1643 206
2494 1962
5449 2822
3727 3345
3406 2779
3747 625
2063 1562
67 9
5909 5243
5268 4921
8112 7563
9600 8764
9487 241
315 244
5586 2197
544 222
4860 3457
6859 1556
8371 828
6003 5649
6663 4406
3531 622
5281 3449
6129 5270
9070 4489
4242 239
2640 255
2823 2170
2698 2436
9586 8886
6254 1840
8559 6017
8453 8085
5532 2375
2835 1563
7305 3688
7586 322
8119 1620
4203 320
5734 3091
6592 4988
9373 3191
5823 4441
2984 907
9636 9549
1764 459
5077 2931
2961 1215
4088 826
3219 3135
9924 8597
4905 245
8469 2049
1428 901
6072 5543
7528 6172
2612 1655
3934 1752
7503 3741
8537 8088
7500 6799
3919 28
595 247
5685 552
350 120
1157 1075
5128 927
7799 4261
6763 4588
8146 6293
9100 8292
2464 2255
2225 1879
2704 2652
5700 579
8144 6491
9228 7593
3353 1179
6879 4811
2080 561
6731 2048
8517 5273
1471 335
6489 5921
8028 6163
336 249
6308 4025
6832 5605
2789 390
9578 9538
4320 2
2397 109
6182 1740
491 266
8726 7537
4430 1503
8107 3844
3279 2689
4235 1442
7580 5717
4361 3579
9088 5969
6352 1175
6769 5212
2128 2089
3332 1077
1644 1080
3291 2677
1292 536
7393 5930
418 17
3354 2207
3329 207
1728 181
6383 3734
3153 1784
4045 2682
4940 4433
9193 5937
5752 5547
1402 735
5646 5109
9904 5777
925 504
5322 4902
6280 1164
5473 1017
9086 6539
5527 1918
6755 5578
2725 2447
8021 7699
4064 2192
6662 915
7992 1662
6215 4869
8763 1089
4608 2380
4308 1167
6258 5980
4352 3611
5401 1992
9009 3655
6361 3505
1904 1604
6364 5105
3839 869
6565 3029
9972 6118
