122
1245 2708
9923 9989
6451 6468
4270 7676
1610 8983
8354 8569
2807 4531
9863 9956
2127 9335
4100 9007
3357 5920
7498 7858
9921 9984
4845 8980
5811 6121
5303 8367
5540 9759
8803 9110
6354 8046
4879 5703
7774 8994
4055 6898
5707 9771
7027 9323
2987 7989
5720 7842
1032 6656
8099 8938
1923 9925
2321 5660
7802 8718
4957 6528
5759 9101
9760 9865
4087 7281
9598 9775
6642 7869
1273 5554
3331 7585
4919 6207
1623 1915
273 2800
9464 9572
6049 8073
1469 6993
6952 7220
3814 8863
5850 6125
9343 9435
3644 7575
6596 8563
3650 9399
1573 2443
6342 7896
1012 9314
6756 7637
8345 9297
7404 9347
5780 7137
4255 7427
6570 8252
9266 9928
1689 4459
2409 5602
4568 7240
8660 9327
6167 9520
9224 9920
7223 9438
3049 8876
3002 4435
3366 5701
1152 3916
7651 8728
3487 4864
5713 7950
6481 7791
524 7406
8145 9449
6059 8802
2518 3631
39 1477
1634 8908
4238 5808
6988 9324
5340 9460
1861 9895
9601 9846
5967 8182
1276 6851
4492 5882
1910 8228
4763 6813
1912 3657
7076 7420
8174 9732
9615 9994
3432 5233
1606 9341
75 1391
4899 8777
6079 7461
8905 9461
7058 7885
2107 3493
3610 7345
3353 5002
5987 6446
4585 7577
4034 5101
8663 9535
3646 7491
8901 9048
3058 9195
7302 7792
9408 9764
4363 6545
7801 8778
548 8872
2200 9900
2889 2940
951 1717
933
1751 389
3140 1619
6999 1385
4991 468
2651 1887
7482 4918
8930 3760
2912 2131
7832 6670
3498 2837
9001 2090
2364 1754
21 19
8334 4260
438 176
8057 861
5293 1319
1075 201
9649 217
1065 651
7017 3225
5553 503
9728 956
1688 271
3014 1109
3228 601
17 10
1334 80
897 584
4938 178
7611 4383
758 710
6329 1051
2918 798
1678 1643
2324 1067
2163 1102
8254 1098
2290 365
9171 1657
1733 163
8935 434
7326 6631
2020 1365
8123 5539
8152 2560
2245 1335
782 228
2072 1410
2373 1976
8736 3267
3044 258
6517 5269
2755 66
5440 3507
7456 2759
2711 845
7315 2946
3972 2673
4510 1322
7945 5487
2372 1883
8186 2992
8148 3874
3842 1486
7884 1066
2480 1532
4397 761
3832 3450
129 100
2005 1632
6008 1770
4031 1130
3401 3016
5900 4994
4430 4105
78 40
6877 5254
3795 2310
2915 1965
4701 1288
1131 959
8752 6252
8867 3687
8404 4826
8627 4155
9630 7800
9234 6130
5247 2765
2703 380
5180 387
2306 2228
2904 2164
3634 1186
3793 1921
259 186
1783 1679
6087 5168
6003 2231
5304 2302
8287 2262
8368 8021
6129 5027
2779 582
3720 791
1233 835
9405 3994
8711 1631
471 454
7561 1692
1820 975
1484 1433
5162 2803
7313 3214
6311 6265
1279 1190
904 428
7770 4657
4230 1813
870 568
8658 4251
5175 4089
8425 3502
8648 5464
5921 1323
6104 4952
5365 4851
9239 4815
9200 7927
6417 2519
211 115
8503 6070
2564 152
5221 645
9738 2208
963 339
4434 154
719 81
901 490
3816 1056
6979 4153
7209 1182
4547 2606
6607 6569
7450 4464
1731 907
2006 1485
4144 2517
8573 6151
3440 2646
5353 2820
1371 1311
8925 4124
7503 5350
2343 346
4118 4080
6224 2999
408 376
3946 105
2331 2217
7584 3564
4275 156
3445 1161
6380 4137
5902 1513
7066 7047
8720 3978
5409 4457
7235 4595
6663 1262
8458 6503
4244 3717
3513 1376
54 51
7650 4068
2042 1597
8748 5909
4006 823
4411 1308
7920 108
206 157
1377 382
7821 3259
6203 5710
6212 448
6872 5777
4555 4042
7776 7480
3338 3295
9797 7275
7377 2258
2855 215
7874 6105
7850 6288
6660 745
8118 4593
1293 148
4403 348
3817 2424
2593 289
8092 91
564 373
7366 623
7749 208
2336 379
4834 538
8893 5691
9720 1080
6225 3442
685 327
5505 5315
7750 927
6732 3367
9570 2977
5222 334
5159 3082
1999 633
3982 3570
6229 4283
7892 1781
3622 3403
7185 1497
230 223
7785 3325
6423 3782
350 60
7818 3275
8641 654
7171 4233
5849 44
6227 1357
7746 637
3323 527
5006 4447
9373 6039
2797 2399
207 198
5647 715
2529 1320
5823 746
7558 3369
251 83
1803 1248
8391 7155
6647 1744
4242 1014
6250 857
7284 2607
357 23
1704 640
315 48
7483 5096
9257 8294
1454 122
4551 605
6058 2268
2193 755
7872 3066
2993 2478
5761 1913
1213 743
4223 2663
8977 5973
949 766
7899 7740
345 128
342 168
1675 1324
2907 621
2029 593
8493 6480
8449 260
7533 4646
6281 1163
5519 3784
5010 816
6662 1116
2980 1529
8041 5302
9288 8333
2151 1382
4844 441
4888 2647
4634 2135
1069 185
70 20
4094 450
6060 4933
5934 2125
2222 1984
9537 5825
1264 786
6521 3096
41 38
6308 6274
8548 4158
4037 2627
5714 757
7356 4065
2384 477
3348 2926
1221 1096
4988 4038
2243 514
2930 1
8468 6137
1011 936
5541 5058
4116 2340
2959 2462
7338 2789
138 94
1624 1504
7712 1671
7709 6711
8003 5580
3565 1340
4449 2806
8774 7930
5514 2893
4524 229
6745 5762
5411 117
3770 2848
5257 4622
5914 5056
1397 502
2692 946
2031 1773
8851 7652
9115 2170
4518 107
1831 1459
2947 1959
926 401
3641 3383
5441 2653
9240 7846
394 3
1697 1492
2000 1145
6131 4944
5950 491
1344 895
2839 2458
6270 3678
9891 1710
3552 1505
4588 2672
4406 4145
2584 2139
3350 3149
3480 3272
869 731
422 72
3290 1250
3827 2381
3877 275
6463 2209
6822 1526
5339 264
6855 6335
8839 1752
2124 1259
4386 462
3692 863
2967 2251
4932 829
3785 2143
2620 2098
359 341
4955 1107
2256 254
2712 2230
8312 4983
4540 183
2573 1437
4074 2637
7628 6853
5186 2956
2140 683
5629 3139
4936 2628
9197 2555
9961 2641
175 14
2405 1204
8482 5991
2513 977
1192 247
9876 5280
5985 8
3465 1318
8844 8040
1810 542
2746 2429
7072 5134
1072 628
7737 3166
7598 4151
7796 6117
8832 4783
7941 6447
132 18
5717 4189
4575 2392
9377 1682
4874 1094
7363 3578
7496 6702
8170 7410
5392 3501
5015 26
8035 1025
2589 546
3788 2671
9854 8961
8590 8498
4564 2190
2702 1514
7807 5219
2118 1019
1940 102
2894 1053
3129 313
79 63
6132 4354
1757 1001
455 126
3997 784
1230 371
6731 2887
9359 1147
3804 3281
8523 5813
3803 2385
4157 3293
1037 809
1662 821
9220 2011
6192 3159
5229 4632
7965 6367
5312 5189
4949 4780
8242 2138
9466 8512
6973 1946
1129 511
9800 4225
5094 3891
7156 2161
1137 318
8928 3304
1321 1082
3332 445
1743 1584
7385 3753
5936 3768
4316 2453
1095 1021
4405 4204
5258 1652
2717 2472
9146 5937
7186 847
7015 4816
8477 1287
3828 635
6843 5568
8581 1252
5343 2582
3758 2891
9198 146
6722 4026
1570 581
9703 4808
2753 1381
7168 3117
6996 1674
3754 1166
5596 3257
5474 4984
3306 2012
2495 410
5376 974
9713 7391
9437 5560
3482 1101
3378 2502
6330 433
492 32
6918 2345
7135 4993
6830 5432
4653 4171
6154 2177
3194 1275
8240 5446
1853 1713
4104 2880
8303 6238
2400 2043
5798 2799
5840 2403
1776 518
9623 9159
610 544
6015 1896
6701 4580
5537 1516
5898 3412
6715 5600
5210 852
9112 8984
5049 3447
3046 2944
9733 917
2027 636
648 391
8442 4495
8454 2953
1846 481
2288 358
3767 3276
7477 1518
2487 2379
1626 430
8335 3078
7210 3322
4020 536
3973 3887
1546 1205
6230 150
7032 3391
7686 658
924 596
3479 1897
2149 1429
697 324
4082 2286
7130 1432
5054 2197
4027 2936
1730 822
7202 4414
7655 1920
8571 8149
7264 147
3957 2716
3521 425
2301 1450
5125 239
767 557
9929 7200
8835 4829
1842 996
6141 1255
5529 3562
5291 3262
5528 672
5501 3732
8350 360
9277 7522
8422 2426
7519 3011
5901 5163
4141 3838
5538 3924
1425 415
4787 2275
5052 1300
944 272
5586 2106
3203 73
5786 1964
4307 1647
3019 2830
2960 2942
3775 2189
5284 1063
3895 3208
1975 865
6633 418
3236 1909
9026 4107
7055 5625
5475 5148
6198 3655
8122 7664
6815 6691
6758 6315
7351 4444
8501 2615
8395 1511
7900 388
6609 815
8131 3844
4002 3665
1355 1202
9529 8727
3274 453
1374 1361
1455 561
9907 3671
1948 1729
480 220
6421 1280
6398 1882
507 447
1117 932
1409 1383
4966 4863
5971 116
9542 8214
5622 310
8083 6581
2810 106
7887 5106
1313 187
7494 684
7610 7408
2788 2132
6195 284
3941 567
16 13
7631 7371
9647 4323
9825 61
9376 2771
5023 2365
4181 3534
7623 6873
6985 2713
2900 2781
1613 1207
7296 839
1898 1816
3180 2023
922 143
7199 4014
7705 5828
9088 7886
4221 2255
6895 908
2728 2069
90 88
2971 2538
6341 5880
449 364
7340 452
407 214
1982 1013
4296 155
5072 1157
5543 5144
9018 2182
6453 4123
7023 5062
3988 2597
3890 883
7144 2238
7441 5165
4601 3371
2668 994
8943 2122
5480 2824
6317 1950
1702 1498
7414 3000
4017 2828
2314 1222
6362 82
6234 1457
8502 642
8126 3926
3113 414
7001 2874
3176 2846
6419 6182
2397 409
8472 3460
7257 1650
6280 5933
2073 331
8447 1728
671 37
6348 4884
5327 5045
7936 4930
9587 8196
4497 2665
6161 1594
9654 3691
8986 3091
2404 940
4381 1487
5640 669
7208 6171
9934 5149
7459 3119
8527 1470
3734 1154
2017 1424
4008 469
6174 5259
7341 212
3188 1653
3076 2459
2103 1358
7988 3731
2330 1524
9496 607
5607 1575
4832 2866
1974 1787
4536 3649
2782 2658
6266 1726
9644 5476
6735 5067
3939 3434
3263 2669
9802 4193
4807 3981
2146 1017
8068 5781
643 36
6282 4173
7511 5809
8375 978
1862 1354
57 12
7354 1046
7265 4945
5092 1595
1453 807
744 499
8067 4498
232 172
6946 704
2896 2618
8504 5399
7374 2979
5767 1867
8462 6248
7172 6181
4257 838
1277 992
3930 1569
6312 964
1784 1596
8432 6548
8700 6636
6047 4967
7403 5426
941 814
2675 2109
8920 5862
6157 3908
6444 4484
3299 1645
49 31
9430 1346
1312 1071
333 35
5478 4281
3268 2860
9085 1758
2097 2048
3235 2117
1795 1005
8714 6006
9041 8609
3368 2920
9262 3041
3211 1939
9951 3193
1379 881
6466 5925
6799 1558
3292 1655
3229 1638
9355 6733
4070 4018
7231 6011
3750 3393
8163 7924
4345 2470
7063 4083
7432 5730
1149 611
1536 1016
6969 3370
5276 4687
4443 1076
2093 930
5757 4168
8268 4248
2614 1501
7221 2856
1664 1134
1007 887
7916 2941
3456 2463
6461 5685
5702 4738
998 127
9611 5905
1870 1774
1172 824
5830 4438
5255 4382
8274 5873
7113 2691
6262 4721
1430 133
5941 5693
6675 4882
2092 404
5812 4291
6584 5917
3619 1798
9843 8953
3050 576
9549 3279
3724 779
3969 762
2532 771
4666 4102
4939 3328
3064 472
7607 2224
896 689
4636 4365
9030 2774
1961 1062
7702 6594
6690 545
8278 5235
7009 4481
8886 5829
2134 1966
1750 46
8225 4237
9378 2113
8173 281
1241 1133
6515 5418
3943 2718
7389 4847
2034 1855
754 624
3240 413
190 113
7722 6185
7121 5694
7416 2705
290 274
8142 595
5841 4793
9094 5385
1972 397
9636 7879
2988 530
8413 2636
3704 2745
1582 1481
7793 443
29 28
4645 286
4218 3151
3111 1707
6269 6184
630 111
7159 1955
9242 5245
3457 2662
7462 7360
2535 2508
1301 1200
1914 705
8264 7509
1041 253
7875 6012
8244 7772
3642 1220
2226 170
4616 2952
1579 1103
1412 955
6778 5962
5369 3071
6292 3454
9651 7203
6298 2241
7827 4854
4232 1654
3710 3620
2205 1092
7742 2534
166 11
1119 43
1004 332
1559 483
1971 876
4304 1386
2227 790
5970 3624
5181 3601
8095 7407
4167 3347
9145 8475
9307 5860
5824 2528
6651 6471
7986 1421
2906 1775
8172 4704
804 202
8518 8132
7216 3021
2377 1952
6080 1804
6279 236
1593 713
6412 3466
3855 85
1512 265
1755 886
4613 3505
6210 4346
8969 2362
