387
1540 6736
7254 9421
4552 9576
2805 8805
5650 8100
4117 5441
6585 6643
7587 9990
6331 6794
7544 9936
4146 8167
7682 9571
8716 9099
7819 9570
8157 9922
3860 4702
6533 6623
799 3961
6895 7280
6998 7991
2825 5831
6677 8331
8646 9523
8593 9411
5386 6840
4821 9004
3583 9807
1695 4585
8538 9470
9966 9995
9028 9331
8764 9938
4733 5502
5027 9363
6467 6676
9002 9309
6853 9648
8815 8910
8461 9413
5301 9018
2041 3145
1320 4929
2406 5917
8483 9436
4968 5561
5192 8394
8039 9665
9105 9145
9034 9238
8113 9878
3722 9897
5592 9343
95 2782
4873 7595
4493 9441
333 7685
2742 6952
4828 6033
3037 8046
9770 9862
8463 9080
18 547
7433 8314
9994 9997
5857 8899
3762 9645
38 4838
157 7395
7387 9016
4930 7117
8190 9432
9165 9956
9823 9945
9845 9890
5906 9710
3018 8318
687 3393
7705 9929
6323 6568
8980 9316
9419 9590
5835 8232
1974 6021
81 1844
3004 5024
596 5947
2919 7115
4890 8553
5035 9190
3806 5546
9399 9814
8269 8962
7903 8282
3571 9341
1301 2315
7840 9947
251 3866
9265 9660
5354 6913
8033 8519
2887 4319
7929 8730
6142 9366
4213 6714
6222 7074
2346 9094
7561 9158
9130 9439
2879 5687
2581 8182
3757 4843
7133 7307
3023 8092
958 4652
1860 5812
435 3609
3186 9019
8939 9248
1207 2531
4931 7654
2186 3100
5689 6124
2310 8544
3131 8193
2015 7041
8208 8220
116 3767
7018 8912
8386 9043
203 4854
4053 4061
9655 9900
1764 7203
1992 3304
3719 4096
9942 9983
8403 8952
4683 7004
5204 9393
8731 9129
2002 9209
5348 8907
1996 6572
5738 8685
5070 5073
3411 8504
1869 8832
6048 9214
1224 3084
6297 6616
4572 5054
9059 9634
1881 2700
2592 8703
339 3209
6127 7917
3641 4855
2105 6945
2131 2469
9239 9347
133 7039
7738 8812
1936 4822
8510 9678
6732 7246
5978 8440
3752 5559
3546 8758
9562 9640
8918 9269
4631 4936
3367 6570
5634 5872
4996 6716
3267 8725
1945 8503
3416 6019
5808 6011
4675 8869
5075 7706
6711 8375
8369 8610
1846 6877
4413 5322
1279 5445
2166 7578
5723 9756
3045 6262
3445 6193
8396 9097
5406 6645
3820 9712
2907 3814
2931 9965
9426 9821
8174 9329
5538 7710
5379 9493
5777 7092
9001 9161
9249 9560
8225 8573
1675 8861
9726 9815
2547 4645
54 7567
5281 7898
5287 7873
7321 9886
8053 8546
224 1269
2741 6808
9857 9899
6719 9757
6784 9120
486 2847
148 5195
3285 3950
9584 9893
2376 7164
243 5360
307 7431
1180 1570
933 6232
156 3562
8763 9598
8422 9907
515 3758
1389 2678
5385 6072
9442 9797
47 927
5391 9737
7248 7509
3862 8218
4084 5303
851 5029
7015 8034
7924 9469
4774 5873
7073 8634
3817 9495
5664 8093
6617 9217
5963 9646
3014 3744
2568 6637
4830 6355
4587 9843
1769 8970
703 2502
8986 9087
8882 9149
6341 6746
8477 8687
926 9323
3780 8678
3438 9741
5136 8011
4885 8749
9953 9978
6829 8074
7972 9397
3629 9552
3476 9595
8498 9046
2362 2665
1150 9785
967 8672
1220 3523
5028 8604
2282 7497
7847 8201
7771 7827
9143 9276
890 9842
97 5008
6266 9159
7808 8129
9667 9925
7700 9991
1469 6718
4363 6935
6286 9073
4234 7239
4355 5044
8158 9782
9935 9985
4770 5254
4609 7686
8639 9715
4905 5666
3861 5494
6796 8904
9588 9906
5400 8236
3091 8636
2933 9612
7725 9321
8237 8756
4432 6934
994 4791
8555 8983
4290 5067
3651 9304
4350 4823
5007 7607
8311 9396
2570 6106
8216 9297
1721 2435
5068 8066
9693 9879
409 2388
8221 9812
4769 8620
2422 3837
2878 7711
7288 8954
7080 9089
8647 8878
6399 7338
4933 5282
7478 9383
9557 9567
9639 9905
299 429
2810 4102
9984 9992
7612 9084
5533 9243
8587 9631
6260 6416
4090 5237
796 3575
6536 7945
613 2783
1905 6863
2156 3713
1810 4373
1842 3556
1074 6579
5493 9492
8997 9005
4049 4681
903 3200
5632 9745
6785 7660
6556 9055
6523 8240
2110 4375
7988 8898
7513 8563
2420 7648
2399 3064
2497 9702
3139 6940
1208 5495
6919 8969
4846 5774
8491 9786
5462 6173
4501 5365
3540 3638
101 6348
9974 9975
2241 5370
9805 9960
2354 9825
1975 9635
528 2369
3552 7157
567 2707
2280 9597
3177 6452
1772 5428
1873 2534
3735 7968
3159 8833
1311 7141
1333 3387
8096 9364
767 7895
9951 9964
7952 9714
3665 7085
9532 9917
764
7960 2638
5486 3903
2157 2144
5031 3885
8068 4314
7101 6687
9234 3408
3560 2553
1143 19
9754 9128
8759 882
8213 759
1247 1219
6722 2139
125 92
2863 1345
3855 3794
6112 174
4325 3529
249 237
9322 5376
4292 2365
3105 977
2212 1962
5265 1649
5697 2611
6949 4075
6778 683
6545 4868
2442 34
4932 2091
5860 3232
2038 1020
6382 3976
9425 4195
1400 1151
5350 3111
7060 5176
4870 3648
1417 1176
1955 124
1720 1066
7791 3993
6165 1235
6454 1409
9777 2676
9483 3312
3927 1879
1851 1305
8442 2537
597 162
2540 2321
9553 1586
4232 779
8013 7668
1653 1440
1021 793
5259 2370
334 43
1926 394
8398 1782
9463 3265
6006 1987
4517 2116
8051 5679
1203 735
891 175
1798 617
7136 5962
485 218
9468 6717
7799 6689
2445 488
2021 1821
3702 2090
8786 8363
6250 3041
9669 2557
184 166
1361 1355
1931 1054
5088 854
192 141
1527 1275
9134 1248
650 354
2595 971
7460 1815
9242 6299
8239 3380
4999 1468
732 704
427 170
8784 362
7742 4736
3738 2630
1490 382
6862 3813
1404 69
2418 2292
5104 2216
5246 4481
483 344
4006 993
4816 2643
3945 2811
7061 6768
7532 2849
895 694
1244 480
9183 2548
9203 6440
9288 4361
1434 261
7055 6691
145 1
9108 190
6782 3055
7999 5339
4421 1240
7891 2598
321 130
2632 1916
393 287
6839 3957
3850 1792
5541 846
5323 1994
1790 1487
3877 1932
2912 199
2724 2409
923 284
2152 1156
8704 4861
1138 242
7673 5211
2104 1838
5367 4525
8016 1542
9568 8104
3553 1290
7938 3947
8266 4502
2079 611
3002 1256
5901 3098
6455 1617
5409 4569
6186 6125
663 376
8397 7552
9268 753
723 136
4248 4138
4997 1063
2597 2300
5223 3538
1867 1314
7765 7730
4436 750
2218 446
1778 562
5989 1532
146 137
416 412
3582 573
7131 1072
2381 2340
2353 1339
7124 3070
3351 892
9298 1680
1058 848
1880 244
7390 2478
7316 4697
628 169
2336 1660
5125 3297
5973 1807
7220 3301
8676 1436
3414 1529
7455 5700
6652 3800
8197 3292
4591 1698
9504 2563
1431 699
9602 1548
3334 415
972 94
1911 1373
8722 3030
120 109
2978 2545
6977 4635
9144 64
3302 26
2999 134
9066 3865
2150 809
6800 6558
87 41
2220 1044
570 311
5261 4948
8131 1282
413 149
7081 1228
12 4
7750 7546
5095 688
6283 3749
8691 3634
2467 690
1260 112
7065 3003
1221 481
6195 5966
418 187
3487 2877
3654 312
2941 1079
6110 3054
7655 3132
3610 2942
508 31
4376 1082
9771 5188
377 246
8837 7154
7951 213
420 293
6848 4391
3213 641
8609 7693
6988 5274
2913 627
8855 5173
7712 1819
9802 635
2670 2170
642 405
7086 804
6790 5357
3537 2291
4581 2372
4924 4784
5003 3592
2960 995
6194 556
7084 4254
3581 2499
1713 991
6294 5728
3328 975
411 280
6515 1702
2162 1788
4377 3212
1142 855
3549 144
3028 2624
4506 910
6004 2929
2634 2159
4402 3750
214 196
6451 2198
7643 484
2909 381
4283 2279
9761 2232
489 75
922 197
3150 2572
2081 1477
9615 5852
2505 1799
8170 662
4878 672
6469 2058
9047 1306
7872 4710
2465 1668
3701 1015
1723 1693
7990 7860
215 183
4958 1641
6554 5841
9263 5529
532 49
9530 4085
4709 3276
8335 152
9912 3249
1446 271
113 76
494 198
7657 3110
862 810
2417 1300
6868 2020
847 648
3315 1779
4484 1472
1750 1293
2829 1268
6875 4785
2029 701
4730 1866
6476 3847
8753 1411
2528 279
9622 2645
5968 3072
4832 1090
3226 2476
9776 6245
8489 3998
6362 1062
176 85
1065 288
3372 386
3936 3339
4837 746
9142 5670
7380 5124
1593 866
3369 1367
4544 2072
5137 2550
1559 1194
7801 70
1250 925
5242 289
6464 992
2363 375
6422 4967
5127 2787
9086 414
4601 2441
9178 6590
2696 1229
4282 3805
7967 2319
5596 5444
1679 924
8996 8361
1130 697
9194 3711
8355 2171
5925 2366
673 117
4941 4750
8742 7594
5051 850
1459 776
9326 3206
3121 1836
4677 1097
6937 1690
9031 3826
3287 2987
3257 2120
3421 270
3635 702
9315 9173
4196 769
89 46
2472 173
1113 470
4624 3731
4564 1024
4207 3593
3682 3480
2524 740
8071 4385
1940 126
7629 5513
6509 1556
9446 1756
7005 4050
1261 53
400 110
982 525
841 786
2812 1294
8424 7357
4897 2284
9701 2517
7538 4211
8699 6141
4807 1262
2893 2650
3130 477
1076 717
6123 3516
3266 439
3489 3097
3244 1558
1793 1457
8263 529
7812 7272
5059 3172
5565 1893
2455 2209
2962 817
957 338
4665 808
4783 2033
2656 1071
840 201
4970 1308
7138 5550
6114 3605
9202 2109
9124 3671
6208 3845
9606 2391
9943 1093
2627 1872
2779 1889
3589 3208
5110 865
6358 1572
4560 1053
1724 645
1144 15
4345 1371
4298 812
1266 86
6156 6057
7162 6674
7165 2899
9750 3916
4126 2066
5570 5419
9101 566
8075 7341
8350 4245
7218 5603
2323 1043
9188 7764
5704 4382
8444 4002
5197 3223
3190 537
63 58
7748 659
6164 3727
8145 6485
9193 5470
9765 1401
4960 4673
1652 1480
337 262
4708 3590
3181 346
2851 1356
8002 5437
3765 2016
9356 6893
7965 4306
2056 609
3720 721
9790 9544
2496 1370
6281 5795
7795 1927
9416 4627
82 59
7465 347
7376 5760
1430 802
2242 1173
3937 1561
8744 5456
8966 7266
1953 1325
4646 954
2075 1923
6632 327
5018 3613
2357 738
8675 8103
4400 359
7029 3596
277 273
7267 6196
7439 5645
3143 2620
6213 1536
2419 1456
5838 2721
2939 660
2463 1467
6777 3857
7255 1188
6082 2683
5572 2410
1346 229
8035 6206
3710 1654
8449 5789
6535 3941
3485 2834
5161 2184
1403 189
1611 909
4614 463
8204 2302
3942 2014
4491 2400
5092 3972
7506 4594
3681 827
6604 3345
7315 4921
3854 1567
2073 719
8684 4192
4844 259
9112 6064
4974 98
8286 2102
2837 2285
4615 1158
7284 7196
7206 5850
1069 798
5825 4067
4815 800
7663 986
2924 696
2625 1255
378 220
1982 368
1022 940
9365 6313
371 29
9609 3725
6279 4029
2622 1041
4258 1197
5836 2957
7853 6495
6075 4553
6547 2189
3350 2881
4264 77
2134 1874
2408 1147
1908 1398
4633 71
9806 4100
5698 2551
2215 1620
2003 1214
451 234
5458 2738
373 257
3188 1928
591 286
6314 6084
1882 1362
7394 5980
5177 3664
1183 1163
5334 981
482 428
7410 4381
5950 1681
3527 569
5247 2698
7150 4390
6273 5184
8820 8229
3329 1427
5510 442
9107 2165
3298 1573
3309 2602
5416 2113
2034 240
2997 1969
3824 899
8147 7699
2364 445
3729 3373
7839 2755
2884 1543
9687 3811
8492 4934
6168 744
2769 1257
397 105
1190 100
1267 254
2751 1386
1508 731
8154 4592
5654 1372
1760 1083
5432 5126
9773 7099
2975 651
6894 1392
1132 823
9380 1875
2662 232
6167 509
7611 6692
7817 7345
4894 2801
7720 7350
7981 4859
1577 304
5053 3511
1576 79
1010 160
7931 6289
91 45
4480 1121
1595 763
6334 554
5411 1013
7326 2586
6990 4912
1232 616
615 387
460 206
74 11
2821 578
7377 592
6911 4900
918 118
7044 265
610 511
7384 7169
9065 7348
1813 1444
2225 640
4973 2197
6828 1210
9856 6958
9237 6543
5283 5132
6209 510
6468 4798
1200 711
9139 516
8253 1094
5337 920
9116 1045
9335 6503
6890 1243
8234 552
1231 1136
6581 3016
5715 241
8507 7745
9901 6435
8795 4113
6498 3124
6855 2509
8630 3853
2508 2146
8547 8486
6184 5384
5750 2373
7043 2133
3061 1209
5 2
3952 1382
1787 301
7585 4130
5175 3839
666 341
6032 4114
533 78
2844 1328
2334 138
1273 955
1428 227
353 147
8434 6783
9971 1107
8211 7209
3296 2525
5081 4748
7496 6912
8178 3353
9585 5516
3741 535
7028 877
568 426
153 106
7517 6899
1943 1159
3053 902
584 474
3770 1732
5671 2098
2770 2037
4445 4269
8431 7816
3604 2484
1850 51
1057 448
9885 4183
4567 4073
8161 5554
8623 7401
3142 23
6598 1463
7575 5251
7134 3191
5547 1733
4589 3534
4438 2835
7264 7204
7128 238
8021 1791
598 221
4530 4204
179 167
3364 330
7518 4580
3508 2401
1299 1008
5216 1253
2433 831
2613 2256
5744 5294
1145 186
6147 3235
1806 464
188 172
7528 5001
7319 1887
7773 2616
7590 1635
4171 960
2711 1549
9918 7034
8779 4869
8419 24
4512 1184
9593 3464
614 559
9286 1366
4515 997
1814 475
2578 1035
4048 2143
9565 1006
4813 3555
4763 3627
8411 1563
2786 813
