201
6591 8521
2250 3819
143 4974
9460 9886
5468 6860
120 719
1549 8530
8875 9525
5271 6098
8353 8571
476 6036
2810 5454
927 2981
6661 7728
4940 6226
930 6512
3604 4253
4024 6038
693 6562
2302 3277
1016 7584
4133 4309
890 5336
7355 9350
3132 5279
1452 1672
7967 9083
4390 6059
6674 8962
7836 8608
6899 7557
8662 9442
8565 8856
91 8976
9268 9889
1762 4818
3322 3441
1150 4157
6545 8107
2928 9236
6648 9118
7049 9587
2502 4783
9724 9819
3225 8352
9337 9621
6449 7748
7299 9855
9237 9415
5910 9986
7986 8568
2985 6260
2523 3290
5860 9154
4570 4978
1369 3534
9124 9478
5311 6500
2700 8034
5313 6085
9591 9695
3535 8555
5153 7926
8604 8906
5890 9132
1724 8363
2344 5785
3679 9753
1437 2765
4095 7621
6698 7403
2905 7693
2306 5667
9937 9993
8950 9650
8067 8216
4784 7273
7543 9040
2365 8791
5564 9952
9672 9970
1674 6933
5881 8919
5995 9517
9881 9893
9034 9349
7207 8884
8127 9796
4636 7718
5174 9758
3484 7840
3037 5594
2334 2340
1650 7483
6712 7998
3701 8821
3035 7953
3897 7946
3880 9206
1031 1783
4082 9914
3607 7109
4271 6086
3264 7632
314 1981
4745 5801
2094 3304
6871 8010
9497 9506
1993 5535
5255 6824
6828 9502
8815 9319
2669 8445
7756 9385
4528 5565
5742 9277
2339 2675
406 4369
1028 9244
4371 5827
4842 8558
1418 7125
6834 9241
3745 5357
8243 9213
2895 3294
424 6350
2710 5800
8380 8908
8115 8692
7873 8060
9520 9713
9284 9763
884 6796
3030 7354
5511 7451
3172 8557
5366 5942
8306 9737
5256 9578
6211 6913
110 426
6216 7602
5486 7473
1840 8888
2135 8798
392 4517
3486 8184
5873 8820
1273 7493
2022 5302
9330 9973
8642 9418
6400 8349
6492 9890
7294 7776
5617 5997
1578 5920
9381 9384
997 9339
1989 8691
9428 9791
7497 8240
4113 8020
7057 8042
8083 9874
6849 8866
1140 4239
1470 1893
3249 7781
8211 9057
175 5682
4707 7424
933 3606
7527 8116
5447 7079
5379 7363
8488 9220
2071 9948
1193 5978
2044 8559
5613 6511
5865 8164
5352 6750
5376 9842
4795 6045
9366 9885
8526 8907
6764 9734
9475 9811
815 8790
8181 8603
6373 8600
5272 5970
9167 9592
5016 7259
612 5458
5123 9458
1008 1872
7809 8607
312
7119 580
1983 1612
1652 1125
5945 3490
5577 2849
5821 4656
9593 2907
8781 4865
3565 769
2885 2182
7706 1811
7475 7138
459 444
3315 2792
2498 1675
3549 1859
6460 4909
7487 3524
2714 153
5573 2027
4141 598
9305 4895
5119 3927
1870 1515
2696 1707
7225 4841
354 70
7153 3337
225 127
7534 7020
5459 3376
511 50
5840 2775
3908 257
8102 3374
1881 37
6018 1157
3329 1520
5291 3002
7654 6693
3234 1390
2283 1449
4922 388
4681 3113
8813 1599
708 171
4856 2577
5388 4490
5225 2058
3525 8
808 641
661 548
6133 2939
8914 2053
921 599
4266 2330
9560 2258
5791 2789
2246 1890
3847 3737
8926 7326
2347 2290
1336 187
1463 879
4634 1991
9407 1710
7667 337
3100 1779
6393 1381
6758 4635
9624 9611
1655 269
2452 1265
7122 5289
3578 399
5849 2613
1817 390
9917 3923
1864 9
6683 2520
5596 3240
8586 6123
7673 3154
304 287
899 102
7801 941
1483 1305
1770 1088
7033 1364
4186 397
5757 288
7284 5534
9857 5321
2180 2075
9565 4513
1350 1093
4581 443
6464 1504
3316 391
8507 757
5969 2977
1614 508
7062 6191
3105 2090
8421 3404
1070 651
8965 108
440 25
9932 1033
1268 230
817 144
3989 2140
2804 1151
9422 242
1754 581
3988 3181
5243 1660
9441 5370
2224 1428
4962 4608
3791 2986
5634 2853
7143 4145
3468 3257
218 48
2975 1
5295 1914
5017 4372
4118 2768
1951 34
9781 8031
2231 1319
1060 744
1694 1091
4626 3199
6634 2115
5736 272
5652 5260
4746 1837
2745 1201
7749 2170
26 13
1292 458
6078 4658
9909 6171
7065 4326
2683 2420
6255 2579
1919 1902
3750 3204
778 263
3719 2976
9423 5784
867 525
7380 7237
1260 343
1806 393
3658 234
7017 4622
9562 953
4925 1277
8318 8026
3531 3127
2605 1142
7664 7083
6141 4085
8196 5906
2409 209
8402 3878
3832 81
1131 547
1812 1214
3664 2973
9788 5544
8153 6898
9571 7245
9249 7675
9833 1198
2431 1765
2900 1128
324 114
3454 2371
3639 907
146 77
6310 36
419 386
3024 429
2676 1422
135 113
8858 6601
7750 7708
2378 1829
1405 1346
2179 2061
8256 3296
8156 3563
293 145
2072 1525
6462 5606
2687 2324
6429 5166
2609 2439
3185 856
1562 339
533 357
9149 2585
4472 655
7589 4522
3361 795
4487 1745
6787 4403
9495 2047
4170 1563
7448 3969
2015 1651
6792 1526
3944 992
1165 704
6056 57
4251 4226
2436 1207
623 115
9867 7505
7165 7104
3648 1615
4977 2034
5320 4973
4010 2264
9115 6904
570 317
8206 4619
8302 3685
9457 5746
5365 3703
5922 4875
6847 2982
3681 2731
6341 198
813 669
6425 5191
2307 358
3530 3275
6564 6021
816 261
8737 5916
7167 6040
9765 4806
5209 2105
9776 3526
2729 843
2157 1219
9443 1843
4000 3532
2245 363
3497 361
6652 4421
7013 2511
9712 2133
8124 7394
1836 418
359 313
4333 1913
6276 6063
6671 774
2000 1349
9345 6666
3396 894
5724 2679
3511 1582
2007 540
3856 674
6901 3302
5015 1725
8915 512
3228 2815
4606 3130
3568 1202
6149 4861
5632 5132
624 306
2113 1175
6331 838
1977 1868
8629 2818
560 487
3411 2392
931 700
2148 846
2043 925
9306 5526
3491 470
6420 1304
4302 1537
3056 1129
8591 2817
9281 7076
9601 3342
9797 1695
3070 2782
4718 1040
6360 5384
9550 9452
3114 3050
6716 243
7188 1627
160 28
4455 794
1359 1240
4450 3919
8898 6013
233 173
2515 1222
