471
6615 6786
7791 8049
2221 3047
5169 8172
3785 5662
606 8168
2068 9826
8577 9373
4578 5128
8419 9169
2801 3806
54 6753
9221 9234
3329 3472
6024 6510
7961 8458
7070 8496
1671 4327
5581 5905
331 8143
9460 9969
572 5285
6391 6545
2527 5895
2062 7921
5947 9466
4092 4560
9354 9441
5458 6215
5967 6116
6691 9146
5 1966
6536 7342
5428 5771
8740 9473
5007 8888
2924 3357
651 4854
670 3579
8178 9113
1326 2005
8417 9905
6025 9824
5209 6420
5919 7938
2832 8695
40 478
3729 6257
2820 2962
7324 9798
7460 8591
4883 8819
9924 9991
3488 7283
2127 3956
8506 9667
8233 9015
6865 9138
4063 7009
7909 8672
4202 9239
4729 5612
7278 9831
6762 6903
9563 9785
8463 9767
4334 6401
95 2860
7077 7144
2238 9085
9038 9829
9851 9933
8249 9086
1785 7344
9524 9748
8450 8523
9467 9834
7405 8430
8840 9064
6284 8901
6392 7164
1097 9196
9177 9927
8028 9362
1425 2441
8203 9734
9652 9921
9696 9721
2420 7761
8818 8904
4497 8955
6589 6982
6509 7281
4479 8985
7721 8127
8467 9688
9533 9565
7565 8079
9998 9999
6804 8658
5594 7377
8336 9895
7792 8825
2361 7649
7291 8443
9022 9678
5500 7799
582 8230
6687 9094
8477 8654
7365 9046
3725 5580
3845 9173
6198 6670
4223 9932
4976 7215
3792 6731
635 5008
5226 6752
6839 8244
2199 6549
9567 9698
6219 6245
215 4736
3416 8242
5041 6975
1580 5063
3063 7939
8416 9984
3962 8388
1137 9313
6099 8560
1921 2224
174 5770
1582 2381
1669 6331
9448 9680
9953 9995
9417 9529
6277 7588
923 4749
5269 6848
8778 9414
2528 4764
5795 6041
7221 8542
8729 9127
6251 7663
5411 8646
5166 8462
3734 7492
1074 1475
3626 7697
3149 3247
6190 6909
8699 9948
8124 8301
4274 4435
2104 6905
4958 9749
5871 7410
8724 8795
7903 8626
5824 6499
2360 8374
1022 6716
3772 7086
7367 9979
5977 9361
3565 7814
6949 8663
9531 9590
5294 8997
4543 7525
7837 8261
421 3943
4630 7585
2900 9052
612 5410
6263 9129
5162 6726
751 1628
750 2077
3011 7123
5884 9638
2242 9742
7243 8755
578 4877
3767 9054
4200 7152
2370 8199
2281 6366
3133 9746
6904 7937
8116 8432
2511 7015
9442 9715
6927 7905
9128 9664
2112 5024
1989 8873
7734 9595
5207 6205
5893 9294
8265 9892
2289 8131
254 2680
8747 8776
6302 8775
6432 9201
3125 3848
3620 5801
9986 9996
9640 9869
32 2335
7020 9190
1534 7150
5173 6032
4333 9007
76 2524
8909 9778
34 6023
5593 5785
1588 5390
1438 7608
8209 8553
978 5708
4256 9859
922 8130
8929 9405
7408 9578
4249 4624
2635 7480
7656 9231
9581 9766
1853 4491
1310 6114
4908 8375
6695 7534
7949 9633
9909 9990
8238 9168
1510 4866
4831 7654
5272 5904
3884 6816
8665 9885
7722 8745
1518 9930
5840 8509
6939 8370
6230 9021
2396 4426
4719 9752
3603 6694
4416 6964
2595 5675
4483 7540
5203 9623
5012 6889
310 2248
458 2226
3198 3862
8025 8845
4224 6986
1506 8102
5646 8192
6761 9916
7675 8224
5648 7844
6361 7184
6724 8112
2585 3964
64 8032
601 9982
7188 8258
4762 8639
3061 4234
726 2594
127 9648
451 3556
4708 4714
2056 5181
2530 3563
9949 9968
6573 8003
8513 9272
3420 7071
5292 7998
3770 5900
9376 9647
6996 7757
2300 6572
7010 9520
3317 3438
2017 7548
5152 6113
4453 8325
6516 8544
9218 9902
1499 7828
5562 5654
8154 9457
2250 8428
8440 9687
9753 9962
395 6715
3514 8548
4078 4531
8703 9145
4778 9854
2539 3771
116 1116
5493 7800
9929 9965
6303 7419
7641 7876
6066 6684
6809 9262
2136 4116
456 6111
7499 7747
6013 7612
1174 3188
2553 2632
6191 7715
7238 9594
1640 2986
2734 5291
2796 4112
387 2375
3908 4186
5639 7182
4808 7222
5503 6433
1722 9425
6418 7056
7435 8678
3712 9779
3542 8854
4900 7627
5509 6354
968 2074
7568 8104
8609 8680
8366 8920
6750 9580
6611 7974
2546 9693
6304 8612
9625 9729
2601 3950
8393 8889
4623 7014
6101 9002
8380 9164
5620 9029
1664 4016
1344 7630
6585 9554
6625 7160
6567 6832
6356 8035
7428 8986
2499 4515
2483 8860
2643 2787
563 8307
9659 9971
7716 9217
1428 1515
6911 7294
7713 9352
3053 8732
3768 7310
2825 5274
1237 9926
5343 7434
1016 4029
6874 9265
4423 4933
8495 9458
2366 7966
7241 9295
9374 9411
4382 5328
8801 9415
960 2648
2449 7817
641 5295
8621 9450
3300 6362
1256 9662
9855 9868
4359 4906
3249 9544
9383 9760
9840 9908
1213 6538
1253 5823
4986 7604
890 1443
6397 7425
7595 8033
8820 9276
6125 8315
5465 5928
7103 9935
7742 9247
6019 6866
5583 5657
7809 9827
453 8750
2367 3065
571 2513
6177 9264
6714 9342
2041 5542
1984 4243
1797 9602
6693 8722
3566 7255
819 5747
9077 9936
8186 8698
9847 9915
1862 5178
8344 9487
7745 8875
9228 9401
5779 8759
1916 9601
8097 9390
3270 4270
3540 5095
2902 8342
9731 9914
170 3550
396 8166
5047 8204
290 7128
996 2384
5497 6781
1357 5999
3132 4922
51 2066
7073 9041
9181 9858
9207 9245
6941 7682
6192 8918
2141 2646
9277 9278
6857 9551
5225 8243
6233 9861
9032 9155
1380 4275
8501 9534
3799 9877
8252 8519
3139 5473
8968 9650
4991 5982
6835 8027
3126 3997
9147 9711
7553 7845
8967 9757
2100 5101
424 7849
511
5705 4789
1254 288
5176 3735
9351 2098
2147 24
3684 3466
2942 1000
2318 2285
1131 668
1804 1460
9958 7601
1938 339
5112 2419
2461 1986
4242 2996
372 97
4158 1854
7112 3535
9310 2235
8692 3827
7411 195
5029 3562
685 403
5491 5165
2217 181
1972 344
5727 5504
1030 14
8493 2983
8348 735
5259 2201
7245 5750
7550 1342
5886 5526
6829 6423
8892 5737
9624 7762
2403 1201
381 355
8353 4790
9844 4412
738 581
6900 3103
82 58
6235 3137
8707 4066
7226 5792
1225 818
7141 3922
4030 1463
6431 6416
4725 4723
8693 4196
4844 1497
3713 1314
376 202
5551 102
6292 1421
9167 4031
9614 2717
4574 594
8529 1920
448 375
524 283
6551 2247
4664 128
9562 4140
9957 3754
2345 1444
7189 4026
6155 5297
5240 2050
4356 799
7945 4903
6052 3671
4133 3555
2236 1603
5545 2892
9288 1919
7172 4244
6173 6082
7858 7744
7147 325
248 98
4994 891
4765 871
129 2
7498 268
1268 1018
9585 9111
7031 4170
5374 1019
8648 669
4929 3000
2485 1623
2679 197
6938 3339
3591 2935
9610 4581
5802 4429
415 258
3571 625
1350 276
7363 3581
5724 613
532 261
5492 4726
137 21
3924 3531
4570 3093
7853 1375
7537 5183
9937 2126
9433 5515
3960 1369
1354 711
3872 546
7975 5170
9656 7770
5189 4306
6884 1498
3791 2522
7258 46
6969 3745
2990 2240
7701 4864
9583 1943
3322 3039
3036 971
3727 1572
3141 1560
8425 5094
9699 5697
619 315
8210 220
5318 5286
1073 757
2138 851
8023 3485
8859 4616
8948 2686
1323 426
1419 1282
4849 1805
4566 538
6825 5971
1118 927
1681 620
3012 2219
5461 5030
3476 234
2638 631
9526 1255
2682 800
8917 2858
2049 1359
1890 959
4598 3811
5224 353
412 346
5950 5130
7803 6861
4899 1328
6737 6490
3232 135
2784 2089
1901 1598
3226 2313
1262 756
6840 3841
7239 2874
2981 1642
4691 4672
4391 226
4303 787
8791 1144
948 407
3873 52
627 158
5778 5306
2058 165
8610 2159
6375 2142
7881 5268
9302 9030
916 176
7775 6523
3195 84
1842 1618
1522 470
528 87
5070 4663
9358 275
8334 993
7658 5527
2618 1259
5932 4839
5190 4354
8779 4679
2803 1062
7034 2263
4155 1471
2260 124
2550 1914
4653 3354
3223 1838
4912 2877
9154 17
62 48
366 239
8539 7509
8550 3532
4033 326
3639 911
7927 120
8091 4730
3042 2187
1881 1047
5955 4846
184 41
359 318
2377 1089
6153 1024
3112 514
2881 2103
2580 402
340 10
6246 5837
9325 4826
2657 1775
497 78
1918 27
1337 1258
5582 4219
1042 140
1036 946
1645 615
5145 659
139 23
219 210
9224 122
1165 791
4631 2671
7323 6858
5417 292
4848 2964
883 803
8332 7454
57 22
8557 7538
7940 1209
1549 1095
8345 6631
516 393
1828 1721
6759 2304
1004 767
8709 1929
6736 450
7869 3025
3868 1835
2759 889
5514 2378
1441 845
7922 5023
5032 2838
8879 5951
741 255
5472 4050
8841 3831
3525 3258
1324 1026
1052 551
6176 1714
6522 1988
4945 416
5322 2771
2733 1446
3444 2458
5693 5637
4809 511
2781 1264
3989 508
5254 1745
3567 2208
9558 1467
2012 611
2558 559
4192 2537
9314 1023
7971 4757
6040 721
3432 3118
5045 4108
6128 3690
3299 182
4162 2647
3083 207
6645 2788
392 183
8308 206
2339 596
4472 4411
9465 1191
893 212
8576 3871
873 797
6820 5707
2382 371
4358 257
2343 1339
6770 2045
8908 3454
8354 3829
4320 1885
3537 2623
2451 956
5929 4054
4514 4352
5681 4960
8734 6863
3585 1301
6576 5656
3680 2327
7231 1167
4201 1205
1218 148
1001 44
3304 461
3559 2701
3543 2757
3294 72
7131 1346
7603 1199
7429 7340
7385 4696
2862 1982
6806 3403
8047 3055
7886 4104
5575 4913
3930 238
2541 1501
9649 6212
5713 676
1844 410
7507 7398
9970 5433
8214 894
5421 3635
6109 3286
7592 273
7161 1625
7200 3184
9263 2107
5672 1505
3577 3350
5394 5083
5314 3369
8389 847
4199 4085
1002 823
71 59
9987 2222
9642 1764
3644 2649
2305 974
9050 162
9240 3346
8804 3461
5568 1962
1803 100
5617 3409
691 352
5283 5270
9459 1432
1109 673
4840 2669
9781 3651
7657 3156
4722 4559
5199 1973
2307 1621
2271 26
6211 5358
3136 114
8525 4977
1647 664
8090 6110
1482 244
9404 6434
7829 7008
8882 3186
4717 272
4824 2554
503 153
7431 5896
987 774
4114 671
3504 1614
7862 4380
4065 2374
2468 653
6568 6121
4595 2106
9209 4550
6600 157
7420 522
9407 3240
6780 1105
2683 541
4194 15
5365 1850
5142 4007
2793 954
3965 1616
3902 896
1772 1648
4888 1260
7349 2128
4037 2615
8613 7694
564 400
7871 3335
228 85
5715 4287
7246 3022
2565 2314
4587 4205
4971 4343
252 47
1171 246
4288 442
5455 2151
4013 3597
5027 3378
6237 3505
2096 2091
5310 3538
5485 733
3994 2083
1353 437
8329 7808
2188 1389
5211 4292
3941 3773
1591 1364
5114 3314
3235 672
6955 752
5182 90
5812 936
6854 1347
4937 4668
3596 2956
156 31
6259 2867
8767 7366
5627 4478
842 143
5839 166
9125 607
4792 1808
8013 5544
7305 6312
7786 7213
4535 3348
9506 7464
6817 5753
1694 43
1386 1215
4346 2022
6634 4188
2944 644
4638 2932
8232 6518
977 377
106 92
8473 5271
3359 1127
367 308
3310 1228
8080 132
7993 6145
8117 2516
3225 725
7352 7260
9036 2193
1289 1235
8321 7315
4316 1774
7888 5215
2822 1611
7776 5667
8900 7254
3253 1343
2532 1451
5367 2853
4728 794
3368 2741
9755 624
7343 4920
496 175
7935 7508
203 104
3720 1739
3387 2158
8492 6950
9031 3854
3398 3048
5726 37
