5
8678 8764
4938 9102
8624 8808
9228 9383
5795 8993
852
1560 386
1984 23
7021 6071
8830 4889
9331 2003
605 527
902 301
1096 705
7944 2856
7783 4201
3794 408
6437 5247
1567 89
2022 497
9223 2162
690 300
8867 798
6621 6396
3541 1787
4097 3753
9390 4934
589 540
3454 760
2330 599
8717 6601
9791 5822
4147 3515
911 626
7002 3351
7614 3054
6607 4847
3511 1421
6958 541
2962 62
7559 1348
1350 433
6527 6520
4521 838
9948 3252
3999 754
6594 5045
6595 2230
5251 535
7345 1814
1191 55
4363 4315
419 101
1195 1099
2294 1678
4154 1788
79 22
8219 2025
5376 2274
6919 6835
7302 5287
4266 1593
1360 1064
5069 855
4917 1699
9582 2638
849 32
1453 932
4380 854
7364 201
1935 1483
8530 4419
6186 3754
3285 2918
7175 2387
1890 510
5708 2268
61 7
9550 3578
1165 292
6821 4588
1621 1079
364 59
5589 5459
4261 2
2786 1837
2907 1840
6464 4539
6467 1856
1926 978
3640 2661
9533 6193
5383 4216
136 122
3976 538
9261 1371
8400 3162
4856 1677
8857 2244
5712 5644
4690 4381
7025 4301
2227 1579
1135 226
1015 391
4556 1322
5397 2672
8353 6500
3199 1631
662 213
4524 4523
1490 97
7133 5653
5126 1746
6551 4469
8390 4110
2754 864
1777 1070
5010 1390
3672 1866
4245 888
9155 1637
4653 1479
2249 464
6830 5349
5398 811
1663 732
933 404
7813 7134
7416 1363
1634 1396
8526 2826
8853 6720
8000 7931
5990 3429
5648 5411
1565 937
2538 1965
7858 2262
6569 6293
4466 2862
4961 437
4817 4528
8972 2801
6412 1027
1357 1091
7924 4410
1592 808
6859 5693
7402 3119
4614 649
4358 804
9638 8356
5622 3749
1045 571
6852 6808
4789 4715
4852 4845
7714 3970
5528 2245
9188 3885
6083 2893
2787 1731
6584 5236
3930 1456
4807 463
8095 5742
3842 2480
9958 2324
8186 4727
7212 4719
8683 1917
4071 2374
6059 3879
6648 2911
9106 3459
4191 2356
4237 2575
7086 5117
2605 1649
3959 2445
8068 7686
6633 603
993 174
8077 4313
517 178
805 17
1759 1379
5692 4950
7683 3376
9069 3559
661 277
6359 2974
8953 7959
3447 1170
4396 1158
948 680
5946 3770
8482 909
6528 2742
1466 1458
7164 653
2727 1202
309 295
1956 188
5902 528
7475 4081
8103 4637
6096 2180
6524 941
5482 3747
9686 3956
722 149
757 357
9224 4630
2473 147
587 41
4409 1574
4171 1697
2094 572
7098 1636
3180 1440
3079 1601
2126 666
6367 5705
5450 4805
303 184
7710 4485
1123 385
9362 7742
7196 3551
2210 1925
3853 3179
6529 2540
8214 1794
9932 7073
4235 3232
5718 5039
6525 4349
6257 1512
2939 1989
3027 429
9462 7691
4429 4412
9641 4617
1355 1343
8914 4708
9238 1196
5157 2711
3443 1522
5430 5400
2475 901
2304 2150
574 330
1149 520
5288 1370
6892 317
3469 138
1344 1268
9189 6849
8279 7075
8868 2105
5736 4686
2956 160
7871 6345
5291 1715
5704 2603
2297 610
9914 893
2027 989
3369 525
8475 95
5305 2302
7695 1564
6385 2451
1452 234
4910 1863
9087 1242
4976 1100
3813 1914
8955 2683
196 166
5871 2369
2011 614
8027 3012
9212 4880
5602 2085
3220 1768
9720 9488
8022 4600
1237 477
253 109
3167 2170
4325 1812
6709 2093
5328 5242
4724 298
6459 3035
5435 359
6744 3117
5799 1427
5838 4533
5302 5055
8583 7455
5188 4806
5896 4356
7382 965
2106 1886
9598 3438
9619 192
4036 3024
6408 4093
6768 3283
8646 8011
9496 7506
200 148
2852 2361
3260 817
7337 5949
4109 1827
1393 1329
3790 2824
4936 2571
8921 3052
3240 2957
260 173
8977 7573
675 620
2615 1175
802 86
6888 4857
6792 4585
2625 2521
9325 6612
6185 5940
2634 1399
4253 2005
8663 2460
8190 7853
6326 5043
2125 945
3333 2127
5197 2176
6927 2379
2012 1607
5405 2875
3048 2964
1312 416
2888 632
6832 4919
75 50
7926 794
1447 333
8950 1032
1182 417
2795 347
6602 3435
1969 296
9154 66
4940 2879
4268 906
8019 367
5689 5272
5463 3278
4898 1413
5443 1378
8551 1644
5928 867
6119 4573
4837 1377
2916 837
9793 5508
6727 4784
9833 8223
800 13
2409 346
3203 247
7074 6909
8046 6097
4922 1855
4057 1084
2350 1103
9070 8877
1179 304
3883 3500
9135 7112
3778 2502
4457 1150
2237 1059
7393 3022
4746 74
4090 2006
1784 988
6497 2376
2380 651
6188 418
8180 2328
4452 2572
5370 4534
242 12
5730 3723
6276 3651
9259 8428
6893 532
6043 5263
7845 845
3905 1711
8487 6187
583 534
379 204
1900 1451
8343 7156
2509 1728
6301 5342
4679 4558
5442 4874
3816 3580
8237 7791
2545 231
4616 2273
3531 2704
7543 1723
8734 6031
8639 2508
4810 894
4262 2611
2283 2159
5325 3727
3977 1252
9171 4605
4345 2397
2850 1864
7957 4151
3300 2765
6389 871
2035 2029
321 19
9077 8707
8723 7284
8896 3757
7297 5864
6018 3676
5258 4897
3102 1860
2759 536
7880 5031
9036 6783
4476 1385
1682 900
4718 2166
8271 6791
7869 5351
1947 1186
4387 3864
1906 650
6370 2707
7993 6974
2933 273
3993 448
2323 1757
8060 3406
747 591
2474 1821
609 426
7839 436
6489 400
5375 5072
8648 8024
1927 608
4437 3774
718 413
4858 2539
9441 4748
3907 1282
125 71
7808 3795
3207 1060
98 24
8422 1806
7746 7332
8531 2889
4124 2164
3437 1934
7810 99
3801 2784
6846 249
942 786
2264 1233
8760 8649
1469 1137
4631 4150
2036 1921
5395 5038
8747 6857
2991 1124
7708 530
2251 2140
8576 577
443 191
8123 3463
840 381
7523 2362
727 4
3638 628
190 96
2951 839
7633 1879
6923 2652
3055 767
8238 7533
1625 764
5796 2343
7411 1505
8794 7669
9130 5951
1291 1241
5420 3499
2814 1400
4213 2300
1326 766
9183 4925
6819 5810
5232 2037
3810 3189
3364 1763
302 179
3126 1968
6937 1861
5138 4030
9614 8801
2610 2001
4128 90
3532 214
9207 7513
6302 6062
9268 6583
9532 4610
706 165
3783 3160
1206 131
5950 755
1681 627
4304 3827
9634 8620
9751 9459
6521 4224
8915 6902
4761 3619
8136 6503
4701 4062
1003 691
6167 4688
6066 1331
4484 4287
7651 5565
8958 1623
4008 265
1361 454
4713 4222
5792 1981
5891 3000
7379 4536
3141 1514
1960 1244
396 126
9814 982
8936 2899
6814 668
9080 3349
9071 4449
6181 2053
8945 7510
3857 974
4848 2101
2581 784
7852 2978
6689 4602
2763 2246
3426 1779
2260 225
3862 3534
4374 3212
5011 3694
961 617
7981 2428
3245 1147
545 77
5135 4744
7248 3875
1670 1493
9514 4041
9618 8770
5598 3586
3804 2564
1146 1
279 151
3740 3730
1813 1722
9081 5116
8999 6837
1619 1524
5834 4864
6455 1720
9745 8354
3625 557
8431 7517
6147 4742
9957 5004
6505 6314
2436 812
8641 5360
2298 1041
6701 362
5465 5350
9054 7996
4587 739
3566 170
8640 449
5353 366
411 68
8534 2689
4459 1442
6883 2844
3096 2082
9544 4379
7361 1873
6590 6079
4122 1825
2728 785
6430 4361
78 58
7566 3494
7131 1369
8638 4608
6264 5985
1345 835
9772 7172
6259 6082
9645 9058
5402 4127
8554 1542
3400 3037
3114 2613
5945 5880
5494 3522
216 18
3628 3
4340 3468
9464 2213
3059 1422
573 123
6936 6094
9663 6411
6688 5389
5937 1843
3157 325
9902 2827
8634 6917
1310 339
9792 9122
6199 4570
8149 5290
4295 1525
3635 2590
8681 846
9028 8339
9907 8878
677 468
5893 1556
8309 6394
3479 236
3276 2000
3825 406
3058 2529
5214 3078
9807 7263
4118 1654
9696 8408
8848 7084
467 305
9938 4308
3724 3418
3519 2439
9164 1152
4256 2482
2524 168
8374 1372
2954 2949
1882 563
6900 2898
3138 889
7658 1760
991 927
8402 3981
7389 1952
5347 1013
3985 2768
2729 1273
6417 388
5479 3973
3355 370
8261 1192
1307 46
8963 7722
1817 858
2910 1472
8262 291
2269 1750
9443 1775
4208 2034
9017 6870
1381 592
601 6
8033 447
1692 1145
9445 3734
5298 1441
4470 2531
5839 852
313 118
3779 3088
9147 3314
8791 4668
6580 5030
7741 7200
4378 3476
6703 3560
3969 3262
6431 2752
9506 8932
9517 7461
9712 4194
3338 2955
1507 1429
7532 4541
9825 5396
2945 2148
3716 740
8385 2622
6575 5970
6272 4238
9552 5128
8789 4500
7329 5079
9576 834
8922 7887
9763 7692
9437 6162
4099 3909
8845 6806
4554 2756
7796 3474
9089 1271
8997 3720
6627 6566
4330 1744
8790 4242
9129 4200
331 27
5202 4175
5163 401
9505 8200
8305 1080
8491 7617
7552 3992
8577 1187
7465 4223
2329 956
7854 2876
709 612
4832 1321
5588 1058
1703 373
814 171
8690 5863
3185 506
1791 177
3497 2929
263 154
829 106
6027 1975
8651 60
1388 647
5308 2257
157 132
6233 3805
7720 268
8994 6840
4461 3228
7770 917
1618 634
415 47
1025 743
875 145
4835 3997
1339 823
5433 3938
5805 3397
8566 8365
1220 863
5393 4416
654 378
5580 3830
8777 6404
5028 2797
3846 1189
2373 621
1987 1455
6224 915
697 255
8005 6676
4195 1617
8539 7873
1288 1097
3388 590
1286 984
9230 7529
2239 1754
4871 3002
5101 282
7277 5231
5774 2828
6232 1201
7042 957
4647 3249
250 82
3395 3311
1534 1008
7598 6139
8578 3548
4049 16
2505 1846
2339 2118
3573 365
5051 4072
264 241
4563 929
874 756
645 542
7900 5721
7945 128
5569 676
6346 4259
43 21
6268 1590
6363 4551
293 11
5141 3163
7597 4343
1795 1733
3963 1683
2676 2503
1944 25
8623 2924
9713 9055
2419 1710
6641 4625
6959 1159
