830
835 9099
218 8347
7511 9398
4095 7883
3812 7250
4194 5220
1414 6853
4465 8437
8887 9841
2663 8276
2676 3633
7765 8823
5793 9161
7415 9684
3495 4922
1618 6197
655 3011
100 2126
6554 7449
6298 6982
9066 9719
6664 9022
3816 5354
9896 9999
1993 2661
2491 8710
1568 5094
6706 9881
9499 9908
7536 8886
9355 9897
2907 6810
6293 8595
5693 7865
6393 8207
8060 8442
9405 9755
5216 6468
6077 7581
960 5543
3172 3530
684 1595
1457 7437
2805 8813
250 7916
5206 6072
8423 9610
9827 9952
1807 5189
2607 8165
3129 8874
1525 3750
3821 8259
6955 9588
3082 8163
6421 9867
433 809
8036 8773
5343 7451
467 4306
7042 9725
3782 8834
4709 9120
9514 9771
7637 9562
5841 8765
1727 5966
9811 9949
6963 9419
6858 7903
4445 6660
460 8413
304 1236
329 9805
3441 5205
327 7140
8373 9494
4905 7631
8458 9563
6330 7219
8051 8199
9828 9946
3204 4941
8146 8532
6579 6656
2086 3121
8439 9244
4525 4748
8181 9986
7953 9931
1698 7328
8911 9526
9168 9661
3402 7434
8268 8456
4690 5388
8936 9285
5472 5522
5177 9616
415 8011
7085 9242
6669 7200
7944 8715
9427 9796
6278 6348
5598 8866
9240 9394
204 3943
997 1472
8217 9086
1540 3023
7563 9409
388 8114
3355 5544
2770 7413
5028 7546
9224 9851
5066 6289
4727 4836
3540 3818
1760 7721
5705 5922
8687 8805
1742 5892
5512 8156
6984 8071
4197 7039
4982 5871
1878 9598
2963 6384
9868 9886
3216 7648
6830 8367
2944 6380
9723 9916
9643 9654
7763 9229
8882 9297
3029 9730
5565 6986
4556 9464
2872 4958
524 1122
4020 9364
3671 6321
2265 7133
4695 7958
5318 8918
3065 7629
939 5395
2519 9171
4297 6424
4227 5552
8177 8808
8913 9885
6012 6355
3163 7410
892 3089
7711 9162
1598 9153
4630 6177
2330 5838
1664 4938
6792 7998
3946 9806
137 4724
9349 9890
1947 2915
7442 9874
6974 9763
1301 7894
2864 8577
8728 9921
6607 7796
2713 6565
5065 8779
180 5706
5642 9530
7906 9205
8111 8275
2569 6302
3225 6851
9498 9507
380 7471
3712 7819
7689 8990
8469 9420
9386 9679
6199 6909
8080 8588
5547 6022
8702 9346
9825 9936
6722 8001
9390 9511
1305 4181
5490 9054
34 8910
7693 9602
2059 9691
1953 8768
8650 9644
681 4983
9519 9712
4222 6479
7466 7882
3858 4994
1119 1560
9070 9583
8102 8202
3825 8541
3115 9407
6156 9937
5078 5162
4881 5076
9482 9912
7737 8964
4877 5024
3126 4884
1587 2387
1147 7456
5202 5247
19 6624
7950 9468
271 6979
8698 9077
2189 5540
1744 9235
1341 4371
6206 8334
3840 7278
4600 9225
5161 8751
3052 7270
795 2629
8771 9850
5940 6030
2 6017
9904 9978
9686 9967
27 4623
4402 4565
6275 7921
1314 2053
6238 9758
8125 9453
1737 6768
7308 9667
3351 8699
8782 8999
2321 6629
5248 8983
116 2649
7979 9829
7993 9472
8638 9871
5168 7530
4363 4528
8657 9089
1643 2055
846 2984
4650 9167
918 4986
4959 5222
4741 6276
4412 8029
7759 7879
6466 7761
7516 9018
872 3708
2813 3522
7701 7970
6995 7734
2614 6940
7926 8617
8571 9941
9876 9922
1058 5654
9362 9822
5340 9800
2557 6048
6260 8450
1178 9577
3319 7616
464 8084
3271 7791
1217 1297
5181 9819
2283 9873
5558 8814
583 3311
3535 9683
9671 9982
7373 8290
831 5932
1572 3156
4290 9797
2034 6094
3689 9352
6127 8101
6312 8198
9116 9902
6526 8670
5 5720
9107 9674
7656 9126
4999 6668
4720 6189
4171 4791
5775 7613
3604 4143
4855 6315
7596 8722
7698 9190
5700 7368
6301 6964
7022 7804
5485 9720
6894 6952
1345 9814
8405 9710
220 606
3865 8883
6716 7952
9900 9997
5269 7423
7361 9215
2494 3541
740 1954
6088 8338
1288 7233
3780 5934
2731 5223
1928 6436
8494 9981
6118 7255
9433 9709
7000 7210
5184 6366
3483 5182
4262 4899
8512 9008
9106 9909
5502 8730
9807 9887
4822 5337
7999 8094
2975 3990
2662 8865
6739 7262
8385 8426
5358 9232
8230 9701
4789 6394
5954 8895
8648 9284
294 5219
5586 6899
7088 8604
8861 9983
4544 6661
1158 3799
7519 9968
2089 2760
1001 6925
9477 9849
8179 8289
9181 9209
8949 9191
8645 9592
8703 9972
2715 5669
9779 9803
8142 8986
3631 6453
7364 9954
1215 5071
6604 9071
520 6104
3537 7793
671 8283
4778 7094
12 4913
1581 5371
6677 6874
1490 2069
6778 9768
1938 8187
8772 9818
2775 4956
4712 6463
1940 5494
3 4703
6080 7264
2722 8158
3339 8135
7989 9333
8000 9980
2195 5002
8041 8455
287 7161
4128 8284
4276 6371
2394 3924
5227 6074
5614 9310
6962 8342
9623 9760
4519 8308
4654 7866
338 6736
5087 8020
8468 8746
5734 8977
1994 8065
5109 7163
40 8421
5235 8743
7403 8185
6537 6627
6444 7176
411 5376
5532 6112
8113 9368
564 8028
9422 9942
3274 6219
3429 7642
1484 6093
4391 9675
8527 8857
6457 9757
1552 4438
8780 8843
9138 9527
9268 9474
956 3991
731 6914
2763 7063
2820 4426
1192 2052
258 4123
7822 9173
5643 5947
3027 8914
6232 6448
1898 2923
5499 9210
1726 8072
4662 9082
1694 7962
3348 9406
5581 8927
4127 7087
2162 4879
7095 7671
3485 4124
9899 9951
9081 9955
4014 5479
8690 9593
5628 6783
7180 9953
554 4660
2908 4837
1316 3498
7398 7597
9918 9991
9493 9573
5365 9824
5437 5462
7282 9638
7933 9140
1963 6114
1917 5386
1042 5697
1323 8486
4320 8897
6259 6876
3365 8096
793 9228
3291 8170
3864 9926
4333 8501
2542 5521
1428 2109
8075 8427
2078 3964
4573 5509
9206 9325
2439 7997
5890 7660
1690 3190
8697 9459
4392 8507
8682 9858
7720 7943
4327 7972
6455 9869
5802 9700
8414 9994
675 5870
3932 4736
9516 9717
3067 3984
7514 8587
5887 9543
3269 5831
4193 7733
7644 9772
4266 7111
7089 7595
9950 9993
6451 8599
3927 7155
5958 9836
5898 7138
1245 4828
2143 3086
5797 9903
7305 7622
8239 8328
2893 6467
1921 7025
232 1808
2546 3226
4196 6155
1363 3944
6560 8776
3043 8197
5777 9658
3794 6776
7416 7960
2240 5645
1361 3169
8979 9607
7497 8756
1432 1724
2959 5967
64 2568
9299 9906
9505 9650
221 4530
563 9049
3481 4009
3008 8620
992 5757
2307 6261
7908 8922
6750 7512
6164 6634
7965 9341
8942 9098
6246 9092
1421 5563
8233 9601
1926 7057
2939 6280
2316 8358
3389 5836
3006 3585
9808 9898
9188 9832
5587 9426
1462 2405
4442 7081
5964 8932
6871 9424
6516 7787
3744 7744
556 1269
7132 7643
1049 9345
6163 8035
3083 7166
4274 5484
5325 9910
3772 5004
2620 3811
7812 8366
4235 4987
5207 9019
144 5116
1013 1282
9274 9785
9831 9927
2751 6381
87 6071
8410 9615
6427 9608
7160 8082
405 7628
6907 8563
6134 8369
1603 4718
2725 8567
1205 6659
2017 4307
7503 8559
6521 8749
7682 8047
1078 7084
51 8903
4253 6575
6728 8248
7122 9767
8692 9129
8624 9523
424 7078
9331 9440
7896 8120
9083 9396
7672 8912
1359 4567
5978 6791
847 8763
8578 9180
6856 8025
8734 9351
6580 6973
4779 8530
7029 9455
300 9272
4870 6011
8626 9465
2668 8143
5226 6186
4830 5244
8993 9746
8518 8721
7480 7560
6741 8976
7506 9051
4301 4940
1097 5335
4053 7148
2003 8517
4074 7994
9714 9830
7469 8689
3843 7028
1332 9344
2360 5971
211 7871
5384 9804
5198 9104
9037 9617
1903 3295
4814 5995
2087 4364
4740 6568
3606 8375
7754 8573
6047 8459
6725 8816
5866 8123
880 8485
8440 9123
8012 8336
7801 9762
4228 8856
7229 8881
8478 9545
8609 8742
2901 9586
2583 5538
4184 8996
199 9192
176 9537
5650 9445
6153 9245
874 8298
305 6226
306 8759
4517 7645
8379 9852
6489 8888
5092 6002
7277 8327
4201 9363
7555 8166
2552 9395
3771 8103
4452 9462
8632 9631
7083 8066
6569 8928
2506 7330
2767 8875
3953 4304
4199 8822
2032 2251
2427 7562
1929 9901
104 3636
2591 7191
5491 9308
6218 8463
1020 8786
5366 6033
7478 7742
1077 8235
4109 8453
7809 8139
3839 6445
3106 9784
6617 8192
143 6045
8006 8365
8694 8898
5568 8945
7396 8506
5487 5553
1977 3558
4136 4890
1225 5279
2539 7124
369 9861
3935 7668
1086 2187
2093 5950
309 2237
2900 6183
9067 9379
6589 8227
7246 8554
7024 7453
4069 8685
2946 5433
1030 3546
3073 3093
9358 9632
8225 9787
1054 1260
5783 9134
8955 9030
3205 9053
2658 4725
6927 9740
8545 9220
6336 9558
592 6824
3315 9023
2951 5659
4472 7177
5773 7032
6633 9388
3722 6419
6651 9147
9764 9925
5852 8481
7591 9603
8840 9820
3940 9187
8160 9378
2090 8500
2560 6097
519 2441
9257 9672
6885 9534
8356 9962
3804 6821
2223 8466
4792 9400
2344 3061
2245 8884
2474 8376
8121 8141
4346 6593
7798 9572
3508 3642
5440 6386
162 3076
5975 8649
6196 9987
6049 6717
1889 9350
2566 6702
8960 9212
3925 6686
7543 9756
3021 8978
6414 9404
661 7554
7582 8602
7156 8612
5150 7527
2934 5277
4041 5434
6303 6644
4084 6210
7289 9316
2968 6256
3432 3624
2536 3519
2349 6676
9496 9957
4431 8155
8188 9754
2576 3215
1523 9101
3325 6900
2637 8975
7023 9475
7279 9011
3167 6274
9143 9448
4376 9281
4616 4629
2214 8017
1660 4755
4776 8293
1222 9149
5644 7260
5827 8581
8556 9174
8446 9959
7858 8164
848 4039
8625 9749
2222 2912
9504 9799
4060 8644
2244 9211
9971 9988
3090 9541
3973 7982
9382 9695
1303 3252
6889 7053
275
1565 395
8745 5763
1423 379
9093 7927
4059 1412
6037 2996
5583 4723
2122 649
4620 2260
7565 1588
3900 1114
3332 2076
4250 1234
2528 169
6029 3457
4200 4125
7687 2136
4446 929
3855 1465
4979 334
2071 1973
5823 1646
1734 629
3139 1868
1738 663
9435 1786
4807 3433
6564 1164
127 22
4142 3257
2882 928
632 625
8355 1141
3832 3130
6021 2036
1630 260
5022 4004
9389 1656
689 561
3516 2332
8683 5031
5026 489
612 470
7091 1910
5884 808
6182 5868
1203 805
5920 5912
8322 6185
3938 703
9940 3815
7588 7388
3758 73
4871 4606
1761 332
862 383
8889 1638
2892 1023
114 16
1052 448
2224 1562
7986 1244
6150 4867
7991 5736
4821 1187
2540 2075
8467 529
790 261
1333 99
3024 1102
1230 762
3525 2518
4035 3359
7940 4974
4749 4655
6020 171
3464 1847
9413 9108
6902 4159
7213 1529
7234 3557
8740 3594
8267 7185
8359 7925
5929 2703
2746 2046
6553 3017
9085 289
6897 3524
6571 4163
8488 6341
81 41
3050 1610
2646 538
8095 7429
948 184
8533 253
350 46
3685 275
7242 5886
7214 1539
9271 6884
2652 549
915 20
2558 2212
6767 1528
1285 1000
1145 937
3511 927
66 36
7874 492
2230 963
6195 776
9068 3779
1959 1312
4993 2373
7326 7202
3915 1721
8663 6449
1530 1128
5815 713
3479 47
6755 735
4554 3233
5545 2319
4295 4105
6347 1101
3645 2340
160 8
7103 6099
4358 1500
7966 7113
5857 5856
7748 1728
3814 3542
5256 4420
4119 2415
8845 4121
6599 2527
8793 2504
4856 1399
3835 2918
7097 5561
8555 7147
615 446
6076 1488
758 566
2633 1501
8538 6398
9793 5483
3224 1413
8081 7301
9399 1494
5408 2997
1810 1404
3267 1120
774 558
8574 8018
7909 658
1292 1220
1227 482
2020 1190
1202 370
8596 4456
7127 2356
9622 9580
8633 2783
6842 2382
7602 721
6098 4063
8454 3098
832 156
8002 3848
4591 4264
324 115
2257 1692
1186 709
3394 1492
3343 2660
2399 889
9782 2103
9606 798
5322 1881
3683 441
6931 6605
2054 782
4908 4006
2350 1902
3251 1059
8408 938
1867 1263
4361 902
4760 4042
9266 6922
5468 3572
8140 5233
4230 1831
6613 3996
6815 3475
3272 1613
1602 35
2018 273
4909 2011
6116 1100
2463 1467
4508 996
1024 574
1995 778
2215 1498
9492 2736
1521 311
1272 404
4676 1249
2599 2562
7280 5517
6658 1071
2866 1082
8744 3102
4742 2865
1741 1319
1309 644
3928 503
7158 5916
5738 4132
5832 5507
2597 1135
3445 3307
2623 850
5282 387
2851 1545
5696 5607
4 1
2876 1932
7507 5070
840 402
1677 95
2797 783
128 72
5086 2396
6956 900
2795 2007
9542 1209
9110 7652
4071 1968
5159 2964
6835 1243
1275 1006
5893 1874
8989 2238
7316 5968
2365 1686
7322 4093
4561 1425
3266 822
8810 2026
5824 4413
84 32
9742 6552
9261 657
3222 2679
1381 969
7731 2890
7184 3144
9581 202
2410 2264
3369 3207
1592 321
7893 2529
7350 319
5927 4025
553 134
3281 2279
3579 2559
6027 268
3420 859
