879
5290 5440
4351 5321
39 1771
9401 9491
7952 8021
116 3869
2204 4120
8411 8592
7932 8263
6792 7631
9268 9764
3956 6136
6496 9641
6605 9504
4526 9695
2442 8895
5813 8028
5056 6694
9882 9998
9949 9974
1347 5230
2195 5933
6869 9339
481 8629
1404 6114
4006 7921
8963 9839
6819 9724
7176 7658
3694 8113
9678 9909
2241 9667
2621 2847
2787 6034
3737 8991
1250 1582
2884 3234
6861 9957
8897 9958
627 3429
1259 2443
691 5092
5570 6944
2520 9283
1627 6558
1804 3930
5392 5439
4412 8135
2380 2922
1941 3608
5821 8343
2352 5549
1460 1517
7616 8791
9836 9867
172 8595
9683 9738
698 5976
2932 7445
4963 5985
1822 9113
6457 7998
1542 8306
2198 2673
9841 9969
1730 5355
9034 9988
8456 9376
1169 9664
1792 8682
913 3856
5678 7624
6991 7105
5528 7887
1073 4023
424 6985
2298 7253
7441 7544
2296 9840
2737 4100
1673 9463
4826 7480
9210 9397
7617 9916
6678 7573
5575 6304
1265 4531
6385 8129
78 265
4138 9732
8502 8956
5060 6886
4091 9874
6012 8448
9415 9693
150 7698
8110 9352
7535 8708
4610 5057
5553 9322
9115 9494
2850 4570
1547 6131
3985 8681
7743 9627
1278 8565
7291 8013
7650 8915
4726 5901
6845 8162
6509 7466
7215 8038
5689 7164
2092 5328
4028 9660
6629 7644
3113 4821
6178 7857
8921 9657
2854 6445
9951 9977
2373 4190
8239 9864
2620 4705
9860 9915
3760 6314
2098 4864
3099 5109
3999 4382
3173 3438
6119 8084
6270 9817
7420 8654
9288 9954
4940 9945
5658 9184
9356 9411
9780 9838
5157 6259
5402 5914
8774 9103
5104 9787
7444 9213
3517 4730
2499 3772
6367 9760
681 8451
2282 5874
3325 9941
96 3669
6383 9235
2288 8972
3283 5740
2149 5339
606 3484
1708 8597
9073 9228
2856 6170
385 1684
9303 9434
8725 9180
5252 9061
5717 9675
2817 5294
1832 4563
7397 8961
9906 9933
4188 7731
1703 8813
6190 6805
3636 7055
5922 7673
1247 2864
8478 9037
1381 9534
7643 8805
8507 8995
2774 3078
4845 8439
1512 4692
3280 6340
1017 5466
3468 3863
5399 8270
111 2992
829 6610
7475 8016
1363 2253
6515 7096
1217 9709
8744 9270
2862 5208
1831 9727
7882 9824
6689 9029
3384 4154
6484 7321
6462 8513
6679 8221
7404 9315
1442 9631
301 6227
8933 9893
7597 9111
8143 8826
9614 9997
8139 9354
3811 5055
3553 8335
567 787
5942 9102
234 7516
8005 9828
6732 6788
988 1228
6041 7606
3703 4583
4646 7241
3139 8515
8824 9729
3142 7114
4210 7566
2990 8775
245 9658
7020 9358
3940 6573
8755 9523
7886 8465
7479 9200
9513 9850
7686 8273
7771 9739
8227 9707
6422 9314
8554 9004
5130 5895
7742 8089
9762 9857
5088 7031
4046 7133
1990 5767
7278 8745
3732 8425
5719 7829
6564 7312
2262 3558
7803 7849
7389 9710
4939 6120
2671 5743
9048 9650
897 4475
6787 9768
7770 9858
6371 9428
5775 5843
3020 3950
5452 7455
7302 7554
4886 8986
5061 7290
4487 8903
2802 6427
1323 7754
3255 7138
7329 7957
9456 9810
178 4781
6326 7781
7890 9865
878 6115
525 1214
9541 9635
5220 6450
2670 8157
7244 7615
1168 4870
6830 9250
1910 6885
3298 9830
4201 8378
993 8601
1222 9901
7977 8809
5835 6548
3488 6503
4384 6854
2750 8568
1886 7405
2891 7895
1060 1760
3594 7537
7226 7926
9238 9348
7792 8970
8362 8967
4445 8467
4215 4440
8540 8908
3050 8896
9008 9372
3802 5016
6144 8238
6351 7392
1 284
8457 9306
2015 4112
810 8920
3667 8674
8590 9236
4671 8626
3992 5245
3211 9312
7813 8736
9311 9804
9827 9884
9920 9991
3796 9596
5739 5877
4773 8599
6181 8330
2216 4698
1593 7688
5984 7194
8861 9445
4038 9684
5638 8720
5799 6108
984 4786
5511 5846
3242 8071
902 3947
6164 9625
8840 9414
3141 6023
9406 9749
7482 9310
5019 7238
2701 3673
7663 8759
4991 5450
6748 8132
6711 6774
4489 7242
3411 5366
19 9702
4358 6024
43 2517
5762 9337
4124 6964
5860 8108
8749 8976
4283 5281
645 3277
1288 6540
8213 8384
23 649
9918 9986
7518 7975
7679 9561
1353 5435
3903 9688
1740 8446
5596 7599
5448 9545
4469 7735
6621 8098
5763 6889
1357 4304
777 8473
3024 3477
4298 6603
1255 4493
6916 8310
4263 4710
579 4833
3072 3146
6237 9903
5533 6242
8380 8424
217 4241
1848 4666
1355 7143
9374 9908
6451 8943
9754 9773
7823 8299
3482 3578
7581 9248
6755 7980
471 9930
7678 8758
2127 2811
8929 9961
4480 6934
7348 9296
5097 7902
8186 9939
4369 4736
1855 5111
5254 7556
3393 7367
4763 6920
9264 9455
6930 9894
5882 8510
1213 7041
9331 9781
6932 8615
2909 4641
8881 9009
5393 5765
3928 5506
3774 4995
3983 5386
9566 9721
8319 9071
9239 9711
9506 9966
9072 9595
9467 9914
7664 8871
9075 9279
11 6094
7071 8938
5688 6571
6776 9371
7578 8020
4152 6211
2899 6097
4405 8804
547 4926
9815 9928
677 4397
5331 5986
5090 8954
7068 8927
519 2646
1927 4229
7775 8518
2327 4183
1410 1630
5671 8369
1084 9735
294 2676
3892 4969
1871 9150
8166 9452
7100 8111
2301 8241
4655 5215
3266 6628
3887 5716
2003 8949
5455 9357
1071 8948
4051 9963
4 6452
5480 7988
2222 3221
7618 9129
8466 9761
4435 9623
1694 2528
6099 9256
5189 8288
7275 9984
4676 9123
9748 9924
7400 9370
6110 7562
60 3001
7336 8942
8292 9002
2055 5737
2120 9898
4474 5827
6781 8070
3292 4144
6078 8152
3063 4809
723 7018
7461 7504
2240 7722
1497 3455
2022 6670
393 7635
6784 8737
3425 6642
1939 5937
8660 8978
1602 6036
6014 6425
3215 7897
8412 9003
3502 8709
7324 7976
8564 8913
8964 9834
3986 9461
896 5345
4108 7200
9528 9626
8463 9202
7345 9345
5557 6583
6042 8777
4613 8504
201 9137
9220 9756
624 2162
8370 8630
119 9508
1799 6392
2203 4195
4395 6827
5165 5338
9668 9751
358 4696
2832 7289
7344 8024
1186 1233
2051 8583
668 6635
3153 6266
2404 8387
6438 7349
8207 9122
5865 6536
242 4032
3618 9404
2814 4772
8494 9005
9001 9255
7565 8442
4142 5710
3299 5706
9269 9763
1505 6757
6702 8570
6565 6847
4356 8324
4589 8433
686 3476
1188 3273
6155 7583
5898 7965
1621 4227
9726 9837
3581 6800
3718 5581
3310 6225
5087 9950
9861 9879
3626 5442
1475 7197
3560 6669
4182 5802
4451 6712
1400 8356
5005 8574
5788 9007
3972 8885
66 6382
5859 6923
5791 9024
4165 6093
8137 9039
5421 6687
386 740
4997 7796
4605 8609
549 5459
6141 8290
7310 7440
1830 4929
2599 8537
5404 6449
4843 9934
9655 9790
6911 8225
4456 7515
3874 6924
5693 6706
8178 8326
3418 8794
9265 9581
290 2030
5121 8563
1707 9845
9633 9642
3948 4971
4908 9000
8503 9333
5830 5950
5917 6421
8569 9501
6649 6829
4765 9252
6795 9802
874 3661
146 2564
7033 9377
8673 8955
293 4455
8524 9368
6250 7380
4794 9078
7337 8753
2711 6403
3022 9149
1712 6390
3261 9363
5049 5842
2031 8535
254 9159
3509 4172
4790 5316
7600 7863
6902 8587
4226 5919
3465 3782
3371 9063
9612 9619
3176 4013
7155 9572
2692 3303
6307 9093
870 7961
8102 9774
5603 8729
8358 8634
2167 4394
8797 9152
9842 9880
257 1275
6518 8591
1526 3070
8848 9512
8703 9637
8159 9189
149 618
4288 9145
9507 9662
5970 6968
4905 8351
5759 7053
9395 9891
2786 5325
8163 9610
3076 6760
5845 6243
2800 9552
528 3839
7773 8698
365 1865
9985 9996
5891 9578
4827 5022
4813 7657
7369 7811
3591 6325
2689 6997
6165 9750
1580 6865
788 1783
4970 7410
6826 7655
359 6534
9973 9976
8409 9540
3767 6442
8907 9856
4419 9058
5237 5634
1901 7265
3263 7978
5786 6096
1427 7900
1943 3875
3354 3733
2694 6015
1500 6079
9835 9873
1481 5623
4919 7934
1151 3809
2619 8757
9422 9585
2904 5142
9791 9823
7711 8218
5298 8582
7763 8714
5883 6517
5075 7530
9570 9799
6868 9946
2908 4868
7052 7201
311 6111
95 5412
7693 8693
9298 9453
6775 8205
4878 6208
7718 8389
2393 8074
4850 7918
1240 2392
1827 5045
3489 8640
1334 4672
666 1985
7084 8328
7521 9070
7426 8168
3649 5667
946 9905
9480 9515
6611 9649
6696 8665
858 8322
8022 8646
9167 9673
6454 8407
3370 9108
7169 8839
8971 8983
9598 9813
1435 6073
7855 9744
4326 6535
7279 9755
2367 6956
6241 6376
5764 6230
1335 6828
9743 9953
1793 7451
344 1681
2839 5999
409 6575
4863 9418
3530 3670
8147 8266
8867 9478
7935 8833
5468 6249
3369 7646
1041 5031
4648 6075
6109 8372
4683 4807
3179 7662
3970 5552
384 8816
791 7738
7424 8284
9010 9557
425 6549
3615 6761
5267 6184
4957 9448
1218 6834
63 4175
8001 9412
3741 6378
8951 9943
8377 8756
6786 7712
332 5766
1696 1887
4555 7103
744 1035
539 7596
122 2590
8363 8953
260 1895
2678 8884
7741 8532
3192 5122
7614 7947
2183 9419
6025 6703
7969 8203
890 4735
448 7287
109 3552
7316 9722
8500 8902
5580 7986
7747 9439
5798 9468
4783 7468
6631 7498
4301 9571
3366 9041
5681 8717
8690 9479
4393 7777
2349 6594
6060 6871
6595 8449
1311 3252
2457 5370
9049 9347
5645 8450
3228 8258
2981 3820
8977 9381
2418 7130
1260 6279
5228 5586
5564 9432
7637 9499
762 1485
2134 5128
6470 8333
7001 7207
1751 5649
1925 4780
445 6440
1424 2251
5749 6927
9907 9975
650 2716
2766 7450
8496 8517
5699 8750
8981 9549
6809 7955
7874 9449
7496 7996
7208 7908
5931 8390
2284 6722
6688 8988
5562 6782
7572 8815
8851 8887
9680 9878
6758 8403
8562 8707
5329 9783
5509 5905
1811 7744
8131 8821
7974 8501
5238 7864
7484 8795
8047 8348
1102 2477
5120 7284
6460 9170
7122 7311
845 3288
5379 8444
911 2641
6393 7963
3603 9054
9405 9956
4020 4606
9227 9438
5203 5242
6965 9389
2875 7580
2561 4921
1908 6943
4844 6252
5001 6814
7787 9583
5018 9153
5969 6455
8982 9127
2 7917
3434 9157
7778 8798
5939 8802
638
274 249
247 216
813 560
318 154
6016 866
1763 197
1239 842
6798 5114
4022 2950
9542 181
3562 6
3008 1539
3198 2660
887 595
6068 1204
8095 4341
3183 1818
5556 2720
1192 209
9925 3753
7097 5413
9231 925
553 482
3088 894
9981 3154
7930 3137
9833 3336
5626 1669
2806 1054
1229 893
3825 3559
1585 1383
3749 2114
764 664
641 414
6651 3868
8469 4436
2453 1341
2212 1748
1528 38
1619 343
2019 256
3232 2888
1154 1126
2044 1704
6017 4055
3519 2929
3816 1635
2485 275
3332 2857
835 252
5380 4951
3829 457
2400 224
9342 5108
3938 1573
1166 1147
3182 2344
8579 6148
2070 1421
6312 5722
3691 9
8808 5304
9359 1290
8546 6878
4741 3086
7027 494
3090 862
1676 394
9361 6139
8858 8264
3773 159
4107 3850
5833 669
9416 87
3980 3660
2585 321
4106 3910
158 138
9556 77
4968 4126
1111 381
6563 2156
9119 2184
5644 4416
5501 3122
2075 924
9033 3258
6265 1194
7435 7387
388 222
4482 2074
2782 867
4510 1649
478 440
9718 1393
2153 910
5175 3387
9086 7332
798 170
7346 3807
7989 1120
1825 26
5727 4240
1025 341
7940 4335
707 468
5360 3352
379 195
2508 1648
8788 4875
1106 327
2685 619
8036 2355
8336 2866
1974 1609
836 220
8514 1197
7912 5263
451 236
4024 1302
2613 1175
2511 655
9244 6113
4364 4159
6374 772
2707 29
3545 3419
5754 3567
3526 2878
4352 840
660 446
1645 1575
2810 1952
6019 304
7188 5301
438 278
8827 16
6919 3904
3166 1226
8789 1508
5864 4714
3474 1482
9636 5841
7293 1789
9757 574
97 68
9175 5858
1552 352
9340 1869
9302 454
9979 4252
5283 563
8785 4759
8122 305
8543 156
4946 763
2706 2181
5810 1085
3524 194
538 417
6951 6105
2020 1729
3695 3339
1089 967
6683 5981
8276 6516
2479 2109
2607 2350
7030 4581
1138 1108
1959 837
4752 2823
2858 2128
2428 2285
6858 355
2234 456
960 114
6260 3974
1820 682
6586 5289
937 901
3389 3003
7827 1210
7382 7185
7783 3593
6009 704
3923 1807
4127 2546
7065 7009
363 55
3574 1960
7911 6504
5160 2425
6652 3531
2068 678
8141 366
8958 3880
1734 929
3158 2160
7545 1340
9433 9297
5422 3337
339 130
5751 462
9407 4374
1641 214
2099 27
7788 5303
9387 3522
839 814
1588 369
1767 1015
1973 805
8624 8228
2118 1590
13 3
5890 4003
2709 1862
7896 3791
2936 2693
6608 4663
4778 3126
4537 2928
4953 2925
8341 1105
4706 3486
4645 3752
2332 933
9181 4877
3478 1484
5391 1425
9154 6663
7192 3888
9139 1182
2146 1644
67 7
3810 3585
2605 886
5620 499
9897 2906
329 137
9423 8195
5154 4457
1854 474
3993 58
3981 211
2760 1800
8376 1432
4568 486
6557 5806
8883 6416
5918 2438
1456 1451
6555 4197
7879 5768
5908 2281
7305 4608
3244 532
2527 1578
7012 3575
2036 543
1036 237
54 18
4545 1796
9919 2592
8872 7061
4418 2324
7454 3383
2376 1266
9587 1104
3032 1342
7308 4625
8900 1623
4385 1966
3776 1780
5110 2362
2572 1202
1074 779
6151 5987
1968 1096
1969 652
3784 2108
3547 3351
799 734
974 115
330 93
3512 3312
9772 2873
2653 325
7396 7026
8711 4208
6812 597
4746 3334
9489 7822
6918 6837
3473 1697
4381 2100
1559 317
4242 2270
9378 5372
6864 1010
8985 147
7920 831
9030 452
2079 531
3195 3149
8062 7892
8912 3989
8257 4840
8088 1874
2747 2140
4727 2471
7168 4849
9869 1445
8939 6578
2343 904
5136 1365
8666 1523
3398 1268
6543 2775
6988 6346
692 400
3272 2674
3493 3107
5850 1592
2040 1446
6032 3375
9324 2164
7019 6881
3245 1583
1232 1093
7546 608
248 168
2475 1013
4534 3734
6213 4363
8401 4444
5491 2515
1103 120
8365 5137
69 34
1493 1474
2347 1443
9921 2010
5163 4332
8029 3801
7745 3781
2333 828
8027 5273
7856 1428
3049 371
6840 875
1876 1045
6064 2743
5609 1631
4366 1918
2076 444
4213 3964
6273 3163
873 182
6524 1709
2976 1280
1717 766
5420 128
4974 849
1768 1274
8361 7255
6169 4206
1596 1350
661 399
1488 577
3216 1577
7768 437
2503 942
3454 1679
4571 3281
4198 4169
7532 5344
4538 3067
2008 1440
1368 12
4354 273
2746 1137
7460 4650
6604 4261
466 421
3783 943
44 25
3210 778
4305 776
3037 221
3475 2436
4045 944
3884 2719
2119 1899
2049 1253
2437 453
5619 3627
8325 2616
3662 3376
1196 797
9536 3062
4627 1162
2534 1438
2430 1639
9775 5131
4121 1541
2753 1174
9820 6031
3833 2389
2029 719
6671 3521
6860 4857
4199 354
2422 1033
4353 4033
1223 998
5206 3295
5048 3549
8541 3381
269 180
9495 4477
1448 675
4536 3106
8480 7692
5318 2452
8834 2115
6778 4398
7797 204
9215 1145
9844 1256
9647 2273
9410 3499
5662 3174
5840 2957
6950 4745
6056 6049
5741 1315
6480 2042
8034 3532
3632 921
4111 1170
4130 1092
4430 711
7381 2021
9970 2851
823 326
1301 80
6870 3958
5244 4254
5734 5257
905 81
144 91
8578 3441
8340 6799
3094 996
2830 1660
6048 2819
5164 1289
5542 1880
2460 1610
8790 2918
8767 1572
1924 1706
9273 8823
667 126
7878 2763
5032 4622
5158 1611
4774 4694
7476 5796
4693 4402
5752 152
4065 1177
6472 5540
4789 2169
8586 3040
569 253
7262 1157
3889 2773
9346 8960
2394 1622
2991 2218
3164 1872
2096 1938
7189 6134
2192 1902
7453 5095
8172 3882
8366 2777
6458 3579
1753 1127
7038 935
4787 2231
9550 2396
2972 2381
3915 3505
7180 6817
7017 3360
287 56
7046 4494
636 622
2964 117
6468 1405
821 794
226 76
9679 8950
3955 1940
9254 4959
5009 1348
1958 522
1754 976
2635 2538
1430 1198
6883 2541
6764 4854
5024 2993
9144 6953
5713 1258
5887 774
1264 258
9795 8115
2996 2464
2509 187
166 72
3726 244
306 193
2609 179
1361 230
356 171
5587 1377
3112 73
6644 1062
7297 3698
1759 1244
1579 970
342 164
2387 382
4338 3717
7748 4590
3571 173
8293 5861
7280 3309
697 492
1675 476
4089 3697
1476 1420
2739 2569
5712 2342
5453 927
8158 1498
2730 1078
5401 3140
9948 7149
2094 281
4320 1929
5093 5079
48 31
2780 2379
1310 1043
8769 908
9983 2970
2661 2093
4902 3939
8807 2672
7016 5063
7047 3689
5666 3043
4652 1558
6994 163
2105 390
7676 4588
6006 5698
2915 1403
4904 404
6183 2793
1907 1362
1234 402
3932 2289
5397 1109
6488 3862
9967 3440
8302 5496
7384 1842
6080 2729
7769 6626
1944 266
5202 2434
8180 4401
2518 2455
6461 5065
1396 591
2202 709
5760 4603
3631 2326
4768 1765
90 20
8398 7213
5007 2084
2961 1128
7488 3406
7789 4597
9174 7981
3893 3846
6271 3828
1215 651
3818 498
2998 1524
1296 313
3812 1605
3967 2870
6067 1295
3422 2398
1629 1164
8040 6686
3721 1525
4015 22
2013 949
9100 4533
7830 3504
3284 2143
7386 100
5789 4077
3175 436
3463 2820
3792 841
7393 6253
9892 2543
6448 1332
4187 1270
9219 7513
3446 2765
3431 2329
5822 1518
1028 85
4665 2144
4133 3321
