968
2238 8756
2586 3345
9173 9956
2547 5327
4043 9436
5803 9187
6480 9465
6204 7800
4114 7554
6133 9011
8176 8923
9357 9879
3527 6766
6473 6601
8926 9670
7759 8199
5831 9140
2064 2481
1073 2267
9254 9940
6837 8668
2518 8376
7461 8027
2925 4675
1502 5725
5166 6680
8025 9206
414 4555
2309 6432
6752 6761
2739 5824
6730 7988
4652 6743
7774 8959
2896 9359
7388 9882
625 3488
5159 9078
9795 9858
5082 6572
5809 9787
4702 5545
9575 9943
1990 5497
179 3903
6386 7407
8344 9166
2184 6656
8395 9612
6399 8128
6758 8109
6938 8171
2007 4548
9342 9750
374 5849
6261 6494
7531 9543
4754 8260
8196 8667
336 988
2768 3133
6634 8897
5084 5635
3514 4348
4869 8194
9614 9658
3648 4145
5832 5923
9743 9898
6165 6506
6536 6796
1733 2289
5088 8663
7344 8110
7454 9761
8205 9111
9834 9923
3297 6110
45 2293
9905 9983
6489 7841
5956 8656
4634 6657
1592 5369
3391 3564
9939 9974
9107 9453
4396 5756
3999 4650
5775 7965
3082 9908
5489 5586
4582 8554
3816 9831
6925 7282
2968 5295
5513 8089
4629 9494
8504 8902
2825 6491
738 8526
7075 8155
7325 7521
182 9010
7127 8082
1864 5185
3721 6010
9873 9883
8767 8993
1794 6924
3265 7812
7310 8119
9069 9338
2568 3953
2235 7033
7996 9270
4873 9869
456 3208
9070 9684
9100 9148
4715 6426
6978 8751
8994 9458
9163 9823
2102 7356
6398 7363
3720 6336
2726 7904
2969 5281
8458 9595
1167 9604
9384 9547
1376 3612
9183 9411
663 4044
6013 7911
7510 9762
3256 3700
6472 7319
5279 6817
8995 9495
3841 5944
8805 9850
5210 6795
3059 8625
9571 9701
6912 8000
5496 7317
9138 9417
7804 9664
3749 5628
8647 9177
2385 7746
3790 6675
3930 4150
9291 9818
6535 8284
3210 5026
3453 3813
3013 9072
7597 9201
4383 6534
6002 8057
5707 8540
4433 8233
5486 6779
7301 9603
7119 9266
9015 9045
7202 9725
7025 9408
6026 6515
1846 8789
3598 6369
8613 8906
4947 9580
7012 8244
2393 9992
652 4364
3398 6937
3822 4554
4864 8700
470 9517
9302 9366
1040 7749
5474 6327
6065 8862
5716 6330
208 9136
4973 7073
2492 9198
6174 6922
1795 7065
5772 7122
1521 5689
2895 4851
3098 3963
5758 5997
2035 5928
5228 5857
2395 2605
4045 6548
3635 4819
270 1101
1036 7175
1346 3669
9598 9745
9532 9620
251 7241
935 5556
8469 9610
4919 6055
2063 9978
5714 9003
631 3941
2011 9630
7453 9691
1105 4808
9299 9523
232 4449
5950 7938
330 8341
4353 6823
2444 9155
2646 8704
7367 9797
4918 5371
311 5029
2148 4324
3437 4780
3605 5067
6948 7758
5903 6746
2583 2684
4349 4865
4342 9457
7238 9416
5148 8690
2799 3797
2685 9981
7948 8075
3737 7618
1579 4755
1919 5478
6763 9348
2217 6547
5614 8113
4689 5014
5620 7112
5021 9972
2523 3232
6775 9043
3629 4683
4896 7719
197 8646
3136 8537
4567 6843
2117 3053
8459 8892
8032 9866
5790 6751
4491 4779
8519 9722
5708 6533
7718 8386
8351 9713
8302 9105
6484 8889
7854 9203
1901 1969
512 1316
5117 9112
3948 6524
4372 6345
9239 9303
5706 8863
4031 4229
5498 8051
2530 9764
9703 9886
2189 3664
2088 7036
4222 4593
1360 7669
2377 3914
7477 7570
5172 6354
8177 8224
5774 7284
3997 6877
7290 8267
9116 9899
3426 3567
4431 5150
5472 8186
6062 9888
156 912
9546 9655
8451 9491
8047 8454
4420 8088
1752 7591
9476 9777
4657 7169
6363 8607
1479 3088
8345 9312
1597 8012
9430 9558
3292 6580
6855 8462
4710 8673
8417 9561
6357 8290
1343 4065
1826 6162
1221 4487
9263 9875
3969 8442
4209 5377
4613 9563
5460 9871
2110 8408
4701 8606
4920 6431
3306 9566
1870 7689
608 7434
9759 9922
102 3778
1300 4617
7409 9459
8535 8791
8972 9349
8213 8813
4370 8686
2550 9757
7416 8960
2581 3261
8874 9444
8308 8943
3866 8371
9215 9435
4508 9518
5983 8820
3584 7720
2487 5266
379 4600
5027 7394
7914 8092
9957 9987
2142 5522
450 1000
216 3808
1896 9740
3596 3823
332 7084
4872 9629
7945 9079
6997 8502
1822 4469
3613 8761
1966 4400
20 6695
1935 4838
8203 9819
6732 8731
9212 9802
3732 7811
8336 9793
7456 9765
5050 5250
1763 2776
3476 4028
3760 9344
1571 3957
5335 7999
2557 4969
5710 9780
673 4863
7152 9917
396 8992
3688 5438
5178 8980
2543 3647
9825 9929
7659 7831
1929 2906
2533 7229
6066 7985
8953 9778
4242 7852
2660 4003
6030 9420
5149 8865
2805 7248
5304 9339
1380 7687
7417 8173
2134 6095
9527 9618
1259 7636
7116 9055
1292 3746
3921 6111
6808 7916
104 616
9208 9989
3204 6538
5453 7545
3526 4709
1047 8711
3638 7353
886 3332
6664 9933
2097 8775
1827 9649
6451 7090
5161 7335
7781 7817
313 7644
8576 9973
5192 8210
5059 7151
9902 9947
5709 7253
4327 7839
3378 7709
435 7803
1056 5442
5098 5819
7893 9364
8842 9030
7302 7590
7913 9422
9443 9632
3911 4836
1443 6319
9955 9959
2213 4517
5735 6576
4659 9328
7672 7998
5444 8882
9766 9847
2171 6344
5071 8374
6722 9273
37 7204
2100 6196
85 981
7343 8894
3817 5854
4255 7320
8948 9481
6840 7496
5701 6082
2316 6108
1320 9994
8129 8650
1954 4545
821 9855
5791 7533
5211 8409
3017 9640
4510 4774
671 5174
7034 9816
7876 9796
8079 8910
1162 4179
9522 9934
2069 5933
5867 8837
4824 6091
3212 3756
8653 8804
9690 9921
1512 4354
3873 4831
5600 5642
4619 6269
7717 7795
2798 5466
4645 7997
4845 6347
8098 9535
6210 8426
3119 7235
9909 9910
9 5097
2499 2630
4388 9996
6935 8180
6694 9840
5265 8854
6434 8169
86 9409
3693 5943
9634 9820
9360 9833
1023 2286
2884 7430
7041 7546
5157 5604
3168 5288
2301 5056
8605 8857
7600 7951
7011 7176
8318 9587
2525 8939
9584 9779
3894 9182
3597 4090
7014 9953
7809 9175
1490 8781
1466 8282
3233 5560
802 1205
4140 9924
5032 7451
3642 5515
2483 7522
4756 6365
1225 8584
3202 7842
9075 9554
8695 9798
4563 6113
4274 5592
355 5963
4594 9351
5411 7327
9218 9859
7794 9493
9094 9789
6668 9846
1206 6465
3057 3586
7357 7515
2368 7048
5671 7504
7203 7608
6774 7543
7821 8516
1994 3624
7093 7935
8030 9781
6923 9669
3833 7787
6485 6626
2882 3900
1415 1642
8245 8494
4439 9343
2306 7260
424 8850
9049 9794
9755 9916
1500 8796
3956 7061
6377 6731
7848 8074
2331 3550
1715 7953
2875 9099
8561 9229
4282 5338
1464 5296
266 3435
3578 9197
3376 9808
5624 6414
1823 2000
8962 9783
6314 8947
675 4395
4651 5133
1465 3853
9857 9979
5918 7179
4297 6928
8425 9782
5644 8728
6748 9788
753 1335
6381 8608
5360 6644
8394 9034
8278 9661
7346 8149
7691 8303
2947 9550
4406 7566
1398 9773
3262 8689
5572 7177
1956 4355
9594 9748
3975 4541
2436 5678
48 3242
381 439
9674 9998
7020 7105
5070 5876
3656 3935
1881 5521
8570 9675
717 6492
8039 8803
3744 8227
775 4084
6171 7886
1875 5645
6176 8141
1025 2338
7549 9828
6826 7693
7038 7295
3619 3812
8237 9608
1134 9433
7796 9224
8683 9832
6209 8326
1486 7568
1688 7488
7264 7400
1802 5676
3508 4326
3167 4688
7673 7992
1638 9067
6696 6706
8397 8893
1687 6181
4254 7499
5033 7512
8864 9081
2169 2209
8388 8904
5312 5580
4143 6027
599 5368
8046 8270
2022 7296
6281 8222
9852 9894
3993 6402
4515 9228
8353 8594
9925 9995
969 3254
6246 7722
6989 8817
9246 9733
2850 3189
7358 8860
2083 8006
4358 7051
4123 5382
8272 9154
2657 8167
4663 7385
2621 7676
7258 9653
8166 8692
1052 7382
4016 4768
4240 7639
4695 5386
4810 9470
1432 7081
6241 6919
5970 9463
2735 5107
6496 6665
2296 8677
225 9086
6608 7228
153 2839
7029 8144
2678 5561
3245 8405
5245 7321
6227 9590
1386 4633
1602 3049
8496 8666
5841 8652
4073 8078
2607 2754
3267 9711
9786 9942
7027 8836
8890 9541
2457 6490
1230 1303
8363 8790
7711 9624
4806 8361
9234 9534
3843 5569
4874 5464
1999 3197
6359 7908
5286 8792
6188 8847
2617 5879
1396 5236
9863 9944
3038 3970
4536 8087
5780 6704
3846 8786
2227 5053
1107 9250
2497 8015
1945 3781
1418 8133
5543 9113
1261 2141
1908 4871
2699 8582
367 1011
1234 1824
7186 9868
3180 7042
5684 6084
1853 5352
7371 9406
8251 9500
2866 7704
854 9186
9080 9398
9896 9991
758 4910
9168 9659
7859 9400
5818 9066
2721 7956
7885 8327
9865 9887
8784 9020
4860 5722
8439 9986
2123 3722
9346 9455
931 7535
8562 9161
7752 8253
7365 9439
6797 9064
1951 3346
750 6308
2304 3498
8944 9195
1455 9592
8198 8826
4231 5079
7192 7580
4401 4604
3712 4885
2354 5108
2038 9143
5251 7557
19 2447
4384 9207
7348 7926
8529 9486
397 3188
2362 7567
3386 6005
6577 8649
2870 9152
8801 9019
3825 8715
6737 7943
4706 6121
3389 8448
9928 9969
4833 6373
7940 8024
4225 4897
9438 9555
2919 8503
1725 2865
2757 7696
7114 8145
1125 6289
7928 8620
8725 9867
3434 8567
4108 7315
4283 8619
4284 6177
5433 7183
132 6157
2079 8064
6284 8066
3221 7561
1936 5397
1552 4698
1803 7250
4239 7621
3048 7104
4948 9704
7439 9487
9464 9602
4524 6129
6272 6838
798 5729
3692 9533
8896 9251
7043 8532
5745 7538
7147 8295
4408 8617
4064 9427
8381 8541
8328 8482
3159 4412
3148 7173
8520 9538
8362 8679
7915 9288
4316 5072
2688 3507
2168 8124
3702 7150
3666 4841
5177 6216
8534 8759
5402 9042
2433 3821
6513 8654
2940 6044
3066 7215
8286 9370
8358 9036
6259 9585
892 1454
1706 2822
1753 2401
8415 9026
5326 9413
4180 7713
3574 9085
9806 9897
4497 7031
3782 8287
6123 6549
3365 8581
6475 9180
3373 7111
4159 7798
2724 4359
3408 5187
7475 8077
2577 6950
8007 9635
5389 8475
9719 9814
831 9375
7450 8165
9949 9967
7995 9948
1348 5946
5962 5975
1220 1608
2761 3124
6219 7529
3845 8552
3073 4277
8699 9368
7527 9227
3967 5901
8333 8399
1286 3447
7433 8370
5261 8811
9615 9626
2717 9437
8645 9330
261 6007
6604 6756
6105 9235
3464 5966
3008 7085
6331 8348
1653 4611
135 3018
4369 6270
1096 3419
9556 9906
9785 9813
3766 5691
7824 8716
7396 7737
6068 9363
620 4587
4762 8423
6053 7849
6502 8172
4639 6212
7607 9824
8452 8626
4476 7735
7581 8130
4033 5796
8221 8957
8810 9310
4335 9428
3003 3085
6072 7677
3387 6753
7601 9132
893 3520
7660 8338
2157 3538
6863 8484
4046 7721
1776 4000
4450 5888
9460 9588
3777 8262
2867 9718
3423 5062
5260 9162
5853 8001
4559 4822
2337 5834
2838 6266
1146 9264
4177 5995
5924 8680
2965 5605
7637 8228
5579 7243
6099 9109
3779 8929
8981 9731
2713 6845
4339 6537
5500 5949
6946 9129
3865 8377
57 488
2365 6512
5255 9378
2450 7966
5837 8029
4974 6504
5467 7930
8043 9926
1297 6352
1251 3750
5972 6716
203 7393
9247 9605
4141 6166
4330 9243
2759 9515
2716 6040
5599 9473
733
217 162
6661 1874
6064 2290
346 26
1513 561
1372 1349
611 29
8531 8473
8528 5789
6310 2364
4382 3269
9127 1058
3594 325
9065 4094
6299 1712
4193 3418
6415 2302
1825 327
3920 382
6142 4665
323 285
7530 3283
4631 4128
5425 3723
2215 1447
3519 2692
7273 7244
9919 5331
763 67
142 14
30 5
150 53
2017 1433
5044 1932
1407 655
1959 508
72 63
7975 5783
8498 5864
2252 1868
1289 1028
3672 1621
5190 3673
7039 5129
1614 272
7297 6085
7438 759
5316 4085
2167 1356
6203 1119
6294 4856
4458 2612
7184 5200
7351 6529
3630 3410
3126 1123
3163 968
2461 2214
2648 1068
681 449
1747 465
8435 676
8292 502
199 143
4305 4269
3512 1445
2771 71
9560 1634
3278 2803
5868 3487
3406 3099
7827 2714
7405 1556
9016 4039
2916 49
6687 3224
5322 2879
6690 5767
4197 2373
5770 5667
3572 97
4711 4187
5742 1004
6172 5961
4289 2993
961 130
6298 6213
9355 4
1690 1232
3095 2903
7289 1143
1652 638
8042 121
3191 3058
290 159
4736 3694
2392 1812
4931 4692
8659 1218
3545 149
9466 6393
1907 489
1131 1084
8662 2489
5873 3377
1448 642
5904 233
9698 5209
8530 6921
9540 4924
2527 869
3277 2138
9193 3515
1403 1315
8816 2554
1590 349
5723 2654
39 35
1786 441
7089 492
8798 5787
1099 982
656 301
3236 1089
7946 2783
4490 105
6745 1866
1148 429
3458 1963
8961 8543
344 284
5013 1457
1898 356
6260 2374
3452 2907
8636 5407
4429 787
6699 4997
2779 2763
3071 1633
5686 451
4965 3185
2766 2336
3302 352
3438 3299
3220 894
8424 1832
9358 2585
9261 3460
6643 1423
4127 1565
5484 4184
4042 50
5759 2694
3259 2090
380 345
2603 1583
9362 6280
8996 2836
9767 3585
1819 1591
2641 603
8146 5793
8538 1600
1139 307
5475 3320
9096 6913
8821 8733
7816 674
3004 1226
1377 21
1124 693
9475 1843
5954 415
6427 5350
1773 28
6784 3009
8934 6585
4447 210
3786 3521
339 316
4581 4071
6441 5136
4925 3379
7695 2985
3257 1410
8880 4465
2305 1450
8234 6401
5782 3566
4097 2003
9599 3384
1027 204
4880 4192
120 32
3490 2295
5981 1531
630 18
9037 3862
4389 4256
4757 2938
5846 4331
1429 967
8268 3899
7550 1120
8911 2863
2333 1184
6147 52
4945 1449
3414 2371
9593 866
4987 2284
4846 4344
2770 2443
9521 2087
6986 6571
2237 481
651 438
1175 808
1453 817
4628 3100
3614 2488
7872 7536
8028 6413
9391 5827
2752 2673
8640 545
9126 1515
7665 191
5069 2784
400 193
1847 1266
2095 1726
551 74
4112 2417
7714 4083
7596 907
4986 464
777 243
858 543
7130 4191
818 431
1783 1019
1700 644
9164 9134
5732 3474
8674 3295
7920 6864
8521 2352
9106 3714
2871 783
757 275
7742 2622
790 373
6184 2072
9821 1113
2878 1059
5399 527
9686 5664
4772 4602
116 61
2561 1657
4936 226
6846 5674
7426 1871
4737 3107
8641 271
5440 665
8815 7406
6389 1013
4224 737
320 73
1035 152
4751 3918
9652 3622
8325 341
1977 1663
4142 370
8913 2944
6957 1104
4653 809
166 163
4017 1910
3247 25
7019 4318
1390 81
5652 5246
1314 965
7853 3280
4623 1777
6021 5493
1170 946
2151 1362
1288 1179
1235 812
7793 4219
343 56
2874 565
1141 239
9572 3906
3263 2468
3686 1586
8467 4571
206 183
8754 5065
2039 1779
2103 659
5421 2008
7161 2418
8881 4275
1009 590
7003 810
9581 728
3575 1736
8697 7871
3312 2419
9963 6097
6623 4105
13 11
7613 1321
8280 6127
3429 1654
3178 137
918 194
4558 1850
3036 963
9071 7622
5884 5490
8254 2346
6966 1696
8455 6460
3317 1110
9628 5670
108 51
6686 6540
4435 2891
4642 1216
6617 2522
5527 3945
1154 819
6963 2426
1492 636
5073 1193
2930 1601
2917 756
3632 138
8045 1976
1555 970
746 428
5141 3329
6392 218
6526 5272
9124 3599
6981 1414
7057 4499
6322 6317
6597 5267
707 241
7513 3227
7069 1751
5690 5000
4278 287
8557 3663
2652 829
5131 4512
5633 1071
331 326
1090 704
1271 780
172 43
897 706
2474 571
2975 2856
7055 3134
4714 3955
1518 1370
7865 4365
9308 9304
4092 427
8354 6459
1542 8
6976 5553
1451 850
8297 7306
4840 925
2191 1721
9600 148
8590 5118
3076 2958
6092 2449
5289 4882
1854 1702
5483 3659
1067 643
8876 7725
8300 4580
4438 394
7500 3103
8040 385
8713 2313
2774 168
8706 6498
4188 952
518 292
793 578
3697 984
7559 5163
2971 2590
2696 1879
5662 1229
2318 123
9356 4802
6311 1838
2614 1250
8858 4908
4735 3927
6150 595
6901 3324
557 475
3481 421
3667 1399
6235 1957
5531 5001
2540 6
7182 801
9723 6264
1440 209
8772 5814
2756 1754
6356 2350
2198 1563
7707 5534
7949 4417
2653 276
8431 1327
7008 2545
6789 5778
8236 10
2361 604
865 127
8678 1383
853 140
684 342
147 95
690 496
3537 3108
5253 3286
8490 1934
9385 6323
5921 1213
9432 9017
8814 5452
3186 1168
6351 5562
8337 4713
6640 781
6830 3933
1273 219
5792 27
2367 1426
5385 185
5140 3239
8681 6405
7097 2470
9225 1620
3680 174
9641 7190
6394 848
4232 2249
180 15
2185 1066
1254 1032
1117 596
1713 1364
3798 683
3413 353
1745 1505
5700 4952
2066 1245
9835 768
3319 378
3801 1034
2816 1428
2529 1619
3162 1305
4927 4583
9188 7624
1820 1656
2389 1003
7960 337
2841 1422
2086 1852
7340 4223
9738 3029
8595 2402
6602 317
9157 3674
7077 4782
4321 751
7128 1876
6043 486
5610 4485
9040 7664
1404 377
5575 5343
8195 6503
7983 479
9423 9056
9062 2656
8669 2772
692 376
9372 258
7889 4022
3394 2920
3968 2282
4745 3199
7603 2535
9700 7240
1324 41
6198 1709
2182 741
113 98
700 556
5252 995
6424 3030
7767 2582
1998 1207
9267 6979
1043 328
5733 5123
6438 4077
6467 2405
7858 6958
9737 896
188 173
5347 4727
6874 4170
5922 3676
2977 1613
1439 718
7883 54
5215 1549
4785 1948
9811 8687
5030 3284
466 291
7101 2588
9306 562
8020 7316
4319 4226
8873 3388
6960 6115
6240 784
1625 1122
386 237
3309 2615
402 16
6136 2671
9878 9337
9118 7959
9677 474
5202 701
3971 1543
1895 1430
2676 1857
6350 5179
3705 2679
333 228
9122 4670
6568 1424
3916 3824
6636 4673
4276 3788
8372 5273
8885 126
2876 1029
1991 447
5395 4935
6052 3231
6088 3217
6143 2160
9720 7086
4280 1061
2349 2278
3837 2259
748 547
5485 3881
1055 319
2686 2532
4796 4572
2411 1304
7037 5422
8443 6724
1452 368
8508 3983
5877 248
836 767
4681 2513
4588 2257
3898 38
4129 726
4131 2207
7352 2080
4422 1730
5821 2964
2061 991
1539 178
115 107
8501 4323
1581 1511
9809 4971
1256 448
437 357
2187 1731
4174 1878
8563 2387
236 192
9202 2983
4091 3792
8730 5752
1615 269
5529 5175
7307 2139
5095 4241
4398 2674
4425 1984
8935 8127
5259 1083
8209 2231
9647 4718
4570 1435
2442 2078
731 444
7826 5361
6035 4479
830 413
5165 4632
7894 582
8768 7015
1242 84
8604 622
6342 4798
9746 6453
8793 5999
1569 621
4430 2669
4700 2274
2912 1211
6584 3904
3486 1609
5955 2598
3215 1169
6886 898
2697 843
3726 2813
8658 4454
5240 4012
8393 860
4734 2370
3209 221
196 144
1158 629
8179 1650
5603 1487
3348 2665
2745 100
7056 253
3989 2792
2276 541
4995 4441
6798 1012
5015 359
3061 1248
7165 947
8495 4288
4981 2966
5570 3995
3323 461
9213 4125
5356 1958
9451 7662
863 354
1016 589
9271 2127
5219 2388
7972 964
2587 2326
5353 5040
4178 2475
2163 1128
256 195
8729 6436
9666 4900
9729 1049
9292 5730
9383 4088
3409 1575
5128 4413
8598 7155
3661 2807
9548 3471
4368 1551
2715 2248
9854 3193
7443 510
6161 1135
9097 5811
2287 1076
68 62
1856 1109
9294 7884
7418 2800
2012 1538
9387 2942
4464 2555
2988 994
304 202
1236 576
2010 827
7257 6578
7791 2161
3274 155
3322 2950
826 623
8569 7309
9249 3411
4821 3736
7574 4328
5436 920
4834 876
5194 3032
7298 90
5302 4616
