729
2042 5999
1736 6695
2177 4495
3255 8651
792 8852
7399 7609
9629 9807
6860 9124
3010 3492
4547 7210
2669 8313
1218 4274
3321 3848
1311 4277
8212 9050
5492 6675
6076 6107
409 1726
588 8477
7299 9976
8547 9731
3244 9202
1230 8771
104 6484
2553 3080
2614 7734
1715 5881
8030 9199
2460 9597
6074 9564
2775 3096
9181 9716
9798 9934
524 9818
6404 8119
1178 3522
2619 6573
3679 3986
7168 9774
5154 6437
274 1176
4030 6678
9312 9387
477 5880
4832 9589
6779 9571
1202 6310
5806 7785
3662 7737
5746 7275
9859 9924
1425 8474
568 2656
392 1706
3257 5273
6851 8299
5931 8220
8244 8345
6960 8173
1720 5933
6390 8510
7870 9367
3551 9682
2637 6643
2836 6177
4938 5046
6398 9390
3060 7954
1636 7082
5322 8373
9920 9928
3851 7518
3693 7978
9486 9617
3450 5891
5113 5646
4007 7850
4001 9058
5058 9918
9393 9895
9116 9791
6581 7811
4418 9053
4172 5145
2234 7499
2313 3427
4332 7867
473 6745
7263 8271
5234 7807
9337 9610
2058 5310
1036 1575
9542 9826
547 8017
2405 4459
3731 9011
7375 9986
7244 9206
8060 9466
2261 4589
8301 8986
9269 9588
5690 8884
1168 8365
8710 9992
8417 9380
3333 8866
9378 9600
2098 4688
6323 9283
3113 8735
9438 9520
8540 8988
1896 8250
1282 7681
972 4175
8915 9752
1658 1758
9911 9948
7242 9174
404 3614
9647 9776
1778 4798
4181 9866
6222 8016
7941 9881
3637 4885
4969 5962
9140 9628
6137 7901
7778 9527
2589 6463
3077 9657
5613 9297
2226 3604
8505 9144
513 1741
1747 6818
2080 3193
1938 5594
8386 8991
2926 6299
2610 6006
9453 9481
8184 9395
8064 9322
8658 9659
4836 7802
6896 8827
4569 5798
3529 9863
3428 5037
7321 9414
152 1334
5521 9553
9321 9972
7184 7502
4806 7749
26 1475
4967 5014
6873 9246
1307 6546
2873 3631
4148 6577
4446 5944
2739 6679
6724 9471
8829 9799
5096 6362
4151 7865
7359 9509
5582 7678
3863 8246
1420 8239
7957 8681
3537 9880
9503 9968
4134 5598
2557 9119
9891 9938
6267 9397
7219 7817
1545 8861
1665 3355
6949 8624
1674 9070
1055 7655
8678 9677
1223 9404
3998 6540
6608 8321
3249 7088
6553 7680
8254 8892
8152 8932
9108 9256
8893 9437
6086 8349
8096 8655
4216 7381
5388 5852
8693 9802
9943 9961
4553 8558
5126 8876
1711 9235
2648 9422
8451 9054
5500 8611
3000 5337
5062 5771
3946 8602
7838 9122
8333 9288
5565 9384
5142 8473
3924 6450
1821 8811
9512 9630
3699 6151
1555 4921
1583 4759
830 7407
6552 9446
5091 7463
1000 3224
349 6367
1416 3596
1742 6197
7588 7651
4311 9346
8312 9249
357 6099
1196 3838
2143 6454
5508 6952
7119 9452
3990 5882
5460 7438
6568 9794
1125 6859
823 7888
1593 5182
2622 6285
9598 9660
3738 9008
7334 9964
1732 9688
2487 3297
3251 5725
5845 6862
486 5776
7724 9577
7591 8705
111 5968
3384 7156
9110 9295
7657 8862
9493 9958
4992 8925
5671 5753
5877 7944
6215 8123
5717 8031
2666 9207
1947 5704
4780 8302
3122 6808
9519 9654
2156 5441
9245 9424
2823 5445
6940 7548
7129 8814
207 2958
9753 9768
6116 6395
2935 6082
1008 6927
4333 9606
9704 9823
4866 9505
5991 8476
2388 9734
5277 8808
9114 9694
2040 4375
8459 9680
4444 8574
6831 7089
5023 7391
3423 9853
1828 7177
7068 7459
1126 3935
6269 8208
6766 8513
6722 8140
6301 9154
6087 9061
6114 8028
5482 6211
2943 8187
930 1456
7138 7629
421 3032
4222 7203
5763 6029
4023 5864
1991 3884
6518 8342
4183 8954
3072 5364
3344 6574
7904 9135
6331 7482
9839 9991
655 4255
1231 7479
3967 8447
9462 9463
8660 9908
7107 9748
1098 9336
308 7361
939 3167
4914 7348
7790 8092
5250 6962
724 9264
6412 6903
5734 8722
6547 9555
9603 9876
2756 8667
4279 8454
1255 6100
5331 9094
20 810
6413 9607
3929 5716
2848 5210
5700 6520
3462 6474
9334 9622
4787 7147
8628 9720
1015 1815
9764 9783
1851 4771
1872 4701
1633 9413
1073 6040
8000 9547
2947 8732
5348 8885
5765 9620
6760 8282
5394 8745
9901 9974
4387 9670
3722 8033
3065 7633
4306 5424
6139 7612
3202 3854
9644 9649
5584 7863
7356 8801
966 4006
1138 8180
6443 7896
5010 6640
2735 7405
5103 9137
8838 8891
2306 5325
297 2235
3129 9744
3406 7364
5908 8601
3017 4893
1211 5439
4472 5744
2577 4586
7476 9279
2726 8115
5459 8650
2411 9872
2137 6840
8769 8851
355 8780
5299 8589
9098 9618
4091 4272
7155 8775
4588 7934
9048 9994
8783 8995
787 5890
9676 9779
3464 3582
3994 4220
6455 7561
1673 5919
203 7980
2702 7641
3488 3586
4227 7816
1335 6557
3430 5873
4407 8027
5964 6530
5978 9667
7414 9890
1688 8460
1764 6684
159 1286
5052 7005
1592 6217
4163 8577
9613 9906
5755 7249
3627 8191
2471 8456
8566 8591
7124 8164
921 1076
530 5366
2966 5832
5952 9913
5699 5740
9575 9661
3470 4722
6854 7742
8036 9811
4241 9696
6793 8286
2697 4466
6951 7486
9790 9954
898 1131
1557 1580
6000 7840
8370 9141
2832 5909
4296 7023
7002 7534
1498 3376
6125 6813
6784 9078
7038 9224
2422 8935
5150 5726
5766 9439
9849 9926
4234 9037
4223 7209
9814 9873
4573 9935
4304 9273
4670 7164
3227 4925
8607 9560
8201 9634
1341 6671
3076 4592
4308 5442
2819 5540
9539 9653
6555 8264
7748 8195
7908 7969
211 5828
3155 6123
5796 6939
9977 9980
1407 7848
4473 5925
9173 9757
6639 7530
6681 7593
7813 9898
658 9226
3055 6157
6159 7490
1493 7733
3561 3939
9416 9570
9501 9945
7570 9514
8470 9664
1682 5116
2511 4198
5523 7732
9220 9280
4201 6231
2960 5609
3105 6526
193 8909
2393 5361
7923 8963
2266 7797
9250 9636
9084 9392
6102 7725
1351 5855
9131 9451
3605 4820
8927 8930
4258 4348
6132 8361
6876 8087
1804 4973
729 7200
8449 9581
9088 9215
5878 7287
542 1684
107 8179
5024 5468
7285 8675
9171 9423
2035 2043
2123 9715
5326 5800
5915 6995
4728 6626
1329 7818
2536 4521
7650 9668
7809 8398
2452 8588
8419 9884
7302 8273
712 6828
5134 6421
1808 3815
6061 7685
5470 9444
1776 6747
8144 9177
7654 7946
5494 7283
1710 5094
5488 8834
3359 6758
2657 9344
8514 8561
6170 7810
8102 9706
9409 9758
1648 5951
732 4436
3429 9036
7912 7987
8063 8410
8492 8942
6849 8158
415 6604
7493 9366
5029 9099
1290 4110
892 5206
443 605
2485 2507
5554 7011
736 3336
8137 9005
3873 5166
7951 8354
3747 8283
773 2794
3948 8605
4352 4871
7770 9782
1121 9738
2753 4857
8629 9689
2822 5599
9335 9475
4135 8338
9697 9929
954 2119
8199 9971
965 7049
2218 5844
8168 9091
8341 9208
9652 9769
5768 8487
3710 6994
5659 6753
3499 6935
4292 4760
6449 6931
682 4017
8019 9064
3686 4214
7602 7740
6234 9671
361 4825
9766 9848
2459 5475
6617 8733
8698 9515
2965 6012
5710 7801
7630 9179
5194 6318
6716 9648
71 8835
7819 8155
9162 9975
5518 7307
9255 9970
2747 6065
177 3039
7110 8317
6588 7562
968 4603
2529 7845
7535 8824
6782 9160
8843 9656
6508 7883
2222 4239
1006 4815
6911 8020
1541 9298
1141 3483
3517 7409
2909 6969
9233 9445
6015 8276
2180 5863
285 5485
2678 2744
8931 9966
1298 6335
1243 7173
5493 8079
2442 3213
6302 9304
5204 5563
1581 5341
2347 6155
6888 9993
6603 8304
5297 8298
5462 6642
9761 9868
8821 9473
5009 5790
3291 5516
2857 8677
4537 8625
4395 7450
2896 8671
437 6750
2810 6505
250 922
8519 8576
5856 6531
391 1379
4918 7537
8807 9687
9830 9951
9067 9941
2759 3876
2874 5662
35 1180
6542 7211
1048 4315
5645 9214
8842 9727
5419 7061
3689 4250
3116 3457
6774 8972
8141 8941
1568 7106
8396 9888
7659 8617
6121 8023
1611 2480
4869 7427
7508 7925
647 6990
640 4681
5097 9900
8973 9329
4895 6048
6027 7238
5136 9692
6407 9915
6355 9760
8463 9166
5858 6819
56 9059
6802 6830
4737 5789
5558 7397
9701 9851
6533 7196
3887 6690
9155 9200
4291 4974
2022 8436
8818 9936
8125 8584
4421 9193
77 3021
2312 8494
8450 9254
7553 8166
3103 9540
1455 3057
815 5684
2429 3215
9489 9651
691 5718
7232 9359
7720 8725
8616 9143
8260 9218
8479 9827
1931 3479
374
8880 3862
3616 2505
120 39
5471 1431
7832 3953
3821 1325
5281 2278
3302 2259
5632 1675
5506 1147
2608 2575
5192 2105
2797 740
4412 2569
3175 1450
8322 6729
1465 758
6651 3892
8114 4724
138 96
23 5
9548 2705
6456 6088
2758 673
3610 1712
1728 504
5822 4353
1697 935
7357 5055
6402 4363
3140 798
8275 7174
8289 1309
7093 2062
2323 1959
7660 5635
6943 377
8502 6059
7058 4081
3160 2817
2561 2264
1483 403
8571 309
7791 2663
2106 1946
7663 4658
1005 21
6070 4840
3927 1670
4131 4005
6585 3542
30 18
5464 2572
9562 8556
4388 2326
4203 952
1108 533
5524 4931
4563 2861
6278 5625
4789 226
8384 6447
3622 1330
1293 212
8278 1975
5752 2972
7270 2760
2565 2174
1394 1158
4720 3952
6214 3812
6503 1442
7806 5447
6321 5467
9624 8008
7754 4933
8743 8397
6492 5308
5003 4564
6500 2799
4433 695
1535 161
7268 5993
770 570
4384 3326
5160 405
4411 1101
7046 3991
7167 2385
4252 1270
7182 614
4496 1829
9686 4952
8400 4024
295 175
1831 1439
886 607
9940 5712
2870 2056
654 549
1704 1179
7315 2863
2893 1865
1846 163
7989 7559
4378 2951
6435 1875
3889 1898
2906 1520
3339 24
7739 4368
3810 1607
8928 3512
6210 4902
8673 330
6328 3066
225 68
599 540
7782 3762
8074 5876
5685 580
1049 1010
5455 5399
1789 1488
7159 1895
5675 2438
4389 3191
3248 3220
2789 303
9069 2650
5191 4254
2408 197
3301 2743
637 69
6128 3387
9474 4330
1074 749
8632 131
3903 1301
2489 28
3236 866
1890 1359
4750 1565
2015 1961
2499 902
6459 1501
38 17
1484 113
5899 636
4335 1936
5217 1762
4668 2540
1843 66
1004 373
5665 2543
1523 449
3486 2502
4544 678
7876 3313
747 610
7507 4205
7856 2118
5354 4275
2260 1023
3555 2766
4886 4119
4637 2827
7214 1193
7205 3708
8482 4128
5874 4322
6989 4448
5119 1737
857 48
5457 3475
3827 2175
4666 1256
8210 3504
9286 1950
7610 5799
482 108
6084 217
2552 2524
6649 1274
7617 1122
9770 4916
6598 2154
63 9
6201 350
8227 7713
2929 1672
4650 1645
7445 584
4510 3188
1614 317
9293 8626
3415 808
9759 8518
4923 1855
90 25
763 490
6239 3777
9496 6408
8118 2638
9821 9525
8029 5652
6895 4875
3132 1940
8433 85
2717 441
4799 3968
2792 1068
9568 1204
304 136
3763 3335
2478 2262
8002 5501
2109 1798
3063 2490
4237 2378
1190 1130
6764 978
6052 3083
1384 294
5346 1466
6701 2580
3629 3186
3574 628
2560 320
360 307
2725 2102
4919 3
9684 5923
139 135
573 351
1588 435
9045 497
3593 2611
3181 401
1701 394
3374 766
9593 8900
3707 3218
7308 3868
705 300
2434 604
157 124
9370 1201
2971 2324
8731 2932
7564 5817
5940 3914
3401 1410
1398 616
5838 804
6080 260
7638 3370
4171 2658
1512 615
2140 680
529 388
4427 4210
2240 195
8653 1708
1283 88
8466 2233
7825 6744
2055 1766
3895 816
9662 1038
670 262
2396 1388
1652 333
7664 2831
2856 2839
9152 5910
448 76
2328 593
8098 2828
2230 327
5276 445
79 78
5943 2299
8083 6727
3635 534
8374 3695
7744 7679
1242 1086
8444 1595
2320 2301
2241 440
1070 81
8512 986
6452 4025
58 36
5737 3526
2110 1838
4168 2003
3048 1087
3421 971
3111 2837
4839 37
9112 778
4099 3207
1990 95
6188 6166
7539 3141
4602 386
4541 331
7183 4090
2694 2095
1574 396
1378 2
3525 1226
4377 1395
8380 3104
4632 2885
3647 3435
6719 4970
7281 2584
232 154
5108 2675
4351 2294
9535 2245
341 339
8804 1035
2803 1505
1540 947
9957 4467
4229 2248
8111 14
3258 3168
1647 825
3684 1920
8579 727
2645 1683
6720 3937
461 367
2136 282
4858 1667
3518 1299
5846 3541
1935 240
8251 2698
536 98
436 194
9018 7149
4716 1562
4271 3418
7340 4628
865 683
8232 8047
5219 3298
8797 7372
3720 468
1046 735
8242 1319
6004 4160
6998 977
3146 1447
475 170
4896 3630
384 230
6196 2431
8753 5068
5179 288
2302 2162
5515 1727
565 537
8207 7773
7772 7449
2163 1526
7251 6448
3233 1115
