227
9191 9416
4745 4891
1255 3208
7061 9847
1793 2801
557 1107
2691 5455
6920 7371
9114 9380
4118 7905
6293 7470
6892 8991
4553 5965
6685 7699
8983 9522
9085 9532
1767 1986
24 7025
8176 9986
9353 9583
6868 7446
2230 5425
7769 8376
2576 3499
1407 5451
6683 8508
9729 9835
4411 7919
5887 6324
6239 7715
5462 7799
8048 8854
5121 5286
6247 8864
4861 8980
7160 8101
9474 9686
9059 9620
6049 9938
4653 9734
3988 9002
2623 5546
3270 8201
9146 9510
7259 8291
3107 6787
6067 7712
3378 5681
8304 9278
181 6375
4733 9393
1247 3058
5854 8926
9122 9177
7783 9140
7112 8953
4685 6057
3882 6772
7088 7500
2005 3442
6181 9765
1628 2545
8335 9928
404 5653
5130 8422
4235 4684
1936 2888
776 4427
9801 9818
693 9636
4332 5880
7083 8204
8445 8611
3654 6601
1012 8289
3779 7455
5091 7326
1445 6278
9261 9529
7465 8580
6218 8509
4541 6431
9212 9924
3113 4092
2542 4509
9357 9955
8151 8666
8032 9610
2906 9074
5364 6895
7532 9739
5018 8039
3117 9084
9650 9958
9791 9810
1382 9251
5710 6472
2846 9016
6063 9948
1278 7036
8 2499
7590 9217
7701 8525
5769 6267
8691 8735
5542 9876
4439 7651
5258 9824
2411 8146
9355 9794
2301 5714
7645 8061
9478 9841
2876 3252
1161 1205
7261 7360
4084 5441
9645 9698
9028 9314
3826 7394
1988 5196
8936 9232
4843 7094
3591 7037
2323 8095
30 8645
7235 9026
4009 4479
983 5309
3815 6209
1385 4963
640 2389
9788 9864
3288 6874
5634 7835
5857 8286
9717 9822
1005 3784
3978 5327
6673 9260
4504 9861
1915 5798
4707 8952
2129 5061
9836 9911
2400 7047
3241 4157
9554 9898
5805 8360
9630 9738
5492 7079
10 3511
9414 9926
657 2185
7461 9893
8621 9285
1360 7439
1174 3024
5513 7373
4197 6896
6792 7169
2897 4836
9823 9946
6038 6930
7301 7356
5299 8487
5640 5795
401 3598
876 2767
8161 9797
5304 5746
9551 9806
5136 5458
2560 9063
9308 9397
8874 9455
9579 9661
9949 9996
6211 7791
8219 8242
353 5820
7434 9693
8622 8667
778 8365
3118 7296
1049 6504
554 2197
7099 7942
4505 8912
5111 7697
5945 8254
3739 9149
9139 9954
7302 8623
2477 9307
837 3310
1806 7174
124 5480
7833 8481
5917 7467
8759 8880
575 6531
7996 9944
9571 9870
2847 3976
1776 4168
2795 2850
5049 8114
3178 4358
8142 8557
1502 8491
5329 5499
8312 9484
6910 8177
7918 8944
7139 7665
5953 7523
9692 9920
587 8022
1596 1810
7719 9941
3748 9425
3695 8080
2364 3417
6488 6592
9890 9935
9672 9932
279
1572 505
9732 3033
5924 4649
1636 609
3399 1335
1893 1152
4322 2478
8601 1580
5766 1336
2487 427
7933 476
6132 3667
1870 704
4130 3007
6777 4291
6878 3552
4870 4846
6416 3232
7338 1933
6444 2828
8198 5568
9155 448
6180 5011
6119 2705
3081 1828
5913 5896
6411 513
9631 4980
1386 781
3157 1485
6988 5747
8117 2929
4824 19
4042 2420
9781 4920
5159 4797
443 55
1334 121
7860 185
7129 873
7340 1153
3013 2308
9004 8581
6625 6378
1216 973
2391 737
9498 3000
8811 7022
6903 6764
2139 2043
7263 556
7265 5622
7381 1390
926 389
5242 2313
1900 709
7496 6148
5256 4917
5683 1808
2168 1835
1357 790
9398 6750
1264 1232
4543 2372
1117 577
5215 2390
620 74
8226 109
9219 480
269 137
2832 566
3475 1748
2062 780
227 25
1787 1735
35 17
2652 672
8111 3149
1327 158
6959 6929
4482 4420
5142 4646
7125 4490
2010 1614
6682 1593
3401 1646
2243 1136
8228 4117
6756 1881
1640 673
482 117
9833 8532
1131 656
9445 2781
8641 5694
3745 1089
1099 630
681 434
6127 5064
4461 4438
161 118
6300 596
26 22
5066 3328
1000 760
5720 4888
208 51
7627 2033
73 57
5488 3795
9900 4807
3128 2525
3613 3307
9080 6240
735 732
3161 1610
6710 3122
9963 283
3651 723
855 651
349 172
9197 6635
8015 2305
3125 1997
6771 5285
5772 97
2115 1526
6238 3683
2668 1304
9629 2171
5094 946
9076 5803
7948 7027
2227 94
1233 356
7568 7072
1800 1541
5106 951
7892 7877
7218 3720
6381 1741
9186 9101
7316 2329
8414 226
3910 1595
8038 1312
4388 3702
8915 7727
7309 1641
1483 1218
6822 6195
7195 5631
5611 3697
2715 321
1905 742
7953 4600
481 346
4694 1811
2902 23
4242 3413
3529 2220
5040 2257
2056 1068
3533 359
6542 1427
1198 1122
7672 3503
3420 3269
6292 1265
2100 1093
4159 3173
7450 1194
4149 1581
3155 688
7070 931
4014 3386
2925 1119
1406 1227
2011 315
5865 4712
4950 1114
7004 5680
6586 2857
6600 27
3606 1939
4821 4801
7298 5222
4065 3569
646 424
5186 830
6778 4324
7610 4695
7970 6749
6723 3465
80 36
5014 2654
3636 1041
9715 9018
286 199
895 806
253 156
9130 403
7958 2151
6726 1815
1608 1431
6678 1269
6142 2330
532 421
3831 426
2776 2460
7776 2142
141 47
7842 200
9239 7229
486 397
5128 4408
8905 4744
5468 3782
7981 7764
7477 6793
6734 251
6893 1985
5628 831
2562 1250
374 175
9333 2360
7844 1622
1543 313
402 14
3941 975
9719 6698
8515 4331
3076 266
9798 3245
8031 1172
1381 83
4498 3160
3924 42
6544 2423
4832 465
1254 132
7750 2908
7188 1392
829 322
4568 1770
8155 2154
4889 1896
3861 3083
9541 4307
5641 5015
503 324
4308 1176
5127 235
8450 8188
3934 599
8424 1923
2552 1466
1135 948
3505 1027
6643 1120
6766 1420
7460 1351
7693 2432
8769 2177
5912 1958
370 270
110 64
7599 3130
52 7
4434 3751
6849 2757
7888 2434
4683 2569
1577 718
6667 6440
4656 2498
2376 1323
3747 680
6661 2675
