661
6328 7484
5056 7180
4304 9260
9278 9373
9793 9965
1014 7170
5742 7862
2556 8361
1493 6141
950 4743
2337 5886
4443 9235
1636 8546
9031 9176
9791 9878
5563 9332
1663 8145
5476 6498
6064 7037
8889 9899
5948 8002
6186 8745
7516 9256
8515 9579
9835 9986
9932 9939
4472 9470
4049 5664
8356 9374
2768 3664
6225 9849
8873 9686
4769 6108
8854 9659
8367 9925
6874 8349
9828 9842
8102 8993
34 397
1067 4652
7778 8708
8177 9648
6449 8617
1894 9389
7404 9329
553 7081
2511 3226
3321 7922
152 9299
8001 9635
8094 8412
7348 7395
653 4412
4561 6555
5109 8596
5309 7827
8636 9733
9717 9909
2275 8194
5055 5849
599 3364
375 3509
2980 6040
8534 8819
7195 7428
9812 9984
4949 6921
6823 8435
8625 9876
6248 9703
9922 9943
3580 7251
8555 9201
9521 9937
246 4636
1660 9123
4424 4543
8536 8579
6752 8558
9437 9907
5378 9336
2961 7238
8457 9371
4142 5208
1048 2215
4668 5026
3445 5725
8857 9438
520 7974
4784 5358
6676 8638
5957 8543
2261 5389
7703 9732
3311 6291
7904 8487
7109 8736
7837 9276
8220 9880
6988 7463
12 3413
9879 9891
6632 8343
7738 8083
3377 8167
2842 6376
6735 9873
3286 3997
6901 9154
8836 9016
6515 8932
9264 9439
6914 8239
788 2920
8118 9142
748 9718
1543 4324
7755 8563
7707 9666
9698 9740
652 4198
2341 8714
8186 8735
5428 5842
1854 8155
1668 9208
9068 9525
3659 7971
9573 9785
1071 5420
2568 7674
1124 1184
5128 9566
4363 9193
9160 9485
1381 6517
9746 9792
9832 9884
4222 6055
417 1397
8876 9957
1413 7996
4029 5165
251 5821
3145 7825
6777 9704
5919 7826
6962 9326
7546 8746
754 6579
1053 7286
8593 8748
2736 6584
5478 8219
1066 1733
6726 6895
4564 7183
7003 7152
8961 9469
3928 9063
6283 9124
3957 4179
9631 9701
9663 9712
5405 7106
3323 4233
944 6500
9444 9755
4838 4975
3718 6441
8542 8701
3414 8791
4038 5298
5513 6664
3152 8342
8110 9354
1024 6295
5806 8198
1474 4344
3124 8841
3962 5092
8911 9215
8760 9320
179 1584
7959 9864
2150 5414
7139 7519
938 6574
959 1036
4215 6658
337 4203
9466 9636
8403 9133
9194 9751
7910 9994
4061 9799
8816 9122
2839 4616
9044 9478
5856 7296
5148 8898
1691 4326
114 980
7068 8206
4540 5777
4801 5076
5423 8169
4384 8382
9295 9871
4928 6002
9318 9760
7768 7776
6430 7993
2451 4481
4272 5501
1503 7074
2123 4492
8510 9808
4009 6494
8907 9709
163 3585
6 8749
2483 8152
960 5983
2547 6209
4597 9730
7741 8824
8967 9586
3965 5403
6991 9362
1735 4303
8405 9549
4904 8223
6641 6826
5415 9285
8283 8768
9472 9492
4614 4913
3115 4919
8324 8959
3192 8957
3590 5108
6636 9313
6413 7604
5291 7034
757 2474
3068 9249
2119 5221
6034 6392
2323 2794
8851 9594
5625 8937
4554 6285
722 4182
4227 4621
7931 9017
8914 9577
9420 9626
4075 5959
6336 6614
1483 8106
5715 8747
9233 9412
2413 9307
8334 8893
3424 4235
9049 9274
4863 6096
6791 9917
3240 6312
352 1682
5697 5703
1806 2226
7543 8472
1244 3869
2897 5377
5567 8030
9370 9961
5289 5928
9494 9754
4746 5433
1292 5784
1097 5783
6130 8686
392 7427
9530 9964
504 2111
8010 9058
6924 7075
4851 7892
1714 5498
3837 4223
6860 7476
4487 6633
7814 9782
5032 9406
4447 5425
784 1922
1841 9863
8882 9314
6427 8204
3459 9776
3555 7978
6840 9392
8496 8813
5246 5644
7766 8750
7394 9426
4307 8122
1802 4076
2496 8934
4500 6349
941 6565
145 5604
8075 9040
1516 8146
1459 6268
4174 7744
5560 5643
4287 9061
3250 8192
41 7160
8832 9216
836 7221
8050 9826
7797 8658
638 4884
4288 4586
2607 7032
8818 9973
3831 5053
359 3358
9114 9868
4559 9607
3618 6756
8565 8842
6557 7080
5863 9750
177 550
8762 9726
6290 9617
236 9677
7879 8187
1615 6243
3904 4905
2050 8557
3137 4887
4917 5844
1517 9094
9345 9738
4816 6775
6899 7511
3963 8661
8788 9903
3561 6210
3113 7482
8149 8720
291 717
5023 9161
1237 7285
5571 9758
6505 9679
6491 7366
4164 8409
6053 9433
4993 7369
1662 8448
6973 7616
5270 7661
7961 9768
5642 9144
798 5245
9162 9759
1158 4823
4147 4741
8179 9029
2027 5448
1119 5479
7256 7952
2735 8431
8126 9944
2758 5689
3807 5503
8333 9330
6372 9642
7452 8293
2680 7867
3309 4135
5905 8500
9350 9941
6938 8753
7138 7491
7289 8979
1384 3245
4489 4619
6056 9106
2046 6499
2217 3087
7951 9980
4302 6773
2573 3935
3120 3439
8803 9641
9379 9446
5346 7985
188 8949
3206 6327
3132 8347
3689 4984
4932 5722
8820 9557
4229 5150
9651 9725
4732 8941
4781 9822
3073 4115
3018 3478
3704 5616
419 4739
4506 7010
926 4615
855 8269
6137 6160
8033 8877
9839 9942
3023 7113
8317 9254
6543 8104
3177 7753
1790 8038
1258 7094
2395 2981
513 8103
7268 9382
5862 9039
5898 8781
9242 9405
8438 8859
7513 9288
7446 8637
3492 6127
2538 4476
1909 3039
3859 8774
518 3010
4018 9251
6536 8450
3273 6909
7962 9538
5468 9129
1217 7455
2438 5260
4562 9424
4137 9298
6545 7280
2295 3803
2828 7381
3325 8742
9796 9956
492 9203
2558 4902
7386 7785
9824 9976
6383 8473
6983 7662
4273 6605
3402 6194
700 5615
1784 9763
2032 6131
2678 3621
7898 9462
3653 6381
6951 9019
6094 9584
4399 7701
3908 7179
8329 9137
2561 8913
168 8433
8936 9013
2614 8569
8081 9877
3199 4074
2093 5599
3064 5657
5331 5547
5671 9866
346 2713
3396 5189
7550 7567
7166 8929
113 7123
8958 9977
4684 6184
8321 9250
528 2783
3079 7557
7142 8871
9205 9619
3817 8945
431 1030
5839 8831
5302 5470
1252 5233
3479 3778
204 2318
2818 5873
1840 8397
6647 6999
6167 9172
463 6932
3763 8619
460 3422
3682 3759
3844 5201
9052 9913
9080 9553
5792 9816
2834 3562
5086 9206
339 3843
1207 7469
2829 4093
5540 7112
1546 3570
7586 9163
20 6628
961 5963
6090 7313
4469 4819
1455 7261
7565 9234
7782 9267
1049 2056
5737 6161
3926 9972
6796 8376
8886 9854
9589 9927
5834 8066
7624 9638
2527 9706
6645 8556
7956 8314
7385 7569
8786 8808
4407 7749
883 8864
1417 4000
8879 9968
2049 8390
8540 9400
203 3916
708 2779
1710 4729
9270 9473
8644 9542
2168 8476
3162 6655
668 9481
9366 9545
1971 5203
2391 4714
2710 8528
4285 8586
86 5835
654 2833
7126 7990
4497 4981
2445 2873
1696 9293
5707 8800
5066 8710
882 6226
447 3259
1611 7823
7833 8497
2641 4736
683 1464
6563 8997
7492 9126
8807 9661
4979 5040
5394 9187
783 3668
6652 7532
3685 4924
6414 6508
8299 8359
4857 6935
2890 5169
5607 7136
758 1622
2706 4467
3609 6950
1686 4896
2554 8963
2052 2603
126 2454
907 3712
5714 9415
3838 3972
5537 5960
1563 8950
8088 9073
1034 1323
5918 7419
6267 7254
1140 8757
1076 2711
8191 8982
501 2691
6057 7217
3471 4755
3428 5579
4277 5271
5600 7775
7234 8165
4568 5254
60 8702
254 6782
8144 9629
158 7873
6462 7577
705 2230
3487 6199
64 5164
4486 9189
2035 7698
3572 6839
8480 8801
1825 8115
137 2192
5499 9407
6590 7500
6134 6634
2375 6189
3548 9688
3237 8784
4852 9852
5334 6191
5020 5577
2953 7601
24 1368
8421 8855
2249 2791
3412 5932
2258 5941
166 9339
7987 9009
1274 6069
8682 8980
6251 7207
745 4922
6913 9423
8915 9447
6800 9674
9855 9959
1798 7508
2475 7335
178
9697 270
7153 4249
9597 8174
7213 6100
7198 2762
7403 5911
9801 6366
5817 2913
9263 8507
7868 2172
8064 1181
6041 5429
843 4
7006 6539
2831 1387
6997 729
3655 227
2900 2832
4214 3845
808 365
5781 1193
2549 267
1132 393
7600 5147
7327 5376
8084 5431
1685 1239
8606 8444
2714 2422
4322 3597
6453 5226
3698 2146
7007 1033
7529 3280
8408 1878
1935 1423
9516 4474
8688 7915
1541 526
7496 5669
4340 3121
4448 2280
4871 1360
7658 2164
1055 576
2176 991
269 109
5134 752
7360 5212
8012 186
1629 1407
3556 2102
5339 2637
7585 5388
9527 8112
4630 3218
4603 3622
2754 2448
8906 3747
8905 7844
306 124
6299 1241
301 192
9484 1809
6408 5025
4466 3924
4923 1389
5885 3565
7702 7210
7051 6589
2937 2591
8469 7324
7219 3510
2940 770
4834 3914
4542 2398
5688 3313
7551 5393
3515 3037
6027 338
1722 321
1853 1279
2190 1123
2741 432
8531 1101
3335 1468
6918 951
5695 4042
1886 1583
2787 505
9934 9352
5575 4927
7731 1966
6384 4143
4100 3930
8872 2109
7553 2157
7926 3497
2801 765
4226 577
307 223
2701 740
7038 3031
914 457
334 80
7737 1425
698 13
616 105
6436 521
6733 5259
9297 8520
5609 91
3737 3521
534 351
9480 3535
2951 2120
1498 1383
6755 3613
4120 260
9041 4260
954 658
6567 1200
7896 7279
9507 5037
3964 3221
6097 3700
7526 7302
7071 1094
2191 632
2529 1567
4522 1378
7942 4217
4709 1767
1196 962
7891 1738
2427 1204
9861 8034
319 231
6639 426
5755 9
2317 2265
5195 3317
746 490
7884 4192
8415 6556
3294 2096
7204 3454
9500 3045
7023 2141
7863 29
4209 1938
6145 2281
2444 1404
5416 3481
9595 8277
7154 6722
9787 4355
5427 3465
5061 2407
2755 1159
9414 9309
4253 4195
3545 527
6915 3138
6693 3586
7070 2790
5529 2044
4280 643
8776 1492
8695 8232
3989 1665
388 340
8778 5310
637 598
9262 3717
4475 3994
4510 3681
6884 5349
