901
1482 7781
4686 9759
1140 7262
6704 7235
3844 9695
8954 9610
4441 7100
1577 3115
5449 7118
8144 8677
4325 7973
8540 8570
3130 8522
4281 5475
6735 9025
2430 2477
1430 9401
4427 7609
9984 9987
9600 9851
5137 9479
9392 9815
1599 9667
6754 9137
2400 8137
9010 9580
3402 5406
6050 7854
1401 2039
6662 8678
3649 8620
9875 9951
361 1917
977 7139
5272 9723
7129 7335
5468 5857
350 7700
7201 7632
1023 1077
7123 9663
1317 1329
2651 8343
1336 7581
186 3153
3012 6348
1022 9973
1844 9908
3211 9153
1255 3225
1038 5396
947 3442
5127 6799
866 9032
2512 9047
7603 7968
5407 6253
7419 7869
9919 9980
5136 9140
548 5038
4810 9630
1015 8862
1589 6308
1847 1957
2734 9788
5174 7969
8368 8758
2800 5245
5797 6858
441 4523
7352 9022
1975 6789
4012 9380
2261 8652
3026 7198
3318 4061
6608 6762
5736 8609
5968 7270
6282 9642
4113 7353
9344 9960
7570 8451
4553 6097
6509 7249
4389 7528
2166 4543
2440 7646
5214 9894
2801 9926
8512 9271
7393 8710
6572 6691
1503 1800
878 9762
4999 5915
3412 6453
1442 7600
6301 6580
197 1295
6574 9081
7780 9056
2668 7623
8420 8720
6472 6981
9290 9353
5338 5847
7587 7949
6869 8286
972 2505
1918 4478
4398 9942
6587 8268
2432 4908
3284 5154
699 7437
3162 6620
6273 7414
3702 6107
9869 9988
2232 7604
2623 6223
7905 9628
7845 7932
1587 4360
9850 9862
9895 9928
4610 8617
920 9283
3471 8952
9322 9432
9266 9341
6816 7468
2190 4973
6828 8892
6024 9277
9682 9834
2615 3788
7649 7868
6624 6695
3890 8218
6951 9020
895 2518
9052 9416
4945 9058
7246 8956
1874 2080
965 7092
3227 6333
3603 3797
8462 9545
5230 6837
766 4812
4485 9198
1955 2795
4981 7215
3145 6381
6827 8200
5201 6311
9218 9410
9265 9506
4805 5909
3679 9428
6669 6818
514 6902
8467 9409
2933 7802
6274 7310
4696 9990
5328 6260
7731 8783
7691 9272
2823 5852
1347 5861
3745 8643
8687 9553
2706 3802
7013 9235
2375 6014
8094 9761
7675 9823
1781 7065
9332 9490
1405 3590
5175 6577
6108 9918
2535 4284
608 5013
9946 9962
8561 8576
6908 9069
5229 7193
269 2662
6419 7852
3277 7839
8844 9103
5707 7709
4227 9021
5617 7715
7782 9524
6968 7332
6980 8837
8242 8292
4326 5552
9004 9164
4828 8415
3010 3572
4749 7798
8829 9175
7443 7582
1460 5128
1037 3719
1893 8920
2730 9467
38 8782
1754 8882
921 3329
7160 9462
1806 9558
3396 3712
4573 9845
1967 3804
8164 9354
9616 9915
7548 9550
1867 1897
1403 2807
8610 9292
9207 9758
7425 9954
4694 6637
6787 8859
4745 9574
6842 6965
5780 8590
1455 2778
8486 9782
772 6632
9724 9737
43 529
3002 3822
9282 9826
2766 3075
5100 8529
3965 4956
8484 8839
540 857
2883 6904
3981 9122
5610 7647
1637 7778
1698 2157
1723 9192
3198 8798
692 7934
4109 8493
9625 9856
6454 7877
2156 4631
2775 6446
7082 7584
3266 4229
7931 9714
5594 6392
5023 9035
1308 5644
4304 7777
8205 9863
817 4636
5282 7532
5312 5726
92 4450
5480 6390
4207 6560
2324 6915
8115 9680
1574 9587
561 2856
4583 9473
3953 9045
5118 6448
36 9511
4968 6849
9838 9844
1814 6844
9789 9861
8669 9886
426 3895
605 9421
8605 9751
8148 8874
3657 8684
6775 8992
665 8465
954 1630
2395 6861
3777 6055
9601 9643
6351 7624
4364 8939
1164 2624
6489 8690
1709 3683
2925 9229
523 6806
8963 9896
7020 9111
1322 2870
4907 7830
5231 6252
5374 8273
4505 9982
2557 4422
3410 3937
3841 7594
3955 8807
1538 3351
3367 8508
1685 1890
8671 9634
9763 9949
5588 9181
2240 4982
6164 7386
1787 4052
6640 8085
432 1033
6314 8853
8921 8935
6393 6625
5655 9158
8410 8822
7108 8077
4134 5395
3154 7447
9712 9964
4022 5092
4906 7194
4710 8563
503 1120
5256 6941
6645 8124
9664 9802
2023 5160
9051 9503
5452 5977
1798 5572
5949 9191
5764 7351
5718 8626
3061 6267
4374 9697
5329 5698
4871 5141
6990 7119
1983 4394
4127 5798
5314 7738
7243 9739
6070 8300
7423 9028
1326 3291
6488 8603
4634 4972
5131 8146
9026 9215
5350 9651
4481 6591
3586 8653
4719 9254
5440 8701
1315 1788
1862 3910
4492 7290
5670 9650
6403 8988
7608 8836
24 1462
9706 9909
2962 5947
3271 9941
7884 8127
1026 4153
2271 8675
4437 4905
2965 9439
6163 9471
2183 3668
2252 3083
1966 3985
1757 9458
2438 7865
2603 7795
7547 8447
3210 8872
7960 9699
689 6427
5879 7759
4790 9725
5522 9460
2928 5869
6496 8748
4501 8332
8060 8945
3449 8025
3986 5608
3389 5269
4058 8431
6363 9948
4535 9755
9914 9940
5516 6750
1079 5592
49 2062
6599 9827
282 2970
9413 9547
3644 9800
370 7147
542 2686
380 1045
6602 8270
1114 3592
4803 5145
1061 9952
7445 9944
7514 8500
4923 5122
964 2511
2005 2370
1092 3400
174 362
1386 6678
2726 4154
4590 4840
5418 7824
8254 9897
4919 8555
5164 8275
6136 9794
1765 3535
4687 5721
6744 8947
8438 8470
4270 5416
7644 9688
6069 8483
2526 9206
6100 9559
9201 9379
2148 8131
6685 9455
6493 6690
9165 9172
5304 9867
4438 9483
4477 8057
1704 7090
922 4884
2186 3921
6852 7060
7695 9702
3218 8668
1799 3273
816 3014
8587 9166
7000 8041
9504 9720
18 90
8359 8425
3980 4893
1354 3905
5874 7784
8312 8779
2768 8106
9777 9889
7317 8565
7313 8498
7446 8323
5254 7307
3228 6937
8600 9441
3559 4475
5497 5628
6011 6820
519 7116
9244 9370
6361 9811
9042 9193
336 599
4841 5723
8850 9100
7953 8704
3037 9671
9219 9748
8703 9113
3721 7659
7222 7433
6569 8321
5286 9676
8244 8386
3113 3711
1027 7029
8539 9872
778 6607
6909 8685
8682 8919
6567 8767
5971 7817
7387 8742
5808 6401
4232 6230
2451 5114
4768 7704
6573 7241
7213 9461
4718 6505
7926 9927
1147 4321
4761 9781
308 4375
5414 9552
5596 5788
1332 2113
8287 8530
9343 9536
1969 4954
4377 9693
1451 9496
746 2872
3386 6017
5759 6654
4285 8572
5917 9780
6722 9129
1749 6563
1811 3958
6887 9929
9662 9750
5567 6144
1414 3601
285 9732
1123 6541
8679 9449
4692 6249
109 8957
7268 7269
9138 9195
1691 2743
5568 6300
6373 8869
6237 8142
712 9685
9300 9978
3493 6755
1646 6462
5501 6792
8330 9828
8709 8876
9514 9807
9427 9620
7541 9224
5241 6042
3698 4695
9537 9756
1506 7589
8055 9431
1298 5972
4123 4630
2192 9054
1142 2703
9214 9612
1421 1907
2279 8588
3048 5751
5228 8180
1534 7807
1768 2007
1950 7223
9967 9970
554 7963
3226 8944
9186 9488
4426 5430
171 5794
9757 9820
2922 7186
8437 8934
9091 9546
5467 8840
4418 9571
8325 9389
1884 5275
3372 3896
615 6947
360 4111
6871 8662
4960 5616
8259 9452
7376 9943
9554 9866
799 7566
3530 7779
9484 9652
5921 6343
8492 9240
5307 6383
1905 5341
4343 7833
2120 3594
3086 6459
6209 7389
2260 3669
249 5257
3819 4295
1271 7586
7304 7458
5837 5957
8996 9683
1449 7753
938 8547
5463 6644
3337 5562
603 2276
5711 8999
672 1511
5461 9653
451 534
3962 4606
6868 7823
7558 9658
6875 9679
4283 5673
7633 9793
4430 5474
3283 4873
2967 8396
2638 4533
3382 3527
6257 8187
5219 7014
228 1803
6439 7794
6653 6707
126 9989
8100 9083
1113 1272
6588 9779
7720 9534
5530 7167
8219 8559
2841 6078
6121 6723
3664 8074
6815 9064
691 6397
6002 8409
727 1669
5948 7805
5719 7162
7053 8117
2940 6899
7856 9231
3394 9766
2055 5619
967 4632
3249 7131
1118 9993
6440 9259
271 6568
7314 9615
305 3549
6681 7992
5926 6234
5720 6127
1845 7240
3855 9279
5046 5541
2138 6406
7972 9710
2350 3274
482 8072
6098 8761
8383 8942
5056 6285
8689 9221
2257 3891
5613 7754
5795 7942
6641 8253
1159 4877
4854 5845
412 5147
4595 8439
9691 9983
7915 9339
8311 9864
3454 5252
2803 4764
9202 9497
660 2846
5179 8108
858 8012
8993 9141
6516 8109
7372 9258
7159 8345
1892 5322
8531 9072
4897 7358
6091 9728
2906 5733
76 6198
5393 5581
3053 8697
4065 8532
7508 8042
3007 9764
7338 8440
2688 6362
3897 8606
1978 2773
1565 5981
3244 9139
996 2656
2049 2896
7230 7680
7149 8722
5938 8599
7109 7466
1609 7018
6233 7150
9333 9549
9134 9246
6181 6913
3497 9154
1882 1912
4611 6793
5399 5515
7712 8552
4118 8045
1204 2082
5491 9423
3397 9274
6396 9521
339 9753
7525 9689
8459 8966
9061 9911
169 9985
3902 5646
6757 6767
4472 6238
152 4579
125 4178
6189 8909
7977 9317
725 6485
613 4892
6528 6531
3287 9493
4387 6693
5424 6470
7761 7863
8848 9846
3136 7955
3390 9842
2521 4221
1671 9208
5429 7012
4234 9382
1658 8222
851 2746
3056 3231
2139 3174
5047 6634
4627 6872
6214 9520
8738 9961
5778 8272
3548 5615
1939 8733
96 4190
7523 8004
5962 9043
5809 9006
3508 7068
7267 9557
4 7294
73 9150
6500 7493
7588 9727
810 7640
9718 9910
756 4487
9305 9913
9082 9495
1908 8803
758 9023
5319 9336
2584 4490
1560 6218
8008 9349
945 3349
4875 5170
2783 4028
4792 8817
6193 7451
7499 7883
2448 4823
6296 9024
6222 7231
902 2011
2468 3111
2365 6369
1861 4158
7161 9508
6303 7645
289 7152
3762 4781
8917 9707
1849 2305
8151 9060
3820 8695
3587 4888
6344 7208
8967 9510
4809 5081
265 2863
3342 7717
3835 5197
5216 9430
9241 9313
7793 9464
2121 9819
9163 9371
459 6036
7097 9157
6506 7036
3551 8667
7405 8033
6068 7495
3123 8215
8414 9485
6738 9263
7308 7330
2026 7482
3341 8198
8020 8236
8795 9717
51 2946
5356 9216
751 8471
645 4135
5332 8732
7814 8206
2003 3163
7678 9074
2675 4308
5453 8233
9638 9790
7467 7533
2975 5908
3589 6566
7392 8168
7285 7418
7426 8047
9453 9822
4388 9190
3904 5278
3018 6411
6930 7301
4959 7621
2953 6434
2492 3613
7339 7763
9249 9589
4926 9657
2796 9541
1620 5176
6966 9786
4177 4596
2176 6174
7211 7504
3746 5729
1085 1270
460 6834
9917 9955
7075 9668
5796 5965
465 6420
2233 8708
4690 8771
2654 4673
4664 5148
1227 2054
2229 6139
3599 8519
9037 9247
6622 9905
421
3215 742
9945 6061
2040 103
1217 819
3310 1866
8405 2357
1487 1263
2649 276
978 30
4009 2094
1871 1384
5266 4071
5098 2288
1044 427
8826 7711
3543 2180
310 8
9466 9393
5814 3781
2510 694
8715 421
1072 821
8436 1325
8746 5563
2449 663
5020 2418
3088 2085
3374 3353
1408 735
5932 497
6781 1071
1608 1262
4621 105
4769 3936
8717 4526
490 440
8162 139
8189 905
7192 6304
7111 1264
6630 3340
3861 86
8790 1130
4975 3105
475 369
5471 3176
2964 2924
5825 3032
8128 5028
6307 2785
7080 6171
5623 1258
2744 175
7610 2378
3354 1007
5599 4007
2835 388
4268 3265
1662 161
6501 4691
3240 2920
2277 1605
6515 876
3638 3628
7081 3615
1290 517
7734 724
783 637
7811 2172
6046 1828
3168 2199
4255 565
3049 2253
7509 6293
3993 749
1851 1276
4043 2088
3183 430
4735 3406
8502 6445
6956 6804
1413 1342
416 34
9670 4985
5931 1899
6939 3751
9084 4327
3334 1937
4667 4529
8729 4266
535 20
37 7
5163 2871
4257 2646
1785 407
2104 1418
9252 6592
7034 4617
9855 3011
5893 942
9746 2037
6570 5308
9275 64
2046 191
8575 1996
7328 6207
8544 4903
3992 1923
4439 2978
7583 1277
8452 3563
6043 632
5410 4273
9160 8121
6481 640
6626 5347
4139 1915
547 462
5124 1233
1491 491
3388 2210
1500 1039
7346 5063
2052 158
9893 711
6958 537
8388 3828
6753 6370
4358 1836
4939 3116
60 13
8594 7993
1283 617
4986 3544
382 315
3099 324
5422 4324
5371 123
2097 1783
1238 1182
7448 4677
792 627
178 159
2832 194
4452 891
1791 509
2960 973
5536 3714
704 133
8974 2472
2185 2161
4760 733
9640 3079
5884 2127
4114 3863
3575 656
1493 768
1242 1155
3531 796
842 239
8113 243
8816 143
3046 794
1119 601
7207 7177
6733 1617
8574 3641
3243 2830
5186 1878
3771 1470
6175 2453
9351 322
1082 705
1942 668
907 859
3916 1210
6409 4607
313 104
3521 723
1389 344
2366 1243
3561 1017
5930 5593
5669 4112
7790 3546
2636 317
6372 1696
2045 1081
8000 2441
1259 166
9005 1070
7063 6855
2356 39
1466 526
4442 167
4316 2516
5297 3472
3864 969
3345 2908
1065 591
1047 343
6714 3670
1433 624
81 70
6593 4054
4220 4106
4124 3635
9627 3260
6499 1941
9916 4448
6734 484
6914 2527
3520 1009
8474 5573
9731 1990
1956 371
1275 887
1819 428
4047 1153
4392 2131
7561 284
8240 780
6126 5924
6605 4411
1296 1170
1157 436
4665 2776
1944 172
6148 2887
301 237
2749 1712
7023 1220
4574 2586
2929 706
9475 3823
6451 636
1209 550
4191 365
9101 3370
3767 583
9204 5210
6177 3526
9539 5916
1919 606
3178 943
8030 4329
3257 2529
6288 4616
8351 1904
4183 2433
6291 4210
2591 1313
3870 1091
5436 414
7564 5715
3470 113
3376 470
800 225
3791 3060
5760 3694
4603 3309
227 82
7048 5055
5639 5132
8612 3866
1135 728
4910 4249
6621 5412
9236 1537
2909 1096
2648 1428
3558 657
8095 5872
8282 8076
3932 3621
3913 2308
6553 4408
8263 511
976 413
3607 107
3581 3365
505 21
1021 418
4465 389
4029 238
8022 963
801 335
4044 852
5119 2578
4132 811
1971 968
6639 2919
7655 5316
2655 1133
9885 2289
1376 573
3473 1301
5714 2212
5370 4140
1213 375
8169 3650
860 549
4639 244
2805 934
9530 4011
9148 6339
6227 759
6894 1479
6985 2220
6664 1946
3677 304
5603 2004
4149 3537
5383 869
5783 2175
2640 55
1650 1461
4346 2159
4152 2111
9268 4248
5281 1762
6883 4318
5169 3269
7094 3221
3180 553
5652 5472
913 223
9555 6675
7077 2855
4330 4157
5602 5543
8625 4162
4527 1377
8279 6527
1748 1588
4845 1910
2063 1385
4601 3623
6473 2558
3453 2992
9880 4600
5745 3186
8237 2606
4181 2196
5476 3328
8509 4380
3634 1644
5054 354
5731 732
1821 690
5161 4879
6694 3582
2211 1737
2913 2763
5832 379
9033 3443
3219 2547
8564 6120
6347 5227
5280 2235
6281 3602
993 898
2147 1716
7543 2084
1475 541
927 564
5225 154
8342 1185
8485 5198
1236 879
9250 6060
9968 8007
4237 3506
669 359
1829 1581
5232 3540
256 180
2782 840
2864 628
3604 1286
7557 7323
8372 3846
4002 2747
116 83
8581 3708
7617 67
5768 4808
9631 8402
5171 4613
713 461
8830 5883
9560 4633
4931 3463
5339 62
3691 826
6565 3487
8375 890
124 71
9299 2122
718 114
7707 4608
9852 5222
9564 8716
3651 1
181 140
9805 5885
1962 1887
528 494
4625 576
7461 7238
9356 3016
3611 485
502 327
2467 1344
7044 2431
7910 7653
1280 189
3565 2845
8900 4572
9369 4169
3041 2756
