439
5137 8598
9078 9477
4438 8142
806 5842
392 6153
4982 6549
9965 9977
7697 9510
313 4973
6659 8675
5495 5634
2068 8822
1532 9025
578 6106
3995 8981
5680 9645
8345 8414
4262 6281
1287 6277
5676 9660
2507 4726
8674 8811
2625 6198
6365 8639
5200 8449
6624 8299
7088 9428
957 1649
1619 3860
6751 8987
1120 6349
8729 9406
1477 5683
6891 7627
8730 9194
3092 6559
9546 9668
811 8112
3802 7974
1958 5194
5444 7160
506 5073
4635 9999
75 6483
830 4055
7683 8134
2717 7788
2314 9838
9987 9991
4669 5338
15 1848
7392 7671
9372 9880
7658 7848
4480 5866
7391 7960
7804 8421
3045 3729
8343 8517
4327 6987
4372 8693
4241 8119
2218 9705
8844 9075
3861 7322
7608 7817
3611 5934
9401 9775
4950 6427
1490 6447
5738 9027
518 5651
1953 4171
9318 9931
7731 9217
8216 9863
8348 9958
3123 6362
2873 9206
4341 8948
9424 9871
4592 8967
8354 9360
4082 4181
2881 4961
5547 5837
9270 9910
1213 7393
750 8048
466 1324
1449 9113
7723 7737
9297 9427
580 4633
3622 7932
1535 4256
3406 6663
9834 9860
8379 9577
586 6802
6183 8335
3597 6157
6428 7439
9145 9980
5429 8880
3927 5041
4291 4340
6054 8761
6691 7400
1321 7706
3870 7423
9414 9520
8778 9122
6956 8274
7835 8087
1099 6357
852 4379
5849 7462
3853 4636
8874 9749
7792 8425
3192 9366
9356 9961
3974 5596
4810 5648
1455 4860
7043 8433
7141 9007
8891 9649
5110 6416
3411 7227
5845 6852
6776 9752
3719 9582
8486 8752
2861 8594
3980 6515
9112 9345
3998 9833
5855 9979
6481 8841
4432 8758
4649 7797
7067 7324
2382 8888
3013 5254
1826 8575
7799 8287
4312 4927
9890 9928
268 9063
129 6739
3338 6220
5321 6788
6646 7334
4356 9739
7243 8383
8103 8971
5582 6318
4439 8720
9166 9962
1957 2973
3894 9643
6509 7955
9704 9919
3423 5471
5655 9611
8593 9043
3490 5048
6061 9358
4478 8904
3868 9200
4253 4303
9560 9796
2287 9555
4049 9261
1874 8062
1595 9204
573 2242
2026 5793
1654 2353
2952 4524
9700 9771
1475 8239
8903 8995
3874 9317
9642 9853
9083 9379
2926 4258
8898 9644
5396 8530
3308 4097
4822 9754
8108 9789
2456 4985
8003 9250
5777 7866
4876 8842
3676 9070
2915 4265
4090 8869
5721 9827
3022 6685
6396 8889
5561 5709
1009 2781
5295 7202
2454 7949
8930 9368
8358 8884
1045 1942
1143 6754
3397 4892
1713 5463
6185 6432
2708 8466
2317 2871
7166 8188
4585 7286
3078 9386
7097 9963
7448 7712
4991 6156
2632 6304
7418 8374
5401 7768
4857 7757
2405 3025
601 8418
4873 5840
9821 9932
5240 8692
9377 9485
1041 4587
719 9252
814 2441
3191 3876
3352 9953
8182 9047
8863 9052
6111 8438
3475 5835
8910 9554
8181 8272
2892 9137
8179 8319
2945 4941
8771 9442
4641 7459
6394 7630
427 702
3050 6127
3356 7747
1768 8456
3349 6543
1098 7626
3967 4071
2244 5443
9148 9467
4215 9944
1276 7431
4285 5081
4639 6077
9639 9640
9552 9717
5805 7590
7212 8652
3080 9614
6886 7951
1333 7409
9810 9968
3521 4520
6215 9214
6501 7443
2295 8624
6787 7481
5571 7623
7668 8861
1202 4610
1270 9701
2433 9436
8637 9503
1601 6905
2481 2533
8000 9575
4802 6568
3994 6221
7814 9329
274 4088
776 7364
8280 9921
2199 8698
1052 6450
1215 1386
7240 9846
4410 9233
908 2080
8681 9114
7345 8135
1033 6200
3979 8259
3725 4919
8017 8122
937 2997
29 4906
2425 6827
2646 5371
3972 4949
8722 9934
9939 9975
1670 4494
3286 5095
4492 7523
5638 9158
6211 7011
1697 3253
935 8500
1447 2040
4209 4247
6073 9087
3550 9042
4298 5375
3196 6577
9713 9718
6132 6408
7155 7971
525 6871
8635 9182
4351 4537
6877 7760
3389 3591
4563 8764
4546 8382
6082 6610
8146 9067
8412 9322
3205 4608
9316 9469
4711 6561
4259 4768
7189 8442
5329 7995
1954 6035
4365 4759
9378 9741
8019 9742
7907 9512
1084 9559
5818 6379
6034 6341
7953 9802
6257 8043
5283 8321
3639 9407
7918 8153
1538 2849
7875 9793
5877 7170
288 7105
5181 7784
7111 8436
6334 8934
2085 8495
2145 7451
8353 9138
5407 9068
9320 9346
3327 4671
7350 8999
477 3765
7877 8192
6840 6897
1286 7012
2742 5808
4670 8171
8602 9978
717 4805
1751 9896
6013 7093
4260 9118
127 4398
9722 9762
183 2626
2722 3263
2690 7328
9651 9663
6798 6926
5572 6534
8561 9038
8975 9764
489 6620
5581 7513
5951 6478
7816 9241
5351 9234
8882 9572
9244 9342
674 7935
1743 9273
1408 2413
3543 4329
9302 9864
9858 9923
6678 8070
6264 6750
6087 7280
1162 6822
7521 8775
9729 9746
3107 6121
6301 6851
9277 9333
1611 9569
6190 9756
6295 9646
3837 5174
8998 9624
2147 4851
3369 6065
5587 8334
3317 8895
997 5505
8757 9061
5665 6116
1912 6046
7250 7309
5370 6621
3961 5507
2311 9638
4397 8790
3682 9872
2842 8484
2834 5258
4907 9747
7868 8257
6765 7422
5674 7605
8931 9935
626 7583
656
984 59
2531 1379
7970 7886
4895 2956
5641 317
7903 1729
7445 6306
1643 1077
8068 5007
2944 1484
9410 9227
9059 7475
7246 2546
8520 3554
9476 9031
8610 380
6609 520
4684 2210
6260 5662
2277 1195
5010 1017
149 70
7452 715
6717 487
5748 63
8522 4842
8069 3305
1082 460
4938 1188
541 32
8223 6062
9238 5287
2805 269
7874 3707
1738 470
646 146
9735 8265
6500 459
1570 100
8397 2204
9437 7755
2518 86
7681 2537
7421 83
4676 4657
5239 3727
6983 1811
3216 779
7343 4568
6958 2393
4496 1166
3875 488
7232 6591
1000 141
3866 738
8303 6045
5548 3746
8582 7941
5474 2658
2795 1337
3367 1050
2846 1110
6630 4529
6785 3226
8315 2839
4884 4866
9492 7084
5810 3502
1528 354
7368 253
7135 2726
1788 233
3426 714
5860 1936
6526 1226
124 12
5739 1327
9664 897
3137 2466
181 53
1755 884
5201 1838
7781 7619
482 69
6236 5475
172 166
7293 3865
390 297
6088 1055
4501 3533
6036 3320
4686 2713
5393 2391
417 224
6723 1760
8445 4859
1562 995
9444 7493
7622 3493
6672 4325
5386 841
4333 691
2525 1363
1291 751
4404 1092
7819 315
6218 6003
3624 1205
9249 7535
3920 3739
4354 4118
8269 741
1682 1142
5686 770
1364 430
1422 928
3441 2448
6980 5919
3660 479
3295 1454
6420 3616
7759 1925
1043 606
3402 5
6554 4224
7152 6163
7919 255
6725 1244
8548 3922
1493 1139
4266 2655
504 445
8915 2820
8439 6662
364 176
5290 1945
8993 2021
5008 1060
5503 161
6522 986
3391 2105
2826 332
175 97
5116 666
9404 4791
8982 77
817 678
1868 523
3209 3038
7219 3333
4174 4069
5566 3293
8782 2444
8654 8183
860 163
7330 4342
2139 1353
8228 6382
8554 6403
6238 804
5182 4430
8001 781
6589 5989
6361 2034
5502 318
6850 5317
1216 496
3280 1976
6137 5179
2567 157
1578 1519
1476 347
591 338
6118 139
1762 550
7483 399
8076 645
8377 3650
627 302
2300 58
5824 576
4995 1289
9618 2677
8057 2898
725 212
5859 4828
484 16
3957 834
7734 5244
304 247
6331 3428
3693 767
8210 6962
1034 536
3686 1311
5971 4620
4121 267
6491 3003
6760 1522
1026 111
1427 899
4858 4774
981 631
1836 214
584 196
3984 3723
67 3
839 204
2219 226
3277 2941
2624 275
6990 475
5245 4219
9254 3133
4622 3392
2978 1784
5854 3812
5632 2857
169 167
1461 1377
1891 355
8465 4450
1414 879
6636 5585
636 553
8453 6708
7930 4815
1521 718
3581 2970
7720 3316
1402 381
6346 4314
2554 955
5195 270
168 52
9201 565
6965 3587
2283 95
6081 1849
3341 76
4311 272
9395 9050
9867 7661
3593 1322
2449 2046
5264 4102
311 17
1564 360
4899 1136
7003 4424
5597 5177
3283 2712
9992 6467
7466 4073
6611 331
5647 2334
6546 5888
5514 13
721 572
7321 4461
5924 1328
9291 4189
7501 3152
7404 5091
8213 1275
3579 2547
5281 4975
5562 3071
3630 753
1509 1197
5872 2617
9641 9168
7869 1125
152 30
1923 1035
1249 213
7967 761
7801 2342
977 910
7310 4637
4829 4693
2018 1207
3051 1172
6579 4469
9335 1304
231 126
3063 1980
2688 1073
8110 1350
6640 3919
9501 6660
873 682
9392 2884
8911 3394
299 292
6942 6736
2335 1737
1593 1272
1485 949
8565 7510
8312 3210
9954 1786
4467 2415
3081 2471
2584 512
1336 948
2179 902
7382 3431
8010 621
7318 3007
1093 543
5027 1042
9465 6275
8235 7809
1481 802
3991 2574
3010 649
314 22
5392 271
7110 2642
1160 502
6699 1922
359 238
1686 1030
5506 1217
9625 6037
2346 727
7440 629
6388 5268
6738 3929
5296 1078
8489 521
2175 1400
1967 535
8340 6040
8047 540
4227 1754
1075 1006
7503 5828
1511 348
1320 700
5525 3811
6970 1969
2075 1791
3436 1705
2467 1745
9847 3086
726 612
2235 826
9964 7860
2307 622
2635 1068
9948 4705
3303 2992
2202 593
2807 871
2152 109
1001 492
1683 150
1746 343
4606 160
9785 1134
7740 3388
2692 1706
5334 5042
8282 2588
7721 3001
1453 582
9175 8136
7653 1880
4591 3375
117 94
5079 3468
9997 6819
1273 812
510 424
9301 9150
3917 1615
914 803
4664 2033
5216 2109
5692 4545
375 104
5445 1612
4632 3981
9073 3845
2069 363
1576 1537
2403 503
7726 3978
7732 3504
7178 6262
2332 790
796 710
6195 1671
5598 1115
5330 2246
3537 1800
7384 72
1251 755
1939 1778
1732 413
8386 6807
5603 2661
3243 2583
6115 3228
5789 5550
1200 936
6435 5482
9387 6039
8956 8243
9213 155
778 729
1655 792
7944 1344
8470 7298
8246 3278
1968 1393
4145 2489
5430 2476
4208 768
4454 3709
3161 2739
9486 326
6412 1439
251 64
1036 418
4188 2451
9077 4570
4864 2186
7538 836
4395 1982
9183 5466
5000 4604
8013 4257
5521 1465
3677 1666
9500 8237
5308 3120
4306 4185
5043 3830
4001 3165
5134 1600
4244 257
7520 107
4048 2003
6893 3101
7981 5476
2614 1730
2203 1023
9161 8539
5398 3950
4464 2480
9451 7484
3631 746
5164 4004
1056 657
7244 1428
7492 7308
2698 1907
2000 358
7435 4730
2095 133
2784 783
7320 3285
8481 3568
8513 590
9167 4320
7899 4425
7614 7044
3601 2785
4838 371
6505 4139
3424 429
2225 2131
3491 2912
3109 2369
7129 6801
4772 1308
2719 2177
7236 197
4421 2457
9940 3084
9115 1740
5017 1340
6842 1185
9662 3028
8083 1545
4064 906
387 383
2067 1938
5952 81
6979 3190
2544 654
8794 4909
9035 7716
5734 5067
9349 7680
8549 6027
3066 2236
1774 184
2948 2260
7018 4597
9478 5760
5169 2950
9434 6670
4806 2190
9620 4275
473 27
4923 1580
7056 6084
6743 2730
132 108
7437 164
5516 276
3735 1370
3791 1238
3432 1295
8351 3416
5163 4885
2697 605
2877 101
9587 2395
7813 3257
26 19
9080 1721
3924 419
6175 3515
4552 1561
9303 1614
2639 2253
9946 1228
9788 8291
2903 1905
3398 209
9030 4967
6944 495
8979 1451
9268 1008
1681 859
1782 960
728 463
9602 1689
5452 1416
3892 3882
6687 2830
2399 1793
7338 1896
9690 1871
6411 1
8356 2421
3646 1432
7165 6187
6676 2684
6619 3340
8760 2174
1996 773
7494 6797
641 289
8885 6981
9650 2993
1264 966
827 786
6214 3804
5953 2155
7802 4029
7882 5408
7741 4897
2528 658
1607 437
6648 5109
3297 3130
7360 3615
2765 1294
7325 2379
1759 199
917 554
7089 4484
2802 1592
7922 6968
7187 4790
7117 901
7604 1989
2878 2348
9711 2221
4497 978
2129 2022
9271 4667
4091 1296
156 121
5578 362
5573 159
8940 4270
357 353
1961 6
3213 48
5468 3272
5784 7
7476 1347
203 80
8718 2656
9208 8364
2419 1133
7253 2817
3641 1107
2974 961
4458 423
3605 749
1235 319
4307 1876
8523 5710
3541 2496
3170 2134
2390 2360
3159 1690
9008 5812
5489 4708
5483 4299
6705 6070
6922 5694
6654 722
3099 2056
5442 3885
9950 1935
237 37
7618 1342
737 179
4533 1450
6742 2994
344 207
630 372
6258 4065
7082 3033
9626 8155
2029 266
8150 7009
5976 5433
6044 5313
2715 1884
7281 6778
6737 4628
3767 485
8203 1605
795 186
6936 5646
6748 4075
5018 2344
9142 915
6626 4560
2650 673
2852 616
2052 373
4629 439
435 234
8405 4011
7678 7115
