607
1084 7964
34 4007
4571 9858
6464 7200
7311 9793
1391 8404
2793 9824
578 3925
5576 7079
425 7892
8345 9820
8415 9598
1023 9883
7505 9644
1336 6901
3646 8328
7883 8561
6101 6892
139 9935
2624 6231
9775 9882
904 1554
6189 8834
8932 9786
3808 9774
8087 8308
7479 9717
1981 6797
5731 9354
7960 9102
3774 8875
3944 5031
9196 9433
6894 9641
2951 9097
374 8314
4657 6343
4890 6021
2457 7012
1195 6058
1519 9828
1295 9442
6161 9531
1584 3298
1572 9031
2664 9578
5484 5507
4247 8005
7509 9065
8658 9377
5877 8969
255 1284
3121 5191
2355 8622
6670 8195
282 5327
3927 5144
1459 3230
7786 8909
467 2393
3706 9023
1702 5348
8451 9003
7901 9286
6689 7814
4102 9922
8573 9921
4463 7778
55 1346
9330 9608
5284 8687
8060 9118
6746 9886
3729 6192
8531 9130
5973 8296
4469 5245
9975 9982
4180 8286
4259 5726
5948 8490
3702 9324
4762 4925
8676 9595
7240 8405
3863 5599
14 8679
6106 7917
7734 8387
6247 8091
915 8179
6279 9545
6111 8443
9667 9796
6485 9700
5920 6561
5747 9259
8042 9630
3030 7939
9957 9970
7158 8432
7330 9461
2858 7372
3342 9971
8605 9352
7306 8981
6563 7122
2747 9373
9573 9648
475 8926
21 5083
2540 7402
9113 9135
9988 9995
2982 6954
2339 3644
2246 6416
5055 9692
3055 4912
7968 8530
4241 5856
435 1463
1334 9362
7376 8868
1485 7354
4305 6432
907 6144
1093 9812
4318 6509
445 5759
6969 6971
5686 9484
1566 2700
5129 8017
5691 9078
3266 4649
3783 7952
5903 6471
9348 9458
9567 9911
4879 5073
6722 9307
919 1421
6521 8540
6175 9475
9761 9789
7388 8279
6000 9989
305 8535
8749 8846
1014 7612
3170 8261
7241 7410
1663 5626
9725 9987
7441 8572
3308 5132
364 7192
4307 6520
623 3331
9536 9688
4829 7754
3816 7318
5669 7653
6461 8049
1051 6063
3408 9371
6290 9000
3599 6867
4273 6790
128 5363
7655 7827
8533 8551
519 4392
8438 9280
341 8278
901 8468
9004 9473
947 1378
9958 9960
1003 2825
2255 6155
9862 9964
8597 9568
3645 9664
4537 7874
7781 8373
4017 4486
8507 9614
2597 7451
1219 6039
1397 7032
7206 8714
8593 9131
6977 7135
9482 9634
3741 6731
9193 9336
5616 7905
594 3357
5834 6239
8539 9722
6641 6920
553 1163
6531 6927
446 3068
4815 5931
4513 5378
581 4184
6409 9199
7630 8038
8717 9390
1693 7044
509 6859
6551 7011
2989 5976
579 1217
5290 9144
5842 6156
6433 9080
2036 9904
2367 7969
4825 6902
5463 8930
7895 8570
7391 8794
3084 8178
3040 8781
6511 9716
7390 9408
2772 9194
836 4176
3023 7700
4038 4803
2187 6217
1734 7100
9277 9636
4299 6483
8662 9673
7958 8423
8585 9213
2284 3674
3175 9215
9211 9874
3149 6614
995 9313
1967 2801
4944 8349
2557 3852
7392 9488
2063 3265
3913 5600
8338 9207
8030 8796
5259 9251
4735 8467
1042 2883
8927 9154
5223 8854
4434 9295
3019 7856
961 9741
8586 9830
6183 8708
6088 8002
4436 9516
924 9027
6221 8763
7437 8973
7243 9486
8306 9227
5900 7355
7487 9491
6282 6445
8762 9679
1205 8251
5045 6629
5651 5746
7493 7571
3735 4835
327 8996
6341 9833
7785 9077
9723 9996
9756 9854
3952 8103
8778 8839
6051 6989
4927 6589
2334 4677
1556 3771
9899 9925
5863 8890
3997 9885
6567 7216
4680 6143
3015 4582
1800 6438
4816 7294
4632 5335
5165 9351
970 6251
9383 9404
5753 6880
4592 9174
1906 2561
5495 8680
5056 9798
5847 7326
7558 8812
6745 9978
1727 9166
2781 7705
6114 8594
8047 8824
8664 9317
3183 8346
8529 9272
6757 8889
3339 6080
2520 3152
4565 5193
4552 6611
4590 9084
1920 3685
3360 8427
9856 9999
7824 8084
2716 3448
9022 9396
4701 9753
1871 2214
3614 6659
7221 9811
6761 9588
103 3784
9146 9838
1193 6284
9095 9846
1902 6526
795 6957
5095 6997
9071 9755
1315 4813
2348 6091
3911 9528
6635 7273
1203 9009
5517 9760
1909 2165
8678 9610
6705 8168
1142 7514
1631 8004
4681 5269
6580 7528
53 3210
2548 6012
2447 5634
5788 6690
261 7799
380 5995
8221 8377
658 7343
1118 1352
5183 8330
8143 8402
6324 8065
3282 8624
4121 7749
6187 9748
6110 9797
6723 9042
9181 9456
3657 7711
3720 7934
2630 6655
7232 8061
427 7259
6928 7765
530 9880
8283 8719
7844 8366
121 1296
6045 7657
5996 6322
7087 8129
8237 8833
4000 8344
7262 7575
434 8419
2831 8630
1532 9121
2109 7467
5633 7499
7975 8797
1927 6868
1527 7907
5443 8525
212 9005
6031 9809
7757 7839
2190 4545
4154 7217
2304 5121
1062 4833
9618 9685
154 3703
819 8521
2305 2607
5038 7837
7959 9385
8343 9936
83 5499
3455 5088
2589 8149
4395 9311
8276 9808
5825 7989
9340 9510
3999 8361
3532 7585
2506 8917
2551 4459
108 9920
7183 8962
4390 6383
4570 9170
8938 9730
9241 9589
7209 8918
9993 9994
3047 7937
9762 9831
7733 9866
8273 9045
6791 7331
3869 5610
4215 7833
3022 6331
3857 7722
5250 6881
7996 8125
1711 8841
4283 6652
2104 4516
5430 6173
9583 9697
7503 9112
6864 7547
1385 5782
3569 5578
2954 6347
9217 9481
9409 9710
1912 7777
6070 8160
68 2287
357 855
7906 9616
143 691
8238 8671
9072 9356
2848 5933
5515 8635
2524 7150
6064 9990
3975 6769
8550 9462
7090 9956
3270 4802
6653 9742
1304 7656
8242 8614
7359 7640
3287 3677
8951 9183
1494 4827
4240 8134
4869 7442
2424 2988
8375 8992
2142 9552
4764 5800
7727 8386
2232 7729
8766 8910
2127 2854
5769 8963
1552 9651
8477 9288
1069 5885
6798 8577
6059 7164
4723 5075
6699 8977
1551 6555
793 9013
7921 9840
8606 9986
7665 9015
6875 7218
8312 9226
6735 6848
3388 9836
6482 6578
3071 3289
9016 9060
9318 9704
4863 9380
2 9887
3452 9477
7577 9624
3841 4157
6228 6948
1590 6835
7611 9540
3421 9495
343 8786
8006 8887
7058 8558
2425 3472
6513 9101
8673 9806
1838 4789
9275 9283
3637 6099
1841 3237
7908 8127
2399 2674
6760 6776
5003 7976
3280 7471
6720 8819
9807 9991
5926 8818
98 1976
1471 4120
2677 3846
2503 4733
4005 7802
3813 8773
6560 8266
2836 6167
5318 8460
6191 6404
8916 9278
7138 9671
3293 6740
495 1589
1798 6116
147 794
3470 8327
74 4248
4237 5497
7897 9603
6898 7701
9025 9816
7256 8857
6041 7555
4734 8656
2228 5357
7782 8853
57 2474
2227 2912
9690 9707
4365 7588
2544 8552
4228 6334
5970 6446
9252 9546
3372 6022
3317 6501
6814 8859
5429 9304
3640 8891
5829 7125
6785 9997
6250 7449
2325 7055
9067 9186
5178 5776
705 2437
8509 8984
5795 8403
9043 9268
6142 7962
715 3664
5754 9413
6987 9050
5683 8408
2515 8268
7710 8085
6417 8810
2600 7223
166 3905
3279 5947
8520 8988
3675 4052
8720 9875
7737 8203
8126 8566
1276 9620
5344 6245
9347 9612
789 2154
1597 5735
656
6678 6077
8924 1170
1322 1099
9946 9891
2106 17
5221 717
1153 181
5096 3311
3864 2472
3268 1272
1399 376
1990 118
1117 277
9483 5180
3705 820
4790 1533
1401 1330
9702 3399
7812 5341
782 9
6436 2477
5971 3781
9943 5918
294 112
4363 4194
7345 1667
1828 1181
6610 478
2322 30
6248 3854
8466 4416
8740 2449
8502 179
9222 2488
8245 2997
9818 4389
2632 950
5016 3698
6443 3336
5767 1141
9319 3613
5434 4586
6808 1834
2181 330
6703 6332
2667 1242
7215 4853
6700 56
6076 5126
5544 3924
97 29
6025 612
7111 432
9407 5729
3708 1964
3858 358
631 473
3602 3489
9698 4732
7583 1377
300 114
9069 3551
3221 826
3773 2199
3069 1152
3178 571
9292 4743
3632 1559
6286 1412
6899 3619
7620 4672
8174 4147
6103 2250
1413 93
9086 4126
6469 4546
4361 3752
4308 893
1124 160
1031 33
6895 3017
5761 5142
6533 1632
3227 1506
7321 3157
1887 668
7553 5277
3355 1505
6026 1354
2037 1666
8259 3964
7447 6202
4124 736
8503 7152
3502 692
104 94
985 741
2427 423
157 84
6846 1547
1625 1366
4609 310
1252 845
4397 1985
9426 6360
8805 5894
4175 242
3053 1168
27 15
3671 888
2805 2241
5278 2959
5510 2658
2213 1923
4165 369
9894 7623
2851 2209
3611 1100
5072 249
8269 2617
984 109
5674 3757
621 195
3976 1149
5086 2798
5214 5113
647 371
7426 3269
9727 3545
5299 1685
4349 1835
3119 111
2173 1176
7688 593
1570 506
6256 3239
8965 1310
4479 4286
7459 7124
5841 2723
4068 1263
1006 874
5123 1451
8150 2862
8300 4776
3085 712
9738 8255
66 22
3165 2899
1007 307
3552 1866
1545 1300
7713 6047
4472 3208
9735 5468
5208 284
8568 5112
6869 4078
9145 7998
4597 3658
3146 2141
3441 3184
5632 2864
8410 462
8898 2175
1939 120
3871 2042
3859 1386
1557 1008
1968 191
4847 3215
9686 4621
3401 2625
7579 395
6255 3572
664 152
5195 1627
8090 3158
4785 2479
7382 5428
3203 2672
8374 1224
8542 1087
8475 4697
3123 1892
7393 2144
457 337
975 630
8398 2636
1826 23
2542 1503
7858 592
8884 131
431 204
9032 635
4159 948
6177 4086
8994 6139
1420 189
5102 4943
8293 4679
7046 5487
7572 1121
4201 2360
3930 1000
1615 809
5227 315
8348 7838
7654 7647
527 289
3767 1341
7029 4118
7285 5225
8893 486
6195 1267
5673 1586
5418 2149
6658 6361
554 87
761 463
272 80
4844 1431
6437 2075
8934 4277
3050 869
4668 1288
9539 8304
1520 1129
2207 1594
3067 2795
5089 682
1244 10
2705 12
6665 709
5738 3799
35 6
2375 802
1952 1928
3288 1523
3341 2089
4782 851
545 456
7742 4506
31 4
5609 3597
7104 7030
5203 3518
2869 77
3962 1262
6975 6136
6489 2675
41 28
6219 3724
4861 2683
4618 1995
9159 4432
5447 2218
226 205
9733 9088
6289 4398
8886 2044
4421 186
4089 2692
345 119
8214 6564
7126 5848
4088 654
1616 175
3856 2945
2441 1018
4574 3980
1830 560
9028 8479
1991 587
483 251
8023 3504
2206 1539
4969 4235
6478 1723
4351 683
2902 1997
4754 2082
1651 465
3205 781
829 813
1948 742
4488 3238
1926 1394
9287 2295
1325 1281
2258 611
8534 2566
8284 2203
4708 4208
9378 2290
13 3
2903 2880
9238 6296
440 76
1922 997
2136 1791
2887 2336
1970 1655
4620 1619
6633 1587
3132 1945
1784 688
2387 569
4234 477
8121 1954
3751 1200
816 329
2307 1643
4360 4060
8989 994
4205 233
5 1
5676 5628
3595 1402
2740 531
2257 521
2292 778
3359 1365
3916 2252
3491 3473
9206 1987
5364 1478
8515 6568
8209 1795
161 60
3834 256
3512 408
4665 4544
4560 2538
4026 1145
69 48
2815 899
1573 812
3837 402
542 49
2278 2269
3475 2415
5774 2091
2501 91
8626 7891
2857 1936
2201 1994
2970 2680
6011 981
3337 2852
1894 1588
7843 4321
982 757
7099 1278
7985 4641
7060 5583
7349 3004
3353 2426
1802 194
6713 5967
3748 3573
9051 6285
9024 2431
5481 4171
4337 132
5401 3638
7573 760
1613 929
6301 2659
2886 2370
3604 575
729 241
627 235
3436 2324
3848 317
740 632
3063 960
6824 4900
8470 3643
2734 1593
6119 745
1778 1020
590 291
2327 1025
3777 837
2443 1375
8421 1024
9853 4991
906 615
8360 2718
7625 1973
8297 2581
8173 1888
6212 2052
8514 6466
4489 1108
8145 2897
6672 4316
769 690
5509 2870
1222 215
4826 4593
8954 6778
2366 526
7849 2787
4288 2764
3844 2444
8501 8057
4193 407
3758 768
9832 9771
4373 2395
5407 980
9441 1697
7325 5798
3447 1759
1796 424
6602 5713
8789 6392
5482 1033
2784 650
6112 2022
3480 1363
8867 4512
1107 164
4521 4381
784 348
1066 257
7270 3193
3634 484
9632 2741
7365 2248
4158 2533
5688 5533
3043 2560
7604 2593
298 105
322 115
39 36
5432 5162
7466 1882
5155 1575
5986 4822
377 219
9662 2116
8384 1216
580 386
4588 883
101 25
5099 2655
8772 1933
8020 2505
4261 3363
744 309
5097 2929
7841 1737
7469 6201
3670 972
8437 7203
9549 296
2621 818
7320 6327
6984 1694
6885 3309
7766 4400
3066 1657
4738 61
1794 482
5040 52
2293 859
4230 4099
5712 1480
6838 2966
2525 911
9792 2039
7043 230
9376 9335
9208 4263
1470 1208
6855 5815
8472 6165
8799 2085
7718 6411
4211 1440
5613 648
9191 5751
7594 5251
4603 4352
2071 1709
1017 171
1818 326
4947 2453
7120 544
1307 1011
9689 2374
3537 3422
3169 1254
7927 6318
8407 3993
6822 5709
5855 873
448 268
9291 4128
8008 5643
8745 476
4055 1019
5312 3768
5794 1132
1885 1426
9873 6140
7181 7031
6636 1039
6793 6351
9476 1279
1393 202
3457 1109
9248 7759
6692 2464
3423 2030
8559 7061
3197 1797
2531 96
95 20
4473 3728
4549 755
6930 5532
4909 4298
6591 3831
3358 2103
2118 116
8130 4110
2113 1907
3559 2006
7248 2347
1090 311
1724 126
4320 3089
2554 1103
7238 1715
6400 5914
8829 3668
1392 75
6246 4138
4359 996
2702 281
3762 1806
7949 3515
4149 870
7803 314
7381 5218
5436 3612
3494 2508
1229 304
1883 622
9708 7987
487 316
9580 6299
1356 134
7211 1085
7556 4979
234 123
4985 2905
8921 5196
5690 4150
9961 6350
3695 3083
821 229
4409 3292
5389 4604
3600 1474
3126 411
9438 2710
9417 6664
5757 5486
4141 1151
940 561
7890 3981
3138 2509
9754 3191
3024 2053
8895 7113
916 324
8169 5882
918 603
1277 356
3514 320
474 372
2871 1501
5982 2925
5294 5257
529 415
9647 7590
3992 1082
6550 468
4374 4314
805 362
7000 4596
5426 3140
4332 46
1898 1569
8844 7811
4540 1717
7103 713
3496 624
5014 2296
6784 43
700 673
1194 342
5060 1064
2780 1002
7687 2728
3078 2247
758 675
3743 1669
6546 1442
8991 4243
877 127
260 217
8114 7851
1004 601
7936 7801
3129 7
5395 4387
1961 801
4040 259
1750 1492
1675 178
9223 7295
4760 4444
6507 4388
461 303
32 8
678 533
7159 6233
7810 5211
3405 325
4584 1763
2502 858
8067 6996
6710 6481
2814 651
9870 3143
6084 5307
4280 4172
7807 5300
184 133
8567 7023
4302 3220
8684 5606
584 99
8669 7832
8752 5205
6677 3990
5449 827
5977 5292
925 312
