502
8604 9507
8181 9714
3339 5283
961 6532
9956 9998
6218 8643
9022 9238
7100 9724
7750 9903
2960 9958
9815 9945
6013 7287
3971 9870
6113 8592
4053 5116
6531 8909
2617 7292
8672 9525
9864 9991
4799 8846
2848 5649
5905 7966
8777 8957
5796 8088
9880 9930
3950 8468
2456 7848
9749 9862
5210 5668
3011 3256
3692 9468
4713 8657
6260 7183
8776 9408
5554 8543
6505 7290
6785 8425
7091 7479
7524 8018
2693 5555
4779 9616
8226 8933
4885 5014
9650 9996
6375 7007
802 6590
8782 9924
7826 8382
3961 4960
7615 8891
4804 7739
7445 8244
1568 6585
6210 7624
1447 5832
4353 9776
6679 8448
824 9565
8143 8494
5626 8024
5301 7561
4541 5759
774 806
1117 5703
8017 9934
7114 9568
5176 8753
3344 9618
8315 9539
63 3760
6662 6723
7475 8443
5269 7241
6833 8752
470 1823
5339 5916
8838 8976
9487 9723
4607 5406
3890 5514
3960 5305
6936 7688
3404 6745
2561 4708
521 9784
6278 7235
7301 9241
2453 8682
1381 2810
3316 5817
4657 6847
6516 9653
2978 9675
1564 7877
7178 9248
5632 9912
26 3312
496 1000
5793 8585
3585 5740
8840 9045
9811 9940
3875 6287
9563 9576
8473 8654
6454 6876
2740 2934
1792 2926
5643 7868
3290 6435
900 8507
3394 9646
6489 7681
4720 6626
6629 7074
3216 7409
877 9838
5531 5795
6275 7296
5884 8000
5288 8031
8131 9608
3307 6274
6540 9460
685 8359
3291 3724
2901 9740
2335 5139
776 4088
4466 5075
6283 7125
7609 9056
3449 8754
958 1838
2164 2613
513 2638
2605 4326
7491 8803
6711 9943
2645 6372
1929 4006
5624 6356
6672 7223
2043 3563
2629 6015
3397 9281
9318 9799
589 7193
6763 8599
711 5572
605 8858
6111 6497
5970 9587
4835 9306
5789 7639
6241 9406
5025 5043
8616 9253
8176 9783
151 1801
3348 5480
4808 5200
9403 9922
6444 6647
5070 8564
7117 7148
4586 7981
9957 9973
1242 4503
1596 5085
8289 9875
2490 6314
3577 6701
9775 9908
2480 6482
4966 9984
343 9923
1714 7123
8823 9293
2370 7185
8043 8089
2747 6693
3995 6653
1795 2788
6395 9325
7302 7419
8576 9456
682 5212
7391 9757
4869 8817
4303 4758
4919 9747
8329 8974
514 3524
6911 7506
5159 7818
4948 4976
6217 7362
1786 9243
4871 9609
6702 9549
7205 8698
379 5814
3482 6484
4454 5940
8058 8063
6938 9593
4091 4644
2343 3849
4769 5662
6234 8648
5734 8551
6053 9202
4424 8686
863 1018
7601 9502
6151 7908
4254 9584
2089 7323
7101 8705
6164 6591
5463 7261
8493 9886
335 4595
5737 7198
2723 5158
2981 8943
1314 2363
9560 9573
9204 9284
2911 3351
8087 9317
3093 6230
479 3947
7081 9211
8220 9674
465 8237
9131 9297
1300 4343
1951 4174
2422 8758
1 3001
3455 6223
1855 4593
5836 8262
669 6231
1905 5074
3391 3750
8771 9173
3484 6930
9223 9547
1532 5492
8495 9188
9619 9987
7225 7240
9151 9771
5577 8038
194 2420
1844 2741
833 7734
7859 8427
6719 9091
5696 5869
2675 3374
9796 9836
8025 9944
6568 8861
8681 9676
2213 7810
426 8809
4859 9633
8484 9933
4818 7018
9579 9814
5333 6964
8426 8759
3293 9938
7242 8570
2427 8578
4645 8499
1436 8826
3353 4540
8434 9080
1862 6826
7554 8048
7791 8642
4625 6943
5794 9099
9669 9685
1418 7672
5122 5461
2346 6675
376 7000
9888 9928
6666 7614
6319 7642
8090 9682
8931 8959
7712 8130
6713 9947
8281 8409
2991 3733
4508 9108
1872 9733
6703 9830
281 1894
6605 9360
9004 9420
9168 9503
760 5096
4448 5047
6517 8497
7585 7923
11 5761
7795 9053
1633 7256
3895 6004
7799 8942
8656 9532
5298 6855
8574 8601
7778 9898
511 4570
9228 9770
138 9578
3417 6608
9512 9918
2717 7846
8626 9069
2702 8290
2986 6100
7366 9786
4496 9559
2734 3277
1115 6715
9353 9358
4583 6900
6365 8559
2505 7803
9153 9245
7507 9090
3327 8735
1885 7602
8154 9915
4198 5397
3646 9700
3605 9849
6468 9023
3347 7008
5134 6142
4954 9710
1994 4451
5485 8277
8856 8910
1015 3060
7144 8711
7194 9176
1374 6827
6332 8737
1668 7849
4400 8272
8216 9122
1923 6187
6947 9169
6831 8718
6130 9768
3075 7659
1392 3916
6899 8859
5394 9585
8694 8837
1451 2992
4517 7070
5896 6882
6459 9076
2435 6894
6807 9159
8700 9634
1914 9224
6864 7598
347 9497
1310 4566
92 9594
9745 9781
5254 8411
7519 8477
2026 2818
9418 9730
3209 3258
5512 7745
7383 8568
4746 7360
4195 7279
5255 8504
3073 6001
3694 4093
369 5327
4523 9603
1048 7630
2183 2254
3378 4118
2199 5786
1101 6932
5752 7505
7545 8360
8884 9466
3674 5634
6427 7944
3999 7498
2763 7113
5707 8685
7950 9192
9140 9818
5780 8151
5248 6074
3136 5345
3109 5629
4576 7971
8725 9071
8429 9486
2137 4124
1213 9098
3186 8710
9165 9564
2394 8116
5149 8850
3338 7703
3715 5205
3013 9963
4605 8413
9082 9289
6364 8305
2682 2688
2088 6139
8653 9081
7033 9162
5925 8949
2789 9760
9092 9552
6954 9495
3777 6927
9582 9966
7500 8521
7466 7832
2648 7326
8481 9244
4777 7297
5360 8593
4676 4721
2492 6709
8022 8280
4022 5098
8623 9965
9247 9854
5380 9199
7535 9415
4704 6318
7336 8989
6219 9529
7541 8940
5513 6351
2214 9003
1687 2386
2894 9431
8175 9196
686 5498
9859 9952
3270 3680
5504 9190
9489 9561
9951 9967
7913 9342
1408 8525
575 783
7566 7817
735 2580
4064 4516
8934 9410
1155 5192
446 3766
6410 9517
5364 7334
5381 9235
4967 5984
9339 9435
7749 8352
7167 8797
2718 5446
9807 9850
9680 9980
927 9879
1746 5652
7838 9364
9901 9969
1956 3163
64 4910
6406 6571
7607 8444
6784 6940
880 2936
6990 9075
7640 9971
328
4121 2908
2998 1380
9354 5678
8683 4979
7939 6155
6507 1197
504 360
2194 396
8768 5650
3581 74
5403 4999
5670 918
945 607
3128 336
6198 353
7451 1765
7390 4029
7264 5042
404 305
8268 2248
6846 2988
7518 1846
1051 897
7327 418
962 724
8613 5383
6438 4270
6825 734
2188 45
79 32
1472 247
6166 2856
1754 801
6583 664
720 555
3572 1120
6303 2324
2277 545
3743 2261
3204 2409
1445 332
3769 839
7065 2942
8273 364
134 99
2400 1690
1223 171
2575 1988
1234 535
7954 4823
5934 4459
3833 3070
29 17
4396 1727
6031 3426
994 491
8671 2912
541 152
7502 556
2762 1647
6137 2060
1936 1462
1550 1537
6252 3140
7704 5412
2252 919
6114 1033
6638 5385
8093 5407
7385 3199
3765 1499
6061 5775
3842 1315
1889 1487
3642 3028
3333 2245
1736 1428
2875 609
2623 2459
2545 539
3889 831
4929 3688
865 452
1666 1584
3852 1802
4069 260
5464 4208
8789 1128
502 374
5460 2501
2388 329
331 157
4942 2341
6183 939
1066 547
6548 4191
4276 3988
148 72
5820 3234
3942 1702
5022 70
5553 5162
9035 5372
6718 5040
966 628
7035 6408
7110 4677
6812 2821
9311 653
9972 6642
3311 2463
246 223
3380 2697
5568 2915
5671 3414
19 15
9145 4444
3229 293
792 280
8015 716
756 579
3230 1942
4392 3330
7806 3137
2168 1158
2673 759
5190 1046
9083 3149
7352 6297
8991 7743
9485 7940
6153 1710
1088 241
1179 680
6058 1990
5718 3543
103 53
127 115
1097 979
6854 3114
7880 2893
7570 6292
825 340
9501 9121
5605 1756
398 40
4049 2790
5160 4525
1589 701
2512 170
9007 454
1341 129
5815 4935
5705 2243
769 424
2780 1022
2086 576
8919 5838
4664 51
6445 3693
7093 2872
2158 2034
7730 3970
274 67
531 517
8658 736
5575 5535
2963 2039
5300 1908
289 48
3446 325
7355 5917
7667 3525
6334 1123
4638 4568
2606 146
640 108
1114 333
7581 6794
5704 4974
6300 3115
8716 450
1590 1001
3444 2038
6190 828
6202 773
4414 3421
2365 583
4663 983
1478 225
6500 2296
3558 401
6065 1304
551 235
3185 2663
2558 1303
567 30
597 54
9566 6236
154 136
5900 1557
5742 1575
6560 5913
6076 2147
9544 3187
7658 1274
1806 1273
6063 5541
8067 6989
3778 842
9643 7176
2295 1682
821 359
3468 2069
667 102
5452 1226
889 836
2668 2597
3162 997
6296 5092
3 2
1656 1299
592 461
6089 5341
44 34
4099 87
3597 2028
5020 264
3546 1749
947 169
7319 6101
5128 1073
7931 2210
1723 1595
7612 405
790 447
1291 35
1821 729
204 195
4419 986
2594 779
5216 133
7381 1866
634 613
8229 4442
2290 1772
6385 5282
933 224
6816 6064
6725 3982
2003 1401
4430 3845
6328 5757
1166 689
8224 770
3041 2291
484 125
9278 1965
4219 2129
1675 1081
5543 4971
3491 1257
630 213
2535 1716
2609 2153
5753 5730
1063 411
3799 872
9914 7532
775 89
9534 3220
9798 7333
642 82
3025 2315
5816 25
7299 6133
6851 6754
6837 492
1469 840
7248 5357
8980 3578
8994 7779
4953 1187
5275 1280
7338 5806
62 31
7098 4378
2510 2128
8164 5721
6346 5230
509 263
8308 3324
8870 339
2257 256
5534 3409
7527 1127
6116 4252
8070 6867
4436 1975
4324 1159
3665 578
6529 3582
5566 3020
4734 1867
7575 7341
8902 5211
4363 2511
3567 1013
9286 1285
7009 5918
9130 6760
3985 1783
5801 2571
4438 1157
445 342
1340 538
4407 4229
5623 781
4453 2460
754 421
726 618
297 183
1781 1152
2253 757
5745 2148
3384 181
9437 3840
6897 2467
