807
1002 3085
7285 9886
2724 3912
7684 8855
589 3409
8380 8582
6643 7361
6104 8789
3571 8243
4108 5148
581 4584
4860 5008
816 9804
6751 9329
8348 9309
3748 7122
8924 9669
451 8988
4313 8022
1464 2032
236 2898
5455 6532
4091 8970
9853 9855
1878 8074
4287 8291
982 5511
9821 9989
3841 7434
7836 9115
3094 4147
5590 8576
3600 4139
1366 4076
8651 8870
7274 8456
2451 8823
4440 8821
3357 6240
6874 8911
3321 4600
7736 9038
9897 9962
4970 8454
9658 9882
1852 9606
7682 9095
9551 9890
5405 6893
8041 8572
9927 9936
9923 9968
7725 8974
4119 9034
7920 8296
7050 7303
5303 8586
5411 7069
7436 7956
527 9449
2892 3814
8965 9289
415 2116
7872 8461
8973 9880
5158 7140
9021 9553
2935 5730
9584 9840
6459 9207
7301 9204
518 7758
3057 8713
3238 6808
1199 5570
923 7997
5744 7680
1946 2597
4816 6960
5207 5848
3733 8857
2557 4698
6990 7834
3380 6831
6350 9291
6343 9907
1590 8359
9147 9565
1091 6650
7181 8693
8139 8338
7008 9080
3905 8147
1098 8451
1044 6442
8910 9834
3421 6559
3416 5149
9203 9974
818 1916
8476 8492
9137 9321
9620 9681
5982 7910
3986 9528
9683 9747
7152 8954
2867 5837
5409 7451
6464 9407
8455 8758
3254 9286
1714 6669
8071 9973
2062 7282
5556 8616
548 1564
2347 3163
4656 7652
4604 8787
9026 9708
4065 9558
7842 9077
1685 2928
1910 4401
8570 9187
958 9327
8030 8939
3952 8065
5759 7221
964 4388
5804 6337
5114 9484
8046 8396
2753 8877
6781 9368
6489 9898
4701 8079
7654 9355
2576 5237
1298 6610
7344 8190
3353 8601
1715 8276
3373 3444
5024 7647
193 4479
5131 8473
3049 5407
3438 9253
3919 8187
7639 9487
4839 9613
4934 7538
5775 8801
626 4046
7056 7709
4410 7002
1100 5652
5932 8971
5783 8474
4023 7309
583 3554
2974 7483
9988 9993
3314 4677
7803 8923
2752 7611
9733 9746
2552 3578
3070 7625
738 7635
216 2499
7623 8668
2239 3999
4251 5657
2406 3410
6794 8916
8297 9578
3172 6672
7495 8209
9097 9719
4513 5316
1172 6012
8097 9889
124 1028
6422 8228
278 8205
3190 6303
4050 8183
784 8463
8694 9334
1874 4097
8990 9991
166 6469
2948 5258
4844 8540
9302 9447
5413 6357
824 4273
2602 9229
3385 9572
6172 7894
480 6141
4617 8671
6846 7444
3844 5705
5597 9272
6072 8755
6879 9633
3474 4423
6190 8251
9470 9538
932 8941
994 1246
2610 6512
3213 3806
4347 8426
967 9541
1701 3308
9847 9906
7458 9490
9091 9510
6967 7471
1710 9770
8368 8571
8798 9335
5228 6167
9865 9903
2906 5498
1412 5853
7216 9219
6351 6594
6699 9574
6021 9908
844 3994
5820 9475
6076 6568
988 8293
2246 8742
5115 6868
3236 8195
2670 8332
8005 9587
3077 8317
1291 7171
3570 4322
1897 7373
9976 9990
6884 6959
2088 7012
2849 3982
1722 9914
3075 5908
5639 7577
4037 4813
951 8683
1942 5129
9215 9285
8274 9202
6852 8807
8221 8504
5373 6762
9386 9527
298 5493
5526 9463
5589 8524
5009 7424
3500 5018
2660 7127
9833 9911
3105 7575
778 8938
4001 5966
6398 9800
6589 9924
2122 9127
7379 9931
9065 9462
9745 9765
3504 9983
3328 7742
7419 9371
7068 8841
6707 8421
600 2283
7340 8161
385 9896
3399 4792
578 1067
5884 6314
4398 8706
1170 9684
2442 6911
6683 9191
2548 9323
855 9685
2725 3634
6452 8236
6700 9619
6830 7147
3001 5440
4613 7395
4913 7300
7345 8663
465 1848
5280 5406
5211 6345
3597 5062
9590 9679
4966 9987
9668 9761
870 5489
4400 9899
3323 6137
8512 8677
1682 7876
3587 6062
231 7891
9122 9607
1230 9913
2973 8470
9261 9921
5397 5920
9861 9893
2561 8412
4426 5305
9237 9802
4427 7184
1790 3481
7924 8167
5869 8219
3200 9148
2757 2977
1514 7928
7405 7922
5214 5844
7658 9453
1640 7053
503 9636
7921 8842
9813 9836
5617 9067
2799 9443
4759 6658
4669 6674
9787 9952
6630 6653
7376 7626
679 9374
1309 9512
262 2740
4817 6266
3563 3739
8786 9283
2703 3799
12 1000
9406 9626
6151 8122
6164 7866
6290 8478
5812 9640
4815 9614
3623 9165
7437 8584
5799 6155
2945 9378
4310 7102
4168 9830
675 9828
9448 9588
488 998
344 7049
1115 1867
2501 9304
143 6045
6686 7749
5649 7408
9958 9972
861 5094
85 5398
5540 7014
4036 5738
9867 9948
710 5382
7205 8282
6354 6410
9881 9892
3494 8605
5541 8767
7777 9442
3119 6226
5706 7306
9634 9688
8523 9819
3842 7550
2790 4630
5935 7411
8894 9221
2656 3957
8133 9789
445 1240
2963 7744
9841 9944
7657 9399
2715 5431
9503 9582
9180 9579
6471 8748
6493 9396
5263 5769
18 2271
559 3173
1485 6636
9308 9686
8027 9036
2788 8547
7219 7478
6549 7481
7440 7701
6912 9331
3248 4354
8070 8627
6776 8944
6295 7156
3366 7313
8754 9314
5296 5370
2858 8835
5859 6149
4085 5971
2761 4283
7678 9643
79 7937
6611 7222
5629 8826
5781 8460
5922 8201
1767 6490
1420 4618
3769 9273
6536 8402
5888 9417
1531 2736
1866 6862
9369 9497
7527 8741
2059 8882
9296 9608
7993 8481
246 1509
1921 3384
6171 7334
6965 8598
7664 8124
3902 5838
734 6070
8051 8223
6080 6676
6030 6153
7416 9250
1392 7284
6704 6934
9473 9873
2888 2954
2794 9082
2509 2871
4784 8002
6058 9769
8423 9957
3391 6440
5064 7391
9035 9073
9870 9919
2132 9757
2034 5558
3548 7040
4675 9267
9048 9738
456 9518
4920 8224
6480 8703
8140 8692
1006 7061
1575 1870
5472 9963
9252 9891
3397 8376
7418 8313
6500 9098
8567 9703
2578 7111
5322 6002
2280 8488
5548 6068
6857 9994
7125 8685
1656 3528
6570 9695
3611 4720
5510 8206
4932 9741
8352 8859
7989 8499
6090 9824
9539 9905
1596 7753
5434 8061
5770 6057
9218 9799
9526 9673
6908 8768
9281 9795
5897 7175
3166 5083
6017 7519
4118 9647
8500 8596
4161 7798
6998 7628
4603 7234
707 4101
8507 9839
9967 9999
9231 9343
2293 6424
6844 8165
3024 4812
4709 8898
3228 8146
3083 5082
5980 6894
9938 9947
475 4930
2756 6565
2209 6124
7403 9168
8846 9136
5520 6576
256 8099
1008 2490
6780 8226
7247 8854
4862 7976
2163 2550
2798 3487
8159 8793
6110 6320
9201 9316
3753 4660
7195 7551
5246 5561
8888 8984
7167 9782
4545 5638
6818 8101
2895 4740
2630 9046
2717 5036
376 4829
8718 9459
8393 8433
727 2481
4597 4952
8528 8539
5037 7607
781 1625
150 9917
3039 7886
3111 6239
3558 6920
5141 8701
2772 8198
8342 9230
2694 5385
9054 9705
4144 8581
1600 4673
4324 6086
3455 6411
4707 5324
2483 6501
5701 6466
8284 8896
5631 9149
836 1247
2971 5993
2508 7215
8324 8815
9609 9763
2696 8986
4367 8987
9248 9478
9129 9573
9342 9982
5683 6297
704 1881
8932 9112
4178 8077
8154 9771
1883 8335
9288 9298
2407 8709
2339 7104
9305 9644
6531 9131
6488 6769
1988 8646
333 7469
5314 6706
2785 5895
6961 8141
9421 9755
6120 9092
3950 6847
1333 2190
5691 6845
485 9014
2359 7321
1471 7903
5696 9701
9411 9912
8638 8893
7218 8549
6914 9690
9349 9671
769 9939
1063 6185
5197 8912
6377 6591
8544 9269
39 8200
9784 9843
6642 7486
5116 5176
2628 6356
9869 9955
7747 8266
3666 5404
744 4449
9844 9922
8513 8913
4311 8919
6219 7676
2369 8574
7715 8290
8715 9276
1606 2551
1999 6516
5020 6232
9012 9081
1226 6204
3936 4418
7317 9325
8667 8902
7737 8440
7255 9084
473 2755
4220 7741
5071 5127
4965 7514
2171 2496
3715 5188
8545 9199
6374 6629
9810 9928
8930 9118
571 1479
3506 4070
7904 8239
8489 9720
470 7082
9238 9249
666 8406
1346 3038
7672 9966
2085 5856
5894 8727
91 468
5687 6118
11 4576
1966 7308
2069 7948
5443 7616
8102 8285
6814 8269
3180 4875
4590 8254
8702 9330
1094 4762
4244 5172
9324 9661
4828 7007
3486 5394
7712 9767
2662 8921
5752 7190
880 3752
4432 7067
4350 6921
1191 4259
847 3547
7733 8143
5995 9929
1499 7432
5461 8318
9599 9735
4062 8135
9241 9950
2269 4664
8966 9461
3731 9377
6197 8615
305 569
3183 7305
70 4438
1603 3629
7938 9797
6075 6334
1971 5327
1469 2027
4317 8080
5275 7323
2157 2668
4049 4560
60 1775
7504 8016
3230 6550
659 3505
1141 4116
3696 8197
849 6849
9326 9615
3854 4153
8951 9559
4814 9106
7055 7074
5144 6056
4760 7157
1146 6051
2308 6602
5921 7389
916 7038
4204 4492
62 1042
9346 9700
8222 8343
5907 6607
1686 6040
5320 9300
7536 8203
2672 5460
1255 4608
6722 8734
6886 8508
8955 9535
3355 8746
534 9412
3984 6796
8753 9258
6585 8188
4237 8277
4631 9785
9055 9900
2238 5582
4985 8148
3304 7799
7054 7107
3678 8506
2114 4534
3146 9428
7823 9295
1351 3916
8309 9879
4042 5291
6135 8241
4060 7642
524 4378
6369 9594
6688 8104
3235 5679
3302 9105
4295 7460
6081 9637
8665 9228
5594 7187
7503 8529
6451 6696
9109 9934
9753 9942
4059 4869
3901 9696
2956 6714
382 4174
3536 8477
3263 7897
3089 5516
5942 7393
9651 9732
6311 8771
8232 8647
8975 9360
9174 9311
4888 8686
2814 7991
5447 9589
217 6728
590
9816 915
1460 1256
3900 1427
1452 207
3942 1473
4517 2380
1481 1344
249 102
6771 3101
4041 2236
7314 222
7058 1891
7343 1203
4939 2261
3121 2953
789 508
5212 1847
1806 1162
3066 1968
3526 510
7364 5383
2593 2012
2149 1437
7786 5970
2366 520
6813 226
1092 423
6140 3265
3616 1426
7464 3451
8321 2667
3659 436
1516 1143
1706 1014
6472 3964
6553 1905
2115 341
863 757
3910 1578
3556 2183
6234 6049
4787 922
422 123
2413 1102
4436 4
7258 3074
1933 1675
5861 991
529 8
2307 1845
2230 2195
5356 4734
3977 1114
4113 1963
7631 3892
3153 1601
5710 775
1639 265
5994 388
4550 2048
4806 3879
1018 386
6389 3177
52 7
4544 575
1800 925
5709 1795
1197 426
5564 5508
41 28
6865 6709
3907 1530
5059 491
860 632
5300 224
6996 2373
9536 5587
9764 1967
7371 3552
289 161
8832 4496
8680 5028
351 235
444 260
7290 1164
1926 14
4137 3557
3603 541
5998 937
809 550
9655 7610
181 33
6438 4165
147 43
8593 1176
7374 6691
1310 184
3921 1335
4392 332
4834 3523
7372 1605
5700 230
3127 2770
4306 4266
3509 2443
9779 5026
6748 5476
4257 2807
2527 672
4132 3324
8374 8034
1996 482
1570 1214
1572 450
4079 68
2731 1302
7556 4190
2573 163
1582 908
3861 3690
3658 3114
9521 9278
471 294
1980 1379
8808 4029
6241 397
8533 5456
2934 2847
6598 131
6529 2805
9500 8517
3137 2079
993 680
7017 6257
6441 5364
6953 432
5904 3429
5800 3484
141 63
5257 537
4192 3165
3857 1443
697 145
7131 4956
3011 1740
4785 3534
8247 3626
9716 1595
3671 3602
1548 45
3276 1406
2947 1987
1035 647
6775 6391
852 435
9887 8217
539 293
1278 215
4802 1445
8791 5045
5845 4995
5910 1614
8066 827
6535 3669
22 13
929 250
4105 2951
9552 4115
2365 1796
5784 1440
7117 4686
2273 277
8007 373
1361 1350
3365 1554
2855 1785
2679 505
7404 2942
5690 2120
1915 867
6970 6543
783 16
3221 2615
431 133
6055 3539
2494 348
7066 6456
6689 5964
2545 948
9798 107
5415 3264
6668 1609
4077 2962
9383 66
7272 5249
5304 3875
1950 1297
313 225
9561 2353
5952 4850
8836 4439
7378 5044
2649 2267
8314 8227
3514 689
9051 4752
2687 2428
8875 661
6130 3645
5203 2969
7785 4336
941 152
6256 1954
4127 3874
4955 725
2336 902
8328 4602
2964 1857
6649 5256
4703 1188
6496 3728
1269 420
7831 3118
531 129
44 42
9262 4291
238 199
4777 4393
5274 32
2376 2332
3538 2893
4194 3335
9737 2374
3796 2185
6016 4211
8908 5962
7768 7726
7256 302
6159 4510
4780 1777
5136 4243
5948 365
944 584
8880 5362
2053 1430
2852 197
8301 6745
4135 139
9277 5242
8871 4197
4645 1039
8640 2638
8067 4928
5544 5090
5760 1802
9060 2690
3895 2801
594 466
4405 3198
8078 492
9751 1787
7769 4758
2445 1052
6859 4851
7668 2837
2214 974
3403 1147
1206 347
4556 808
9768 6767
562 355
5162 4016
2819 2327
4195 2145
9394 5134
8240 2657
8708 2118
4262 2896
2699 1262
728 49
2618 2023
5099 980
7032 1900
9029 2706
1224 1093
6011 664
587 263
8164 3848
8588 73
6042 3227
5876 3933
6941 2795
1311 1037
9805 437
2581 274
5376 4592
6092 2197
8925 5871
633 109
1071 906
1688 1343
4626 1588
4223 4199
9419 718
1053 1017
2865 830
6939 1055
4824 2174
1467 1080
1691 873
9274 80
5882 267
3791 352
1312 567
4900 4043
4745 1711
1888 1502
7932 5621
8202 2760
5445 4614
5680 1757
2931 1451
7009 5479
1544 1329
2505 1667
271 247
2446 72
5261 2473
4861 4285
4938 1123
1432 736
2462 2175
5262 2691
6574 2791
7173 3993
477 474
8326 4620
6446 3249
4873 601
9041 7800
1040 71
1672 413
1807 1268
2749 1638
1436 825
8684 5421
3940 947
3507 1751
1486 1016
3268 108
2625 1873
6331 771
3951 1503
1281 481
1748 1526
954 877
4957 2371
2127 1201
6169 428
1383 368
4641 1031
21 20
8385 3551
9790 6819
6487 5302
3776 3174
8230 7829
5713 5331
3991 2049
3439 138
6900 2358
7159 5943
5053 3590
8978 2987
6515 6279
2758 2697
7540 5451
328 106
5988 1319
7298 5726
2043 1441
2983 1110
5529 306
4636 3461
1368 703
5502 693
3816 1641
4532 350
5350 5163
4344 1694
4371 401
1001 546
7329 1418
7545 7098
5592 160
831 198
5386 2248
9567 4233
9488 269
2991 1633
1923 1799
7526 6836
3730 2907
7390 5465
2026 859
6633 5940
7278 6985
7787 1917
7775 2010
4055 2146
511 57
2995 2722
9401 3555
8762 6359
7083 6264
1151 812
7923 189
7900 1328
894 791
5740 50
5408 4635
6100 5999
5741 169
1727 325
4417 443
2822 1218
7151 5852
1826 1428
9774 6764
3610 1635
1568 1504
4214 98
5501 364
8257 7304
6895 6730
663 188
8678 8439
7482 6582
978 898
9980 9245
9481 5475
381 258
8637 6193
592 580
3023 2402
5271 3596
2465 935
3677 1317
7407 5648
2410 1223
7925 5097
7412 2614
5579 3928
9837 9264
2616 196
8543 4338
1221 55
2200 1261
1161 829
8246 7637
8817 5839
2372 1033
5311 1245
1613 1290
6008 285
7918 3638
8304 2493
2921 2399
3139 3078
4373 3560
1737 297
7366 6044
2130 151
4017 1747
8395 4468
1413 1163
2519 2488
1563 832
814 58
2229 472
7662 5547
2547 903
1752 1382
2721 1065
1444 479
5089 3064
2929 2619
1650 1546
2337 1644
5655 558
2976 2000
4748 2834
335 3
4154 3346
9307 7870
3788 942
2868 2282
9665 1573
1855 930
2612 2475
5665 3723
938 391
330 177
9445 7954
3156 2738
3490 553
8075 6539
1666 723
387 218
5975 2377
1137 695
7518 621
8728 5457
696 371
8452 2702
5573 1887
2608 1956
5771 4876
8157 1668
3184 2409
1890 146
2303 251
7266 1461
3209 127
8307 3168
1648 1271
1198 788
1321 671
1038 78
7080 5365
3389 3225
976 334
3306 1267
603 125
9184 7974
8483 3197
3777 1702
5171 3726
6286 4245
2314 928
6933 676
6564 5427
2215 343
9710 2812
2874 2055
6289 1992
7542 1662
5091 1058
3305 924
4476 551
3491 1994
4623 3432
8388 6383
9292 7212
2843 2039
4365 2984
6681 4289
2556 94
3044 2219
9801 6306
2382 1760
3472 48
7839 1078
3962 3430
8614 5308
6139 3218
1557 701
4120 1372
1619 200
6189 3458
7511 1808
6673 6435
3154 690
990 47
7760 2126
7315 2903
8712 8390
590 182
9629 3792
3028 737
4992 1074
6617 6433
4736 2452
2184 195
4893 4538
3215 3051
5753 3030
8985 5666
6558 2338
2135 619
