333
9477 9538
3138 5794
7190 8936
5950 6211
5935 9506
1225 6284
6822 9256
6273 8471
8387 8971
4843 9700
7215 8040
6119 8219
6053 9666
1956 2929
3238 5212
5604 7266
5319 5866
5378 7183
8264 9507
7418 7842
6179 7309
6949 9880
114 8121
7891 9608
7062 9047
7292 8587
6980 7209
4019 9830
9041 9503
9453 9662
3681 5055
5345 8173
8752 9697
8807 9917
8453 9758
8513 8567
210 9998
2741 7132
8923 9167
122 7832
9585 9850
3916 5452
2416 6400
26 7851
2950 8801
5124 8386
4669 5280
6841 7419
5152 6975
9982 9988
92 459
9820 9868
6679 8384
892 1974
8565 9434
4279 6230
6586 9045
1798 8705
1562 1914
5974 7303
5970 8538
3399 4969
1741 9457
716 2780
5392 7752
3226 9107
1206 3032
6479 8295
9374 9654
3598 6769
6591 6898
5259 7622
8896 9282
9939 9967
7446 9435
8790 8884
9784 9934
8599 9022
3679 5803
7841 9910
7508 8615
7681 7757
4005 4086
8450 8484
9595 9597
6431 7274
6681 7384
3911 4434
7913 8702
7593 7971
6082 9799
4832 6274
1889 6134
8062 9099
2964 8018
1702 7749
3080 5201
2758 3318
9571 9757
6561 9706
2578 5111
7785 8846
1284 5979
8046 8462
8039 9236
7662 9601
4004 7285
8061 8588
2544 8079
238 9829
8307 9124
970 4428
7984 9847
8616 8725
1804 6555
5414 7025
9018 9708
7855 9772
9275 9400
3652 3692
7650 9449
3635 9399
8000 9805
8455 9623
150 2025
3274 9395
7483 8773
8497 9677
8483 9947
8337 8580
5824 7245
3796 7375
5691 5940
5008 8714
3515 9852
6449 8972
3723 9644
2711 7899
7800 9365
22 8223
2859 4974
7811 9904
627 5731
3869 8014
4810 7614
9821 9932
6959 9116
974 9254
1396 2219
3757 7529
1481 9140
237 4464
2573 4632
4139 4541
860 2877
8898 9057
8551 9040
8252 8314
89 8080
3873 4375
9300 9335
3230 4425
3636 7831
7477 7498
3560 7411
7083 7822
4104 6457
165 4609
6194 8986
2798 6412
248 6719
1291 6889
2256 9309
2832 9252
2924 8695
4439 9771
9842 9859
5871 9314
9864 9899
9589 9713
2647 6299
5076 8629
1257 5851
6267 8488
448 843
1346 2862
4436 7341
5368 6488
1856 9133
9186 9735
7706 7732
2158 7903
4917 8217
7740 8885
1123 9573
572 8094
4676 7514
9439 9858
5253 5310
3271 9447
6091 7022
5408 6597
5544 8381
1244 7683
2598 2976
380 766
7852 8072
7517 8805
4650 5300
7256 9153
921 4274
8408 9568
9451 9520
2744 7020
9082 9312
9621 9724
7702 8880
9955 9969
8509 9362
8078 8446
2767 3146
4457 8048
7206 9637
7287 7804
52 4117
2908 6830
2721 2831
7338 9673
3618 6626
3171 5805
421 962
1336 9651
6859 9791
4721 7960
6402 6921
5927 8016
4909 7573
5980 9665
6376 6936
5365 9806
3279 3745
4536 7775
1500 8116
7182 8845
2537 7077
7006 7463
7185 9098
732 8524
3691 9979
566 2342
8107 8829
1761 2593
5484 7585
9372 9657
9903 9931
993 2227
1321 4094
7164 9334
7944 8291
2857 9975
4311 4400
5936 6137
9488 9744
837 4552
3021 5881
7250 8433
393 6020
5645 9215
8375 8548
453 1861
858 9054
7828 8233
1536 6290
2972 7539
3961 6877
5361 6001
9746 9996
610 8768
6564 8506
2551 9990
3334 8683
4391 6265
4693 8760
3067 5870
4759 8743
3573 4120
9001 9323
1647 6811
6622 9961
4394 9836
1485 2471
9290 9945
8485 8487
5341 8345
3035 4900
5456 7370
9663 9788
3190 5503
2660 3495
6985 9392
2622 3554
5026 5554
9165 9385
8474 9291
4697 6236
4684 4971
1567 1698
6743 8545
7621 9444
4202 6366
1650 2287
2818 5706
5385 6604
5945 6581
4766 9015
6008 7987
1130 9494
9205 9521
4835 5499
4940 9754
3027 3108
1111 8525
1739 2981
7783 9495
6621 8027
4494 5348
7687 8708
8389 8775
1406 9049
6171 8605
8953 9985
8238 9198
9730 9846
251
671 225
6929 832
5104 4015
7781 7173
8777 2717
3005 1043
7892 4090
3938 2475
6508 480
696 144
3979 3400
4088 478
7590 4099
4651 1218
1684 1239
3097 1910
406 185
1681 647
1669 849
4876 390
9581 8202
5834 379
2931 2827
5843 1758
5640 1275
9472 6714
1405 578
1049 64
5483 149
7635 7249
4030 2664
5019 3852
7859 439
3953 1510
44 38
339 198
9071 7458
65 23
5917 5838
6115 4734
4702 3040
6831 1555
4303 3596
6926 1557
4829 3487
3884 1678
8198 6323
8547 7761
6869 1703
3781 441
4119 2763
8207 6846
9250 577
6484 3990
2830 525
2856 2274
7543 2152
8184 3675
8771 784
4063 2099
2074 1465
5225 4485
4392 4195
9745 6974
7221 7199
2357 722
3970 551
1369 1326
2362 901
2574 2113
9500 470
713 56
8799 4751
6790 115
5048 2764
8338 494
7673 1952
8966 6356
8806 3936
5655 4987
3046 2245
3448 1078
4827 811
9775 5897
1692 1672
1947 398
4999 2947
1525 1467
7963 882
9163 8339
7654 7450
9780 7919
6839 3789
1421 570
1502 599
6994 2384
7885 39
7426 4061
8022 825
7157 5525
6694 5096
7445 315
6687 5459
9115 6734
209 105
2626 348
5353 236
4465 888
1960 522
1120 792
7423 4296
8361 3699
8439 2835
5072 1089
5116 1566
3395 1303
8825 2557
8607 2273
8581 3078
9389 2689
2161 744
904 781
7368 1591
3575 93
8025 1038
8901 591
3081 2836
8635 1450
8355 5336
4305 871
3737 1688
3228 62
8939 1613
1439 1200
2082 350
6397 4447
7131 5799
3945 2381
3339 1569
6670 1553
2093 1559
544 125
3199 189
2974 2567
8163 7257
6253 5466
8539 50
5307 151
1071 343
5574 4411
8374 5434
3880 1250
4776 3504
5636 1083
8835 4898
8962 2440
1800 148
2293 1719
121 19
2336 1193
5868 4507
2549 954
4168 1605
8111 5787
926 695
8406 1128
2358 1923
7977 5580
5275 2167
7990 767
3791 383
8826 8395
7921 7792
9230 4961
6515 1314
1708 1377
4271 4150
775 338
7079 1493
760 628
6421 1301
3940 3424
3583 730
2235 490
2959 173
9122 8093
9214 4680
4746 1390
9070 5406
816 807
9800 3678
7471 274
2980 2755
288 285
3997 738
437 135
9338 1417
6997 3449
7035 4313
9484 1055
6467 2435
4316 709
1828 355
8595 1789
4659 1310
1913 502
8614 7763
1185 407
2563 1466
74 28
1281 310
3162 726
1441 935
445 174
4219 324
9722 5025
3142 208
6342 4708
4854 4645
6715 4777
5278 1455
6782 6223
3263 32
952 769
7247 5751
2175 1099
5042 222
2361 479
9546 4655
4761 3278
6983 5282
3332 1810
4845 1527
7429 4345
3918 1939
4720 2002
4959 1865
4317 2264
8221 109
2518 2173
7154 5687
1894 1663
5874 2838
2451 1883
8472 7405
8407 1543
2556 1290
5540 2348
4614 3820
5067 3022
2916 481
