979
39 4137
5698 7120
3909 9777
7086 9980
9041 9456
1401 3284
9032 9461
8751 9823
7317 9343
6579 9424
8681 9036
2963 6363
8793 9400
7992 9964
7724 8632
3409 7101
1775 8765
9670 9822
5760 7941
8395 9701
5023 6986
9913 9950
3205 8358
6811 9422
3511 7629
3590 4102
8505 8563
1362 3045
19 1029
2278 8194
7052 8510
2810 3864
1116 8289
783 4859
2883 9311
7950 9999
7752 9435
9021 9185
1310 2813
6340 9831
7640 8274
8130 8731
1899 4894
2892 7914
7574 7822
3382 7580
6874 7323
863 3227
8243 9867
5813 9962
7164 7318
6999 9200
4747 9115
2574 4080
4238 8798
2084 3863
6069 8901
3083 5830
2788 8133
5086 5217
1292 4267
7799 9556
2322 2630
4548 5538
8240 9273
1565 9975
2357 2767
411 2715
8679 9611
2629 3350
2661 8040
9077 9145
4879 9523
9209 9927
5686 8414
4538 6149
861 8722
1831 6484
859 8362
7443 9406
3506 6918
1828 8842
5539 5747
9956 9989
7062 8280
8502 9525
8832 9650
4612 5516
4847 6697
6274 8429
3804 7590
7915 8013
8849 9217
6668 8761
6448 6886
1056 3752
2938 3776
6662 8512
617 3088
424 9882
170 555
1679 7221
5722 6912
3469 5220
4935 9204
4326 4416
3742 5416
2454 2758
3371 4644
7367 7702
5937 6157
2547 8942
7571 9779
2048 9528
4220 9925
7160 9931
6326 8322
1554 7942
6917 9042
43 1040
5902 6571
6787 7871
5874 9905
924 2202
348 8102
2834 8988
5878 9137
238 1512
9619 9949
9875 9996
76 3892
5658 5847
2412 3246
1882 7332
9515 9705
7959 8733
6942 7067
6472 9150
1967 7440
3925 4751
883 1381
6096 6511
927 4253
1124 2356
4975 9353
533 8215
8182 8939
4044 7499
6588 9016
3677 7809
3975 8573
1619 9245
4816 5328
7348 7381
2626 8671
3423 5321
1793 3463
674 2472
5100 9486
1197 8098
7860 9244
2782 9543
9063 9981
9120 9952
522 8763
6079 8821
232 5346
5573 8854
3785 6119
5452 7312
1908 6991
3042 9202
2711 2769
3305 4787
8885 9840
8558 9089
925 1708
9445 9821
3870 5126
7979 8486
6762 9300
7663 9363
2519 7787
7999 8029
6937 7494
6658 8419
724 1101
4184 9044
1588 8764
297 8120
2882 9317
8227 9436
8760 9220
6479 7905
6660 9318
494 7630
3543 9939
4438 9387
1667 4096
8286 9632
4817 7199
4482 8740
9845 9968
5856 9166
222 5476
3571 3973
8878 9337
8448 9478
2315 7883
849 9888
1883 3550
7211 9998
1001 3096
9417 9716
4984 7581
3329 7428
4423 8609
9627 9943
4355 6325
4413 5246
2588 8523
4670 4769
3711 8162
2442 6090
4094 9834
8739 9752
6547 7777
7224 8935
6869 6966
6515 9751
845 8018
1058 6972
9728 9921
6556 7166
4896 7855
2282 8069
8254 9483
3931 9052
749 2044
5616 9899
8038 8720
8728 8816
3817 5909
2092 7926
620 4466
397 5162
3196 8574
6529 9413
9149 9859
3443 3959
1194 3905
1608 6518
3235 3678
5055 7890
3231 5053
1026 9175
394 6153
5408 8833
8231 8464
889 9269
4876 7182
6027 7287
7598 8974
5615 8364
5318 7342
4124 9222
3446 9155
6848 7612
7903 8784
3903 8171
8912 9843
6315 9662
8767 9128
8303 9434
3166 8370
1575 3192
5245 8778
5335 5358
3760 7363
2239 4521
7096 9288
5094 8061
4182 5835
2255 5396
9319 9336
7698 7754
3572 9258
1479 5757
8375 8855
6154 6226
7517 8997
3358 7316
3713 7616
395 9065
763 6582
1533 7075
8537 9870
295 1038
6322 8865
3939 7278
3069 6310
6408 7955
1214 6820
9433 9585
2498 3653
1253 9959
8233 9475
3629 3698
5111 5581
9720 9737
5194 6082
3841 5742
8628 8736
7228 7749
2674 4789
1178 3095
6189 8622
1309 6909
4062 5095
1193 2164
9099 9421
3793 3811
1158 2306
8991 9265
7095 8630
8329 9945
4819 8815
5407 5848
55 9855
9648 9710
2312 7869
2675 3247
5896 7136
373 6549
610 6493
2078 2865
4745 9760
6619 7863
4313 4978
4266 6060
3912 7722
6889 8532
5319 8981
3199 4192
3060 4577
1781 8432
890 1489
8211 9423
4706 5557
4061 4740
5632 5651
3733 8917
9590 9906
9929 9961
9095 9755
2773 9680
1891 2981
9399 9518
8927 9797
2075 2701
9026 9073
5158 6877
9396 9588
2756 6776
8320 8425
6951 9798
5159 6105
7625 7781
8482 9053
4657 5781
7046 7268
6135 8144
5424 8973
3684 8217
7830 8699
2911 3702
6124 8860
4368 6750
5491 9322
9636 9974
6297 9679
7048 7691
2903 5153
4715 8678
2506 9225
2010 2864
8103 8501
823 5223
363 6452
7373 8350
1914 8312
4414 5627
7123 9458
301 1064
5587 8478
4758 6507
7534 8296
4217 8185
3635 4775
387 4937
8887 9762
3630 6620
7783 8294
4026 9303
7904 9473
7585 8136
495 1502
7711 9566
757 8056
2917 8548
9362 9378
225 7634
4202 4692
9402 9558
6151 8378
109 8544
8184 8319
4739 6530
9562 9806
4773 7083
9306 9838
5743 7995
5806 7535
1440 7290
5234 9240
6982 8705
8359 9741
5550 8654
4311 8114
6457 7400
6476 8208
9664 9814
467 6873
202 4578
6738 9893
6562 8052
3451 8376
4672 8340
7500 7865
208 1559
1866 2614
954 9807
4501 5541
6702 7345
6336 9214
464 8774
4393 5270
1557 4749
8674 8907
7934 8167
7051 8601
2002 4981
3595 6138
8230 8368
2556 3539
7682 9309
1340 8979
5571 6290
2656 5286
4408 9614
4109 9464
6428 7953
6525 6719
2444 9676
8759 9620
6933 7562
1936 7537
5667 6721
767 6301
8004 8827
712 5789
4815 7117
1012 1666
3718 8125
4498 7874
6251 7235
9957 9988
9782 9889
5144 8914
178 4263
5261 9850
2825 3225
2568 4558
2796 7141
9153 9678
9414 9419
5134 7380
1830 6788
1032 5266
9354 9919
2441 7515
7356 8549
2789 7305
6759 8706
8886 9429
6974 7076
4581 5682
6490 8352
188 8313
1221 4791
3533 9085
1534 6217
5137 7961
9028 9715
2420 6643
4038 9521
5195 9229
3495 4535
3131 3638
6866 9602
2781 7198
5795 7939
7122 8888
5717 7257
3842 4808
2466 7053
672 2469
5816 7645
6265 7526
4673 7692
4462 7386
5170 6362
8070 8953
4539 6253
281 7327
2205 9197
6975 8556
8710 9786
2440 4971
6403 9721
4152 9904
9278 9597
8471 8780
3699 8187
6825 7181
5997 8323
121 3106
1181 9827
8222 8695
2705 9761
4992 9280
9101 9159
4337 4597
1585 3361
139 2156
8982 9810
6118 8775
9759 9774
8193 9511
9746 9973
9509 9692
2404 5501
6961 8698
2290 5199
2642 8057
9665 9748
1898 4995
3450 7605
7601 8604
2489 5978
1093 9446
51 1680
331 5791
5506 6816
5260 9833
3679 7320
1120 1306
6855 8515
1302 6652
364 7167
9359 9563
2647 9675
4349 4354
5136 6029
3306 4392
2230 5474
1211 3577
7473 9570
1518 5513
3868 4604
8297 9738
2877 6306
635 6342
3691 8046
5635 7209
4939 8459
509 5343
4383 5215
3132 9438
9340 9603
1672 4422
1086 6489
5119 7011
9643 9771
7 5154
3951 8356
9792 9841
5103 6427
6576 8807
8491 9162
1863 6808
4296 9575
7665 8416
3578 5919
1974 9718
4527 7925
5621 5938
4035 6916
2698 8877
601 6464
1338 4919
7169 7677
1597 8725
5809 7465
8371 9729
4552 5351
1696 6727
305 5529
7501 7723
5192 9189
9024 9872
2238 6184
245 3195
1578 8117
1550 2283
9876 9923
8353 9076
8551 9512
1426 7492
5508 6921
6730 7779
2775 3210
1928 5973
5655 5987
1969 4099
2826 4680
9064 9247
3974 4710
9432 9623
5433 8864
5032 7014
4346 6292
4222 7862
5617 5754
3687 8310
1573 8830
418 6606
1287 5600
413 1174
7066 7543
3241 6305
3404 8291
4075 9539
1962 4025
871 9474
4958 8149
654 6767
1501 4921
9708 9862
3185 5459
3814 7042
368 3310
3810 5846
8929 9851
2021 5198
6406 8155
8063 8503
2070 6335
5084 7943
4073 6179
2978 9971
4033 6180
2013 3324
5599 6544
3035 3944
8332 9698
4248 5761
7872 8836
6040 9583
2391 6037
8175 9805
6801 7028
3054 4895
4195 9901
3739 7242
4911 5368
6671 9049
1527 1834
992 7824
8685 8756
2504 4242
1837 5964
6379 7669
1847 9391
4041 9934
4188 8511
9535 9641
218 3049
9529 9703
8179 9388
914 1347
5689 9497
5291 9489
7402 7407
9296 9924
4100 4128
2254 2685
3551 6109
5048 9584
5202 8920
5050 6094
5181 5877
321 7826
7023 9364
5694 6689
1159 5568
607 7818
3342 4659
4126 6389
5995 8858
4944 8346
3781 4055
4290 9608
2849 3529
4404 6344
5044 9448
8402 9928
6655 9890
2720 8055
485 4239
3376 5299
1893 3317
2863 6706
9045 9863
7938 8952
1996 7558
190 8020
1170 5839
7523 9164
486 2012
6435 7344
9103 9617
1249 3655
810 2163
629 9276
2566 7222
4559 6309
173 6770
6682 6901
4506 9706
7210 8648
5439 6926
9849 9853
1671 9165
5935 8923
8975 9365
2198 2363
2940 6073
8506 9994
500 5749
6757 8965
1865 9290
3381 7817
646 8292
2192 8424
6053 7524
1582 2088
2611 7365
2243 9350
5590 7549
9297 9969
3802 4591
9401 9500
5412 5671
4293 6924
2975 5339
1378 5309
7458 8176
5300 7087
332 1843
9171 9390
5992 6072
5390 8023
7496 8773
832 2935
5353 7389
4434 7984
3130 8115
3256 5061
6879 8977
5139 9051
6262 9472
4315 6318
3238 8915
7991 8968
3695 5625
115 6768
7916 9484
937 3481
1852 6271
2014 6956
4343 8165
7713 8810
3826 8714
8682 8691
4842 7395
1818 9630
9886 9947
1118 6950
6728 8570
5009 8894
8680 9248
3861 5911
621 9254
2774 7037
5175 6384
8536 9775
1237 3570
1030 6622
9712 9743
7976 8959
6989 6993
7931 8712
7362 8027
7940 8401
6908 9470
7368 8850
3113 3644
2200 9208
6651 9690
374 2667
4799 6331
5733 7300
7758 8385
2772 4519
1092 3010
1778 3779
8772 8795
8105 8225
5197 7541
4499 7946
5724 7191
8065 8093
5752 6790
2946 8956
673 9730
9023 9274
5068 5570
6070 7442
8335 9342
6922 8196
1507 8801
6062 8480
9609 9986
9803 9815
9084 9661
1633 5675
1402 1845
8599 9858
6938 7469
2492 5005
4471 7560
2757 9271
3708 5906
6745 9117
2973 7661
5967 8075
8244 9508
4512 9207
9226 9897
193 8531
5011 6752
5344 9380
5886 9586
7846 8933
9554 9967
9592 9758
8060 8971
594 5861
7193 8966
4883 7361
4550 6338
32 7194
4472 9176
8792 9167
4219 9911
590 4017
2690 9524
3694 4877
5700 7772
3515 4031
9261 9640
1261 3628
5897 7546
2216 7392
5952 6458
6215 9281
7311 9860
293 3782
3111 9997
1662 3932
4020 7843
6605 8343
6817 7276
7124 8611
1325 4319
4421 4444
4483 9293
7227 8970
4254 5226
9382 9881
7252 7708
5276 9332
946 994
1021 5951
2964 5306
9272 9992
1613 3532
8410 9352
7489 7652
5337 8090
2746 5485
9172 9192
5362 8533
1727 4445
8415 9874
6936 9644
9532 9555
8513 9978
1553 8170
1206 1682
6800 7782
4348 6385
3845 4021
7091 8634
963 4451
1117 1475
4720 5933
8337 9894
9392 9963
9004 9397
149 7553
1926 3990
5972 7445
2326 8566
912 1499
62 8099
7251 8016
491 653
303 8932
751 1162
1186 6299
1570 6049
1166 8101
1746 5056
8413 9029
979 1903
8884 9140
6211 6766
6033 7718
1471 9019
404 4455
4047 6111
4211 5738
1262 5189
887 6535
1576 5457
6421 7093
7721 7733
2093 9695
1282 7277
9790 9908
3847 5163
2335 6501
3389 4807
22 3952
1358 5420
2169 4572
3670 4516
356
9788 7568
2655 779
3061 1128
5157 1864
1606 1175
1328 402
1586 663
5494 2031
770 156
6214 4813
1900 1873
705 88
2856 1392
7790 2841
1743 186
8567 5845
9596 239
4836 197
8041 988
2724 160
3043 2126
959 107
3527 3068
1275 101
3747 2261
3464 67
1042 838
1006 151
7218 1255
9745 8435
5165 1972
3056 1336
1930 1902
3140 103
8476 3285
1857 1316
1169 769
3347 2565
6367 441
1516 1395
7899 4686
1437 797
8794 5451
3233 2465
697 24
4997 3448
7859 2751
7092 2837
6291 5089
5229 1540
8147 4570
3018 2898
8267 4270
6953 6910
1951 825
7069 2814
206 75
161 128
9119 1985
4889 1838
6378 6312
2606 818
6443 1598
1451 224
4567 1787
4994 2535
6183 2993
3778 3709
7035 1528
3596 2226
110 18
1765 984
6835 628
2052 735
2761 1320
9896 2396
7919 2886
6199 2376
2657 532
6739 3228
7214 989
6895 3187
5243 3649
136 9
1063 671
2091 248
1387 708
371 215
2804 2456
3509 3303
526 45
528 247
3172 1145
4925 1048
7997 1623
1591 2
7716 3039
4821 568
5677 1369
8777 2478
6903 501
5652 921
226 194
980 306
926 471
3605 709
1456 908
6831 1049
6313 2867
6206 5213
5013 1195
9985 4526
884 299
4336 2592
8190 6223
4204 3646
8011 3033
8797 1524
63 60
9146 868
7686 2778
6358 2422
8721 1721
8818 5790
4390 2710
2682 78
3675 1942
8110 4418
317 57
8265 343
2702 1792
816 444
738 267
1876 71
7481 7088
1147 489
527 59
6074 3165
6001 145
8082 1677
3883 2155
1455 138
9377 881
5201 4766
1127 356
7436 3066
6170 5888
4122 234
8768 5782
4765 1504
9102 4547
5776 4690
8980 8783
7621 3879
5171 4396
4631 2971
6411 2679
1622 650
2621 1719
385 95
1303 6
5653 1232
7852 718
4007 2292
2186 47
6268 5331
7331 6615
4955 858
2631 622
4560 415
8408 3353
5723 1242
2486 262
7530 6695
366 268
1379 1114
3031 2879
9459 3937
4193 3978
5980 4607
184 28
3492 2157
4233 1477
948 913
7040 5796
5670 5458
4084 1160
8045 1923
2343 2313
6095 2476
6743 1753
1952 1431
4191 4030
2579 2279
4904 3749
3426 836
8017 7084
4356 4002
7650 3751
5883 195
8571 581
2799 604
4802 507
5657 1799
72 46
416 242
1641 1422
1785 27
4198 952
7648 5693
515 508
8485 235
9667 6627
3953 3439
1621 586
7041 3122
278 240
9502 8588
4303 3436
7082 5614
2691 1263
5953 5033
6433 809
325 277
3528 3414
8118 4201
7286 2687
3507 1233
8552 623
2662 1481
8138 312
1165 1010
3104 439
323 12
1670 1572
5143 2331
5021 2050
74 31
6141 4728
8522 8461
7639 1664
9330 4010
7137 3947
7255 5823
3806 1154
3357 958
8477 915
6232 4341
4127 370
3922 3179
6034 5
6240 4108
4066 971
619 393
7411 3003
2712 1220
1716 1243
4459 4148
6283 1334
8192 1802
564 48
2320 442
1630 191
3583 1647
9645 5763
5663 4689
6402 2995
550 83
955 324
6221 2954
2982 164
4174 2388
4742 488
4133 1639
4602 2340
5274 4762
2170 1366
2039 432
3393 773
2381 2086
5669 2728
9450 6829
2835 1367
2299 1728
6361 2079
6496 5907
1313 730
6463 3175
7712 4677
1600 335
333 120
5932 920
7126 6644
6862 1675
3401 1280
9058 3484
7152 4164
8411 3204
5488 5308
6371 2620
752 1
9551 9219
334 141
4359 970
1108 244
828 316
540 472
6884 5623
5173 3304
3584 3176
6932 4389
4034 1290
7627 5241
7595 520
1446 1260
8692 6276
7399 1642
4510 3418
7755 5490
7561 2591
2206 1684
5741 4973
3790 1100
124 41
379 201
2520 616
9141 4517
1472 203
3859 566
1439 720
9510 7637
8866 1331
7260 5934
2194 137
524 453
1592 1400
8450 7575
7641 6152
997 350
4429 3025
8922 5518
9386 543
1990 1485
8111 3009
6733 132
5470 469
399 86
3348 1043
1568 1354
3918 3485
5468 4866
802 437
3560 2598
3893 3580
4450 1447
2074 73
