996
7935 8398
1416 4163
9265 9718
2666 5190
8867 9199
4276 6615
9970 9978
981 2780
2557 8221
7299 8126
2320 7438
3705 7002
9721 9947
2468 9200
5264 9638
7018 7026
4183 8882
6743 8462
6009 7115
7836 8407
49 6760
9875 9936
9550 9653
6832 7036
1189 3755
7604 8063
5478 8702
7061 8079
2698 5657
98 502
8061 9016
1868 6125
6450 9674
7996 8068
7199 8814
9634 9888
6057 9517
6597 8460
9552 9704
3558 6099
6997 8184
8316 8572
3391 9631
928 5566
2337 8837
1287 9886
4411 9478
3917 8927
4095 7691
2505 5681
6756 9525
4694 6482
8653 9932
8855 9618
5943 7924
6753 9774
2739 8516
617 8467
1613 6658
5740 6250
1810 5196
676 2800
2778 8759
3008 7602
2420 3557
9527 9722
2018 9443
2397 4537
5602 7017
7861 9615
2546 8667
7612 7618
1012 6831
7496 7744
7350 8400
6674 8367
6511 8844
9289 9468
6964 8721
372 3536
6525 8674
2324 7409
7910 9753
9146 9452
8143 9842
7080 9759
5308 6965
4484 7538
1270 8906
1678 3611
633 3920
8041 8851
4816 8716
5949 8603
3477 4362
6383 9288
5672 9342
2693 7073
8948 9587
3474 3898
6260 7810
7419 7846
6420 6925
682 9959
2845 9051
1205 3695
2642 4534
4562 5170
8751 8798
5284 9169
6461 9591
378 8885
7901 7955
4857 6020
397 3135
2083 9380
576 9467
2574 6426
6829 9811
6618 7422
9205 9499
3614 4172
8690 9099
6221 9204
5282 9182
1098 7425
7507 9662
1575 2808
8627 8913
2239 4420
9586 9798
8878 9909
6356 9231
9772 9985
8879 9641
6544 8176
7260 8120
8060 8131
6290 9647
6254 6584
7550 9136
2503 7169
6338 6394
1383 1963
4574 8943
3703 9610
7711 8731
7598 9418
8975 9727
5066 7771
1670 9872
9556 9775
5006 6917
987 4706
6052 8342
9392 9491
8300 9049
4066 4642
3169 5311
5459 7306
1264 1408
8944 9732
4011 7752
3531 5598
4289 9017
545 6193
7276 8802
7001 9388
8414 9955
7487 8189
6069 6392
4725 7724
5723 9168
474 8246
2440 4375
4143 8415
8317 9621
7066 8956
3300 5871
3752 4953
2054 6014
6574 8549
1352 6988
3386 8129
534 1818
7201 9372
1115 9889
9071 9304
7862 8766
8588 9338
8501 9689
4115 9524
9904 9956
173 3104
6558 7083
2582 2982
9305 9788
2677 8884
3613 7257
249 7120
8477 9629
8559 9827
518 4894
873 3442
7336 7863
739 6505
5679 7442
2961 9622
5772 9035
1092 7758
3075 3692
5798 7601
2295 6520
7406 8418
2447 8574
8522 9243
2864 8640
657 4993
7384 8784
115 5443
108 687
6873 9856
5125 8162
929 8871
5244 9679
2347 7096
8808 9605
3223 4235
8045 9780
1635 2707
913 3443
5877 9362
2659 3354
5610 8332
4007 7722
7162 8738
8399 9781
9942 9999
9043 9286
2680 4633
4259 8244
331 1836
1609 3399
8733 9419
5712 7954
9173 9220
9165 9773
1975 9673
8463 9507
3148 3683
5397 8492
3851 5117
2131 8873
3099 9002
5237 6747
2655 7909
2746 6129
8974 9223
2360 2742
3591 8964
9724 9975
5432 9924
1446 1779
4682 7034
3106 8846
6397 6717
5360 8812
4938 5665
159 171
8611 9952
4735 9694
5242 5700
2268 8577
9640 9848
3321 9547
2821 6900
3649 3744
8055 9573
6040 7047
4496 9272
9287 9514
8241 9095
9368 9712
298 6150
5087 5697
3853 9526
5541 6751
6214 8044
9041 9221
3590 9645
2840 8267
6720 7543
4127 7792
3130 7778
1034 6425
6513 7408
7776 8286
1735 3803
8473 8949
2717 4169
6961 9804
7917 9036
5143 7282
4456 7055
109 7051
9710 9963
1704 8461
6446 8910
228 7380
8038 9608
5098 9823
9487 9574
6637 6883
9466 9475
4918 6309
1644 7784
2964 7102
8328 9858
157 7216
14 6923
1193 6947
726 8727
8319 9299
2664 2968
3556 8863
900 8282
1786 9332
1790 4837
3351 4147
7140 9280
9639 9992
9359 9805
8161 9111
6002 7077
6494 9852
4444 9636
6158 7466
5812 6387
2299 7093
2770 3845
6026 9413
1296 9652
7885 9666
1573 2388
2949 4158
6364 9238
2606 3762
1049 6188
6570 7255
4194 7210
1330 9911
6565 8437
119 4973
7905 9797
8658 9650
2888 7206
4024 6908
2682 7967
2741 9560
3345 4910
9486 9841
9056 9752
3379 7678
4978 8895
6428 8159
8902 9470
5498 7962
8050 9646
7904 9672
6162 6326
4130 5288
204 9314
4911 7447
4595 9266
6991 7667
1874 6344
4705 7240
2421 9839
4113 9790
9950 9991
9589 9633
4012 7483
2195 9086
5315 5893
6130 7035
7361 7470
3964 4223
9346 9791
4349 7033
3968 9409
2255 5019
9386 9414
4513 8412
4121 8451
7800 9028
6258 6972
6198 6710
7048 9593
5855 8635
7161 7516
6023 6539
5899 8534
4398 8799
6581 9485
1443 3883
907 2668
2279 3150
4450 8210
7920 8354
958 9335
7318 9571
5040 6500
7993 8520
4381 8010
40 5419
2549 8883
5732 8996
9058 9115
696 8226
4971 6056
5859 9313
7882 8592
2002 2835
1055 1614
4297 8233
6977 7787
3284 4526
6153 9996
4750 5815
4418 9456
4256 5351
4742 9081
9069 9541
5402 6336
7663 8498
4164 5303
6622 7337
8787 9656
8108 8489
3772 5881
8102 9118
9019 9958
2404 4701
7674 8869
2275 6971
170 542
2178 8253
7763 9906
606 4204
1427 4107
5049 5292
6878 8825
1886 8774
3891 9792
8096 8779
7848 9806
8950 9246
5359 5508
8046 8836
121 2684
3650 8894
396 3818
4493 6272
1860 4779
3306 7753
6664 9564
3343 5130
2926 6035
3717 4724
2050 4281
1207 1244
250 9171
8228 8266
3924 8148
43 1515
6979 7743
1044 8849
7273 9671
9285 9453
5037 5743
8329 8958
4784 4957
3348 9400
3006 4240
9207 9701
533 4192
407 7610
8670 9786
5407 8475
9566 9688
1170 5193
338 9274
8325 9880
4119 8947
3626 4627
9109 9844
7149 8657
5898 6510
8686 9175
8174 8289
6228 6822
9297 9796
9190 9925
2393 3436
5365 9536
2971 3248
3395 8391
2962 4540
140 9469
2192 7418
9537 9995
2228 8827
760 8661
2776 5516
3051 6066
9826 9954
3844 9408
1148 8408
9277 9343
603 3798
9407 9484
5902 7527
3315 5641
7449 9094
2523 5746
7208 9600
8942 9445
4027 5422
446 2752
7514 7794
5547 9861
1304 8299
7129 8355
3499 4449
7265 7978
5944 8016
6033 9258
2842 8258
2910 6217
6952 9575
5989 7250
3751 8151
1435 3562
8283 9545
6514 7127
71 7212
8732 9891
4343 6466
7118 9249
5807 8021
3729 8795
734 9323
934 3688
6575 7649
8783 9301
7450 8794
8277 8840
9845 9946
8439 8545
4950 4990
6352 7566
8531 8645
6444 9145
236 6395
8368 9001
785 5778
4161 4713
3079 5385
1487 6465
575 1922
3473 4446
8693 9473
6346 7207
1896 5266
8632 9502
1991 6441
7041 8730
7072 7148
2247 8401
8848 9143
8765 9433
8155 9690
5916 9347
6996 8924
7457 9271
7876 9251
3651 5073
242 2907
8205 9385
6083 9828
986 2772
4651 8921
4253 5776
4838 7226
9162 9411
5926 7500
2454 4453
7762 9977
7444 8908
7843 8111
4405 9215
8644 9088
4176 8224
7351 7606
1169 8523
1548 5906
4232 7727
7157 7867
7489 9138
9877 9881
2439 4695
5790 6763
6855 7434
6527 9395
4852 5283
1497 8820
8951 9820
5538 8514
3418 4064
4193 4647
2252 4211
5596 8986
5715 7305
9736 9965
5036 8020
7751 8293
4844 6043
581 9794
5972 8714
1819 9345
4048 9661
3332 7859
3508 4757
90 8708
7030 9279
1143 9350
8662 9976
4793 7880
6289 6885
7524 8934
188 974
4093 6463
6439 9481
4467 7938
9441 9551
3660 9559
7360 9910
1940 4777
5537 5659
4952 5361
8270 8893
5441 8309
5561 7228
2883 8536
5215 9222
1337 9708
7556 7892
8985 9716
8132 8188
7676 9581
6533 8037
933 5954
7341 7907
6703 8872
9983 9993
888 3979
3504 6620
5277 5688
3763 5108
512 2705
1771 7926
2654 5806
4180 9361
4096 5026
1309 2433
4709 9192
7359 8172
8440 8946
6556 9529
5795 9457
6648 7642
8773 9534
1038 4308
3789 5030
3269 4977
6108 6521
6478 6627
4951 6146
8411 9202
5666 5710
9569 9616
2219 6251
6684 6978
4828 9216
5901 6549
4504 6224
8990 9364
1482 6065
7775 8105
6537 7579
1993 2289
3951 6080
288 5701
166 1697
6469 6665
704 5998
380 996
5908 6292
5640 8349
4055 6212
4134 6541
6702 7523
515 1005
1750 2789
1084 1827
1455 1821
2652 4609
3134 7923
8488 9940
2632 7849
5895 7687
6371 9144
5620 7580
425 1232
6427 9554
5549 5907
9341 9735
8746 9540
5882 8643
7393 8638
6699 8352
9498 9583
3100 7163
3919 6830
7009 9300
1164 7176
1250 8117
4348 7321
5399 6600
4771 7456
6853 9211
8628 9262
4077 6716
6823 9657
9555 9846
2262 2603
4970 7297
9705 9990
1271 6780
8333 9406
2691 5206
8718 9405
7049 7490
2341 7728
1357 3537
6509 6722
1496 8337
7459 8728
2737 5454
8447 9816
2425 5409
5071 7941
4209 7028
7559 9039
8815 9801
9354 9601
3635 8032
608 1400
7366 8565
8290 9584
5464 6953
4260 4490
5323 8306
4154 6369
285 2855
7069 8828
2529 3367
7448 9837
9282 9290
6694 6886
6400 7731
162 1474
8093 8114
2445 4624
1927 5396
1142 3516
6946 7652
8900 9191
8801 8890
4272 5889
48 6948
2947 4057
5423 6464
7294 8752
557 2936
2572 3925
1938 7440
3270 6415
7495 8587
4693 7381
7314 8065
2037 8537
254 3466
3170 6360
799 1039
2461 8671
5788 7515
3909 4774
5709 8015
2686 3977
5999 7468
7262 8112
6601 8698
3871 3976
4802 7950
1752 7696
5121 6299
355 8961
3046 3872
772 7630
7632 9022
7856 8090
9953 9997
1047 6522
6308 6994
6683 6877
679 1792
9436 9685
1136 2826
3407 4025
3850 8144
4753 6062
7090 9783
1923 8330
9417 9979
7555 7732
4171 5992
2079 3404
8261 9068
9763 9822
4670 4988
2721 6016
9776 9915
1667 6488
6408 7835
7125 9871
6120 6218
46 5826
2784 6054
3089 5408
1290 4265
3502 6190
8353 8493
2396 4935
4047 8772
6960 8953
3663 9681
7563 9821
167 697
4361 7192
1314 3115
7509 8215
3627 8380
7813 8223
543 8372
9120 9501
9931 9966
4965 8480
7501 8970
8278 8652
691 1128
1026 2129
843 4968
4676 7091
7427 9294
7726 8216
4690 8756
1063 1880
8446 8912
620 4658
2057 4873
1369 6814
5054 6041
8569 8605
5147 6651
2969 7834
4428 9327
920 1191
9803 9998
695 8781
1567 8630
7389 8729
136 6476
1546 7319
1117 5669
636 1093
1090 7290
521 8931
2348 5761
6919 7285
276 2621
477 6216
4313 9455
1326 8122
4987 9102
654 7167
3329 9558
6781 8859
5527 6736
3207 7791
2069 7761
7152 7897
6938 8826
3123 8622
6548 8571
1113 4394
8268 8742
6762 7253
4703 8604
694 8387
3956 4995
6096 7481
8296 9604
4730 7530
3643 4936
8347 9899
2482 4720
6540 6871
7921 8397
3582 9151
3587 9439
1405 9008
707 3107
322 3057
6398 7058
6252 6259
3467 9840
7178 9903
1344 6491
9531 9754
3138 6443
2601 7464
7146 9986
3376 6807
914 8777
1542 6307
6692 9093
2106 6653
4222 5151
2045 5924
1434 5185
1243 3785
7193 7879
2944 4436
2264 4657
2041 3535
1031 5560
8578 8938
2128 9213
473 9378
686 5076
3452 6662
693 5656
7296 9799
4455 8530
9067 9818
5081 6802
7803 8880
6621 7309
275 9807
8057 8989
2058 3780
6598 6858
6353 8214
8936 9764
3105 7699
5836 6134
495 3117
7349 9984
6366 8167
6646 9516
4105 9693
1003 1395
7401 9241
9557 9785
4805 5507
1011 7164
4665 7816
5259 7062
3724 9582
3973 7912
4548 7342
7493 7818
4748 6088
9972 9974
9184 9771
263
5956 4318
2803 2132
8279 872
7964 3624
1758 1407
4643 3927
7332 2145
3990 2678
1096 550
1761 1708
6690 2260
6906 5177
8239 3070
1321 1217
343 122
5674 4125
1274 549
9597 7628
4247 2240
1206 909
2204 1284
8497 1760
1626 1338
3082 1899
1163 898
5851 1002
5614 4330
9178 816
4151 1129
5290 4290
7958 6448
69 64
2467 2170
1775 743
2412 239
9179 5106
5777 863
7971 4123
6363 4756
4261 2080
8196 7966
8768 5726
6235 3371
5870 3986
6859 6240
6417 6377
4200 199
5583 5515
2020 1631
6954 1969
3475 168
9390 2415
5123 353
9664 849
2790 871
8656 2369
4434 3013
8133 4590
2070 592
1756 605
3022 1599
8505 8357
8056 5051
8952 3493
7008 1310
5369 684
6563 967
2223 1811
9570 9365
8601 2473
1725 1343
9356 8083
6227 2493
7560 2649
9403 1204
7175 1283
2039 1587
7243 1875
3928 917
6175 2119
7075 2094
5176 2259
6742 3890
4829 3454
2476 730
8243 393
1140 535
6034 3747
2564 590
5635 1354
5319 1561
2478 811
1912 1428
3071 1809
1998 220
1803 1317
6265 1041
8610 1759
7733 4499
5002 2723
7929 742
9116 1213
7970 2270
7003 2956
2683 1081
7383 7181
3219 516
8666 1066
1223 558
3721 5
6927 6059
1506 67
7716 4822
8591 5572
962 628
8403 856
2460 399
4033 1694
6785 664
4864 4369
1258 312
6411 5896
9919 8275
8972 6205
1089 677
7345 6079
7963 4334
6300 1653
2418 74
5156 4442
6583 1608
7631 5007
846 752
6926 3162
9765 6517
8833 2216
44 10
6479 4929
130 99
405 29
8095 6818
5401 4486
6626 2922
7116 5922
3767 2702
5773 5325
3197 1316
8979 2325
5963 2220
714 506
796 156
309 102
6402 5619
9572 5791
4545 3406
9127 3090
178 16
175 7
7546 4588
7124 2162
4427 3331
3957 1110
392 56
4205 429
2846 82
519 468
7995 1676
2409 334
3374 2177
5235 1584
1276 487
7086 2284
2214 1855
9793 4406
7497 4378
6220 2261
3015 1278
720 585
7281 1308
1307 1183
8137 8035
4117 798
3048 2111
2518 2374
7855 3754
5563 2923
2619 1781
2860 2696
8374 1101
4580 1155
6133 2918
7547 3028
6104 2612
1087 146
7511 7313
444 65
5567 4732
3479 2756
9170 3581
9817 4246
5300 563
7399 829
7114 5064
3946 224
6157 3074
6799 3023
9273 2381
4717 1830
7549 1568
2063 952
7465 1525
2565 1950
6936 4293
4157 2732
6362 5291
9981 6161
3805 623
4818 91
2515 2272
1282 562
3619 2828
1878 3
4294 2643
257 128
4546 884
1945 828
2278 553
9738 4686
6758 3010
6010 551
497 274
876 703
9490 7348
7150 2583
5617 830
6804 6159
7650 5711
3632 366
5662 4654
4073 1773
2038 134
1219 1150
8993 5495
7119 2093
3178 2383
2382 2160
4945 3250
3018 604
5318 1239
4937 4858
2704 961
3868 1199
919 426
6528 5589
9568 3085
6817 6187
6577 1879
6679 938
6372 4610
6731 2464
4925 4338
6835 3429
3412 1201
