166
8857 9781
934 1359
3724 7010
3203 3333
7325 8214
4090 9601
9657 9996
8665 9448
3902 9178
144 3238
3524 6774
7131 9400
9788 9903
5039 9531
1031 7742
6670 9120
9532 9853
1893 2779
1532 8565
8247 8306
5942 8473
4308 4731
9894 9951
4177 8342
4324 7988
4480 4531
8507 9288
8383 9971
4325 4583
8042 9233
6746 9895
4686 8101
4683 6225
2789 8892
8964 9632
1572 4820
1664 5515
9823 9856
3088 3686
9723 9772
5546 7141
2590 7526
4694 6324
6507 7136
450 7813
5455 7090
7041 9820
32 2489
3805 5833
364 3521
2003 2900
4556 7107
500 2907
3955 6409
3959 4036
4235 9417
9981 9982
8215 8454
5064 5430
5825 6452
7270 8173
1750 3447
5635 9110
1055 4703
4921 9044
5612 7549
6394 6923
6374 8678
7477 9887
1665 2952
8919 9112
550 8627
8116 8914
375 7457
7377 9489
5743 6421
3471 8350
7681 8748
2308 2559
7353 9760
306 2156
768 6888
8536 8949
3160 3245
6443 7615
389 8046
3477 9766
4070 8429
7972 8557
4011 5146
1982 8558
836 9047
5578 6925
925 2222
9129 9505
4559 5818
660 6106
7831 7996
7445 9792
6907 8920
826 5797
5292 9724
5213 9497
3047 8900
5867 6584
7345 9617
9321 9435
7778 8217
7084 7491
9490 9933
2434 5770
4225 8650
2121 9175
1445 1471
2243 4901
2028 8521
5909 9787
5498 6262
1657 9762
103 4605
7654 8775
4882 7085
6620 9968
8323 8499
5950 6480
3840 9376
4373 5599
8391 9368
6557 9543
7970 9676
6386 8710
1202 6008
1009 4899
4067 6984
1495 2701
9287 9831
5499 9913
4944 8147
3863 6130
7994 9362
9491 9926
5151 5742
4917 8763
1964 3360
8681 9836
3596 6809
1530 9830
8032 8527
9138 9467
3973 6279
8936 9034
6609 8850
1525 4045
1735 2462
6844 9594
8995 9440
1420 7335
8019 9080
5143 8235
8081 9711
4618 5157
1690 9598
9320 9599
6621 7043
8455 9466
1452 4786
689
3273 230
2301 2210
4078 197
9625 3319
8090 5714
4191 1033
4753 1399
5368 4392
6387 139
5783 2969
6735 5746
5900 1505
9162 862
4520 2894
2532 1280
9553 626
2898 2403
8415 781
1138 636
7563 3036
3417 2820
1326 1043
8985 4988
6306 1220
6344 3626
2811 856
1215 4
7624 3403
9370 7644
2782 916
9494 5982
7030 4105
6836 1889
5383 2472
8505 1799
7586 7565
5741 1498
4514 3283
2083 978
3205 2562
3067 1828
3757 981
6793 2681
6855 4549
8825 789
7121 4518
8162 4274
3526 717
5884 1423
8354 1688
670 345
6665 5807
3235 2850
2385 1153
9752 1766
5803 5653
4146 4135
3337 2285
9704 4286
7008 6822
9557 1436
6935 4118
3277 1350
1546 715
9484 2328
2561 2465
3074 877
359 174
7845 1635
8534 1190
3387 804
3391 1754
2509 2219
4391 1321
6971 4846
6087 526
9221 3007
9344 3421
1238 1129
8911 5648
6334 5083
9122 3744
4627 2644
2249 1416
3260 123
3055 251
7426 6871
4075 3563
4205 835
7632 5659
9258 7588
4401 2917
7713 7425
1602 1435
9394 157
1417 780
3151 21
6143 4427
2026 1564
115 95
5963 2282
9929 777
1866 1529
5521 4072
1880 285
2358 1035
5604 1783
3101 1986
1301 681
1262 1166
2622 352
4102 1763
1984 620
5856 3709
2665 1185
1324 1247
6668 1290
6846 954
7915 3963
8123 4330
3936 2719
1378 897
9980 1100
44 31
8401 5830
4610 3738
6618 4246
1768 851
6762 513
3321 1483
9172 1654
6504 5156
8587 3100
1312 363
4602 1373
7228 1845
4545 1716
1896 1542
9407 8446
6802 3330
7003 5212
5859 825
7391 5152
4534 2773
7612 1308
7203 3115
6818 3918
6656 426
6941 6408
8436 4597
3174 2231
767 414
4466 3136
9184 4989
9419 5374
942 394
9597 5185
5476 3438
4763 2935
8506 4115
6065 1387
6252 2470
9740 8942
9883 4649
4161 3114
3868 1580
1966 1545
4231 2966
7668 7128
1837 1519
2595 365
7711 737
4946 4578
2232 1163
4152 2011
3118 2977
8912 6547
7721 2312
2810 136
7688 6228
7174 1456
7861 5647
5534 655
122 112
6757 380
5871 1886
4311 1878
4155 1758
5191 4353
110 104
5898 45
914 722
7109 234
2395 2004
8140 3119
8556 2641
3916 2871
1390 801
1081 570
9702 219
7055 5284
1449 200
912 135
5118 395
8349 1836
2691 1824
4145 2102
9455 8954
3412 108
5726 376
5806 46
2963 160
4248 2630
8452 7500
4360 3913
1857 55
4129 2067
9806 7329
6018 1060
1151 1139
5668 5089
2194 782
8899 232
6144 430
5054 1883
455 213
3111 1581
9251 764
2635 1516
1464 843
6791 6628
5529 1587
6576 3019
2765 1651
5221 4441
5926 3891
3506 1971
953 30
3940 2808
7884 6985
421 166
1871 1408
5235 2014
7265 1788
9398 2209
3869 619
8093 5821
4012 1684
6571 217
9819 4019
5308 4740
3053 1692
3865 3126
267 101
8815 1601
447 191
732 199
4799 2218
3907 2564
3142 1839
3082 1369
2904 787
3556 2153
2928 1634
2880 1814
6874 5886
7272 3904
1317 105
4900 4061
5330 4321
4855 1027
4184 898
7535 7216
9232 2204
5197 2035
8637 4968
1976 1913
5432 2342
3795 2803
7262 3368
1884 814
6372 1933
302 236
9569 3344
211 179
1940 1550
4720 2745
4256 218
6367 2077
6164 5102
429 171
972 338
3505 2466
8598 484
5331 4909
874 839
9779 3275
5303 4697
1998 834
5453 3677
5309 842
7960 1860
4109 3595
7913 6759
8608 1114
1838 388
4074 2738
4527 2790
4593 950
7529 3923
8971 6112
760 57
9261 5095
8754 1562
2488 750
1770 1330
8419 5049
8056 4250
476 310
6282 5026
6436 1794
6914 6400
6651 3339
7118 2065
7086 1012
8287 5585
7774 4515
9369 4806
4322 1057
2557 876
675 521
7907 1348
9247 7871
1421 1029
4951 2018
7225 2160
2920 2317
5568 573
9492 4261
8329 6028
7645 2884
8458 7826
4450 3453
2012 993
9450 8831
553 70
2550 2252
7542 184
3736 288
3022 1552
1616 1067
5070 2281
7204 806
1831 861
4748 2855
5033 3730
3635 420
2288 1287
6479 1113
9268 2929
3728 940
3401 719
2161 511
436 225
2439 16
7747 7114
6940 518
8659 4911
1777 283
7925 4049
5711 3182
2897 2838
2852 756
3974 3620
4845 2567
7316 7205
1488 183
8376 2684
773 540
1106 583
1115 1014
5384 3443
6476 5902
6029 1512
5756 2088
4691 594
1762 1749
4794 1265
7171 2500
5389 704
9409 2946
2246 8
4390 3844
2581 1068
783 390
9002 1158
6083 5558
524 77
15 1
2517 1134
9161 3515
2187 720
1908 932
4467 4251
5614 4431
3920 2523
7968 7350
5487 1774
3699 1936
3836 515
241 226
1652 400
2290 2016
6748 5286
6254 2542
7386 2199
9584 1384
9873 2277
2726 2279
5868 4399
5047 2111
445 314
9310 8172
9437 6317
5997 1130
7134 1054
4659 1038
1120 74
3870 1298
927 807
3010 2388
6840 6150
215 182
5820 294
4613 2214
9675 1977
5580 4537
7374 6120
5920 5390
284 106
7627 1815
9404 2305
6561 602
9421 4454
2892 956
9544 5522
3883 343
3020 1404
3532 2924
5634 800
4046 1734
8622 5809
691 290
4457 1872
2267 1279
2878 121
1267 917
8385 4926
9010 6438
2551 2164
5552 1187
1586 36
4344 2487
885 51
7981 5020
5971 617
2536 1013
4170 947
8192 5243
5532 5361
1487 566
9966 6626
3607 1455
5204 473
8109 8067
5362 3681
2129 812
6514 1064
5246 2166
8256 3831
7530 1472
9651 8449
4172 622
7475 1738
4080 2224
8309 1719
9324 6824
1570 911
1946 1320
1189 558
403 90
7995 944
1579 1002
9591 5304
4810 322
6669 2324
7135 4212
9495 2646
6491 5640
6219 3873
931 451
9993 9335
4116 2206
6088 4043
2205 1184
8296 747
6605 5812
6469 5418
9355 7752
4986 587
5735 470
298 243
8438 7442
8648 351
735 556
5124 477
9325 6828
7373 1962
4447 632
9916 1790
2588 84
6969 4540
2294 542
4077 918
4512 2168
1726 1551
8021 1999
7122 1780
994 35
320 292
6884 6063
9516 4903
2954 2046
9665 8054
4702 2962
202 50
2450 2212
9977 1560
9309 3214
663 552
6223 5376
5131 2639
4279 3382
2916 2036
3726 3061
844 384
1744 1395
797 71
7801 198
333 305
6744 3006
8230 1644
9139 7866
3258 1522
2058 145
6041 999
4632 2642
4924 4101
5766 196
1192 926
9619 7237
462 127
5295 1022
4784 2967
1985 1152
5385 3278
1413 1195
9307 3764
6921 3654
1898 1380
9647 7787
2264 299
2886 545
4396 1765
2911 690
133 116
7692 5941
8746 4835
1470 324
7013 3727
703 181
9185 6927
6011 1337
6835 4189
7246 7056
5561 4970
265 203
4131 1467
5828 3834
7562 3044
3965 19
3731 1310
4113 448
5147 3405
1403 563
6679 3033
7088 5715
3423 1714
9807 5995
1812 1101
6790 259
9673 6248
2411 1221
2327 146
9113 7594
6786 5593
4159 4103
3673 1075
7539 1873
2346 1667
872 548
8847 7473
4923 742
584 149
3921 1428
6016 3297
8361 3712
5619 613
3000 2506
4575 1074
6266 1414
1367 891
3787 604
2200 1386
1443 117
4987 1910
8837 7872
1918 815
2577 1717
7693 4100
2253 291
5620 4388
9832 1376
828 522
3647 2994
4464 482
8628 6330
8697 6426
3416 309
453 150
9510 6196
4887 1965
9014 2670
2491 935
4014 1107
3458 34
581 163
2893 1629
1612 393
2298 1619
6244 5513
8047 2569
8969 4066
1673 685
5972 3383
7034 745
8065 4821
7596 7327
5031 858
8261 5773
8234 1278
4031 3985
4213 2391
1273 1125
9918 1536
1575 1291
2823 1271
7777 2912
3178 1723
6080 3574
1927 759
2555 1696
3320 859
7444 7359
9340 8085
8555 7807
3886 1633
9839 7145
6468 3497
1224 576
5597 5018
7976 6519
9481 4266
3336 1371
2995 1923
6299 158
7271 3750
6388 348
9885 8948
