82
2583 6204
9163 9672
6240 7880
6911 8903
9295 9647
4595 8180
5771 9138
5411 6810
8048 8815
2745 6783
6501 7202
3015 3199
2165 4921
7124 9255
2209 4354
5242 8959
3640 9857
518 7537
6812 8080
5832 8068
2091 8836
3020 6427
8124 9387
8911 9814
9663 9997
7259 8040
5847 5933
3947 6065
2155 5985
8327 9513
5788 8022
4330 6141
21 4208
791 6723
4135 9848
513 5326
2665 9330
4039 9965
8652 8818
3852 4990
9428 9964
1512 8473
5 5942
3203 3545
6570 9558
7814 9922
2669 4202
2504 8638
1062 4518
1990 3482
2333 6695
1900 7497
4614 7836
8471 9066
4655 9516
2186 6393
657 3093
8795 8799
2306 8640
4741 7757
7567 7741
6502 7805
7332 7459
2991 8333
5628 6800
5992 9313
5810 5895
4462 9948
6490 8934
5511 7929
1987 4105
8912 9298
7917 8476
3750 6474
2571 4780
5077 6343
9331 9344
8890 9937
6145 6857
1461 3795
941 6170
3023 6362
195
7128 5846
3931 3415
2079 977
4060 3491
7081 1844
6293 3117
5309 443
5199 2147
656 509
4556 220
392 321
9636 4252
54 33
5040 4283
5475 1031
346 309
7096 3459
1200 807
5385 4935
9011 8553
9296 5099
8654 4393
3465 685
8946 7541
2174 2055
9709 8647
4198 3408
4304 2290
3655 773
7277 4766
2021 1506
44 8
655 399
1883 141
7069 5597
6576 3242
7717 207
8807 5010
927 200
9935 9721
8981 5149
1188 294
7152 93
4171 2511
8902 8023
8690 1570
7810 5224
6600 929
8592 2965
5541 5396
1111 1043
696 71
2062 1125
9949 543
5347 2911
5728 3658
5388 904
9489 7396
5418 2141
4312 2703
5165 2821
7566 6220
7254 6006
3969 1518
2380 378
3100 1386
4300 3425
8862 2533
3283 94
5161 4432
7049 3128
5114 3589
3240 1124
6765 2467
2493 1243
5175 1293
2718 1498
1083 856
4292 2789
675 206
7344 124
4313 3927
581 260
2184 1050
3217 2739
3426 64
514 396
8380 1722
8577 8065
2048 1319
5387 1774
6906 2596
8411 8239
7843 4663
6410 324
1426 810
859 408
5638 1024
6275 4072
7748 1075
5920 4503
4872 1237
757 522
6598 4439
5901 363
4308 3200
3860 1583
2659 1286
4916 2581
7670 6067
7034 5497
9196 8625
6562 2756
4936 4719
9812 6436
3050 2627
4746 168
3139 697
1668 950
3575 1801
8642 1898
8928 6739
4773 4023
736 181
8112 2683
2405 1529
5188 1397
6304 3554
9223 3952
4959 223
6678 1592
6477 6133
2034 371
6526 6110
503 213
7868 2251
579 471
9159 4541
4263 3406
2369 133
3671 2414
4200 770
694 216
6926 3040
1112 177
4145 2751
4154 2307
7420 839
4477 3044
3803 1537
7303 6428
1756 1104
3974 249
2185 771
1408 854
4170 1626
5499 5054
7248 2367
3442 3120
9463 6568
2736 1292
7409 4138
6950 5081
7933 3574
2922 1948
4299 431
1271 631
1591 517
1671 1004
4630 612
5285 3662
8079 7181
5697 2737
6279 3538
3343 1005
5327 2886
9240 7053
8725 846
4530 1717
4412 629
2518 250
5636 5115
2472 784
4798 2560
4093 4007
7026 3820
7744 4927
7737 6639
6247 609
634 106
2086 1770
3473 3228
1957 643
4609 487
5653 1663
