838
1470 3633
2094 2565
7713 9384
4086 8017
7205 8502
5665 9029
5325 6898
1981 6460
4112 8378
9252 9646
9783 9835
5516 6983
4783 9569
2917 6265
606 5968
3792 4129
6333 7032
1210 9476
2841 3605
7470 8929
9034 9360
6216 9403
1127 5615
561 9357
3905 5784
5790 6883
7536 8883
2057 2459
9352 9901
3419 3462
4817 9662
3808 8476
7333 9325
5164 7834
4621 7796
9786 9971
8266 8388
3926 4306
367 6693
5142 6723
2304 5117
1976 7545
1909 2155
4496 6043
4559 8715
8839 9757
1004 1554
378 7643
2941 5203
2389 8376
5688 6457
1126 8141
8270 9297
1201 3449
2354 4910
8787 9278
319 4958
2040 2823
3737 5228
7982 8436
3291 4889
8761 8822
8878 8934
5876 6903
1106 6300
5818 9674
780 3734
5899 9280
8943 9332
3166 3399
4045 7520
6180 7515
677 900
6970 7833
4827 6150
7131 9909
3457 8754
6057 7720
9970 9993
6036 8281
6285 8195
9392 9417
5653 8323
5405 9120
1444 9137
1515 3242
1806 6203
7694 9488
6936 7733
4340 7491
9474 9535
4115 9984
1672 6513
6721 7748
2868 7441
2814 8805
2272 5685
2042 3938
3546 6131
6951 8987
1876 7276
2414 7257
5429 5643
1569 5508
6111 6113
7350 8479
7696 8359
6058 8975
8429 8849
8449 9480
839 3843
1457 8339
5980 7431
3521 5704
5873 7500
2483 2768
4976 7568
9260 9268
7324 9754
151 7654
6063 8809
7504 9765
3712 4723
7251 7477
5622 9242
1047 6100
3965 6726
9319 9996
2683 8448
7170 8445
311 2518
247 3881
462 6908
5344 7120
6024 9152
3676 6031
5716 6106
7313 7674
6175 9188
9945 9949
5852 7650
1579 5123
1185 6093
6247 9640
2696 4584
3249 7044
6475 7108
1039 6620
9383 9816
2815 3907
5974 7785
9249 9879
7089 8500
9204 9470
1877 6772
6664 7943
4618 5563
6707 8333
6418 9312
3437 7633
127 7991
9681 9798
4900 6881
3071 6542
102 1477
854 2323
8011 9290
5430 8578
1258 2901
7442 8261
8461 9741
4348 7373
865 8927
6454 7019
5130 9444
5847 8855
6657 8356
4683 6059
1626 5355
1346 9122
7183 7218
4443 5856
4369 7519
1299 1943
7023 8598
4580 7914
8644 9699
6425 8893
347 5411
534 5817
1827 8483
169 9774
3127 8610
4904 5404
2136 7701
4693 7732
2792 4577
2859 9573
9308 9546
760 3495
8458 8938
7662 7816
8638 9368
9388 9472
1129 4269
1109 7866
5059 6372
5632 8558
5436 5808
9642 9880
1061 9952
8236 9844
121 1816
184 6259
4771 8220
5517 9645
4778 4992
771 7105
944 4835
5022 9012
3401 8304
2676 6929
7188 9484
7929 7957
2463 6338
6421 7167
290 2401
6777 7448
7828 9040
9592 9913
5785 7354
1717 2517
9377 9559
5608 7795
4287 6363
8631 9731
7 4540
8058 9755
2511 5612
9373 9871
7497 8588
5151 6705
7751 7819
5532 7086
5085 5753
9722 9831
5705 9226
8398 9342
7254 8547
7692 9172
2315 5867
8841 8952
8741 9341
7059 9273
6507 9448
4598 8618
2718 3888
3514 7794
7211 9521
5830 6410
5425 5869
2957 9631
7192 8001
6327 9526
5651 8132
2014 5931
8764 9246
8196 9052
1011 7444
7908 8868
1121 4494
4627 9422
5410 9423
1450 2270
2828 8854
9605 9800
43 8272
6534 6890
7409 8640
8708 9123
4698 8559
4537 8048
3976 6791
717 7610
16 6837
2147 3038
2660 2711
3063 8037
2369 9136
33 9738
2770 5088
2686 4726
1361 5499
2664 9210
6087 9878
2998 6388
7315 8976
1168 1851
4424 6538
2839 3832
3475 5909
880 4551
6212 8639
6208 6905
947 8315
282 4168
5889 9570
3450 7753
1754 7258
4040 8830
9877 9957
5642 6674
5679 8165
6591 9338
885 9737
5915 7200
9233 9248
9292 9456
4126 8105
746 4410
411 1752
837 4878
6480 7688
9855 9899
8845 9185
5358 5919
1509 7759
75 6764
5776 5870
1799 7746
7587 9834
2108 9635
8433 8829
3080 9006
2588 6666
4436 6004
951 3431
5063 8074
5000 6426
3612 4389
9866 9928
2047 4612
9370 9838
8350 9827
5412 5598
1439 9039
3141 9118
2556 6588
5836 8100
4151 4526
9986 9990
9234 9940
699 797
815 1710
4039 6997
8153 8950
7272 8310
6732 9907
4492 7607
3156 3598
2999 9442
7386 7547
8661 9549
6944 9224
4404 6618
540 3773
9504 9684
6601 8533
8454 8810
4534 5772
1830 6630
1900 3070
5012 8641
3319 8978
3414 6563
4914 8930
2503 4307
4101 8230
580 8962
5861 6632
2451 3213
2961 7174
1430 3725
1871 6625
2099 6501
1821 8416
5845 6325
7636 7715
1503 5774
168 457
3000 7561
4614 7253
6341 6793
4069 5230
1093 6467
3 6303
5513 8063
5768 8584
7037 8447
9279 9514
3900 5422
6627 7539
5368 8330
7900 9808
4266 9102
6786 9186
9408 9803
4729 9389
3386 8269
6471 7343
9200 9628
7534 8774
4426 8205
7917 9903
2087 7001
2665 4084
791 3434
1021 1320
4510 6867
4081 7472
5186 6553
7286 7611
5398 5645
4592 5057
6394 8710
3076 3429
1738 4575
1406 8437
2860 5116
8646 8933
4030 8745
7064 7926
9180 9854
8329 8555
3841 8107
4386 5584
9108 9585
7531 8795
3545 7895
7729 9083
6736 7436
8730 9821
631 8599
9156 9244
4478 8020
1624 3081
7316 8615
4944 8690
22 1814
7682 7773
7450 9667
8200 9906
5639 8125
4205 6652
2927 8049
2582 5696
2482 6474
1143 3780
9158 9636
8514 9715
1244 4704
4121 7825
9622 9894
4252 9708
7101 9087
9713 9763
5229 6950
9742 9822
6385 7728
1233 7429
3053 3170
1315 1349
1864 4210
3787 7644
3115 7234
5361 8655
1829 8355
7308 8421
2661 8889
9159 9891
4643 7673
6653 9825
5265 7067
5451 7048
3663 9692
7852 8676
7468 7869
147 4969
1662 5740
5760 6135
1970 6422
2392 6807
5505 8525
5549 7377
4170 5576
1549 8237
826 7556
9590 9633
2607 4834
1500 9027
1853 8101
2936 9450
8347 9893
9272 9286
3486 6495
9282 9393
5033 8480
703 844
1866 4602
2878 8318
9873 9956
265 4482
8663 9861
7512 8807
4711 8758
6173 9041
6788 8097
3444 5862
5329 8723
2989 3279
5350 9314
2834 6334
7783 9791
5920 8464
8276 8806
4264 7992
3820 5418
55 5133
8229 8682
1713 3930
8392 8548
5842 8833
1886 7195
5016 7396
8794 9779
9997 9999
6910 9201
7128 8513
7788 8373
9551 9925
8176 9973
2129 7922
9085 9865
4676 7214
6364 7684
7976 8777
7663 8659
6891 7995
7117 8654
4773 8996
7588 8145
1766 9886
6084 7260
9206 9792
2344 8762
1528 7615
8198 9964
810 2949
2056 9979
3513 7764
5741 7506
8075 9663
2148 3615
3627 7322
706 2294
668 9086
8596 9889
2545 2974
2284 5190
1389 6476
7175 9845
5957 9433
8173 8888
4757 7960
152 9607
1076 2649
1966 4107
3094 9978
3220 5461
4301 6685
7440 8093
2216 7292
2312 9309
2835 5488
4974 6904
7461 7844
2599 4193
2494 8390
4095 7018
6310 9983
8539 9493
8850 9216
704 7533
3714 8792
6684 8831
8409 8501
6520 7222
485 6434
7471 8064
369 6339
8072 9942
3277 4594
4034 8109
4505 7162
8018 8468
1341 4147
965 6354
5692 6029
5640 6864
1042 7523
9938 9962
9365 9390
358 8897
7400 9452
5261 5454
188 2967
9918 9958
8606 9014
3446 6969
2986 3565
4476 6459
2301 5502
1560 9832
7177 9455
9614 9666
709 896
9719 9775
2395 9534
273 8283
3779 9912
4654 6021
7371 8617
1245 8305
5200 6347
4133 8827
748 1589
794 5739
3284 9330
2615 2741
4450 7363
3979 6893
8175 9418
621 3594
4429 5521
647 6962
5335 7082
4898 9652
1087 9915
6324 8939
109 4737
8146 8608
3544 3989
5914 7232
762 1172
6115 7656
5840 9359
8534 9416
8380 8743
1218 5628
3967 5883
5324 6214
1427 3018
1682 9126
3732 4569
768 9639
1179 5997
1869 9028
4430 5652
4003 5208
3878 9374
4157 8532
1323 5452
4292 4532
3299 8258
7387 8518
2871 9531
8260 9369
346 1365
6039 8910
1007 3498
4270 7572
125 7632
2133 6368
3654 9241
5326 5426
1937 8003
9271 9540
3451 7955
48 8527
6405 9600
2895 7391
5213 7092
721 2185
8102 8680
3797 6753
4859 6200
2844 3248
3164 6176
8170 9995
233 9623
4442 6783
286 4687
862 2420
3994 7962
1242 9583
3089 5795
9181 9778
6594 8526
1353 7885
2163 7035
6635 8657
4966 5173
6002 7012
757 1416
6825 7935
2273 2289
9000 9745
274 7178
3747 8277
1036 8498
6438 9237
427 5773
7660 8321
7781 8597
463 8756
5348 8128
4008 5055
120 9202
3694 4067
10 2487
6966 7529
6361 9728
5120 7722
6661 7460
6482 9049
3842 4873
1255 2043
5251 9729
3237 4988
39 1105
2045 8653
3954 5473
7402 7894
8168 8991
1530 8293
5227 5678
7255 8424
525 9616
6294 8821
5611 6370
6927 9091
2152 7045
7784 8864
1977 2408
7589 9664
6133 8140
6706 7204
6094 9398
9323 9946
6996 7282
3534 8574
3146 6316
5327 8325
3373 6487
5999 7906
4767 6221
8988 9095
2231 5470
7969 9367
5527 5898
523 3993
489 1601
5786 6408
4802 8444
2103 4480
4344 5390
480 2937
6323 6391
4853 5138
8320 9053
2015 6186
280 6826
3079 4732
5194 8135
2455 3182
9634 9693
7202 9232
4832 9257
3728 8026
2430 3516
4909 8137
2592 6934
3340 7518
6219 6226
5562 6297
2972 3902
2020 7964
3864 8605
3804 9665
7237 8070
680 5497
714 8847
4609 5589
5710 8395
6102 7893
4703 9539
4523 7949
3369 8981
4765 8374
978 3240
3048 7246
6568 7580
1884 4845
5487 7425
3345 3454
6140 9598
8790 9057
9017 9579
5019 5596
569 9690
8382 9046
6261 7484
8612 9173
3066 4730
2798 7112
6095 7609
7583 7815
4611 4728
1151 9228
4573 5879
576 658
1950 7280
5697 6352
595 3281
8562 9935
6430 8414
739 1280
5725 5853
794
8221 5378
9129 7420
4743 4557
4071 3715
9051 4895
4108 1768
4984 955
7983 1333
9054 4518
4420 3223
3782 1491
2151 1094
2234 806
6895 5722
7330 334
6875 3690
5417 212
792 543
275 95
3030 518
1889 433
232 99
1676 937
2243 264
285 131
6209 3949
5268 628
2235 708
3528 3194
5409 1117
269 207
795 226
7956 6362
3550 3396
4502 3044
7065 2836
9221 467
5258 1293
353 241
5614 2701
1510 78
4351 2973
1962 664
5259 3372
142 128
2685 2553
3789 2620
544 38
9637 5313
4997 1581
3821 478
5136 3161
711 252
1956 1190
3818 1003
1636 250
7213 2574
3695 1616
5626 5163
5616 2448
46 4
1260 24
9093 2889
9430 1968
9503 408
4365 1067
3270 116
3894 2090
2944 2052
2109 258
920 821
1140 181
2097 1641
3860 3681
9284 1188
4701 3927
4949 2882
1973 1834
6466 6283
898 495
5438 5248
690 304
2186 2137
5619 2346
1521 949
287 222
7779 6974
5644 5215
7126 3702
1945 1294
4758 784
560 107
271 62
6230 4473
2049 1795
5995 2953
3866 1677
6773 3638
6165 4076
6387 1924
7891 4822
501 332
2488 2022
9189 4135
1133 54
7614 1041
4855 344
1413 502
8875 7824
8880 6714
4608 1508
6007 1487
1525 439
2334 126
7503 1598
4089 3675
4138 1384
8643 2613
2325 2199
5460 1429
1573 651
1086 301
2576 53
2920 2005
3861 3759
5391 3686
7527 1949
3158 1701
3206 371
9148 1044
4837 521
1753 386
7948 2078
6506 623
7036 3153
1393 209
6340 4639
7731 7612
9313 8667
7418 2561
8452 5187
2023 765
6616 5950
5875 5295
4063 1756
8722 8142
4876 1681
8415 8041
8748 423
6940 3772
6774 983
8835 87
5727 3314
387 240
7111 2189
9655 442
3891 3886
6074 4590
2258 1030
7573 2456
6182 1
4995 603
5744 4014
6717 5637
9944 6902
9431 4331
8701 3172
5713 4617
8078 6526
2821 234
7564 6306
8389 2444
6298 5030
529 248
2275 1311
2379 1336
3911 1038
6595 1028
3579 118
5866 2727
2107 1099
4506 3525
1460 890
1547 1008
5544 3208
4132 395
7675 2775
7267 6978
8660 3233
519 28
6436 6011
4489 193
535 138
5225 466
3540 2810
5807 2157
1693 1423
1903 1727
666 644
532 471
9165 7899
6691 592
5002 201
7109 1839
3760 2406
5766 1979
4798 3427
4515 3165
1213 843
6104 2693
8751 5264
8088 7003
1708 1625
8065 4219
9702 6305
9941 4262
4446 4130
1238 1217
4395 491
8377 1745
1441 1385
1326 884
7135 618
1305 101
591 310
5087 5072
4105 2154
4113 3187
6965 3313
6168 655
6720 3084
5352 2263
9065 2908
9856 5168
3552 953
7424 4641
451 60
3268 559
7680 4807
2567 1453
7169 3966
5751 1206
5141 1401
593 426
2283 392
133 11
372 259
798 601
9468 7443
3271 1912
8094 4766
6775 3389
2759 20
1284 838
3028 718
7698 6319
6833 939
4435 1139
5137 1665
4431 1655
9240 6477
691 420
5646 3990
5413 822
8246 1673
6557 956
9643 7047
3531 636
3466 883
8509 8434
5947 3978
255 135
1836 1112
4459 456
4293 3882
1475 1281
5719 1473
8540 1904
1104 104
8426 401
1177 459
3130 1114
6804 2081
7243 5925
9586 9045
7052 4695
9117 1378
3381 1227
3524 225
8460 2396
4882 3282
3358 1321
1037 520
8560 7024
3155 1050
9263 3983
2130 409
1388 931
9372 5386
7886 7416
3173 1990
1610 333
1941 624
7677 4232
1283 547
3707 2614
2849 1247
6097 2568
3827 1405
1936 56
671 513
7517 4018
5675 284
1386 182
1892 1212
2302 57
5793 441
3651 2767
7579 6991
4131 2776
9048 6439
9513 2219
8916 2932
2788 2375
981 51
4626 4059
6231 1969
6264 1254
1733 1156
2635 216
1077 445
4648 3844
5896 2411
8061 1690
6559 1108
3303 3102
9211 3321
1841 836
8977 8418
7786 4911
4211 292
6030 820
2929 2755
419 115
1724 528
8721 4352
4659 3618
864 856
108 18
9951 6202
1171 1054
4623 380
7603 7475
5594 1110
6013 5098
5623 3885
3754 1556
5154 5004
1862 195
9686 9307
7240 6993
2619 1761
3800 3176
4803 2730
9125 3007
3709 1858
3581 2446
3212 2264
8568 3406
1967 230
405 93
4846 959
4603 2077
2818 700
2012 831
2385 2044
3330 2525
6937 6124
8733 4295
3819 177
4403 2943
5864 5041
2357 481
6196 3939
8162 2205
3512 500
3031 2546
6619 4689
1480 749
2915 1469
2785 1919
2316 167
4527 1122
2719 681
1322 897
7658 4752
2742 2143
8488 348
3769 2791
4085 2540
2720 438
4177 3588
4644 430
4885 342
2467 359
4150 3685
2939 1040
7946 4487
7422 6125
5587 5205
3619 2481
6090 4782
1910 130
1785 236
1131 256
5336 2472
8340 2439
9336 3924
9169 3452
1184 626
4825 1012
3469 1189
9519 3482
4961 2668
3152 833
1436 509
5743 3262
1364 134
9790 7153
5220 1186
1134 1029
7811 3101
4727 503
32 6
1567 422
2388 2247
8203 4692
2004 357
7521 4185
2050 1914
1948 162
7399 4808
6019 993
3741 2443
2911 2766
5668 694
3767 3530
5597 705
7161 2745
4449 2184
6137 447
9198 5340
8909 6035
7648 4671
6863 1193
7670 7011
4163 211
3964 827
403 278
5881 4926
802 166
2906 2601
7459 1273
3646 2875
8867 5320
498 296
7898 4098
1402 876
4235 3669
3200 429
9267 4300
957 144
58 5
1064 575
2182 775
3278 1715
8106 5520
7499 6615
6395 5569
7868 2600
5157 2145
7653 7577
4343 3515
7669 3410
4145 2179
874 574
9594 3631
5343 841
6056 1974
4953 662
9972 800
4140 511
3484 3349
398 111
3788 2350
596 140
2675 903
1482 44
8485 91
9963 8718
3607 381
9424 2075
5574 3766
695 337
3290 1663
8474 7446
1163 632
306 27
7485 83
6123 2359
6518 2873
8009 2366
1052 788
21 19
1744 1089
6257 1100
8111 2715
8587 3224
8056 4865
9718 5778
4772 293
1592 625
5159 2233
3617 3230
7100 3931
8706 8503
4653 3914
8530 1348
6694 1483
779 488
5042 4192
3813 3075
8546 6225
5392 654
5421 3191
2669 958
2638 1183
9463 3293
2327 1712
3880 3683
2321 1081
9924 4867
1538 882
8031 6317
8313 5132
2269 961
2799 1617
4705 1257
1621 927
7247 1407
3796 3322
1376 136
2702 2197
6919 2523
2695 1659
8499 7737
8826 1983
3052 2847
4678 1256
4691 4451
5104 641
8069 7186
5764 769
9743 7139
7395 2840
3758 1582
5223 3743
4416 2271
3286 1606
5257 4940
2445 8
5384 3005
1808 770
4702 382
4464 2223
2572 1887
1684 1296
5897 3744
8742 5595
243 64
9717 7619
8524 3577
7017 6041
1705 384
3610 322
9270 1165
9171 8838
7236 1090
1575 1243
475 82
2959 318
7439 3359
8312 7317
2666 1225
2808 460
7285 4006
2935 1328
2992 375
2790 683
8297 3661
6956 5887
5231 3562
2335 2093
4311 2524
3791 1759
3157 1332
7481 2569
3305 2013
80 41
4595 1248
8857 2206
143 137
9339 999
4265 191
5188 3311
9010 4587
1226 362
8385 6731
9337 2564
2351 888
9890 2837
323 42
7820 1435
6326 3391
9704 7151
3335 376
79 69
8268 4813
8712 3177
2324 852
4271 472
4917 737
1728 1288
2538 237
6103 1449
9772 3259
6451 2872
4247 948
5857 5387
4625 3951
3609 1463
1880 270
2018 1764
4777 4457
7904 7738
4057 3124
807 309
2651 2585
1846 67
9347 5365
3467 2916
2222 436
7941 5292
7685 2041
5894 2506
2003 297
3323 3184
2797 2250
982 558
2912 1208
5573 633
3133 912
3108 991
8240 2774
3425 2888
2994 2061
2209 171
2725 605
3812 2682
3029 2988
7818 5885
2756 530
9478 934
3649 1780
8937 5964
2522 2319
1016 892
7777 6938
3511 3375
1358 388
4182 3129
696 267
3074 66
3831 1615
98 96
3402 2880
9581 7432
2531 1790
2295 966
3256 1147
1674 1116
2549 969
9412 5379
3913 2001
3751 1619
3015 1013
730 566
5464 5250
8364 455
5583 5431
3491 2
5607 385
8317 7717
2361 674
6749 2624
7704 2202
9192 5846
9536 1622
6722 399
1474 609
7437 6235
7892 3785
1291 527
5927 2951
3896 584
7261 3584
2803 341
238 105
3137 975
3726 3657
4481 3680
3648 189
7638 1867
1317 869
1175 1018
6900 5317
2426 331
5693 1380
4879 1418
4136 3664
4440 1278
4415 783
4423 2612
7389 1187
1749 736
370 159
5780 1926
6839 4408
363 26
571 545
3315 870
7357 6355
8892 1459
6584 492
3204 132
1735 77
329 295
231 97
7127 2922
3970 2060
6760 6365
9689 1419
716 554
5749 911
8379 1033
366 245
1101 663
9303 3347
8994 8716
1015 65
5770 943
5975 3611
2000 1658
7398 5522
7303 6204
1313 504
3667 164
5423 777
7454 4214
6609 3113
227 59
5682 1716
2363 1527
4852 652
5338 1860
5592 5073
6995 2902
8043 829
4438 2371
4258 81
1520 1366
76 35
3592 2326
2305 1239
4367 2893
199 129
2475 1274
5956 5081
9515 4308
4868 4709
4793 4064
8077 6250
8271 1741
2084 2033
