537
9179 9789
2814 7945
5346 8718
2930 3235
6278 9815
291 3516
8568 9866
188 1313
7221 7428
6101 7936
9728 9927
3529 5342
1954 2915
2988 8076
358 6627
2944 4395
7453 8843
7318 8865
7216 8871
7550 8963
4387 6533
7998 8696
8759 9588
2962 9153
621 830
1441 5906
2631 3592
7282 9747
1833 6438
4888 9724
1312 1866
5600 6042
8436 9302
6461 9970
6502 9359
6833 8016
532 5080
7317 7504
1499 3659
5879 7298
1475 7802
7829 8842
2773 4226
41 4672
5151 7483
4031 7360
9248 9686
7735 9736
7777 9570
5344 5505
4773 7340
8895 9741
9733 9839
3912 9842
2536 7179
2849 7737
6835 9244
3338 8567
1476 5022
9616 9868
3978 9668
3203 3853
3265 7574
3452 4924
274 4919
685 9101
1117 2908
9499 9828
4263 6604
2713 4645
9946 9955
7836 7911
9154 9544
2765 8823
7117 9708
7036 8593
5832 8853
1713 5769
1010 6944
9054 9879
3975 7081
3627 6454
4961 5345
9482 9880
8048 9558
6048 7319
1333 1381
6583 9488
1203 7923
3301 6178
6526 9492
8300 9157
4028 5796
1195 7548
3090 4574
8539 9004
6941 9253
1796 9338
88 5548
5213 7618
4533 4929
8910 9489
849 3013
9543 9763
1352 4422
5870 7881
8404 9268
9255 9897
3378 5058
9403 9825
5976 9471
3470 3695
561 9600
8275 8423
7249 9454
8232 9326
5357 8164
2515 6423
9223 9529
115 8197
6389 7085
2005 8465
4525 7547
2772 8676
3195 8261
9177 9516
5679 5784
2883 9008
4699 5659
4529 8887
100 3148
5727 9435
2703 8808
544 8026
5828 9764
2822 6013
6078 9977
6332 7323
7644 8945
2984 6374
5547 6119
4308 5805
7950 9767
3701 7162
6658 8906
6153 7110
1924 4764
7938 8348
7513 7852
5512 9738
8544 8548
2222 9031
723 3066
2661 7559
8189 9867
5624 9617
7198 8712
5386 6611
6617 9119
1651 3972
9916 9993
2745 3016
2169 5096
6037 8142
2385 3589
1800 3429
35 6001
3312 9152
3889 8248
6796 8050
2724 5877
4306 4854
3413 9297
5294 7257
8827 8940
8654 9445
3126 8973
8231 9443
2592 6847
9160 9431
4982 5045
7190 7256
9047 9998
2378 6378
4844 4998
6377 8055
1372 5577
6262 7872
981 7765
8241 9771
4188 8771
4060 9689
2721 8598
5586 8721
1392 3637
9962 9995
4899 5141
1840 8606
1022 1708
8872 9187
1876 6095
1561 3218
9486 9621
7271 7634
7841 9920
4339 9781
7482 9520
6031 9287
6959 8151
3326 9282
8446 8503
3376 5074
2965 8360
1497 4123
9272 9341
350 7761
1061 4459
6655 6760
3462 3817
7248 9940
4825 6942
9953 9976
9754 9983
360 9984
6881 8908
170 4632
6686 9795
6280 8046
7986 9885
5443 7337
7232 8850
5204 6544
9805 9939
9820 9847
495 1199
7959 9614
9016 9067
8898 9758
1348 2787
4324 7606
6128 9596
6274 8877
6520 8569
5572 7534
5938 6639
6759 7917
5763 8391
6352 9944
1665 4504
3625 4424
6843 8172
8913 9664
184 6737
2795 5650
5804 9912
4775 7371
8999 9174
5316 5848
144 7000
9144 9550
2467 9930
4445 5218
9735 9988
7289 9601
9158 9467
4487 6356
6088 8560
980 3703
5401 8473
7839 9227
7021 7672
418 6748
6630 7748
4913 7540
3025 9610
2607 7939
7212 8182
5716 5913
9943 9991
3067 5089
2230 3699
4156 8912
825 8263
9692 9725
7668 9259
6703 6846
5518 8012
3002 5620
1590 2808
3622 7653
307 8333
9224 9283
5034 5530
2056 4530
3564 3715
1303 8349
8512 9769
9831 9948
2780 7640
1384 5558
4565 7528
7272 7458
3209 4175
6912 7022
8713 9643
7065 8580
3428 9300
1905 7722
7266 8338
2564 3651
7376 9237
6761 8400
102 8975
631 2079
9271 9654
3552 8531
1395 8623
470 3685
9355 9835
710 6289
3469 4594
3383 5444
8318 8392
2726 4701
1657 2615
1649 5999
4181 4274
4153 5721
7167 8558
5362 9123
5222 7974
2136 5191
8289 9167
1816 3421
792 6050
365 2736
8579 9290
8122 9832
4038 5456
8075 9439
7788 9461
4676 9356
7616 8730
9029 9958
396 9935
104 8577
417 7691
6069 9938
7505 9715
9978 9986
1963 4521
9460 9968
9201 9270
110 437
1618 1869
4259 8014
4121 4833
5428 7920
870 1633
2127 9017
7987 8027
1703 8431
5238 7012
699 8092
2714 8988
293 9899
3463 9231
2332 6132
7153 8990
6557 9477
3848 7390
8583 9019
6622 8229
6263 7339
2070 5216
8351 9573
3201 5941
2491 7639
5656 7222
1268 3815
9219 9632
9387 9604
9184 9602
6239 7685
8072 9594
5920 9357
4104 4835
6707 9171
3579 5585
7542 8675
6165 9757
2681 3501
7262 7800
9021 9864
3640 4054
6856 8453
4444 7556
9510 9931
8760 9965
4629 7130
6391 9811
1045 4619
7497 8476
6712 7543
7491 8504
5871 9251
6460 7084
5318 9156
2744 7778
4264 9226
698 7446
6147 9565
2370 6500
271 634
8350 8777
7898 8233
2478 5719
8697 8885
5917 9134
8622 9598
8111 9042
197 6474
9500 9542
1732 6594
8 1741
3448 4016
1383 9875
6650 8306
5190 5766
4754 6852
8825 9218
3003 4680
2963 7283
3249 5746
7399 9470
342 8001
598 3644
8971 9005
415 4696
5418 9468
3633 5020
4285 9799
6079 8101
9619 9823
5568 6411
1181 5350
4466 7180
5936 7940
3763 8645
2479 8581
9556 9952
1858 3490
5576 8650
879 1605
3332 4523
8429 9666
7906 9317
429 8835
2743 6022
2692 3769
2289 3656
6554 8219
7912 9528
6867 8948
1759 2498
5587 5660
1653 6216
4610 9110
8984 9239
2593 9645
5036 7701
9423 9589
6763 6822
5992 6934
5448 6649
7206 8508
7045 9861
2993 8137
8070 9634
2007 4282
5335 9084
1067 8733
901 4231
1298 7869
6036 8230
487 1884
6368 9999
7100 7712
2665 6365
9509 9642
9233 9533
4548 4746
3132 5964
810 5931
7803 7908
7884 9083
2010 5109
5013 7905
9853 9951
37 1611
9107 9798
2331 9545
4569 8974
582 2246
3138 5292
4109 7245
2264 8604
2323 5934
3597 9560
7211 9578
4879 6667
7598 8485
8384 9548
5084 9797
9683 9787
6900 9080
2453 4206
2338 2409
941 2712
1145 6568
2240 6572
3187 5714
9584 9739
6445 7851
5396 5974
6724 8778
9332 9982
3308 5129
1863 7217
3419 8806
2771 4011
927 4135
468 6110
9408 9770
6986 7454
8185 8187
3750 3895
24
3543 2836
8838 988
3349 2604
4723 4690
4089 4065
5707 4790
24 4
6935 383
6818 349
855 61
1771 973
6863 2727
6711 4738
6976 2700
1204 974
7553 6574
8726 865
6612 3322
5946 2600
7136 1452
8474 4830
4732 2386
7002 3192
6056 68
