6
6580 7466
6966 7816
5247 6550
737 3884
5872 9389
7847 9526
784
6221 3302
6732 4452
1269 185
869 335
2897 1634
8108 2339
6627 5875
371 252
3510 1884
8919 2168
653 281
9415 3073
8999 6897
7304 7050
3913 2410
952 686
3511 536
8692 2099
8232 711
3496 1825
6926 2998
925 29
1758 656
2542 234
5623 4465
123 36
6910 5560
5326 3799
5201 2019
7169 6667
9209 2098
8261 6073
8065 3634
1345 721
9797 1653
2065 112
9964 5115
9391 434
9289 2251
1231 44
559 136
7469 5302
7197 911
2101 1032
9847 5773
8299 5401
5134 3396
7005 3066
4438 1880
3644 789
7039 5036
6187 5405
1149 115
3460 1022
8977 1333
630 289
8941 4280
3348 1745
6414 3863
6520 4096
5504 2175
9880 9740
401 288
8375 1485
1311 444
2287 1334
39 20
2497 341
2284 1464
1490 1043
5556 5289
7544 46
8586 7893
4245 81
4951 1397
3963 3610
3123 808
5935 3238
5453 3606
1484 935
1995 1394
109 64
6139 2
1639 1442
4985 3149
923 481
5960 4720
3882 973
8983 6921
994 961
785 7
4759 3322
7929 5430
5916 4625
3355 1592
4239 3633
5809 2784
247 200
388 166
3674 995
4882 2227
2004 638
9065 8521
2546 2356
9542 3958
3893 1992
5965 4916
4966 183
8755 7208
1876 473
6337 1587
3060 2268
8617 512
7133 921
6050 2216
9478 372
2146 728
837 714
8050 4363
3053 520
6540 5487
5855 4140
7100 5046
3559 43
4010 3935
5811 5087
1373 120
7363 1243
9601 8370
2499 1809
4233 264
6039 1318
9199 2688
2960 846
3036 903
2675 395
4683 4615
1477 947
8070 1588
6133 3853
4264 1862
1726 21
285 140
7412 4290
7045 2868
9019 8109
2815 2025
6672 4577
6028 145
6535 3499
7458 3336
1911 1448
6558 5224
1135 792
9309 6979
131 113
2492 1379
5778 694
5219 3733
1581 1550
2725 1594
7195 3245
4306 4064
2813 2624
757 57
3696 1480
3643 397
278 177
7481 810
9957 982
7323 2323
786 70
2788 751
732 169
5928 5256
9977 768
8323 1669
7467 7163
9760 9679
3673 975
3390 290
507 259
8179 6944
5660 5536
5470 3493
9575 1018
9223 5277
776 600
8037 5684
6844 5990
2038 416
5328 988
9592 3880
4144 1211
9529 3959
7129 3380
4278 1210
4812 1300
6397 1631
3420 707
2851 2142
6507 5431
807 631
6663 5483
1976 832
4426 2900
1037 363
5515 2936
7860 3003
8501 2152
719 55
3044 2792
9937 6442
8279 962
4386 1058
3745 573
6728 2363
6185 3359
2761 2007
7924 4886
9077 170
1202 1121
7106 5179
8455 6391
1660 426
8851 4457
3836 3101
6784 137
936 494
4502 3286
3223 1360
3549 593
8160 5099
8327 6698
8203 3758
4561 4097
9329 7698
4139 980
1147 957
4846 469
1605 134
5982 5471
2160 1678
237 80
5879 2446
3955 3272
1390 373
6562 5753
8246 1567
7217 3253
3298 62
2947 151
9563 8168
9758 5437
2457 1909
6324 2560
6856 6339
8017 6986
2582 2445
4268 607
870 844
66 58
2507 1321
1524 393
5462 2721
7483 1688
1559 1481
4596 4034
1473 556
6268 2686
3827 615
5817 2650
9757 5686
658 319
1086 813
696 387
5094 2670
7549 5705
7631 2909
6481 4614
7317 1380
2296 565
9925 8163
5924 2873
7745 2266
1944 1056
3937 3103
9702 3167
3443 1811
7976 3333
9817 8049
3914 582
2418 2006
3487 1423
2326 1377
8855 7679
651 317
3311 3147
8979 421
8908 5533
3303 1854
3705 1751
2184 1929
690 68
9812 8213
7262 2129
6309 4943
6100 586
19 15
4513 2606
5296 492
5334 3300
4608 380
1493 83
5158 1635
7665 697
3134 30
5185 4367
4016 1046
8373 1344
8777 7085
9982 3112
1774 1155
7187 6880
8879 7964
3636 1837
8382 1879
8770 4436
7653 5360
316 198
9578 8570
9487 1502
7347 6449
322 190
6639 2844
1517 1184
2641 1186
998 784
1175 971
9142 3598
2593 1720
6731 4480
4187 1496
6772 6214
5547 3181
6206 2452
9151 1907
8164 3100
8626 199
1069 313
1832 167
1546 263
3011 668
6484 1831
5540 3157
4934 1081
3090 1357
892 318
8479 1376
7583 4946
4740 2064
7776 6497
2571 2342
1158 770
9454 8579
9268 6090
4810 2040
4106 1407
8400 5474
18 13
1458 605
3500 2826
7880 3976
8688 2906
1881 1183
6521 2748
249 186
5267 5117
5652 5538
3783 2130
5975 5691
6624 3065
2968 2724
9694 4432
1471 645
450 436
8915 7352
7140 5412
1564 741
3625 2520
3205 964
4647 2002
9436 4649
3563 2241
2764 2496
3817 699
7198 4058
9900 7941
4403 3819
7108 4572
3842 3623
2075 2062
3235 2111
7533 4753
7232 6001
9377 8003
3218 1367
4969 3019
9116 6081
6628 5132
7237 5568
8654 2880
8224 1062
6684 4828
2252 392
9102 3012
5022 857
5994 3386
7561 122
3667 1604
2567 829
5571 4221
6145 5223
1990 438
2334 2030
8787 5197
8225 6125
2732 733
5427 2201
5923 836
5410 528
8729 5139
1400 133
3560 1783
9130 7266
6258 3944
2501 61
7690 3949
3630 2714
2579 59
2358 1882
1460 1140
1727 1637
6879 6756
6346 4605
7432 485
9030 4574
9345 5268
5313 1335
5083 1271
3807 3043
6328 579
7990 7545
8753 4512
4142 581
5147 1297
5049 1000
222 126
3854 860
6318 2421
1207 427
4593 4015
1287 418
1196 1111
4600 3666
5355 3908
4475 1105
9069 8831
7209 6149
8247 1217
7626 6427
3394 575
1847 448
4895 1327
6666 2341
8048 2113
4854 3950
9549 7982
4703 3455
3753 2692
6262 3313
9231 1969
5463 4378
4198 905
7844 3086
8947 6538
1127 993
2301 1024
4185 1392
2687 1073
2449 1093
6311 1479
8568 1017
8348 2864
3233 2029
5991 1536
9954 2244
6912 251
718 71
8821 3889
6584 6419
4354 780
4547 1475
6522 3866
7683 4710
9068 4336
9173 2392
9792 2651
441 291
8590 2080
8069 6429
9762 8191
3881 1866
8580 4196
4081 2343
6909 1516
8413 7719
4324 1212
5730 2848
8334 2817
7749 321
7178 219
7582 6405
7011 1251
2879 359
8756 7570
5959 399
4767 3097
218 93
2722 886
5209 5162
5092 572
2942 1014
6428 209
3429 625
9584 3231
9472 1306
9662 7754
6454 5647
6847 888
1123 938
3970 693
5564 1609
7048 5129
9398 1103
2239 1007
3129 1352
3089 2376
1642 623
361 315
1444 865
9101 3564
2623 812
2922 77
9018 7830
2551 1193
2205 1628
1209 883
4772 3485
4393 2259
6118 3776
7444 5426
3825 2433
2047 1488
7468 3658
6785 2621
8888 3545
2768 1786
8337 6067
2749 1951
3960 3140
5420 4560
8520 7567
4587 2949
7094 4143
6936 2297
8694 1947
2594 2346
3376 1195
6150 3887
4234 2615
6335 1571
4761 4578
7246 7211
8973 7068
5057 5038
3127 1625
5191 4789
8055 4708
6225 1343
9388 7613
2428 1983
5347 4038
9340 660
9635 6220
7462 3646
8181 4839
6703 1247
8036 7681
253 119
7522 564
8857 3808
9351 7992
5364 1068
5324 3200
6722 1987
5988 2498
2068 644
8409 5680
2734 1095
731 32
7369 1012
7273 1691
5490 4736
8938 4973
5931 5175
7869 4200
2894 800
7649 2324
8715 2866
7983 2347
2230 108
555 40
8192 5294
927 546
6254 3360
505 231
7769 5866
2701 535
2139 1
82 73
8970 8090
1788 31
6341 5491
270 194
8096 5021
2458 692
404 254
996 443
9606 374
1026 38
894 300
60 10
4237 3288
9131 6176
9249 4570
7166 4346
3747 1164
2740 2381
3879 2409
9825 3492
4664 4420
5411 192
7319 5593
6472 2810
7825 2011
9371 4847
7060 4592
3035 1054
3795 1050
8447 6858
1432 1173
2379 542
2928 1113
6630 2271
1551 476
7513 5142
989 452
3441 2516
5979 1346
4726 467
3581 2834
7572 4799
978 635
9944 5418
7293 6718
3370 1289
7951 1463
1527 296
5461 4413
8691 6003
841 370
4579 3421
9798 8533
4340 3580
2751 595
8847 3236
2478 161
1182 873
6477 4920
7866 6745
9484 4256
9560 8449
7263 5634
7143 4627
9778 273
8690 4857
9887 5603
3669 1912
7550 7164
1261 513
1425 619
868 508
5506 4551
8985 8721
1356 968
368 277
6963 3052
5339 4835
1070 430
6544 3792
8934 8136
7012 2361
7135 2635
666 63
7957 2584
4554 3349
2352 1378
5096 4888
8576 1361
8489 2380
1666 749
9903 3806
3627 1962
2613 102
1701 1091
8538 491
9061 5673
7517 6223
6611 5433
2157 175
8906 8840
3341 900
1749 1667
8132 4696
4028 1530
2967 180
3989 2288
537 498
4093 2554
742 117
4715 4691
7673 3773
3334 1213
3584 1504
1280 354
3393 3067
7056 5135
3939 3772
3707 1799
2683 1771
3051 1324
3472 3377
4001 2962
2102 949
9974 5127
1988 1474
7073 3114
4102 1597
7433 6512
5035 3374
5783 4915
6928 260
9263 5276
2741 1374
9732 8914
5320 3204
4725 1358
942 402
5719 2558
765 150
5784 2735
8244 6479
6559 2842
9040 1865
470 142
3726 2070
876 734
5279 4669
5305 4448
532 165
2703 478
2430 524
5644 189
