476
679 4106
5551 7089
7536 9937
4120 4298
7368 7647
9845 9961
7508 8155
6428 6456
9050 9745
7704 7770
542 2766
3949 5816
1282 8092
8437 9949
2403 2513
544 9836
2602 3609
6846 9473
3690 7910
770 5011
7874 9676
1844 7160
7531 8936
1120 3000
2102 4753
8154 9352
891 7162
2368 5743
6080 9524
9193 9371
3360 6934
6855 9285
1856 9297
353 8163
9113 9378
6711 9819
3831 4195
3997 4922
7052 8333
2846 4022
3021 5350
5976 6206
7696 8263
6859 9538
959 9783
5422 6809
6074 8701
9301 9824
9255 9843
122 7887
9569 9703
4599 8362
6032 8508
727 3607
740 4430
2186 4382
6985 7571
2903 5578
6169 9218
4667 7414
8536 8594
9085 9401
1572 4530
7650 8489
3485 6783
2549 9325
7169 8615
2727 3980
1877 3704
3495 5958
2338 5948
8520 9802
7893 9309
3924 5355
9437 9777
909 4499
1995 9196
2184 7367
8108 9161
1129 9733
1094 4850
4268 9696
4984 6826
4019 6640
8605 8783
9521 9938
4176 4270
5876 9752
9604 9615
7031 8126
4142 6604
5425 6019
5981 7661
8913 9092
8582 9882
9231 9376
6582 8410
4074 8111
4216 9279
8659 9468
5771 7404
2696 4375
7561 7684
9954 9965
4950 5010
7448 8631
5599 8868
2068 3576
3314 5052
6898 9465
7605 7905
2146 4030
9543 9691
1148 7059
2432 8417
1558 6037
3897 4422
2802 9987
3119 9690
2328 4899
5748 9006
877 6943
5379 7108
412 992
5413 8076
4226 8588
2380 5417
5673 7550
746 4584
4388 8068
905 7220
4596 5076
1154 7625
6931 9670
1956 8857
1586 5689
4169 7257
8880 9653
1189 6786
8024 8869
4029 4855
6485 9964
8122 8464
4330 4813
8282 9652
2793 4893
9389 9997
2643 3982
4832 6471
9860 9944
3812 7313
2502 3464
8574 8906
7269 7724
2282 3608
5083 6829
298 6475
8629 9026
6323 8724
4785 8021
37 5004
4414 6185
2842 4103
5789 9723
8856 9230
2349 2626
6830 7453
1193 8808
2713 6589
3083 5433
8079 9146
7937 8156
4898 5669
4012 8435
428 3918
3700 5155
54 3523
9585 9750
2166 6581
8305 8551
1317 3388
5049 5922
5822 8517
3706 3836
4835 9729
3187 9494
4820 6584
9707 9976
7973 8266
3560 8293
9395 9846
1668 8075
9189 9940
8619 9124
4447 8961
6310 8046
7793 8012
2011 9608
4301 8361
688 2591
7845 7963
794 7198
2608 2873
6927 7434
5326 5698
8997 9695
7084 9625
2648 7498
2915 2932
8182 9031
4356 4779
9090 9105
5724 6992
4433 4660
6712 8949
2437 6075
5220 6029
2051 9342
6707 8834
6418 8996
4723 9686
9734 9735
5315 6528
2120 5193
749 760
2986 8343
4114 7534
2325 8943
1542 2845
6003 8251
4166 4859
2323 9645
8322 8677
3214 8863
9099 9336
5386 6433
6054 9222
4829 5074
3353 9522
657 4484
6214 7043
9004 9984
9839 9875
3012 4804
4324 6685
3159 4977
1911 2920
1618 3776
15 9537
1190 7517
4386 7912
8786 9190
3822 7656
5058 6244
4689 4904
78 9667
826 1954
6642 9430
8684 9640
7780 9586
8621 9985
6524 8873
9924 9974
6662 9211
1372 1851
5133 5928
7978 8604
440 8196
3423 6278
7376 9955
8234 8241
2971 5672
6843 8049
44 2838
802 8706
7496 8077
8914 9018
1338 7003
4032 6703
8462 8994
2048 5812
7797 9134
4404 8316
9307 9507
1312 5886
7168 7871
2150 5407
3264 7243
3646 3696
9616 9988
4481 8975
247 1677
1915 2588
7581 8858
3244 4192
76 7341
9589 9648
3053 9764
5652 6297
8438 9369
3971 5574
2789 3367
6285 6372
8810 9012
8411 8498
7490 9651
6437 7385
1913 7409
6056 9013
7668 8980
4213 7818
673 841
8350 8755
3903 9536
8780 9807
2045 2662
4743 6375
1309 5158
352 7624
3471 4171
154 2074
8246 8795
8222 9689
2058 3851
1225 8389
9104 9107
6474 7380
7622 7768
4982 8872
5986 6741
9011 9766
7113 8927
437 5509
7603 7746
2557 9505
929 2225
8331 9657
7416 9214
1427 9067
72 4945
9459 9760
7213 8018
781 996
713 4526
9692 9982
912 4641
3569 6436
7473 8730
4078 8492
135 2171
593 7960
7150 9587
8365 9841
5571 8368
739 2947
5206 5448
4360 9528
3243 8259
2178 6384
9720 9922
988 6979
4517 5562
1020 7302
3347 9492
1607 4763
4570 9563
5676 6914
9191 9779
6096 6623
8210 9761
1273 8583
8610 9278
3175 4112
6252 6505
7821 8207
8586 9283
1480 5666
7245 8307
895 2135
6958 9712
1250 3297
6439 8399
101 7049
9715 9994
9619 9632
6441 9398
3152 6073
6990 9675
8198 9663
4769 6515
6392 8894
9622 9830
3774 4372
8380 9916
7731 9472
2913 6920
6351 7986
8968 9927
6106 8351
5366 8785
3604 6298
919 7810
98 7366
7658 9330
9228 9417
5121 9490
5959 7836
5435 9716
1675 8661
8257 9084
1779 2496
7275 9435
906 8379
93 6684
651 1597
1912 2262
8146 8161
8749 9149
9244 9252
3370 5430
4347 7138
5281 9510
2739 3027
5664 7277
9333 9440
5473 7598
2575 7431
6026 7825
7401 9639
3036 5949
3497 7745
1407 8653
8100 9684
2254 2394
4802 7240
2259 5411
3295 6333
6904 9977
8052 9340
7020 7569
1738 1750
5580 6513
7667 8892
3343 7264
4639 7234
1486 6751
7641 9942
5338 8226
4794 9501
5375 6307
7056 7676
9350 9412
6643 9206
4458 9170
1183 9629
987 7933
9968 9995
1725 9436
2115 6742
4619 9234
6588 9835
3760 8105
7796 9154
9509 9867
2946 4387
2418 3211
6670 8290
8308 9698
7666 8328
8312 8472
1110 1949
5775 8649
7891 8865
6803 8400
4712 8010
5036 8383
60
7814 3964
8084 2367
949 904
6166 5955
4762 3716
4622 4185
1801 1023
9470 9331
1142 496
5381 4010
2567 1141
2599 30
3864 2392
2185 1036
2264 809
5869 5109
2815 1138
2690 476
2803 1941
842 391
2128 240
7111 108
8086 3398
5232 1906
7392 5978
5205 1857
4546 902
3817 1537
7163 6634
6416 2142
7194 1131
7613 5892
6175 594
9215 447
3856 683
2597 1339
1894 497
9374 8173
6890 3550
4122 3449
8482 7608
4101 153
7073 5230
5891 2430
6386 3722
2554 2363
1173 1076
9030 8852
205 102
8330 2948
6719 5161
9445 175
179 69
4933 2799
4423 1994
3901 3805
4045 136
100 24
9237 6737
6509 6472
