586
1753 5959
9954 9956
9224 9928
6855 7953
553 820
5496 8459
8692 8943
2464 8580
8817 8960
3665 4728
6528 8825
7965 8178
2792 4298
3053 3124
694 7279
3862 8224
3312 6015
7973 9226
6964 9300
739 4441
3542 5797
3597 4106
9471 9687
4460 5862
3561 3991
576 6436
6210 6549
5596 8019
8307 9857
2518 6716
126 5501
596 7482
8865 9273
7224 7526
5860 7248
2910 9512
8138 8776
9429 9772
9261 9445
2599 5450
5085 5987
1041 9105
4562 6500
6467 7278
7712 8273
1709 7113
3837 7451
3858 6525
6057 6193
9101 9210
8055 9744
4802 8613
4861 9362
2629 5083
9724 9736
2231 2489
5873 8554
2293 8650
3870 7467
1705 7589
8196 9547
4148 5784
3320 4227
760 5458
9966 9983
9756 9904
7235 8520
2791 6056
1066 5373
6099 6686
9158 9941
6172 9334
94 3069
7311 8144
4350 5628
9340 9664
5819 6002
8779 9286
8936 9383
7261 7956
1859 7256
3456 3812
3659 7817
5560 9742
79 9067
1428 8930
47 6227
494 7014
2660 9417
999 4323
3755 8449
9925 9955
9149 9290
5534 7501
3678 6973
9516 9556
3621 4505
8301 8392
4076 7348
2403 2726
359 3978
5321 8792
1828 3217
17 339
6547 9302
6043 8460
8526 8975
5947 8780
6378 9370
5730 6946
831 4954
8747 9263
2022 3996
9858 9905
2119 8767
5366 8798
1232 7253
3154 9694
9876 9936
9191 9957
8503 9786
2708 5095
2586 8805
7078 7101
7572 9813
5305 7423
8739 8756
7758 7801
9229 9633
3201 8257
757 1111
9365 9654
3351 5902
2081 6914
6913 7663
7718 7821
6889 9235
4475 7152
6597 9731
2105 4189
6319 9709
1150 8871
565 8342
8529 9677
2995 7922
1294 6782
9863 9907
8710 8889
9769 9915
3294 3384
601 2744
5788 6975
1560 8820
6361 8523
6832 9267
783 8499
789 2786
6241 8446
6352 9208
498 5713
3604 4732
7255 7390
2235 4645
7480 8397
2930 9978
5731 8730
5742 6790
6543 9023
430 3280
399 1454
14 3856
5907 6837
5060 7744
6635 7666
8707 9005
5867 8679
5236 7366
3810 7627
6905 7787
7773 9311
7457 7613
8283 9970
8656 8842
1245 9995
1426 3167
6564 7343
4689 4951
3939 4815
5574 9463
1398 8724
3570 8585
5652 9298
8833 8998
1726 7180
8120 8165
5078 8042
8619 9336
1011 7139
8034 8251
523 4972
3393 9236
7146 7251
7915 9635
7687 8405
34 1204
3594 6883
7418 7867
6219 6828
9989 9997
5162 5506
5803 7881
963 5533
7066 7630
2873 8991
1749 4248
8553 9128
841 5724
3684 5577
6645 9605
6858 8075
9084 9387
1362 4674
3799 8579
2983 6515
938 4395
5020 7628
58 6495
5114 8236
4777 7721
2218 7635
8532 8895
462 2813
299 9766
222 9900
2831 4755
1733 6706
9924 9951
1787 8594
8938 9368
550 8539
5801 7799
2782 7711
1611 4074
5764 5904
7326 8509
9152 9696
4622 4864
1590 2393
1132 9896
1615 2013
2282 7946
766 3881
2563 5915
4398 9927
4591 6493
5924 7611
1850 3322
9684 9874
6054 7373
202 2719
1684 5835
1261 6019
6499 7555
7921 9520
6811 7651
5096 5387
586 4922
281 3423
72 4571
4945 5515
4530 8214
3934 9269
469 8822
4359 9270
8309 9055
3318 7012
6350 8552
8041 9185
3883 9711
4516 8314
4478 4625
5870 8232
3751 5733
9415 9783
8355 9738
4031 6313
3819 5185
6743 9774
7745 8821
7028 7417
741 8332
6155 9406
2650 7084
5693 9124
8995 9348
3787 4015
9830 9994
3686 6168
1493 4125
6931 9725
9946 9992
6879 8008
7085 9159
6397 8128
8415 8652
7104 9835
1577 7520
8456 8538
6553 9775
6805 7460
4007 5571
2039 3254
7551 7797
5702 8988
7631 8561
2097 8368
6373 8870
4314 9784
896 2616
7449 9877
4640 8254
2326 7856
6866 8081
6311 9024
9844 9976
9121 9940
6965 7329
6604 7297
8330 9810
2137 3940
1518 8046
7840 9734
49 2383
6198 7404
1915 5882
8452 9237
2279 8014
7111 7473
570 3680
5274 5499
6400 7554
7749 7796
3708 6752
853 1596
4217 8862
5477 7387
6912 8315
1504 8750
751 7912
910 4515
1270 8039
6727 7174
7462 8299
2112 2250
4618 5739
7580 9275
6562 9668
9782 9787
8371 9879
4683 6531
5382 8143
3113 6707
8749 9361
3155 5197
1782 5466
6773 7068
7641 8204
2323 5117
7250 7550
1015 1583
1804 5364
3896 8006
2907 4642
2006 6039
4196 6943
4274 9773
1616 9407
7247 9541
5578 8700
8050 9672
6745 8291
8636 9702
5951 9228
9746 9801
323 4819
639 9227
4414 8894
2052 4681
1316 7771
3958 8659
7656 8795
6418 8478
3721 8436
7428 9013
2775 6940
9004 9141
5165 5295
2838 7617
9130 9327
8769 9594
3110 8375
4295 5342
6696 6710
144 677
3872 8061
333 1947
3448 4178
2560 8322
9862 9882
6028 8101
2317 4011
4250 5879
5076 5469
9355 9372
8154 8306
1114 7810
3973 9795
4407 5770
9074 9505
8898 9881
7723 8122
6454 8310
3030 5771
3070 9574
1954 3970
8876 9562
5429 5781
3545 9840
2094 6917
3599 6998
5952 6291
3886 7369
1199 9758
3967 8840
1346 4582
85 6473
3914 5938
7469 7499
8850 9170
9255 9779
7857 8421
3068 9595
5916 9917
9678 9850
6843 6862
2601 4812
960 2654
1134 5071
6033 6206
4442 5698
890 8546
6048 7170
9685 9730
75 8722
6399 6475
6026 8727
5375 6620
5415 6119
2035 2490
2024 7214
4224 9996
7907 9853
4579 9768
3164 6885
1060 4731
2301 2337
1191 9047
8732 8783
5678 7873
8218 9670
7149 9299
5941 8067
6668 7393
887 6530
1107 8504
2261 4245
833 5825
5622 7259
5237 7317
5178 5734
7020 9713
1368 1565
256 4775
100 5561
4206 6267
4876 5800
9398 9501
1263 9610
8126 8340
7615 9374
5888 6672
93 3850
7778 8210
8250 9551
5995 7217
5080 8788
800 2893
6243 7941
2963 8393
7009 8445
9886 9963
1148 6971
9523 9944
4627 6751
7392 9310
1186 8745
5138 6749
5606 6765
9091 9346
1573 4539
3102 9752
5463 6804
3747 4932
5223 8152
4371 6237
7316 9142
2636 7264
161 9570
5697 5716
3388 7722
690 2351
6455 8929
2128 7852
7566 7944
9797 9805
7970 8500
8135 9245
6684 8035
6071 9099
6045 8508
4321 8566
8677 9087
291 602
244 8568
6284 8070
965 9022
8156 9338
5172 6834
5765 8173
2208 4952
3929 5323
8985 9823
5161 5487
4676 6138
5479 7557
2733 4432
7291 9597
4093 8785
5847 8198
4455 6508
4698 5112
5169 9350
7839 8305
3732 7105
2480 3847
1979 5556
9116 9967
6961 9548
8968 9436
1394 8037
3742 4489
3923 9809
1978 3057
4457 8702
1784 9939
3049 4073
6100 9689
8082 8649
3382 4036
4568 6121
3833 4784
6756 9111
5745 8908
3264 4253
5928 6252
3866 6278
3487 8879
8717 8963
7040 9880
6126 7225
5303 5978
2889 6248
9718 9913
2888 7175
4590 4621
7128 8706
645
4877 2241
606 551
6593 3180
4660 3631
9254 1710
1009 394
3386 3341
4930 2505
8303 6638
2234 1674
1090 682
6601 401
823 588
1418 1118
2965 533
2755 1296
7095 192
1076 707
7858 6215
3477 2848
1677 1190
1926 1652
2183 1084
6300 5689
1764 855
1902 36
3698 3536
8043 7219
8260 1991
2008 1043
3220 433
8982 2972
8256 5331
8555 2079
1953 275
7878 5960
424 264
301 141
84 53
2939 906
7703 280
8388 3651
2288 2016
1273 929
9908 7130
2987 1474
651 508
724 419
1310 888
4746 1923
9549 4988
1839 1048
6415 5600
1319 186
7741 5961
1168 1055
5471 4179
4424 3909
4444 2473
3774 3303
5826 506
3908 2154
65 44
38 5
9297 7347
3440 300
537 212
9230 6609
3560 2590
4213 1865
9066 4287
2460 106
979 799
7726 948
4542 3101
4555 3269
9064 3435
2865 247
4334 3511
6465 2041
7342 1140
972 561
936 607
5703 1293
5483 4849
2063 1324
1637 1080
9526 1885
8573 4358
1244 1016
5390 377
5159 808
330 64
4309 918
8591 2280
7254 5317
4087 1605
5333 4113
2372 1756
5003 2454
9802 827
9439 1104
3493 647
7402 1000
8771 672
9071 3558
5992 2638
1233 1045
2332 1997
1415 303
9437 2765
4410 1472
7509 1120
738 217
1133 653
2266 1211
7899 5070
7618 7284
3404 2335
7466 232
9807 7153
6533 1698
9883 2811
8501 3992
3635 1932
5414 2064
7634 986
3522 581
8025 6784
6202 234
2175 988
1225 593
3107 1766
9897 1886
692 15
7993 2349
952 320
2114 1032
6037 2494
564 223
3149 468
7999 484
2967 2725
2934 2102
3689 1200
9712 6304
8860 1610
2409 1266
4742 2903
7593 5243
5376 3169
4089 2168
4413 83
5509 536
2074 574
4 1
2316 525
1195 782
7208 5913
2171 86
319 35
1101 514
5523 1162
5597 4763
2677 2347
9262 2009
9521 5544
7503 6916
3725 954
509 395
7533 4300
6144 495
587 485
3827 1752
7114 4243
2712 1047
7125 5187
2953 2089
7302 5550
3526 1384
4600 2999
9183 6254
2661 450
9852 5345
1342 1207
8506 4548
933 709
3963 2543
1739 95
4901 1361
183 31
440 340
6490 1473
2814 2596
6266 362
284 169
8816 5549
8117 7883
5833 1743
4826 1511
8428 1152
7178 885
2611 2202
8029 6970
6540 5434
3769 1655
862 372
2727 1250
2947 2676
3960 2418
7736 6428
4351 2095
2909 1917
9109 3916
7424 2077
8418 4998
5100 113
6861 3275
1369 57
9212 2028
6873 5706
1085 133
8709 4616
5659 4977
3289 145
6892 3307
3262 2417
8911 6321
2737 1623
5281 729
351 262
5557 1771
5388 3239
7730 307
7715 2929
9321 8682
3022 2943
5541 459
5188 643
5098 3828
7661 3748
6872 4970
6583 6312
2209 732
8571 6824
3095 2521
5453 2217
4336 4265
7477 2321
4291 1315
7740 5368
1725 306
9441 8681
8294 2931
8058 4063
1553 1517
1778 1380
2745 2742
6429 1431
1769 1479
2220 2179
8141 374
7312 2680
237 112
3064 2429
3492 229
9692 6937
9676 968
3295 2193
7050 5823
8616 3194
8977 4156
8920 7720
3020 2612
3078 149
6685 3150
429 108
4468 3457
4043 2034
9442 1898
8297 2768
4303 608
9325 6806
6233 3478
7262 908
7349 4381
870 195
3804 182
1226 251
8320 4491
7368 4536
7562 2380
842 655
9347 9193
2032 1564
1993 224
1467 1050
8139 6153
7506 6868
9011 3075
8941 6004
3924 3624
9003 7357
1639 1585
9458 7732
8695 5591
4595 444
4366 1941
8339 4636
4927 1980
6124 4337
9503 7376
8558 1025
6274 3272
1411 1021
2535 1551
7544 6427
913 189
5634 4324
6078 2149
9565 1307
4013 1008
4172 4025
6481 3654
7223 6555
3660 2300
8060 7959
6506 780
7397 4312
8964 1723
863 310
4508 447
2051 1209
9186 3772
9202 3959
5863 3845
2881 2182
8358 7127
6216 1552
5009 688
4218 2801
4185 3332
560 61
6762 1057
5208 4472
2152 832
2148 983
5435 3358
9932 8215
4658 4538
7948 332
2864 554
6003 334
7063 3836
9646 4349
2928 530
7917 4447
6968 4181
2659 2519
9573 3588
6194 3484
3949 3179
8130 2716
1966 599
4427 2053
1821 1227
7731 4343
2088 1524
3813 3265
1818 1196
5048 962
6095 253
5397 2143
6029 4597
3026 158
5218 2001
3637 1449
7338 2658
8285 1929
9961 9902
8813 3329
7895 25
3276 1509
1856 1471
8670 1788
5454 562
8431 7806
9511 8665
9820 3770
500 148
2749 1707
6149 248
6123 3983
2109 277
9674 1891
1407 629
4297 2925
9480 8778
731 478
4701 1829
2568 2319
4138 184
829 139
5815 87
8057 1913
5446 1172
8598 5309
4273 2844
2030 151
9173 8916
6758 4619
3811 987
4163 1005
4411 439
3096 1012
7653 1423
5103 2365
809 785
797 238
5343 4183
6771 2633
7710 1971
1630 585
4461 1027
7760 4851
9096 6281
2135 1117
6730 636
6713 5796
8202 3208
5814 5087
8893 2228
1603 27
5875 1386
3541 2227
2646 2516
5158 96
3396 708
5289 1455
1329 812
9722 1151
2299 519
5711 2309
4910 2272
1416 697
6856 4428
8927 5590
4119 2514
8277 5428
6737 1378
3343 2469
5807 2552
3246 3023
143 3
9446 5234
5090 4551
9431 5554
7869 5794
6511 6130
7157 670
5619 3489
8091 4173
7957 6514
6055 3494
383 135
6600 4240
3961 541
5704 719
3533 663
5336 2682
8718 4160
1452 695
5695 249
7493 865
1475 925
4650 2525
5887 2364
9474 8713
7563 56
7529 3590
6870 5459
7039 3238
5396 325
9107 6192
4385 3557
1563 1345
6383 6171
7215 6814
3134 2537
196 162
7898 436
5816 2512
2078 1229
8158 5410
6338 1681
522 210
5565 3302
3270 1931
4290 2859
8216 2387
3207 1420
7768 3221
3997 2937
345 214
6186 6044
7057 6431
156 28
8748 1720
5640 2914
1773 990
2311 2133
1624 717
3389 1405
7194 5140
914 866
8622 8068
6591 4929
8623 6348
3234 1852
7441 520
8003 7171
2732 2353
7819 6020
6548 1023
166 122
4524 4052
3119 2251
7244 1960
6794 1502
368 343
6270 3998
2003 765
7930 5787
2368 1622
6732 4629
4892 886
2199 1942
2769 895
9634 657
9971 7584
7951 3559
2655 810
4046 2975
1051 504
9016 6064
7541 6125
7904 2663
3455 2050
7850 3835
1109 880
8491 5609
2017 39
3160 1372
818 617
1488 1265
1121 513
1736 115
7015 5827
9891 6960
6250 4985
9104 5931
5431 1340
7034 6310
4801 1145
3647 597
6451 4257
9719 9373
2949 1516
8772 7029
6025 1282
4249 1621
5445 4307
2790 2269
9488 4996
9837 7294
3109 2101
4406 2845
9123 4669
1906 515
9354 270
4402 1745
9333 1845
9081 4187
5555 1864
8401 4779
3615 1986
3192 1644
6249 4630
6343 104
5019 1205
1087 893
5495 2571
8979 8266
6789 4971
3738 2781
7960 7504
2867 1676
7822 2374
6617 566
9870 5584
1164 129
6825 1374
8657 571
8044 6901
8181 3453
2176 748
9899 9865
6297 2743
9222 7515
7026 3233
6698 6443
3639 1166
7492 3224
2879 2336
7365 3441
3313 2413
4710 3773
9926 8576
9914 451
7137 922
7689 3509
5828 176
1379 840
9791 6336
5374 1280
3969 3345
6035 4692
1430 656
9278 7511
6238 2534
598 278
9555 8017
7911 3059
2129 1692
4487 944
5500 2941
6642 5068
3905 3584
2061 2048
5015 1303
4437 2520
2388 348
2730 977
6646 605
8207 4914
