374
9549 9882
7023 8849
4635 5738
1319 8616
5923 9533
7019 9774
7643 8408
4165 6196
6607 9684
4266 7867
3688 9496
8025 8919
9994 9996
2344 3286
1074 1222
2458 4484
6559 9766
9522 9816
7099 9830
4898 8963
9810 9927
343 2193
9835 9929
4411 4943
9336 9519
119 631
8946 9991
1594 9494
9925 9990
2759 5819
8381 9106
9122 9355
4591 8621
5905 8541
9529 9970
1755 2564
7809 9156
1137 1356
947 5369
158 4106
4387 6791
7201 8321
7953 8651
1943 5567
1522 4091
7635 8094
2592 3775
7572 7843
7082 8872
6326 8460
8964 9259
1562 6336
7737 8861
301 3386
261 1427
5027 6488
623 9590
9322 9726
974 1990
164 2525
9760 9881
20 5122
9973 9987
5381 6882
7462 8380
5317 9130
5042 8079
8384 9294
2572 7328
9963 9976
323 1622
1781 2409
9085 9807
907 4310
9862 9893
5250 8033
320 3729
786 4120
5367 8972
5897 6014
7200 8202
1316 7924
1722 2612
544 8338
7931 8599
357 8438
140 5474
4612 7846
9394 9736
6779 7892
2565 6412
120 5523
8404 9702
8526 9243
8485 9844
6052 8531
3301 6577
8122 9659
7441 8065
7798 8251
3861 6986
6212 8041
3769 9951
1662 7473
6757 8682
3175 7939
457 3894
9665 9775
3166 7832
3376 9286
9811 9814
7071 7690
9076 9506
5496 9602
431 9026
4021 9187
1089 8568
6629 9462
7348 9248
7080 9432
4507 9750
3200 8694
8490 9159
2991 3313
5259 8891
4568 8709
8112 8172
7300 7934
4915 7639
5391 7671
7279 8279
219 2575
5386 8272
2281 4268
6508 7041
3156 9449
1628 1980
4369 6231
2263 8948
3821 8220
8001 8464
8559 8892
3807 9352
7896 8901
4395 5086
4497 6847
5818 8267
1006 1567
4112 7353
9980 9988
6051 8878
1174 8837
9906 9928
2023 9871
6697 7165
4097 4460
2718 5921
3575 6081
5748 8070
6490 7979
3065 4317
7609 9577
8712 8991
5497 9568
9003 9021
6905 7679
2004 2974
9982 9999
1039 6121
4697 7006
3174 7708
5983 9704
3078 5754
5741 8852
7312 9004
3568 4494
4706 5447
9112 9401
5596 7853
2702 3618
170 2999
365 9821
4827 7444
2082 2343
1073 4092
2129 5747
6915 9672
8617 9619
5021 9679
4651 7624
64 5087
8282 9292
8407 9818
2347 6244
5344 9207
321 6602
9573 9729
4728 5426
3074 4199
3665 7650
364 5518
3273 3942
2754 8961
4785 5251
3373 8777
6250 6310
9179 9861
4526 9417
2403 2537
4905 7707
4234 7685
1679 4570
9681 9838
9794 9856
6886 7899
9584 9754
7640 9869
5277 9802
904 1614
706 2426
9363 9479
3949 5448
2229 5364
6137 7861
244 7529
7845 8767
7562 7936
7263 7427
6939 7855
7840 7889
2793 4576
7449 8444
9119 9505
924 2763
3516 4985
1842 3613
6997 7719
1459 8804
6899 9229
2036 3259
2634 6751
6688 7299
9749 9826
2151 7211
1828 8165
9028 9102
85 5233
4272 5572
9308 9724
1988 3723
9094 9707
5145 6397
4545 6873
9262 9547
122 8466
9567 9606
5703 7042
3186 4202
7182 9064
5792 8547
7130 7672
5226 8255
2047 5524
4029 5181
7007 7838
7375 9877
5400 7613
5604 7033
4081 5260
826 8696
8484 8649
5304 9097
2042 5801
3679 9502
152 8944
9650 9772
2504 3825
1591 8213
9852 9855
2780 5591
6436 8771
8608 8632
2850 8473
1741 9201
2578 3248
2444 5282
6845 9858
6842 9824
2177 6700
3770 4693
8283 9285
7872 8232
7611 8205
2515 6642
250 820
7935 8622
5375 7998
9972 9981
4847 9942
6215 9040
681 1636
791 7162
8099 9184
4119 9748
2969 6421
711 7808
8784 9998
5176 6038
9422 9673
7499 8366
8593 8793
1848 5906
8907 9762
8077 9033
9342 9765
830 1965
4003 6453
498 6012
5875 7185
309 5583
4991 8333
4161 6805
4409 7946
6322 9900
2631 5594
7975 9732
181 6249
3002 6758
8774 9205
2958 4877
9769 9865
677 8661
4886 5419
8472 9307
424 720
4445 5651
5040 9025
1227 6906
1645 5609
4280 9078
2810 4640
3559 5641
2656 5611
116 466
2836 5247
5068 8564
8515 8763
2783 6754
6113 9892
6002 7426
9338 9823
5351 6813
6254 8249
6176 6579
27 6340
337 4754
9661 9952
1480 8676
8385 8436
7618 8516
6156 6494
6898 8770
5719 8227
8029 9706
7083 7197
8828 9595
7437 7746
7469 9475
8956 9645
7471 8535
3687 9829
3667 7658
4562 8274
4312 9689
386
1724 1331
7147 6940
3055 2232
5702 1215
7942 4599
2745 787
6438 6416
5791 4273
3224 809
981 12
8208 4965
5908 114
5343 3859
4333 2162
411 77
3126 360
917 327
4751 3244
9404 751
54 23
7146 636
4383 4339
2777 2394
5932 3630
5723 2797
8620 570
2413 986
7342 5440
2202 567
7515 2433
124 19
9752 1462
3281 664
4055 2963
5914 2782
8847 4948
7163 5681
6851 667
6023 4933
9010 3766
6309 4527
1090 151
4046 1233
1721 205
6234 3046
7119 2509
1333 972
1392 756
3268 1612
1127 145
4538 3450
8303 7465
5412 3119
9375 4196
4325 897
9632 7683
374 66
6273 5804
9735 1999
5306 2241
6167 322
9733 2053
5262 3818
6065 5355
6365 3826
6627 8
7763 1997
9105 2701
6653 2022
1416 989
8295 6900
3331 655
4653 1298
4663 1824
5431 4776
5904 1287
5481 789
9636 5183
7420 6675
2886 484
1266 286
8864 3995
3023 2037
3370 692
5184 3848
9091 8349
3842 1633
4689 2807
3585 2454
4404 4302
8551 8502
3056 1982
1020 249
5210 2122
1869 1703
3953 3371
1935 805
822 634
6992 6263
4472 3359
5349 1500
6612 2641
850 507
9153 6246
7825 6780
3834 2352
8974 1032
4559 2944
9542 1561
6033 1145
6060 3377
6492 2868
2737 1816
6630 510
768 549
5876 3565
7172 4236
2420 340
7472 5854
6532 5077
6062 345
2964 1029
4476 1338
81 1
9349 3521
6913 1047
8935 6141
5110 3576
8405 5187
8545 3744
4140 1365
1189 73
2014 1492
6489 4541
5856 1632
8467 5865
8069 7175
6685 6387
269 241
4820 3010
6633 1852
1151 391
9708 1461
2324 2283
6500 4865
5610 2911
4433 2194
1263 405
4084 3959
7522 2721
7061 5388
5917 2848
5347 3529
3190 2291
8769 7594
2298 813
8361 4324
4407 2404
3899 880
592 367
4022 186
4855 108
7524 4590
7212 4477
2028 712
9072 5823
5910 1388
8175 3633
400 359
4371 1868
1973 576
8951 5953
4297 4132
1464 1387
1657 1114
9905 9523
4810 2430
7183 6696
2733 2080
6861 2785
6828 5694
6622 2809
7984 5849
7027 6134
6657 3531
439 212
4840 3468
5257 777
1262 342
18 6
1574 502
7223 5828
1423 28
1057 306
1486 960
9444 4311
8424 952
4846 2514
6166 4968
2663 925
2757 1408
6435 2233
3623 3418
2586 1394
752 661
4510 3793
344 150
2087 289
1239 291
8307 14
5269 2988
1701 695
3564 2945
4028 1422
3283 2510
6003 178
8374 885
4790 3920
1168 103
5960 3500
5660 4088
2205 353
8745 8422
538 259
7506 5614
3594 1939
6169 5545
7793 2072
4645 4240
1981 1799
7068 864
6673 818
4851 3877
147 38
356 132
3034 1596
7448 1279
7799 7701
2368 505
2675 1653
8862 247
814 300
6843 5185
5593 862
7567 2321
5564 4573
3539 3102
4616 325
9054 4128
8904 4967
6352 5933
728 569
5649 1311
1906 459
9847 8817
6069 2107
8007 719
1257 926
8360 7625
6977 6418
4824 2018
670 303
5409 2623
1914 964
1953 1314
5492 976
6393 5773
75 31
4959 579
1009 254
9901 7898
9454 7159
8347 5270
4338 1730
3285 2744
2385 1872
1658 490
8754 2182
8757 1017
1536 1026
2138 1709
7208 4298
2690 1770
3906 2314
2561 352
2173 143
1254 1141
8875 4159
3214 2251
2171 802
56 22
4639 4306
471 161
4410 744
480 52
4327 3252
2839 504
3127 2311
702 89
6487 5501
9710 5574
9373 3217
2694 883
8486 3772
4821 3304
5926 3020
7585 6077
1894 175
8503 545
2602 539
5971 803
7955 4364
3646 1676
6715 2313
3838 1843
2933 47
7055 1097
2560 270
5662 4841
5305 1917
2393 410
5022 4070
8117 2762
5166 561
6729 4503
4838 4307
5590 4752
4125 3787
4155 2772
5064 2861
1125 849
7253 6841
7720 1347
9288 7039
2637 1688
7518 3326
6195 4051
715 177
5928 5831
5111 4941
7785 279
7874 4819
9218 2668
1513 102
1051 660
611 585
6119 4551
6664 5824
1644 731
2669 455
375 93
8955 1746
9043 4801
6276 5179
7050 6503
9296 4254
454 154
3648 1372
9486 7790
3027 1787
496 473
3691 1652
6517 5031
5966 5000
2061 1046
5568 165
2516 2419
9323 1237
6280 225
2844 663
1942 1199
1327 931
8941 6297
5766 5132
3796 2230
278 193
7062 5891
3282 792
6719 1782
6194 3749
8043 5437
7467 6084
9789 4489
6285 1223
1977 1817
2011 1096
