254
6715 8839
9134 9838
8982 9857
1271 2500
7073 7655
8647 8740
6667 6921
9069 9143
7598 9900
9546 9810
856 6923
5235 9866
7562 9359
4152 7695
462 9151
2310 6742
8953 9345
6313 6811
3223 4374
8838 9975
5023 7791
3379 9953
6510 9908
1589 8403
5392 6466
9456 9896
3064 3231
3730 6744
1812 2176
9868 9950
7644 7923
9177 9541
2717 3829
2559 4972
5917 9022
9228 9785
8144 8152
1746 2075
6617 9246
3178 9652
9226 9730
1814 2332
3382 3990
6979 8657
2739 5443
5318 9645
3396 8788
2595 9106
4269 9613
1873 4956
4236 7272
6309 8372
534 1949
6857 6899
6794 6887
1289 3013
865 5625
9610 9899
7288 9517
6618 8624
4458 8363
9479 9654
2518 4237
2084 3960
1888 6665
1248 7814
6017 8192
6994 9202
6083 6293
2416 2514
792 3354
2219 3321
3898 8759
1197 1570
3981 8069
711 5240
4618 7519
603 4872
7991 8672
176 651
7314 8145
791 7324
8702 9343
7229 8791
7800 9118
6418 9564
9290 9476
3273 5092
9901 9941
6228 7068
5940 8526
4160 7092
8523 9397
2965 6554
1558 2137
7905 8360
3569 9822
895 3071
4306 8569
3579 7488
7635 7711
1695 4890
2855 6181
2554 5258
7715 9979
8007 8148
3346 3478
4978 8665
2083 8017
9911 9917
5433 6294
1146 9254
7972 8398
6016 7937
2713 9829
631 7648
5448 7114
9053 9084
3407 6274
2782 7738
922 1719
3091 8105
1706 1879
6620 9185
6632 7221
6009 6336
2007 4226
5926 8173
3199 6823
1680 4121
69 9263
2655 5831
5449 9297
9157 9158
58 6125
5346 7507
939 3277
5093 8659
314 7639
2882 8473
6769 8802
9124 9535
6057 6094
8030 9897
8362 9488
2744 4515
185 3735
1562 5864
2697 9588
9597 9841
8654 9075
6285 9887
8525 9249
8255 9396
853 5563
6780 7744
5574 9766
8065 9355
4299 4347
3932 9599
2609 4256
5920 6551
6990 8827
4029 5164
746 6759
5087 7210
995 5149
2900 4560
3796 7191
3611 8160
5316 6341
7555 8658
280 5988
9205 9349
1761 6767
8289 9726
4819 5388
4783 4999
7133 8887
4606 6240
2573 4759
7561 9194
4089 6679
7306 9628
4549 9712
1028 5530
4751 8270
4769 4807
1183 7218
1744 3952
3179 7301
4042 5936
2068 8064
2740 7327
3721 6331
947 3511
7723 9395
8282 9742
2807 3614
1748 4611
530 3950
8678 9109
4461 9884
9146 9300
63 518
3985 8008
6389 8676
5297 9299
5269 8015
9499 9731
1066 2551
1356 2127
1832 3703
3587 5259
2481 7952
790 3171
5150 8413
5749 8048
9381 9693
4041 7321
1432 1764
3351 9050
4982 8293
5122 6572
386 8769
9368 9926
7899 8092
4909 9831
7919 8036
767 7569
6474 9629
212 6653
9248 9571
7142 7857
3654 4815
1101 9418
2376 6354
1226 8237
325 2657
5762 8184
3818 4580
9536 9850
3470 4566
2444 6487
7388 8765
5119 9842
5989 6623
1358 2622
8492 9988
8025 9029
2364 4184
1588 8453
6574 6802
3246 3941
201
5004 3320
3196 2008
6488 1126
6030 86
2619 358
239 87
770 256
9111 3207
3425 1427
6512 823
9315 416
6981 5508
5960 2012
7771 3743
7091 5938
6284 3353
2548 1546
8096 1275
7523 693
9891 7539
3573 1721
2943 1496
6478 3551
7367 5295
165 89
8213 5053
8548 8150
587 100
267 170
5560 2339
4512 2893
5537 2378
740 383
9702 4283
3608 231
439 270
1581 880
6122 5071
6569 2222
5383 1590
5566 5550
5559 1280
8098 1683
393 305
1922 1391
2532 766
9578 859
4095 50
6092 4250
9375 6424
6606 3808
424 389
8141 6103
249 78
9207 6773
9554 7249
7940 3426
7172 493
5782 12
5892 1191
3801 457
8208 1107
6934 3782
7064 2465
3448 1858
9532 5185
4955 1128
938 467
8284 4480
1921 1434
1325 935
487 238
706 279
1865 1666
6607 972
362 57
2996 784
1012 294
4824 2701
2635 1318
2281 1564
3467 67
2017 1103
1355 315
3412 2606
7269 4536
7095 369
9952 3615
5250 2978
2254 2014
7617 2338
6621 931
2637 1282
6132 1112
9671 7322
2330 927
1843 808
5353 4701
8727 4057
3905 899
9062 7362
7399 4686
9559 7954
3021 150
5352 1963
9570 5205
7421 1958
2212 780
4015 2916
5858 2738
1134 638
9733 5944
9562 5113
1531 159
7107 4831
7943 6131
1893 411
48 39
6870 2906
522 193
5333 141
1715 404
1285 1172
3004 721
301 106
9585 3636
2246 353
5106 1398
8272 6405
8679 8278
3022 1538
5007 2227
8315 7627
6067 3707
8202 7338
4294 2519
9324 1074
1618 1072
5009 1861
7082 1686
5045 197
9772 8638
6831 718
1605 194
1819 736
1671 1091
2030 1258
3061 1984
6058 3419
432 83
2704 1409
6790 200
678 452
1864 593
7842 3502
1088 776
2482 1216
245 102
2218 142
4781 2177
8390 4531
6787 6752
9612 763
5918 1910
9943 3719
4427 3546
1977 1125
8700 1321
5018 1206
9725 562
4620 535
9303 2435
6153 331
5187 3377
5686 121
6159 2275
796 658
7581 3515
5747 3915
2268 2058
7612 583
645 310
5698 5089
6557 3369
2946 646
2771 1138
7817 2979
2055 657
6993 5955
7495 4426
4171 962
1281 1246
4995 3234
7942 7130
163 45
4385 233
4129 3404
3330 3089
734 414
4788 2759
5751 597
