978
8214 9520
10 8282
5998 8781
8692 8978
8302 8404
4119 5334
2848 2965
3512 5141
2581 9880
1694 8724
7747 7899
166 2178
3864 8697
8571 9241
1593 5557
7299 7756
336 8791
343 6432
5152 9884
5827 6579
5541 7143
897 7106
4970 8024
8100 9604
2103 7296
228 8129
5567 9419
6022 9073
3851 7203
6633 7161
1589 7759
5913 7897
7371 9140
7706 9592
3985 8413
934 8406
4443 5239
6979 8008
7109 8905
8415 9790
8405 9153
2002 9932
8591 8938
2397 7303
8440 9362
5120 7724
2673 5069
3869 7983
8989 9076
9431 9649
6645 7217
8459 9771
7761 7841
1328 2418
5740 6974
8850 9554
2669 7497
3130 8859
6018 8556
5162 7069
6965 7198
2347 3406
508 8007
8687 9154
341 859
3149 4486
2559 6920
3796 7430
9278 9411
9663 9890
3256 3828
2679 5428
1788 7476
476 498
2816 5450
1086 2793
8190 8867
3506 8384
948 6074
8072 9966
250 1750
7295 9564
7688 9122
9256 9618
1211 1644
1954 9580
2936 5759
6297 6371
7133 8301
2620 8808
8560 9829
5707 8034
6212 8849
7511 8970
3316 4841
2665 9285
9536 9802
9889 9927
4460 5986
5761 7961
1656 6759
5705 6261
4056 8427
2456 6899
1241 5027
431 7084
3430 6004
1719 6440
8017 8972
2718 3916
1707 9087
5648 5717
3575 6588
3631 9652
4455 7847
4952 7782
458 4130
4412 9352
4188 5688
7812 9365
9249 9697
3870 6089
8908 9504
8525 9895
3962 9935
6714 9501
1076 2576
5533 6189
2296 9070
8045 8398
1449 1562
3239 7138
4085 9446
3403 9741
3481 5914
9464 9527
9428 9597
9994 9995
7505 9469
6752 9424
3274 8313
1825 4851
2224 6387
1634 9348
4375 4888
706 8750
4948 5500
8873 9471
3642 4918
7990 8847
8258 9613
3425 3629
4969 7086
7091 9396
5530 8743
6700 9727
1511 2942
3177 3445
7587 8192
1798 3252
7389 7818
7043 9354
7004 7836
1922 8199
1943 6312
7823 8883
5965 8608
6382 7399
6789 8946
6037 6915
4695 9599
5657 7676
639 9331
6434 7898
7579 8119
6806 8332
9833 9976
9372 9459
1481 2784
8456 9058
6256 7121
5720 6463
7869 8040
4738 7344
8521 8663
8553 9844
2729 9544
680 9151
7154 8350
3726 4160
8186 9736
7905 8352
8733 9710
2410 9125
7187 9682
4590 4853
6971 7611
6896 8686
4979 6472
3347 5980
5030 6181
4195 5223
6133 6430
7716 8061
8633 8914
9173 9369
7895 9664
8507 9728
9205 9815
9648 9702
6600 9349
5792 6972
7315 7428
6767 8665
256 7216
6333 7565
8802 9176
4616 9350
8090 9722
1 9255
4525 4652
6924 7134
5282 6390
5391 9558
5407 7654
5477 6260
1434 5821
5283 5490
5736 6015
2152 6201
479 1373
3909 8169
2076 8979
6198 8276
1364 7243
6804 7317
5826 8942
9638 9861
8984 9863
7768 8483
7066 9353
9778 9813
5444 6811
5316 7968
5517 9103
7677 8392
6952 9139
9781 9949
1550 1588
4074 7330
2522 6544
197 3623
4684 8041
1955 2599
2169 4879
2481 5308
6820 7793
288 1919
5400 7613
3876 7893
9202 9957
442 3120
5606 7316
3596 7797
7884 9523
4804 6144
6099 6255
646 3551
3477 4724
7630 7870
2235 6650
8369 9281
6121 7809
2980 7083
8731 8811
5146 5599
390 1633
1081 2974
3286 8020
8386 9852
1898 5172
7631 9475
1939 3505
9625 9925
7805 8109
7752 8963
7791 8290
7975 9172
8236 9570
9688 9825
3348 5494
191 6287
3546 7651
3247 9397
3583 4389
8014 9246
4080 5966
2969 6692
2867 8225
7725 8230
4247 6911
4567 7042
5480 5942
64 9882
8609 9759
9524 9641
4777 8601
452 4758
7060 9643
4010 6997
4491 6040
9667 9883
9229 9437
9408 9510
5300 8987
8201 8831
4279 7916
4308 6480
6304 7707
8410 9363
8152 9855
6271 7142
7234 7667
6007 8600
9429 9958
8205 8449
6880 7986
6340 9253
7000 7302
2712 9261
1291 8766
7858 8991
1754 3232
3580 8723
9412 9941
2857 3040
3070 9014
58 6830
3255 5395
2372 5896
2300 6996
667 3050
7879 8895
994 4955
251 9578
2437 3372
3191 3586
3333 4392
6825 8714
9074 9984
628 9457
7533 8255
3073 5809
1448 3550
6178 7162
6403 7247
4209 7221
6441 8442
9136 9581
835 1831
7542 8117
4701 7257
259 1264
6761 8505
327 5687
382 7582
1705 6739
927 4078
9747 9982
2398 6720
1383 2046
827 9708
2892 6648
2438 9384
5950 7780
8052 9534
5440 8111
1786 9977
6461 8489
9276 9770
8110 9671
4445 7128
3922 7424
3136 3713
4226 7610
3311 4966
3820 8741
9236 9316
7010 9660
9003 9913
3096 7199
8754 9831
4406 8683
3081 5593
3860 7350
9590 9934
9828 9866
3449 8038
9795 9921
7936 8113
7421 9486
3015 6583
1215 4124
349 8237
4029 8681
3656 5672
9876 9956
9576 9626
7827 9283
2122 8924
8343 8939
44 9130
5083 6350
4348 6322
3443 5962
4937 7501
2715 8928
977 3168
7851 9143
1597 6317
7524 8144
5209 7165
2314 5188
292 302
1389 2450
7326 8177
3612 8944
3342 6852
4691 9798
4850 7963
507 7860
6593 6716
5746 7634
8936 9717
6656 6734
1414 7395
532 6816
8333 9670
7949 9737
4532 9862
9188 9910
4622 8074
1504 3995
6764 9088
1382 2990
9547 9919
1441 8960
8165 9810
6581 7962
2052 4005
6666 8933
7538 9110
5040 6553
494 1708
9177 9931
2225 5850
9841 9990
7561 7718
9938 9996
623 6418
8516 9107
5345 9390
4971 6085
8985 9799
1021 1503
784 1054
115 8943
5389 8011
469 1500
8411 9274
6141 7499
8834 9355
7334 7378
4989 6043
2105 4515
9888 9909
6241 8053
9655 9733
8688 8935
2926 5722
7535 7802
5890 6202
824 6184
1352 2532
2878 5706
5361 9017
9665 9907
5659 6269
8274 9134
5436 5802
1602 4192
954 4275
3663 9129
6545 9023
4700 9323
2494 4665
8916 9376
9830 9960
2339 6147
7414 8983
2832 3905
8435 9179
5681 9157
5050 5373
2349 9791
7474 8852
9989 9998
5551 9595
3707 4473
1316 7307
179 2155
2512 3717
357 1385
9156 9973
860 8650
3817 7180
9178 9897
1239 9872
3290 7402
9589 9978
2059 5529
3503 5744
1423 9072
4815 9317
79 2543
2156 7233
4759 5539
5134 9043
2818 7764
3086 3700
5786 9901
1129 9060
6610 7740
8328 8356
8628 8635
7408 8287
4749 9444
1238 7013
795 7559
8066 8127
3119 4454
6731 9758
926 7830
9616 9788
1532 6030
6992 7269
1401 6547
867 1139
3144 4447
8568 8693
788 7370
8920 9490
4846 8202
2681 9526
7368 7553
637 2562
1131 1310
3752 6058
7523 8399
1882 5433
4179 8099
2343 8645
6377 9918
4173 5590
6341 8685
4827 5518
8047 8817
7774 9426
1424 2443
6407 6946
7952 9367
3585 4350
583 5122
8108 9997
7053 9507
4729 9920
4481 6558
6001 7487
7532 9515
5929 6105
2568 4072
2575 6604
1467 2736
3466 3886
6117 7190
6008 9012
5414 8003
4244 8668
2724 7817
4281 8437
8582 9034
1901 4965
3167 4180
1507 2022
5669 8674
6069 9364
8278 8886
7193 7419
5665 9528
4762 8149
5225 6211
2092 8388
3312 6318
6064 6686
5662 8789
2008 9240
1625 9211
5051 6862
5947 8318
4915 8775
4449 7110
8481 8703
9746 9867
1146 2717
8138 8599
3284 8424
9327 9832
1757 6436
8484 8917
5602 6484
7618 8649
6497 6854
6449 9926
3295 6607
4431 6134
7448 8312
7388 8212
6826 9574
5202 7455
183 4714
9312 9484
1915 8043
3609 9250
6653 7146
6265 6408
2690 5367
6351 9109
365 4682
3504 7708
2821 6240
2879 5505
7054 9166
1591 5576
3925 9854
8326 9219
3755 5559
8982 9782
6157 8794
8603 8992
3456 5649
2959 3067
4416 5506
3816 9239
4257 8023
1680 2215
5297 6744
3647 6013
9497 9732
7513 9818
753 1044
8105 9209
8659 8949
7132 9731
4617 7549
5620 5733
5396 9602
4040 4632
9221 9699
6705 7080
2744 4839
7896 9573
3835 5894
3140 8069
6276 9797
9059 9701
4976 5632
7883 8242
2357 8927
84 3468
8536 8711
332 353
6090 7482
7517 8194
6054 7659
266 7854
2574 4774
9955 9992
5854 7687
4243 6048
850 5653
5756 8634
152 1554
8874 9335
88 1560
878 6381
3790 3954
4027 6520
7594 8506
7908 9900
3979 7112
7650 8140
4675 5859
4986 7599
4185 9915
6193 8311
6156 6309
3683 6422
9786 9985
7238 7342
2628 3795
2714 6958
70 7184
671 2667
2037 7014
8770 9377
9986 9987
2080 8915
7469 8541
908 7235
4014 9659
1309 5798
5783 9292
7287 9817
2345 3548
6874 8618
7122 7457
7332 7850
855 6908
9780 9827
789 6622
52 1179
912 6869
8403 8426
8307 8819
1384 9498
1285 2145
6635 7403
5264 7578
7520 9167
1113 9805
4741 8325
8667 8838
8273 8419
4886 6051
6986 9421
8477 8760
787 9307
5170 5285
1760 4441
2815 5978
3625 5697
3898 4838
8800 9054
6291 6800
7868 9272
5515 7742
2143 4237
5021 8372
5977 6797
5431 8021
4890 6456
798 3775
7502 8716
6321 8727
7227 7447
5020 8044
5114 5537
7391 9893
635 6630
2199 2389
9092 9612
9340 9820
4560 6259
7382 8101
9555 9819
6238 8512
750 7642
8815 9233
8417 8495
5403 7608
1631 8087
4194 7530
8810 9675
273 311
4761 8423
2295 9666
3115 3812
4513 7229
4518 7159
4656 7633
3573 5432
5307 6170
8224 8555
4654 4823
399 2894
2895 8010
6624 8822
8168 9642
8241 9619
2842 7738
3393 9346
7550 8116
5355 6882
9090 9416
9329 9341
2535 9021
2109 2284
8835 9201
3682 9238
5829 6275
5750 7909
4719 4994
1622 6267
8678 9296
4902 6372
5127 6534
9075 9865
1347 4784
24 703
4347 4526
2592 9980
9637 9768
7244 7464
1127 3834
4298 6055
7668 9385
4053 7930
9495 9972
2843 7061
2921 4476
5249 8097
2115 4034
2468 6999
5682 7367
8098 8728
8967 9098
464 2243
9545 9719
9468 9630
6723 6950
3071 3680
9756 9836
9366 9485
7032 8458
1662 5511
4819 8848
3525 6905
4368 4520
5441 7055
9878 9965
7552 7787
5331 8529
1909 2019
7546 9038
6678 7087
8888 9079
3289 6149
5086 7481
5376 6220
746 8691
4305 8612
3842 8358
1998 4077
234 8702
4208 8390
2912 8107
7750 9442
34 3791
7966 8622
7902 8792
3117 9045
4227 8922
1601 9286
2809 9046
6307 6665
4697 5710
6243 8641
9019 9401
2032 9540
1300 8651
315 2659
3400 5972
7686 8892
2933 8486
8300 8945
9477 9687
6746 9605
693 7789
6395 9055
1621 2755
5612 9765
2549 6808
2594 6677
582 1533
575 4082
3330 9930
7256 7612
5119 9936
4921 8765
5138 7588
6027 9048
7894 8161
2362 7602
8860 9152
7991 9391
1605 3299
5847 9691
231 3462
3945 4795
9100 9389
307 8143
5081 6735
6368 9056
105 961
25 4618
8216 9877
2805 4250
535 8953
6970 7904
2039 3236
5676 6907
1450 5313
1994 4218
6360 9466
6602 9135
3742 7321
4123 9287
5527 6203
2378 9191
1280 7832
2126 2320
3579 8616
9470 9953
8533 9686
6177 8389
338 1974
7765 8050
586 5320
3849 3948
1958 9212
5108 8828
5622 9646
8009 8063
4878 6785
3748 5251
6836 6845
2172 4982
2972 8380
2157 3250
6284 8826
538 8885
8436 8499
1224 6311
3061 7241
4210 6295
4021 9414
6435 8104
401 6984
3955 5171
3914 6823
1638 4857
5258 8546
5758 7145
7369 7605
7451 8103
9707 9834
6691 8455
6454 8647
2134 9303
8769 8957
4613 5887
9026 9104
1689 4658
4396 7157
2151 4139
9541 9875
5474 8501
7411 7671
293
9839 9451
403 62
4817 849
9519 3269
4043 941
7461 133
3526 214
1499 1244
5240 2166
4273 1213
4312 2168
5103 2566
5713 5082
4530 1319
1992 1464
4099 1799
8062 5198
5377 4575
212 60
6396 4490
8777 3489
4694 4017
5933 1109
3332 2305
7617 3275
8035 6204
4047 2626
6481 3932
2368 1318
5137 509
2315 350
6914 981
4811 3438
1698 1379
2946 566
221 41
5245 3676
6417 2890
2363 1136
3569 1060
7462 3867
5094 1880
3280 3027
9775 126
7304 436
6475 3563
8185 682
4132 3416
6935 5471
1333 775
5794 5608
5858 5766
2752 2298
5629 2282
6215 104
7592 4898
7987 2249
5242 4871
6115 245
2924 185
9336 3309
5176 2802
6821 4474
6732 4659
9084 4737
3650 2983
7698 6213
7366 6585
7958 5226
6490 5855
9393 6167
2334 2098
182 71
3671 1853
2242 1944
9970 1868
8632 6041
3451 2674
9161 3694
1809 728
3205 2038
2241 1288
2023 1647
846 512
1731 568
5840 5123
2935 2656
4253 12
9195 4291
1143 491
2834 924
7845 7437
3966 391
6081 1108
4262 3758
1456 587
5696 149
9596 3879
3983 2648
1297 87
4306 1505
6834 1661
3973 247
2961 1169
371 325
3175 1399
4420 3038
7903 3210
951 389
3281 1637
8268 3737
73 26
768 527
8865 662
8444 3454
8240 3899
6394 4584
1844 1596
4178 324
4953 2390
2190 584
1716 1649
4022 3300
4849 1426
572 546
1509 1203
6005 885
8640 1327
3361 1248
1149 1059
1204 140
2193 1368
8569 1140
3208 2713
1492 314
2203 356
3428 1514
5512 435
7291 4992
9776 1824
4325 2666
1341 854
4997 416
4181 306
8722 294
4260 2119
5779 4073
2519 154
8708 4144
4519 4391
5695 4362
7047 4502
6617 2297
8091 5595
8739 844
2306 2252
739 111
707 213
9631 6626
3793 2785
7120 3743
9937 7249
4662 3060
1092 359
1268 130
5594 233
2728 2206
3429 2273
3601 1972
6084 1118
3009 1877
3409 648
2986 198
3582 2709
8321 3054
3147 1011
7188 5674
6171 5874
408 43
5102 1610
808 53
4685 246
5820 2442
457 4
249 3
517 323
3776 3410
3827 252
5363 606
157 139
3254 2966
5958 4727
487 427
2782 2636
9538 3373
372 272
4363 2526
2374 2279
4317 890
20 6
7932 3320
569 547
8025 7861
2485 1112
6784 2043
883 170
1018 806
2409 1227
740 565
8355 1521
1575 1339
6365 496
160 59
2555 645
6625 4900
2748 1629
2463 1923
5945 3491
5698 3937
8292 889
3283 3184
1524 1205
4488 1121
7407 2863
7160 2960
7147 6425
465 309
6561 1531
6515 4148
3783 1105
4145 816
6158 6063
3460 2416
8466 6452
2561 1186
6137 5636
6358 2866
4875 2501
7284 3133
7359 449
2569 891
3452 370
2660 2003
2811 276
2051 615
1376 269
8729 2313
8912 3953
5747 447
9703 7912
9306 7444
9222 8613
2595 621
2459 765
312 80
8272 1082
5365 5097
5302 3949
7283 5227
201 178
4399 4064
8298 6827
931 313
4089 2930
3069 2730
6066 2365
3866 1916
19 18
3129 2402
2025 833
3890 1321
1003 100
2571 310
1006 807
6966 2371
896 482
653 9
9681 8391
3092 1780
8319 6654
4683 1457
5926 4338
4805 3814
7093 3732
3258 425
150 2
5087 2470
2531 2469
1762 1320
3986 2702
3514 98
4870 1847
834 282
