407
1494 7711
9078 9973
8467 9142
7840 9353
6665 8323
7209 8531
6798 8920
8365 8802
6477 8041
9794 9799
4807 9777
1471 6187
9834 9962
3900 7064
2608 6281
7090 7291
1357 9899
2434 6777
4870 7062
9567 9979
6513 7665
4330 9773
5926 9185
9342 9848
3579 3705
9725 9838
8840 9821
6944 9707
1692 2140
768 944
8549 8697
296 6971
8393 9223
847 6810
2348 9479
4587 8243
4567 7542
8987 9854
8229 8832
4175 6998
7097 7779
2612 9311
7755 8873
7767 8729
1841 3532
6614 9786
3303 5972
5451 7402
9842 9948
6058 8219
1743 2369
6629 6995
1089 5981
6784 8321
5535 8975
7806 8637
2431 5763
5719 7712
6769 9158
1309 7141
9618 9635
6566 7736
7247 8437
2776 7287
7962 8130
9335 9978
550 7360
6284 8883
4696 5210
9131 9425
234 3401
5672 8089
9705 9749
1361 8308
6534 7357
4992 7540
482 2071
7061 9124
6839 7707
6140 8952
7743 7884
3511 7917
4582 4893
3507 6014
9213 9518
5225 9748
6837 9161
2349 2643
3639 3974
2168 9882
5053 7300
3284 7931
1773 5305
3305 4250
8928 9600
9816 9857
1432 3723
1706 6858
1126 8240
6297 7060
1122 5458
8582 8800
5518 6967
1268 7119
6544 8814
6658 9267
3024 6410
1683 9645
4768 9629
8387 8989
9219 9849
647 4406
1614 9182
2921 6574
6780 8186
6210 9195
5182 9068
8255 9418
5843 8990
3592 8749
7870 8217
9446 9809
5400 6484
8022 9439
8773 8824
9820 9916
47 9052
5155 9651
1358 7795
76 1522
6294 9939
3193 5420
2576 3417
1817 8889
5374 5683
6720 9188
3917 9905
8886 9522
9447 9977
6736 9831
4120 5415
3861 5307
4035 4440
1851 8079
5720 6147
4614 8544
7110 8967
6953 7535
4397 5186
951 4049
3328 6182
3690 4878
6988 9025
3215 8868
571 4137
5918 7208
7786 9121
1057 1418
1323 5753
8149 8794
7 7904
2884 5585
5265 5292
3736 5695
2919 6991
6826 8055
5043 8888
5274 6668
4441 9113
581 1165
5288 9247
3893 8955
1053 7879
1761 2440
2765 7205
8623 9032
9805 9963
4877 8051
2501 2546
7787 8622
8592 9889
5140 6188
9245 9601
1071 7071
5360 8602
7682 9908
3268 5190
888 9817
5974 6640
6246 7338
724 1730
4799 7116
2368 6553
43 4114
8507 9932
3745 9862
5820 6231
7624 9582
9443 9861
7025 8846
7275 7705
7053 9955
8552 9928
9702 9734
8535 8713
1913 9021
4520 8378
1500 4281
555 4512
7087 9637
7631 7656
6139 9149
4230 5767
3156 9716
3027 4929
542 1698
2841 4296
3693 5284
7847 7874
500 2141
2361 3793
7499 9532
4756 8402
7277 7343
4257 4610
7270 9477
1499 4192
6684 9646
401 2239
78 7974
6149 6482
1116 7407
5561 9038
1833 7790
1025 9562
7296 8694
4006 9674
1459 9177
277 2597
6689 7717
6811 8239
4548 6732
3876 8632
1003 5822
3545 6726
2313 3751
2976 7561
3388 9519
1132 6286
4825 6620
2414 3568
1591 4745
2844 8422
2923 5411
6438 7690
2750 5147
4158 5993
9474 9608
6912 7548
8590 9393
5425 9560
9787 9880
9270 9630
3776 7532
4334 7971
3726 4938
2561 8692
5650 6310
3348 8798
7335 8861
7684 8117
7126 8153
1310 8155
6161 9993
4732 5188
7956 9744
8937 9736
8342 8977
2258 3472
7944 9706
7113 9501
4885 8094
3044 7972
7424 9944
6641 7910
9606 9665
676 9127
7293 7311
8188 9175
8821 9627
8996 9683
6805 8043
3275 8944
7368 7493
9850 9986
6895 8327
1790 5623
1862 7547
7144 9263
5919 5920
4098 8859
3567 6025
341 2019
186 1533
9080 9354
3839 8304
4679 8893
2638 4318
4443 7285
6221 9837
878 3426
9983 9997
7821 9266
6159 7983
3829 7808
5690 6719
99 9315
8897 9714
2151 3136
5456 7416
217 3230
8867 9965
4346 8346
169 2826
7511 8931
2649 7351
9066 9096
7446 9901
3034 5506
5222 7926
9430 9598
8805 9207
4290 6985
7970 9088
8109 9284
6870 9053
7960 8038
5543 9545
9988 9994
5354 7212
6563 8203
6617 6793
6989 8363
3180 5489
3450 4714
9836 9860
2089 9314
2760 8421
705 4936
9780 9869
4675 5742
5112 5823
1423 4537
1767 5296
886 5281
5801 5861
5762 8820
9586 9591
3791 7120
5 1050
2474 6631
5907 9626
6576 9498
895 8699
9198 9520
9563 9856
4458 9625
8948 9940
2284 7196
2822 4577
6217 9952
3324 5881
803 4874
1416 2894
440 828
106 2142
672 1636
5873 7423
4674 6969
6067 6815
4677 7765
8395 9203
9454 9462
4736 4906
4725 6764
4021 5109
3629 7596
3441 9781
3957 5814
4289 4747
6626 7633
3909 5611
648 1040
3037 8819
5592 5795
3907 9482
6499 9681
1290 3590
2255 6466
5642 7088
8474 8574
2685 4076
5276 9729
1015 6064
3550 9720
4892 7774
6127 8706
667
9473 8772
4995 145
6737 6638
6488 6464
5163 4984
541 2
720 243
6606 2427
456 144
6894 2525
668 602
3158 2477
9699 9094
298 232
3641 13
7022 4383
2157 2067
231 120
3255 1405
3658 1255
2609 2152
8307 6030
155 54
2172 1874
366 75
9500 8908
36 35
692 244
5865 3851
3425 861
1726 1077
4822 2593
8207 4562
6424 4987
8319 6016
6228 6151
1056 10
3063 114
1175 1073
4088 143
5391 3959
8966 7050
1331 587
9365 2159
4496 4384
4141 112
2818 630
3132 1987
7860 1994
7461 4249
6546 5242
6427 1487
2371 2003
5858 383
5061 3648
9796 3989
6789 3146
6711 4400
3468 493
7055 4226
7553 4279
5932 2520
407 30
1344 831
3337 70
2860 304
3110 3083
6958 1612
3965 967
2447 191
1468 588
2526 2306
5617 5227
784 480
9853 6502
2106 1578
5342 4641
1458 194
2842 2346
9243 8096
5316 2779
2522 2463
5102 548
5717 2984
8978 1825
4907 850
756 748
6111 1014
8568 5967
7042 4245
3164 27
5889 2413
3496 3393
1733 709
8310 1852
1098 750
6318 1070
5987 1112
6808 5217
1546 1238
7434 6721
2025 149
9822 6237
8793 4316
2503 1613
5628 4276
4323 810
490 262
6526 3114
3848 1247
6873 1814
7783 2549
4105 1695
1442 674
379 190
282 126
4586 3494
1137 779
4228 1235
4401 2807
6742 3399
6561 617
5068 3379
3145 2274
2322 4
4831 3595
4286 179
2515 2188
8370 5854
8939 5289
3434 1349
762 508
4599 2339
3090 562
9524 832
3120 61
8734 3715
5046 214
4530 777
4543 342
601 593
354 196
6940 1673
9950 7801
3460 170
309 202
7577 1785
2460 1242
3937 2679
1467 321
1708 332
8489 5455
3702 3056
7530 4933
4798 2975
4123 3686
8879 467
8509 3778
3993 3118
9765 9511
9921 3451
1086 348
184 160
6817 4758
7170 1042
3855 1878
999 175
9294 4672
3050 1839
5977 2768
6949 6474
7417 1037
7089 1224
1508 103
9491 7111
8783 7430
9895 3128
9109 5538
7366 6891
1981 1681
3220 359
3366 568
1457 666
6569 3297
7193 6434
3953 1278
6965 4068
1712 415
8924 1144
5937 5359
5652 3184
8347 4353
3585 2457
2320 381
5600 1185
1186 1068
5774 4485
2888 2641
5706 1797
7504 4694
8584 2719
3390 1412
4280 2319
5441 5022
9242 6905
8813 3599
4910 1352
1103 429
8748 8728
9350 9251
8905 1992
5469 2581
4376 361
2240 817
5913 2906
5830 4917
689 603
4879 1596
5119 4883
5619 1135
4693 3311
3406 2849
7675 3538
1283 74
7730 7691
8619 5788
8159 5009
1815 1663
6061 2653
3355 807
1521 1213
3392 2041
6171 764
8424 7603
924 645
8782 5445
8687 2793
7518 3333
6847 4104
9747 3962
189 117
5379 4024
337 14
1737 220
8237 610
2280 1941
4839 1377
216 147
3634 375
7307 1258
9872 2241
2813 2091
8107 6577
4522 2947
7455 4391
1657 1292
7478 4882
9262 8858
7599 6146
2772 575
3613 2809
3274 2351
2373 990
1564 1434
5904 5067
826 791
3363 2018
7621 6409
81 29
3095 1371
3553 236
9259 8569
2558 1872
1453 1363
4983 1870
3819 2021
755 517
4058 1319
2882 119
6476 6437
6786 2629
3010 1645
3843 1320
3262 3004
8080 7992
3552 1745
4240 792
9813 4555
421 159
3913 1572
5283 233
1650 862
3453 1735
4080 1982
4718 3474
9236 3007
8375 6945
4676 1642
6976 512
3640 1281
2934 2221
3112 928
9615 8090
344 241
730 23
6491 852
6262 1284
7333 934
2015 486
8069 6718
7964 4160
8200 8081
9386 133
2879 2873
3073 2543
7348 5901
2736 2535
9505 4633
8152 2634
9914 2062
8495 820
5775 3435
8480 374
3198 2217
1944 823
7352 3162
6035 3632
7001 4437
663 356
8227 1954
6862 397
9605 5093
1919 362
9811 9214
8184 2074
628 87
654 198
2135 883
5017 376
4256 3152
7303 4668
1440 1145
4659 961
3135 1647
8615 4501
1635 68
5383 4270
7864 2197
5301 427
8780 5303
4728 2798
976 732
6828 5999
3788 2704
8047 2242
5036 4433
6552 5185
804 753
7029 6160
6779 1963
8644 8369
9126 2347
4382 1689
7723 991
611 256
4924 4197
6259 275
3378 733
4513 1108
1480 378
6184 2051
6103 1818
5442 4597
4962 4563
7519 3218
2697 2400
9301 3749
1807 786
5089 1978
9471 7976
9394 3823
1674 870
7902 2045
723 681
4030 3144
3086 2495
4699 3890
8887 6712
4502 1192
212 32
1463 751
3385 2982
2658 1321
5879 4729
5097 4267
7004 2453
9010 1846
1324 73
1151 84
4075 3317
1792 1091
7235 1714
2812 2746
8062 7230
5137 2846
4001 894
3856 2564
3652 957
1207 1114
1732 276
1746 1603
938 853
2514 1536
5041 4521
2575 1649
5056 3280
1491 1182
6796 5964
5727 5530
2938 218
5910 2806
5670 3236
4572 1827
6081 3084
6830 1030
9343 5401
1249 1084
7822 6748
5746 5483
4532 616
5744 1111
7942 3807
4970 524
4136 3444
2333 1008
2507 1967
5791 2130
3576 270
9017 2602
3295 3003
969 533
5537 3806
3327 1427
6612 4221
5841 1058
1490 1038
3918 1883
8398 1094
3650 567
9593 5380
4295 4012
9406 5601
4720 3408
7885 116
7741 6739
3245 670
9407 7692
3157 1456
9927 7280
5365 5005
2273 642
88 26
8779 8442
446 224
9328 5258
771 166
7019 4989
3679 2470
3811 2494
685 470
3075 1356
7590 6039
2364 974
5007 2439
8553 6374
7473 6276
7133 3476
3946 3795
7049 4815
192 135
8660 7400
1063 655
8316 3540
7245 1756
6565 1930
8447 3710
9670 736
4487 4210
9009 2247
3689 1964
4921 633
8176 6327
8165 140
3930 292
6649 3202
691 176
2305 1446
1184 1052
5282 1859
2485 313
5866 1830
7410 5724
104 83
9826 6471
1811 1208
7295 1396
3598 2568
5154 3402
8003 2147
2251 91
8494 2610
6571 2410
5395 1943
8226 1343
6936 3561
2840 2483
6852 1180
9411 5213
5493 1840
9040 8475
4272 4066
6467 6379
4996 3536
1505 257
6359 2422
6275 5499
1022 371
4403 302
5636 1938
6440 2153
5082 3975
8150 3461
6169 2148
1799 1454
5769 629
3170 121
5857 4154
5488 1909
2510 1999
3389 2297
6071 4771
8856 7899
9585 3249
7502 781
788 664
8771 49
2475 1513
6304 4542
8140 4032
8071 3739
9423 448
1784 98
3707 2628
8769 8296
9211 2981
8678 7225
985 841
3902 3412
3167 540
4900 1441
535 50
8493 4107
4772 608
4781 4607
8138 1789
683 67
7427 4046
3660 2298
3844 3437
3332 1419
4769 3197
4070 57
7696 1682
3266 752
4817 800
2751 305
4259 3449
4317 2497
8910 127
3750 123
4957 1169
6214 3454
8759 5930
1608 134
8841 7667
6607 4757
7859 2962
3908 2395
7012 2710
7943 1949
9303 5240
3026 1713
901 71
6910 2599
3698 1315
8791 2885
3294 1455
7010 2803
7322 101
9469 105
1176 248
6377 5272
1390 1146
9954 7011
7993 403
3276 595
5065 1219
158 60
8542 6857
419 330
1488 16
9570 6659
6388 5912
6475 5020
8161 7386
5674 2541
4583 1866
8168 7124
7021 613
2164 1049
8320 4856
1383 24
8665 4380
3123 2343
2404 935
3140 1218
8959 3526
3929 3797
8914 6816
1950 1273
7336 1481
7438 6871
1387 204
459 129
1691 1301
4199 2125
5729 3499
4875 3185
4890 4454
5033 2715
3000 1474
1205 937
312 254
6560 5640
5845 5780
1462 993
3097 1171
2234 1391
2961 1445
8465 3976
4473 2563
3952 1300
2899 2559
4775 1997
8199 6680
9566 7299
6133 3054
5263 4554
4147 3814
1856 1362
4764 4222
3446 2824
7445 860
406 82
7331 52
3926 3053
9351 7486
