182
3101 7235
3977 4167
4802 9329
2807 6540
711 2131
3381 8122
4765 9226
4833 6822
1524 8919
3535 6187
8485 9012
8436 8885
6011 8956
5809 9867
9850 9851
7228 8075
1088 6081
7033 9151
8502 9833
4029 7542
1185 6755
3334 7797
3058 5362
8084 8389
3796 5214
4969 6939
4066 9257
3087 4462
2376 3905
2710 3171
7597 8950
3922 8616
960 8565
4754 9885
1397 8524
3902 4208
8541 9084
657 1314
3063 8256
8417 8902
5899 9731
5884 7156
369 5097
9986 9996
4937 8381
9872 9962
5284 5623
6215 7553
4147 7373
4994 6886
1274 2743
616 1329
6991 7121
5727 8592
8490 9021
5911 6460
6620 9647
1932 4593
988 2992
6195 8244
4244 5637
6687 7847
3352 9912
6417 6504
2370 4907
2878 4428
1855 9116
4945 5244
1632 1646
2931 3868
7278 7297
4717 4720
8585 8868
8211 9250
5139 7220
2392 8105
4842 5907
279 4296
8476 9368
2945 8723
5277 5460
9786 9828
3786 7193
6330 7904
9406 9561
8776 9887
9716 9810
2310 6400
7135 8066
2979 9427
404 5933
7895 8294
3140 3898
5457 6807
1661 7721
6580 9976
8368 9471
7346 9519
3069 5109
3259 4557
2493 4156
704 7877
6310 6601
8581 9869
7992 9454
6009 7950
159 1386
8437 9988
7536 9725
5721 9028
5031 9990
2445 9466
1441 9448
8415 9127
9421 9698
8106 9932
7342 9947
1987 6348
9187 9357
6433 7866
1187 3341
8452 9627
6849 8465
503 2060
8232 9915
3590 4397
1262 9497
8879 9380
7708 9614
5201 9050
4433 9531
718 5468
1195 7207
6879 9692
2619 7271
7523 9279
6088 9161
4567 5860
8011 8134
5612 8534
2200 5703
1897 9287
2718 7209
970 5657
9191 9359
3398 6621
2679 8865
1718 5022
2212 4448
8754 9318
7700 9534
4011 8716
6462 7133
6273 6311
5248 6739
4659 9951
7312 7477
3018 8196
4259 9511
1610 9521
9241 9554
9301 9652
5245 8422
9475 9700
7206 9799
2873 9879
6635 7513
9375 9822
2331 8974
7624 8509
5756 9601
6897 8527
8829 9568
7456 9202
7353 9478
1069 7562
6808 9607
7046 8887
8170 8477
458 7546
321 401
6445 9924
112
8376 3916
6606 5435
1976 1099
6834 5019
6324 1045
5828 65
4323 1622
519 434
3692 1288
2687 1854
4515 3374
6332 6160
5396 3326
9919 2810
7807 2435
1545 1072
5668 3917
4756 341
1603 1424
4452 1520
5634 4044
6003 3812
8563 3453
5980 5598
3472 2742
9029 1199
3491 2221
1087 885
2784 562
8132 1813
2946 2018
5085 1883
3114 996
3664 2811
1812 11
9143 1824
9352 6595
3675 1556
8665 2104
8062 3982
4830 3784
3630 1915
6444 3592
5776 617
9576 826
5212 797
1280 681
9498 1371
1548 913
7903 3877
127 124
5411 126
695 410
1102 250
4639 3806
8671 1859
2823 1580
7719 258
5537 4883
5111 4595
6753 282
8155 7850
5699 1558
2954 97
3903 2912
4681 629
3469 112
9539 275
3282 734
5901 4215
6955 917
9999 7916
962 166
8194 3940
6786 1090
648 471
3287 2572
7263 3181
5578 4126
4695 2228
2197 2048
8870 5968
5009 2360
8274 1168
947 232
4230 1124
1048 437
6270 5395
7515 3062
139 90
2519 2136
5010 4472
7613 2011
1947 873
1839 425
6552 3669
2130 73
9370 5132
6548 1023
6288 4449
6719 2654
6647 2780
2482 2264
8880 5070
7716 5251
2677 1405
5970 4518
5427 342
4753 4171
9049 4136
8784 7057
5561 5029
