110
2220 4163
1361 3864
7614 8425
7899 8323
2213 5730
3146 4608
6441 6847
8482 8636
5467 6340
7336 7968
3013 9482
5986 6749
2662 8943
3876 9084
9931 9938
9557 9716
8874 9998
8510 8780
9140 9264
3600 4651
3629 3707
8682 9086
9401 9828
1787 4655
4477 5561
3984 5513
3615 4405
2170 5516
2666 7487
2736 4808
7867 9560
2052 6337
2959 3670
7682 9016
1290 1801
1537 5060
5831 8759
2844 2885
4375 7237
3964 9096
290 1859
8440 8935
7747 9143
560 8661
4815 8550
2884 8101
7383 8161
2639 7051
342 504
6299 8855
588 6049
6706 7004
6138 8929
5184 7934
5996 8038
9891 9917
8980 9457
4400 6515
104 9549
2899 5917
2570 7703
6028 7190
2288 5466
157 5807
7288 7347
2026 3328
8720 9507
1721 9765
3000 8270
6264 7815
532 9177
408 7621
964 3246
8171 9445
951 7163
2508 9700
2400 5890
6817 6937
8051 9175
5149 9888
1434 5247
8118 8857
1288 2387
1613 7846
1024 5539
1945 7477
5768 7564
8054 8380
3222 4600
7489 7994
7567 7617
4360 7575
9089 9769
1347 5684
6310 7387
2398 9065
9404 9969
6455 8900
1336 3988
370 2142
3559 7542
4169 8835
1524 8499
3772 4293
6813 8890
9863 9977
5307 6758
2275 5024
9166 9841
5567 8002
7
586 376
2099 1985
8960 2198
1561 458
2374 319
7939 2887
6565 5820
