465
4003 5553
9472 9693
4542 6113
692 7889
7173 9875
3484 7566
6481 9975
9444 9787
6319 9667
9869 9990
9485 9721
4525 5633
6570 6910
1063 1845
4166 9619
7411 8821
6993 9170
4326 9440
8852 9198
7935 9837
4878 5561
9702 9911
8615 9683
9696 9902
8248 9674
6358 9995
5098 8668
4943 8351
8433 8480
1653 1816
7803 8628
4938 9195
6296 7187
4627 5710
7549 8556
855 3725
3149 7332
1018 4193
8048 9511
4991 9641
4686 9536
9996 9997
5000 8227
3960 8636
3153 8098
3855 7376
1080 3976
3560 4444
4979 5898
5487 8113
5302 9994
6983 9120
446 6461
2841 9823
5264 5746
3723 7864
2800 7371
6466 8117
1752 6562
7491 9368
6799 8939
3562 9980
3656 3861
8014 8503
2499 7674
6156 9498
4820 9885
4261 9073
2768 7204
4608 4833
3761 6970
189 3845
54 5151
7720 9026
4359 5734
9387 9620
6077 9458
5636 6917
7735 7776
3483 8036
8688 9022
5153 7513
4072 6340
9753 9828
7658 9632
1032 9697
4754 7324
8889 9566
1145 4351
1563 6954
6341 6866
4256 6492
9049 9883
4988 6042
8894 9087
2924 5015
3268 5133
209 6453
6225 9854
2933 6752
8496 8672
4152 5357
9923 9930
3444 9243
9005 9283
6219 9647
4575 7384
9194 9891
5144 6161
9478 9577
3566 5140
7474 8569
7711 8476
2269 8872
6287 9844
9665 9818
4540 4776
6844 7158
2096 2243
1570 7011
6434 8625
3848 3982
9048 9993
6375 7454
6399 6580
9455 9690
2112 3672
6431 9144
5884 8903
5499 9886
425 775
9765 9865
8283 8518
7959 9393
9927 9977
5273 8608
4810 6825
3792 6316
4551 5508
497 1714
2538 5247
3271 5812
6300 9354
5041 7552
7418 8721
246 8647
9033 9509
6573 9271
8630 9384
752 2968
7000 8640
7772 8297
3655 5616
1552 5091
7249 9094
4756 8815
2762 4581
1155 4720
7562 9513
2827 6652
4556 4933
7233 7750
1296 9251
1829 8752
9822 9961
8069 9507
8897 9791
5966 7490
7429 9699
4584 8208
5414 8331
1985 6158
1551 6063
4137 4338
5189 5255
3892 8277
6746 9007
980 4853
7313 7975
6244 6769
4765 6660
3926 7882
2 7743
8463 9556
3477 3971
8457 9963
6233 8583
9356 9839
1810 2917
6904 9366
6175 8313
4036 9734
2812 4348
7101 8336
5039 8858
9981 9988
3159 9434
6945 7346
8974 9928
1554 6329
8961 9052
4649 7952
1628 7147
7664 8566
5350 9164
5084 5393
5323 8925
9297 9342
7008 7769
7733 7964
7089 8559
944 8001
5169 5349
2592 4888
9644 9703
1259 2339
8708 9716
5967 7410
8379 9964
6985 9168
3977 7246
6549 7019
4385 7571
1245 7872
4923 7547
5931 9051
3550 5521
3905 4422
6633 8146
1652 2291
8865 9521
3310 9353
5045 9851
6778 9050
7953 8797
8912 9006
6523 6754
9824 9843
4280 5038
3165 7856
9464 9563
948 6911
605 4335
3510 6745
5344 6334
8655 9468
5602 9549
2689 3581
5909 7853
1383 5885
9903 9974
225 2983
2440 2745
5968 6227
9750 9860
2490 5519
3670 8455
6578 8449
7048 9776
9111 9925
2987 4536
6835 7866
9482 9722
1505 3196
505 9998
6731 8270
5203 7045
3329 9343
1267 7573
9088 9921
1950 8070
1111 8920
4560 9711
5701 6299
9179 9659
6086 7105
9325 9736
8933 9969
8535 9385
9134 9374
6712 9584
9336 9803
1219 2568
1422 1970
815 9392
6439 7291
1899 5643
6886 6986
6714 6979
257 923
6704 6811
8954 9364
9204 9625
4716 6703
9564 9568
3807 8814
6500 7965
7390 9540
1142 2699
464 9084
2493 2599
9303 9591
9628 9738
729 8440
7345 9069
3471 6016
8571 9866
4856 6133
7703 9255
4158 8408
2013 7303
7747 8210
7118 9691
9488 9559
8026 8733
4731 7110
5986 9408
4001 7716
8196 9743
3750 6558
766 1345
6308 9512
8922 8948
7239 7685
9363 9618
4807 5871
4304 8217
659 3440
7971 9260
857 2080
4885 6770
1464 9402
2191 6280
4023 6693
6203 9940
8677 9275
854 7865
9463 9569
9784 9805
9519 9752
4737 5916
1866 3200
6733 8926
8107 9224
8120 9535
2348 7370
8886 9190
8016 8282
9293 9534
5883 7028
305 6914
1677 5209
2882 3995
9959 9970
1376 6294
6196 6210
2521 4297
2817 7432
1575 5774
7590 9038
8257 8617
637 9279
7707 8076
4334 7524
9827 9895
9849 9900
6648 8259
9605 9985
8687 9523
2748 6856
1455 7822
2873 8160
4787 6195
651 4855
9256 9793
1779 7319
8917 9143
8981 9437
2792 9955
4683 9739
2669 9290
8219 8276
2395 8322
4948 9296
5675 9214
6130 7404
1194 3488
520 5759
3136 4547
1437 5074
282 2047
5828 8307
5077 5585
4027 6969
36 6681
2834 9514
1763 6783
596 7510
1781 8304
6440 6748
6406 7946
7398 8439
3648 6089
4959 8927
9024 9459
3443 5232
9968 9989
14 1963
4295 8551
794 2018
457 879
6058 9821
5436 5530
5492 5975
8827 9904
5165 9103
6666 7723
234 8766
4669 4827
5354 8573
3082 3226
3378 3658
9019 9661
7885 8793
4364 9313
6645 6686
4286 8572
106 9187
3865 4149
4521 8130
3692 9027
7023 7102
185 7597
2908 4369
2934 6646
220 6407
4814 8225
6812 7088
9010 9735
7912 9461
8300 8549
7631 8163
7542 8465
6626 9155
4527 8844
5235 8054
2554 7186
8033 8049
4739 8586
3780 5006
7610 8712
6268 7921
1076 4099
1693 6265
4107 8241
5303 8723
8780 9487
3505 8909
6659 9761
2392 4497
2272 5142
2008 6343
2600 6544
6551 9423
7286 9688
929
634 94
3890 3523
1057 373
7349 2997
3170 2145
2366 44
3680 974
1255 656
6879 1105
8881 3010
3817 3335
3913 3278
7740 4922
4951 2208
7235 2806
4085 2344
5791 3348
3167 377
6742 6172
1264 671
756 391
7545 3006
5171 51
9308 2336
8627 6105
1157 474
8302 2912
7084 3298
833 532
2576 1678
7572 4880
8579 4011
317 205
6285 5671
6373 5263
124 67
4867 4585
1478 1056
6600 1072
4274 789
5896 1121
5686 2846
7007 4881
3576 1718
1959 861
1598 103
2893 2041
1122 568
2909 783
4699 2071
6218 3140
1818 743
476 13
4265 4116
4995 435
89 6
2126 1860
362 28
3806 119
2057 1833
1892 527
3075 2278
8888 7499
7406 1362
5060 2427
5254 3077
4074 2107
8958 297
2736 2586
2410 393
3718 2696
7671 7649
1052 151
8501 7449
7307 3677
1152 18
5908 2891
3242 1645
7553 5756
6735 4423
9612 525
9151 8153
7170 627
7531 6177
249 223
2192 559
1741 745
5387 4507
9292 5630
1525 441
374 127
640 414
3139 2539
1604 1504
3592 3101
2005 1659
2352 1888
4010 3533
9376 2810
5288 5012
3801 723
5338 4773
3436 1836
2289 1850
3398 1942
164 62
5130 3112
953 55
7694 3283
5709 2309
5604 3895
7521 2404
3311 3099
440 265
9863 5513
3336 1265
3245 1651
5214 1847
4719 4169
5326 1585
4317 881
6350 6068
3402 1583
8801 1795
4818 3094
6884 6309
8558 3945
2567 510
8242 5507
315 236
1701 1503
5035 4221
5299 400
6100 707
7506 5732
6674 3215
2476 1174
9826 1251
7756 5337
7059 2102
3322 842
8993 1590
7661 3160
4377 2403
5971 192
615 437
5974 4980
8676 8207
9137 8391
2147 2004
4015 646
2010 1692
7679 906
4526 2460
1589 406
9548 547
3434 3175
4356 664
8166 4772
1957 1387
7700 6981
8803 5097
4695 885
2754 978
9406 6013
4440 2302
6840 3809
4229 4041
5400 4426
6255 1044
8989 2979
9675 7696
3617 3571
2283 2009
1167 597
8428 3816
8473 6873
8418 4179
2239 371
8725 8161
7086 4365
6877 6766
9193 970
4972 3602
4403 1138
9492 1541
1394 747
2286 551
8152 2121
5848 404
6621 4367
3840 356
1012 273
4205 2114
6143 5531
3702 1067
2622 2155
4002 3486
6385 5798
3847 1808
1994 1705
6571 685
4726 1359
3605 1193
4904 1258
678 105
339 270
2610 1838
6259 4230
3288 2844
1143 179
1380 1100
9240 6135
157 153
6031 6027
1249 368
206 199
1754 785
3906 2128
5902 5831
8228 2159
9272 1398
2965 1683
6692 71
7569 1221
1489 203
3934 2489
8524 871
7897 2050
927 107
7854 6397
128 57
3133 760
2870 2585
1903 1876
4681 1476
3363 2077
1951 1694
4393 2849
7762 806
5525 4804
5083 3386
3828 2688
5342 3172
8356 4791
7190 3031
1320 314
7650 4529
8170 366
5044 1083
2541 266
5794 2282
9091 7983
1621 708
6540 2713
3014 167
9748 4232
4944 1062
9041 1600
7929 1664
5239 4083
395 301
9200 2656
407 370
2945 2501
1438 382
5155 283
5591 76
8711 1607
8753 5778
8211 6555
7815 6082
4469 2733
5237 3866
3296 873
1592 1401
3885 2872
311 95
1136 895
8520 1676
5819 4750
2571 1635
9379 2815
4040 384
3233 222
4080 2022
5166 1787
973 757
324 59
6455 5135
72 41
1755 1091
5030 1453
1969 1641
7300 1702
5806 1038
3490 2491
6230 6222
920 619
3691 1090
6627 4569
8296 4713
1797 486
6162 4733
7623 5580
5016 3481
463 10
4035 2174
1457 823
8743 3095
3237 12
4305 303
3148 1215
8776 8619
7855 4347
9770 4208
2995 2390
2224 668
3940 1548
4494 2832
1204 755
6198 5176
653 589
1921 428
802 546
6064 3943
4025 20
2413 1364
3689 1113
4563 1426
1023 498
6518 6138
8481 5069
7280 676
7734 6847
2374 122
7321 2633
6619 201
4910 453
7006 5733
3662 1375
191 90
2464 1945
6614 173
279 162
7511 2702
5413 2217
8782 7027
2456 1186
8774 5073
4486 2423
5670 2662
3040 618
4050 4047
5959 4255
979 868
1770 1037
5434 3144
5730 1355
3376 3370
5552 1050
3380 1427
2328 1930
3333 847
9873 8354
9608 9182
625 448
9782 3428
3489 2250
1482 1402
6421 402
3666 2371
3671 1805
7966 3433
5536 683
1875 967
8635 4966
1350 1125
4548 3919
5207 2292
6079 1609
2685 2641
2780 2647
5122 891
6670 2015
6129 836
5116 1684
403 330
6804 5610
3021 2400
5020 875
6053 2504
7320 6598
8587 8159
6310 5641
3603 1361
9202 8818
7485 3858
1073 290
7402 6888
7 3
9965 3113
7311 1634
1338 342
4576 1079
3546 1643
3009 2898
2031 1045
7721 5729
529 165
2906 2256
3785 2247
7923 6187
3218 2035
5527 3515
1802 190
7396 6561
7219 2716
5494 5106
7823 6262
1736 705
4239 351
6306 1379
5175 3837
6972 4516
7620 6956
8056 2963
23 8
3959 3301
565 354
4287 1430
2611 2437
8432 2537
9432 4250
3093 984
6359 5576
4383 3267
1717 280
754 327
4092 765
1170 583
5138 3323
7348 3320
3530 1712
7368 5335
7111 2570
8795 4696
8727 66
6116 2341
7192 5430
787 33
2789 1851
2458 2281
5231 5075
2787 2228
8588 6785
1773 1407
6328 5386
9245 7330
1884 1166
4528 1934
3106 2674
387 138
5307 5008
9504 6801
6547 3607
6420 6271
221 38
1342 275
6641 5583
5792 1670
1666 697
3707 3453
1724 713
1627 1324
4761 2049
9555 2895
8073 4975
9300 1070
5007 1160
6494 1665
2640 1929
8087 6426
7624 4610
9894 3642
7032 3403
1794 1006
6036 5889
6242 4572
1700 571
2881 200
3580 805
1587 454
3531 91
6107 2821
5410 600
3418 2218
1409 104
9971 889
3051 2857
2221 231
9101 7950
7098 4237
9349 7594
567 459
965 725
4890 3996
7272 5163
262 178
5509 2384
1958 1395
1543 1140
2607 865
4483 3429
1965 491
9572 6980
531 458
7669 7460
8258 4073
1292 226
3684 1216
6236 1920
9430 5961
5154 2452
1747 1300
7668 2956
5598 758
9646 8136
8502 331
7265 1840
5801 5518
7500 1799
7564 4196
7322 809
2888 1871
9715 9054
7350 3496
5983 5228
7724 5840
6007 4496
9453 1514
2580 284
2106 595
7536 5104
6796 598
5976 349
4070 3736
1223 1014
3588 2411
4103 3663
6784 114
5484 4043
1448 820
6372 2396
3393 3121
9609 5036
9622 5018
3697 2170
6318 6154
2737 1735
1238 1034
4439 108
943 228
6109 1281
2584 1823
3352 2639
3421 1535
4424 1154
4538 174
2429 741
2297 649
5674 5375
981 574
5672 2887
5958 1734
8896 2340
4558 2850
9399 3508
8386 862
3119 1896
3819 2905
9209 158
3239 996
5101 2734
3192 989
2359 1327
750 261
1742 1222
7221 2442
9499 7302
5146 332
6252 5607
9664 9031
5477 2612
1885 1391
951 706
3479 238
5938 2675
2060 2051
3507 1224
147 126
1250 647
7812 2911
229 120
639 617
6696 4914
2726 849
5822 4641
4564 3166
2498 2179
6152 2443
6267 3768
6164 1406
5596 601
4392 3269
6355 2083
2158 946
347 326
7119 4301
1720 1033
5453 3419
1782 538
3929 2663
4517 500
7305 27
6602 100
5117 2661
777 419
6182 1577
4061 2103
8811 7742
8991 386
9382 6144
8759 1015
4361 4253
6701 2975
3016 860
7893 216
3753 3384
560 133
6546 6536
5559 4680
7431 6256
344 320
5366 4846
2171 316
7627 6493
3460 1910
169 29
3304 2902
3000 1922
287 219
7830 1371
4327 1882
8822 1134
7436 5925
9574 352
4799 3914
4437 82
2618 2591
5196 4541
31 16
3616 564
2941 2791
7836 4344
5621 5417
661 50
8075 494
6857 5868
4180 207
9914 5771
1177 960
8613 5156
8180 1137
4110 3073
8177 6671
3649 1997
4976 4289
5473 3501
1131 143
4954 1397
7933 79
2138 1565
2582 278
9465 7143
3046 1925
6997 295
9706 6102
9092 3300
3350 1446
7773 2463
8239 4915
7179 5846
5070 2740
3062 2075
3309 1529
4069 3782
7501 630
8528 1769
773 475
9596 6356
8483 2027
1466 635
2014 298
8046 5954
7997 5725
1815 1740
2428 648
6301 1432
5280 2453
37 5
7444 1365
6809 376
4068 1846
7493 722
846 827
1937 1485
7268 6486
4130 926
8233 6860
3706 3604
6121 642
5279 3949
8846 7153
9899 5454
5048 3338
4940 2017
5647 3565
6552 3129
7276 3719
9799 285
8508 3135
6630 5962
8875 893
6647 6362
4785 3933
7150 6525
9502 2750
9972 8686
2073 1133
6673 1917
7748 4473
6901 4869
6392 3504
1745 1491
4171 3424
4744 1326
7994 7338
5438 2760
9166 2659
8446 4598
2546 541
5614 4912
3157 1602
9203 6677
5187 2910
6921 4461
7818 3749
9732 6460
6908 4559
1778 511
3468 2781
6369 2482
2637 616
4299 2405
5839 4549
6863 6386
2363 215
2930 1777
6191 508
4206 3004
9470 8071
9090 6037
1931 719
101 34
3754 1068
4643 2644
2764 2416
5078 3660
9530 1180
9446 6275
5478 2650
2398 1093
6184 4841
5548 3379
6768 1879
1606 701
3637 2795
9936 3922
3066 367
2279 1026
9746 3456
8521 7693
2513 40
1928 1378
2883 1881
6747 1992
4148 3778
9613 2349
2109 695
2248 176
6534 2036
7167 4009
8553 1071
9958 7482
1501 465
6902 2864
2066 1420
1523 1421
7754 5004
5913 3060
5416 4226
5059 4768
3141 2680
9712 6131
1098 655
6837 3043
6982 4906
6719 3232
4718 936
7496 3455
1688 691
8129 3879
3867 148
4362 2512
590 493
7848 3022
289 183
1539 232
3886 2929
9484 1610
4136 1392
8785 8745
7230 6204
7736 5921
6828 4743
5821 340
9064 5021
4865 1247
1528 1081
6357 4621
1085 125
4207 2721
9524 7470
6905 1843
6774 2779
4325 2331
4390 3345
7253 6757
5726 858
3316 702
2940 2120
7655 1429
1911 424
49 19
3048 866
9259 1877
9078 1268
1202 584
7641 4707
8151 329
1595 1470
5475 4129
1999 535
8734 4438
7509 3008
5333 3027
6292 6110
6896 6253
2904 1261
2231 622
1272 935
1465 1209
7793 7713
5615 3784
6485 2354
4916 4382
3280 1237
7005 2090
5665 1370
3258 2470
2859 2333
4063 840
1790 307
9316 1243
9067 2244
4957 1343
6286 5781
9097 8876
2572 715
831 687
4140 1234
8548 2943
308 61
5179 4834
8095 3392
8882 2664
2962 1101
6563 5514
4974 1648
1102 296
4514 2854
7103 5419
9506 2869
8845 4097
6403 3846
5560 4235
2439 2394
4693 1116
2032 97
1340 837
9668 35
9228 876
3509 3155
5443 2087
8923 4866
9920 2695
375 264
5256 509
4296 3061
2165 1469
208 83
6482 4413
3100 1637
4005 3054
5739 5578
8532 4276
636 610
2240 1687
