425
1522 7091
9433 9585
5943 9656
5912 7792
6920 9067
2895 9100
3949 4808
3743 5830
3324 6142
1700 6316
1728 5318
3626 7047
6738 7343
7877 8063
1619 6807
1183 1744
2994 4021
8430 9497
8794 8825
5211 7284
2986 9735
8619 9787
4705 8016
2669 4947
4127 6704
4022 8367
8604 8630
7494 9741
7060 7454
2008 6008
1114 9812
6413 9153
1653 3272
6619 8907
8597 9060
3718 8124
2269 3146
5226 8731
2512 4699
4415 9778
5163 7279
5744 9236
4223 6652
7969 9882
561 8288
5873 6436
1392 8510
8392 9075
9965 9994
322 521
4428 7701
204 1922
2739 4896
8506 9258
7167 7983
2728 3962
89 5112
3155 7630
2664 8432
2659 2780
9308 9431
3449 4476
7812 8820
8642 9299
9065 9463
7585 8563
5601 7806
2729 7564
469 951
1624 3364
1875 8439
4116 5600
5969 6604
2741 4166
4818 8872
7158 9267
8116 8479
7572 8266
6399 7904
8438 9343
5400 6143
4545 9250
7049 9535
1896 9134
3069 7545
915 7579
8109 9070
151 9189
7402 9241
4709 9379
4940 6979
8866 9524
1711 2616
9551 9717
4210 9734
5523 8740
6422 9159
4288 9444
6346 8790
1017 8721
4020 4490
5758 7151
9076 9658
1670 9427
5192 8340
484 5697
8757 9373
8450 9790
6220 8056
388 7422
9027 9222
4936 8385
1668 1910
7085 8810
4835 7571
6469 7414
3346 3977
8914 9453
6546 6573
9122 9923
9232 9785
6297 9462
6002 8200
7074 8002
7099 9165
7848 9177
4732 5989
5098 9707
8398 8612
912 8978
3551 7086
7063 8848
8363 9118
3015 8454
8344 9642
9560 9849
7683 8949
2371 8073
4589 6904
504 7366
5530 9984
9743 9924
6439 6901
4189 9147
5985 9016
8851 9284
3044 5874
4982 5332
3698 9957
837 5827
9852 9908
957 8739
2477 2585
2813 3762
3328 9002
5434 6947
9851 9862
3721 7657
9210 9821
1572 4890
8368 8908
1103 5702
791 1053
9601 9729
5461 9724
2078 9793
3023 7327
7771 9595
627 8584
7054 8199
566 8388
8025 9408
1523 2017
6099 8677
2340 7310
2944 7324
3747 4933
8157 8220
723 7116
8795 9624
8175 9293
6988 7154
2630 3536
586 4241
925 9360
4429 5739
1319 4754
3788 8190
6699 8496
6060 7811
9245 9494
5238 9668
454 5804
9633 9817
9781 9816
4367 4382
2871 5147
107 3525
2605 6411
4665 9226
8980 9115
6356 7900
7942 8183
8710 9927
3097 7828
2606 9484
6414 9628
2276 4638
7660 9892
4245 8886
7199 8647
8419 9850
5197 9845
4555 6531
7510 8623
9313 9973
7141 8587
8143 8345
6201 8498
9687 9938
4497 7321
5872 6764
4978 7115
9207 9922
2799 6978
7000 9917
6956 8562
2759 7032
2173 9370
3666 4159
3045 8554
3882 9367
5221 7947
6076 6176
244 1904
3376 7133
274 3421
4650 6551
2963 5808
9685 9887
1093 1757
5215 7590
577 6851
3856 5061
62 726
36 8255
9298 9684
2773 6918
6588 7693
7500 9354
996 2267
4960 9689
615 9529
5492 6710
4063 9356
4580 7463
916 3115
2091 5831
5473 9430
4575 6433
1293 2177
5959 6628
57 2750
37 5842
5677 5878
1464 8334
3620 5888
6522 9187
3754 4414
4121 8990
4994 6162
9683 9895
948 9751
6571 7788
367 3174
6907 8141
4400 9036
3964 8560
3832 9877
4114 6584
4807 7437
5041 8760
6178 6880
4675 8257
2637 6793
3594 8372
6923 7231
5844 9598
6839 6966
6944 7076
3781 7752
5567 6568
3485 7580
7640 7743
6521 9077
3752 6449
5214 8700
4718 7968
2021 3121
1538 7912
9372 9773
3470 7591
9029 9114
1812 3802
7211 8186
1139 9336
1900 2656
2688 4640
9428 9716
7142 8719
8414 9680
1129 4753
9566 9959
4119 6039
1281 8602
7766 8215
2314 6716
1073 8176
7371 9903
2966 7163
260 6460
99 1022
6409 8499
6255 8389
6916 7841
662 5450
1762 5247
1479 8386
5653 6013
8548 8660
6898 8091
5395 7227
6003 7862
6447 9062
4457 7562
7376 7485
8466 9612
1341 8381
1806 5402
4461 6637
5599 6230
7210 9163
7378 8682
5330 6036
1106 1243
7729 8871
7598 9712
7014 8931
5731 9515
3436 7104
624 5202
573 3728
9893 9902
7669 9173
6686 7938
4914 6202
8515 9555
8169 8221
1708 5816
7301 8909
288 8535
8807 9827
2964 3530
5931 7226
4692 6169
3719 3742
1227 5140
5999 7160
4742 5438
9419 9835
2215 8868
282 6151
4327 5307
9297 9990
3777 6984
742 1303
5471 6276
5077 8313
9810 9931
6893 9104
1943 4086
1985 3103
9487 9490
1344 6306
4830 8353
1352 3442
2456 4727
4202 9915
7977 8556
3635 4883
8508 8821
6696 9130
5424 8197
4306 5515
7719 9007
2926 7547
9629 9713
1204 4825
9474 9618
4632 9382
6997 9347
3301 3965
5541 7741
7181 9262
2469 3971
3517 5494
7367 9369
303 5478
4942 5762
1400 7607
1238 7664
2286 4084
6205 8240
4019 5328
855 2452
6734 7010
2590 7070
8495 8743
1558 7939
391 5540
3632 5200
7397 8393
2420 5929
3810 8544
7143 7823
232
8412 6226
6313 4703
6270 2838
2433 53
9546 297
6989 2040
5276 1746
7117 4706
3033 1870
8836 3646
1273 523
3622 2556
2178 1482
8434 2932
3477 3374
2917 2635
9079 2083
1425 150
9437 3309
1622 843
3722 2299
486 386
4522 1318
310 252
6552 211
1009 533
2534 1150
3056 1081
7131 2831
2527 172
4517 1406
8583 1361
5401 2031
1384 1376
2888 1776
2841 852
8694 1882
9128 4088
8806 6130
6719 1539
592 317
3699 1171
3011 389
8982 1310
6352 2693
1428 35
4141 3892
7267 42
8565 2457
5432 4762
8490 5647
7162 7093
7535 3430
3406 2738
6739 2696
5089 4032
6412 2592
4454 1955
6406 4595
7994 6664
2658 1472
9836 6238
1164 196
9952 7407
5257 674
8917 6548
2060 380
2822 421
2921 1578
117 66
9485 4184
8489 7351
9400 2256
7526 2965
1738 978
9530 7586
6286 4885
8596 1834
4627 4257
6834 1664
8689 1438
5951 5733
6211 2355
3120 2634
8688 1662
1132 918
8767 881
1070 271
1228 1087
2548 1683
5158 3381
8815 632
3801 1137
6172 1334
4639 429
932 759
4814 3466
1576 118
9520 1233
761 51
6665 2200
3649 1990
6763 6240
2208 403
9754 911
4005 3059
2121 1410
5823 3766
9435 417
251 139
402 287
6020 2891
8437 1868
8405 409
72 3
7110 2150
7388 6557
4591 4101
5491 3789
3126 3031
9483 3684
9788 4335
3691 362
1885 1590
1614 149
728 365
3686 2763
9021 2905
6933 2885
8564 1062
188 185
243 153
3475 3431
9798 2427
2258 1021
4273 2611
6080 6037
8585 4377
6645 885
7240 5487
9200 1216
7706 3092
7558 3356
393 114
9117 3494
2050 1956
2320 2319
6915 817
5436 3966
755 236
4470 933
6924 1178
3499 2291
8384 7656
2828 2580
9023 4538
7429 6233
1526 1048
1453 1398
3706 2778
7523 4117
2712 2066
2927 2282
9657 1599
9418 5834
8683 2019
1268 1126
9926 7364
7128 2352
7734 6888
2849 1467
8989 1181
1362 673
1771 1148
4105 1088
6363 3568
3687 257
4444 4093
2296 309
7953 1
984 441
9143 5189
8167 4911
1331 607
2613 2448
8897 3020
4396 3916
3663 3024
1705 621
1435 819
7709 2840
847 299
672 311
9449 4746
2174 1314
8165 1117
3393 428
8198 654
9663 3211
6725 503
4040 3590
7785 5004
4143 2603
2602 1836
7860 6757
1575 419
77 71
3209 930
3735 587
4851 4652
6515 2554
5566 5028
1505 1471
8705 381
2079 622
5261 2405
4621 4231
1040 658
2798 920
9088 2977
3986 995
3444 1863
7268 6217
8581 8015
7356 7344
8965 4435
1436 982
1950 203
3008 473
1717 235
6803 3206
1727 1692
