944
5329 5494
2683 5871
4297 4686
3611 7079
644 6552
562 8541
6332 7981
7804 9924
3196 6476
3065 7373
2393 6989
3333 5106
6875 9188
149 246
7052 8137
2113 5989
9932 9944
512 6541
3058 7084
1064 4429
5485 6143
7815 9436
4434 8731
6787 6836
327 7737
1332 5525
9178 9949
6792 7271
9022 9143
1774 2315
7552 8292
8035 8249
4541 5945
879 7900
7044 7368
6949 8385
1179 8885
2342 9995
8015 9122
5060 7715
8982 9838
9431 9976
6611 7990
4715 5431
9137 9690
3568 4846
5307 8234
1264 1366
1962 5728
7667 8033
2797 5797
4450 5902
3127 8740
8940 8961
4409 7697
4127 8911
4200 7701
7435 7672
7888 9204
6937 9956
3971 8392
3138 8992
1865 4347
4787 6076
6110 9027
4066 5226
65 7685
6488 8804
357 6667
5911 6542
8206 9503
1206 9206
8975 9842
3512 5032
1670 3155
6585 9871
1565 7096
1833 7363
41 6091
9394 9631
3493 8661
6537 8090
5853 6222
6663 8796
5588 6630
3900 4400
5775 9452
4908 8130
8325 9816
5637 6643
5859 8747
1214 3756
6698 9628
2805 5186
575 7381
5503 7184
7752 8183
5969 7223
9156 9347
5639 9848
8799 9945
8069 9727
456 9045
5804 8977
8615 9923
7452 8108
394 5127
8022 8440
1026 1385
4804 7180
2078 6576
8585 9096
3741 4198
5931 6948
6710 7476
6857 9699
5028 7445
4425 8581
4920 9682
1401 8016
5906 6590
5836 7765
612 3017
8665 9005
7700 8366
724 4208
2490 8812
6133 9176
2218 8774
8663 9511
8760 8852
4701 8630
474 1856
952 9301
2366 3236
7793 8673
6356 7975
9465 9524
3378 6849
2129 8608
641 3097
5047 5753
8880 9311
278 2250
4596 6566
5437 8872
1778 8500
5274 9522
9515 9539
1178 7733
8983 9950
402 9478
5228 8371
5978 7578
3193 4462
7123 7155
4411 4668
3340 6215
1790 7494
4197 9284
4276 8680
3587 7707
5471 7580
7115 7986
7522 9844
4422 4552
1793 9831
52 6877
7414 8417
967 5336
8413 9273
4903 6104
1319 2892
4953 8427
5696 9914
4125 9668
2476 6893
535 3987
1448 3181
6329 7205
6414 6553
3928 8503
4449 5540
3738 8314
3445 9272
9542 9787
3093 5929
1333 7295
7798 9595
7270 7782
4070 6388
8762 9209
2776 7703
3053 7835
568 2359
9801 9888
3278 7231
5610 9130
6638 7556
7620 7969
9500 9940
4389 7972
5420 6649
5148 8396
25 5416
4146 8546
5642 5715
1187 2954
4496 9573
507 2199
6657 9379
2493 6802
8952 9618
8856 9791
8331 8949
4694 7729
3914 5046
3915 8621
5890 6750
5962 9300
6268 6487
2584 2837
3368 4004
5795 8321
7451 8072
7827 9400
7211 9146
1960 8862
1312 2427
7799 8644
2402 4437
9091 9895
331 7970
2096 8613
2000 9296
2737 9881
5559 6529
6855 9543
1581 7269
5198 5330
6964 8079
3881 8239
4426 7695
6466 7702
452 9048
2927 3149
7903 8502
3255 8085
8134 8401
6294 8461
6018 7362
7716 9198
3862 7486
765 7600
7722 8227
9405 9700
9056 9470
7499 9291
8294 9069
2348 4486
6990 8202
1375 4455
1231 2168
1008 3440
5926 9039
7149 8648
4789 9473
2694 3888
4837 6956
850 9813
6052 8651
1612 4772
5081 9973
4174 7150
7512 9489
8362 8833
5089 5378
6574 8764
263 441
9904 9965
5014 7601
8191 9598
1660 6999
3229 8884
1934 7038
297 954
1783 3292
5761 9609
1281 3671
5132 9861
8640 8669
1450 7350
5658 7439
2690 3037
7054 8758
7881 8863
1857 3574
956 4108
7406 7410
1782 9077
2019 2985
780 7443
6108 7144
4669 8582
4214 4441
4547 4579
3273 8767
6098 7661
1713 9552
8572 9435
2065 2713
9306 9391
3608 5266
5417 6290
4018 5867
8031 9231
5013 5244
3877 7656
3736 3838
3576 4988
532 5622
7979 9866
8706 9354
9483 9517
19 1237
182 6631
9259 9762
312 767
9968 9978
610 6790
3757 6801
50 6746
6395 8100
5651 9480
3841 5038
1150 5366
3918 7590
244 4383
6854 7637
17 9261
6199 9796
2397 9125
7469 8628
974 5690
4236 9163
6220 7966
913 8158
5915 6766
5716 6986
7347 9162
426 9106
2486 3258
1104 9601
8701 8913
7818 8894
2296 5800
6589 8713
4176 4245
1744 6280
290 2106
5327 7826
4498 6885
9398 9783
5283 8146
9757 9964
8442 9307
7796 9770
870 1133
9402 9671
4584 6648
7899 9072
1089 5539
8557 9471
4290 5376
547 7927
4980 8456
3418 3892
9651 9818
7892 9192
6700 8382
2851 7498
392 2864
3141 8950
1131 9244
3661 5608
9075 9219
3051 5432
7595 7838
9544 9828
7356 8829
1494 9145
9718 9839
7449 7649
9366 9710
6645 8690
7748 8317
718 4511
5175 5954
1054 3359
124 9977
1967 4752
4647 6239
5181 9381
5886 9768
5267 6021
1762 9702
7364 7959
1049 2114
264 4352
1255 7080
8837 9588
1992 5798
4618 7478
6471 9023
9590 9887
8370 8688
4722 9992
2429 5682
1205 4044
5318 9240
4273 5068
5363 7332
3145 4807
1148 5589
9310 9826
4038 8657
3536 8741
381 6951
387 5571
4248 6904
7100 8802
9698 9958
9417 9982
1903 2519
3953 9986
6200 6229
6517 9650
8734 9707
7800 8671
3336 4510
7591 7682
9190 9395
2804 4246
4741 8825
8359 9107
8642 9404
1558 8405
768 5532
9228 9501
6685 7619
2088 8972
4117 7077
4788 8803
5036 6637
5536 6808
2189 3958
7547 9530
3843 7870
3644 7934
4116 6873
6868 9502
3054 8609
5827 6793
851 9454
3842 9071
6880 9355
2304 9090
5082 9154
4566 8332
133 6137
7928 8275
178 6038
7309 9461
2036 6742
1070 4011
6345 7994
8945 9380
4636 5214
885 1083
9420 9868
2358 3345
1439 4350
1543 7301
9759 9915
1882 2753
2498 2580
738 9006
8861 9014
3681 5412
2473 8746
492 8494
2016 3020
7616 9799
7311 9798
4315 6203
1624 9802
7592 8619
5243 9534
9634 9720
2556 8056
8003 9012
6963 9230
8107 8521
5117 6863
5484 6023
157 5123
380 8058
6675 7910
9211 9809
3413 8296
8676 9679
7496 9283
5218 8013
3978 8525
8383 9455
2207 5831
4554 8960
5389 8766
7072 7294
7980 8491
8873 9025
4366 4687
937 2499
2841 7939
7058 9531
4974 5839
3139 4858
4533 7418
7839 9147
676 6123
5555 9255
706 6436
37 8629
5829 9594
5394 6182
5101 6493
7280 8190
8801 9604
8553 9883
8732 9648
8672 8704
2598 8596
9112 9806
9327 9343
1826 2718
4453 9971
2267 6313
795 3328
5231 9035
2533 2721
1824 2692
1901 5450
6703 6903
296 7078
7351 7626
5611 7876
1959 4041
1096 2291
7954 7974
6348 9086
6680 8832
6731 8311
3267 9938
1069 7145
3402 3441
992 4696
4009 6063
3314 8694
3372 5126
2298 3850
515 9065
9743 9863
7712 9049
3691 6826
4941 9324
786 6966
1524 6255
8761 9175
6465 8817
9326 9856
2234 5508
4644 8750
8373 8522
6914 8531
8562 9018
4253 4966
7710 9733
5881 6331
807 1040
5335 8870
3812 4548
9370 9491
1365 6694
4318 4844
2995 7366
8512 9939
424 6191
582 1286
3698 6763
3739 7182
6907 9215
2561 7017
944 6661
4562 5115
4740 5121
8201 9232
1097 3049
5844 6437
3389 5510
8775 9339
5907 6498
7570 8978
5483 7127
3740 4010
4093 7474
8374 8875
7618 8937
9371 9928
9676 9975
7917 9756
3487 4546
8851 9378
7310 8871
3102 4157
4240 8094
7314 7698
9002 9748
7190 8798
2118 5946
2087 9520
9829 9909
891 6074
755 6647
304 6448
3593 6303
1879 6372
5898 8273
9120 9661
7713 8179
1548 6040
3855 4820
759 9275
7891 8397
2388 3123
7064 7194
5086 5287
7141 9432
2647 9897
635 4034
3717 9330
6768 7319
5730 6908
2188 9252
4689 5384
1947 9666
2475 2551
5733 6783
8855 9625
2761 5590
9411 9486
1403 9333
2050 7943
5037 8289
6720 8574
8495 9496
6743 8416
1807 7840
4892 9088
7264 8515
1306 8654
7192 8936
4945 8490
2592 3650
9889 9907
4911 8717
5339 8797
5118 7396
5784 9985
7417 8687
8148 8509
6102 6115
8971 9451
4555 7987
3963 8579
1321 1517
2468 8508
7647 9926
4611 9761
7775 8539
962 4970
7546 9749
1173 4476
7887 8169
5991 9630
5491 7880
1246 6735
6672 9574
5883 6034
2245 6449
6043 8068
486 6993
180 2514
6696 9251
5983 9786
6516 8516
2122 9267
8479 9823
4968 5216
4724 7200
1986 7711
6856 7248
6800 9368
9410 9822
6175 6237
4230 9638
5851 6342
3728 4793
4557 6219
7415 9007
7856 8354
4917 6228
5187 7916
2045 9587
3220 6629
4251 5071
3725 4791
6910 7777
4215 6736
2197 8426
6535 7751
6107 8000
3430 5176
6634 8552
9382 9885
9711 9867
5656 5683
4638 9922
8450 9195
3194 8782
95 5628
8210 9318
2785 7358
3122 5896
2722 6992
938 5291
975 1073
443 5262
6748 8250
6371 9780
6706 6757
1556 9159
61 1852
6810 8459
5213 6477
1844 5072
2917 9115
7236 9869
6846 8719
9734 9999
4779 8011
3431 5045
127 5982
8625 9029
9103 9488
3283 6540
4468 9941
4065 7277
1358 2715
5900 9622
1743 2780
7168 7560
6719 6795
412 1574
8891 8954
7538 8520
3872 5918
8028 8909
6316 7266
6005 7857
9626 9732
5304 7495
3214 8695
8345 9363
6062 6896
5799 9877
5033 5574
2005 2191
2651 5816
622 1840
405 5409
7161 9167
5752 8987
8124 9921
7039 7805
6176 8497
602 2254
2863 8984
4235 6464
8336 8916
8889 9990
1498 8438
2307 9558
7279 7502
5242 5889
9746 9751
2553 8570
8203 8753
7348 9008
8488 9906
2167 5655
6198 8051
3571 7688
6669 7212
3490 5154
8925 9278
1846 7566
1772 7305
353 6545
4567 5439
3834 7511
669 5097
5421 7951
1154 2387
1902 3078
1610 4965
1887 6775
3471 5236
6628 8715
9168 9207
150 3751
5980 8186
131 7133
8174 9266
5351 9639
9116 9512
3052 7837
1526 9336
4730 7057
1320 1674
7865 9449
3596 5075
747 3010
8036 8200
2436 6806
4042 7318
6521 7241
4300 6105
1515 7171
1569 2072
1271 2353
5359 8213
7983 8769
359 6891
3322 5971
6898 7177
700 904
9657 9960
1905 7812
8590 9256
2529 5785
2614 4600
1361 4706
6186 7050
4880 8120
858 1688
6811 9684
3110 9687
7394 7446
9652 9988
5190 9962
9133 9966
5167 8216
6163 8285
6094 7225
45 8276
6153 6626
1033 5455
2344 9377
3889 5104
4270 4397
7405 9672
6658 7345
2037 9957
2262 9540
4718 5786
2111 5440
3522 6226
4322 8080
155 3633
1342 4259
9415 9518
5278 7610
5766 7208
5803 9955
5605 8340
775 9054
7403 9736
7680 9967
1592 4055
6942 9581
4382 9709
8624 9467
5134 9852
9312 9615
8402 8431
2151 5561
4244 8103
1639 7468
8951 9763
2214 6474
818 872
3221 4348
5527 6421
1027 9765
1671 3930
8967 9653
3300 9633
2965 5492
788 8281
1326 3529
2253 2777
462 1442
4827 5549
2120 4822
7442 9900
9845 9919
362 1560
6138 9334
9210 9703
7508 9913
3446 8208
7298 7492
945 2504
3699 9766
6196 7869
3101 5371
335 5824
7692 8155
7260 7323
6132 7544
5043 5668
5521 9447
7912 9704
8260 9576
413
4999 855
4136 1645
3711 3592
524 413
1506 33
8408 6917
7134 6519
4311 4186
7940 6486
931 219
2848 1169
4654 3099
6338 4973
852 694
9293 3319
6738 5001
1711 823
5592 530
6447 4637
8290 6378
391 218
733 215
9308 2738
1090 326
9875 2595
1118 727
3581 1307
77 12
1634 911
9785 8776
239 100
8586 5681
656 479
4115 2379
7426 663
1895 1587
5501 588
4683 390
9605 1770
7535 481
1376 1341
1876 577
1728 1443
4605 2839
7602 7506
2865 2620
3090 994
5460 3819
7848 2020
3617 3034
1113 1030
666 248
2457 876
9560 1164
292 185
9416 9004
1025 614
5203 2617
6240 5172
617 258
3476 531
1416 613
8180 5312
1041 487
9429 6301
1812 959
7023 494
7024 6310
1809 540
8835 5541
2889 982
1659 163
1850 1208
1364 43
454 210
237 235
6527 2508
7047 2782
5837 286
1935 64
3943 1143
1582 712
1608 859
4180 3468
5248 4597
5459 3484
9279 2758
6906 6049
518 396
9998 3228
1932 1483
1003 597
3191 288
4919 4165
1880 1573
5333 3600
3332 3154
6610 1272
7632 1640
4661 841
3582 375
2838 2835
9925 6269
1737 556
7562 5067
1445 32
6852 2495
924 709
7390 856
2756 2381
3551 1411
4017 1575
1151 1100
4256 457
2938 758
4028 1422
5624 882
9439 1276
1694 500
2440 2424
1975 1787
4189 1988
803 222
3857 690
5607 5004
5984 1578
3087 1011
5477 5446
6030 1954
7996 2786
7085 1663
6258 2635
4786 603
8627 5
4233 2789
6187 3086
4747 2242
2117 259
129 79
4006 78
8867 3279
7515 3469
8540 1995
6418 5812
3618 2842
1534 470
2363 1953
1480 1057
8255 819
6460 2133
3331 907
3620 305
8759 7424
7655 2577
4771 4485
138 117
529 130
1389 917
3799 3226
2492 2326
4134 91
5396 4439
3225 1933
1891 778
5159 3056
5841 4828
5125 4261
5573 4509
119 108
4928 2104
8974 2829
2687 1396
3399 459
8361 7075
2806 2399
1800 1467
720 174
1536 273
7550 1834
7613 4061
2571 2412
2922 1753
2386 2385
7491 6288
704 557
2125 1604
5912 3277
7633 2390
2983 1680
990 888
6302 1374
4298 1943
8351 721
5321 111
2003 105
6715 3612
5091 4865
8196 1338
1685 1571
6901 545
1176 541
5353 1564
6319 5826
9200 1915
2202 1746
681 72
6044 1220
4380 573
4623 691
4967 3609
6509 5974
836 574
6254 4532
1463 364
6469 3354
5129 3104
9646 5875
6197 825
3899 2219
5009 4291
3686 1360
3743 3334
2794 2006
5688 1742
55 51
42 26
817 254
9583 8040
6865 303
3827 2149
7095 373
8032 4939
2703 2288
1436 651
2121 1185
4475 1577
3442 1525
8074 2548
2391 1353
6162 5225
7320 4921
1836 701
5802 2824
8410 6946
4990 2572
1116 620
5724 5723
4424 2734
5183 4124
9269 4833
8595 7573
2850 1623
5425 4223
9466 2866
3732 2398
8163 2466
3629 1465
9485 6932
3562 3341
736 417
3241 2079
3994 3287
6759 6725
8175 4226
2599 571
1270 628
2886 1390
7086 3886
3309 2628
7747 4137
4145 1239
2554 202
895 308
7946 1926
1523 230
4878 343
2870 1369
5251 2458
1107 726
5602 167
8674 8432
3472 3119
5671 4935
1735 18
2375 1105
5951 4092
7139 379
8754 7484
3518 2455
3880 1511
1638 599
593 271
5885 2268
4370 1293
9497 2549
4711 132
1538 878
658 8
7327 2665
9834 4346
3680 3178
3530 3448
6641 6211
6305 587
6727 1367
415 316
315 294
7060 4529
3163 2881
1209 388
3164 3158
3542 2179
5257 3207
1631 370
8409 2184
9947 5990
4904 1035
3913 1653
6847 5960
6709 2610
3459 3202
6867 66
4691 3533
1029 425
9575 302
845 190
5454 314
9843 4229
3080 2323
8811 1811
9066 5320
1457 287
6304 5739
8129 4910
8622 7349
179 128
9691 7588
5448 4731
3366 1710
6604 4420
96 44
3684 2241
9019 8948
3777 866
7262 4303
2877 2332
8109 2784
7549 2874
2465 93
4830 750
6185 5821
832 794
5513 4801
5743 1427
2953 590
6243 5065
6247 4902
1406 40
2914 1210
8452 6358
6686 2352
59 15
4656 3653
7082 3715
3111 1527
5476 4598
4985 1240
753 229
6037 5069
3470 2660
2420 2086
1724 1249
4081 683
5157 2858
7189 5111
1381 1318
5093 3417
8055 6158
3439 3198
3382 1549
6393 1196
2462 1124
2796 9
4376 549
5208 329
9100 8105
905 120
5005 4299
8465 2433
5008 3619
8649 3869
772 213
5731 3363
1808 1750
3829 2283
7293 3113
1174 638
5706 1502
6315 4717
8229 3140
8326 3134
1193 672
5823 5769
3924 2474
9937 1015
3174 2809
3531 2781
5383 3424
2031 1126
8376 7326
6020 1433
6845 1707
6770 1716
