26
603 4642
9749 9809
8916 9549
7246 7481
8083 9601
3454 9755
5863 8917
9038 9692
8673 9807
3659 6935
2266 6994
9672 9791
2461 7602
5419 6719
511 2785
5973 9067
2600 6092
7089 8725
6857 9562
2186 3948
1303 4086
4364 9988
5660 6724
3780 6294
7344 9318
5656 8359
958
9128 4947
1267 811
4180 713
6718 2660
5953 1861
8305 988
9397 8573
4020 993
1788 1169
5592 3
251 230
9827 5978
2409 1726
876 516
7878 5482
9357 5756
3759 2780
6211 5310
3607 759
6116 5600
7960 3246
8535 5144
374 193
1092 439
9398 3057
1847 1618
6037 4944
9111 2501
3392 1205
1685 823
7664 1400
6698 1549
7815 6571
9078 4283
4251 1302
9518 691
8908 3077
9879 1159
3411 2930
361 162
87 69
8274 7792
5692 2130
1958 611
2576 1383
2346 608
8332 8245
6904 4330
6414 1449
2871 1948
9542 4263
4610 4058
4519 2048
364 35
562 259
9939 4593
5616 1154
145 60
9145 5929
6309 5784
7645 5256
3563 1355
3500 2417
3611 1330
5874 2437
8052 2728
5470 1832
7182 1591
9354 6095
2116 399
138 134
3076 753
1285 817
9467 3975
9025 5083
9923 3661
1314 1139
3152 2970
9752 1479
4859 783
5958 5004
7092 1753
2176 176
2679 1084
4694 2923
6234 5393
4766 4717
7954 6061
1676 574
8838 3502
4937 2407
7036 1785
4542 2944
3978 1646
6164 4069
5098 1724
7884 1430
7790 7078
3708 1319
545 526
1900 386
1752 1329
4198 327
8395 2476
4168 784
5186 1924
6521 5029
7630 2297
3740 1707
996 614
288 115
1199 788
1079 799
9119 8572
3095 3074
7218 5828
9669 8724
3679 2195
5700 4817
3896 2287
268 121
1466 1276
9857 6014
9679 1453
2196 631
1085 490
1390 451
4633 1934
9366 1725
9239 9148
9511 5273
440 389
1927 1803
989 498
3459 884
8235 8133
229 36
5665 5305
6527 3195
2954 979
6450 5444
1690 1511
3033 319
4078 411
6673 2874
8125 7475
5634 43
1739 1296
2423 990
6579 961
7629 1299
6184 486
9938 559
7457 1476
4301 2085
7747 5555
5614 1275
8250 968
2105 80
4789 315
7011 4861
5355 528
9718 4908
8599 2364
6988 1252
219 129
9900 5267
9208 4474
8698 1122
4882 2093
3484 1336
2692 465
3211 1671
2308 2191
4771 1929
5076 3922
5908 1909
1906 664
9177 6975
8530 2329
4054 2581
9779 9251
940 849
6752 3863
2835 1738
1144 950
9187 8952
5917 3276
8876 6134
1793 1698
9536 7269
1341 850
5166 1089
1446 830
8515 7162
4907 3733
2757 317
4715 2644
3981 3663
2585 806
6337 61
7306 367
2649 1534
397 200
2349 1266
8836 7956
8642 4510
5282 135
8828 3182
733 270
9943 3891
3237 2677
8331 2750
4973 2657
7767 4083
3802 333
3157 1358
9427 5215
8533 3796
8819 1046
3902 3606
5414 947
8605 5992
5191 4238
5394 624
7712 353
9001 5643
672 66
2025 1260
7158 5927
7883 1335
1224 1039
6043 4813
8808 8408
3160 184
6044 4926
8447 2095
7210 5804
3568 2922
217 159
7186 3800
8476 1097
301 45
7503 1149
7025 6807
8278 2629
5542 2304
2228 1678
9012 3669
8335 5659
3099 2828
4909 3824
7705 116
7809 5764
1257 951
735 76
6937 4185
9192 8509
3091 2051
5477 122
6297 1228
6035 2280
6336 2729
7323 6713
227 125
718 638
2494 1524
1689 1258
4247 3515
9342 1150
2937 2188
8053 3227
9704 7260
3528 294
1805 1438
1389 6
4767 930
7567 6793
9926 7758
2863 592
1879 1196
9218 1477
9505 3118
1629 645
4533 618
8510 7472
1340 1248
8415 5981
9015 3572
1655 137
4917 1130
7788 4183
3573 1053
3309 2659
2519 770
654 252
1025 112
3495 2541
8065 1074
1049 881
2004 1338
4200 2345
382 189
4834 1283
4426 1317
4893 4009
2128 260
1170 371
9578 3410
1282 466
2270 971
9876 7139
8126 5734
7808 6702
5132 1881
4145 2734
5279 3257
2704 1531
9024 4897
4425 942
1962 1478
894 851
6360 3180
1697 1459
4706 1240
9455 1420
204 192
7010 3191
1481 1184
6199 5039
9045 3424
3282 140
7959 4523
9162 1291
917 342
9288 5476
9227 609
1786 1713
8748 4137
7866 5538
2609 2283
7721 3616
2669 470
5941 2766
8746 5557
3994 3875
1708 1176
5957 3559
7360 4529
6114 357
8326 6628
1658 226
9643 8330
2638 676
6208 2177
7888 5265
8123 6033
4684 2939
6085 5812
787 754
4627 769
8099 4719
5623 595
7611 2030
7169 185
7130 2528
4227 1854
9714 6854
37 14
1528 622
2307 984
9350 3397
9863 8669
8464 7771
2822 1936
4497 2595
6709 4056
6778 4839
9233 3683
3483 1100
805 468
4653 1000
4586 2056
4046 1207
1754 1541
5961 2426
1225 412
4929 1485
8388 934
606 202
8660 6104
6480 5566
840 474
6055 149
2912 2525
429 194
8579 7892
8043 5366
3496 871
5982 5473
7183 3030
5974 5699
1699 501
5651 2334
3318 933
2769 96
2260 660
5598 2269
5296 1288
6812 6500
8105 3437
1315 534
158 57
1863 1128
6670 2507
4136 1253
8116 3945
8234 7251
4135 2545
5916 2055
6525 3858
1862 1312
821 804
326 161
6181 3765
9740 165
54 1
9339 7699
584 223
5852 5621
5840 5091
5180 5133
5944 4827
89 26
9246 1320
4581 4462
2123 763
3793 2686
1457 82
5241 5171
4059 3342
7650 1888
1767 836
1119 224
7576 6636
7985 4477
5674 4236
5865 2110
2310 406
709 53
2209 507
7274 2125
3049 746
4892 2276
8920 394
1382 539
9142 314
7241 5841
3087 1602
8090 4804
5280 1949
2378 1692
4806 1625
652 182
5921 3720
3112 999
6978 6470
1020 446
2976 167
4373 855
9745 2619
9278 893
7220 407
5576 3488
9862 8796
7151 883
8531 7292
541 510
9495 8720
8309 6345
7662 5462
7787 742
1417 1113
9588 5085
3075 3020
3657 1293
2746 751
9470 2687
6452 4383
4853 4257
2222 68
6999 496
785 643
7850 3261
81 16
2615 1425
3129 1839
5995 491
393 143
8956 2920
9206 5339
3651 1886
972 949
5217 1211
7577 977
7864 4007
4281 877
2439 190
7131 2497
8462 1352
5679 888
955 542
6385 2398
3364 198
5368 2795
9840 4194
1034 998
7422 2889
6927 778
619 356
4577 2885
8635 5211
632 350
9531 8039
2328 1234
2765 1823
9020 6087
3159 1411
1290 1200
3058 1761
9381 978
1609 1505
240 33
3979 3791
9698 5523
7467 1667
6624 5299
5912 3641
1236 1216
5331 518
6206 1649
4645 1978
514 25
2021 1262
5120 1148
628 550
7129 1203
5052 4369
7126 6863
8602 6492
2415 919
3836 816
7998 1493
8285 7614
7972 3542
94 50
6498 6479
7018 986
9460 2221
3245 2403
3038 862
3761 2985
1075 218
3100 726
8946 1278
1807 802
1482 1230
1630 994
2133 865
7166 604
6589 5682
8941 7063
3241 3122
6088 1878
9105 1894
4821 1120
8577 2354
8622 1930
1284 743
4584 91
5363 1273
8665 4934
4018 2961
6129 2844
7797 4206
2520 400
2909 2456
17 5
9834 3113
9901 7100
976 677
7782 6940
4537 1616
2715 1512
71 67
9821 5058
8584 3408
6013 5134
7329 4047
3262 829
2181 854
1941 250
5450 1520
6759 4950
4946 3549
3662 2263
625 479
4880 1599
8688 8281
3610 922
5878 2747
2486 2189
9282 2149
9796 9157
2617 170
1844 914
444 257
8306 3854
9390 2229
5304 2630
3120 2015
1435 730
8293 3713
376 201
7942 4825
1719 1638
3319 187
4668 2524
4408 2473
530 111
8342 1274
5059 2782
8320 5454
8948 4815
2420 1663
6283 3565
1035 538
1263 1195
9765 2240
3914 3757
9678 4856
6152 5593
3357 905
687 621
1748 1132
1659 1351
8554 7879
6437 4268
7863 5327
6964 2777
7247 153
8915 6168
3423 435
9656 8654
9022 6732
110 109
2838 1611
9738 1963
7450 5864
2032 1731
3564 2959
9797 692
8964 6410
5102 477
9181 4628
5472 1415
119 118
3539 1702
4685 255
1137 65
4372 1480
880 675
2919 449
5117 1147
923 84
9774 4630
5749 3023
4503 4310
8296 2480
7030 1198
1444 7
9993 1050
1569 725
569 282
401 273
815 577
3637 3523
5478 1055
4212 3080
7677 517
5619 5458
9014 2568
3774 305
2396 2258
3234 1408
2664 210
4026 2841
5891 1069
4176 560
222 74
6801 601
9252 1773
3161 721
8706 3338
5110 1003
3829 3109
186 4
4358 602
1398 1076
7369 6365
9602 6125
2899 2316
3007 494
6052 3993
1333 653
4517 2710
7362 2573
540 398
6341 3608
2154 589
9960 8992
9123 6163
2162 878
4146 1857
9826 6299
6160 78
6769 655
5375 4604
6428 2864
3298 3252
3145 1513
2703 2666
2387 2131
4890 3712
2338 285
8763 1849
3337 1279
7170 2010
8131 2041
4217 2380
6357 5430
1810 848
8398 1181
206 28
7741 3964
360 146
9088 3068
4152 3475
2842 1221
3784 1742
2366 166
3101 83
6073 2801
7147 4560
5221 2187
7584 957
1345 213
1910 363
9008 2127
7702 2111
2033 1166
7022 2684
3737 495
7304 4962
4242 2284
4606 4559
7798 6249
3749 1264
4345 1486
9554 7515
4321 2665
7446 2341
820 648
3527 239
2147 1280
2376 2214
2530 1123
2069 90
945 872
9229 2926
4214 3430
7181 5996
3986 3353
7309 5060
6841 5156
5942 267
3040 274
1912 1349
6733 5428
9847 7600
1522 1461
418 23
4365 3832
1451 345
3715 913
2583 266
7634 5905
3103 1363
2112 1155
7332 3399
8769 3086
150 42
9072 6292
6774 5150
5461 4154
5706 1843
4914 3013
9543 6883
7263 3928
4290 2995
3823 1239
1908 340
7804 1474
3764 2265
7581 2727
9890 9743
8848 6548
5993 3111
2386 1988
9226 4219
4928 3947
7742 6788
7495 3576
9330 3130
6886 2567
8494 3598
5766 5500
8843 7098
8333 6011
2286 2233
9642 3213
8473 3314
8701 3464
6925 5026
6267 2212
1004 847
6374 3305
7262 4958
4874 1378
7267 634
8818 3138
8236 1013
6918 4139
6544 5869
2365 265
2827 2074
3324 2950
8909 2399
1717 1005
6038 531
7944 469
3064 41
3316 2870
9429 7294
4375 3321
7375 1901
9676 1036
2851 1523
3098 450
2285 771
7167 6323
7950 7099
7886 7056
3117 1530
5247 1056
2793 454
6451 4828
6555 572
4260 2876
9802 2584
6159 1327
2303 795
133 32
1831 1517
5297 4166
2891 1220
7668 525
8788 5827
7043 390
9149 7094
7357 2487
9424 3769
9159 5234
3192 909
4134 579
4942 4506
5870 5074
9793 8628
613 337
2225 612
4013 2925
4556 3268
8297 5855
3433 277
2491 868
8198 7227
6476 911
322 11
5962 2029
3872 405
4960 1384
289 72
2990 1563
6105 860
7860 1272
8261 5382
9886 8861
3551 476
1759 388
7941 4097
3581 2061
3514 2968
565 156
2565 1254
5032 1310
6547 1103
5050 3697
7752 3259
4366 2224
927 381
5019 3376
4483 1640
6604 5486
3725 2272
433 34
8883 188
858 132
3188 1542
2082 636
7621 6411
6619 5441
2264 695
7582 7401
8190 5976
9814 8736
1921 59
2544 1073
6430 4976
1695 596
2468 1829
6715 3096
6997 4863
9301 7519
5830 3819
7839 4406
7853 616
4311 2012
7931 5332
4776 4701
5727 3889
3627 3609
4252 2431
1416 1083
2159 1975
4402 2011
8640 5021
2315 9
8739 7133
