493
1797 7691
1812 6839
7730 8151
141 8089
6196 6204
5564 8423
4171 9484
9254 9922
4963 8978
4042 5613
6929 7169
5673 6883
6709 8095
321 7224
6466 9141
8199 8567
6803 8013
7353 8037
2025 2125
6502 8000
8521 9397
8676 8951
2148 5244
1321 9529
8859 9413
8057 8493
1349 6934
8875 9559
4379 9006
49 6748
5094 5714
7429 9467
455 4159
5608 7501
8007 9165
5683 9845
5087 9905
6241 6976
1274 9060
897 1451
5067 6426
3973 9893
9751 9825
9903 9992
4164 5080
7048 9742
5658 7206
2330 8900
3034 4607
8203 8891
1006 1441
4480 7502
7205 8117
1809 4277
5429 6068
3709 5596
2083 5832
1484 7211
6162 9923
2437 4983
3968 6302
1038 7848
5860 8696
4104 5562
4441 7535
7955 8046
1077 2584
5824 9602
3115 5222
8123 8805
770 6103
2867 6277
9595 9875
9270 9482
1932 7762
7727 8390
1176 3910
3521 5805
1565 7475
2896 9881
5456 7277
468 7112
9744 9889
9299 9787
9614 9616
5595 9325
3867 5667
3459 7183
92 171
1852 7250
526 2056
393 4795
4672 5189
3828 6381
7100 7598
1761 3587
5065 6889
3422 5706
7641 9205
7688 8673
9831 9991
9582 9781
5766 7452
8119 8212
6060 7605
6315 6973
1279 6904
121 2663
1123 4309
3312 3323
9082 9360
2799 4220
3715 6468
8566 8814
537 4507
7644 7751
3192 3193
5405 9025
8565 9927
483 1390
4583 5510
2454 6034
2649 5454
6172 6360
7135 9868
5501 6002
1226 6659
6822 9075
5346 5593
326 4193
2689 7191
9989 9990
8938 9717
6991 7958
5154 8033
8845 8852
1694 6503
5177 9414
2963 4404
3795 9914
1075 7035
2874 5121
2553 3655
4517 5004
3409 7486
218 2814
5975 7319
6854 8175
6588 9588
5848 6056
8966 8980
3818 5605
5737 6649
5027 9363
5341 6115
1543 2609
19 1748
5280 6962
9470 9474
2600 7782
3216 7217
9494 9716
3012 3359
7689 9740
5499 6500
8086 9533
9762 9887
8187 9601
9551 9985
2018 6046
539 8544
4535 7087
3543 3616
7671 8167
7949 9441
1436 2527
1633 2675
8762 9743
596 8909
6876 9653
2550 9658
1408 8581
2019 8282
5389 6198
2777 2879
4916 5885
8127 9014
8009 8232
9528 9752
4080 4745
5628 6562
4058 7646
4791 9346
9679 9790
6510 7775
7104 9138
7416 9032
795 8540
5221 7508
8196 9677
590 2069
969 2140
3917 4554
7456 8179
2057 9023
1837 3176
9041 9062
8108 9475
7483 8259
2179 8105
8547 9697
4226 7885
458 2720
2614 7458
1897 9517
1861 5728
1849 9183
3975 9203
4063 9389
6598 7971
4716 7395
4661 7720
5348 7738
6910 9478
185 7943
9012 9092
348 6828
694 4276
8487 9404
7123 8349
1322 9734
3155 6684
1190 8702
2369 7344
7264 9166
5303 7118
3593 4285
523 4644
3994 9879
2993 6236
3525 7166
3091 5241
8028 8266
5368 9509
5107 6486
3504 9807
2214 8830
958 1167
4391 6026
7856 9552
7797 7889
2238 7901
830 3714
6341 9819
3564 3752
1818 5158
4269 9279
6945 7384
4663 6708
4235 8574
1628 3652
6610 8497
6745 8767
9416 9747
8739 9527
7579 8233
2071 9901
2950 7551
6813 7595
9888 9912
1762 4044
1296 1579
1487 9746
9147 9709
7274 8720
1767 7032
7178 7326
2180 4292
4591 8929
9415 9659
7287 8410
1524 6203
8085 9613
8441 9038
3016 8972
4456 5002
2136 6012
1757 6717
136 3765
4722 7944
1197 4606
753 4519
4249 7929
3407 5312
7696 8438
3694 4951
6270 6811
8771 9948
5493 8449
1772 6569
917 2563
5850 7076
4096 6111
8990 9450
3009 6846
6069 7261
7608 8759
6363 9900
9440 9799
1105 5556
8198 9417
9975 9978
5354 5431
3677 8694
6848 9045
9157 9577
3738 5426
5866 7896
3604 8672
8634 9584
6546 8573
7084 7965
8745 8889
8426 9049
9495 9982
6632 7364
6375 8546
1696 2587
3483 9460
8054 8459
7241 7736
3403 8091
8334 8776
4500 9072
6528 9195
9496 9623
6165 8892
7870 9891
8417 8636
1266 9465
8452 9788
6794 9102
7716 9918
6021 7868
1132 1786
4312 8284
1210 6262
5788 6118
4845 7967
7714 8333
8227 9970
7966 9681
7902 9345
131 3239
1271 4761
6874 7651
7003 7491
9262 9969
1009 5981
7085 7565
3271 5180
4941 5583
1378 4499
5081 8653
8201 9393
4987 6050
701 4179
5900 9237
8623 8719
817 7113
2463 9391
2909 9607
4532 7739
1584 9114
1120 5955
5993 8857
739 2139
1068 6474
5058 6865
2344 2648
351 4903
7625 9821
9476 9550
1242 7633
6316 6605
2 301
315 2538
3392 8074
7116 9122
4307 8677
5557 6247
3852 7972
1027 4455
6459 8995
9950 9952
972 2059
6406 9596
9091 9979
4763 9286
9801 9892
6579 8508
2107 4237
4136 7425
8960 9356
6984 9808
5345 6592
7568 7743
3325 3974
6761 8034
1240 1288
2526 5718
5282 8801
8792 9034
9303 9934
1754 4343
4670 6567
3411 3924
6791 8035
1955 9599
1328 8643
7623 7990
1188 8813
7740 8456
14 6534
9331 9563
7231 8722
329 7216
6274 7291
9180 9561
6902 8415
3054 5440
860 6181
1824 5163
6387 6679
843 5151
686 8271
7354 8112
823 6309
973 2388
6240 8352
4889 6214
3240 4129
6082 8778
7215 7289
3466 8989
224 4148
8263 9538
1207 7129
7670 9996
1480 3277
6445 6873
2959 5039
3330 5840
4288 9851
4211 8149
2481 5941
893 1625
9406 9652
9201 9883
1552 7461
653 2274
9928 9958
1981 8014
9971 9999
3687 7576
3035 6979
1908 5144
2489 6956
1654 4933
1030 4529
6693 8584
3759 6322
8071 8541
3729 7009
9936 9962
8083 9968
7029 9464
8197 8958
5485 8234
9925 9963
5048 5142
1561 1634
6331 6619
5936 8133
2357 3570
1721 2491
6738 7953
3967 8260
7096 9146
6081 6280
3315 5460
519 9654
5275 6869
964
2701 1291
2817 1512
114 55
4777 4568
7830 2291
6014 2464
2691 2683
5913 5651
4756 2767
6110 790
4652 2734
2556 1555
2838 651
378 53
9276 3124
3334 2429
8598 1887
1326 1183
1015 610
6380 3503
4679 2731
8836 7799
3182 907
9521 4225
9620 2201
9263 5686
9248 4229
1876 1691
3006 431
497 410
4675 3491
9252 2389
2328 583
6968 1753
6612 1483
2768 134
5239 510
3720 214
2373 1304
2571 272
425 258
4689 3332
2044 990
9491 8447
9682 3395
3030 1287
7494 6123
940 605
6841 3996
6368 6135
3791 1720
2919 660
3428 2145
2844 1535
4981 642
9933 7596
1805 1282
8652 1792
9642 3704
7468 3366
6424 6404
8471 190
4026 2848
4326 128
2285 2189
9430 6461
4139 4089
9784 2568
892 67
1764 1642
7039 3444
3246 265
8306 1641
4982 1086
8302 6509
2773 1220
5607 801
3497 3404
3556 1992
2401 1508
9341 1278
9213 1104
704 193
5957 1918
5216 278
3562 3252
3101 531
4252 636
2576 708
828 508
2170 91
2253 417
6029 5942
4457 1467
4305 595
9436 3110
4944 4491
5724 3207
3627 2876
7194 4994
298 153
5245 2294
6746 831
5531 5240
7075 4032
9229 6741
9897 2230
2350 1055
4034 1329
4075 247
5333 4140
6532 3632
7607 1394
2194 1652
9433 5205
9908 8143
7909 5643
7498 500
5012 4117
5464 3368
5851 2095
1923 194
8291 710
3098 279
2546 1922
3311 1844
8472 8043
2446 1700
6437 1364
6915 2681
6786 297
3007 2301
4161 2930
254 69
1219 628
9347 5486
5974 2975
4336 375
3585 3263
3533 1185
9867 3972
5736 4108
8594 3586
308 4
8689 4436
3202 1947
5847 2724
3737 262
4486 2191
5482 1621
3982 862
1465 1150
6990 198
4880 1801
7443 4010
3094 95
8981 7640
6250 950
5880 4806
8005 4595
7187 1456
1848 1478
3279 1157
3169 1357
8107 4999
6988 3281
4904 4046
5846 5735
7997 6427
7386 7097
4339 1415
5652 3027
2690 631
4922 2244
2111 1674
541 319
7476 4174
4929 3061
4757 2079
2080 371
5670 2441
1804 759
6229 2260
7585 5856
5961 5906
7675 3745
4592 3129
259 174
8338 8111
2851 1618
1868 960
8860 4353
8150 6155
6941 809
1397 480
4430 3208
7887 7763
6720 3321
5642 1528
8874 2884
6543 2912
5135 1497
6996 6440
3346 2612
377 181
6506 1724
3399 3206
3486 1020
1099 672
1013 964
1482 1413
3079 2554
4191 3962
8115 7767
5044 2015
4878 2778
7454 4603
6405 481
140 22
4423 1943
7497 2703
3898 752
3906 1087
875 373
6169 2742
6480 6086
391 314
6641 3010
7613 3749
7857 2011
7292 6142
6653 607
3336 658
829 23
3462 216
8130 5339
2605 2298
4425 3135
8223 2398
2515 359
1830 379
2460 1233
6878 1193
493 135
3548 2203
4271 2836
383 63
9018 4709
8921 4110
344 275
3306 1619
624 10
257 156
7807 6705
8192 4643
3204 1877
562 172
9156 189
630 420
7229 5710
8241 7881
4949 4840
7666 1082
6161 398
7448 367
80 25
1745 729
3152 2525
3935 2696
4680 2745
8387 1236
5887 4780
1881 888
5700 2042
1775 600
865 626
684 313
65 37
1351 1070
882 489
2693 2187
5168 3796
2736 555
1960 513
2899 768
1554 1177
7358 4683
8655 3959
1407 1008
9797 5332
8251 3389
7171 3040
8129 3689
8131 3066
9155 9127
9231 9013
9498 8841
3415 2279
7244 798
7840 30
7597 6672
5372 5338
4487 2548
1760 920
8435 2790
70 18
9737 6443
3871 2606
9722 4041
6993 5928
5790 4365
890 604
4348 3015
7859 1610
331 197
4100 1333
4617 2092
2098 250
2558 975
4008 2138
1781 457
7317 931
1248 1165
8479 955
8068 2889
9719 748
2668 1740
7539 2978
269 101
1952 1517
6122 983
9176 4666
460 118
9457 6352
4175 2451
5709 3075
1250 1047
8890 5973
4132 2352
9066 4408
7781 450
5592 4936
8871 6062
1281 98
4624 2708
186 169
3104 2164
7382 435
4524 3542
4493 2339
9247 533
3508 1316
4692 4053
5697 778
4015 1479
7757 849
1713 1290
3640 3452
8967 6090
4938 3386
938 233
7532 4357
3069 2017
7905 2264
6754 6485
2623 572
5227 1431
4755 4570
1359 840
911 575
7397 5150
9539 4890
7428 1388
9159 4107
6016 3934
1486 905
2760 217
597 335
3141 1708
5484 68
2119 1832
6131 4275
7106 7092
5664 5001
8786 8339
7761 7320
5569 5098
9129 5671
2308 1638
5419 1864
4545 681
6335 5503
4842 2984
8624 3515
1890 567
7927 6716
9721 2565
2155 2142
1698 1018
7001 3046
3769 3150
3349 3303
9840 5356
8181 199
4883 256
2469 2192
1766 1529
3984 165
1212 762
2544 1710
2913 2514
995 20
3944 3419
3371 3228
4066 499
928 734
3730 362
5653 2862
4101 288
501 419
1820 1452
690 527
5870 4924
1453 1292
8336 7350
9578 7846
3056 2343
2702 2172
2428 871
4569 4388
2417 1595
9489 7170
6916 3676
8804 1966
3821 914
7409 1883
1041 606
5513 1870
4771 16
9209 7724
3188 280
8825 4537
8591 7567
1145 832
632 587
2577 985
5209 17
8787 1198
3918 2918
7667 5447
8575 6648
2657 1680
1630 304
21 11
8505 6079
2009 706
5937 5129
4243 3864
5946 5778
4564 2314
8082 1776
1380 514
3939 1994
952 521
395 86
8729 1206
9268 6784
52 28
8228 3230
7053 6859
3701 968
9844 7021
8385 2010
8024 3596
556 290
1159 944
9542 4088
5538 3362
2122 1882
1962 511
345 173
4207 1319
612 356
7242 5113
6410 2290
9047 760
4368 2306
4534 3530
5132 4203
6525 4006
530 334
3448 711
5035 792
6105 1179
3731 1574
2770 1192
1090 178
7837 7824
1845 813
8239 5225
6313 5588
1651 1336
8399 3367
4002 3022
6004 524
5731 3528
1836 1119
8344 1880
7283 2075
4186 1427
2833 779
3289 2543
1116 806
9503 4497
2866 1741
9088 6273
4525 3375
4154 2705
9330 6718
8971 5218
8834 4879
8687 4682
2134 754
6049 3351
1360 447
2987 1937
5963 4974
2599 1612
3177 1964
7985 5342
7368 6513
1853 1335
9435 3887
7912 7685
2322 1148
8519 2224
4451 1938
4146 4097
7155 5868
3553 1703
977 574
7652 1033
5522 3797
7610 6866
5309 2109
7133 459
84 3
2407 426
7460 385
5765 5111
4647 147
6095 4421
9459 7293
3265 44
6604 1066
4740 3363
8087 720
333 325
4717 187
6143 2090
5247 418
6496 232
4976 3588
6816 6666
7872 557
2116 1217
9508 9431
4753 2168
4370 1152
1789 675
4028 1842
112 40
7701 7022
9017 7105
529 354
9750 5563
6620 1692
6658 2961
8549 7325
4420 2133
8973 6015
3670 3178
2438 876
6999 4802
4484 3723
6950 3127
110 12
6151 3004
5917 4076
8231 4544
936 667
7212 3680
4273 2370
8987 1434
2611 200
5073 1502
1672 663
2628 1151
1747 1342
5420 1501
6035 4749
5882 5430
1626 1568
8590 685
8501 4299
4471 825
505 240
1821 546
8692 4997
1396 210
3884 2193
5481 3549
7440 5640
1985 282
8264 422
9777 7530
9204 2216
808 108
963 453
7489 5835
1838 303
2053 1029
8064 543
1963 1575
2078 842
5764 1607
7028 5172
2374 714
3861 2313
9235 1510
2717 1790
9490 7756
7721 2275
2798 553
1668 66
2473 496
491 211
4327 3751
8633 1072
3122 609
6359 1632
6597 6223
3087 336
7544 1807
4087 1875
1879 6
3578 2487
8006 4018
8550 3333
5894 5010
5798 268
9554 1537
8537 6284
9794 6749
3398 800
4593 908
5052 310
4896 4892
8477 5311
9637 3696
4144 1802
2198 352
7107 4721
4393 810
6296 4939
372 274
3547 3241
4843 2060
340 167
6952 1115
1998 1507
4918 4356
283 251
7634 7061
6759 2444
3575 641
5169 143
5822 1596
9117 3626
2629 953
5679 4585
6922 1799
4322 79
7323 3113
9434 9162
2319 516
6157 4552
5238 4646
9063 3597
1340 1133
1905 360
9009 5774
5102 1865
77 62
5398 2573
1683 891
3539 3471
7820 3301
440 166
4410 1146
5122 3953
4657 749
9002 8756
8752 3042
1701 261
8993 6173
6518 5604
1307 629
6096 3438
3253 1443
6944 3893
6520 2099
5663 5575
3502 2040
5970 959
6970 6938
1993 271
3187 638
7167 966
9021 2202
9175 5262
8267 5307
3757 2014
6045 1587
9105 8183
6692 4551
6490 671
4504 1550
8847 2384
7318 4470
3872 3296
9285 1732
5890 488
2670 1238
4438 2650
6940 3273
4294 648
677 446
1327 889
9575 6484
7821 4099
8051 643
8332 6150
4119 3298
2190 775
9536 7081
5812 4560
9419 8613
3495 2485
1358 735
3390 1644
869 416
357 231
9074 8317
2888 1731
2147 615
8715 454
9540 7362
6364 1921
3270 2796
2641 2466
613 363
5923 3657
8272 5988
6255 6023
2256 1389
5075 3928
6810 680
4369 3568
7940 4195
2863 1492
1490 1241
350 221
9239 941
9558 5858
2792 2207
5018 1646
3041 1195
6527 2643
7713 1924
5668 5187
5985 4818
8382 2925
8489 8429
8955 8765
4614 1263
6149 4539
3003 939
2173 1175
115 113
7805 1379
3896 2088
3120 846
9206 8950
2716 1825
7978 2897
1572 886
2824 2259
4124 4116
3477 913
3472 1583
2064 1231
276 206
1331 389
1913 126
5231 3904
2434 1309
9037 7328
3987 1835
2920 277
781 577
3516 1935
7862 6798
8289 4045
4501 3147
9265 3830
4150 466
7379 2635
8496 484
6065 5293
1968 366
6413 4198
1069 872
5437 1851
3457 924
665 32
1827 374
5083 2048
3661 2903
8158 5969
1430 1054
8903 406
4281 3803
8278 885
3319 880
8686 1806
3161 2221
9099 4402
3077 2247
1598 520
1125 103
4363 1600
602 205
4314 1869
5708 3813
1518 299
4530 1229
4900 1474
5260 4492
8603 8010
5616 1900
8145 7930
2488 2458
6977 4227
3932 436
415 149
5443 747
7811 2484
9761 3798
3028 2804
9524 180
5079 4540
8614 1509
3212 1705
1173 699
4727 1544
1161 316
5582 3761
5720 2898
5532 4142
5255 1695
9774 8807
7351 2852
3854 2416
8904 8730
3611 3361
9405 7534
3083 2537
3460 3121
8984 4913
1669 726
9070 6330
4538 3886
4891 3492
2540 1106
5789 3942
559 404
1578 951
7141 2756
6289 5745
3450 691
3971 3858
3201 1495
5424 1301
8397 1365
879 281
6288 3792
7381 4971
2789 1833
1702 1422
1894 1878
3561 2150
1088 564
2258 1944
2769 2430
1494 1049
848 392
8548 5716
1433 495
9133 4928
1338 689
5505 2517
2222 1714
6174 5196
9055 3482
3997 3430
127 54
2022 1053
4280 411
6923 5236
8193 3710
1660 984
7481 3057
5191 4967
934 697
2045 703
3706 1235
6673 5283
4098 2443
6454 4194
6899 1556
4372 4261
3793 2592
1356 1227
5413 3988
2123 756
5726 4847
3634 3574
6668 6244
6372 3221
2181 1174
3467 956
9553 8337
6723 3029
6385 1737
763 130
7371 591
2841 1180
2840 1534
2845 1967
5622 1536
7302 7228
9902 3435
2958 682
1039 361
5550 3645
6246 579
797 765
7749 7314
3633 3260
6107 2400
4632 2746
538 138
8465 6565
