349
5353 7575
5186 7816
6977 8634
9541 9955
2513 5231
66 5305
8408 8521
5937 8329
8981 9077
8838 9338
9009 9784
8643 9020
2083 2537
4777 6830
1837 3662
4126 7417
9694 9788
8822 9615
3727 5969
9600 9933
4991 7274
8905 9434
5999 6652
6842 9397
8602 9369
5100 6486
3488 4999
4964 9300
6873 8698
5506 6535
2077 3099
1445 7646
65 4709
8586 9646
1564 6761
6624 9524
9358 9987
675 4937
5793 6857
1003 5699
1440 7608
7610 9608
5635 5942
6912 7081
9415 9456
2429 5636
6407 7390
2164 8194
321 2678
1166 5226
5144 6404
3926 9236
9363 9778
9200 9972
7814 9491
2319 8686
6329 6357
3902 7045
6090 6563
9601 9621
3541 7379
8611 9340
7025 7926
821 6645
4601 7012
4290 8249
8899 8938
9556 9927
24 5062
6804 7887
4041 7219
3654 8339
5432 8540
6919 8496
7718 7839
973 8385
6049 9650
6524 6736
6710 7820
9143 9751
1611 9141
2696 9400
7413 7859
8844 8929
7095 8468
3875 8859
5600 7022
6225 9105
7993 9918
2343 4692
6031 9389
2045 8696
6954 8236
6946 7552
4229 5960
9129 9459
1673 4340
4719 6590
2649 8734
6949 9405
3140 9898
1080 2259
8837 9146
1198 9508
3438 6728
487 8787
4660 6540
5821 8438
8023 8499
5311 7969
5188 5948
1956 9791
8893 9844
4749 9226
2599 4397
2474 5881
1773 2442
4489 6935
7238 8206
4304 4323
5640 7919
1898 5767
5021 6795
9163 9605
3653 8347
5009 5955
9066 9576
9654 9886
8274 9016
6123 8712
7755 9562
2770 6128
6469 8458
2754 7841
1158 1257
4958 5877
9174 9776
4623 9379
217 6470
8654 9816
9717 9982
8170 9793
4955 9273
2403 9705
6339 9975
616 1244
343 3285
431 796
387 803
3874 9216
7310 8232
6406 9901
8653 8985
7242 7577
1682 3844
646 7224
6694 8237
9460 9580
5373 8573
7731 8403
1196 1938
3236 5291
2096 9095
8310 8658
2255 2855
3326 6364
480 3988
1697 4735
3558 6158
9307 9679
7945 8731
8169 8622
1110 9452
6167 8402
7028 7599
813 9022
5130 5535
2197 4131
4224 6352
6548 8741
3830 7797
1410 8618
7684 8830
9510 9685
6608 7587
6317 7715
2116 8177
6709 8962
4683 5235
73 9920
5702 8042
5630 9637
4022 4848
9329 9413
3860 8126
5530 9916
2153 7990
6035 9612
3473 7595
6615 7460
5573 7244
9312 9599
2131 4130
2369 6909
1115 8451
8000 8864
5267 6459
5656 7061
7842 9319
2577 8334
2101 6260
8314 8578
8293 9950
7984 8386
9981 9993
349 8270
4710 6720
6121 9958
3148 7746
7782 7876
7980 8664
2279 7019
2278 8340
2757 3840
8539 8866
2118 2882
727 8260
448 611
3633 9659
1361 6549
9035 9506
3138 5766
5748 6143
4520 5572
9700 9759
6819 9900
7835 8432
1536 7878
7212 9531
1448 4117
4185 9028
8345 8888
1385 8891
5075 8151
3760 6076
824 5158
8845 8955
4879 7532
9738 9750
6800 8228
8233 9824
207 3281
4985 8381
8380 8422
4806 5443
190 1439
1482 9616
9867 9929
1354 2985
2602 6284
6715 8967
1667 8965
2254 9394
3641 5561
7029 8092
7035 7488
3868 4253
3184 8651
9482 9869
8956 9054
2763 9812
17 1126
3723 6921
2620 3881
7441 8090
3257 8693
7372 7925
3930 9005
2314 7712
3414 7162
2603 8991
5427 6722
8871 9703
4590 4974
5589 6600
7134 7312
2179 8701
4864 7912
227 5533
2506 4011
7288 8975
1314 8474
2361 7009
394 3735
5745 6384
3445 4815
8783 9031
6433 7754
5851 6077
764 9238
6805 7745
9915 9948
4627 5468
2831 7121
1998 8631
6066 6818
654 4069
4068 7147
6911 7790
76 5292
666 811
6503 7077
3460 8797
4800 8461
4579 7141
9752 9902
8229 8316
4687 6657
3829 9549
1811 4511
4766 7952
9220 9652
9566 9749
2675 7014
8858 9353
7780 7985
4386 7311
449 9432
4569 6565
9239 9871
1273 2142
37 5156
2708 7636
8505 8559
1627 7256
5608 9033
8309 9589
5024 7487
637 9619
9974 9986
2655 3278
3950 7476
1890 8007
6353 6385
2458 6316
4124 8153
8357 9211
6648 9758
9495 9736
913
8650 2170
9360 5885
5980 5108
9074 1707
1152 331
9087 9038
1922 1250
1372 830
3143 267
4989 1371
6730 2044
5366 2183
90 30
8515 1527
1415 160
2919 47
2759 689
3943 2396
829 625
91 60
1327 771
7020 919
57 13
3600 139
944 899
272 81
2557 393
6682 4664
5094 4408
418 326
6258 914
9678 709
1096 885
6210 2638
734 35
2644 2402
3254 1769
3103 516
9150 4205
745 374
8570 6492
7576 3778
7053 413
6628 3562
1534 1411
7191 1992
4338 2595
6526 21
542 319
1872 280
9990 8743
6602 3847
2647 615
6245 5204
5902 4618
4284 4142
9244 3822
9382 1288
2446 2228
1716 291
2137 266
4718 861
1345 599
2051 1241
7475 4394
4387 3448
1517 225
1258 1162
4112 290
56 22
9218 262
7951 1904
5285 872
7661 6681
4878 70
6227 3707
3046 175
5092 1159
9614 6726
5923 3851
204 126
834 762
7388 6127
4343 4012
3420 3010
8221 6096
2355 573
5832 1654
6022 2960
3122 947
2005 233
3049 1033
8628 1620
3993 1488
2824 766
5437 4915
9062 5234
2666 1546
353 178
4065 3542
5376 1028
4242 3030
9626 6016
6133 1891
8778 1039
5759 1937
8412 8106
491 269
1153 433
4352 3754
5237 3489
4784 3418
3681 929
7811 1549
7060 6572
7623 7544
9454 1596
6062 974
5883 566
8275 1213
4928 2999
8203 1484
2256 1911
6632 6344
5758 4370
3839 2328
9539 1239
5538 5463
1469 989
6333 5580
1024 597
6507 1947
6330 2363
4629 3671
365 33
3728 2864
2872 1359
8809 7058
3565 58
4845 3552
1422 236
9131 7216
3085 2370
8050 5295
6498 1767
5416 4263
1319 421
1218 1021
2214 222
3843 2942
7177 4083
6962 5201
1881 1201
8404 4225
1495 18
9536 2650
3846 3211
8820 145
7056 3310
4064 381
7295 5227
5338 2401
4191 3861
6620 250
7129 757
4930 1607
1710 1381
9761 27
196 31
6291 404
3623 534
6374 111
1587 1283
8774 767
670 527
7867 6053
7997 691
8699 6321
2379 1428
5382 2060
9830 519
1154 386
3324 156
6864 1036
6754 5112
6372 3833
9483 6487
179 138
8036 7914
1040 966
5433 378
6665 2811
3928 1328
8966 5444
6653 5734
8744 3751
237 42
8776 1382
3425 1194
6152 4962
7005 5015
4826 1059
3492 1357
4778 3591
5931 2928
8150 7326
255 8
1747 124
6519 3555
3472 1441
2138 993
3486 3482
9526 9201
4189 3023
7468 2484
7699 5216
8670 5034
5266 2405
6130 2823
4658 4539
493 348
118 48
9292 9209
6900 1504
7323 1642
5480 802
7795 6846
4580 752
6596 539
1111 511
339 302
4447 3218
8541 4563
9485 4625
198 92
8138 7761
1248 627
3598 2276
8843 6553
4101 3553
4262 2303
2582 1749
6702 1695
5310 1934
2301 315
2216 1609
8388 6181
8675 7395
5073 4325
3505 2122
3885 2585
9688 5043
6239 4027
8672 4960
5843 5796
1443 779
9548 75
4617 3680
4907 3974
4348 1776
7041 582
6649 3580
1007 410
259 164
8687 7629
3407 1397
6247 2345
6588 818
9296 3059
8107 244
5576 3854
7426 5116
4407 2034
928 729
3071 1266
7889 1741
4465 1097
8952 407
8494 4203
788 659
3012 129
8527 6607
6139 1897
3966 2701
6362 5886
2465 1701
1732 149
8413 19
8230 6392
246 235
2911 716
8052 3617
2730 1131
9 7
3948 935
4843 350
3027 2349
1708 1377
1556 403
6442 1432
8518 271
3979 1132
7950 2687
1929 1342
8548 7543
1604 330
8817 6177
4968 1885
7949 5404
3494 1098
4218 3391
6876 1243
8041 4111
5325 1718
8934 5585
3799 274
3592 2095
8439 5524
2206 984
4114 3914
7258 2798
1887 197
3604 2287
9466 2807
9271 7051
5680 2374
6048 2389
1485 976
6286 4118
4957 4309
1062 252
3455 1617
8792 5677
2337 6
2282 1693
6217 5308
8661 2000
9667 4289
1490 1264
9006 4558
1748 1262
96 69
7611 1365
1770 1621
8335 8185
1417 661
3732 3113
7463 6170
257 105
3497 2659
503 357
8957 7001
4924 2032
6430 5859
1247 1141
9525 5194
9906 2646
8409 3064
4653 2347
5180 1896
7597 6015
8346 2144
9475 241
9010 7626
1376 322
7228 5378
8132 7690
5596 3808
6423 4933
3719 3435
7402 2212
1366 1118
2929 1577
3724 2564
1375 26
9256 4828
2115 1829
629 584
2631 523
2802 521
148 102
4523 3545
9433 3931
7044 4883
5802 2848
6538 3125
6925 1451
9068 2958
3588 1
6899 6348
2181 855
9354 8739
5921 4742
9853 2509
2213 1738
7607 2779
300 249
596 107
219 155
6393 2437
6643 355
6796 1763
4367 3717
7968 3465
7186 5825
6396 6209
7803 6534
45 11
6896 6356
1253 1149
7846 7650
4741 4405
3890 1351
5716 1755
3884 1853
8727 5119
4469 3295
2221 1511
5685 4767
8695 3589
2443 801
6671 4168
3761 2861
985 306
5121 4783
5097 2748
9193 1367
5866 2117
9349 547
2409 114
6809 5047
1458 337
1105 500
7174 5706
200 169
9480 4538
8633 2846
3242 676
1706 574
8242 1765
6157 6125
3599 1380
5241 3666
5647 3704
1130 161
7289 4657
8142 3736
6336 1649
5534 5258
7643 4179
1744 774
8577 4176
62 34
1615 763
4464 1005
1828 877
6802 4491
7550 1760
522 101
9775 8565
3938 780
1510 150
2726 2716
6138 5428
9766 7763
965 692
2978 297
7225 5751
3402 3273
1558 132
2068 838
8791 603
5020 4466
3561 2830
8033 3133
4788 759
3002 2744
4268 3996
492 473
3970 815
2257 934
4448 1725
2888 214
1187 285
437 265
1684 88
2854 1960
6635 1274
6394 3865
8692 2390
5327 3904
7822 2229
8134 5494
2869 59
8977 6186
8875 2699
8944 5129
6991 3294
8911 7346
5643 768
3526 426
9833 732
5018 2226
4507 3563
9376 3907
1193 440
3132 510
8902 6560
4997 3444
4013 3339
2774 366
4079 3467
8745 4472
6272 1025
7197 4944
1680 817
5111 1860
9747 3053
5915 5744
5317 2508
6287 1876
5280 4403
2856 2268
7136 778
2812 391
5624 686
7729 6684
4071 1515
4577 1859
3317 996
1500 388
9362 3685
9235 5805
7368 3487
7826 248
3403 3357
639 358
4132 3179
7891 2367
2428 618
5137 256
9677 8281
9693 9305
1751 201
3668 1623
7400 1941
392 192
9949 2934
2397 2055
5059 2313
2450 1016
2775 1855
2672 1329
8271 1245
4119 979
7628 1840
2673 1277
9331 166
1235 78
4393 2681
6523 3354
229 182
8411 1350
9111 7369
8394 7381
7409 2875
4942 1300
5829 2207
2464 886
6871 2085
7330 5086
4123 2200
820 688
6478 581
6589 849
2634 1398
6306 758
4324 3906
6137 4980
1722 696
2357 2107
8736 7340
3373 1557
4239 2686
4280 1844
8166 336
8761 5985
7386 6232
9295 7905
1823 856
8978 679
6242 4807
9709 8208
7376 3690
7627 6573
8173 7592
2677 2015
9345 554
9803 3608
8080 7852
7637 5869
5993 3752
9171 4884
4503 2551
7970 5966
3544 289
6455 1291
4934 4471
6785 2808
2667 16
3573 2690
5049 4237
2839 2267
1951 1924
9280 52
9476 3283
3579 2791
356 230
288 220
245 128
1145 5
2296 1817
1663 825
2434 1531
3490 1216
936 668
4430 2731
700 508
738 731
8364 776
4332 84
7240 6142
8071 4630
1155 401
3284 2799
5968 1240
5023 2956
4153 823
3607 3080
3538 3266
2253 690
5519 352
7360 1192
570 376
9086 2399
7828 7536
3506 1815
9110 7727
2782 2166
7232 1892
7076 4100
4264 2786
9813 9173
7036 5162
3157 1762
2241 1908
9142 6866
932 744
5314 3291
5975 4287
8959 2416
6027 4899
9313 4310
6968 4435
8367 2997
9451 8694
9852 1818
2827 614
9496 9081
4033 474
3037 1113
2580 1942
3804 299
8171 4103
9157 3121
6894 2274
559 188
3088 2569
3815 3672
6898 3036
9428 3730
845 174
8220 3243
9815 46
6788 6380
7888 5588
9756 3566
789 106
3127 1835
7588 3111
5244 2033
3812 1514
619 29
1477 1406
9851 2858
5804 1394
698 71
422 74
5334 3069
1330 1311
6163 5514
4129 2765
8912 3551
532 346
6234 2635
8512 429
6738 2243
889 292
7484 6434
2571 2088
5087 2648
8876 5795
5293 2900
4285 3871
7860 1450
9864 7474
6833 4431
3166 14
642 147
7469 6168
4724 1886
6178 4368
7659 2604
9166 5723
6763 687
7819 4521
7245 6087
8016 5004
9197 1819
7662 1774
104 98
5085 3892
9651 425
2821 1690
1046 785
4651 2020
545 154
7978 2269
2050 1012
1731 1084
1205 112
1212 858
958 565
2834 1838
8764 3501
7318 268
4626 465
588 327
4059 3377
6718 3748
5078 1537
6766 4058
6337 5724
3584 3338
4654 3909
7241 3198
12 4
5638 4782
8538 4917
9388 3777
9445 77
1783 64
1092 850
8324 2457
5959 457
8918 4949
6159 1721
1792 1368
2896 1339
7483 2584
9572 4668
8916 1230
1694 862
3097 620
7303 969
1874 1335
3518 2109
9892 9861
9383 6750
7480 6551
983 177
3165 1464
9745 4109
367 254
4556 459
5065 3564
4330 2741
3261 1142
2611 1889
211 122
8306 1550
8431 4795
4595 4025
7199 5448
3398 575
553 409
2335 1528
5818 3532
5711 2383
3476 2331
531 332
3708 3502
9786 3864
4402 3227
5149 4586
6578 1429
3470 2541
1043 894
3858 3182
4639 2321
7666 4640
7890 7110
7665 2386
3174 1426
8921 528
5482 2665
4583 2588
6556 3794
7633 4192
9194 6597
287 260
6860 555
4621 722
7791 6429
1421 375
9603 2980
3478 2948
3404 1547
1754 436
3016 2704
2031 1883
1009 275
4497 1015
3028 1078
1214 1045
5554 293
651 610
5450 2039
844 704
6810 2350
8344 4982
6654 571
5840 2481
1493 1370
6967 4599
9802 1810
7976 3530
6215 2135
5159 2621
4273 3791
1846 1191
1705 1532
1959 1360
9352 9153
301 157
3597 2814
9416 3701
8587 486
9133 1313
9722 7975
4299 1466
4116 3643
827 454
1190 173
2784 1086
1066 891
9298 5651
8681 4805
8854 2548
9326 5318
7855 662
6268 4258
8462 3912
9019 8312
5063 2927
9559 5091
5364 2414
1671 67
1156 961
7924 6739
7653 7350
2273 2231
1483 153
6086 4762
2290 1745
3417 546
1356 1175
7614 5918
2891 2030
1178 133
5789 1384
304 223
1362 399
4774 3818
8689 7467
1928 1501
9840 8543
8202 5547
1058 896
1060 854
5994 143
1295 918
9954 2966
8043 4043
2075 631
1943 770
3017 2037
9862 3720
8530 3901
888 549
5350 1575
1918 308
446 305
