668
3165 6242
9373 9926
978 7653
241 7329
3356 4510
8964 9542
2987 6599
9058 9735
3375 6505
4331 9357
2485 7326
83 2902
3341 7446
3790 9278
7037 7479
7896 8889
7137 8134
8376 9446
6581 7979
5039 8566
3884 5337
600 2371
1139 2567
1194 8972
9165 9938
586 3479
8157 8993
1218 3886
878 1071
3480 5330
8853 9653
5078 8926
4353 5717
9581 9766
243 2663
14 8785
725 4725
7547 9040
3837 6924
9602 9809
1435 9957
3815 9569
2951 8037
7942 9720
995 5208
4496 9939
4825 8899
8164 8806
7199 9123
5912 8469
8752 8764
6076 6423
3138 6899
2583 3343
3524 5805
625 7542
1193 6844
1853 7175
88 6266
1300 5265
5829 8081
4202 7812
3031 3074
5266 8663
4553 5405
9214 9869
2910 7743
7859 9695
5976 6952
6880 6945
9724 9978
7616 8897
4062 9292
6454 7210
1430 8841
7493 8662
8108 9081
1384 2948
1052 5503
3357 4688
6970 9689
3028 9302
7524 9102
2840 4886
3071 5389
8850 9593
1258 6405
5961 7610
4300 7427
8556 9173
407 2095
6144 6584
955 1778
6772 7489
3039 9038
9393 9623
5675 8895
1486 4225
4297 9397
569 1181
4590 5025
7515 9729
4839 9442
4849 8236
4848 9086
1630 3512
4979 9379
2204 3101
8998 9424
8861 9199
2821 4349
1082 7186
5664 6764
6297 6504
4830 9795
4597 5861
6247 7080
1829 8359
9961 9989
9033 9371
4030 7106
6310 8528
5248 6173
8925 9768
1309 9111
5665 7505
853 7606
5702 8228
742 4772
2575 3794
8467 8621
9652 9678
1575 4569
6269 7056
6824 8907
2024 9400
7078 7973
4775 7312
1792 6227
2871 3831
6809 9452
9448 9801
2164 5275
3665 5741
326 8293
7205 8319
5955 7288
3950 9946
4110 4455
8766 9308
264 2601
5307 6538
3772 5944
8864 9565
199 5008
6071 7926
2930 7041
1831 4695
1877 3801
7560 7900
1941 5987
3664 5507
2647 5581
9566 9730
5947 8633
6946 9611
1140 2525
803 1132
1764 6221
9128 9804
1448 4299
59 3789
9578 9771
3301 8056
6804 9154
5985 6107
9624 9698
6760 9127
8588 9518
4926 5229
9466 9669
4438 9244
3335 9073
8932 9016
547 5423
6574 7925
378 6467
4406 8924
3566 9725
8965 9897
2146 8095
9956 9982
5994 9151
4709 7855
8069 8071
9176 9287
3094 5903
748 2643
9988 9996
5475 8076
9596 9650
1879 3670
1086 4683
3774 8623
1562 4334
889 8059
7520 8369
7401 9330
397 2578
8931 9560
2905 9904
2927 7202
7690 9426
8045 9970
2707 2937
7535 9181
556 2360
9792 9817
8878 9322
1237 6471
6069 8755
2946 5535
9429 9610
5576 6839
7196 9594
197 1936
8274 8321
9414 9783
7969 9225
3149 6021
6074 7870
8288 8670
1988 8429
6869 8435
8168 9355
3869 7599
8356 8743
9270 9972
2515 3187
9865 9883
4275 7586
1864 1975
7332 8145
196 2224
7454 8832
7667 7948
1521 5558
9543 9800
940 9407
5158 6514
9444 9900
3396 7791
8082 8494
9202 9218
1131 1249
656 7549
7273 7965
7786 8267
2528 6759
1449 2717
6116 6710
6688 6783
184 7952
1880 8443
8962 9253
5841 9584
7415 8182
8065 9469
7373 7432
9658 9960
8781 9709
7798 7826
6821 9240
9232 9875
5565 8708
1102 7830
7755 9352
7500 8337
381 1741
1094 2107
6622 9592
3861 4921
2236 7789
1566 9590
2508 5264
4312 9027
1985 8540
9941 9997
3084 6589
4564 6742
4805 8471
4810 8590
3595 9993
1085 4667
5734 9318
4436 7466
9083 9274
5879 7601
6280 9948
6522 9764
4885 7268
7002 7225
5442 7191
4185 5059
4129 4874
2487 7245
155 7006
6320 6969
302 1786
9775 9935
8990 9963
451 4347
9679 9976
3849 4203
6329 6972
8524 9454
8124 9048
8827 9580
3944 7590
2292 7150
1681 4260
1117 3606
8039 8196
3009 8123
2361 9475
7591 8673
286 3828
2420 2773
4815 6191
9191 9210
2039 2115
4866 8221
9234 9925
4631 7726
8568 9573
3726 4021
5514 6838
3975 5293
9383 9468
7384 7719
3206 9346
7558 8042
6938 9615
4056 6489
9665 9713
3127 5970
6038 9872
8809 9744
8061 8637
2153 8020
2070 2493
9067 9505
1832 4975
5053 6445
2353 3179
1859 8289
3246 3806
8723 8941
2470 4541
4047 8107
7339 8343
3807 4431
7628 7893
2066 9246
29 763
1189 6397
4204 8997
5298 6533
8828 9354
8305 9374
288 7409
1407 7115
909 8371
9229 9612
9666 9944
4806 8103
3329 3785
9682 9762
777 4439
9255 9487
1409 7765
807 6511
7478 7950
3507 9691
8025 8259
4962 9874
3543 9525
142 7152
2963 9857
9148 9618
1195 4545
2501 7072
5917 9600
3006 3316
2357 4415
609 6019
9967 9991
7239 9815
8679 9162
4475 5554
6194 9849
1795 6020
7071 8956
799 9310
6429 7169
8709 9656
9045 9404
7909 8283
5667 9685
3971 5019
5305 6027
2859 5077
8000 8017
5167 5315
6808 8258
9143 9572
2191 3217
4477 9464
6547 6633
207 9171
4000 5449
8762 9577
6311 6493
920 4404
8988 9699
7461 9238
6693 8051
4829 6532
4888 7687
1031 2476
8499 9836
2768 7684
8317 9850
3027 3637
3150 4216
5404 5827
4423 7346
8083 9164
7143 8162
2078 5485
3936 7484
7083 8072
3502 4651
2729 7366
3987 7742
6420 9153
5540 8776
6456 9137
3509 5865
4538 4997
3535 4544
8250 8446
2882 3049
8478 9950
2415 3233
338 7806
9489 9534
9178 9736
6859 6975
2797 5104
2732 5213
2645 2718
9089 9672
4492 8969
3734 6381
9409 9757
8583 9822
2582 7640
74 3177
898 3493
2592 5940
5643 8153
5857 6361
5399 6126
4974 9434
2611 7278
1387 7013
8905 9837
4744 7126
2344 4968
7696 7871
423 5888
7929 8013
8898 9703
855 2235
300 2321
2440 7634
9951 9955
7827 9758
2509 9517
8179 9145
2757 3654
3124 8263
1861 2521
1461 4478
1833 2789
8676 8727
9853 9929
7485 8358
4425 5093
4434 4474
3575 8844
5403 7887
9335 9906
164 5796
6755 9933
1311 8092
7114 7467
5196 9531
2242 7495
3615 8554
6877 8002
2200 5392
4722 6010
4547 4734
7828 8912
6939 7453
3494 3777
3945 8253
6810 9734
7785 8333
5744 6169
4528 9384
2010 7298
2802 6632
3384 9831
4777 5671
6313 6782
3519 6207
8453 9772
1666 6263
1742 2851
6183 6597
790 9676
2417 4471
2649 9688
2671 8575
254 3691
9971 9984
1692 4396
1316 8128
925 1660
9746 9867
3949 4421
7085 8088
1188 7269
8489 9839
9131 9915
3559 5900
1433 1771
3754 8557
7135 9798
9344 9533
2205 4963
7184 7838
4769 6016
1472 6820
5703 8914
1907 3036
4795 8233
8877 9559
8366 9959
1635 3864
2165 2941
7680 9002
1894 6935
7388 7663
1818 1908
3346 9315
2388 8632
2615 6231
8398 8538
2094 6081
9381 9552
9418 9717
8746 9845
4336 8608
2478 6884
8498 9879
7100 8753
6306 7145
175 8616
5566 8472
9548 9626
632 6987
1318 4067
8547 9599
5180 8014
6179 7354
3536 5720
6639 9301
886 5589
5636 9001
8256 9316
7054 8609
1424 9741
7069 7796
6059 7597
711 8186
9608 9827
4194 8918
2547 4502
8645 9760
1838 3254
5913 8433
3738 6106
712 6080
1269 5436
484 6056
7481 8744
1763 2282
8882 9586
6112 9430
41 1501
5194 9075
2915 4828
4972 7370
3752 5563
5780 9752
3449 7772
8769 9142
8101 9405
3856 7662
5756 6048
9638 9909
182 7402
5781 9193
8097 9986
7782 7886
4739 7757
2318 2471
5254 8094
2639 4356
2710 3657
5401 7009
6996 9807
1339 8894
695 2005
9401 9908
6148 8617
4644 6278
9140 9266
4223 8409
8299 8549
2262 4941
2748 4973
3417 7050
7138 9810
8734 9705
133 9398
9617 9977
953 968
9443 9907
5908 7626
9293 9715
1850 8177
7378 9224
5901 5904
4176 4333
4495 7182
7458 7905
8158 9304
1067 2247
2135 8856
664 4180
1783 6476
6636 7377
8003 9251
121
4158 2721
9445 3645
6084 2657
1357 1040
5426 4245
2015 1547
1735 21
5253 4215
1930 92
6997 1463
8280 1651
1827 831
4808 595
7412 7259
622 260
1715 935
1061 445
542 540
1216 992
9290 2702
2469 400
4799 3704
5719 3125
6375 223
5809 2300
6963 5168
4231 506
8700 519
8261 6596
3716 2120
4011 2160
7333 3115
722 307
1765 1144
82 72
2572 1992
3850 2650
1191 32
9471 68
3099 1680
6477 2409
2342 607
8664 7981
6940 3305
4291 1375
341 158
8655 5030
1068 723
8320 997
250 192
8713 4681
473 217
9483 178
7026 3736
4760 3541
70 55
8648 106
7762 3927
2452 1751
604 140
270 204
6993 860
3454 3068
728 557
6410 1
4123 873
7105 7048
1662 1432
8373 5466
4792 2580
3418 2619
9305 22
3175 2315
6355 1648
7916 5770
4500 2698
1458 468
3079 2212
8416 4288
599 436
6273 4947
5111 1230
2384 2102
8543 3918
6739 4157
8278 7336
1617 1304
5519 1584
9063 6672
2676 655
9115 7311
3783 2394
3998 60
1543 1045
8533 8230
774 751
7678 2288
3353 2055
6341 3933
2436 776
1371 613
5314 500
8425 3958
7749 1423
6548 700
3269 2832
8807 1587
474 276
4857 1528
5547 4089
1753 939
830 640
1344 1270
6271 3554
8323 522
7165 6142
6989 5331
9763 1182
2237 320
9479 8532
7627 4623
