995
523 9139
9479 9818
4790 5307
4244 5990
3296 6774
8131 9202
8609 9031
786 5107
2296 9274
1832 7157
4097 7761
206 347
573 2069
3648 8878
3651 6347
7024 9434
9494 9669
5657 9736
8091 9108
6471 6734
1690 4527
2029 6984
3634 7733
8264 9527
2889 8868
1007 6993
1525 1865
619 6972
7219 8514
3121 3974
1005 1044
4152 4530
6659 7223
1320 3636
9977 9987
2876 9722
6881 8474
7755 8754
4988 8645
1925 2251
1877 3475
4231 8529
4323 7037
7147 9014
6418 7295
7749 8104
607 2142
8041 9500
5378 6737
8228 8670
175 5433
8580 8829
8960 9181
1763 5502
2976 9321
7385 9780
8693 9419
8838 8889
7028 8639
4246 6906
4032 4196
367 8673
3285 9670
2904 9532
7029 9362
5354 7689
9601 9753
592 2388
1182 9323
1733 2657
773 1172
9615 9783
4760 8612
3968 9034
7696 8588
4481 9401
4892 8898
8056 8929
1407 4995
9700 9939
7859 8326
6530 8160
9104 9745
9649 9802
7124 9260
174 6326
1635 9763
3782 9609
4452 9591
1641 7436
4474 9924
3484 8132
1287 2611
1849 8329
1656 9973
7317 8236
7501 8989
9024 9719
6580 9774
6860 8949
133 4715
9028 9940
4370 6146
9490 9883
2114 6029
213 3038
3595 9025
7328 8718
824 3080
3644 7688
7692 8776
4722 8205
2626 3246
2751 4721
7486 9283
6112 7437
7287 7339
2153 7662
1085 2861
7758 9484
6020 9529
3132 5809
3695 9852
4165 6476
181 7763
7090 8934
1284 5712
6087 7420
884 7144
8206 9746
1258 4441
4566 5235
4041 6140
2767 4811
9411 9464
996 5808
383 6912
266 6932
9302 9785
3681 8172
5115 6910
2181 8643
7178 8079
5448 9250
7128 7415
804 2601
1999 8424
8148 9986
9387 9950
2041 2588
3774 8574
3717 8277
4900 8495
7962 8417
4182 9928
7574 8333
9974 9983
2779 8844
8854 9058
6139 6640
1900 3806
2599 8463
2663 9906
2033 5101
2102 9172
1047 7927
9469 9585
1021 6018
4375 9023
4508 9337
5157 8499
2016 3731
8374 9253
7734 9686
9885 9932
4411 5710
1553 7952
8743 9904
4612 7881
9808 9923
6238 7602
7421 7848
8101 9312
4315 7129
8826 9296
6660 6967
5142 6255
7234 9515
3279 4493
1682 7388
5016 9979
6797 7053
2325 9313
4921 6782
2508 9890
6574 6750
7690 9020
4595 8579
3579 9211
7321 9539
3160 5141
2524 7897
2063 8994
1568 2972
8275 8611
1110 9937
1893 3580
6884 7126
6301 7392
7762 9209
5709 9664
3786 9222
5217 7613
1653 8248
4536 7532
5970 9496
9809 9921
8853 9538
122 627
7475 7843
8663 9713
2789 4464
6920 9305
6513 9675
3609 8924
6483 7398
9460 9875
9739 9814
3464 6579
2143 5490
1224 7078
7341 9562
9954 9957
2078 2739
8869 8954
9085 9953
9443 9993
2126 5182
4709 9040
2474 2969
6785 8455
346 5316
7248 7714
6874 9415
8789 9582
9335 9409
4835 8600
6601 7216
9382 9491
2635 3183
3066 5871
4188 8566
8583 8660
4556 7892
5130 7737
1394 2316
955 4133
9689 9941
9789 9803
6322 9815
8615 8766
7595 8740
9662 9752
2005 9149
2335 8707
8846 9255
6608 9385
1734 2875
2733 7230
5717 5783
3763 7374
6872 7108
158 2575
7754 9241
2317 5049
4192 6211
8280 9098
7355 7383
4337 5303
2027 5870
771 5259
7381 7593
2551 4000
9007 9617
8379 9671
7163 8944
8362 9110
2215 2537
1346 1351
7456 8260
1820 2644
3867 6989
3049 3082
9933 9969
5834 7179
6533 8635
4898 6466
4030 5979
6477 7984
4825 9125
666 4545
3437 4324
3515 7490
4361 6858
5951 7835
6123 9554
1814 8331
2340 5636
5368 6035
6088 7861
5690 9116
3328 4786
7366 7680
2480 7855
2820 7674
1065 9514
5584 8342
1299 8498
5387 5653
2991 6499
3865 5135
3317 7784
3139 7621
3019 9071
1522 9652
5747 9654
5232 6616
5474 9489
7407 8001
2552 3622
4145 6332
1178 4158
1462 6813
8810 9455
370 2106
5841 6124
3790 7942
112 4795
9403 9843
8732 8982
8142 9096
4348 7901
9421 9706
3169 6378
1992 2130
6523 8027
9065 9364
4480 8054
2118 9075
2655 9466
5681 6753
5763 8365
1243 9881
3878 7954
9294 9353
9217 9520
9961 9971
2580 3986
9326 9976
9121 9465
9748 9897
9946 9972
6329 8926
4102 5461
2357 3728
4505 6731
8123 8613
5883 9157
3117 5223
7372 9314
7829 7963
855 7713
7543 7980
1250 8978
5416 5633
8704 9648
6212 9426
8711 9462
3611 9528
8591 9846
4885 9284
8493 9760
6520 8014
5080 7971
3485 7477
875 1231
3941 5859
5457 7499
1120 6857
4233 9236
653 809
943 1091
4650 7302
8235 9436
737 5139
2895 5484
6032 6695
3605 3881
5611 6687
2600 3185
4431 7314
7324 8911
4845 5047
7554 9062
7102 8121
7418 8632
9512 9857
3076 4187
6025 9328
7805 9895
3323 7305
9482 9537
6336 9710
7974 8259
7391 9338
3539 4224
2711 3179
3191 3685
7107 7316
402 5381
5687 8983
2280 8442
9429 9758
1336 4355
5312 9690
4798 4901
5353 6808
1868 2018
5593 9682
3528 8553
1800 4455
3775 4191
722 9569
9793 9828
6327 9863
9165 9653
1659 8444
2833 4963
3945 7658
4159 6779
1117 7451
5431 7081
6917 9095
4279 6919
3602 6630
6422 7318
6890 7313
3252 9377
8564 8572
3443 4764
4875 9934
3725 4026
4557 8676
8512 8527
5931 8697
7176 9325
5693 6697
4336 8616
7202 8809
1220 9357
4394 9947
3075 9911
7773 9423
869 950
9119 9781
6658 8739
6794 7997
7519 8687
1395 7356
7655 9848
405 9825
7941 9704
9189 9288
1944 7870
190 4386
4813 6880
7493 8133
2869 8475
7054 8039
2164 5748
8400 9375
7759 7938
5146 7014
8714 9511
9497 9767
1691 6979
668 1356
2929 5050
5635 6313
6514 6923
3597 5000
743 5607
3767 6897
2910 6106
4119 4120
8507 8708
5598 6105
9849 9922
1720 4568
7277 9679
744 6816
9264 9475
4917 5258
2247 8625
7550 8905
9432 9613
5704 7772
173 3330
3138 9839
3358 8786
1070 9674
4268 8808
7828 8390
5247 9047
6694 8997
5363 6929
6071 8546
5462 9322
4626 8246
6869 7616
5771 7460
9146 9200
3585 9473
3207 6763
2512 4756
5915 7867
6444 8315
6402 8728
4094 7904
9865 9877
1978 6167
4692 7135
2999 8458
1939 8117
6377 7508
1990 2638
4271 5730
8679 9860
6944 9542
2026 5588
2232 7001
3085 5612
3902 4810
7862 8157
6705 9006
6005 8068
3487 7463
2731 8035
5858 6122
667 7304
6558 9327
4855 9611
2021 7101
1227 9173
552 7094
4766 6494
760 7377
2185 6669
4717 8161
3099 5525
2908 5896
5039 6682
1963 2416
1821 2691
7594 8569
1348 6463
1812 2699
4063 6649
3708 8526
1422 6564
4665 7155
410 9661
8314 9208
8734 9244
3574 6963
4702 5512
2652 4413
5437 5561
1754 2864
5792 6077
7985 8090
7780 8403
482 8437
8048 8816
2172 4613
357 6678
8492 8794
3259 6309
3406 9982
6098 9159
8308 9143
4980 5585
8240 8981
6557 8744
6132 8620
2211 6115
4729 5540
8925 9033
6728 9238
5576 8354
684 1719
8991 9446
6995 9086
5642 7956
2799 6125
6903 8022
3769 7041
8186 9059
2434 5308
7272 9447
9350 9467
9935 9978
841 7267
9281 9570
343 3199
4806 5536
3537 7823
3206 7030
9891 9901
4809 7581
4376 5479
7607 8971
7996 9561
9787 9810
6684 6802
4444 5850
9184 9944
9120 9837
1116 3388
2742 4658
5358 6994
4304 4491
611 5569
4580 5322
1445 1921
1807 4929
1186 9224
5881 6723
8483 9471
472 3855
1032 6651
381 8894
461 3488
3929 8624
8242 9945
531 8511
4888 6455
2735 9100
4818 6950
9220 9876
1618 4302
1185 8833
9829 9951
2679 3420
2831 4554
2566 3245
4661 7046
7972 9266
4976 6141
301 7697
4616 9893
4057 5073
7967 8281
4446 7908
8366 9396
3661 6561
4130 4250
4183 5109
3618 4497
7798 8180
5889 7484
3238 3835
9041 9784
1289 3952
8167 8254
7346 8216
6481 8936
7284 8771
2294 7671
1283 4739
5888 9293
8203 9004
1819 5952
4008 6340
929 9171
562 9273
3836 6040
4157 8025
3935 5853
3886 8874
5343 9105
1951 7610
125 7905
3276 9729
7764 8819
270 3891
1923 2565
7573 7675
6154 8430
8130 8477
1106 4989
226 4953
6269 9360
9549 9896
622 6673
7507 9331
9430 9819
4225 4322
2140 5197
5822 6620
7450 9251
2202 8636
6686 9732
3474 4920
7280 9997
5037 8551
6589 6744
8182 9728
1488 9644
3615 7360
7832 8951
8330 9051
2262 7461
4134 9355
6397 6788
4736 6606
7185 7685
6852 9053
4025 4999
8860 9798
5624 7350
3436 8445
5848 8547
7268 9210
1181 2668
4275 6581
2031 6072
4476 9425
4812 9107
2903 8622
9197 9966
4958 6792
616 8806
3812 6964
4033 4997
569 8979
4944 5283
2807 4909
9060 9778
2094 4301
4906 6629
236 863
5766 9295
9744 9952
690 6310
2064 6886
803 8434
3827 7393
3826 9547
8912 9672
1571 9806
4306 8012
3814 7086
2769 3996
7218 9856
1639 4879
2598 5092
9850 9985
6777 7534
2822 6063
4842 4881
7583 8842
1193 1213
9048 9965
4673 5780
7462 7845
3737 6946
623 7150
6800 7161
6393 9132
2656 7103
846 1817
7651 8468
2816 9541
9522 9596
878 2067
3145 4456
4364 6168
6286 9518
5446 9565
5093 5782
5985 9505
2076 8955
7201 9513
5663 5675
3348 4646
7055 7516
5814 7119
7858 9232
5595 7394
4229 9903
4341 4440
9607 9643
2389 8876
67 1769
9080 9133
4263 6245
8306 8548
6747 8181
8582 9052
8730 8777
738 3573
5903 9190
3739 7224
7756 7906
2261 7619
8956 9826
6563 8087
1273 8443
5403 9999
9109 9346
129 7169
9634 9905
103 3954
1598 3338
2720 8641
7767 9066
3853 5471
2204 9056
3927 6339
1023 4080
2281 2934
9402 9684
3425 8599
1438 3979
7852 9012
2377 7023
4605 9334
5655 9342
3370 3519
993 9155
7622 9800
7063 9070
1405 3147
3219 4211
3493 4752
645 5580
3196 9285
3268 8843
341 1530
946 4820
3355 9278
673 2549
9886 9998
6219 8825
7470 8966
6161 7153
6117 7296
207 6450
5310 7112
4978 5204
7413 7890
1779 1856
5935 8513
5277 5977
5465 9859
2687 9427
7989 8585
6760 9249
500 2703
8866 9635
73 613
2448 2745
5193 5649
1109 7530
3995 4889
7635 9093
3712 8783
7067 9708
7226 8738
2721 6198
18 9198
6504 8584
1962 5803
9384 9624
6288 7525
4463 9862
5074 6806
1478 5180
7947 9523
1768 9734
3403 4773
1680 2797
4100 6244
4146 4378
1550 5669
3908 8804
4878 7104
8274 9536
1544 7098
5386 8568
4972 9381
2726 5468
9287 9681
2111 6873
7338 8043
69 6936
2314 2892
6790 8984
647 1223
4940 7298
4024 7165
4073 5846
8647 9616
2944 6966
3419 4908
3652 5620
1314 5339
7246 9546
9773 9823
8393 9103
8004 9834
8193 9049
290 6591
8818 9207
7564 8114
8788 8807
6822 9530
436 2559
5028 7803
5352 9299
3603 6922
4273 7172
8765 9917
6346 7498
5953 7578
5496 5686
2328 4294
9525 9711
2085 8941
8644 9339
1011 7497
1219 3190
9488 9628
1686 3164
5231 6713
1663 8659
7189 9186
2290 5452
6467 6643
5691 9055
7659 7931
7478 8053
5692 6445
2573 5535
170 9072
267 6142
2128 3596
8482 9718
318 1718
5823 9472
2606 5670
1984 4533
3780 7732
2710 9807
7408 9727
7753 8178
7961 8359
6147 6363
352 2491
5873 8986
7252 9445
2289 8631
3416 8775
2115 5160
5589 7279
3676 6307
8884 9854
6297 6571
3094 7810
5993 8267
7390 8003
6865 7186
4518 8411
8674 9192
1428 9786
7887 8763
1069 7895
9457 9551
9413 9597
2975 4421
978 4755
5800 9247
6448 6851
2749 9794
988
1092 904
1362 114
2558 601
1995 1020
7750 5551
3059 442
2829 2647
5513 3002
2719 1057
6472 1154
3214 3035
7040 1862
3407 3215
636 408
7399 1421
4405 1115
3236 1080
7191 7065
8848 229
6065 3087
1971 1562
3687 2019
1729 509
479 164
7027 4705
3529 1327
1625 586
3851 1566
7724 5799
820 274
9592 2801
4260 101
7785 3088
8867 5269
4850 2705
7641 3283
8709 5236
7646 2941
7017 1150
8020 2832
312 199
5125 4780
7506 2967
7263 3896
99 98
3864 3467
5503 1483
8857 7311
6294 4006
628 369
1822 415
1140 358
5954 990
6464 1053
391 12
3181 90
6090 5360
3791 1189
6988 2366
8346 1031
6524 5335
7365 1290
3032 1752
7158 4274
6432 2802
7597 7058
9761 2403
5001 3844
6023 3453
571 165
5918 501
5013 4372
9073 3369
1724 1060
9486 4489
1750 1107
6042 4682
7070 1650
8896 1343
6384 462
7322 3399
3124 172
1904 1269
4171 858
4262 4021
879 431
9657 5627
594 376
1848 1016
6333 1035
6992 4116
6515 325
626 47
1432 219
8700 8031
4551 1161
271 218
1448 113
8488 1920
285 128
2194 814
4697 153
2371 1163
2539 2372
4151 60
2752 1693
5458 4791
2998 1662
9574 6092
9018 3627
5630 1132
221 92
4382 154
5882 678
7292 4128
1221 468
5485 5429
6006 2007
888 249
296 204
3373 1018
8852 4351
7819 1811
4338 3170
7275 5511
7096 5981
3751 1198
1899 13
7510 5072
6735 6000
1256 545
4501 398
6031 456
5472 5178
48 34
7010 3054
1319 493
6175 3060
8392 3091
1444 1403
7538 240
9199 7512
419 253
8762 6078
8946 1259
1260 671
2433 1654
729 96
3698 672
2156 187
8094 2945
7376 5781
2397 1851
1547 612
890 733
1111 33
9968 602
6956 6553
8298 5168
9035 7915
6427 6010
6388 3517
9410 8109
3423 3244
1603 298
7806 7387
5959 706
3159 843
5755 279
8542 3016
3123 1916
8215 4529
2853 2633
4757 2058
4583 3195
2866 2795
5868 2814
6162 5656
9483 2859
2550 191
802 576
9730 2981
9589 7642
6938 745
9559 9088
9122 8431
567 115
4259 2387
9792 4020
5816 4087
5071 4329
522 443
8879 6157
1858 22
8902 1548
2108 117
3531 239
2038 1239
3822 1742
1997 260
8839 1881
5019 2148
8456 7966
7362 5306
118 45
2519 1036
2529 1390
4789 3582
2708 1072
1112 1015
3177 294
2090 2050
8467 4834
3027 77
5996 1660
8803 502
4778 2738
5623 1961
8336 7524
4754 1473
3351 572
474 104
8283 1028
483 378
7496 6278
3797 670
1226 903
765 241
4700 2412
7087 28
7441 5494
2082 933
6148 1002
640 580
6768 2547
8407 1469
8276 1398
5989 223
9560 3288
4434 564
1514 720
8023 124
6017 3828
2532 2243
5603 163
9369 7479
2453 258
1773 608
4549 1424
2877 2014
4172 3433
1728 1253
4910 1122
1497 1402
6642 5698
1788 1180
6232 5754
8895 6812
4148 2661
8231 3787
8969 6625
3074 421
5751 5216
6400 4239
5100 2660
4763 2086
1914 1696
9602 4621
9577 1824
7801 3917
3628 2044
4737 4189
4832 748
5671 2842
2965 686
4251 942
9595 1268
4083 3468
854 754
5055 4402
9292 7930
4283 2061
7630 3931
7458 4124
4368 906
5577 1313
6959 5187
2844 2806
7291 5315
2380 1905
23 5
1784 1518
4345 657
3438 1280
5744 2707
6163 3893
2150 387
3899 438
3704 1252
7003 536
3705 3134
1806 1045
1479 449
9262 8654
1138 852
1748 16
1551 257
568 412
495 256
4038 570
2179 1640
2682 83
8284 6084
5152 4210
295 225
2913 275
3508 3148
5812 3319
3701 1457
3547 2165
3925 2505
2570 1866
106 52
6765 5398
7315 6864
7448 4590
5499 3746
7846 5913
8563 8168
7220 1017
9844 3643
3254 214
5425 2189
8770 2002
2303 444
707 692
1400 708
1533 480
1950 1688
3740 887
140 32
248 26
8457 1167
4099 3557
7051 2249
9225 3217
6052 2860
8010 377
9011 3970
1366 730
9981 5965
4319 2568
2305 1934
180 143
3421 2617
1874 448
2717 1994
4704 4174
3613 1073
4793 1581
3100 525
848 100
3795 618
7521 1146
8621 6372
3062 916
4443 3871
3543 859
2627 91
109 74
8847 6522
4587 3802
6706 1485
4608 3021
8666 2463
4303 3898
9271 2279
3626 1298
8692 7152
5813 900
8780 7205
3567 1810
7122 2794
2680 840
7149 1647
1676 196
4227 336
49 1
5242 2221
8125 1125
7134 1029
6282 5974
5423 1151
685 632
3482 517
5430 724
9894 9587
5409 1668
7469 235
8239 5337
1271 46
2464 1884
4965 781
3429 676
6434 5271
6584 1305
2066 585
6807 1785
4035 1542
8710 3630
5510 819
4111 3415
1041 1000
870 329
3398 2914
2055 1373
1574 1546
3565 1037
1958 1152
5942 3541
9138 3368
4594 2693
7276 1255
8262 4471
9258 5658
2763 182
3115 962
4903 4380
3670 2338
9361 5874
6699 2218
4693 3608
8446 3656
8952 5383
1780 974
9623 5960
4077 3759
5708 5189
3653 3187
8875 6733
8605 3205
38 4
7073 6820
7373 5249
8212 6878
1524 265
4706 3532
1606 813
7592 1331
1121 822
4430 956
3153 638
4448 1408
4147 1558
2237 801
5806 1114
6685 4106
831 758
3303 790
5440 4677
6171 5035
9949 4048
4412 1335
897 297
2037 2023
7847 713
179 144
3914 3477
8602 5237
1651 526
351 17
8066 4437
756 107
337 157
7242 5253
5417 3376
3257 880
9853 6202
1074 689
901 625
1380 1222
9128 4986
853 224
4317 3118
8096 4916
2382 1725
7239 7188
9193 7888
2447 912
1584 211
5660 2526
3614 1813
637 596
2886 2224
8380 2454
3980 375
834 511
1770 907
5128 3347
272 82
237 147
8603 5779
8414 3052
3041 1913
7921 6700
1658 1576
2774 323
4703 4670
7278 5964
2235 1591
7939 4433
5103 1979
9563 8207
2080 963
6516 1711
183 137
2042 1836
6345 384
7433 4108
7336 5166
1580 964
4310 2177
4720 2488
1860 949
1278 1204
9820 6082
2821 2171
8942 7208
5418 3804
1386 988
9606 148
293 184
4429 3127
3314 549
4266 2695
4932 4787
5084 2636
7423 1501
1892 1162
3310 504
9444 563
4882 1930
940 269
4750 1863
7168 233
3693 3290
7878 7204
2662 1537
2968 246
8413 2270
6960 2272
7940 4256
3260 429
1131 146
8033 1605
1620 340
8309 6228
9019 8996
1475 867
8525 797
6280 1212
1630 1495
8888 6832
1245 268
6510 931
6498 4905
868 663
7290 2230
5007 1828
3558 752
2576 991
4740 2906
6431 6207
2912 2796
4213 1353
6096 2443
982 965
825 390
1208 247
3949 2854
1741 998
2407 953
5599 4362
7566 5884
682 652
1582 1169
4237 54
4160 3411
7091 2947
3414 3184
7751 3282
4633 1103
9813 5276
1738 192
3909 281
9268 8832
7261 2709
3073 2146
4166 2213
5087 4521
1401 856
4911 3987
7820 1642
4596 2210
6712 1505
4371 3014
9246 4027
5078 4959
2004 783
5070 2207
4332 1818
2845 407
938 761
925 210
7127 3773
6306 5679
8124 1291
6604 6058
7910 5761
7494 2841
1012 513
5500 3745
9622 5088
5373 1324
9050 6364
8761 2408
7076 4407
3165 2507
5632 2701
4648 3760
1777 1310
9356 2649
7920 3533
4689 1697
2497 1129
5583 3223
6815 2513
80 30
8938 3320
9218 5380
3858 3668
6348 4435
3657 2560
3727 484
5865 4814
8649 320
4733 3120
727 428
2467 1377
8028 2450
4454 3146
7827 3201
633 244
7894 2718
3619 655
5426 4513
8295 4222
7727 4110
9702 9084
8363 3523
426 314
2201 2178
5482 3212
1096 838
3501 3442
8093 5257
81 11
4404 201
8509 4914
7842 2052
505 25
4776 79
2584 1588
2608 1084
2199 1751
4653 2500
2793 2503
6293 2653
6508 2909
4913 2006
8097 3738
3441 1389
5591 2160
9372 6493
9639 9329
8504 1128
8948 2759
304 291
9771 4186
8395 8302
4769 565
6284 4516
8865 6213
935 621
486 411
9301 7143
4257 3395
1878 1341
7117 6953
2989 1143
5327 4439
7600 7454
1706 1097
3754 2343
6028 4951
141 131
7257 3831
2469 2437
8058 4610
5773 4264
5460 1297
1418 528
4867 1236
1229 1025
2288 50
7643 4445
7670 134
2997 368
3162 2885
9697 4826
532 130
9594 1781
5495 4578
7590 6371
9237 8355
7253 3743
303 289
6829 4140
3669 1674
7778 7633
2286 317
2911 1557
3588 1648
2561 740
4309 4088
4539 4490
8694 5530
2673 979
2040 1705
5939 3720
8886 6349
5466 2902
8469 5252
5579 4420
3295 1183
3800 2890
2364 2239
6469 3621
4622 750
3090 1232
6263 2548
5619 534
8980 4631
3556 3545
4528 3069
9749 2788
3342 2099
3248 898
1778 498
9365 473
7796 6059
2093 1935
8322 3233
7125 1519
7329 1919
1003 725
1815 123
3964 3298
8534 6674
6617 39
3266 2446
8736 1825
2158 1594
3311 348
3966 3877
1274 793
8573 2299
574 397
6367 918
2700 1133
6798 6188
9289 8301
6918 4564
6657 844
7167 2242
4912 4561
9106 3230
3930 3396
9390 478
2133 353
2504 553
4153 1795
5722 5011
8735 6080
1835 1523
5211 2431
4333 735
6773 5470
8232 3500
4070 639
6138 5012
8233 3560
197 189
6761 541
9521 8220
3381 1275
6398 4426
1787 1441
1645 316
3225 986
5571 3263
2839 2825
4296 3965
3593 2477
9400 7541
5342 3497
7584 5410
2658 977
2511 497
2646 1783
491 305
2645 578
9508 1458
7653 7009
8774 4359
9738 7354
9605 9167
1059 362
5191 630
9879 5946
8629 6426
2444 1846
3823 2899
4178 460
4365 1721
2425 597
5400 4782
8539 4952
9376 2773
5790 537
5707 512
360 121
3572 1982
5424 392
9604 6821
1384 1042
264 186
1831 768
6552 5547
3126 2484
3963 3604
6569 6559
5473 850
5285 230
4377 2195
6417 2410
3300 2510
287 59
9795 8578
8699 68
3209 2669
2427 976
7283 5894
3985 62
2961 2342
5810 1352
1174 342
5815 1406
6242 3989
1316 944
5111 2074
8433 2736
947 560
3363 2017
3554 1344
9089 6795
3176 467
2104 1078
5009 3161
3821 2817
9228 7184
2393 646
7422 2000
6390 2151
332 56
7286 5554
6258 3492
6385 4873
6178 4252
176 166
3894 3617
1556 1412
1430 948
9453 8995
5497 3009
2641 6
1857 259
8351 7080
3794 3034
6102 2430
9315 3837
9655 2196
736 78
7978 4193
6246 4084
7816 1665
8908 1767
9552 7632
4511 156
1127 255
932 464
857 533
1286 1064
8769 7631
2001 65
2629 973
8935 349
9720 5222
5562 4552
7066 1307
6383 3460
8368 4190
5608 4488
3854 2376
5820 1955
5083 1257
6248 2520
8593 3431
7197 1698
2862 712
2054 540
5097 3999
5018 1367
8592 6457
4853 3033
8237 7874
3383 171
2176 138
2349 1737
1396 251
2694 1834
9855 7886
8633 3807
2740 1306
5481 382
9307 4837
5290 5172
3446 1195
1964 64
364 284
836 372
3682 2917
1792 954
548 216
6603 3400
3140 1333
1237 885
3058 1731
6721 1370
2256 1435
8112 4180
3667 1218
2420 1842
6290 1123
5003 359
8018 3173
7015 6621
7951 1242
2593 789
945 7
2826 603
6778 519
302 10
2750 454
952 914
9308 2847
8658 4639
4589 3018
9441 1492
1137 282
5046 1087
7175 4114
8494 8375
8937 1270
7969 4982
634 591
9174 3078
981 635
