290
268 4776
2007 5718
3075 6972
1667 8705
740 7300
5352 8405
3995 6829
7664 8013
9357 9716
8053 8581
2083 9526
1368 9653
99 2646
4171 5265
9622 9689
8621 9635
9008 9050
1835 4467
1294 6846
5026 6446
435 8944
3528 6222
4622 9240
9226 9303
9107 9366
5226 9687
763 5558
5881 9792
4491 5862
7525 8070
827 5908
8436 8567
7595 8137
6439 6516
1902 3271
5125 7445
3462 9208
3719 7543
4182 5340
1418 8988
5523 6855
8174 9800
4274 5693
5391 7217
6180 9596
1586 6653
8447 9887
4312 6364
8190 9748
4623 6877
7805 8115
6565 9966
9457 9830
2208 7888
7294 7371
9875 9879
7298 8975
8200 8602
1572 3136
6371 7235
8512 9440
3794 4376
2482 3467
1407 1452
4473 5487
8428 8808
5204 5293
2494 7751
5199 8984
2151 6035
7625 7995
6607 7934
7126 8455
7807 9632
4413 6729
546 5054
715 1684
7470 8386
8624 9338
4986 7633
6499 8810
3131 9337
1289 3631
9734 9994
9317 9546
2411 8753
6013 9159
8143 8185
2560 9898
9131 9723
9621 9892
128 5912
989 9429
1566 5539
957 1144
955 4439
505 6206
5898 9313
5388 8140
7845 8182
9062 9092
9028 9896
2159 3015
6876 8106
9779 9900
7531 7670
1252 6220
1789 8937
934 3239
5813 6658
6374 6695
2533 3661
8305 9125
7781 9675
1028 9772
8014 8266
182 5079
542 8879
4069 6545
5513 6266
813 8253
8969 9297
4256 9271
7738 9036
84 413
7113 8221
1081 6975
1202 5264
3858 4786
2623 3424
6177 8069
737 9102
5668 7154
8251 9993
2256 3691
2477 9106
5292 9201
6799 8083
7210 8716
5477 9447
1825 8310
97 1989
983 8719
7610 9355
7246 9309
3474 9541
920 2425
2682 8833
1978 2049
9236 9419
1891 4372
8678 9368
2393 8554
5187 8280
4207 9676
6641 7758
3547 7290
7381 8522
1940 7467
362 407
8523 8993
6821 8362
370 7067
3267 5608
7093 9410
6812 9773
3268 7095
3163 7540
8422 8574
5025 8252
8355 8458
9219 9488
6548 9348
1477 6406
5784 5830
6264 7652
137 6714
1303 5956
5055 5703
4669 5176
4935 6887
1604 9299
4954 5197
5951 9063
506 9844
6675 7010
5824 7644
8369 9960
1937 4574
384 6307
6389 8034
61 7929
8645 9962
688 1206
7501 8448
9061 9068
7401 7975
9206 9700
8930 9371
5568 5916
1587 7853
7193 8488
5047 7265
3070 5288
2655 7108
3479 8439
8654 9588
473 5084
2879 7329
7305 7791
2699 8575
7723 9267
4329 7245
4943 5503
839 5769
3615 5040
1210 8887
5621 8193
6272 6612
8112 8395
9170 9586
2473 4883
7849 9273
5253 5576
6383 9048
4391 6407
8273 9158
3733 6833
8801 8947
3288 9081
8345 9799
1110 7538
8163 9854
4521 7951
8105 8809
9672 9931
177 5815
8909 8974
7261 7831
4982 5035
4988 5759
6284 7132
2124 9384
3512 7667
9964 9967
9113 9315
4457 6983
9 3017
8048 9528
1956 2369
9013 9560
5246 8072
1007 2580
9377 9828
3277 9540
5549 7539
1740 2550
9188 9551
2041 6341
9290 9633
6010 6198
5839 9383
4272 8142
8144 8959
192 3938
5090 6973
9545 9915
3306 3847
6619 8096
5665 7923
6465 8595
720 8403
1715 2449
9416 9542
2882 9655
2328 2748
1737 4215
457 7902
194 382
749 2621
4173 6237
9320 9866
7857 9985
1071 7205
9922 9936
3697 8124
3165 4471
879 5017
2846 9165
4685 8128
244
8538 1836
2325 679
7819 588
5801 755
7967 1656
1694 747
8761 6713
3225 1519
8485 1866
6637 5330
9446 7804
1155 30
291 184
3551 2628
6868 6390
4639 2660
6385 1048
1082 738
2899 67
3287 1320
9550 5161
6844 5531
2755 2199
5875 5675
7846 4560
3494 2117
2088 1633
4629 519
2982 1353
7426 4183
5407 5245
7584 6185
3899 1060
7321 245
8926 7021
2249 2214
4682 1359
2929 736
8644 1796
4098 2048
5805 3157
1797 195
1615 733
1833 175
7023 6294
2677 2106
9591 7924
9673 1874
6943 1709
4614 4346
2740 1933
3150 2532
7508 1909
5938 426
605 241
2026 1339
8597 3153
1105 762
6283 6230
5171 911
2222 1473
5432 2178
2434 1580
5625 3652
9605 5252
7354 3890
9948 1995
9955 6300
516 478
7716 6141
5201 638
9699 7326
7171 3974
5559 3301
29 18
6614 3588
1627 1465
7046 2900
5957 4924
2719 1579
3998 3516
7862 2848
4882 4072
3766 3531
4107 3628
9918 5476
1021 14
7076 1538
2502 36
6225 249
5826 3211
2009 47
9743 1654
7709 2283
2638 2212
1887 1441
9882 257
7260 812
5444 3133
4428 216
8558 7802
7274 6590
8807 2091
318 256
2834 933
2377 2294
5278 907
5096 5021
1741 1089
7392 4531
9587 8888
5167 7
2158 1824
430 202
9270 1047
7418 4218
5696 42
264 228
5313 561
5048 964
8402 7509
2901 173
2818 1514
3481 1292
5389 169
2652 2524
7164 2816
7407 5529
1099 81
7655 3708
2028 1867
2875 1971
3943 2292
780 162
294 69
70 4
6212 5445
3630 2671
5741 2352
3435 794
1551 772
6246 1230
3538 2855
9524 3617
1571 684
4425 3280
9039 826
3470 1827
6937 1325
1913 649
6944 2512
7970 7948
1214 544
9736 4742
6205 3124
3281 2841
2422 402
7288 2593
6380 1043
187 94
2833 1660
4470 3704
412 265
3011 2625
7744 3659
5280 1403
2978 1061
9151 7218
9263 250
7189 2121
6587 1434
322 224
9758 2004
8243 6772
4706 385
3250 2038
5237 186
3656 3423
7600 7110
4791 422
8671 1380
4741 958
8945 6728
7937 7103
3283 3179
1683 1226
5800 2127
4894 3886
8694 3758
5776 3453
6277 562
642 143
6932 3814
4506 1682
5496 3091
404 219
8429 5
8641 98
8805 1630
3636 1517
1485 556
1664 718
4690 3951
9153 2424
5466 4927
55 54
8696 2977
602 596
7529 5375
1885 1143
9422 1139
9715 3918
8881 4789
8796 7037
8929 6854
5710 3330
5335 3692
9857 7695
785 765
6966 3726
2419 595
3518 1884
8235 2478
2907 2903
1981 1554
3178 2247
1003 470
3073 2932
2338 140
6586 5259
5203 3824
7882 5215
5093 501
297 205
7236 3564
5789 3316
2594 1529
8265 2535
6158 5351
8397 2053
4103 1502
4475 1985
3848 2404
3527 961
