818
3046 3689
5074 5538
1459 1559
4042 8983
4925 7083
3524 4807
9246 9255
5883 9371
9592 9968
1689 3925
7467 8822
919 9338
2020 6463
2490 7076
6672 9014
4009 8076
9357 9660
5950 8223
8366 8515
3436 9146
2617 3238
4736 4958
1053 2904
9712 9890
4166 6719
3104 3462
8627 8812
3743 9557
689 2174
4797 7124
7311 8086
2667 3117
7418 7502
1760 6536
1011 9884
874 6359
2571 4346
3715 8034
9195 9228
9698 9733
9887 9961
2947 7567
3107 6266
4734 5984
7680 8420
4622 5663
1745 3004
8576 9776
4343 4936
6782 8472
9395 9703
8133 9564
5231 6645
7118 8585
3014 7319
1799 3184
8916 9511
1102 8711
8004 9123
8862 9802
7907 8379
43 5195
2545 4059
2517 8962
3178 8356
4002 5639
9857 9967
7354 9875
8640 9086
5214 9534
673 1607
9568 9931
5405 6248
5808 5959
4424 6701
2813 7677
2208 4150
637 6593
6497 7668
7941 9483
5684 7359
336 8491
8075 8706
6581 9706
1109 7015
7009 7799
5888 9895
4284 8449
9424 9672
8473 8734
7339 9525
9791 9842
2132 9745
8244 8452
9002 9515
2943 5034
4230 6326
8596 9860
309 2363
4236 9290
3874 9898
4527 9263
9914 9921
8367 8948
5273 5949
1390 4206
3082 6097
9500 9699
3580 7752
3254 8779
8266 8697
7149 8084
8547 8952
5189 6789
4934 7566
1405 5029
1397 4314
4776 8681
5697 6262
3327 4361
4914 5204
1357 1460
1653 2774
102 3062
1947 4456
2548 4551
6475 7726
1688 9537
5185 5986
3255 8032
7643 8745
2355 3779
2241 8128
5257 9702
9009 9867
1872 3751
9694 9911
7696 7773
9041 9619
6729 7235
8162 8581
6833 8860
2951 8484
7074 9960
1790 5590
9866 9902
732 8104
2781 8843
1327 6015
4065 8507
9474 9881
2911 7832
1175 3864
644 4563
8365 8378
7616 9473
2633 8278
5632 9169
8593 9100
8978 9093
6152 8809
9650 9731
7027 7644
3801 6926
3684 7943
5289 9302
3101 6861
7979 8275
6662 7137
9843 9912
8741 9922
3794 5496
4155 8602
9046 9551
5752 7510
3638 4290
6189 6390
9812 9858
3230 8582
8253 9913
4523 6996
1180 6112
3077 3519
8931 9601
8933 9806
8069 8961
7975 9285
7597 8888
5407 8774
9617 9846
8710 9975
3725 9971
4943 7778
6242 9593
6461 8092
7646 8204
5562 7503
9781 9790
9019 9471
2178 9133
3698 5877
728 8337
8063 8626
6086 9476
4711 7441
4792 9373
6706 8998
4010 9399
1836 9658
6103 8713
6484 8789
1630 6901
7976 8388
9501 9691
6622 9236
7939 9885
6752 7060
1275 3448
3407 8064
3369 6274
2359 7698
5899 6907
8724 9969
4207 4902
6744 7586
4409 5372
239 879
1752 3315
8286 8959
7063 8941
5971 8501
2940 4220
8633 9404
1271 3993
3733 5769
2894 9478
710 5320
316 3858
9972 9974
1314 7143
6914 9251
2276 6221
5448 9995
6290 7613
3074 7670
8350 8837
7598 9877
4580 5277
6774 8684
4994 9454
6107 7365
2210 5952
2991 5712
1494 7115
4013 5283
7569 9000
1487 9939
7187 7225
7003 7267
6477 9572
6182 7684
7665 8319
1975 7318
676 5748
9742 9744
3862 7966
3141 8785
4270 7068
2968 5473
7035 9266
3526 4217
5390 9595
4633 4651
4413 5371
4140 9170
9180 9632
7894 9440
4965 9772
5625 7322
2273 2674
8636 9256
7797 9244
3511 4286
9148 9957
947 4304
2212 9773
9055 9558
9069 9359
5416 5660
6711 7454
4998 8604
6403 7527
2576 7406
4446 6970
5127 8757
402 7231
237 4852
9639 9665
4621 7961
1821 5533
7851 8037
4048 9377
1107 6993
4372 5210
1505 2707
1351 7546
1749 3351
2915 4990
7466 9433
7688 9580
8274 9850
4338 9692
3081 9526
4490 6178
4094 8380
5737 9711
8926 9109
8282 9640
7817 8780
3209 6676
9724 9770
17 5447
6921 9673
9574 9615
3450 3529
1849 2185
480 805
2471 5386
5319 6801
718 6697
6095 9332
3269 4583
1316 1980
7517 7793
2332 9779
3310 7233
8656 8778
2570 8444
4231 6786
4769 7824
4744 5858
7164 7800
4755 6770
335 5817
3196 4101
6515 9422
7673 8842
405 9077
1548 1741
3422 9518
8224 9402
7583 8540
2019 9254
4095 6983
6737 9451
3746 5628
4911 6961
4955 5113
3057 4016
1860 6202
8421 9096
6854 9283
1822 2945
7457 9444
8680 9310
4045 4859
4133 7464
1915 3589
3956 9066
3823 6218
3006 8666
8036 8651
8196 9467
4929 8137
2485 3691
2532 2890
6222 7855
6635 9088
9217 9543
5828 7531
1784 5206
9472 9486
1191 5647
9930 9941
1681 9918
5160 8524
9116 9752
4669 5893
2509 6656
9609 9978
8657 9759
1856 6264
6077 9151
1377 1715
1471 5397
5655 6678
5341 7607
7808 9903
2700 7738
1285 7425
7153 7540
9596 9645
2978 4768
7383 7926
3421 7938
9598 9963
7180 7559
8691 8825
9288 9459
605 6894
9426 9546
3509 7371
4789 5027
3039 8496
1612 4730
7357 7987
8475 9989
6334 8306
1363 3072
1194 5892
3121 3763
7675 8887
1960 8258
209 6700
5346 6623
4454 5297
2502 8178
7600 9937
1387 6128
9896 9991
764 8923
7973 9098
6151 9073
9161 9270
1881 7376
4904 6163
6660 7859
8148 9153
3416 5264
7700 9934
1306 2896
1748 9888
6090 6742
938 1137
558 8476
2893 4267
864 2317
6708 7323
4388 8217
3478 3504
77 4036
2236 4182
458 6230
7302 8717
1694 6380
3093 3108
4063 4961
5767 8575
7768 9137
5816 5979
6296 8573
3464 9710
3567 8555
1440 2843
3122 5021
5906 9510
1687 3472
8579 8673
6486 8122
6837 9387
3599 7395
1014 5550
7197 8510
1717 9099
2290 6304
2670 8832
7923 9996
2988 5981
7875 9713
8875 9089
1913 3774
8013 9891
1458 4937
4536 6324
5128 6209
5980 9249
1055 2331
5873 7964
7757 8851
178 1158
163 3520
7413 8918
257 2869
2199 5159
3578 9840
7689 8772
2636 3365
3863 8269
6898 8531
7243 7842
2446 4793
8781 9208
2049 8971
984 6219
4020 5109
6186 9417
3174 5859
4178 6467
6292 6301
5924 9528
1551 7945
7850 9720
8015 9166
8021 8062
6194 7996
7052 8953
9970 9985
7398 9818
8844 9018
4104 6939
3522 8236
4542 7575
1795 5739
7099 7282
1636 8206
2511 5286
2651 3654
4078 7150
9436 9674
1597 4143
6760 6975
311 4398
188 7553
1751 4056
7504 7915
1699 7551
6986 8559
3245 4478
2213 5308
7539 7545
26 1572
5441 8898
4192 7238
4130 4756
6148 6682
9668 9783
2664 7678
8194 8542
3440 8770
2671 3845
6799 9428
1657 9298
2713 3375
8187 8502
5468 9351
2372 9851
5084 5146
8653 9396
2008 3533
2903 8864
631 9284
7916 8404
5572 9075
3133 3395
8442 9196
5171 8372
3438 5168
6881 9230
1728 2487
6990 9176
974 1669
5969 8816
9622 9900
4401 8042
5301 6416
2307 7122
1226 1919
4944 7064
9856 9986
1732 3231
9811 9883
2004 4566
6328 7667
4765 6547
6734 7521
557 5905
1428 5433
2530 3263
7210 9623
1463 4213
688 4518
9278 9480
8601 8852
5424 9878
7891 7984
2395 6966
1963 3926
654 4640
2266 5111
8800 9078
2734 3144
2222 4940
6196 6360
8674 8845
4000 8894
5022 9323
4335 7216
6599 7475
970 2610
7691 9815
8792 9024
273 9651
4116 4661
6888 8598
4680 9649
7008 9175
5 1217
8038 8532
6960 8616
1588 4029
9928 9982
2172 3935
9033 9456
5279 7021
895 4913
5911 5954
9126 9671
5664 8720
3143 6375
8169 8474
4336 6516
3897 7921
6603 7034
9569 9919
9587 9725
429 6386
3817 5013
5912 7908
6943 7079
9038 9542
9764 9876
8346 8728
8512 8795
2799 9452
4183 5303
1807 9319
986 6109
3703 3917
4924 6440
7344 9130
6822 8848
5249 5547
4223 5957
3747 4462
6474 6829
8360 8748
4245 5292
7146 9224
832 6526
6135 9305
6206 7082
5504 9317
1438 2723
4899 7480
8280 8856
3037 7471
6768 9792
552 6272
5492 5742
8824 9050
7134 8263
328 1708
3909 8957
1646 9273
9245 9329
1944 8271
1061 7291
1483 2994
252 3720
6627 7325
8642 9115
782 4560
2479 3879
4957 9917
1978 9516
6819 8317
9237 9981
422 7628
9662 9830
9777 9973
4083 9322
5012 5123
6371 6998
4639 9597
8880 9091
2434 4058
4664 6223
3554 4900
8007 9432
1499 1649
9979 9983
3430 4112
597 997
7212 7490
3402 7876
4609 9445
8391 8489
2237 2240
2623 8190
8735 9800
9954 9962
9022 9470
1513 2173
7585 7594
4668 6267
6300 6685
9808 9944
641 664
7930 9762
3620 7427
9618 9788
4811 5558
5995 8221
5430 5862
8246 9141
5581 5770
4215 4978
3265 9419
5254 7264
4586 5190
8250 8693
5487 5696
4568 8463
9491 9868
9140 9211
2198 9031
4985 9578
1680 1743
2031 2146
8815 9657
4513 6080
5136 5402
1679 3671
6957 7836
6723 9216
5652 6472
1611 8544
476 2944
4407 8348
7387 9552
6802 7715
7440 9630
7956 9299
4950 5672
3512 5634
857 1855
8936 9769
9365 9420
7534 9177
4666 4973
5149 5222
6183 6190
7165 9497
1095 8003
1078 2565
3003 6681
8227 9852
8153 9864
8341 9993
2514 4800
3331 3423
770 7028
5454 6038
1595 4931
2080 3483
5863 6019
7745 9836
2840 8643
2345 2549
2294 7754
5624 8120
4047 8618
7826 9340
2655 8091
123 4884
4364 9605
8755 9562
2882 6577
6923 8126
8146 9343
8363 8509
3819 6507
5865 5903
2274 9238
1928 8183
4589 9909
440 861
2864 4770
2050 3614
7147 7881
170 4592
3034 8758
4972 5975
8973 8990
230 9803
6329 7214
9131 9154
3087 9865
231 4889
2038 3872
7330 8382
7889 8796
5790 8503
2039 9816
7312 9015
9006 9097
90 4255
2499 9504
632
4026 754
9391 278
1562 394
3633 768
8090 2196
918 692
3408 2652
8889 7716
3851 1842
9287 8373
2539 582
9363 6909
5126 1763
3515 1819
8053 2742
5247 3168
8368 967
2901 2341
5527 996
9556 1719
8240 2501
8494 3798
8533 8316
909 80
9608 7087
3126 2812
6594 2322
8635 2258
6930 5968
5940 5584
5731 4888
1031 349
7014 5824
6934 3756
5635 2696
2389 200
6912 1340
2381 34
7176 2155
9738 9087
3001 1110
2726 772
8984 4321
9559 6879
2431 2378
5931 5244
8768 4611
1773 1246
3865 3506
2281 1560
5099 1706
1039 261
503 205
9429 3271
6139 4476
7845 7327
462 325
7424 5137
8467 1452
5806 4840
1673 708
6197 5646
6361 1553
6942 4951
169 70
1008 806
3387 765
6637 3415
2528 1389
5992 4712
957 537
2815 351
944 636
2964 2620
740 544
1769 1631
6018 3653
8332 5691
4114 1868
3963 2401
6156 1347
1906 615
839 514
5363 5335
2365 668
5293 1644
459 243
2639 2094
5761 472
3708 2650
1173 222
7121 2914
1081 1037
8767 210
6347 2749
167 24
618 183
1859 1820
783 346
3432 2354
6364 4252
8482 1406
5381 3223
2388 1643
3546 266
4216 132
7734 4022
6500 3811
9257 5075
7337 4162
8738 5973
5890 4729
6213 2596
7453 1771
4604 3414
4316 3531
1480 900
7578 4025
9795 2057
7420 121
301 37
4532 3427
8111 1106
3338 1996
3740 1493
8232 2678
875 105
8608 8149
2641 166
319 274
6762 6
4725 3291
7536 3594
2503 1910
3818 873
4457 3797
6155 4011
310 253
955 647
766 275
6584 3024
4866 1268
2402 19
7862 4324
333 326
8930 7664
6519 3932
2306 731
2035 1361
5392 2182
9441 8589
226 141
4503 1736
3027 1961
1759 1423
2409 1101
4582 3208
2830 2682
932 886
157 88
3043 1697
4145 1486
1625 85
3518 2066
5428 86
1518 951
7269 6098
3492 3371
6168 5087
9111 2086
2475 367
3714 277
8637 8298
1840 206
4469 3030
8546 3835
1839 1407
8469 3317
6009 2572
9508 891
7089 5393
6959 4579
3298 1998
471 79
739 194
8526 5951
4037 3289
7486 4129
923 4
7385 5085
2756 529
3848 3443
7409 158
1967 825
2243 619
8500 4660
9984 6053
5977 4693
6476 285
2821 2169
1461 796
9149 3695
4645 4485
856 250
5925 3760
6392 5140
7828 4573
5796 4098
2154 1248
1659 995
1885 139
8241 846
5991 4242
3947 2245
3189 1723
823 262
6944 6709
2089 213
9563 475
3488 2552
8018 1698
4384 927
2251 386
6513 4735
8648 2103
6149 1264
4548 2424
6953 6839
108 54
3362 3115
5638 3646
6456 617
1170 638
369 44
566 130
1535 2
6648 792
2042 1957
5606 5051
4975 1048
150 112
9227 7447
2835 776
9375 737
7825 6234
2018 671
68 58
4737 1520
5329 317
5050 2257
9379 3547
6845 4505
4106 2040
364 208
2891 774
2556 1629
6520 4743
6525 3147
1994 1391
3710 3192
852 729
6091 2187
199 140
3857 2966
1792 1251
5548 976
281 66
6282 5669
2171 1317
8718 799
23 10
7127 1398
6111 2751
5944 691
5988 1408
424 83
6352 5464
6215 488
3957 751
2719 334
7511 6720
6453 5557
4468 3098
6868 418
3461 2547
5199 1146
9136 2492
4872 3636
1691 302
2126 1432
6426 2454
5947 5591
887 546
1296 204
5033 3378
9570 9414
6137 5376
9513 3260
1404 884
3459 1030
3854 2356
3359 808
3645 2220
9613 7582
9282 7695
1080 1036
217 201
6030 5599
1596 1591
4731 4253
7012 820
5795 1526
5157 4709
2684 1623
1379 829
7412 6848
8497 3528
8105 1417
1622 219
5937 1920
878 45
8025 5709
2175 1
6634 515
489 99
2477 2244
716 379
6721 4810
844 793
5043 3792
8273 5792
1670 811
1830 946
8419 1757
5350 3709
3406 1970
5235 2782
7991 3110
8364 6628
155 76
469 127
4779 2957
2253 388
5374 4871
9751 6886
8578 788
6548 6489
2689 645
8268 5656
626 491
1557 1272
910 611
5129 2775
9386 8211
1133 578
899 390
9281 7694
5793 4647
614 571
5379 1130
6767 3521
1621 46
5266 2754
6664 2922
9555 1781
4801 2036
1620 483
318 94
6999 3775
1876 1747
8708 1335
6922 1410
8050 4007
4218 1172
1922 1574
8019 5835
725 532
1801 1457
6315 1498
3905 2481
2853 320
7712 6710
9654 1453
4159 4028
7139 6783
5908 3662
366 115
5145 1713
182 135
930 468
2848 624
4353 2062
3309 1825
8059 1090
4672 3781
6419 4005
5120 4370
2303 103
4371 2473
6166 3434
2690 160
6800 4332
3869 331
527 228
6919 1190
3902 1746
6869 2873
2104 1571
9410 670
3659 1086
8945 7435
4806 1054
9143 4265
1451 763
2405 836
3183 1678
6759 5540
5611 1722
1186 313
5216 2111
2453 1022
2778 2661
6047 5205
5966 2279
9620 3787
3433 2920
9326 5408
8802 1754
7055 5008
9666 6083
1281 1141
8159 1270
8288 5554
745 258
3953 1690
7949 3125
6281 6132
3153 1104
2927 1581
5781 2683
5832 4177
7006 6214
9214 3097
972 267
7623 3903
6383 897
9481 2460
3568 2847
1863 1602
3804 3730
6384 4921
6873 6072
3388 1252
9296 3480
6287 6078
3293 759
5125 3758
8398 1779
6855 6469
3382 2351
1637 681
4595 1791
2284 760
4906 3672
7013 2601
5135 1676
4980 2202
5612 4778
425 249
4175 1523
360 36
2437 12
1313 787
6263 1767
1049 608
3878 3544
8634 3099
5614 1832
2145 1726
7651 905
5420 2233
3303 2668
6026 3227
5152 1113
5543 2108
7348 6362
9796 3064
5165 4180
4089 56
818 736
4701 2933
9174 232
1812 518
2125 198
74 3
9729 7918
4328 57
6571 290
5833 1654
6757 2905
8934 2798
8893 4251
4895 4369
1905 883
6452 2554
3417 661
7905 6539
845 28
2604 378
9103 6471
6607 3002
822 778
8518 6629
8646 5328
7993 1547
6512 871
6286 5176
6787 2831
9358 4050
8530 2467
5476 683
6807 3246
952 719
5172 1115
7342 5579
5255 4540
8857 2990
6674 1450
260 240
6235 2595
8960 5976
7095 5842
8051 2993
6769 2052
5403 2321
4018 2523
2462 177
9652 4805
7042 2536
4795 2016
1603 573
2992 686
1412 581
1811 1116
3124 1353
4949 3988
2584 2021
7874 5359
2712 1315
338 263
6404 5052
7023 6054
4894 4654
5802 1094
3025 1879
1927 1336
6797 5626
6188 5336
5849 1566
6590 6388
3300 288
4860 4208
5667 3937
511 332
7298 3008
3612 2142
4136 1259
9209 5203
6828 769
9162 625
3626 893
2704 2657
6824 4559
2592 1686
5648 3791
1243 372
2184 1420
1371 426
580 308
8986 7215
2254 855
3606 358
7604 39
9910 6666
8823 4777
2226 446
4272 1274
6185 5755
113 32
196 81
1584 545
5274 2326
7626 2745
4090 2045
8147 1589
1365 781
5406 1482
5867 4474
4962 2698
1426 914
5170 1436
2958 2025
7236 350
3096 2316
1284 251
8213 214
5463 991
7758 6831
1033 403
7508 3836
6239 5467
1695 1413
8415 2973
6876 3999
3735 3523
5594 3782
2338 1062
4141 3424
1937 913
1973 512
5962 2298
6425 757
9139 6524
3067 1804
9927 7402
4954 1549
3830 2925
5720 2750
9021 7242
7194 4667
4844 2267
297 20
