122
6602 7784
435 1513
7632 8363
8955 9586
3974 7408
3993 8910
6558 9597
4389 5872
741 1901
1404 2062
4283 5932
1835 9284
1575 8966
7369 9620
9320 9593
4568 6612
6189 8288
222 6287
650 6051
2726 4661
6991 8101
6498 8793
1881 2339
9265 9522
1852 3049
9584 9799
9417 9998
9022 9562
7523 7562
7462 8294
6488 6626
1074 9336
169 8433
1161 9572
3867 7690
8795 8901
9660 9913
1672 8728
5759 6990
2746 4193
2724 3692
4857 8881
3695 9340
9005 9934
9482 9973
6819 7209
544 1691
7469 9564
8147 9808
5922 8907
6259 8837
231 2223
9683 9741
9782 9802
9975 9976
4695 5000
8669 8815
5547 5695
757 2286
8868 9501
8631 9729
191 8753
3988 8044
8682 9876
6482 9898
2228 5726
8555 9020
9521 9541
1605 7171
3831 9907
2322 2712
1848 9493
19 5457
5289 5936
8491 9714
7983 9231
7052 9046
6382 9961
6027 6952
7899 8558
7694 7913
6715 8222
2010 9423
1058 7942
524 8438
7686 8287
6166 8180
5436 8479
9846 9955
5437 8898
828 4968
2674 9102
8391 9463
1475 5410
5197 7862
1030 8020
3199 7183
9393 9575
6656 6861
9147 9312
538 9967
7476 8671
5728 8403
4244 8177
26 2856
6903 9831
4878 5358
9904 9971
3317 5155
9631 9848
4605 8586
21 4287
1596 5347
7199 9754
3707 9916
8629 9604
6554 7424
7105 7696
3489 6707
2149 5003
7337 9221
7564 9357
766
9789 1780
8688 6326
5923 2775
9241 252
2287 1700
9774 8232
1317 1029
2779 950
119 66
1252 1113
5122 1544
5234 3643
6606 2580
1915 1678
9958 8513
2802 1702
6825 3462
5430 272
3880 3334
6474 1829
9186 7813
3518 3333
4165 2794
8924 997
8643 4898
8136 991
4651 2073
3266 1554
2083 987
275 205
4880 587
5996 3401
7142 1932
93 13
7332 298
65 35
8485 3413
4387 971
2095 351
413 311
5236 2799
9507 8549
4797 440
8360 6470
8124 4458
4170 1961
4919 3445
5141 1342
5277 2275
3531 2009
6044 3448
1351 1266
4641 4020
5265 3397
815 88
462 117
83 64
333 288
669 255
929 140
9270 8410
7751 6800
4774 3942
2768 2427
6105 3153
491 452
813 324
5465 2931
4762 1726
7699 2489
8278 8195
4520 896
4149 2755
7375 6695
838 157
4721 4557
6265 3314
1799 1123
5195 1465
9009 8956
242 201
6180 4894
447 309
4158 1965
1844 645
9838 9116
3023 514
6566 5639
9028 2688
2415 235
4563 2501
8056 1635
6311 5953
2567 2346
3166 2250
4597 2778
2157 1626
5213 5001
3591 2598
451 101
2246 1641
5133 482
3066 1044
3669 268
7054 595
8634 8468
4395 2780
8608 2446
8158 1613
5873 1496
8796 633
8762 4062
6333 5021
6568 5707
6068 5061
2506 678
2647 515
2047 1390
9650 6934
996 927
1135 327
3932 1234
1434 1280
9697 4178
1159 267
3565 671
448 357
5541 487
5282 3734
9814 6867
7873 7499
4459 2018
5189 1705
9779 1784
6512 5603
8613 4454
5596 2235
2963 715
1054 712
4312 926
5901 2545
6506 2769
8993 4827
7997 3905
7715 6043
686 450
3292 375
6574 4717
6714 1841
5429 1663
3553 3126
6949 6723
7112 1446
7795 4262
7137 3364
6486 794
8510 483
4337 137
9580 7840
8571 5613
3724 2172
5762 4622
1308 100
4633 4562
4779 4155
3999 3995
8967 3552
7093 3622
1055 492
7929 7348
5947 3253
1736 1043
3559 1100
5829 1735
3040 1231
2839 1671
5946 1793
5109 3571
496 23
8169 6122
4640 1863
9395 7527
1328 1138
5427 5334
8678 2853
4509 891
6366 2920
7729 2571
2620 2336
8025 6804
5249 4025
7818 6913
6806 6008
1766 1508
5544 3899
403 299
356 203
6373 3755
583 2
1943 419
6921 1194
8241 6649
5108 3057
2999 1466
8302 6595
2055 1053
8113 5329
1415 1278
4647 1870
3069 1260
9603 2252
9637 1209
261 256
4325 3323
2886 2099
8219 854
4559 3619
3876 636
1791 619
4866 955
2533 2127
3201 112
3576 992
3425 1660
2625 2112
7451 3694
6473 2891
9455 3227
8609 3240
421 246
812 646
1741 158
5940 3547
2192 1962
2421 1243
6912 3633
7312 6511
6469 78
5443 1107
3424 3254
4659 4095
3614 1273
3730 401
6925 3702
6219 3704
7483 1721
1048 39
920 777
5934 5032
2804 2309
9863 4674
412 368
4188 228
8596 1990
925 54
7404 5223
9473 5749
5007 3520
3646 1445
8189 3376
55 4
6389 5909
4443 3052
7731 4725
5126 647
2691 1717
5164 2344
9223 2627
102 6
3433 3284
963 113
4795 2353
3193 1355
4167 943
7594 3290
4909 2056
7154 1129
2601 1066
9651 764
7056 4925
1276 122
2556 1486
8411 5845
9817 6211
9855 1311
558 363
9946 733
8310 3726
2735 1984
5856 90
2069 1151
6517 3807
3033 1193
2914 1704
7996 192
2231 800
9757 4303
9602 3315
7459 369
2622 1310
8126 1919
9581 4331
5491 3247
9667 3453
1759 210
1719 1184
9319 9002
2675 2652
8342 304
1611 120
6417 6099
1588 1157
6213 5894
2982 1164
3909 3467
6628 4001
7031 179
7986 2548
1052 434
6860 4404
6286 5560
2159 453
9481 4747
5480 4292
1867 1345
2496 406
1959 1356
9012 1964
2767 1953
7682 5789
6684 4488
7762 5714
103 25
545 108
2719 1744
614 431
2557 461
3380 3278
2663 1039
8317 7132
2220 1869
36 30
2749 2479
3190 1379
5482 2253
1534 1502
1589 731
2716 539
3573 410
8581 1767
7543 2299
3829 2671
4373 751
6005 551
9845 622
7116 3675
3682 1341
6386 1654
6361 2319
3838 3603
9957 3527
4771 4502
8384 5211
7323 5281
2249 28
7540 4350
3823 2191
7083 679
8839 1734
8333 98
5992 1912
5364 4069
5736 1600
1607 1262
6772 4263
29 1
2858 2761
8895 3742
1189 562
3992 3718
223 31
3291 802
2960 689
1367 1216
1978 1460
4102 150
851 478
459 202
6993 1172
1122 445
1061 787
3977 3798
7876 5403
5551 2564
1832 772
4738 4679
2553 1882
3213 2183
4852 3264
7445 3505
7847 769
5416 4836
8686 3135
2436 575
5217 4596
9698 528
2752 1150
2008 46
1298 326
5694 3065
534 463
2333 1627
7178 1535
6224 6158
198 168
7744 6177
1963 1706
1080 1067
7920 376
2290 1282
7739 5376
6502 6261
1182 1049
5381 4280
7922 1701
480 335
104 95
6662 2460
9271 1088
1885 1005
9086 1320
8103 1861
6909 286
6251 677
2168 738
5949 336
3429 743
184 87
4745 753
9856 9174
2654 2379
1614 723
5311 3332
2303 1327
9649 6677
7914 4862
5188 2085
8696 1011
7293 6290
3477 2052
6901 1237
7103 5038
8213 1239
806 282
9502 1866
5013 3830
4082 2831
8482 621
3865 3452
7288 3352
5867 4859
7176 3345
2050 14
3224 3100
5907 5405
5538 4672
8583 7947
3466 2517
9871 3359
2808 2175
6479 5760
5594 1894
8474 4031
3310 423
9283 3971
1374 1120
701 77
1323 263
8933 4466
9275 3954
762 220
3645 38
2447 485
5712 42
975 355
9154 500
7717 1577
6741 1893
4171 3141
2604 1269
8633 4276
1941 352
5510 4535
8904 7779
2374 1200
5545 2568
8031 2797
71 8
4144 280
4511 818
1470 508
6933 3749
8323 1427
1547 283
3744 656
143 40
5517 782
2584 1476
7531 4940
1454 194
9302 181
96 50
2256 379
4830 1892
1666 1312
1134 409
6430 5566
197 58
4450 4146
7518 5826
1808 952
5696 648
887 768
2728 543
2762 2261
9379 3613
3399 2271
822 778
9335 5653
2776 676
1930 75
2283 1477
7365 4939
6680 1674
6610 770
2118 1020
2638 2021
8925 6995
591 346
1082 314
4413 3018
7070 3447
1195 736
5656 3243
173 135
9702 2917
8098 4361
7817 7516
913 390
883 325
5412 4885
2650 1642
6074 1207
3387 817
4506 3740
8046 7597
8732 5611
2871 795
9709 6876
6803 2437
3732 2289
1289 505
9663 6873
4999 481
2458 1004
9238 2327
5335 5273
9443 9437
827 5
523 212
6992 5582
6828 2006
6349 6269
7724 4487
5765 3550
8543 1810
5886 2977
9745 2806
5016 3898
6414 44
4828 2467
9935 3084
3357 2466
3358 2864
165 17
9568 5839
6533 5675
7969 5667
7437 2325
1877 138
1436 292
4098 1154
2754 1495
6323 3216
6428 3770
6559 5004
6093 5446
5035 3979
4332 1890
2004 667
4324 4157
4728 3340
2770 1396
7646 7019
8829 4456
3211 2504
8209 5836
3079 910
1314 76
446 164
6141 559
919 808
1957 983
1274 1045
6877 2740
6455 5450
1222 132
1281 799
4517 281
3868 2899
6303 3208
9123 6675
8372 4279
6641 5549
2487 859
9914 8367
2370 2087
4017 1303
1108 1041
9126 6668
2438 2126
3664 3006
5315 1095
1712 443
1149 589
1498 187
7412 6157
8507 3506
5729 350
7712 6228
823 571
5990 3895
427 365
9666 6550
34 11
750 696
8343 832
3621 2513
2550 344
7863 2665
8426 7255
5997 3555
7366 398
6582 3155
2971 2368
4558 2028
8265 2298
4835 4067
9854 9796
5977 2534
3089 831
2893 1501
5801 3986
37 12
1850 1160
3937 2084
6113 1694
1224 488
6049 2608
2390 374
1210 1106
1667 1191
9894 3805
4869 2210
9210 1842
5917 2457
1559 1024
2411 1456
4691 1684
5395 2696
8853 10
4891 2902
9559 8065
714 632
5774 3566
8615 3128
399 175
4030 804
4531 4295
8396 7604
7314 5722
2270 994
5472 1564
3020 2793
8679 204
2205 1988
6693 5850
5077 4347
8054 572
2478 1047
1648 1567
6835 5205
449 425
8717 6192
4249 1118
3335 1563
8386 3690
4131 2452
4181 1949
8911 5614
3890 573
3138 262
6919 5803
3918 803
1797 1757
354 180
8095 608
5591 3061
1699 821
7177 2514
2317 2131
4958 862
7559 7552
6367 2262
863 793
2155 504
5078 1711
341 161
3455 1442
8505 3753
6536 1400
3165 1592
9748 858
1725 869
1229 552
4687 907
4853 1551
6924 69
7981 3569
7867 2932
2790 1918
945 174
6179 5589
4081 3501
4056 1165
9829 8539
672 296
6164 5595
5002 3782
8078 2933
9820 2044
8523 7486
2163 16
7801 3635
8929 4872
2244 2020
820 531
6132 5252
4215 1916
9001 5658
6327 755
3203 2463
3957 1582
7114 2594
7015 2687
1623 211
