144
961 9657
1436 9245
4065 9828
3586 3769
5661 9873
3530 8439
7225 7958
1606 6773
5569 6459
7102 9043
708 5934
5174 8518
8104 8376
3956 6767
5144 5983
1784 8042
729 7204
7678 8992
6071 7521
4180 5663
9580 9854
3681 4104
7700 8671
4553 5720
9297 9739
1066 5332
7540 7833
3299 7785
3233 8291
1079 4784
4877 5829
8239 8880
8298 9315
5745 8033
3205 3326
5993 8015
4497 5804
3340 6096
4814 8505
7952 9085
9423 9971
8163 9398
2158 2537
3426 9586
7709 9213
6032 8419
1789 4054
2764 4030
474 6418
1209 8581
4930 5251
4892 5868
5483 9044
3322 4868
4774 6731
1849 3685
6028 7241
8619 8768
2773 9318
977 2901
4011 6520
2231 6733
8044 9891
3925 6137
4738 8289
7044 8062
9579 9618
6331 8506
126 4723
3248 5843
14 2513
880 1089
3745 5537
9249 9336
6708 6891
5678 7699
8482 9623
8642 9957
1116 6538
2211 3276
1733 4859
3511 8083
9403 9408
9168 9641
9327 9644
7454 9465
6937 9057
9203 9296
1980 7084
311 5735
2584 4678
6355 7003
376 4666
1832 6101
8706 8884
7120 7421
3401 9810
6686 8988
2995 6427
2480 8206
4599 7846
2702 3103
7835 9025
5964 6681
6244 7009
7606 8385
5328 8300
379 2848
7334 8007
5227 7201
8560 9452
6508 8953
7577 8498
7712 8122
2238 7336
7273 9590
6847 9702
1706 8031
452 8862
4826 4966
3389 9660
6805 9351
44 9321
895 5679
9282 9701
3658 4791
3365 6153
7142 8254
8408 9116
2634 5929
1258 4655
9246 9674
3127 8574
4761 9886
6888 8721
303 2378
3981 5165
8569 9704
374 1629
8814 9988
4414 6059
2027 5873
3560 8344
3946 5506
825
2209 1811
1340 239
9724 4417
8052 6919
8751 920
8602 3854
5442 3899
6967 4593
3087 2645
7369 5386
6532 83
6930 3982
274 121
5198 3361
346 213
8957 7275
4257 1145
8427 1426
9477 8818
7627 1071
3523 3203
6515 91
5282 1419
8813 1617
3461 889
3628 945
9839 1728
8463 4143
3813 3472
7038 6435
2338 1708
5388 905
4637 4406
5178 3212
3226 445
4918 4121
5253 4090
6850 2194
8723 3577
5559 663
9955 1608
9974 3927
4141 2035
8594 1757
579 559
7701 5999
9370 6752
9928 51
3597 3002
1303 69
6209 4947
2980 2350
683 310
647 250
8821 7825
687 508
5653 1587
5650 778
9447 192
2840 1816
5785 4307
1333 255
3177 1974
1642 1495
8935 7715
2751 1189
600 48
6953 3596
2340 1407
5012 958
3836 1942
9219 6131
9471 950
2760 2578
493 97
4262 609
4498 3380
1049 518
9509 6241
5750 3478
2932 1321
8562 5985
2663 163
7798 948
7505 1284
1821 9
5464 2969
5216 3444
269 141
564 284
6624 6141
6854 4511
7318 5589
8271 1574
1602 1479
8981 5836
6061 5136
2861 1731
6004 5434
2532 1228
2405 815
8797 486
9422 3255
7735 7585
1620 262
3353 1899
5771 41
4844 2933
3148 821
5134 2942
9860 1001
5280 1017
6367 1081
3561 1794
5547 5338
8098 6421
1125 115
5379 1037
4336 242
1540 1043
8656 2109
7896 7775
7343 2081
8746 2567
2155 1169
7467 5885
8785 2539
5488 1401
9015 2389
60 32
4563 4231
1586 266
4952 605
9435 2918
6307 3672
7130 1653
9646 5244
2384 167
6586 1445
5307 353
5071 2667
152 125
6269 673
2570 309
3606 2542
9842 8622
7839 7702
3617 1454
6452 6397
9180 2940
6936 5206
8148 7101
1357 912
1972 1591
400 358
2176 1327
3576 1936
8127 302
2774 1864
3883 3407
5269 1584
5311 1867
7078 6755
2000 580
7060 3680
8465 2736
2315 1215
9921 2604
8110 37
8063 5023
901 275
3419 3252
887 414
3459 979
7782 7232
3342 2821
1304 67
7636 6893
3571 2110
431 369
9069 8438
731 610
8872 8576
620 589
5448 5245
2367 1530
6031 2708
3116 2679
1057 234
5492 3345
4646 1146
571 216
2509 1564
325 75
8067 7440
3807 2871
9612 2740
9595 8600
2889 2439
7266 4443
4507 4486
2413 1966
5508 5446
3759 2160
1687 1108
4242 2756
7339 606
3496 3026
1741 1484
9705 4821
7961 6942
5302 4296
2946 1635
9285 2875
9295 7538
2341 1559
5931 5463
9395 9080
8251 3341
5231 628
385 2
8423 5773
4017 869
8991 188
881 175
6889 971
3079 1894
5994 1021
4097 3281
3285 554
9601 8137
3225 2635
5696 5296
3383 1375
8631 89
8021 4122
5770 4046
5822 4120
5304 4758
7166 5912
9610 7136
1964 882
6109 4853
4346 960
4337 403
5440 2569
70 52
305 165
7061 3508
5586 2665
5888 5623
366 102
4440 1135
5977 4213
9217 5918
2496 689
774 413
7317 3930
8232 7878
1382 224
3049 1119
9555 1858
2186 522
2391 256
981 119
737 725
3729 1656
2621 147
2325 1114
8603 7483
7979 49
363 220
2257 1754
9718 5667
4629 7
4267 218
8124 2077
6699 4438
8836 7852
9512 1651
2167 1084
4668 3364
7821 3518
8763 6971
434 39
4839 3605
2002 200
6688 5490
6347 2145
1364 1039
501 317
9561 3015
6404 3838
8120 6150
2429 1439
495 406
1482 963
1065 177
7686 2256
7860 957
4970 3841
9286 4670
8575 3363
6258 1369
6651 5577
2011 1556
5627 2949
5343 4218
1515 134
5905 1353
5654 4354
651 623
8999 8571
156 153
4 3
741 356
8417 8085
2085 424
696 365
6714 506
4561 2149
1408 101
4048 780
9462 1523
8478 6469
248 170
6985 4769
9816 8322
7857 900
8193 7515
9737 3832
8891 7399
4386 1931
8068 2270
9903 5032
4864 3251
9110 4955
7255 2596
6685 5427
3485 1393
2640 591
5140 1256
3974 1266
7291 7286
3906 2813
5070 2087
6465 2484
5600 4089
3990 3585
7826 6140
7167 5584
3408 190
1746 451
8649 5847
7763 4155
8135 1328
6614 1314
7789 6716
4371 2624
7290 2169
2762 1475
502 362
2318 1507
2008 1231
9790 3150
9349 1271
9267 6282
964 702
1141 407
3312 3303
8436 562
3465 540
3905 2594
5529 3947
5045 1068
7370 6939
8170 3168
6119 3048
4725 3160
8675 1331
8005 4920
9745 1023
7034 4129
1712 1288
8504 8274
1339 1230
2519 1491
9377 3416
4158 3700
464 154
7533 133
982 232
6758 4315
2326 850
8100 2523
419 394
449 448
9735 7016
4676 656
7562 5345
8180 24
2274 755
2352 561
8786 8556
8729 2321
5493 4956
6904 5975
5412 4103
7026 3711
1868 693
2198 1053
9062 4353
2021 1036
1400 1317
6863 3169
7977 6247
9902 7753
4915 4110
4400 2370
8986 2930
6726 3986
2558 830
418 397
1600 268
8159 6763
9448 1477
541 439
1541 987
9569 1269
8735 5928
6202 478
7827 4445
1907 290
711 527
2675 499
4284 3695
6329 4570
9466 632
2136 1923
235 36
1131 546
8668 604
9655 801
9785 2375
1823 1771
5053 2243
3837 1569
555 127
7998 279
56 47
4211 4157
4335 868
1015 927
601 410
3738 144
2023 1150
1644 947
5632 5315
3066 1870
9676 6803
4682 835
7811 5757
9125 7841
827 770
3926 1297
5971 398
6250 2739
4051 3715
5539 3418
429 114
8905 2407
1612 921
9853 422
3984 1822
9301 3294
8700 6114
9695 5621
9152 8733
1078 1051
8045 5527
7985 7027
4359 1100
5118 2657
6669 4936
4476 3839
1359 343
7001 1580
9925 7111
4854 4133
593 226
2187 804
6666 4584
9441 3199
1014 795
1399 1312
877 209
7028 5557
3258 1717
5456 4777
4660 706
4995 3280
8543 2734
7484 2857
6631 1844
7565 4087
2627 1828
4347 3939
7231 2489
5419 4850
9344 6749
9960 4604
9997 8698
5676 3159
4984 3821
2277 924
4959 2289
4842 3395
387 139
9905 2835
2314 1681
7116 813
1856 1112
2795 82
1109 581
4485 1989
5451 3403
7022 6745
4471 3612
6929 2357
7260 5604
7890 5823
6894 4680
716 473
3074 1548
9335 1097
9820 5939
7649 3182
7800 2247
9221 8767
1219 572
1438 497
6513 435
6468 5435
3770 3016
1885 458
6647 6320
8028 1320
7254 2533
8467 2710
2620 1994
9720 3932
4205 3835
6866 619
6710 1893
2423 1330
2698 1002
585 425
3751 2016
715 100
607 260
5690 4932
5642 1723
2849 1518
1144 1010
2227 886
5069 944
1930 1013
7086 4324
3296 3009
2471 203
6810 1104
6984 5622
1148 72
166 20
2947 983
4972 929
5869 3014
8349 7679
9133 3705
372 348
9123 7134
4661 2115
9716 9283
3609 2711
7246 6204
7761 28
4441 4056
6195 758
2704 1190
3524 151
1093 896
8908 6103
1590 919
8667 3180
3849 681
7104 3636
1406 393
7407 1091
339 307
5365 2607
2092 1943
6190 6007
8428 4674
6 5
2436 764
6298 5254
926 817
7614 1171
3440 2820
6694 1118
1300 676
7517 6034
9936 8875
7056 4525
6227 4153
5376 3487
1070 417
5354 2200
722 148
7374 2954
8244 2324
7981 7885
6574 1677
1585 996
491 124
3875 2026
9671 6453
8745 3934
4980 4800
7174 975
8273 7905
2929 1376
712 388
6560 1555
3817 1276
6589 6225
4425 4409
1583 1463
9833 1346
3972 351
8936 6601
9723 1235
2245 241
2265 1451
3023 3006
6052 588
3482 1611
3041 2434
7773 6672
5511 3254
9343 8716
798 747
8681 4483
1743 1686
6729 1384
9413 10
9611 5056
5962 4816
5173 2132
8126 925
5346 2117
5651 5330
7373 635
1409 352
626 602
9733 685
5974 4626
5687 1242
4387 1238
4027 2163
9011 3830
2055 1283
5625 2897
9131 6584
1254 906
6887 6798
2107 603
9317 4058
614 297
4446 524
3684 2979
4706 2697
7071 6818
5947 4118
7503 2269
8425 5517
2418 246
6292 1252
9872 5685
471 206
8874 4060
2650 2310
8075 6828
3731 1386
5465 1412
8051 2579
2600 1344
7388 341
2088 308
7552 5126
3467 1957
5980 5899
4694 4544
4583 35
7466 763
8266 3861
2551 2298
4125 2307
2049 832
1476 966
6952 4154
8808 811
4204 3283
2284 313
6573 5396
2854 1342
4040 1379
6159 2303
6174 1755
8585 6330
2473 1006
8773 401
6505 682
6582 4530
9708 8705
1200 66
9909 9197
6859 3780
8485 2882
3399 2860
9000 3302
9363 40
2331 1180
7734 2899
8590 4594
9766 9563
6924 4700
5046 4342
9685 1892
1732 1336
1103 484
922 485
9656 6693
2881 2297
7616 7331
4818 1766
489 230
3687 2500
1478 661
2642 1962
3028 373
1978 178
426 162
4901 4622
9659 3691
3608 928
1349 575
4360 1709
8761 4551
6000 3043
1945 334
6746 4178
3338 1175
7303 6869
371 15
5555 3765
1592 490
7033 3196
9765 6960
3924 1831
8299 6728
5730 2919
6554 1692
1244 483
5103 3520
640 586
7312 6477
2263 1662
9679 367
8029 5546
6993 4961
7109 3994
8216 4192
980 503
8806 7593
9033 7569
138 77
9963 9291
8204 548
917 12
6660 818
9183 1322
7962 1863
1318 314
2478 2329
2790 1203
8984 8003
9827 8389
5406 760
7893 1638
323 62
9265 5526
7047 2883
939 800
9535 5768
6239 4781
1485 650
5333 544
1837 481
8249 3286
6286 3610
7824 1
7548 6715
1402 57
5300 3547
9449 25
4162 4052
7829 4557
4699 1624
5916 2210
5400 1009
9577 3131
7224 3667
6830 2574
4394 1805
