621
6088 7087
5157 8129
7342 9330
5512 6119
8678 9111
6854 8616
4137 5204
931 5697
5224 7940
1918 5463
2991 5065
9705 9984
2956 8976
200 5909
7096 7829
1935 2515
1343 3008
8766 9991
3223 5066
1713 2943
1945 3538
5172 7142
1179 2986
7104 7330
2055 9634
2246 7225
9239 9452
2531 3674
4735 9751
5076 5610
4072 6521
337 7297
8575 9838
3794 9979
7374 9517
6848 7694
2836 7216
5205 9783
9199 9555
803 6743
4405 9383
8007 9241
6358 7879
4384 8144
6921 8533
9142 9829
4892 7809
6204 7753
8836 9618
6477 6883
3281 5148
5466 6876
7588 9419
4909 7189
3333 7744
4912 6531
6341 9284
4699 5596
8205 8588
4979 7418
2855 9295
575 6368
9279 9474
6309 7123
5551 6391
7398 7668
1600 7376
230 6270
1898 6331
3758 4492
473 5773
9146 9621
4101 8209
6325 7365
1590 8180
7389 8704
9626 9768
5306 7575
712 9498
5123 7617
543 974
3227 7913
275 9990
2195 3352
6803 8250
4360 9324
8729 9465
2379 5281
247 5772
5530 8666
1039 4962
846 7407
6042 9805
1121 4090
5643 6584
4549 7416
5012 9091
3837 9601
452 6164
6639 9754
3810 4942
8269 9913
5316 5332
4430 9884
6450 7301
891 2341
2436 9002
9815 9886
6138 6858
7661 8196
1335 4707
6102 6181
7779 8980
7541 8307
1961 9405
7911 8811
4627 8212
2500 8033
9340 9995
3605 8795
938 3947
6816 7232
1723 8497
6544 8026
924 8276
814 6916
5060 6926
8131 9980
7361 8083
2334 8724
7274 8476
2350 5670
8634 9412
1597 4169
855 9999
282 1387
3130 7742
4963 5705
3689 6749
1896 2102
5510 9688
971 8177
4189 6996
5380 8981
3946 7994
2536 9255
1685 6595
219 1196
1668 7502
6280 9143
6377 6824
2659 3805
1372 2041
101 2824
5068 6081
6345 9981
7797 7851
4337 6529
3169 4179
2085 6898
9874 9916
8710 8713
2007 3833
3263 4633
3817 5340
835 5801
8299 8959
1187 3722
6174 7534
9226 9791
8123 9296
832 5436
8890 9828
7831 9140
7569 8573
1670 2422
1095 6490
9315 9777
6670 9726
8635 9309
1790 8436
616 1300
3312 7553
8511 9009
9046 9790
9842 9924
6933 6967
9544 9927
8247 9175
7874 8884
5634 9978
49 6448
8860 8940
943 3461
1018 7152
1662 4806
3650 6084
1899 5742
8011 9038
8550 8908
4525 7810
6821 7542
3799 8200
1893 8833
6285 9596
6034 9017
7703 9512
8071 8719
6056 7064
8435 9840
8207 8442
1197 2321
998 3282
2944 8095
6934 9784
1337 4042
5499 7988
9681 9839
5008 9018
660 4205
6469 8480
3996 8694
7765 9086
9535 9889
2658 4606
737 7155
6083 8172
4539 6972
5949 9277
8603 9348
7689 8452
3714 6114
6053 7075
393 4105
6396 8392
5169 6886
9198 9518
3267 4085
9610 9695
2006 6563
3320 3739
4246 8054
7488 8290
7060 8022
1155 5788
3759 9693
2182 5549
4794 6184
6356 8689
5624 6635
8691 9237
6940 7188
3171 8543
6414 7482
7099 8684
1177 4556
6169 7138
1508 8758
4801 9761
7637 9818
571 6054
7628 8523
1725 6691
6730 9117
286 3653
300 8806
2429 6143
8117 9165
7931 9033
248 8803
9304 9781
1636 6659
5925 6438
9488 9914
2969 4986
6394 7768
9580 9822
2448 4718
1648 3623
4517 8571
4763 8214
2608 5543
1833 9437
9937 9939
4052 5782
4640 9072
7260 9207
4214 5193
1188 7003
2901 8557
6831 9428
7876 9538
4531 7186
6827 6993
9643 9848
7937 8468
6601 8415
1789 1834
9622 9740
296 9135
2896 6052
4880 7237
8223 9095
8102 8840
2718 5482
7781 8394
9509 9616
6978 7510
8360 9422
6539 9215
9461 9551
7842 9447
7775 9570
2283 6698
1679 5196
2838 8490
460 1139
1900 9720
4768 8275
991 6683
9760 9771
3064 6277
6798 9205
6239 8498
567 1613
3608 5386
8548 9612
4834 8881
9179 9866
7763 7942
948 1235
5784 7729
9382 9745
1616 5412
8458 8768
3472 7830
4027 6672
1253 5035
7254 9069
8948 8998
9087 9615
5779 5894
7698 8654
1146 7685
7790 7916
2227 8459
8494 8613
3396 8493
3602 6778
8843 9496
7447 9823
1324 2703
8298 8874
1793 6748
6714 7647
5302 8068
4612 4721
9301 9800
8267 8376
4092 4546
5214 7409
3220 7167
2946 7997
8685 9849
7570 9122
3780 4256
158 5972
3038 4510
3986 5182
1409 2611
8753 9138
5723 6354
6452 9077
85 6818
4769 6636
7571 8189
5617 9469
5197 8220
1506 6282
5451 7000
6716 7947
3349 7579
1787 8094
8521 9064
3829 7480
8822 9233
7696 9168
8563 8696
7550 8323
8947 9933
8927 9945
9738 9998
238 8044
6849 8206
8789 9120
2229 3549
9149 9276
7957 9475
1948 9856
7614 8306
2999 7072
1881 8316
3542 4347
8065 8804
9336 9824
9675 9932
3330 6661
340 5898
6640 7179
3712 7728
3485 5438
7031 7552
3690 7433
9964 9973
3757 8741
8408 9716
2454 3276
6342 8125
3502 4658
9489 9728
723 6861
3904 9234
252 3447
3723 4770
2862 8338
5007 8765
9201 9801
1276 4472
5342 9184
3183 8328
1975 8637
1391 6244
5233 9575
7283 9242
5070 9579
4199 9711
6353 8231
2801 3444
676 7334
407 7664
2549 7792
2877 4968
7559 9100
4489 6643
5979 9752
3916 5177
6720 8396
8662 8706
6764 7725
7547 7662
8530 9012
5810 8825
2386 5588
3316 3393
8564 9129
8845 9732
642 4939
7865 9689
4668 8867
9938 9949
327 1693
3966 5605
6710 6907
3182 4309
6189 9449
7082 7536
8377 9943
3660 6109
6988 8872
7508 8754
2486 5950
1050 3140
1436 4386
928 6856
5147 6055
7845 7936
82 4001
8515 9514
3554 9394
9258 9892
8381 9957
4408 7909
7041 8854
3104 8081
4920 7391
2375 8037
4860 8456
6130 8463
5929 9211
9388 9974
2132 3150
3271 4572
7209 8620
5445 8712
1137 3162
7719 9899
6771 8939
5363 9157
8057 9661
3460 6499
4766 7134
1011 1709
520 8358
8534 9987
8763 8989
7701 9471
5900 8692
3912 4282
2459 5751
2332 8005
4773 7700
4196 5989
8941 9871
1587 4013
1800 5375
1543 1599
895 1491
8994 9731
2719 6479
3751 7927
157 6924
74 9607
1252 7683
5620 7298
5473 9858
4827 5490
3141 8103
9792 9881
5981 9065
7037 9879
4056 4937
7276 7584
2418 8905
5323 8628
246 5529
8127 8566
4220 9200
5656 7366
9249 9421
2127 4223
5544 7438
8751 9692
2078 9066
7749 9047
8849 8943
4346 6039
8331 8388
4786 7327
542 9110
7473 7840
5 5146
775 4885
4060 8228
4919 8968
6347 7954
1566 8368
4368 4726
1227 2047
4852 8076
9055 9303
848 6361
3119 4287
9257 9946
5125 6127
5179 7856
2278 4048
3695 7714
852 9598
3734 8899
7455 7848
5660 8173
97 8546
1447 3506
9632 9776
1123 7815
7017 7818
1976 7033
5234 6785
2145 8608
5955 8506
7397 8198
3654 5374
2765 6153
1370 8930
7757 8500
6546 8787
869 4259
5692 9011
5798 8272
6252 6872
3628 7117
3451 8558
9136 9380
8810 9112
4935 6302
2890 7469
3191 7802
1425 9499
9656 9903
421 8086
7053 7622
4339 5830
3016 3464
2694 3982
7968 8652
2630 6424
8454 9139
6952 7718
9953 9993
6453 6791
9470 9774
6005 6585
5267 8932
2693 3326
6950 7377
5771 8297
411 9816
677 6011
8186 9119
7174 8539
5337 8171
863
7463 4377
5318 2462
6841 5003
1860 231
5266 4886
4028 806
2796 280
1341 628
7230 3243
9442 2163
8641 761
4345 1981
2522 841
9704 2746
9133 801
6815 5942
2857 2715
745 110
5413 2183
7306 2832
4888 476
907 757
5096 1673
9817 392
4005 174
8607 7340
6470 5040
2005 718
2748 196
1063 403
9652 6992
1085 112
9922 6751
5953 2813
8410 3967
4330 1340
1301 634
4241 1761
3743 1278
6065 35
2174 1639
8796 2747
4822 3773
1323 102
2571 2130
3036 2445
8955 5252
8960 5464
9210 8875
2122 2112
2650 1089
9748 7368
9642 2011
13 1
4140 3766
9167 3488
4343 3422
73 21
2712 1512
391 71
9834 7245
7052 2496
4311 3846
5011 3188
3351 1866
6958 3154
4463 3705
6515 5159
7852 459
3235 999
1325 1062
7464 1691
7754 5787
3170 2904
5653 2696
2362 2216
2702 2176
2096 1250
7782 131
2259 19
6770 4089
8428 4473
5970 3534
2394 2046
4321 2159
4812 1548
6131 1890
8477 8204
8590 2186
4219 1972
4073 2572
8545 8443
929 681
5045 3784
2945 709
8739 6474
8409 4490
7141 6866
3647 3210
8426 2365
488 440
7523 4738
8281 6772
2792 375
3273 2971
7258 3804
7146 3579
1257 90
8728 7086
3711 2661
1944 1220
6272 5034
8009 6096
546 170
1876 1707
6170 2263
8990 5937
5984 1712
872 55
4744 505
8313 3131
4018 1249
6653 4716
4494 3920
4984 2684
294 293
7121 744
7822 6793
654 462
5686 3442
6343 3383
6665 2291
486 226
8149 6837
6493 4008
3297 3024
1001 565
9351 8984
6449 726
7708 913
191 133
7219 2638
3189 2585
2109 2003
8538 5855
4555 2642
7632 2266
4626 216
8107 1494
8903 1536
5675 1414
6372 5532
1736 1313
7036 4261
5121 3785
1475 787
4581 2731
764 47
9268 559
527 498
5207 1296
6389 5289
3449 1010
3305 809
3578 1560
7392 3168
57 38
7294 5719
25 12
5113 3070
3890 927
5602 2870
3159 2471
5948 5891
1166 1056
7491 3625
6811 130
4481 2320
5638 619
5016 563
648 171
3937 2961
2820 31
4455 800
682 388
8333 9
6232 2561
4175 3895
7791 6599
7236 5965
8188 7586
3977 1069
7454 6176
7233 1811
3928 2916
4086 3241
6475 1828
4524 3157
9170 5651
6939 6306
3417 1676
3843 1778
5237 4201
9702 7227
8510 2234
7824 6695
4381 3513
4076 4070
1384 1279
2888 519
7669 7279
5048 2605
7442 997
4607 926
6976 3385
2996 66
6614 4069
500 408
5517 4299
508 260
4906 4682
4039 1717
1905 873
9161 4994
2970 44
3329 1551
7738 5535
7697 111
5783 5345
2019 1363
4745 4037
2156 436
347 94
3184 1119
6534 40
240 142
2511 499
7858 1776
7396 3431
9921 4988
2369 2169
7242 1836
8430 3138
836 736
5861 2090
5313 4000
5143 3638
3178 1053
1962 604
5254 2786
2441 493
7533 5998
7431 1444
1479 1064
947 229
7210 5731
11 8
7751 3015
6195 5729
9182 5682
1037 878
4379 3571
9718 8042
6263 1682
329 149
2653 2568
686 122
5431 566
190 183
2381 626
3202 1193
601 322
7908 3505
4195 2950
6063 3240
9418 233
9273 1879
9780 8398
1080 146
2250 1640
1771 509
176 15
8855 5745
5572 1083
854 113
5644 3203
2902 1565
5303 3726
178 123
2553 1211
1863 556
8264 1168
5069 3114
4017 1759
9036 8868
4538 995
9798 2973
7811 7009
2420 988
3409 377
6192 4940
7976 3094
3037 2446
3194 667
6027 4784
2865 495
3105 617
9742 8560
691 655
9048 7303
136 18
1521 1287
8119 5954
3151 389
396 88
599 404
8770 206
2922 2497
622 261
1427 458
4402 1940
4719 4026
2353 1232
5383 2479
2475 1572
8514 3737
5030 2453
1872 1378
3173 2230
1338 63
2036 310
4423 2120
8997 5018
3936 3255
7489 4170
351 199
772 214
7629 1653
8158 6145
4887 4228
5888 4297
6870 3598
1983 1304
7378 4974
2181 1135
9399 7924
5210 5015
5093 1969
7826 5599
4186 791
6 2
9965 2749
7604 7422
320 244
2601 218
7807 6645
6726 4011
6297 1827
1081 883
4172 117
7531 3985
2927 2501
1486 1017
528 397
8043 4095
7070 496
6022 3815
5640 2596
3576 1118
8481 4551
4244 2325
7773 4605
7710 1734
2826 2788
4432 3026
3532 126
6251 2173
8629 2355
6428 3136
1429 159
513 164
4874 2226
904 536
2980 2635
8363 2912
996 355
4310 1109
5901 4754
2557 1525
6782 6492
6581 4415
4417 254
7373 3061
2673 1534
8018 649
8455 5897
2439 1985
1760 250
576 225
7001 3630
2460 360
4016 1513
1158 358
9565 861
3868 876
9400 5872
447 270
9076 6787
9876 1353
6633 4041
1299 50
9172 6835
957 946
8627 3355
6209 4954
5140 910
741 292
5542 1608
9669 2295
9013 3656
1262 770
4499 4313
4936 4177
2099 1046
8317 2128
2878 92
3610 2252
6838 6095
2550 2382
7280 202
1075 1034
4907 4656
5209 3009
4916 4826
3028 2220
3344 1994
5666 2114
7269 4995
8169 6658
2844 1541
3078 2193
5397 1591
444 64
5527 1979
1047 245
6736 2697
325 273
4433 3079
1946 257
2769 2063
865 357
6554 2069
9827 7715
6578 1757
2340 1308
6496 4654
2357 105
2565 2253
43 32
2002 1604
1471 564
2062 1986
6953 4817
8605 4316
711 150
7566 1674
9155 4082
1877 1844
372 67
5856 1485
4239 1861
52 34
1405 530
1686 1385
3860 3702
2493 221
2675 274
7652 3645
2378 963
6995 625
9948 7949
2800 1472
2551 494
8472 3080
3790 2685
2323 1897
2905 2091
3229 1298
5014 2275
3302 2994
3814 1532
4204 4057
706 484
5401 2004
4883 2548
9960 9228
4156 53
7603 2727
8364 3264
8528 4958
2936 2022
4436 2588
8700 7161
8001 529
2318 577
2444 2380
2131 1629
9814 5160
6806 2241
7479 3470
6412 5443
1641 1456
4396 1108
5344 4370
6292 4248
1794 780
9543 3531
8274 5442
9530 1457
4910 1883
1533 1199
6466 1698
6000 1571
5335 5315
7888 7159
8229 1635
9625 2834
6632 5228
1719 251
78 30
8021 1752
1530 1311
5672 4600
3288 1101
2110 1003
2016 776
4468 4312
8382 4964
8718 4180
3921 1148
7424 4715
5584 1145
6094 2029
968 652
2758 443
3585 1489
6600 3665
5310 4691
8402 640
5541 3769
2683 1816
6177 2160
8108 5141
6568 243
8367 7891
8161 7124
2212 127
9451 1504
7050 4660
959 416
3687 2188
6067 3369
3907 2480
3006 1997
4846 1774
5831 1724
3443 1020
4708 3529
8165 3117
8347 7680
1362 7
1312 742
1281 1068
6893 76
5700 3337
7766 7735
453 108
394 77
9288 2028
7554 7528
1550 950
6506 6294
5276 935
7557 285
6092 552
5825 685
5398 497
7641 7102
548 338
5809 3905
2940 2699
3121 1654
5305 733
8000 3655
3592 3196
3190 1480
9919 9483
8983 2918
5999 5639
6208 5230
9128 4982
933 93
4596 1954
8659 1732
9204 2639
1461 773
2837 782
6981 4062
1265 400
2144 762
953 166
8792 326
4014 1070
9904 5041
7426 1703
3701 2778
3566 2614
8340 6619
8746 3555
9290 2859
307 68
7800 5885
9429 1960
5061 2966
5537 3001
3155 477
1995 224
8420 129
9586 4340
6267 1153
9413 1916
5854 3040
3341 2331
4952 3098
6172 4655
7458 4501
5496 187
7313 5074
2854 978
4224 181
986 72
5044 3106
7977 7011
1160 668
1628 369
2509 1206
2483 2268
2267 1292
4317 671
2191 1823
8096 1871
5402 4111
4704 4591
8722 6338
9897 8579
5427 2339
9409 7311
9749 3000
4823 124
4456 1502
9668 5575
3083 2254
3328 474
7549 1302
8886 1375
9961 5089
7801 3456
6185 253
4268 2720
4222 1455
5616 2772
2478 2052
3857 3050
234 197
6001 5985
6296 5272
6222 4009
2205 1988
7296 5564
4285 3888
5642 4791
1956 1136
6287 1637
3262 205
6106 3874
8226 7265
6527 2602
2695 795
2520 828
837 534
1442 1015
2576 879
510 232
8258 374
2640 1286
5513 1184
9021 1968
8595 6168
8239 7564
8412 4662
6318 2632
7246 5199
3641 3607
332 4
4440 4335
3005 1239
9717 4844
6560 3520
7100 4688
7030 409
4790 1029
7973 5275
5406 820
8174 4631
2428 849
9719 2076
5339 3290
1754 553
6712 6057
3481 428
8615 5934
1111 417
3063 1274
193 169
7429 2476
378 121
9132 8642
3319 1036
9482 7166
8715 5432
7551 3387
1309 1271
3301 405
7348 539
7939 7814
627 79
3840 2755
8120 5781
3414 1887
4470 1952
7535 4388
1178 1096
6004 215
2336 2242
6480 2914
6574 4921
6562 4166
7505 1520
3954 2949
7941 4828
6489 1870
6327 2530
4928 2761
2425 1820
3793 1306
3774 2581
3480 2464
2840 786
1277 586
9647 4148
9297 2598
5051 3419
9608 3051
2960 222
28 16
2787 2111
9560 8330
1831 1349
9438 7359
9799 1841
3918 2298
2409 162
4713 3818
8929 6048
1728 323
5031 3627
3853 2825
1882 1401
3072 2027
3594 675
1263 1028
9453 1161
5058 3550
6165 3812
2592 537
6808 3142
922 816
2190 364
8047 1332
239 135
2818 2136
6044 2194
7854 3752
6212 965
4807 465
1207 868
1903 987
4216 3763
1634 1079
4646 3925
716 694
9650 747
7932 6180
7156 4032
4550 961
3236 1367
2737 2540
4389 2360
7443 2167
381 344
5063 27
8509 5033
4382 2925
6190 3023
3979 2930
7427 7320
8336 4508
4665 3181
2985 265
8896 2704
6293 4969
870 824
2024 1273
5749 4088
3295 1955
8187 5618
5633 1344
1054 960
6863 2359
9186 646
7607 3834
1519 1203
5371 1941
4544 1911
2948 2620
5243 2106
449 345
2678 2600
4840 1524
2941 2776
6817 958
3546 3092
5174 302
5761 1481
5879 4617
9562 1200
583 512
4917 2306
6914 2741
5547 2071
6622 3718
4553 3823
2211 1422
1477 1416
5330 4965
7333 2965
684 125
6959 6218
3093 144
4483 829
1741 678
8852 2535
2979 2735
