3
4474 8330
3266 4662
1354 2751
956
5840 5049
5598 4544
8636 412
9029 3206
7914 251
5272 4480
8762 945
4048 990
2846 807
9600 9243
8366 2082
5772 9
4496 1635
2510 1682
1121 938
3431 1940
7334 5902
9205 3547
244 114
8709 4673
6543 5972
8942 1993
8187 3078
8059 2128
7248 5715
4243 1277
4490 2742
1127 659
6753 3855
3387 430
8770 161
9127 4867
9255 4458
6323 3469
4804 1799
1220 879
4988 800
9809 622
8334 7408
3095 1969
2989 399
7413 5896
9974 5152
2775 1639
3392 1978
7665 4556
8247 229
4854 2903
7855 4398
4264 1837
378 204
2795 20
1930 1519
8676 377
9973 8084
4432 804
848 118
4951 1703
7736 2952
7264 1536
724 414
9379 3290
4186 1355
8726 5087
7781 3802
6984 6575
9031 5817
6972 4015
4609 1729
3747 3478
6186 3432
9972 1667
3613 528
2287 998
1748 1235
1870 1150
4111 3891
9596 4149
318 261
3446 2277
6357 4132
3980 2750
8698 3896
364 311
7263 975
6837 439
7365 6454
4046 915
3634 3375
6756 3604
155 33
8768 7236
4441 488
1971 502
5013 1181
8029 2897
6393 2883
6805 1036
6214 6119
7401 2906
5195 4568
4978 4315
6040 4061
6065 2596
8745 2534
3890 3452
8309 372
5672 2651
3947 3346
1241 357
1917 1443
8017 3391
1791 1418
9694 3717
4795 3918
6177 5587
3516 3409
3892 1658
6468 3995
1678 154
4600 1353
8392 5002
6266 5151
166 116
2493 259
5389 3073
3537 1984
8068 5642
3592 770
4124 3412
6726 2014
9913 8335
1118 901
2221 1222
4378 1310
1234 339
992 962
8248 2997
8533 3243
8145 918
7400 4874
9821 3077
5946 3963
7335 4310
6813 5678
9040 5568
6043 839
6700 4189
8874 5967
9471 603
280 147
1607 391
729 459
6633 3115
5190 2316
2069 878
3034 1058
7969 4065
4717 509
3796 42
8323 5800
1154 381
2949 2275
1107 50
3741 3050
8166 1632
9525 2769
6278 1303
6578 2959
4269 745
7346 1449
5164 1845
840 75
6264 3647
6982 2460
2230 746
3166 2324
8159 2626
4463 2911
2214 405
6929 6883
6885 2003
1266 250
8420 3116
1325 703
6286 3923
6159 2925
1985 1434
8398 8370
1200 820
7910 7280
3444 2176
8843 6501
7501 4334
4872 4691
5628 2973
4249 3406
1859 543
8340 530
835 476
6086 3195
3692 2503
7242 6853
2377 580
5617 4302
3971 576
8590 2999
3315 2189
592 102
375 173
8820 8013
4913 4863
5098 5090
5105 4869
8617 5007
2623 1459
8690 2677
8828 191
8972 5129
6773 18
7134 6339
7239 6167
9666 6704
1724 914
5900 5652
8008 7255
9330 7481
9478 974
9033 2215
5881 1182
9146 1053
6725 3159
1609 211
1941 1865
7205 5118
8879 6849
5077 1866
2619 1350
8800 3744
6063 1626
6245 4813
7286 4726
2001 1128
9687 6896
5741 2532
8385 3019
3146 1230
1596 1432
1823 176
1403 1215
401 169
2559 2404
5938 422
4001 1753
171 128
9561 2678
2490 471
6396 4991
6875 1906
4337 1718
8913 3016
8476 7820
6949 6377
1021 263
93 29
9297 8410
863 764
9479 9422
7040 3788
6471 3174
317 79
3510 1986
416 407
6128 1793
3220 432
8230 5669
8799 6448
6297 3357
2391 1499
4558 526
7078 1505
4509 1567
3983 1573
3052 3039
4748 4073
2319 2144
7437 7222
2074 45
7177 7080
5070 3580
581 549
6306 5449
2112 1517
5922 89
8160 8030
9065 8703
7431 5026
7275 929
6691 4787
7971 6170
6562 5332
3703 671
3623 241
7082 6291
2102 653
5464 387
4439 2538
561 65
7845 6405
3792 1780
8104 5171
2730 190
9923 2671
3184 2000
4166 3979
6938 2713
1438 1286
3903 3511
6284 5838
1608 1279
8586 6748
6227 3081
2960 2299
5264 1060
7191 4840
5205 2765
2799 2097
1259 607
5525 1621
1302 1245
2365 681
2918 1313
9357 245
5674 2243
8440 5683
5564 3239
3935 3871
8424 2163
1650 943
8022 5232
5231 1662
2362 1687
4826 1707
3263 761
4642 1566
9171 8393
4931 1898
4424 719
360 16
663 268
9300 4234
1430 738
9181 8562
2278 1617
5839 2234
3233 2256
8459 7472
5923 1035
9445 7884
3820 2133
7683 1987
2352 1861
4706 2791
8500 4177
8185 3255
8908 3072
8417 6735
2291 28
7047 2474
5324 253
3486 2383
2143 1885
9361 4085
3536 1388
6012 4542
4013 698
7868 4701
266 117
1401 927
7771 1103
3615 747
1318 429
3277 2088
969 58
8804 7699
6191 2968
6169 564
2376 374
2192 2085
9635 3523
4594 3770
3133 782
6108 2326
8849 3389
9834 2057
6003 2548
1018 520
6607 4699
9898 5094
6676 2154
3507 312
9780 6473
723 270
6504 489
7473 90
5344 1214
2996 1899
8711 80
5322 1924
2844 1284
1091 134
9124 486
5692 3958
335 53
1117 987
6132 3862
8415 4847
2267 1341
2676 928
7225 3664
6369 4714
4661 27
2939 981
5383 2054
1735 1389
8423 6656
3757 1756
2859 146
3361 1848
8650 6228
2290 43
6701 2980
7423 6145
4993 418
322 135
4343 3730
2294 828
7247 1847
6617 3308
9746 8539
1816 638
4769 508
1260 4
9325 1839
6157 5552
2199 1827
3494 2609
8876 2937
2499 179
9000 6818
7732 4289
5784 3769
125 25
8527 4608
2197 1123
2620 2245
8364 7942
3985 1855
6127 5047
9466 6838
4239 3017
8587 8427
8132 1856
2157 1919
3473 894
9722 5081
7782 3518
3023 1224
5180 908
2598 1492
3373 1387
3642 3422
1041 661
1963 1317
8909 5071
5988 5901
9440 66
7553 3300
3661 555
1928 675
5979 3826
7065 3053
2613 295
4053 3061
2810 1240
8719 2360
7584 5110
4104 1534
8758 5567
4330 887
4233 2542
3626 994
2583 545
3301 1402
979 857
8680 5320
441 122
9933 6532
1404 1015
5285 2286
1755 1026
2041 479
8128 7298
2570 768
968 898
7906 5883
6528 2115
8772 1096
9760 2188
8629 5254
2760 2194
6960 2962
6479 2317
3912 1807
1283 829
54 1
2138 49
3694 1102
1565 676
7369 3010
3699 3118
3485 623
8987 6859
7941 3054
7102 315
5211 4971
2768 2642
8091 621
2426 409
7507 2967
6190 1959
3751 3620
1453 1052
3574 1555
3230 1094
8907 3762
8588 4201
3100 2616
1552 63
8002 255
6183 5816
6289 2226
2335 1339
3602 3063
6850 208
5143 1153
8602 3031
1554 1532
7627 2849
3860 2800
949 652
4080 2312
7150 7019
1516 308
5395 2681
4626 4203
2210 77
5431 2351
3043 214
1451 1299
6014 1628
2091 218
8120 5728
9779 319
5487 1136
3678 2891
4506 595
8061 7983
7973 3369
9590 6433
6089 5473
905 384
2930 1806
734 519
7703 316
9345 4448
1773 210
6542 842
8097 7440
1996 1983
7563 4712
7920 7208
1452 759
826 433
7759 2944
9686 7862
2311 1805
4470 1792
1961 957
2675 1737
1927 1369
4640 4638
4422 3897
7999 1967
4387 343
9704 9082
4749 4205
5000 1180
2347 1542
3196 2422
8643 5275
6310 3099
3417 421
6361 2628
5403 3550
7206 294
6106 3436
4687 3938
1227 367
4035 1252
151 3
1253 325
1979 1158
8408 5939
4193 1113
8181 7840
6823 794
8006 2536
825 587
3440 3044
5965 3682
8993 4654
5294 5277
3927 1085
4108 548
4307 3045
2584 700
8788 1007
3268 2120
9258 1953
9206 5258
989 242
136 106
7864 2336
744 252
9227 4074
6956 3156
8328 351
8777 3214
2487 12
9094 4230
7465 3901
950 344
9989 7795
6406 4460
4855 2131
1666 1037
3408 845
438 332
4938 4489
1901 1654
2117 1547
6153 1057
7851 7294
4821 760
4257 269
5299 4771
858 424
6827 6692
9931 5916
9621 4801
2926 2127
6712 3987
7700 4231
6881 3287
1559 1362
7723 5053
4758 2920
8536 437
70 8
6353 2229
3585 2794
4380 3413
1613 1611
9904 8277
2977 1197
9755 3514
183 157
4570 4200
3134 933
6719 1410
4724 810
7611 4812
5432 2432
5366 4027
4037 1604
963 34
1357 803
4187 3428
4732 1681
2552 1697
3791 2899
4435 1242
3953 2084
3868 3629
4366 1790
8162 7705
2224 420
855 301
9888 6630
4768 3448
8102 4498
7923 7311
3553 2182
1315 910
7679 1598
9295 3097
6113 1276
6817 4126
7811 2537
9839 5440
8332 7470
9048 8035
6464 2232
8872 2403
8137 5475
8083 6566
3758 3147
2982 1297
9026 490
9388 3720
3932 2720
7393 5284
6082 4331
2394 188
3082 2272
9544 3578
2017 765
2853 1179
6841 3685
4972 2661
7825 6224
6684 2567
9318 8887
2486 1497
8206 3153
935 234
9757 6216
6848 3269
5244 413
5540 4018
7358 522
4735 4610
1378 1040
6440 5586
7118 290
7905 4341
2964 1472
7751 5276
6783 917
740 98
3247 973
7381 2858
8621 47
1803 1622
7739 6313
6163 2743
60 59
585 388
6156 2481
9368 3818
4767 3708
3374 937
1233 1174
9669 1335
464 108
1225 572
2454 1087
9778 4596
390 355
230 221
6253 1366
3384 2494
7538 7121
7216 6407
2217 1382
3635 972
7891 4524
6027 3964
5921 2125
4643 52
7464 3056
6662 3394
3909 2588
8813 7985
222 101
749 686
4206 625
3610 1009
2759 2553
8717 8163
608 24
8201 5666
911 159
5937 5852
6810 5570
9002 6738
8263 2686
8751 6235
8794 7430
6312 6221
8556 4729
1190 637
6457 4548
3088 1054
2190 1557
2839 1701
4829 1539
562 115
7958 7357
630 237
8884 7950
9238 5993
1124 558
8737 7511
9921 6164
5339 1458
2298 1340
4083 324
9385 5739
6555 3128
8081 2518
9856 1488
7909 986
8626 138
3913 3377
9634 8357
7853 6760
5135 1219
6599 5858
8271 4050
9266 9178
8808 6530
9034 6129
7706 6251
1484 231
8550 834
5052 5018
5612 995
4094 2958
3544 2744
1148 1049
8333 7778
8259 3693
9675 4579
689 632
8832 579
4865 69
2981 276
5910 2748
9198 1030
1619 1359
7313 5114
9563 1524
8468 5566
5532 2148
1218 598
9283 3874
7728 7329
7476 2707
7360 7282
2372 1307
4372 2139
2357 10
1189 56
1004 107
9043 6070
9170 4373
4066 2684
9642 7834
1110 696
3538 186
5498 3733
8579 4514
6922 527
8839 8306
3714 2908
6400 4129
960 73
1135 883
6199 6118
690 651
4195 1078
3299 1067
9712 5003
5056 811
8683 2441
9573 8718
1261 1081
6123 4436
4010 2386
494 6
8312 5193
4188 3173
3588 1417
2265 111
9605 5497
1097 906
6096 2005
609 132
3482 207
8153 2075
612 604
3087 1467
2688 1690
2807 1933
2220 668
1894 1268
4400 3616
9987 8713
9200 8918
8499 3033
7893 3812
1272 1226
9706 8240
2452 440
4003 1909
5766 3080
6742 2500
6330 5167
4892 2892
1587 352
2355 1872
4552 1663
5533 3030
779 714
1134 812
4560 3943
4952 4692
7066 6565
336 140
8854 7370
347 227
477 88
7843 2710
9914 6071
5675 1581
5292 48
7457 4844
6959 6580
3845 2420
4367 619
5908 4753
8652 4464
9591 5142
4679 2172
9556 4109
8280 7447
8741 956
6847 620
5229 2302
8720 7338
9529 2307
1338 618
9907 8716
9232 8531
