663
3057 6739
652 8716
1056 8590
2969 9902
6596 8586
1465 4904
8504 8649
1252 5684
5590 6023
7385 8188
6263 6998
9488 9768
6323 8684
4292 5630
1097 7848
171 9314
5105 8921
688 9160
6550 8079
1879 9374
9006 9383
8323 8567
494 5995
9042 9683
387 5312
7992 9225
5760 8789
6356 9340
3007 5658
9933 9992
9062 9632
1430 5102
7994 9517
441 3024
4978 5504
8062 8214
9141 9513
5095 6654
5988 6685
5481 6954
6195 6742
2432 3651
3530 8885
2149 9279
3991 8705
6698 9291
1188 9388
3758 4509
7238 9744
1276 5917
6453 8189
9503 9797
606 5528
7125 7531
3199 8815
8061 8123
7079 9795
3537 5764
1632 8252
2325 5461
2703 3804
3109 9711
6483 7962
4141 7757
276 4807
4879 5141
5679 6370
1903 4417
1659 9845
3025 4828
8820 9722
3038 5424
6101 9542
439 9601
6825 7447
1965 4091
2396 3725
7122 9810
61 6809
8288 8748
368 6196
7566 9096
3774 3937
6949 8839
8180 8631
5562 6083
6434 9855
4742 8947
7347 8528
5778 7831
2494 9396
5336 9919
5359 9827
3290 7451
5672 7976
7169 9656
3512 6611
2019 5445
3053 6026
4942 8655
1590 6871
6671 7038
1022 6241
1007 6772
7820 8240
1163 6270
6015 9932
9661 9986
6031 9327
1565 9928
3809 5228
181 6598
1241 1573
8358 8662
1324 7705
9367 9694
8923 9039
4462 7250
594 9260
342 1840
8824 8895
3977 5473
8341 9409
1375 6621
3582 5465
5766 9670
8698 9350
6512 7254
6994 8604
6435 6574
7217 7247
2614 3745
3707 5492
8799 8983
8889 9440
224 9057
2619 9126
4591 6810
9647 9981
9540 9764
4246 6301
9572 9682
4522 8014
928 8169
6549 7485
7477 8589
956 9393
5067 5467
5480 6968
5135 8685
7559 9698
1633 8016
7771 8118
6629 9673
8112 8610
7174 8357
9978 9985
7893 8020
9331 9869
175 2765
2782 5808
5912 8534
2818 5811
4721 7420
2784 3401
2994 9851
7264 9896
5282 6353
2498 6386
5710 6150
7581 8166
3953 7518
2360 3611
6121 6166
2212 9776
8991 9173
5902 9406
2332 3403
9914 9953
6049 7526
5691 6382
4028 6826
9230 9551
7670 8345
4754 5083
4544 7207
7759 9808
1363 9381
6457 9831
1853 4412
7285 7528
5152 9079
9995 9998
3164 7949
4847 8338
6733 6912
1929 2489
5110 9749
9304 9789
2749 9956
3554 7479
510 7911
5137 8573
5305 6039
279 3029
9274 9623
2449 6743
3412 3602
3051 3613
1753 8931
6935 8860
8857 9499
5688 8387
9203 9344
747 9982
4846 6679
8025 9316
8015 8472
4586 6028
8680 9801
7043 9206
7853 9916
4750 7805
660 5943
5998 6073
5955 7166
6995 9245
5054 6186
9871 9972
2914 9548
641 839
9755 9829
9521 9728
2056 5064
7226 8013
7645 9935
9567 9570
525 5338
2755 9487
8375 9334
1203 7292
754 4258
5848 8612
7573 8602
1825 4228
2972 6204
8972 9676
8137 8435
2342 3714
6193 9952
5099 9426
4950 9359
3414 8861
7358 7683
8668 9534
2912 6103
7384 9169
248 1497
8364 9746
8153 8783
4440 4526
4218 6505
1219 2465
6656 8812
8511 8742
3607 4428
2035 7630
2271 5623
6051 7139
1001 1039
9841 9926
831 6126
6284 8002
8300 8750
1166 2427
6322 9208
1374 2622
8591 9090
3733 8398
4562 5859
404 1147
378 7335
7108 9938
6819 7865
6682 6966
1613 3436
7718 9474
4001 5693
1347 4508
5005 9363
3818 6330
6380 9849
6000 9784
8330 9689
8996 9518
6290 9742
3793 4560
1847 2891
3723 4702
1280 6892
288 3545
4131 6321
766 7461
2308 5901
6373 7712
493 2604
3869 7558
4975 6697
8296 9903
6736 7937
3502 8653
1319 4774
3402 5726
5244 6447
4101 8412
5780 6335
2207 5468
6958 8089
5295 7341
2395 4148
8311 8944
2246 8926
1191 3806
4603 9646
2099 6562
2644 5261
2514 4600
9732 9785
2003 8735
137 3116
5042 6907
6955 7269
9072 9227
2275 3178
7658 9237
2354 7436
3692 7466
8736 9267
7522 7524
4304 8966
6050 9151
7390 7971
5332 5675
7703 9017
639 2224
1705 9412
2715 3384
8790 9976
5360 5633
2457 3126
6894 8191
9103 9909
449 7319
5695 9678
9877 9921
3850 9027
8106 8877
3150 4290
4338 5991
8720 8881
9149 9544
3316 5171
3485 5367
4687 5245
637 8433
647 6392
1527 3647
2357 5922
7665 9930
4663 4826
4569 7583
6906 7256
6638 7497
9836 9963
4402 5511
8878 9553
5260 8545
2635 5947
7284 7711
1579 2273
1251 9258
3389 8040
7556 9373
9649 9751
2826 3519
885 8138
7000 7255
3736 7753
8421 9093
8613 8622
2907 7595
5114 7425
7348 8173
2558 8299
1297 6585
1422 3932
2229 4146
4145 7359
770 4650
9782 9861
6112 8500
8441 8759
2829 4242
5196 8318
450 8909
6139 6722
4830 6670
8279 9691
8694 9990
9578 9906
9320 9760
1981 7103
6977 7487
7478 9667
8918 9460
7580 9021
6168 7856
2130 9598
7695 9071
252 5842
1912 4253
5759 8719
5289 7873
9724 9759
6767 7860
690 7295
903 4335
5057 5089
6508 8450
3336 7908
7740 8620
3181 5505
5507 5566
2077 4137
3826 8384
9321 9788
1014 5482
3069 7346
742 1540
9003 9322
5398 9319
5247 5750
3944 7430
8873 9684
173 7690
4874 6430
7603 9099
844 2158
3093 4469
6812 9641
8853 9262
8672 9737
3505 4080
7362 9490
8994 9550
8781 9189
7991 7998
6838 9695
1359 6048
6079 6964
2508 3775
4353 7170
5203 7062
5489 8445
324 336
4878 5120
7118 8793
3936 8088
501 8162
3521 5810
8566 9659
2402 3516
7036 8936
6878 9834
6649 6725
6613 7774
3635 9727
6208 9461
2965 9520
2059 7149
620 3429
9480 9731
136 1436
247 384
121 1814
1494 4362
2237 5427
8510 8618
3499 6924
1265 7294
8108 8643
8515 9733
4422 6190
9183 9565
2182 7565
3971 9119
6123 9052
4944 7802
3524 4482
5785 6668
3810 8206
7972 8295
5176 6090
5529 9158
1413 5406
1890 4257
6094 9762
3231 3923
3301 7939
8640 9386
4604 7620
7468 9971
6786 7821
1391 6007
2639 4396
741 6230
4587 5125
607 1935
5491 9947
4275 7095
6069 7381
8448 8506
5253 9410
7370 8464
7691 7783
1140 7098
2321 8754
9967 9984
4557 5936
1937 6899
5604 9743
6236 9147
4931 8179
7845 9819
4766 9944
5165 7312
5450 6408
4571 6140
2190 6296
8192 9041
1820 4876
4081 9100
6006 6781
8490 8917
6058 7265
1519 5438
2757 4752
3591 9606
5506 6990
6242 7787
6920 7622
3099 8825
7539 7892
5727 8023
9161 9897
6711 8609
6068 8995
5142 8038
6806 8381
6056 7694
8451 8458
2838 8265
7640 9472
5018 7339
4133 9516
2336 9858
2227 2719
4910 6593
6025 7050
5124 9181
8852 9038
860 5499
564 8957
8798 9725
526 7469
6464 7623
7438 8700
8718 9509
5678 9913
5364 9223
5230 9687
1042 1361
5625 8737
4285 9600
476 4821
2794 6669
7537 9338
8163 8913
5935 8882
6035 7134
6602 9655
1460 7221
8253 9696
6245 7304
7441 7765
8140 9729
6424 7659
4233 7507
651 7745
3958 8530
2948 7980
6750 7905
5856 6901
7890 8167
7772 9012
6401 8715
6249 9447
9942 9979
6268 7919
3884 7107
5310 9362
878 3673
2652 5779
6737 7464
5796 8813
9486 9918
627 8930
5821 9523
62 2367
4550 6539
55 7574
1387 6169
1645 6309
314 4115
2876 9803
3408 3596
2319 6681
6762 7775
2998 4005
7071 8767
8522 9543
5530 9769
7357 9078
4997 7229
85 6866
2595 7102
5455 7315
715 2886
1202 4592
6279 9401
1269 8233
2041 5431
4263 7120
2453 5638
4958 9102
9618 9835
5517 6016
475 3105
9816 9948
7844 8707
6981 7165
6967 7126
6833 9138
3353 5542
2896 8170
812 5882
8832 9636
8319 9993
1263 2702
5661 9949
7305 8670
9089 9843
6661 9859
290
3360 1736
2746 599
9022 3566
7555 1909
6187 343
9259 7680
7933 5119
3307 2949
6645 1186
4880 3455
5864 3259
832 416
9699 1657
7099 701
5722 2102
9347 2641
9838 9001
1685 52
4837 1091
1249 356
9495 8914
4612 3898
5680 624
2269 1433
5081 234
9164 7864
4366 536
8081 2356
1330 678
2661 1804
7380 6660
113 87
4142 3750
9583 8144
4421 895
8856 6988
7378 353
4799 3534
2460 1122
170 110
2127 1811
5777 750
315 70
1209 1126
7414 2424
7417 1755
3689 2788
9833 8927
7431 859
7351 2394
576 253
3531 93
9286 6845
4854 3814
590 128
1119 579
7500 1123
5997 1518
7693 3466
1213 504
5581 3908
4205 1729
8164 4355
6808 666
7152 5218
870 215
6893 4272
2925 864
9757 3449
8238 4129
1652 1544
7199 5149
6950 3049
3162 1963
2176 1934
185 86
4452 3202
2729 2156
6963 845
6519 6367
9493 7638
7906 7618
8554 5256
223 118
8470 8141
5756 2894
2565 2287
6 1
8261 1727
7435 5782
6492 5280
5771 3743
409 271
8641 3238
1139 949
6088 5000
5044 3418
6947 3547
9991 1782
4556 2185
3761 2977
5315 4332
3129 2819
7090 6953
6817 6024
6728 5043
1353 941
5773 5170
327 43
7018 2837
9002 3130
2329 184
7136 6888
3551 2430
4943 2773
3742 3419
3254 1455
3442 981
1016 159
9830 3650
6703 202
8607 1698
3855 2820
1596 268
5738 1938
6364 1860
3074 1865
69 66
3597 2590
2657 502
6012 3627
4676 1135
3751 3172
6713 3292
9266 359
4939 759
5907 2516
8382 7040
4361 1505
1093 221
838 67
5217 4945
65 7
1588 1514
9704 3088
654 379
1501 497
7612 3135
8752 7871
9783 6493
2945 2315
7730 2693
3257 1488
246 238
1477 952
2929 1886
772 292
6635 1889
6908 403
7213 1846
5327 4827
6357 5485
506 103
4962 4561
9791 9417
1100 797
4605 3385
7633 4525
3921 3874
5023 5002
9657 2982
2962 1472
3515 1183
3 2
1504 500
3983 976
4825 2682
2655 1246
6411 4397
9398 2151
7454 691
2984 971
6854 2063
3394 1214
9095 4445
4631 523
6071 4009
8920 448
8174 2607
3374 2683
7179 916
1831 1155
2809 879
4662 1654
5847 4566
3067 1723
6911 3846
8187 3935
6577 3324
2029 1628
8159 518
958 266
5376 628
7604 1425
4531 1229
8768 3653
3018 2384
98 37
8391 993
9931 1983
1775 1020
474 231
2378 1896
8220 4201
1176 1172
2474 1717
9361 9134
726 360
9500 9077
1571 1397
3813 1936
1141 670
5513 2500
2790 406
107 94
9857 3332
990 915
773 514
91 33
4801 2132
5937 3986
2672 2326
1151 451
7826 2464
9690 9640
3769 910
6462 1178
3272 1463
6064 2177
7172 6760
7777 2674
6136 1157
8747 8380
5407 505
4599 2006
2776 1038
3175 784
6181 3815
195 186
8087 5941
3438 2283
6873 4007
3584 1164
9292 1595
2938 1655
1350 1326
2043 1129
9701 6765
2429 1801
2008 869
1506 619
425 308
6992 1077
4770 3477
6443 1304
1456 226
1421 178
2370 1193
2847 2412
5409 3234
1105 430
9422 6498
4230 2857
3102 1268
9264 6030
3295 250
589 415
6527 3222
4644 2717
9815 1625
557 519
2577 1622
6996 4372
6488 2870
6796 4857
89 15
2840 1945
2555 943
7867 3720
9364 8133
