699
5511 7920
3741 4247
9260 9880
2037 7878
489 9071
433 8169
9817 9964
419 8525
5132 7214
290 6896
2572 8558
1275 2034
987 2606
4387 6931
7288 7748
1663 9133
4979 7490
7136 8654
6905 7828
4017 9596
8390 9649
6653 8652
1930 5974
5593 9870
3095 3280
7486 9184
2733 4219
9943 9969
3332 8135
9556 9907
6310 8315
3432 6497
7653 9010
2682 4807
2685 8640
2150 3417
6003 9364
4099 5821
2719 4926
1464 5913
2958 3422
3529 8957
7982 9989
7604 8828
5545 6857
1541 9642
4404 5824
4209 6423
1796 6591
6363 8290
9979 9980
7561 9881
9189 9683
2463 3352
7407 9291
4840 5596
9457 9895
5882 5948
1680 3078
1435 3672
7716 9993
2131 5893
7104 9717
3893 4434
164 4354
7206 9159
1478 5127
3214 8924
4035 8999
6228 9906
9309 9950
9944 9995
8294 9147
8153 8702
9434 9918
1654 6558
8803 9575
7637 8551
6376 9559
5531 7063
6290 8001
6731 8930
6946 8295
3302 9831
9946 9968
2642 7618
2035 2842
776 4269
4034 8030
3858 7437
1543 9885
4430 5510
1466 9441
8378 8535
3161 9222
1348 5878
6482 8120
7239 8168
9728 9825
730 1572
1296 9619
2031 2116
4940 6404
7131 9882
9916 9923
2188 5659
2567 5646
868 3128
6206 8689
2705 8368
9996 9999
3395 8103
9017 9734
6918 9027
8406 9462
1465 4928
3239 3494
5064 5375
9560 9797
2811 7986
9937 9990
1074 4411
4889 8010
9095 9997
7068 7593
4189 4958
4051 4965
936 8351
4647 6964
2328 4062
4788 6129
1685 4319
7694 9436
1749 5084
1738 8501
1734 3256
8057 9120
8331 9696
9810 9977
9379 9857
3162 5215
4905 5362
1728 2010
6071 6665
7261 7692
2429 5906
9097 9296
2798 7224
6759 7210
2821 9651
45 6065
3054 7246
310 6319
9223 9814
9887 9981
8878 9111
1678 1792
1300 4026
2514 5706
4124 8937
885 2678
6866 8925
5034 9450
9595 9780
855 7280
8901 9585
7380 7801
5594 9917
8411 9984
2545 7376
3581 3828
4697 9486
7316 8557
8186 9939
248 5321
7549 9953
8686 9636
3491 7786
1069 9646
1854 7232
7521 7544
7539 9536
626 9705
1160 6923
7030 8301
9768 9893
4316 8373
6234 9390
114 4032
5990 9509
3583 4619
3714 8321
542 4910
2865 4748
8075 8959
1524 8978
5208 8667
6879 8350
8710 9019
578 5146
994 1274
444 9698
6031 6188
3940 8668
9103 9246
2513 8834
6241 6400
8639 8681
7053 7766
7147 9502
4008 4823
6408 6619
3649 3863
8246 9138
2171 3479
1104 6325
71 8718
3006 3512
2535 9914
2462 5285
3296 3689
3403 4632
7580 9951
1479 2508
5233 7334
3171 8703
7512 9077
5357 5648
1452 5138
4228 8485
873 7751
7581 9437
5185 7778
1523 4541
1337 5035
4259 9107
7791 9431
6240 9733
5379 9045
3203 4110
5686 7794
6610 7605
4049 9473
8059 8861
4066 9088
4251 5124
4016 7372
6599 8555
6169 6626
6683 9231
6875 8852
8473 9365
3034 8247
2004 9840
1219 1227
9682 9721
91 878
1992 3304
3571 6528
1403 1702
9793 9869
513 939
3488 4828
5060 7587
5506 9168
9884 9935
3953 7831
121 7827
8592 9125
948 7702
5703 6437
2409 3752
3262 4508
8492 9779
9420 9530
4549 6987
6537 8219
953 9230
6108 6177
3798 4990
5222 8914
2889 5489
4203 7523
4682 9739
3176 9031
9085 9355
8101 8341
1241 3425
4714 7707
1936 5259
7042 8206
150 1315
2050 7005
2074 3875
4799 8513
5352 9299
5287 6790
3778 6295
1737 6391
318 9181
4421 8847
7538 9713
1807 3356
7925 7987
7390 7670
1392 9872
7665 9455
3796 7985
2351 4873
684 2626
4536 5582
1546 7363
1220 6281
8624 9461
6318 8229
7203 7806
5841 8591
7856 7947
4358 6480
767 8950
7871 9022
4522 8636
20 2110
962 3429
250 8823
5122 7412
4106 6858
789 2448
261 3629
5394 8185
6518 8284
9479 9842
1961 2712
6607 6847
9334 9757
2795 6492
5950 6513
5157 7294
850 5455
1279 9003
976 9618
6589 9725
4459 8065
3701 3848
2899 5740
8193 9661
1013 2858
4276 6074
1318 7413
5773 6059
4325 8777
2800 9415
8259 8448
4792 7195
3776 7714
5672 7258
9855 9945
414 1342
2067 8573
9428 9612
2073 6529
580 1222
8546 9941
8102 9055
5268 5989
9257 9623
2965 8442
7918 9836
160 4200
4744 8663
771 6995
579 6225
1204 4312
3057 4737
1389 4164
6734 7886
2331 5579
6907 7902
8635 9875
8374 9934
5810 6976
1637 8335
6427 9422
801 5977
5858 6547
1280 3913
5094 5700
7483 9741
3094 9166
3150 9259
6798 6943
6123 9773
7086 8781
2354 7546
8504 9198
2011 8172
2683 4261
918 1586
6075 9096
2294 4635
9737 9986
6458 9347
6663 9213
9146 9592
2310 5015
9053 9250
4600 4666
4859 8792
8933 9804
5447 5739
1788 6049
1733 1763
283 6756
9776 9927
9896 9992
7076 8283
7683 7783
4583 8938
548 6264
8854 9051
532 8176
2658 2930
8139 9791
8807 9674
7126 8746
9844 9972
1962 3186
7009 9532
8349 8887
145 3950
1506 4795
5734 9940
4849 7253
5292 6430
2220 7464
5811 8125
3906 8603
3109 7117
7453 8272
4833 8382
4912 9411
5514 9427
259 3242
6301 8461
4273 5751
5274 6975
2063 7844
6144 6992
6557 8941
673 7403
6422 7398
7266 8081
676 3757
5880 7339
2779 6825
458 9374
2237 5676
7754 9219
9724 9863
1463 3851
6674 8785
6382 7385
5696 5904
7034 9565
5018 7846
58 3949
3899 5472
3834 5308
787 3933
2814 2898
9460 9802
6800 8846
1142 5198
9915 9987
4349 6498
9327 9574
7424 8598
3723 6238
8313 9084
3292 4756
7524 9811
1144 8336
3026 3825
8354 8405
1632 6541
1211 1386
8767 9378
984 4339
5148 7350
4901 5905
3862 9714
6954 7477
4103 4753
2370 9591
6432 7222
8842 8892
2230 3299
1037 9165
7309 8332
5200 7114
5577 8953
4680 9251
2600 7727
8381 9518
5563 7522
5675 8693
9220 9543
8008 8493
4842 8951
624 5047
6362 7903
7469 8839
6713 7804
588 7606
5580 6598
7202 8088
6872 8164
2148 3265
1395 1718
5868 6021
8521 9788
4463 6973
7342 7945
2902 8638
3316 8748
7782 9991
864 3306
5142 9493
5038 6555
597 8605
221 5304
6155 7378
2479 5697
3346 7529
4620 8380
3819 8233
6399 8751
5356 6014
2693 7659
5393 6377
7326 9628
3372 9161
3556 4941
3838 3888
3605 7039
6299 7155
8876 9144
7011 7015
7092 9105
9446 9466
3166 4263
2272 8916
3640 4712
4973 7197
4243 9293
2406 7257
2756 6743
347 2478
1884 6110
399 9695
4618 8922
4917 7929
5040 5787
1722 8242
1621 6873
9948 9954
7564 8517
1916 3641
2147 9023
5588 5753
4603 8997
4310 9044
7905 7991
2547 7140
1704 8534
1596 4025
9240 9400
4881 7109
1136 1755
2061 9009
6844 7298
2451 2804
3929 9011
1550 9149
3281 3931
6919 8742
3652 4617
2464 9812
9679 9947
5307 6066
2350 3577
8218 8421
1083 3418
6172 9227
7101 7349
8786 9029
228 2301
4561 5090
3041 4461
524 3018
5326 6007
4240 4898
1838 5059
2947 3726
7438 9965
8805 9404
9038 9963
4797 5365
5329 6473
3070 8048
4648 7439
408 2602
5219 7183
303 716
9594 9727
9435 9900
5901 9781
8825 8902
8430 9237
9160 9861
7088 7143
8644 9089
5405 6359
3036 9496
7060 7756
9852 9913
9382 9498
2670 5795
112 657
4674 5744
9691 9958
343 3243
5093 8364
1175 2657
7124 8975
6532 7223
5768 9700
131 2532
3878 9756
4409 6251
6733 6768
1316 7842
7712 8369
7647 7877
7896 8505
5772 8926
449 2635
1659 2790
9796 9962
8708 9854
443 4770
7762 9145
718 1973
3620 7322
9889 9890
654 7375
6634 7082
3996 9617
8717 8758
44 4576
7695 8261
2850 7014
3719 8538
6949 9308
484 6167
8156 9032
1876 8205
8529 8790
8935 9100
4233 7893
159 5944
2189 9302
4663 8415
7368 7628
6323 6856
2680 8692
5604 9242
2517 4559
5187 9856
6545 9417
911 1905
7706 9687
7346 7807
6754 9507
8282 8318
4707 9942
3881 3902
1672 7066
3223 7495
7107 7118
4129 8564
6870 6951
9157 9775
4718 8092
3279 8388
6861 8468
7819 8672
2694 6048
5091 5999
9
702 95
881 302
5407 2727
8163 7120
2791 1926
1867 923
4654 3504
3143 1645
8913 8531
