655
3801 6378
8745 9166
3277 5584
713 6533
236 4612
9223 9724
1254 8731
3133 5800
4214 9175
5418 8294
4390 8851
5928 6586
2325 7188
6169 8682
5520 6054
2707 8922
6647 9864
4442 5429
8390 8580
9311 9873
9898 9997
218 3822
4278 9794
5020 8330
277 2433
9197 9564
7949 8064
7035 7458
3867 6061
1210 3326
8625 9215
65 5570
6686 7242
2424 3631
6928 9217
8693 9035
9260 9922
9737 9971
6086 8307
5162 5778
5303 6713
2248 5195
3848 5051
9606 9693
7744 9241
3531 7608
3155 7743
4595 8320
7071 7267
3037 7904
9194 9815
3597 9491
9437 9590
6716 9352
314 1265
3696 3847
8869 9058
2602 5699
3755 6834
3972 8696
1987 2200
5757 8990
6125 8349
4574 8162
4154 8820
3937 5228
1539 9795
2095 6985
5150 5191
7344 8571
5846 8766
5777 7909
3638 7929
1823 8538
4699 6374
8069 9410
1705 4280
6844 8230
521 1475
5501 7428
5905 9961
3601 7153
2548 8878
7592 8579
5386 9498
4895 6219
30 4029
5136 5448
9527 9647
5036 8442
6576 7673
2991 5122
6717 7862
5590 9662
1718 6803
2050 4274
7778 8946
6023 6668
5431 6758
1065 1162
2848 9941
5971 8806
8835 9845
5428 6745
1688 2882
606 1777
4292 8166
7062 8385
7194 9705
293 7037
1950 7433
745 784
2463 8673
2501 8632
2167 4275
8956 9567
574 4429
3966 6808
8456 9253
6282 9281
2570 6940
6419 8854
6789 9036
971 9350
7141 7245
9484 9797
5713 5903
2362 7249
4420 5537
4260 6752
6648 7783
8000 8560
3146 4297
1468 7782
5568 7363
2128 2215
6617 8194
4202 5062
7167 9622
2839 6197
7551 7689
124 2214
5449 7860
2298 7938
7796 7876
9836 9878
454 1843
4195 6304
2166 5685
5674 7830
6796 9641
4173 9250
648 7522
7861 9688
2120 7875
117 5865
5556 6528
2207 2751
8755 9444
786 2033
5113 6147
6499 7022
5705 8257
4354 6164
2954 8304
3325 9007
7286 7481
7049 8855
8206 9675
1858 6239
9418 9519
7694 9870
5077 6113
4972 7926
7965 9819
1042 7222
8897 8923
2488 4801
8983 9016
326 5660
2267 6764
2184 6004
7240 7446
3358 5919
4312 6690
15 6637
767 4409
9436 9817
5982 8672
4795 6858
5558 7709
3826 6253
8839 9900
9982 9991
1052 9051
1466 4199
7555 7639
3386 6463
9601 9678
3527 5200
2143 5110
3481 5639
9366 9877
1622 4375
8011 8031
3911 8539
8615 9154
2540 7980
5959 6942
9734 9785
5139 9000
377 8096
6024 8108
5075 6293
4374 8661
2270 6181
6387 6918
6420 9911
9890 9893
4045 4093
2664 4654
3917 7169
7942 9798
7646 8416
8436 9598
6912 8167
4879 8056
1548 6040
8030 8867
741 1579
3576 8356
4482 9947
7299 8716
2579 3260
276 6967
3542 3945
9544 9727
5690 6480
8786 9063
9639 9706
5240 7730
2865 8491
3751 9894
3982 8026
2842 5114
7774 8042
8300 9660
3183 4192
6787 7355
4920 6956
535 5353
4362 7565
1521 1724
4140 7109
1741 6114
7394 8392
2601 4798
2663 8357
3711 5990
3892 9286
5120 7867
4670 9687
6592 8365
2622 8993
7894 9949
5053 7843
7048 9232
7981 9980
4688 6277
9123 9752
1678 1697
3961 9811
1853 9973
139 8175
2412 3486
7066 9937
7517 8547
4319 5138
2640 4601
5880 7677
1827 7172
5433 6270
8455 9541
1059 8475
6966 8311
9415 9825
9826 9948
8121 9858
7924 8852
9344 9763
1036 2669
3727 9636
4796 5267
493 4883
5598 7748
6807 8405
9053 9562
6332 8437
1782 8248
947 1660
7648 7686
2603 5825
4180 9099
6058 9608
7770 8841
4551 6247
5836 6762
4474 7116
3177 5645
6900 9388
4685 6753
6182 9057
3196 6430
7631 8996
1106 7766
1633 5046
5234 8730
961 3399
2966 7184
9089 9320
511 7683
1039 2983
4678 4940
3884 6228
7933 8828
5833 8127
1677 3387
5323 5761
3941 7581
8106 8627
2151 6452
8594 8846
8197 8991
8433 8649
572 6108
4748 6814
8207 9574
9934 9962
3318 5370
5938 7084
6888 7762
6311 7906
3947 5784
9588 9809
1167 5676
9631 9943
2791 8788
9266 9599
4826 9064
6008 7698
3786 5300
1828 5151
5965 7827
118 8899
9210 9689
4353 5232
7753 8102
1249 5563
3943 6563
7859 9975
6604 8837
3530 8284
2610 8013
6155 9400
4446 7888
2502 8774
1978 4358
1693 5592
329 9897
6636 8036
1439 5440
7177 9214
4886 5779
3516 7941
1150 1890
253 3475
795 7196
1114 7695
2234 4513
6345 6926
2162 6151
9837 9967
1307 8785
8926 9319
1429 2554
9042 9413
6421 8072
8022 9547
1591 2970
92 4630
4415 6071
2928 5061
9834 9945
4462 7971
345 5354
8862 9372
5773 7719
766 1228
3388 8577
6401 9904
1606 2356
6025 7138
3175 7453
1668 1687
866 7305
9749 9778
4770 8977
1461 2843
6092 8624
5987 6136
1161 5876
984 8589
3574 8130
143 8663
5363 8912
2520 9017
1783 2096
3051 7881
5671 6406
6721 9247
629 2815
6517 7549
4023 7479
5745 9780
4091 9471
2681 9921
5441 6980
7717 7773
8558 9243
8764 9207
3697 6855
4186 7328
9852 9892
3955 4649
7350 9700
6091 6523
1145 6050
968 3959
9398 9691
2822 6502
4441 7693
9589 9656
3008 7802
5425 6343
35 680
1369 4557
628 3239
2940 6902
1620 2807
3994 4322
2475 3651
4863 6195
6450 6508
2847 4325
2405 6445
3211 3700
8520 9265
4600 8298
264 6645
498 4549
8321 9537
5408 7233
9131 9546
7823 8128
2962 8189
5870 7014
1869 8481
2034 5637
3775 5619
31 5770
9110 9488
7512 8394
3447 5495
3457 6547
1852 2053
6825 9954
2611 3195
6885 9616
4004 4974
8821 9168
824 8950
1919 2440
9580 9808
1046 5945
1544 1720
5920 6172
1110 8313
7856 8413
4874 8223
2026 2070
9195 9382
3902 3958
1562 2929
9006 9556
895 9619
4314 9684
5710 7613
565 2254
7768 9882
6272 9784
5287 9227
3520 5180
3570 4065
44 2688
9174 9874
8783 9802
2668 4735
3230 3467
6439 9690
8379 8417
2612 4079
627 8800
9440 9453
1723 6410
7032 7483
23 4842
7973 8041
4040 9164
1010 1518
86 4586
2761 6815
4811 9349
9926 9951
2639 9881
1049 5078
3737 7668
6014 7122
6991 9664
9965 9989
5446 9531
7632 9454
2344 3102
4439 7598
5954 8680
4467 8908
9833 9936
2365 3125
7577 9753
7624 9462
3208 5788
8336 9555
7804 9867
4867 9416
6320 7509
9585 9823
4723 5728
5067 6021
5815 8842
3167 7392
5497 9445
46 1737
2974 8641
3594 7858
1321 3560
7523 7785
1147 4013
4346 8545
2963 4305
208 8476
7455 9910
3082 9129
1277 2641
2042 5045
8717 8833
4539 9451
701 7201
3656 5219
3044 6184
9187 9490
1380 9367
6034 8681
8003 8518
1276 5604
5037 5780
4914 4958
1938 3802
8093 9448
7072 8831
6851 9424
7360 7588
7484 9018
2032 9442
4560 6594
5946 8050
8546 9586
316 8614
3087 5063
5785 7682
194 2861
8229 9942
3603 9109
7651 9883
2553 6344
1459 8645
3385 8608
4073 5344
2817 8662
9658 9875
3077 3312
4618 5921
1922 3091
310 6838
872 7543
343 1109
1527 5126
8575 9917
1966 3827
9748 9805
4712 4722
2993 9843
9303 9709
6036 6340
7142 7228
1896 3804
5541 9626
5512 6821
4010 9002
341 3953
3377 6962
602 5108
7729 8358
2856 9084
7443 8532
7833 9568
5211 7678
7343 7461
9235 9489
162 2487
7388 8958
169 1529
6084 6759
8543 8602
6678 8937
2704 9155
9054 9497
9632 9645
1003 5535
1191 7097
107 2694
2242 3796
1805 3614
975 7580
3538 5374
1614 2411
7220 9513
9587 9895
4948 8018
698 1808
6368 6959
8173 9920
6588 9759
7528 9192
6189 8111
1870 9246
63 2329
180
4379 105
8305 7586
6687 180
7460 5455
5091 2312
4888 1392
3833 593
8791 5320
9671 192
7811 4262
9977 4988
3308 488
1592 1372
62 60
920 705
4035 104
3379 814
6356 6224
7303 1328
5549 24
7905 726
6121 783
3792 3747
8225 8195
3295 3105
1698 941
655 573
5609 953
2676 491
4127 1177
8235 7079
5444 1384
8380 3220
6757 2494
2361 1070
3532 869
6128 3625
6744 2973
5156 4602
7187 5682
3996 834
1360 152
3419 3287
2853 2108
6797 3859
5803 358
5246 2015
6641 1846
2943 2237
4447 2057
1219 226
5508 5040
5842 5702
7997 3384
5600 2074
9649 8894
4831 2675
6418 3582
6386 5215
2447 995
3198 2452
7602 4703
7733 6359
6505 2775
7320 6404
160 39
6477 1232
8930 3178
7957 2878
3435 3035
5981 2172
4300 4119
8169 2614
3246 2230
8134 6519
8256 2276
3279 2103
4960 4315
3406 2349
5629 4532
7467 1881
6226 140
687 451
8004 7145
9831 4302
6379 3523
444 425
6828 2683
5299 1074
7992 5720
6549 1453
8471 1255
9637 8780
1565 905
5748 5248
2629 1609
5760 356
8939 7454
6665 5708
8924 2625
2532 1434
744 151
3113 1991
1674 1407
5001 1578
2287 673
3222 1832
2779 2776
6670 4165
9569 6433
27 12
9149 5857
115 106
302 91
9776 7502
5738 977
8122 1368
917 99
3897 330
6749 644
9343 3547
1286 410
5665 3788
933 515
1410 494
2828 458
8384 3648
6473 2727
9938 2300
5588 2774
6012 1349
689 530
9254 3459
4213 3411
9838 6539
3691 3093
6734 6655
2897 2753
6613 2297
4951 3455
5242 4652
4082 3186
6478 2170
3607 3160
4386 3030
3067 1141
5917 4785
1076 625
2760 2286
3073 1995
6791 6119
7634 3112
4746 1282
4232 2272
776 684
2217 533
4050 2511
5950 4838
1335 791
6542 2075
8032 958
385 265
5792 5559
3130 1854
3258 3129
1587 1226
8609 3058
9972 6969
7732 344
6683 50
6663 5859
7427 372
3903 1842
6251 6212
2069 1319
7182 3580
9929 5565
4178 1816
4340 3541
7991 7740
