941
5328 6191
9429 9740
9866 9882
3821 7018
5632 6131
9158 9172
8274 8599
2970 9035
8023 9226
9452 9956
2604 5585
1972 8757
6277 8556
3499 4828
856 3172
9398 9460
1594 9372
2089 2497
9052 9065
8478 9835
4458 7500
5974 8191
7831 7871
4809 8557
9206 9517
7525 8410
8412 9712
3019 4762
4837 8787
8595 9493
7750 8544
1813 5599
3564 6527
4100 4240
7846 9051
8499 8646
7475 8682
4883 7164
217 6247
3871 8037
7067 7439
7527 7951
5480 5640
6787 8515
6312 7385
1902 5817
2582 9992
1701 8269
1812 4215
7560 9310
9923 9989
7304 7963
1937 7972
9341 9925
5840 9613
4550 5912
7675 7932
8173 8528
9818 9886
68 2846
3269 6250
9331 9559
1130 1735
8441 9500
5793 6645
8129 9796
1144 5007
8743 9153
1492 9228
9781 9842
4490 6397
1442 6886
8437 9706
3032 3698
9515 9528
1909 4111
6597 9673
8884 9316
5021 6309
3259 4521
6364 9690
1856 2175
9732 9794
1915 3738
3701 6777
4605 5041
1561 2406
7535 7916
7641 8388
6253 6781
5227 5741
6993 9526
433 4783
962 7405
2651 4038
3463 9243
5231 8747
1018 9905
1417 8783
4005 6102
2796 9468
1602 3772
1476 8961
6019 8796
8761 9303
5398 7372
7462 8217
2135 3634
557 1336
5334 6655
3374 4447
4479 6000
5150 8786
9940 9959
5895 8045
3347 4201
5539 9538
2253 5719
6269 8955
5000 9473
2700 8929
8146 9728
4875 9373
9363 9564
2631 9367
2134 8594
8115 9183
7264 8060
394 7920
2311 9486
9933 9974
6429 9186
2860 7426
4057 9667
1724 4821
2185 9686
907 4945
5856 7169
8479 9592
4171 4767
7257 7386
3072 4120
9148 9307
8151 9168
8431 9249
8900 8903
1685 8991
4811 9650
2626 6756
648 6990
7701 8012
5788 9631
9875 9957
8020 9397
6701 9692
441 9177
7592 8059
3523 4544
145 9317
758 1399
8606 9159
9191 9596
8449 9527
8729 9221
4898 8231
7251 8799
336 3001
1135 8394
8038 8266
3246 9633
7238 9698
1804 1928
3146 9623
4203 6926
8883 9953
1837 6783
3851 9094
2969 9061
290 2872
8665 9907
7225 8225
840 9034
6813 7090
1893 7467
3355 6391
6130 6242
5498 7043
920 3607
5252 8294
4656 9787
6199 9211
6067 6541
6435 8475
7086 8379
5233 5639
3848 6698
8714 9656
8829 8857
7648 8340
3161 4563
1163 4916
8779 9739
5847 7250
5129 6557
2968 4790
5353 6378
4289 7927
4355 6890
3484 5680
6563 9385
4658 8968
7607 9234
203 7474
892 2836
9951 9985
5515 7858
4877 9457
2106 5970
4928 7817
9865 9906
7334 8728
5999 8689
24 7919
7317 8118
3191 6040
1464 7337
3415 4194
7680 8351
2354 5264
7853 8571
6565 7841
3940 8111
9304 9770
4174 6427
9075 9332
7671 9874
7243 7869
7894 8733
3906 6235
6720 7970
2486 6490
3425 3550
1788 3226
5065 9308
4494 7466
7760 8626
9762 9917
9022 9691
1387 4739
1580 7570
1769 5674
3405 6387
7615 8254
889 2746
2664 4535
3954 5182
1670 8280
191 4577
5343 9036
4925 6780
9238 9333
3922 6811
1131 4795
1267 9619
5872 9622
5069 9273
9839 9885
7788 7998
1036 6223
4727 7806
6023 6585
6963 7949
5297 7838
6794 9897
5184 8489
6854 9605
6012 7552
6154 8525
8658 9269
2773 8772
2174 4028
2715 9553
3815 7996
8185 8372
6482 9876
2972 9489
2121 9428
6039 9868
8640 8649
3062 3512
6344 8011
1572 8414
9651 9664
8928 9636
4610 9560
435 8942
2699 6190
5476 7744
7619 7816
4124 6436
1147 2813
5942 9602
7147 8634
4027 4094
7498 9627
1891 9140
8600 8850
3745 4825
8237 8657
5888 9928
9163 9829
6644 6921
7559 8356
625 7173
98 3358
775 9477
4310 4384
5547 6664
8972 9474
5152 8310
7832 9814
9128 9366
7804 7930
6470 9432
9760 9991
9864 9910
3836 5851
2908 7502
6607 7088
5286 9898
6090 7669
7472 8943
3514 4542
2353 8343
188 8818
8915 9552
6594 6718
3566 9504
8082 8307
6897 7331
7956 9734
3780 6712
2393 4805
7310 8687
8898 9971
6450 6952
8496 9299
2161 9939
7844 8973
6945 9912
4239 8150
3627 4671
4041 8349
8698 9424
8965 9479
9270 9877
4693 5672
9903 9908
4046 9880
368 3397
8815 9871
8532 8842
8465 9516
658 8865
5561 8076
7663 8835
6492 9700
2492 3862
7596 7660
7133 7412
8384 8926
3315 8353
7373 8100
5090 6600
3189 7020
7073 7130
5752 9920
3503 7178
3608 4630
726 6570
5590 6961
3677 7922
387 6380
9111 9229
6859 6925
3173 6069
974 1940
9551 9872
494 2316
7563 7572
210 4522
8572 9945
9853 9988
3454 6588
9745 9914
1957 9713
3977 8139
3942 8446
6096 7881
8785 8791
1349 4183
7180 8302
8101 8833
8935 9918
4677 6337
4709 7097
286 750
9423 9726
30 8871
27 8684
4047 4128
6522 7872
8393 9784
891 3868
3462 4638
627 7697
1203 3989
457 6508
1106 4244
4679 5810
218 486
5271 9355
9593 9977
1216 6044
9797 9941
7652 9321
5506 7079
6281 9456
6111 8523
1078 7604
7019 9276
916 4549
8025 9136
1094 2415
7188 9675
2934 9338
6837 7044
1440 2925
2137 2909
7791 9043
9369 9604
7179 7326
8754 9438
3008 5918
8920 9862
2452 3104
647 7062
9329 9498
135 2658
2526 6188
7904 9478
6221 8800
7348 8364
9678 9747
5712 6773
1193 7448
6430 6610
243 2695
50 2523
9199 9597
3453 8700
6566 9519
7249 8773
5455 6646
7266 7765
4280 8371
2681 6755
5511 9540
4566 7834
2319 7393
4189 9427
2250 4004
9480 9966
7651 7808
1001 3119
3642 6120
4232 6013
8582 9209
6442 8797
1975 6809
3349 9980
9021 9050
7047 7084
2397 6148
3543 6752
32 9256
2574 8487
6978 7517
735 4642
854 2959
877 3064
9626 9741
6656 7737
4946 5047
4510 5973
4969 8064
3872 5429
1650 1802
1055 9089
1108 4560
9843 9856
8642 9225
8688 9081
863 7539
4230 6587
3931 8611
5670 6743
2690 9241
7038 7481
2204 7495
2599 7672
3230 7290
3155 5887
7307 8194
5474 5842
3336 6306
6761 9371
1531 4649
1989 6998
516 7962
3498 7366
5378 9849
5171 8368
7622 8690
5391 7752
4101 5773
489 2910
8893 9710
7464 8061
5738 8844
8017 8464
7375 8949
2418 4891
5467 9890
3197 7056
2515 4461
8376 8770
6193 9497
3983 4584
2386 8647
5180 7880
3722 9342
4907 7325
247 319
6108 7414
4489 6483
6599 8261
1889 8124
8187 9471
9496 9854
7854 8033
3160 5637
4541 5117
5845 6174
8226 8252
3920 7849
6301 9606
7772 9911
9150 9506
8309 8497
7496 8831
4568 7162
4742 7974
6116 8723
9176 9386
6407 9174
2394 3317
9382 9466
2728 2809
4255 8256
1789 5877
4914 5440
9550 9614
4931 7981
3667 4666
6036 8534
2926 7508
6514 7061
1344 9869
2641 3504
5173 5825
9057 9998
9337 9840
778 6140
4198 8166
6613 7206
2949 8001
4533 7444
4305 7109
351 5414
8056 8418
2090 5179
5939 9280
8029 8554
425 429
1222 3944
7991 8847
7158 9433
8969 9166
1053 8425
8047 9356
2083 3686
2990 9116
5791 7773
3542 5831
7214 8870
8354 8593
517 4311
8483 9252
5436 8198
4334 5784
3430 9674
976 1620
4724 7242
7287 9629
111 506
8889 9809
2390 5425
4327 7978
8484 8837
5310 9652
4491 8235
8722 9600
781 4529
4400 7105
548 4044
5647 5834
5074 7435
6533 7921
1149 6017
1537 4520
9171 9733
6924 8188
7528 8239
7487 9092
5731 6611
2742 5927
728 4166
3955 4751
7713 8202
9353 9789
3378 9790
485 2697
3802 4404
4039 7370
2646 9780
7313 8288
5344 6884
3350 5594
4728 7139
709 2060
6272 6648
8501 9291
5595 6229
7712 9267
7193 9408
4527 5324
1052 4621
1529 5359
2118 4949
6166 7735
9104 9765
1364 5400
2859 9902
7124 9048
4367 7635
782 6627
7196 7423
3978 8591
2665 9233
2571 3876
9295 9315
6539 8748
333 5181
2861 6695
3085 6295
939 7208
3219 5116
2503 3122
1197 2510
2790 3473
9556 9881
9751 9821
9609 9934
5873 8057
2325 8382
5905 8822
4580 6910
9545 9689
9808 9830
3725 8760
3558 8697
1494 6114
2045 7691
523 2723
1471 6459
2147 3410
2234 5292
3998 7683
479 9851
6774 7332
1622 2286
7818 9647
4582 7154
1657 7095
5492 7441
14 8161
3005 6586
8123 9377
122 5919
5226 6485
8993 9598
2807 3304
8032 9015
1228 6936
2754 3842
11 971
9481 9701
1695 4955
6448 9834
325 3000
4609 5998
7396 9611
6255 7687
1390 8395
8719 9782
4085 7521
1282 8385
4650 9324
686 774
6699 6739
8482 8624
1321 5824
2133 8337
7418 9729
5238 8176
680 3391
5679 6708
6771 8313
299 8639
5242 5692
4735 5323
805 3253
8648 9731
5131 7656
7329 7422
896 4434
6110 9722
6658 8127
7437 9440
3766 7055
1145 6218
1460 8876
4606 7482
1945 8070
4329 7897
6525 7282
379 7537
1943 7681
2938 5792
3849 5922
3816 7616
1810 8240
391 4744
9581 9793
378 9144
1822 6384
3043 9262
1649 7717
3068 8195
7015 8420
7121 8480
3424 7700
2638 6327
617 3490
8710 8996
5601 9138
2585 6324
4901 8494
364 5422
7166 7914
288 6841
694 5177
2447 4297
2028 7152
6045 7626
4391 6007
3882 5285
7305 9396
3404 9085
8970 9392
1373 8933
9655 9815
5676 6789
4505 9694
85 6076
2241 8296
884 8533
3205 9547
3864 9492
4884 8819
3947 7344
9207 9318
9845 9981
8186 8460
4292 7199
7778 9987
1781 7928
5099 6688
1342 6383
4974 9297
4625 6643
3519 4634
2512 4687
5376 6365
5266 8140
6238 6431
3716 4380
2553 5386
8320 9833
4644 4796
8745 9947
2351 4114
9179 9718
6683 9139
3787 6254
3626 3771
4337 5907
5239 8613
365 4151
3553 7492
1858 5688
4492 4674
6852 7918
1971 7455
4043 9024
1834 6008
5564 5855
9114 9182
1026 4726
4427 5450
5203 9984
8762 9583
4125 5034
8147 8551
1748 5240
3067 3082
7403 8683
4635 6956
4456 8873
8853 9964
2691 8717
3204 5934
2395 7248
4282 9857
91 6237
5521 8885
9126 9510
4195 9888
3578 4600
3051 8715
8171 9012
3878 8291
2458 7728
6562 7774
3346 6657
2009 7976
1366 6137
7026 9773
7190 9379
1022 9996
3568 6574
4430 5780
6947 7431
4696 5490
6883 9231
9624 9899
2331 8413
2029 7170
6844 8220
5938 9195
5333 5461
5256 7973
7197 8408
3783 9763
3121 4855
2621 9666
592 3024
2618 2736
2592 7637
2811 7342
5671 6226
6085 6531
158 9589
6825 8577
5154 5980
3359 4917
4975 8907
1698 5558
7599 8741
3590 4454
643 5164
1982 6447
6006 8905
817 2004
8338 8720
725 6071
1832 3856
9891 9982
2948 2976
3863 8243
4278 4290
3111 4409
9389 9679
4818 7246
8365 8442
5188 9219
5302 5629
5390 8178
5340 7971
8630 9287
5871 8877
6721 7695
1817 5388
5138 9709
6299 9351
9603 9720
1236 3769
2720 5452
8576 8846
4326 8390
3099 5682
2378 3059
9476 9783
8711 8938
3924 6423
1491 6636
1182 5757
7308 8445
8103 9335
1307 1609
199
649 398
6091 2320
3096 1515
3748 241
966 143
6003 3777
4867 895
7001 1900
2546 114
3458 703
4986 1173
127 21
7241 7218
5031 2632
2117 1687
3573 3094
2414 1733
5698 2999
4382 880
5759 4273
7297 6612
6690 6172
4179 1179
8481 3017
173 4
611 366
6619 4958
7547 5253
3436 3153
6181 1351
2200 1534
2830 1870
1107 752
2834 604
2352 1851
1072 669
4242 1694
8545 3546
872 82
988 120
3904 1205
6674 910
2176 819
7967 5830
1489 1291
1662 893
6293 2186
7885 568
8486 1306
578 451
786 544
3571 159
3125 1703
7720 7436
87 1
5925 1305
44 13
6098 3679
4118 3992
8629 2285
93 81
2429 672
6750 3180
1318 1301
6820 984
5097 1165
7077 4733
1481 723
9482 7258
1463 645
4254 4173
4707 2065
369 53
4597 2166
8083 1658
4551 2295
4225 560
5019 2049
745 294
9056 8553
7123 1555
1641 623
1313 586
4732 3654
6805 4539
5956 779
3031 132
4908 3511
7347 2590
4774 2030
9896 2480
4683 767
6079 736
7584 3692
4532 665
1874 1140
1122 443
6983 3976
8203 2843
8090 3625
2904 2053
1227 712
1048 908
2324 2179
7654 3482
4469 3936
6123 2765
2680 609
3967 239
7453 2183
4035 1081
637 107
7568 52
9437 5483
5984 3384
3555 1021
2521 416
4206 1922
5265 3199
5868 1857
7293 2366
3803 465
6331 2450
7999 2105
3619 1588
3200 2643
2070 1412
2491 1780
3881 1677
2844 951
5072 3589
4104 3773
7544 1532
2997 528
7848 3526
8917 7733
7964 7400
3534 1974
522 220
3249 2889
2330 759
2294 1679
2778 1238
4272 1636
2471 696
1663 695
4378 1466
2661 1991
3480 3077
5571 5036
3915 3913
9102 5849
6051 2478
9200 6731
6723 4175
9006 2154
848 193
4205 246
3115 1639
4765 407
2015 163
1613 1612
1338 131
7252 4787
7763 4734
6374 3718
3765 1247
5874 355
1136 865
8466 4495
1323 47
2898 373
1101 1030
1791 1016
2396 693
1356 254
9639 8212
1209 1010
7341 3375
5653 5051
3879 2660
5375 4894
4402 4099
6556 2815
6233 3629
9394 3417
5820 3997
5634 5403
9242 312
404 7
591 534
8651 1475
701 697
5904 5735
1818 561
3721 2488
8121 794
2738 1348
3472 1652
