551
9841 9954
9833 9924
9173 9186
8201 9874
3863 5891
293 7514
6656 9450
5023 7190
852 9577
1197 3909
6520 7734
896 5495
8003 9005
6050 8162
2281 9587
6501 6879
4433 7210
5798 6971
1093 1333
657 7913
5333 6275
228 2810
9558 9687
7995 8922
5451 7437
8814 9572
1832 7602
4598 7757
8766 8935
262 6000
2484 4709
7999 8481
4055 7257
9612 9908
1390 5537
2161 2247
9600 9682
3162 4438
8758 9763
1063 8611
6289 8987
685 1535
8505 9271
6552 8972
7326 8313
6318 7967
4909 8607
7329 9518
6527 7618
9474 9828
7773 8065
2166 9179
4329 4968
3472 5450
2811 8829
6288 7187
9808 9979
2433 9543
1231 3529
2975 8771
7800 8802
152 813
9916 9975
8259 9641
2197 4020
2557 6944
1460 2346
8627 9516
3822 4569
1252 6509
3662 3932
5961 7950
207 9593
4260 5667
1650 5779
2018 9134
6548 8750
8451 8470
309 3954
2769 6580
4171 9395
1731 9149
9919 9961
4515 8530
3036 9377
7529 7577
1514 1931
9421 9515
7794 9582
9736 9812
7010 7977
4083 6517
4984 5470
48 9114
340 596
5024 7729
5036 6531
8761 8975
6871 6979
4595 9624
7331 9536
6536 6915
5520 6522
8538 9971
5218 7768
881 3337
8083 9597
4396 7675
6768 8650
1377 8843
2736 8806
3805 8916
6434 6764
4525 8351
9113 9391
440 6576
8255 9164
2383 9089
3899 9753
1602 4640
4554 7379
5782 9454
6094 8379
9727 9978
9478 9631
2088 6131
1067 2970
9578 9911
8558 9401
3219 9292
652 5866
906 2436
7051 9592
7122 8840
8031 8032
718 7609
3461 8622
3679 8262
7712 9470
5911 6183
4558 9584
2315 5896
6251 7370
9436 9730
4014 9508
7400 8335
1518 9310
4076 9336
5489 9605
5952 6136
4150 5287
1990 7407
7595 8629
9465 9779
5992 8086
9488 9609
6976 9882
4797 5653
1580 5629
5413 6565
6021 6515
8411 9795
1419 3080
7791 8420
2089 4478
8030 8472
8522 9460
5279 8974
3029 8147
6709 7297
3217 3979
4749 6447
9282 9784
1717 1938
4507 6908
7381 9362
4237 4357
4075 7993
1274 4747
414 764
7741 8907
1604 2236
9813 9948
5412 6067
5332 8859
3389 3722
3638 4243
7867 9732
1609 2839
8686 9708
6201 7140
2443 5794
4489 7094
5614 6841
8482 9640
211 9026
2980 8509
9685 9711
2519 8309
8956 9917
621 2460
765 5934
7260 8079
2345 6450
7389 8060
3104 6040
9361 9611
6327 8291
8334 9695
5263 8175
5426 5490
4664 5046
1660 7184
62 6625
2746 4564
9104 9701
9007 9352
4751 8117
5206 9182
8114 8981
9203 9398
4565 5461
698 7001
777 5823
4566 6791
7699 7827
36 9217
7781 8324
9575 9791
3118 9371
2634 9839
9222 9560
9690 9922
854 4217
795 8113
8847 9357
6589 7404
7613 8085
9032 9070
9788 9976
9514 9780
9266 9495
1848 4131
1913 6171
8363 9875
8616 9439
8996 9913
2996 3376
4931 7447
942 4958
3854 5624
4988 6807
461 9187
8203 8295
2466 2695
7131 9326
9772 9951
6897 9627
1497 8474
3809 7030
3927 7112
2960 9301
6014 7561
7330 7429
5433 8848
4397 7473
4755 5371
1033 1042
1393 3682
9060 9651
7155 8867
9782 9998
7364 9463
6418 6659
5203 6544
3635 9580
4778 5209
8388 9001
8097 8862
8266 8535
3351 8785
4657 8459
6854 6889
7507 9561
6394 6697
8254 9692
5764 7369
210 236
9757 9867
6119 6273
9206 9815
5586 6724
1413 3608
1350 6215
4756 7356
6497 7349
860 7077
4726 8292
7720 9232
4866 6254
4463 7874
3395 8940
3818 8410
4710 8946
1314 7622
5660 8213
7197 9848
9457 9997
6367 9368
4374 8997
717 7897
7153 9493
5655 7555
1386 5755
454 6221
2838 5567
4698 7963
1076 2109
1163 5580
226 1691
390 4079
2681 7293
4604 8919
1461 7181
8552 9169
4800 6217
3567 4571
6130 8306
9406 9990
1153 1916
8961 9074
2377 2581
8927 9024
7983 9214
4215 5746
9445 9940
442 959
8076 9538
6880 9623
1477 4004
7550 8174
7318 7502
3297 3913
4903 4981
3006 6181
8910 9933
7336 9264
2854 7371
9744 9836
8105 8471
2050 4372
1893 3658
1115 6058
7406 9431
3925 4096
252 7752
143 1552
7707 8460
1143 4302
188 1921
7183 8495
6990 8338
5865 7617
4226 9542
1166 7049
7472 8554
5649 7298
5062 9197
2714 6882
3222 7943
3288 8636
5096 8904
9022 9886
2586 8715
2440 8230
2817 7643
8250 9259
1032 1499
3478 9085
3604 7107
5940 9847
1308 5894
6676 7035
5807 9267
1874 2080
1802 3357
9044 9550
7067 8555
7201 9499
9715 9860
5995 7171
1126 5068
3857 9504
6219 8511
3869 4487
5740 8238
5425 6600
9905 9957
4533 5902
6877 8118
6648 9013
9511 9625
3360 8664
1738 5850
7173 7833
6998 9416
1503 4851
7804 8566
9443 9451
4647 5921
3022 5291
992 7068
6507 9088
7605 8050
1510 4742
6326 7531
7616 9365
201 5552
8724 9355
8890 9086
2835 5505
9704 9712
1276 3660
1685 5831
5011 9616
4877 5383
9716 9794
128 1215
2341 7669
4373 6269
6970 9505
4385 7204
1290 7162
5821 7454
5960 7603
4141 7532
3606 9931
8725 9384
6478 7096
6991 8081
1345 4979
5758 6886
8217 8895
8337 8559
6151 8347
683 4634
8029 8809
3787 8364
7679 8331
3528 5916
2694 9245
4855 8883
6777 9697
6235 9387
8280 9935
7705 9318
7770 7831
7738 9566
7446 9739
1189 7291
9458 9941
1539 5566
7288 9427
118 8188
8891 8976
7585 7878
8315 8496
287 377
1633 1930
4169 8215
1908 7315
1213 8227
6996 7534
5084 5983
6218 7849
4155 5842
4921 8674
314 404
5436 6170
4153 8949
9622 9938
800 4061
893 8102
6013 9036
9973 9980
2318 8484
6952 9661
1565 6947
2653 9476
6319 8594
3134 5584
1168 1486
7920 8647
2893 3203
5457 7105
1941 3960
911 3406
2741 3574
6692 9967
669 2325
8858 9204
8507 8892
6751 9077
7915 9559
3105 5499
3040 5959
2826 8726
8571 9128
1628 1671
2010 8330
3754 6758
1879 5682
6344 6833
8493 8924
3101 5346
1188 8923
3498 9854
3004 9270
3159 3447
2183 9156
2028 7676
1785 2303
2665 3527
6518 7347
241 4518
5492 9158
4162 6412
8150 9689
2176 4093
8765 9565
8249 8973
9677 9773
5105 6065
9630 9702
9590 9615
3196 4015
6973 9379
1508 5833
3778 3856
2564 9633
160 8099
2541 5431
2886 6237
1479 2907
4887 9513
6893 7015
1125 4942
6203 7028
8367 9840
3523 6349
5455 5939
510
6296 888
7892 5608
5647 4223
699 107
2673 1863
5643 4380
2014 1321
2224 1926
3859 2611
4165 3434
3720 2374
5881 5441
2969 250
2696 343
613 84
5603 266
3321 1903
6753 6049
4816 4636
2914 2525
3053 1498
1828 733
4443 1723
9645 550
6167 5166
6081 4696
6506 5869
7817 2867
2607 1301
4895 1036
8959 6205
4132 728
2333 320
7527 7474
1728 1232
2994 2086
7991 2200
5207 1870
3678 1745
6363 5311
7458 7134
7685 7126
1929 1810
7694 3919
9327 6634
6562 5767
1846 1492
413 342
725 359
1098 841
7668 2286
2030 447
5994 1912
5508 1757
7345 4917
3836 1304
2192 1657
6250 4279
3392 2739
4669 1773
8123 5154
662 315
9256 4512
6499 4091
8873 1029
9601 4109
8897 5540
720 351
6068 2688
3792 1052
3727 3278
7847 1286
5034 1527
2270 2045
8697 1336
4170 3984
7723 11
3411 3014
5318 341
4 3
421 295
4641 119
7296 297
6095 4822
1469 505
4124 177
7222 5107
7372 2663
9048 8462
6429 5487
1031 804
7957 2449
3261 2905
8999 4272
453 64
1562 6
3417 2354
1299 938
1582 880
424 289
1943 1395
1155 171
1614 899
2759 961
1467 917
3479 2693
5479 4033
4812 3330
1012 820
8666 1759
7321 2105
7584 3864
7411 5397
6012 1292
2327 35
9293 500
9049 1511
9147 3530
1427 842
3064 787
8199 1939
1459 358
3436 2720
9835 3471
4431 560
6680 1534
370 121
6365 3275
4421 2195
1600 313
3015 467
6343 161
8699 8601
3712 508
14 13
6568 6152
6149 3489
6231 4943
6960 803
4911 3365
8736 4036
4195 1583
5472 3034
6436 1293
398 239
4334 3580
4927 1357
8574 456
8653 4332
5149 4924
7637 1521
2006 261
6796 6051
9817 3842
1998 1652
9507 2301
4178 2287
2793 229
9414 5325
3305 182
45 23
1426 1184
3620 157
27 22
6423 4776
1818 167
2065 1994
5587 4614
5017 3314
6468 748
3687 783
5975 1443
5432 344
6390 2110
1114 927
7075 6516
3341 2622
6284 2022
9650 5301
1145 8
144 93
6330 2264
6654 1906
7674 3189
9965 3086
274 244
1355 484
472 238
771 689
485 304
3824 2812
5222 654
7857 6640
7693 843
5231 3609
7711 1666
4650 2390
632 554
3280 3266
9042 2100
5571 502
2139 99
8872 544
9346 4863
9487 7649
9742 658
7020 3099
8172 4092
9247 6199
3583 208
9298 7632
7489 2273
5050 634
8192 8093
2209 364
6426 1244
5037 4757
1313 1285
5087 3430
2668 2217
2230 868
5368 1756
50 30
8797 7380
5347 2772
2684 2389
3449 1495
575 355
5249 2260
8565 1077
4277 1179
7648 1340
6574 4536
395 132
4955 4295
5577 2651
4545 3631
9397 5335
965 458
8323 2295
6706 4574
4537 4419
3286 1805
3188 1648
2140 1337
7944 7871
5715 4899
6341 5302
8613 6023
1592 1387
5786 2517
4228 970
781 310
6337 1430
1047 522
7928 4177
7538 4504
9184 8260
212 203
2546 966
5227 1855
4648 3825
6883 3917
4499 449
352 184
5186 4238
1247 679
5248 4139
5871 425
4130 2764
7463 5360
3546 2213
5109 2984
2360 353
9099 4325
1030 24
4240 3390
3076 2571
422 285
6842 1554
3794 3397
7004 1073
9119 3433
5920 2527
7641 1044
5575 4779
581 96
7059 7050
4644 2439
1569 373
7785 4041
5324 3282
9903 3785
7246 6486
1287 614
6461 3861
4436 3300
8529 2756
3607 999
9446 1613
8870 8316
3669 3634
1500 1262
2752 2453
9358 8810
1444 892
2758 1664
6519 5621
3198 579
9992 9225
9820 4777
7545 2768
6646 4767
5486 2305
977 135
5281 5220
7476 5364
8993 6765
9319 4714
3115 70
6133 43
8985 8764
8723 4218
646 396
1890 923
9525 1701
9571 6816
2889 2047
7365 1108
9726 5636
2823 1100
5083 831
773 515
4523 444
9956 4189
1256 137
7664 5720
8582 1714
8965 7917
9386 6696
3665 2296
6639 5292
466 303
7717 7167
890 433
91 87
7387 2589
5878 129
8779 492
6114 3324
1711 1545
9110 3541
1710 814
8290 574
8932 3340
7554 3702
4613 3867
8991 2605
5119 4852
3428 1976
4957 3655
4953 1089
8539 3323
1021 271
2738 2126
9707 6617
7846 1706
6906 5064
9341 6855
6321 198
6942 1681
2274 817
6655 3761
1133 766
3747 2808
1683 1661
3881 2284
7628 1541
7124 5632
6300 3202
1249 921
4358 3194
7460 5594
7316 5839
5543 3948
2324 797
1342 281
8111 4149
3742 1918
7130 2770
7869 7837
3874 1496
9426 6521
7295 275
6185 278
8803 114
4591 2895
7844 3689
4458 3677
2332 366
4551 2562
75 21
6853 1329
1230 597
9759 2899
5226 4342
4833 4603
8110 6220
4548 2727
7427 2864
5897 5684
7065 819
8473 249
5836 5262
7568 6540
2438 2258
4354 572
8902 4878
9054 3474
3845 1010
7651 7230
7960 4622
6662 4576
7202 6193
8115 6812
4435 1888
4758 3026
8671 5664
4479 1703
46 10
2955 582
2558 1309
3520 2712
6233 4343
5640 5530
2619 832
7718 2623
7453 4897
2364 264
1070 540
3270 528
837 822
7375 708
9953 5336
8391 5162
9675 3153
1240 648
2388 1059
7416 6658
6633 5942
3572 2704
6670 2424
9392 9062
2503 1716
3683 2043
4449 635
559 321
8953 6483
4252 3922
7691 2153
855 599
8229 7866
7512 4724
5060 2280
7045 5167
4222 4145
4739 1137
6290 4104
4447 435
7340 5377
3807 2757
6232 3776
3688 2090
8063 7299
5943 5727
4791 2794
640 139
5741 5261
9248 4012
3367 1096
625 111
3085 883
4501 411
7724 7265
7657 4916
6256 6033
3283 3161
9363 4293
9988 3303
2844 1840
8385 7008
7433 1366
2856 1784
6017 16
9006 7325
9914 3716
4239 615
7314 916
4890 169
6912 4926
7056 1023
7730 4270
2476 1576
9877 332
4168 1025
9743 4718
5695 4704
8209 2489
1111 493
5696 3782
