589
5606 6877
1479 5748
1221 4036
7637 9561
5513 7318
2393 3649
5596 8817
9072 9113
1770 6910
5944 7941
7944 9096
265 6275
6044 7164
4126 5436
2093 9761
4864 5888
1923 7751
5783 7777
6444 7021
2527 9743
2626 9766
893 8422
3326 5047
2030 5194
4611 8640
6218 7608
3422 3583
1825 2490
9076 9321
2629 3507
9349 9861
35 865
9538 9823
2221 5672
4109 9342
6022 8121
3147 9203
4052 5698
7889 9489
5134 7796
2251 9827
3854 8910
9996 9998
9346 9512
242 3909
3163 6659
2223 9621
2799 3095
9896 9964
4641 4834
6157 8870
9187 9904
3385 9461
5104 6704
3964 8251
8595 9624
4479 6404
8900 9666
1970 7711
7565 9609
4383 4985
4879 4965
8092 8161
274 6057
3713 7952
9623 9669
8328 9064
8410 9626
1486 6300
15 6629
12 9838
2227 5013
5350 8081
9039 9711
2372 3916
7189 8677
6243 9018
5965 8652
2887 7212
6662 7779
2022 8890
9826 9953
3625 7106
2278 8370
6694 8794
9480 9571
2985 8745
4007 5024
661 5512
9074 9530
8752 8753
8457 9057
513 7916
730 2301
9909 9978
2516 7863
3532 4952
9086 9437
1183 5836
5517 9870
5768 6276
3601 7679
6759 7456
2633 6343
7917 9202
80 5307
7647 8757
9046 9683
4272 7912
9268 9962
3760 8542
6921 7623
1668 3952
141 371
3881 9843
1473 7406
7120 7142
2707 9083
7559 8855
2599 8340
4454 5822
9405 9440
3809 9640
2718 4181
3718 4122
8037 9002
3054 5459
3108 6023
1607 2088
8909 9319
184 4660
1656 5291
5937 9325
4481 8212
2338 5667
3833 7143
9830 9969
3768 8482
7396 9575
8499 8529
9588 9881
422 540
7211 8687
2584 6576
6751 9927
6283 8712
6728 8589
2202 5252
7200 7296
9441 9605
8243 8970
26 2698
123 6395
8827 8858
2403 7103
3419 5037
3150 4623
7016 9710
8629 9211
764 1781
53 8262
2642 3077
906 1719
2321 2941
4578 6193
2116 5907
9733 9900
4093 8660
8159 8841
273 4033
4467 6110
7032 8028
789 7039
3934 6732
1913 5691
6647 9874
5613 8578
3004 6134
5362 9785
5302 6535
4743 7047
778 851
6695 9393
9253 9425
5480 6277
8518 8891
2305 3634
4988 9503
2112 7668
483 6208
4167 8583
7028 7179
1282 3981
9832 9889
7462 7759
2658 8273
2101 7616
8606 9864
6587 9258
49 177
6744 8940
738 6771
4154 8007
4301 4658
8493 9240
4159 6203
8190 9802
1666 8708
5486 5781
7791 9432
1544 6765
3616 9229
847 5529
4933 8093
6739 7597
582 1173
2568 7283
3582 7815
7528 8521
5019 9466
8002 9389
4098 7685
6076 6350
6066 6345
6380 8973
9361 9691
1694 5834
5705 7982
6432 6661
753 3791
5380 7964
7723 8824
7810 8494
4254 5690
8308 8742
9457 9667
2690 8301
1763 4241
8725 9220
5912 9811
5390 9959
1059 8341
1535 3676
4712 5797
3086 3411
7820 9737
333 4020
7862 8130
7452 8439
3428 6311
8068 9511
3289 9658
6934 7554
9228 9433
7630 7688
5001 5848
3153 6839
4939 5636
4861 8557
3255 3747
1492 1928
6230 7492
1778 1966
8703 9055
206 2858
9410 9618
8427 9919
9515 9943
7687 8257
409 4358
9429 9807
101 4024
4797 8994
968 4704
7577 7722
4017 9103
2290 4147
703 3971
7583 8511
8491 9789
8896 9339
5796 8538
144 7217
4795 7805
8191 9094
1375 7596
7670 7673
4289 9459
8600 8639
5058 5908
7540 8790
9165 9498
8944 9309
59 9087
9171 9695
9129 9916
9806 9976
3890 9717
7428 9134
4298 7474
7031 8218
9984 9990
4734 9551
351 6169
6761 7690
1762 4626
109 7177
8112 8989
3761 8777
5016 6361
7761 9662
1621 7279
1234 2360
5868 9000
4202 6626
2970 5566
4176 9821
3985 5384
9529 9923
4421 5875
3872 7480
4813 5524
6615 8169
1982 4919
2597 4998
6653 8971
3989 4070
1385 4193
6061 9762
1503 7459
2903 9060
11 8730
2434 8337
6070 7636
2682 2789
6658 8926
637 7736
4893 6419
7626 8225
3822 6465
9555 9579
2009 7768
3075 7505
3184 8688
8770 9263
6888 9243
673 4558
1342 8435
4569 6120
8098 9246
1287 2402
3515 6333
8638 9612
5120 6515
8261 8988
6158 6324
1936 5642
6944 8597
4944 6524
4367 5479
7754 8919
3741 9713
209 1878
3488 9731
326 6135
252 4414
5424 9601
6112 6240
4116 6555
7767 8938
3465 4989
92 6172
3175 9775
1078 8304
1649 8295
3448 7404
7034 7967
287 7553
940 6494
5393 9810
451 8964
4350 8567
5774 8151
1542 5554
4123 6594
8431 9972
2312 3623
5385 8100
4320 5615
9373 9955
2464 8541
5467 9764
6827 7187
4720 8505
4387 7573
679 3573
2220 4686
7557 9444
4230 4507
339 8155
5070 6564
5472 8743
410 9232
4942 6429
6498 7403
6561 8083
1564 2664
2171 7918
805 5743
9558 9851
5828 9735
5197 8837
2054 2846
1172 1454
5373 6869
6303 8086
262 8172
9358 9878
1801 2351
7287 8131
5179 6591
4418 4597
581 6382
4363 6844
2293 6149
2362 8286
601 5203
186 5154
7249 9920
9376 9790
4826 7264
4776 6846
5230 7140
4170 8904
1392 6299
3561 6567
669 4805
4545 9496
8069 8198
8683 9636
1590 6508
7825 8446
8101 9879
5225 8610
1291 6990
2357 7755
1803 2455
9578 9798
3832 6985
643 1110
1902 3295
2675 9478
7357 9796
9800 9868
9468 9945
7725 8329
1820 9936
928 7748
3384 8845
7307 7348
675 5948
5659 6188
2538 5811
2443 3733
2077 5501
5473 8040
13 3979
2531 6122
7344 8366
5591 5709
6551 7326
125 6784
7468 9058
4432 7133
2788 8849
9603 9857
1098 9552
9595 9773
178 6605
8554 8983
7030 8278
9455 9594
7923 9842
3403 6742
8839 9948
9781 9939
9819 9883
2988 9528
17 7617
456 6628
7824 8447
88 269
6385 9741
9748 9801
5895 9799
4451 6004
1097 1906
630 2134
1568 5719
6368 8767
8437 9377
5111 8039
9894 9982
3825 7464
3921 7678
8058 8860
4385 9828
3415 8103
1951 9273
9637 9930
2587 8488
5951 7885
1867 2191
4755 8331
7874 9381
5312 7517
5478 9102
3313 7513
4800 5257
5298 8791
6247 8403
8864 9540
6930 8763
367 1912
751 2762
7255 7394
363 5157
4427 8612
2297 3464
497 2316
3470 8126
7645 8884
6907 8252
1429 2499
843 4187
52 6901
3764 6566
3590 5494
3551 9237
5158 7052
2119 7114
6082 8164
4847 9110
31 2866
1117 9019
4378 8861
6928 8972
352 5616
254 9981
4166 5795
3995 5358
7662 8621
3390 7363
9132 9989
862 1140
6363 7042
6569 9003
964 7853
8024 9510
2925 5961
7170 8412
98 3699
7909 8704
9483 9487
8805 9884
5607 8404
5975 8530
6159 9987
3783 6309
200 2228
823 4478
8215 9008
3636 9154
8271 8631
1937 7631
7 8117
5676 8186
6673 9546
3231 4552
2188 6438
3341 8901
4458 5344
8881 9365
1767 1900
4934 8903
769 1950
9026 9144
1843 7615
6010 6581
53
2514 479
8719 6362
1237 113
3337 525
592 3
1112 20
7498 5428
2845 2689
7479 4592
7323 840
2781 2151
359 330
8043 2378
4731 562
2348 845
2594 1857
2096 978
8584 5979
1765 645
4474 1609
6261 1583
9782 7340
4634 3567
8235 6436
8375 1152
5347 3953
4132 1143
5413 1696
9256 8452
2046 1008
2303 74
5277 2346
1513 1297
8358 7026
1959 1018
1404 1176
3460 3245
7409 1394
293 62
3566 3266
205 202
7274 5079
99 30
5989 4753
1061 901
2469 253
5732 2722
3211 2141
2595 2453
239 221
7430 921
2815 1233
1744 143
