399
2129 8356
7867 9933
411 6960
1571 5464
5892 9091
2174 5091
1445 6032
9489 9819
9661 9994
8553 8774
3692 7365
1832 9273
2981 9295
9938 9944
9660 9708
624 8983
5172 5699
44 1818
1738 4984
7092 9278
5084 5544
3941 7980
8492 8723
3610 4043
8627 8817
2043 3912
9785 9872
5051 7740
4700 6962
6644 8919
3176 7005
6599 8230
5341 7042
4680 9183
2846 9602
819 2690
1354 5652
1761 2382
9581 9907
4118 5351
4997 9275
4572 4866
4508 5405
283 7692
2519 4398
8661 9400
4036 4101
7613 7976
9673 9936
816 8500
8154 9621
3425 6253
7184 8768
1641 7237
5700 7360
302 2248
3638 9268
2358 6163
5528 9918
2626 9241
6232 7273
3809 7959
6445 9666
107 8306
6251 8684
6246 8569
5176 7597
4945 9558
1742 4134
6028 9889
4312 5723
4707 5927
6753 8733
3029 4226
7173 9515
1206 8249
4412 6010
7790 8523
4927 6440
6382 8194
6381 8936
7477 9274
9041 9289
5149 8050
2620 5217
4727 5210
5148 9131
2323 2833
2064 2838
9814 9981
18 8116
3949 5423
9816 9962
1381 5527
846 3350
5211 9338
5578 8384
2658 5478
6636 7010
2233 5772
7886 8295
4451 6954
3217 6951
1673 7530
423 3732
888 1551
4437 7515
109 370
5338 8434
1510 5184
268 8027
9593 9895
4556 9671
1213 8069
5384 6589
4951 8041
9543 9612
5425 8227
780 2096
4703 9220
1568 5362
5703 9880
7669 8585
5691 7864
7327 7909
8619 9630
6248 7379
3960 9032
3551 6999
8488 8848
2149 6707
4844 7066
4160 7925
4138 8438
1757 3784
6348 8185
1349 8810
8993 9922
152 2085
9258 9759
4183 7163
2521 2850
6303 6630
2623 7569
8232 9604
5298 8552
6815 8028
3153 6062
4292 5704
8916 8988
2049 5400
9060 9517
3042 8427
7716 7718
768 7356
1061 3646
5456 5707
2169 7652
3449 4355
684 9389
9544 9779
8160 8197
3225 8244
1932 1953
4420 5085
4266 6683
5239 7673
6843 7516
7596 9307
4523 6258
2603 7076
6770 9830
2350 7012
75 3092
2185 8388
746 1435
6354 8456
6697 6762
2223 7102
9729 9826
5222 5841
5961 9266
7739 9820
5459 6175
9767 9834
8365 8519
7838 8396
7504 8477
6604 7759
9961 9982
810 823
4218 7914
7598 9395
1107 9756
5281 9824
6619 8025
5378 7493
4791 8241
4072 4421
6425 7109
1542 2132
3276 3385
3930 4108
4116 4375
1404 8489
2365 6376
193 7924
8654 9823
3131 6982
3202 9355
3220 4414
2566 3601
2578 4258
1839 9766
2191 7335
2500 2703
3134 8855
7185 9461
7352 9577
9589 9706
4859 6703
7844 8717
9614 9825
1801 7770
3445 6990
6136 7223
1389 4521
5568 8731
5093 6122
2211 6317
2862 6501
8822 9081
4507 9417
2680 4068
1334 7566
4281 6872
9893 9984
2252 5273
7441 7999
4756 9187
9115 9219
8065 8877
7612 7941
6513 8035
171 7835
3414 5365
1880 7045
6581 8208
3739 8312
4649 4867
9523 9664
6525 9811
9431 9898
9680 9683
4528 7112
7446 8535
7394 8052
1577 7877
3150 8440
4178 4327
910 1522
9508 9658
2636 6744
5054 8408
298 8433
5910 6936
438 5474
6633 6945
8773 9196
7533 8893
1473 5550
4191 8900
9023 9521
2764 3025
3919 4809
1323 8057
3567 7825
2189 9742
603 5839
8333 8529
3421 8862
6195 9316
6590 7347
464 5106
5152 5214
5469 6373
7071 9028
9134 9433
1750 2136
2968 7457
9804 9928
2290 6733
611 2010
4550 8715
9021 9406
626 2810
9859 9949
4362 5468
7009 8146
715 1189
3760 8376
7862 8101
2441 2510
8122 8159
9247 9549
1579 4013
2235 4684
9688 9992
8423 9238
2379 7200
1934 9056
9239 9687
6723 7650
393 927
4673 4823
1504 4411
4999 5272
5197 6397
4769 5866
8007 8106
3853 6710
6574 8906
6974 7144
2173 9368
9450 9718
2965 6682
9877 9878
8761 9087
2693 3957
1667 2720
4908 7713
4879 6181
2827 6738
8602 9700
1340 7693
7945 7962
9022 9582
6861 9129
6536 9571
9020 9029
9454 9854
1755 6591
8054 8571
8378 8876
1478 3145
3308 6853
551 5317
5137 8473
748 6311
2087 9199
9335 9441
5357 7268
2492 2581
8746 8853
9776 9885
8572 9197
19 3744
1097 7160
9064 9265
5150 6494
9638 9863
4130 6621
4275 5775
3005 9331
9101 9262
1179 8866
7099 7906
9903 9924
4056 7152
7806 8115
1321 6292
5207 6902
2203 5971
2907 3087
6567 8036
3655 6393
1758 5050
6980 9152
3141 5684
3396 9985
6438 9377
2798 8459
1658 8796
9733 9806
3622 4133
4694 6129
539 5389
9198 9838
9249 9692
5014 8225
9511 9805
525 2701
4896 6752
8310 9402
2021 7697
4616 7157
3997 4169
6811 8745
5979 7947
965
5406 4531
1119 74
7975 6335
3600 3274
5497 217
7754 512
7000 4212
3736 1234
3632 730
653 185
5016 484
1114 625
8532 2092
9381 657
8037 1869
7768 1382
1884 1072
5190 17
1084 692
9527 7156
8371 1359
1902 1700
5200 1828
4760 3861
2301 671
5412 2281
4678 4151
9789 9230
9208 3111
467 277
7205 1054
7033 6705
5818 4837
737 491
5082 2338
1948 1483
7345 7263
2569 651
8471 2855
6681 4510
4888 741
2139 1963
1769 1481
6511 5894
2302 2266
7422 4784
5761 2890
5538 3424
7461 1594
6873 374
9272 5972
3934 179
7132 3569
9318 6453
7857 1011
2121 1416
2539 2115
6429 1396
3164 1047
9086 990
3095 2120
982 478
7544 7166
7990 656
6178 1243
1734 1258
5154 2868
5860 76
4153 633
9686 65
396 16
4371 2520
3263 1592
694 445
6819 557
6161 3348
329 294
309 285
8216 2906
1682 665
5582 2546
3399 3331
8579 3289
7232 3545
1111 346
5595 3678
765 453
3378 978
5962 3576
6014 5505
3447 296
2529 1602
7637 3403
6451 1318
4665 79
421 181
9345 8445
593 56
89 10
918 321
3533 732
3371 731
8688 67
9026 244
830 555
1027 156
2630 397
2207 574
7179 6833
2598 2003
8263 2216
1870 143
9390 815
6580 6243
2016 824
1073 515
5398 291
9882 9391
5408 4396
6719 4811
6629 2143
5613 5553
4517 2491
8764 2842
8706 3793
1826 345
5320 1958
2040 1649
4846 1893
5032 4803
1981 1787
9875 3507
7014 2062
7119 4583
3971 3640
5712 4006
6052 4283
9109 7647
1838 595
3384 2794
5101 2686
246 72
7452 2351
2879 408
5603 1449
2151 572
738 280
6022 1721
5251 3856
8958 2145
8222 3307
966 565
8561 2678
5164 573
2222 1898
3529 2793
6993 4004
3885 1433
1063 136
1904 1016
7780 7444
6615 4181
6259 26
5886 264
3322 1135
5121 4658
9141 7357
9162 3056
2345 177
1434 752
2403 32
2967 2812
1371 450
1037 911
723 125
5263 2718
1697 1272
7495 5235
890 304
5976 638
8455 7666
8112 870
6461 2329
2025 756
2244 265
1819 401
3172 3168
3756 828
5981 5399
2393 1001
337 49
7680 4102
2548 2090
8430 6746
96 88
3768 2054
3367 1713
7715 2946
5931 1425
5424 3232
2542 274
4192 3260
8046 5027
8335 4936
5094 763
9857 3476
7611 4190
5500 5015
4143 3033
6588 5277
8283 4148
9784 4142
9172 6040
1225 1102
7918 5541
4662 3200
3588 2109
5001 3008
3989 461
2055 1012
9847 507
7387 94
1956 933
4061 2714
3844 103
2945 1431
2970 229
6186 4762
4435 2790
7958 3718
27 25
953 150
4617 332
9346 5969
7723 2367
3579 914
7373 1906
9463 729
9079 2952
1979 1759
9778 1398
9415 681
288 278
1707 1021
4325 2386
2022 347
3098 457
8620 8369
9866 9809
7385 7367
5420 3032
3115 2995
8925 2619
9496 6147
6247 3117
9297 9111
796 795
2045 873
3484 998
4321 1030
8255 4216
1562 1106
994 486
3195 1910
4407 2400
263 188
3863 1228
3713 82
192 142
4188 3209
1944 903
7303 6742
1134 327
3627 2989
8177 5087
8481 2278
5978 5605
9908 2459
1315 1254
6026 5021
5974 4491
5441 2884
5983 1556
6368 2321
5028 353
7487 5984
4298 3658
2267 21
2982 2792
4330 707
3872 739
8329 6228
8577 5264
1014 788
1998 1199
477 247
9518 6206
4654 1145
3873 1964
4748 3395
1748 1300
2221 1099
9736 3781
5641 4545
3214 1265
8348 5690
2766 706
2942 2482
4989 3987
2259 1123
1989 1545
1218 1
6041 2567
6469 3903
2475 1171
6986 782
8161 2106
1311 118
8844 7755
1026 755
4474 3770
6582 1615
7322 1141
909 558
5390 4395
6634 341
5499 1536
483 403
1414 330
2332 1804
8033 858
3845 3324
7279 4187
4647 1454
2095 1010
4931 1762
4766 2236
5483 1347
4464 2026
8816 6076
9539 9192
1006 315
5959 4048
7081 1534
7734 2902
3935 2679
8521 4675
2600 2483
2265 1650
2972 98
2624 2273
7792 1440
6545 3682
524 293
6293 2743
4856 514
4462 1194
529 172
7486 3918
7926 6969
6876 4942
7404 1124
806 769
849 170
1240 99
2260 822
4135 3509
7316 2574
5859 3779
4774 3797
2447 754
1316 1222
5698 3988
275 22
8186 5175
220 64
1637 144
7431 412
7977 4773
1644 12
5995 5784
2042 37
1703 1050
8861 7270
9606 4827
7953 5275
1549 960
7436 3460
1674 182
6573 432
8550 6485
5506 4084
2712 81
7928 7851
881 159
4174 2768
7721 6125
7195 590
4871 2082
6509 6082
5376 5348
71 52
725 102
1646 383
9565 9112
6779 1372
2761 957
444 395
6959 1868
5336 2523
4985 494
5753 789
1423 784
942 687
8340 3832
9610 1635
4777 2238
4529 1112
1251 640
1059 1000
248 7
7248 3231
2951 2425
7125 2446
8000 2549
1976 252
3900 1653
9464 6132
9583 7594
7984 5356
1940 1082
1310 425
3647 2417
378 112
5397 1406
5113 2467
312 14
1856 413
3443 184
6444 5968
1319 812
9720 9204
7988 6116
7629 3389
1874 1623
506 261
8872 1167
4110 3142
9737 2694
4299 3511
2926 2525
8465 550
9456 1113
6623 2496
4943 3473
6300 433
7621 7450
9104 4165
2227 1751
863 642
7241 5770
9968 5147
431 271
3679 1580
6160 5359
8231 3328
63 51
8097 2571
4659 485
8319 2457
9752 1110
8632 4522
7897 3339
1091 110
6364 5139
702 227
6557 6555
1344 55
4504 3769
1722 157
8064 5297
9790 4579
2501 66
8517 8439
708 281
9850 6652
9839 8927
2583 1606
2069 1329
5821 2949
2465 1816
7538 6275
7824 5608
5049 1432
3256 147
9351 7167
7234 3729
6756 326
7625 1753
9233 6467
8652 1656
531 440
759 447
3857 284
5648 3981
6340 2128
2660 2079
3007 1078
6478 3766
5131 3336
5086 1792
7657 5639
2430 1525
964 306
5823 2923
5689 3138
155 145
1411 581
8965 5861
7442 5315
3060 802
8062 4513
2676 1972
6 4
3800 3122
2180 527
7957 4655
9725 4209
2610 1618
9920 1450
279 131
7531 1850
8732 1937
7259 2112
7272 7151
7700 6472
8400 6475
2194 940
2385 187
5488 2734
2550 59
9337 3040
9271 5048
809 554
8605 8478
4339 618
4812 2308
2770 1985
588 77
1789 1169
7593 6057
5565 4666
693 434
8 2
7096 6569
2901 1872
3405 2999
437 331
2058 1671
8280 6914
1643 410
5945 3548
9067 6859
4423 2789
2300 604
5816 832
4026 922
6740 1083
9536 6459
7351 2309
8088 3340
2787 2746
7376 2517
1444 977
1572 479
4225 173
4828 2291
2416 1675
3811 1022
1791 366
2480 535
6973 6767
1128 409
2877 1067
4814 3892
811 602
3665 2641
2453 39
8175 7743
6097 1043
5240 3635
2762 1004
7158 3146
9881 7651
5759 1165
5915 5402
2060 2015
4824 1965
5045 3462
2036 521
2193 2024
2497 1660
8613 4289
4595 195
4886 1132
5674 1694
4032 3954
7591 4939
4789 3129
7159 1441
3273 1117
1938 481
4568 1296
9932 324
4740 560
7687 90
41 29
6527 223
9642 435
9462 8589
2824 1731
6158 3067
1274 254
545 100
2388 2383
8697 3649
9818 7894
596 225
2215 637
1159 257
6641 4382
9727 3254
4980 2811
1895 537
885 613
7547 872
4714 1860
5955 292
4009 3896
5358 3927
5757 3940
3380 1977
3334 2652
4305 3137
2342 674
5242 757
4295 620
3351 226
1882 91
2028 348
323 221
4874 3791
3686 122
3510 2179
4801 2212
6049 4205
5798 1852
7809 3310
6464 5731
2646 1588
4795 1144
3489 2354
465 456
8950 1505
1596 1484
2973 266
1068 669
1654 1312
3740 880
9432 5623
3475 1373
8079 7656
972 742
9810 4767
7403 2748
3030 662
1693 1224
1899 15
8683 2155
8755 5403
7845 2535
3890 2920
6128 3691
8908 6839
9711 2293
4498 4157
3492 1446
2719 853
9831 5591
4193 3780
8738 3409
458 380
6130 2648
2697 862
1283 504
6500 101
4564 295
1395 568
7672 6826
2831 1476
2111 371
2964 2356
1007 420
2932 1460
9035 2708
2915 908
4465 3116
8401 7425
6931 6433
9315 7307
9553 1651
4496 4478
7645 405
6031 1370
4264 2097
3944 3247
8111 5342
3288 2729
1912 1745
417 205
4918 1986
9600 2421
9074 4923
1009 377
800 522
3269 916
5023 4843
680 357
4834 2856
2925 1363
2730 1419
7839 372
3239 664
273 115
9579 9168
7793 761
2898 860
1261 859
8250 7338
8911 7719
8800 2363
8113 1619
726 134
678 500
3437 2489
2731 1413
950 165
4610 2078
8884 7882
1831 1328
1160 1090
4164 2897
4185 1900
7500 6396
3558 2473
3090 128
9619 9394
5446 1369
5526 1730
8722 4332
4722 4630
4025 2410
949 470
6550 4575
2974 543
104 80
5664 747
3258 459
3998 2993
6372 5020
7041 1038
3641 2681
8475 7225
2947 2839
8196 2406
4477 1936
8239 5705
6170 2847
3643 3573
5776 2673
5061 3562
3618 398
5970 5083
7900 6823
9637 6187
5120 2214
1147 801
46 23
5074 854
5181 1506
697 516
2046 1655
2904 2318
2887 2585
1129 386
6095 3272
73 48
5132 2071
3180 1540
7086 3871
690 686
4620 4270
4570 3921
7475 2715
2707 967
9977 1581
2063 1036
8443 1282
6124 5810
7561 5873
8226 6414
5355 2607
4782 4490
203 166
820 760
1683 218
5630 2240
230 201
7465 2654
3850 2533
3795 549
8797 1823
3928 270
4802 696
6370 3497
3733 3465
1077 575
9654 6598
7188 6442
78 13
9140 2870
6363 4741
119 117
1616 1062
5513 1858
7499 3155
6127 2704
6199 1346
3886 3410
9788 7131
9252 6262
1162 418
1918 1875
7932 2745
3368 3357
7659 199
835 399
2164 319
6521 963
180 132
1448 1233
2916 1784
5485 3448
6481 5029
5539 1248
8290 1456
1489 162
661 505
7140 1569
8158 1923
2698 1664
7920 7888
9188 1975
1798 1092
8611 2772
1400 646
7556 2815
5346 1799
7829 6829
1984 1455
4117 2017
4448 4122
3676 976
3560 322
1069 804
7364 202
8204 7549
8634 7236
3594 3514
4892 2998
2068 1837
6795 3967
9243 2534
3346 2374
9738 1493
7991 4087
9923 8229
9486 4614
6824 594
3253 1152
7078 5068
5519 387
8949 6892
5000 3656
7093 2615
629 113
9005 7916
6510 4476
2418 2405
2659 1191
9929 7053
3309 2616
7251 829
9948 9171
5450 4744
7414 5141
7377 534
592 62
8089 8038
4429 2277
3662 926
7702 7485
5900 5159
9014 3332
3661 1412
9636 8630
6021 4887
4012 262
7913 7189
4443 2295
5719 1946
6016 2903
6263 5041
7464 4845
6946 4757
8030 5502
3823 308
3799 606
3302 3076
1442 989
6177 2477
6456 546
720 97
1582 1270
8149 124
339 198
2771 1662
6760 1093
3451 2472
9542 9332
7469 1210
9457 2364
7455 5822
5907 4243
1797 749
1231 111
6188 764
4516 3054
6142 4905
4633 4244
5709 5331
1297 1150
3458 532
9902 8296
7729 442
3939 1064
5949 1057
2577 130
160 153
5511 5387
1957 256
69 35
5869 3078
2007 1647
3563 1678
