315
1070 8225
8827 8973
5919 6119
8979 9734
3831 4656
3761 6765
4819 9914
5425 6392
6318 9759
1335 6512
2136 5412
4946 7983
2611 8709
5694 6256
3437 6047
9986 9989
1741 3889
1341 5784
7959 9512
8916 9726
7522 7875
1304 5066
9971 9976
6779 6932
9990 9996
8570 9054
2453 7699
4660 7441
8131 9785
2876 7469
4586 8677
2547 7385
7 8784
8300 9193
7889 8153
3041 5389
8741 8970
5054 8075
7704 8611
3578 8082
9557 9635
9959 9960
6806 6886
3745 4971
8573 9516
2636 4452
4356 7459
2868 7237
3053 9375
5068 5730
4557 4607
1676 6675
8909 9703
3516 5822
2341 2710
6737 7521
3939 4989
7564 8484
8641 9584
6327 8787
2237 7809
1480 1590
1093 7586
3803 5168
819 4348
3546 6239
2708 9669
1333 2984
7241 9285
6677 7350
6354 7228
5296 7259
5331 9711
321 2209
8429 8523
9947 9992
2560 8968
2615 9155
3864 6789
919 2100
6465 7945
6841 7299
8119 9637
997 4990
192 1758
6162 8517
1855 7233
2193 7692
5378 8194
9934 9958
7631 8957
4717 5358
8809 9001
810 9392
2881 8267
2880 8262
1682 4485
2947 4085
7019 9924
5607 6895
6109 6267
8447 9208
3181 7684
7435 7717
5226 5462
686 2561
7209 8315
4043 4444
953 5542
3954 9917
1807 2170
650 6033
6240 9487
21 5545
2571 4817
7772 8361
7317 9048
2473 9167
3391 5043
1803 6503
3544 7980
4792 6736
560 2347
572 8380
2544 5017
2830 6025
7085 7463
7645 8833
9143 9729
6962 7030
3438 8009
9953 9985
2268 3905
6603 8565
9724 9933
4778 6215
2031 3009
1240 3019
443 2601
9042 9781
1607 2236
7823 9535
5925 7412
8292 9628
2374 6801
3130 3897
6272 8889
1833 9136
7948 9039
8383 9051
2705 5892
2342 6080
5669 6642
7396 8434
1079 9757
5879 8921
8932 9697
564 3600
6613 6979
5190 8653
7628 8488
3013 4280
2095 2199
4478 8744
7532 8011
9065 9688
4600 7260
3554 7091
927 7218
8863 9445
8884 9096
4046 4718
2626 3936
3046 6965
158 4919
5376 9770
6520 7076
4965 9746
1443 4920
6927 7533
9235 9942
7536 9049
5247 6763
7440 7571
6718 7134
284 5199
3161 4178
3844 5690
820 7832
279 3756
6535 7454
4968 8204
1121 8003
3778 3876
5828 5918
3880 7818
5388 9772
3595 8980
1850 7855
3329 7310
1394 5067
9783 9803
2187 8368
7037 9800
274 8650
733 1810
9029 9280
2973 5933
519 5255
5089 7896
1428 7447
5684 6315
2903 4698
6641 9780
1755 2811
8241 8276
6646 7062
9820 9827
8660 9319
8600 9150
3328 9600
6978 7107
7691 8820
3344 7545
8669 9599
2525 7836
5647 9365
8623 9344
4678 4863
6719 7592
3088 5359
4957 8110
8256 9755
3190 8185
1726 3715
8461 8526
1781 9163
922 7787
5117 6045
9069 9138
5453 5494
5326 8767
3555 7214
1041 7288
3767 8518
1695 8435
779 9624
8624 9179
1321 3282
3229 8890
166 3431
7584 9087
5864 8046
5628 7321
4145 7674
5846 8636
4282 6778
737 3719
5598 6057
5814 8124
2466 8284
5562 7735
4465 6468
7520 8594
6898 8390
9695 9943
5251 7792
697 2442
864 6241
1683 6177
7177 9397
631 5311
5473 9610
3658 9467
4021 6448
3418 9889
5895 8614
558 1613
2510 9812
7715 9749
3572 4262
7943 9533
5622 5841
4162 7643
3530 6541
7760 9802
7079 8022
6700 9578
5001 6805
7543 7639
3080 8722
2993 7262
847 1325
3156 7439
4274 7903
2586 9854
2852 4599
2214 3048
8686 9604
603 1418
9005 9080
3059 6625
9552 9626
2099 5507
6891 9381
2356 3385
6485 9636
4987 9750
8646 9122
8399 9908
5875 7767
5670 6635
8738 9427
7975 9640
7256 7632
831
3306 2697
9363 886
1141 606
1500 458
7918 2021
1780 952
2449 324
5288 3378
5424 641
5691 26
12 8
165 153
8106 1473
444 203
6847 6335
9306 964
5616 4490
691 605
6953 3768
7570 701
2197 1027
5782 2380
3189 2858
767 281
7360 5653
7369 1022
2642 2391
9664 3685
8213 1176
5234 1370
2384 988
6134 2222
7982 422
4587 996
2068 1668
8453 8275
803 369
6490 1488
211 123
1905 1075
6735 6117
1000 427
4445 960
7411 4168
3805 3335
9422 8530
8810 1719
5535 2664
9769 5703
4172 1482
9564 5459
5457 3627
6785 2070
3089 1045
3482 2359
5576 899
1002 319
2226 795
9581 3223
2974 1930
1878 729
4401 635
5629 2345
5581 257
3136 1530
3371 2262
5364 1503
7250 5316
2781 951
9779 3734
8168 1091
5578 1298
6474 6347
4326 3580
6384 4602
3591 2376
212 121
6637 6040
4683 764
1425 949
6462 3993
1509 610
8116 1699
5995 2514
6632 55
3016 376
4100 1035
9034 1871
9815 944
6821 2537
4044 456
4330 1782
6597 5114
7833 7530
8002 7342
1421 67
3061 1922
781 2
8927 6636
3015 2135
552 536
2181 1036
2389 300
6592 429
6903 486
2808 2795
548 537
3143 1720
2709 13
8613 2884
7108 418
3709 1995
5836 3427
1169 401
7179 3491
5519 896
8808 2379
8480 2962
5935 99
622 147
2045 1137
6438 5698
8127 6172
2092 1534
4780 1050
8001 1282
4583 420
3927 1859
1115 640
2223 1851
3469 1606
983 670
2488 2309
457 71
1385 793
6542 4538
7465 2794
5416 3645
3531 1886
7457 3444
4525 2013
2320 1594
1462 790
2284 1313
66 3
8733 7656
277 173
219 18
8792 1820
3354 2951
9709 5449
1710 1624
5539 1278
2357 680
8699 7006
8676 786
518 475
853 623
1351 808
9508 1635
5193 2126
5573 2851
5097 4796
3417 2235
4900 234
3211 2311
2799 144
5147 3588
4249 874
629 22
3553 2613
5461 4930
6190 3840
6960 5599
4854 3912
9618 7002
5722 2622
8264 7395
4554 783
4073 2934
1575 32
3452 1399
1390 1357
7786 2531
9899 1287
6899 2402
2539 2516
1378 1048
7314 1296
1103 1078
7938 7609
8914 8364
2831 1525
1058 901
3005 2667
7537 4299
2591 1453
5717 1609
5612 3986
4479 2188
3355 678
2677 1013
7719 4377
2634 1280
3821 2334
3706 1440
6312 667
1747 179
1599 433
1342 356
976 648
6621 6306
2844 2557
2419 1185
3246 2645
3819 723
7197 5939
9807 787
8351 8346
957 497
540 87
8538 5050
4236 4218
977 65
6255 1717
6479 3402
2965 714
4118 504
4976 2735
8392 3646
9359 897
7606 3517
5554 2003
5912 405
8462 3175
5177 2270
5583 4346
4398 2307
8294 3800
3138 2055
3898 3349
5802 3926
2159 80
4126 38
894 734
2755 181
2178 2022
6844 3090
8941 3562
2324 1638
8177 7749
6035 1257
8162 482
4053 1161
7193 4450
9464 6626
503 481
9982 5437
5688 1565
664 126
2731 780
2764 1454
4336 1348
8013 5109
1601 975
384 256
4699 3076
7003 3029
4624 2843
4969 2859
3869 2726
775 544
870 297
2938 2654
8645 437
8111 1135
5744 2694
5290 1864
4542 2282
7973 2495
2867 2727
4543 127
9523 9348
242 86
79 30
9263 7407
1940 266
6458 4808
7105 5016
9679 2122
9197 6556
3404 1674
1856 1712
6352 5897
9902 388
4488 1926
8707 195
5053 1559
1493 748
3502 199
2072 2012
9368 1163
2368 1910
9700 4963
6313 3960
7929 2689
3625 1294
9419 5732
3943 3324
3317 408
9097 6238
8747 3698
6329 5231
2297 125
245 134
7831 5603
6890 6404
8870 991
4105 773
883 831
8472 6269
374 222
9548 3465
8783 8203
9589 5033
8750 6589
1100 275
351 302
4619 3216
9332 7728
7933 3429
5130 2363
2480 1786
6467 4422
2085 931
6133 5605
9615 4284
3971 2679
5210 5000
989 368
4962 3170
2901 2238
4183 1610
9396 973
2390 1461
6445 6372
3483 1358
6507 879
4824 4693
8907 3075
1721 307
9177 8577
3974 3334
2713 1639
6796 2644
7885 6285
2040 1046
7444 6750
1202 625
3716 2037
2035 1388
5712 129
1655 1154
4439 1191
6849 2743
463 246
423 327
9898 7526
2763 124
2687 1749
6563 2963
945 581
5609 399
2627 710
6786 4964
8654 5322
8638 5975
6566 1896
9591 3815
3980 2825
5709 3158
5020 2685
4394 3257
9266 8260
9387 746
7816 6569
2082 1625
8543 4136
8057 7429
485 96
6302 3294
6095 2663
1281 928
2596 1704
2827 2712
2759 2526
6588 2423
3693 2550
1004 299
6473 693
3950 3579
6649 1740
197 138
6606 1806
2361 565
1193 5
3504 2798
3291 1410
1337 559
3977 2348
9457 3673
7075 5225
7690 2803
7806 7021
5221 1694
8000 7094
7726 2175
312 172
9304 8065
6959 5812
6725 5736
1981 1233
8897 3940
6599 6088
5113 1852
4213 3534
5258 4403
9274 5803
3346 3186
2018 555
4373 3938
5060 1589
3364 1567
9192 3063
5590 4873
4200 1892
4016 1284
4738 4528
7847 1305
8963 1626
8539 1813
3368 2496
8724 5204
2747 1799
8807 5179
5873 4067
1007 107
260 78
4147 2184
3723 846
6738 1562
1804 1706
1496 732
2412 613
1743 947
2860 695
6910 6034
2323 1848
7150 3609
8012 3560
5122 2649
5524 1222
3914 1405
2960 1105
4504 4458
6375 1760
7997 7352
8545 6415
6196 5527
4593 3714
8875 8228
9146 1697
7802 2801
167 94
6834 400
4611 2463
310 6
2443 1847
6114 2602
924 224
2704 1237
6939 5783
53 40
7290 6456
2767 1104
411 110
6436 413
735 177
5646 4335
8556 4188
3851 2826
6062 2440
2504 1152
6963 2254
2692 2168
3710 3072
5087 2728
2093 802
4498 2518
4003 1427
7775 2776
3337 2377
3313 2150
4935 31
4663 4511
7115 2749
5738 3879
3254 2838
7239 7156
3276 2474
9286 3839
5697 5146
8928 322
5785 939
6934 5566
1602 1570
4472 822
8575 824
8426 4704
6461 6289
4035 3599
2933 2738
8859 3379
6373 3069
5252 3915
4827 645
3043 1361
9215 6032
8409 6366
8281 4339
4146 318
8187 3743
8688 4212
1550 1416
8192 5685
5355 2101
4027 566
8161 5134
346 218
8552 6647
6942 3473
5039 4084
1279 1262
1983 1234
140 52
738 700
514 434
9127 1470
4884 3981
1585 1243
378 148
7089 5955
7334 1316
6402 4173
7916 5486
9851 8549
8698 7090
3198 2829
210 92
8582 2661
8626 3360
1543 1431
3265 1414
7333 6036
2493 814
5086 1251
505 188
9563 578
8027 6118
4910 4558
5549 2739
6764 446
6657 289
8503 2332
2966 1515
8987 741
6394 467
391 390
6359 5250
7014 2434
5878 3422
6809 1021
4688 4
1843 1139
6060 3922
4791 4668
8689 3389
1261 596
2500 1502
7418 500
8186 6108
8074 3394
4095 2691
9119 3272
5923 1498
6578 5781
9106 8049
3042 1444
2281 1571
8910 4054
6726 6605
5575 1436
7044 2999
6517 10
103 91
2567 1958
5969 4516
2054 1381
7033 584
343 105
7951 3226
5441 1083
1745 1641
6837 3952
5805 4437
6014 4561
1221 1187
3347 2822
4286 286
1107 799
5582 4143
7216 1306
1612 435
7246 6115
6191 3152
3022 487
7297 5278
1346 502
1904 1172
6484 6039
4061 1365
50 28
3064 2142
5844 1344
3808 3736
2719 163
8855 866
3704 2676
9477 371
6644 1633
4907 1199
2886 2083
3163 661
6803 6758
2817 884
1546 44
1441 1320
9945 8922
5248 2279
4981 4681
2741 1124
5565 2088
5176 2415
8271 926
9656 4496
4908 4727
9644 1049
4740 3115
9347 8947
7698 3154
6350 5392
1179 492
3120 1972
8329 5794
3629 2336
5075 3676
6716 940
6624 455
2604 1873
3769 638
7165 5811
6862 2562
7471 3139
6122 1362
2535 56
8054 6376
7114 7051
9903 9465
3752 2312
2507 2274
2698 2438
1528 718
2972 88
7655 2941
5968 4048
5135 2217
4531 2583
2639 2120
4914 2980
8532 174
4783 2424
1366 903
7035 5517
4263 3460
539 338
7242 2094
9937 6401
4030 2287
1126 406
259 182
441 431
1449 1375
1730 102
4470 185
4041 2778
923 214
8850 3884
4364 4039
3856 1131
6227 4677
2450 1223
6127 4603
2448 1505
4949 2633
5267 2773
2570 1066
2110 1173
5853 2582
4180 150
4206 472
7942 2411
320 132
2706 811
7768 7567
1659 1207
3561 2081
9168 1349
4750 562
2762 1469
4540 1485
8042 801
4811 4296
6173 1376
6814 1475
7222 3102
7306 7061
2556 1010
269 261
1210 1162
3621 60
8962 5149
4970 2893
2482 1961
2239 1677
7224 6807
2343 568
4701 2163
4669 1118
3811 1113
3641 1846
4665 1866
4951 2595
523 335
5405 1085
7492 3002
6305 4058
4514 3668
9067 1900
711 615
4878 3868
3083 2472
7795 6399
4435 3250
3485 339
4114 4007
3965 2614
6631 703
2736 672
3636 3050
3133 2574
5751 3084
3900 770
5737 4253
8501 1640
3006 1532
9871 2970
271 223
2748 1605
1690 1260
2280 1574
2362 614
6839 6079
9382 7842
5704 2695
1870 698
5876 4004
370 155
1794 579
2549 774
1539 1536
48 35
1722 717
2921 387
3603 1572
8497 1999
5330 1080
3200 2949
6294 3727
2566 337
5504 634
6085 674
1146 1112
1779 1130
4204 2823
5922 5890
4846 2909
4202 1077
1368 679
1664 557
6319 2658
5854 4959
6252 3107
2673 1271
6795 1956
198 69
8401 5030
8295 6144
6174 4520
8806 845
2370 618
3525 2668
9250 5025
9356 4193
3100 3023
7665 3145
1317 1308
3212 855
8408 3718
5285 821
2943 1974
3664 2545
