874
8959 9343
6110 8569
2873 5498
1768 4091
1302 6800
1708 9611
657 3724
5269 9286
5295 8013
3001 5166
7347 8270
4991 7697
3046 3073
9316 9631
3103 8463
6874 6902
8917 9812
3634 8662
8870 8886
8621 9930
9217 9781
2159 2537
2910 3235
9878 9968
9020 9496
4260 5019
1886 6006
1962 5605
9086 9858
4992 6369
7226 8323
9454 9942
4683 6989
3063 8541
6920 9751
9532 9710
3935 8683
9800 9946
2169 2312
560 5912
9450 9647
1827 2627
1641 3674
7251 7800
6635 9972
2778 7859
9380 9561
3247 3837
9897 9973
6542 8630
7 4229
6536 9620
1624 4374
2469 5092
3874 4576
2180 2458
9295 9823
3741 7781
8702 9668
3535 7131
8788 9624
2152 3061
9211 9482
4139 5485
2041 3725
2587 8830
7797 8328
8044 9160
9234 9275
6572 6615
6098 7139
1705 5446
2565 4873
2117 3622
4365 6940
4541 5000
6790 7415
377 4937
303 5811
2127 7456
3317 4608
5078 8768
6361 8809
589 9756
2091 4006
6564 7948
2018 7397
4354 7248
8189 8997
8002 9057
6392 8648
3602 7307
9989 9991
8654 9472
8756 9045
6922 8012
340 4213
2105 7379
7303 8792
7121 7262
8469 9082
7238 8720
4359 7658
8996 9394
8342 9331
4529 8645
2640 8447
48 8626
4399 6181
1081 9061
5155 6125
5062 8053
2633 7671
1800 3830
1046 1545
9146 9191
5282 6242
5680 7395
9699 9811
5156 9947
4942 8325
893 5633
5309 5614
6495 9484
3307 7108
3524 9643
8838 9030
2861 9241
5411 8154
9288 9725
3496 6308
9770 9842
2713 6841
8910 8913
1509 6795
3021 6785
7058 7866
5946 6163
5248 7677
1678 6425
6552 7913
4979 6126
5239 8496
1387 2268
3467 4671
3666 7774
7865 9262
321 2708
7410 7650
9347 9874
2839 3078
3913 9180
9036 9419
5218 5293
2183 3885
1728 5170
3407 7586
4000 5051
7302 7465
2486 6371
916 3876
3735 4759
2736 6354
5652 8268
2921 5844
4883 5290
4432 7825
2237 4747
9932 9996
4472 7917
9110 9856
2673 5260
4217 5114
4376 4661
4934 9894
1372 2171
8987 9657
6395 7408
3121 4507
5743 9250
1455 9959
9145 9240
6424 9754
6086 6184
2929 3051
5439 6510
541 9346
342 4523
5687 6411
3598 3822
4524 8951
7199 9528
7923 8452
5731 8527
6408 8818
1940 3040
9466 9571
6736 7644
3899 7696
7838 8629
2496 5553
910 1331
3789 9880
1879 4499
5182 9493
6974 7829
2525 3368
3827 6466
62 4119
7263 8347
6832 9882
9546 9771
7852 8775
8802 9345
6563 7357
9517 9766
3265 9871
8033 9797
5259 5415
7484 8009
1777 3198
839 3379
8816 9526
3863 4668
9038 9913
2258 2966
3237 3551
5489 8021
1038 8881
1262 6063
7761 9733
6837 6870
1433 7007
9041 9483
2595 8366
1672 9485
4918 6342
8175 9524
1000 4041
7146 8764
5819 9344
699 2691
8726 9908
7205 7515
2827 7282
1272 7545
4679 9487
9553 9979
1404 9717
5835 6220
5787 9063
5666 9828
8288 9421
3565 9728
1760 2552
4997 7424
883 5326
4022 5575
5670 7611
960 8196
2142 6217
1418 7299
7197 9156
4982 6667
3742 9677
8968 9610
8627 9194
5118 9383
5968 7548
584 6525
6751 8795
3979 6607
6099 6867
1041 7010
4975 6575
4292 6152
5479 8047
5347 5622
7099 9283
5629 9078
7773 8184
7320 7506
3338 5822
1694 6310
4948 8983
4612 9069
7212 8962
8526 9242
8681 9829
7559 9596
9694 9958
8289 9709
9425 9562
338 3406
6477 9653
6433 7642
3640 8173
975 3936
7524 8587
3331 4973
9888 9916
3696 4223
2935 4337
6278 8567
9518 9645
4867 6959
460 9302
3233 6208
3773 7474
3960 7704
5866 7915
8554 9175
2473 5194
9977 9981
3619 8392
1560 3059
6385 7769
3747 8528
4393 4577
9064 9926
979 8059
9742 9921
3790 6636
2049 5442
5508 5669
6054 8480
8407 9358
4717 9229
4039 4287
7144 7273
2367 4709
212 9464
5796 7496
7468 8930
7284 8223
9626 9893
2184 4138
5898 7317
4770 8103
9549 9782
998 4192
8717 9825
6688 8151
452 7354
3917 9197
5749 7495
5782 9184
879 1771
9538 9720
8624 9907
3215 4278
7903 8711
9601 9816
954 3901
6329 9834
6416 6444
900 3003
1534 1700
1092 7450
213 3927
9621 9790
2776 7138
4999 5246
6571 8362
1537 4667
9748 9796
1686 4567
9274 9354
9857 9868
6923 8738
944 5754
4198 9764
1386 7510
6866 9550
5513 6050
6633 7113
6389 6463
5362 9460
2603 7135
3481 7500
7451 8341
5824 6024
380 680
7536 9376
9746 9975
6037 7167
1864 6879
2791 9580
1913 9835
149 6429
9438 9481
7329 8511
578 4099
6578 7553
267 8955
6794 8851
7142 8139
301 422
1945 9396
5298 9566
4115 7777
2343 3355
4404 7872
6881 8104
2448 8331
7566 8612
1357 3079
9477 9543
6460 8942
215 5598
4276 9896
3661 8494
4317 4338
403 4483
3253 9318
4255 8375
2153 2601
6438 7102
1657 3806
7350 7575
3275 6739
5311 8514
4976 7986
6398 8451
1405 5832
400 6147
2819 5929
1453 7768
1419 8055
4837 5483
4864 8422
9480 9735
4226 8425
5005 9753
4656 6235
9577 9838
7297 9510
2850 9760
36 1430
286 7232
9328 9901
2393 6500
9430 9462
8773 9695
4573 8776
2464 9193
1485 2357
2447 7809
8247 8995
2233 5060
6148 7110
4908 6000
8684 9152
2174 6137
3455 4081
79 2573
7115 8803
9805 9943
4872 7101
441 3729
2236 3328
74 2063
4485 5195
1037 6960
6921 8549
841 3072
7593 8638
2001 5360
2580 6735
5277 6927
1010 3029
408 4808
8698 8747
2238 3032
540 7388
6468 8896
7308 7646
9401 9584
5083 5486
6857 9433
5887 7636
2235 6640
3649 3990
8393 9768
6715 6904
2004 3361
9905 9950
2338 5690
7067 9282
2515 6364
2216 2330
4280 8515
9809 9971
8679 9123
9703 9840
8200 8551
3374 6318
8599 9353
4239 4899
2628 5257
1643 4373
4177 9360
7572 8733
3242 8228
1968 2871
522 3364
1052 3879
1811 9215
7421 9646
1368 6260
5571 7412
3739 8170
1857 8632
7818 8774
2109 3302
9149 9382
4833 8577
2332 8192
2810 9999
5744 7543
3052 3853
4196 7876
7997 9630
4875 5715
5219 9730
4714 8388
107 488
7381 9051
5033 9898
3703 5369
3923 5604
4814 9745
2686 4850
3614 9609
3578 8589
2256 6740
4478 6912
3240 4871
5815 9289
3349 4974
4896 9597
9142 9506
8665 9356
950 2302
81 1009
1158 6731
9606 9804
1427 8054
3501 5377
1094 8931
7871 8981
7325 8017
2612 7457
1085 7698
8409 9077
6884 7900
4684 6072
6346 8801
7756 7899
4904 7584
7255 9301
6538 7625
8925 9655
6133 8752
4965 7850
7966 8371
4662 7032
7750 9665
480 5153
4964 8946
5279 7499
7254 9572
3268 5988
2306 6076
8448 9941
2470 9367
9213 9259
8688 8854
2846 7984
8907 9515
281 1619
2936 5778
1075 5333
5704 8026
949 1191
8882 9547
1518 4457
9048 9936
1982 6192
7204 7988
5163 9876
7830 7991
5603 9116
171 3843
2584 9583
690 3743
7606 8043
5027 7086
8533 9178
1927 7016
4356 8782
2078 8575
4846 8884
8006 9884
2328 6627
275 773
4669 6201
6583 8973
5014 7094
1164 3444
6140 9740
5001 5126
8128 8748
9634 9706
4052 5870
4861 7331
5069 8676
5480 8008
554 5587
6128 7443
8172 8382
4930 8789
1849 3576
66 4410
239 8423
7070 7949
597 3664
7513 8578
8779 9478
6582 7405
331 2840
7792 9712
6209 6418
8762 9223
6899 8614
7469 8349
238 1116
1822 1884
6725 8410
7737 9373
8114 8974
9122 9902
8771 9719
1929 3180
1986 3738
766 6990
6055 6694
4784 5455
170 2120
4381 5873
1335 5034
6623 7466
3945 9923
9582 9824
3632 5653
4811 6681
671 2493
393 7272
7100 8513
253 1115
8443 9189
1513 9388
7522 9574
6868 7315
5726 5788
5891 9326
6676 7863
5530 5678
9144 9491
9639 9978
4291 5595
1168 6514
8095 9009
6455 7910
2826 3010
8949 9542
3357 6091
6614 7216
7418 7547
7520 7926
4158 8479
5545 6821
8327 8734
6944 9444
8115 9956
7352 8558
8202 8363
9635 9691
4697 4893
8454 8729
1205 2492
5008 6964
6846 9801
4094 8992
9724 9985
8176 9264
9715 9750
9953 9988
7488 9014
6664 6910
7345 8677
3586 4470
4436 7517
8107 9046
1322 7880
5729 7140
5273 6787
191 9445
1802 8508
8181 8188
9837 9865
7602 7835
2408 5982
8136 9127
2003 7124
2051 6362
7491 9915
2112 4988
2324 6437
3641 7227
5840 9866
368 4281
3931 8165
3401 3483
5623 7136
4299 5624
5494 6551
4968 8245
4706 4876
7027 9260
3978 6451
1111 3231
2006 5467
2761 3064
2665 9548
2217 4786
3946 4054
4055 9497
1066 9037
4978 7310
162 2437
5668 6670
4869 9456
6517 7039
319 472
6540 7702
3332 5188
1540 3491
4073 5457
4678 7815
9803 9939
358 7340
9525 9594
5461 5875
3041 4454
6508 7168
2854 5504
2596 3947
2554 5478
9527 9662
242 1099
8649 9218
497 4766
8077 8339
1123 5036
575 5495
7928 9788
4989 7532
2435 4429
6482 6769
942 5630
3575 7157
8037 9181
3694 5845
5101 8971
8038 8343
5805 9243
2637 5524
4778 6059
6626 8969
9670 9967
5143 8211
1380 7960
5779 6697
2815 3817
3793 4840
3737 8732
3053 5850
1210 3399
3630 7730
9618 9723
9830 9935
3128 6044
1980 9417
7922 8329
8111 9744
3405 4677
1651 5055
178 409
1527 2888
8444 9365
9759 9817
6138 7247
1011 1852
4985 5128
4559 8132
130 8713
339 547
6203 9271
8137 9749
314 8287
8297 9652
5599 9183
8529 8751
4090 6823
8750 9386
4812 9427
2145 8650
3508 7188
7772 8901
4140 5365
2749 4048
493 4629
4345 6559
4204 7961
3918 8911
76 1865
2647 3002
4191 4420
5692 9228
6199 6658
4815 6778
5159 6116
7192 8829
200 4699
667 8286
8691 9990
4771 7089
7660 9455
7527 9554
7163 8848
5205 7727
3736 6312
9018 9170
8596 9017
738 769
7790 8163
1695 6161
3485 6077
5431 6344
4588 9906
8666 8846
3371 4641
8276 9623
457 8235
8591 9534
4670 8656
5639 8070
6706 7006
6382 8241
2479 8562
447 4288
6807 9138
2624 9090
5544 5927
2220 6947
4549 5561
1992 2274
8825 9881
6070 9139
8207 8808
7937 9698
3734 5183
6835 8865
928
2667 707
1683 1642
8472 1232
3506 817
1022 927
222 22
6693 4919
6085 605
8354 4564
63 27
2845 2613
1330 1217
8195 1855
4088 2042
2287 1043
2495 1812
4606 2311
3168 1015
5289 894
5708 2788
5590 3579
344 131
110 75
2805 262
9107 3449
1548 1523
196 185
8880 7694
1921 1277
6357 5453
411 257
5053 187
6264 3498
8315 5909
1514 701
1197 229
9072 5009
5535 1885
4611 3016
9763 8119
8507 2072
211 88
3140 1817
2402 663
6869 1240
9284 5905
9293 5574
9237 8475
4335 1410
5930 1385
2675 756
4809 962
2984 369
4532 2952
4106 504
8633 454
6668 2728
1059 351
6780 3223
7455 3977
3871 2071
4619 780
9638 9126
2744 896
1498 1251
7189 868
1017 924
39 3
7941 7892
176 139
2349 1979
8185 1859
1920 1821
2832 432
3077 1689
6852 1924
6550 5555
9489 1956
8432 3098
8839 5122
4092 19
180 119
6520 280
7107 1654
8478 6498
8806 3621
2955 1709
8757 7568
543 464
1565 611
4914 510
5838 1467
5233 3186
4666 2849
5772 142
9306 2376
4803 3971
2348 2345
8158 3083
3086 327
6178 5216
6518 1934
3745 1833
5373 1390
7050 3260
9374 6198
6452 2055
624 312
623 590
8190 6924
1656 431
5472 3672
5353 3057
3218 747
5591 3026
104 95
4947 4214
3818 2160
6999 984
5620 2847
21 20
6982 1602
5768 3633
12 10
1778 994
4024 2524
4633 1572
3108 1574
2894 628
7881 1371
6434 5559
8980 6539
2848 634
3751 837
3289 2466
889 144
8369 2585
5427 951
8299 1826
2896 2481
1953 132
1732 106
5677 3525
3539 1082
3812 3341
5748 1076
7963 3961
9256 357
1868 304
9369 7628
7868 4093
5641 2860
2978 1524
2940 45
9859 7965
7319 5885
6082 305
5956 4417
108 6
8908 5068
3675 2856
7944 995
399 209
4245 915
1723 1290
4835 2868
6245 3628
5897 3251
4219 396
2379 782
1697 649
8492 5627
7765 2422
146 43
2491 687
7718 5926
572 381
2364 1062
512 105
8292 5732
434 136
364 34
7799 7596
2354 1354
4732 430
3475 1355
5488 857
4962 3474
6573 102
1789 533
8041 1775
2264 251
1013 491
1048 777
3418 552
410 99
4542 1952
5287 3925
3097 378
6066 2320
182 64
8336 1072
2626 1567
6159 78
4439 3805
3816 218
3473 2205
8878 2799
1806 413
9684 4794
1457 1336
3118 840
783 622
7031 2436
8091 6544
7463 2411
9650 3835
3436 3191
4476 4375
2531 2366
907 509
2275 965
3680 1973
5477 2611
2135 1343
2892 970
6182 3590
2663 1329
9605 6887
8337 2333
1597 501
6533 682
9685 8161
3164 1064
3532 527
8945 5421
1713 599
2325 72
3825 1804
3185 1070
2403 919
3075 3005
8291 5344
4763 534
6748 4468
5785 2918
2329 517
3445 15
8007 152
6992 3775
9461 8244
1150 103
3766 2245
3958 1300
3007 2088
4040 3055
1658 499
4746 3886
9252 206
1908 1012
6049 5648
6447 1620
6004 3329
9535 7713
9612 5121
9674 2126
7985 3258
752 507
8350 5231
8759 3599
8431 5206
1854 761
7165 1174
316 265
269 164
3013 1375
7785 4839
9432 6001
6275 3644
4259 2513
4511 4289
6644 3413
3437 2999
3158 3082
3092 2578
1774 1040
7252 6509
5015 1629
6207 4924
6413 796
6025 3430
3160 1198
92 25
2031 395
1905 1844
3378 2646
1394 1144
5877 5086
1743 861
6977 6687
2993 2148
1086 274
4682 558
6322 5965
2783 2707
5251 3878
6381 1135
2365 1067
87 29
4863 367
8576 2594
6229 1133
4905 4716
3982 3065
7669 4438
6782 365
8636 4382
9313 6968
2938 1180
5209 1252
8133 7175
8906 3567
6158 3366
2882 2321
7411 987
7996 2081
5331 3292
1747 1353
1362 1156
688 158
255 240
9992 725
8300 7896
748 192
9402 4704
6064 1131
8387 2102
1915 618
6450 1471
4070 3589
7071 4954
7764 3699
3545 1707
2717 2450
44 23
261 97
5414 988
141 90
8298 7092
6507 3409
726 581
9591 5407
3282 2874
5284 1836
4602 1344
7460 3683
5388 85
9106 1463
5794 201
3428 325
4069 2251
7555 1519
6280 2521
2550 2219
3295 633
2600 937
3779 1096
5521 3600
5281 2604
7472 887
9523 7514
9285 6305
9983 5780
5426 5184
1617 886
6535 5999
8433 7459
5995 2621
2412 1126
4392 593
8408 5473
2124 462
424 375
1725 268
1809 626
2796 931
4790 4644
4298 2654
3028 1002
8920 2444
5444 412
2927 32
1373 225
9627 2000
9595 4435
6169 3933
6339 4960
2831 825
6809 1772
7249 3896
4060 3986
6560 3548
5511 4087
2094 1892
8075 1434
8011 217
2683 797
4064 705
5106 1395
1431 1267
3102 964
2990 607
977 221
7280 4183
8385 5061
4819 4026
2059 1715
1234 619
4267 2213
1685 1503
8934 8049
9700 953
1867 733
2581 2297
9791 8640
2641 948
2472 1757
9124 127
2442 2225
8162 6752
2635 2181
4568 2082
7117 363
3440 559
3246 1119
6458 5252
1140 847
3174 2478
9948 3117
3325 3279
8653 7109
5861 666
2733 811
5860 443
7193 128
4434 4190
2630 2413
1283 788
6605 5728
8603 7417
9212 5025
109 56
6306 1706
1425 771
1803 1203
1276 329
2190 2034
5872 1813
6053 4645
1403 1218
719 223
848 214
6185 2817
6594 2852
373 138
7748 1763
6123 914
6010 1720
6976 2631
694 244
4043 2716
293 120
836 709
2526 2141
1644 114
9398 3987
2591 854
913 862
4995 1169
7479 1712
8566 838
4188 1450
3828 332
2156 2021
3831 236
7265 755
4795 961
6423 6304
2278 1103
5018 641
587 414
1835 1525
7435 6336
2862 1950
9787 5024
7055 3301
4247 3380
9387 3887
4144 2689
3192 691
4103 3482
4935 1212
8965 7877
786 742
6918 5874
1633 1535
774 450
2432 1899
7111 5928
2753 2543
3450 1359
8921 2096
1611 1107
1722 336
7816 5635
8412 8313
6337 4810
8706 1600
3468 905
9006 2915
3089 2449
5997 629
9734 8229
3542 177
7935 4911
1181 98
5957 1237
3841 2242
3495 530
9945 7617
8889 6581
9912 7029
7783 2319
8523 5339
3568 2895
4193 2136
7979 6332
4501 1315
5357 3515
7116 6228
5172 921
8916 8892
6301 5161
2224 385
8413 2793
4754 198
8120 7260
3682 3582
8234 941
1279 751
1825 936
630 309
5871 5784
3177 1538
3255 2877
1605 880
7745 4566
4279 3809
9224 2103
2869 1231
5474 2506
3894 3018
1941 1754
1039 672
7259 3381
9520 2842
4646 1925
8130 7537
1478 428
5255 831
3967 1143
9261 7681
9844 3161
2070 2015
2528 429
8646 5449
254 57
416 71
1195 264
3687 1873
6048 588
1500 349
7724 436
5550 3334
2149 1562
8285 3955
6016 478
1632 500
6737 991
8227 1780
3201 2989
449 67
7200 6331
8391 1796
9633 8574
6036 670
1398 199
5169 5017
5181 582
5931 3949
6419 3414
3385 1539
5829 352
1755 159
3348 202
612 538
2931 350
6281 3993
4813 113
7591 3321
6472 5960
4143 2489
9129 7195
2858 1489
8742 5867
8029 1718
2226 876
8487 721
6197 4517
1801 1222
3527 2653
2282 324
9188 2681
2837 291
1850 1659
4137 2080
9810 9246
6692 1361
3536 2579
8464 219
7416 1367
7164 5079
6241 1130
6707 6150
1639 1256
2315 674
7353 7162
6562 6226
292 47
5802 1246
1634 595
859 734
9743 5186
4258 3908
4823 673
2763 1596
9661 479
2650 2068
181 137
7375 1618
7441 5476
5003 2670
7902 2807
2908 183
3648 1995
2522 483
7413 3807
647 308
3973 1576
6428 3326
6174 781
6180 4152
4086 3023
121 38
5338 1415
9457 3252
2643 2083
5651 2259
7721 2182
9637 60
7819 2618
2909 228
2227 648
4256 1351
425 258
5098 561
6755 6554
1208 387
7895 6523
175 143
8304 5514
9575 8999
1155 685
6383 5230
3847 140
5567 846
7230 6618
3115 1919
9168 4234
7001 2786
3624 1853
5974 2692
463 42
5733 625
1961 310
1137 273
9994 2901
2483 1439
5981 818
6775 5238
7934 4727
8019 785
3394 1580
3662 1472
8034 4051
1875 1446
5497 5302
6690 3285
9384 8740
5596 4377
8628 3963
1104 513
9350 5855
3125 1165
2346 677
6350 4957
7516 2185
4495 3387
865 757
9667 2769
3477 3300
4555 2883
9060 3665
6290 466
4762 1178
490 313
3038 3000
9441 6494
1506 33
2639 2331
86 68
6108 2347
4998 1998
3685 1045
3203 1640
8045 4274
7744 6946
4166 1325
8094 569
3770 2253
3068 2164
2498 2370
9399 9056
9109 4210
3324 3273
7787 7504
7427 3869
4729 1193
3716 2965
9031 7719
7862 2050
849 601
2608 2266
6649 2971
7366 4595
2389 2130
4689 1779
6341 5254
3134 356
4129 285
4340 50
6015 3720
2823 2693
7552 6279
4465 3509
3234 2121
2727 1285
5321 3507
3776 749
529 451
3095 2977
1843 1568
3471 91
6863 2271
9300 5950
6713 2838
5091 4932
3785 958
5412 5103
3283 2764
2520 2113
3838 1227
1710 661
8765 8476
9982 5032
5430 1091
2087 101
8093 1814
2200 1042
1396 843
4290 3183
4574 306
5562 4242
3997 2106
2822 1160
6788 866
1828 1536
2809 989
7639 6289
6818 335
7707 7208
6603 4225
1411 882
8042 5718
7775 4160
9614 8265
2664 346
4626 3069
760 51
1928 535
7028 6798
912 465
5237 2378
2682 2381
5761 1930
4681 1402
1904 758
5417 2943
7619 2061
5586 486
863 193
5145 746
548 245
5382 3646
1900 1587
1451 498
1025 37
4358 1682
740 168
2440 1294
6969 31
7691 1649
2953 1963
3940 2176
6880 5823
7973 4425
6454 952
1893 288
4237 577
828 565
9875 7432
6530 1254
5380 4891
2975 1100
1528 186
3388 1441
9044 6577
9573 8743
4530 2960
1057 379
197 69
616 296
860 579
89 52
4163 2056
506 477
3159 1902
6160 5368
4513 4310
4303 1861
4176 3911
1749 1187
1870 1305
2397 2099
9019 676
7751 4061
3154 3060
5198 2844
3489 1750
7875 5154
5758 2129
7753 2194
4181 3533
4832 4692
1734 925
6214 4565
8381 8182
9711 5190
5345 4536
3135 754
5660 2986
1261 4
1663 714
2359 353
712 644
1224 1146
3129 179
4515 3808
2562 1228
5308 4270
1917 1226
2649 736
3210 632
1490 1065
856 188
4665 3708
9779 5215
5007 4858
4897 1388
9099 6041
4526 394
1350 871
8351 1922
2198 805
3085 1679
6373 3569
8252 3991
6060 1481
6741 4868
583 440
4122 470
1704 1470
354 16
8401 5626
2502 59
9058 808
6622 401
3914 3603
5171 4821
9540 1474
492 384
5568 2074
315 49
1301 194
6930 1792
9001 1691
8470 4504
8977 8305
