310
2647 6743
9683 9804
6781 7880
742 5864
9787 9899
1764 8729
4771 6494
570 9521
2513 4615
3357 5729
1531 4235
748 9704
4726 7770
8154 8746
7899 8723
5108 5647
2947 9165
5603 9236
3114 9243
6790 9538
6952 7082
6541 8414
5922 7678
1867 5308
5727 9189
6668 7849
2863 4969
9070 9087
5699 8087
1388 6708
1896 7676
8716 9230
2278 7037
2267 5134
5583 7985
3872 8827
2196 4255
4867 9202
7499 8407
4031 5567
2535 7140
2399 3121
2702 9222
6314 7777
6482 7736
8331 9566
8596 9289
7024 9003
5880 7076
9025 9296
8011 9563
4022 5465
8216 8445
6669 7695
2529 9044
6443 9247
5018 6723
555 3707
3300 9734
261 5901
1622 4633
6122 8453
9575 9982
9218 9351
9952 9997
7750 8435
3304 7662
9691 9854
1488 5530
9833 9945
9143 9433
1756 7015
9409 9867
253 3679
4636 5594
6630 8173
7917 9383
7127 9315
9550 9680
5829 8409
8814 8857
8052 9396
3734 8817
7273 7516
844 8095
8540 8815
3892 4484
812 8981
7510 8367
7384 9881
3633 9004
7515 9676
3710 7633
2952 3699
2407 4973
99 6718
581 2434
3257 5422
9110 9987
2684 9959
8196 9061
4426 7415
5394 5398
6980 9551
1153 6303
1951 4698
2026 7462
4577 9767
435 9627
1200 5571
1907 2722
6748 9587
287 6281
5447 5798
4695 5086
9233 9528
1658 6874
3000 9942
3248 6222
9492 9931
8613 9328
6533 8284
2009 2760
9948 9984
5434 7997
6886 9655
1817 8916
3538 4661
6075 8003
3106 9897
9883 9991
1297 9743
7872 9424
1505 3812
4417 8426
5711 9027
6045 9446
5240 8001
3968 9064
5433 9447
5534 5890
9045 9712
4199 8900
352 6084
1016 4508
5958 7497
5556 7118
6365 8917
9035 9937
4731 8260
9207 9389
5194 7531
9271 9887
9732 9901
1966 6141
713 867
6950 9273
9928 9969
1805 7761
3068 8129
2479 9843
6016 6451
458 2476
8031 8459
7420 7866
8313 9658
6554 6824
7601 8552
5162 8004
1245 6990
5310 6702
1773 3837
1303 8994
3870 8201
6532 8907
5630 5752
7379 9339
4481 6509
6663 7464
9014 9129
4344 8290
1511 9323
2349 9911
4957 5088
9432 9921
811 5396
9612 9847
8544 8822
6976 9829
3442 4264
3241 3738
7725 8713
5269 7648
8345 9824
7080 7841
9261 9319
1519 1720
2366 5006
9605 9642
754 8603
8677 9091
7147 8213
2835 6956
8294 9395
3329 9645
9756 9986
2232 4085
1680 2754
731 3785
5900 7249
7900 8464
4377 4882
1616 7281
6903 9180
5438 6922
7073 7995
6094 9542
2587 6368
2128 2360
2818 6191
2740 4967
2075 5010
4737 8398
1678 4547
4449 5090
4036 7513
3380 4769
9514 9772
7883 9250
854 7052
538 2960
3476 5359
3765 7631
2176 4431
2179 5290
57 1656
2589 8970
5947 8550
9030 9752
924 9736
8878 9699
2903 4103
2082 2571
6727 9377
4358 7427
2507 5754
5892 8862
4860 9486
7253 8806
4116 8255
5097 5598
6348 9198
9098 9166
4595 7628
828 2029
2361 4650
1922 9817
8998 9784
216 7087
264 7374
3350 6859
9910 9980
4456 6562
7508 8618
7444 8206
3365 6833
3023 5211
7996 8694
9517 9878
7224 9666
7078 7528
745 8888
9846 9939
5833 8428
9582 9783
1156 3036
9392 9866
2733 8053
4990 5197
6184 9522
9962 9979
7366 9245
7684 9020
2837 6208
824 6269
3472 6741
1848 7308
4861 7428
9754 9963
5386 8571
3250 3289
7410 7747
3195 8865
23 2377
6675 7266
3494 6848
3322 7687
9239 9922
6424 7931
6032 8530
8059 9821
4266 8697
7106 8417
3612 8867
1427 1522
7838 9758
4505 5487
7056 7313
3554 5521
5425 7763
800
6825 751
9001 2146
3718 1385
8653 4947
2078 906
3165 342
9419 408
2461 277
205 11
7451 2955
5853 946
5906 2250
2403 425
2071 1552
4340 1357
71 64
7942 1740
3454 198
8377 1774
1147 356
3336 1509
8441 2851
7613 2856
3077 1903
7378 1425
5872 1162
8612 6857
5590 5223
4184 4037
2547 2251
5563 206
5858 3502
2875 2568
5130 2021
7031 5762
429 279
904 140
358 214
9459 4410
3267 3226
6681 1705
6699 1230
6364 744
2527 1655
2630 1950
6821 5838
1696 1057
7192 397
4509 3770
1018 579
8207 4155
682 370
6911 3361
4249 3830
6626 2195
9554 1775
3489 2514
9179 4690
624 105
4280 1285
7187 559
4571 4244
2449 1748
4220 3880
3964 3310
9008 7067
8659 3292
546 149
3817 350
3075 1085
6442 6295
3393 335
7611 4502
9225 7401
1518 1177
7062 5686
9451 4159
9007 5185
7773 38
6182 4252
232 123
9635 4338
3754 3709
8246 1827
3889 1701
6863 857
7154 1985
5457 2854
1946 77
6384 898
6996 228
6941 257
6559 2712
7771 4670
3009 2408
4460 1998
8229 999
6964 1729
5393 2728
9479 2554
5741 3431
4978 3647
4779 142
7517 463
8638 7897
5444 949
7889 6954
7546 4049
5220 1409
9597 5041
171 61
8433 4347
6095 1638
9350 8841
8502 5867
1565 1521
8853 3531
469 162
9284 2478
48 22
6947 2637
2908 677
1893 1595
1126 1101
5421 5277
5921 501
5092 1591
998 995
4034 124
2847 2344
7937 6756
373 255
6253 3265
7522 3773
2931 1122
5123 668
7038 3932
2638 1255
1186 472
9144 1228
2024 332
1587 808
3995 799
7718 4788
9428 1933
2724 2313
1146 217
7388 1002
5956 2986
4058 3682
1390 804
7857 3031
4529 494
977 98
4802 4486
2938 2566
5507 3573
4654 3235
3843 549
6767 1666
2381 631
9625 2715
9650 506
2608 651
5256 4993
8199 7227
4117 1239
5945 2405
7914 7896
5979 5419
2108 1831
1877 1637
8882 1307
1284 933
7578 1029
3030 439
3656 324
4033 72
4507 1704
236 230
6782 5554
8279 7150
7489 2791
3444 2576
3262 1475
7597 2225
5350 452
3480 88
5691 3617
1501 1473
457 133
871 139
9865 3895
291 28
3116 420
2852 2723
8188 7615
8668 7506
853 627
5377 4292
4997 1188
5657 1382
7535 6816
3287 1709
6403 1242
297 24
4948 4538
7342 90
7831 2520
4465 734
1615 1083
2761 256
1345 1265
1952 1010
3645 759
6426 1814
4286 2458
9212 8535
5117 4434
4421 567
6686 2969
6929 2202
3048 1389
7116 2707
8139 3209
5036 5007
8387 3522
6273 5075
1027 316
8113 6115
4388 3654
7376 379
3533 2575
8245 7716
234 69
6711 1681
5610 4043
9797 6244
7035 6262
7833 2668
6302 4002
7797 4909
2641 1742
7301 85
6765 2827
8733 2470
3172 2971
7307 2673
7018 5490
1502 1247
3252 1619
290 45
6645 6376
8171 6006
5342 1900
8911 5497
6484 1442
2023 1448
6585 4510
475 239
2920 478
7561 1055
8526 1336
2569 2139
1110 75
8215 4475
8142 108
3180 1981
6684 1872
5492 510
5740 4029
5330 399
3628 839
1465 7
2144 542
3143 2698
4349 2635
6991 3955
8461 5164
8316 7256
9727 4945
1268 219
4301 2289
4327 1715
3429 2322
908 303
3238 1058
3003 2889
339 54
5997 1491
9885 3994
9378 5234
656 147
6985 2772
1995 1739
9413 8956
2502 2041
5255 2996
5254 4846
1820 1340
9707 3821
3969 3604
7755 6716
7177 3007
2838 1490
3428 2961
3750 1244
9675 4171
4443 3530
1899 349
9177 8674
6913 597
8622 6343
2317 300
9805 8027
3113 1456
1730 667
8829 3498
9502 5475
8501 2016
835 202
834 106
7908 1759
2618 1062
2526 2102
165 29
4064 3126
9353 5216
4496 2763
791 492
5285 3490
2705 952
5566 1723
4336 1541
1025 14
5856 5689
3193 1141
3268 1503
5908 52
1623 926
5095 2686
3153 2134
8223 6171
9929 4912
2264 201
3757 694
535 531
2275 405
9220 8410
5569 5292
974 482
6549 620
6593 141
413 313
94 76
4694 533
9474 1525
1500 923
2298 517
3570 1581
13 12
6467 1133
7817 3799
9545 8936
2559 887
1651 368
935 913
1975 637
8676 7845
6161 2721
5813 3214
4558 3234
2296 2199
9113 7764
6327 4321
2663 2351
4526 3132
4953 1578
4702 2842
7306 243
6852 5299
2129 389
2979 882
5236 4856
2348 2001
1047 121
9187 7487
9456 7473
5981 302
3438 568
4918 4656
2893 2481
6707 1960
4186 4169
1372 793
7713 4391
4533 3352
9619 4240
4899 2671
7245 6472
8090 151
3726 3139
4540 1916
9128 1836
7881 2095
7840 6280
8415 1904
7870 4430
3960 129
2768 787
9892 4361
4332 955
5065 4330
6052 3109
5763 1359
8828 6889
6579 544
3443 2136
8060 2878
1755 1174
5388 4746
6225 4513
6636 5355
7335 1415
6955 5395
8861 4105
1450 403
6257 2383
3461 1411
6402 2450
6013 3169
4931 4147
3826 1104
6811 3520
8065 6058
5157 19
505 296
398 231
4642 1958
3624 3430
5676 1498
2431 1437
42 10
5503 645
884 272
4562 4379
7012 4035
2284 1577
1318 447
3131 1277
7435 5878
8249 5983
5107 4046
306 55
6619 6543
4401 2003
6433 5233
9449 3293
4447 1419
8118 4442
6570 2994
7626 1013
7143 2163
6546 2584
8989 2051
6087 2111
5118 3755
9130 2998
1566 1007
7532 6049
2675 1251
2142 1833
3027 1142
2558 2086
7413 7305
688 192
2982 698
1768 6
4305 1665
1483 34
419 235
6983 4081
2888 31
2753 1908
1989 760
722 609
5250 2109
9387 5903
7975 3729
9093 6986
9338 1685
47 35
4445 3671
1417 281
5568 3876
1909 845
9748 9600
4337 2265
6203 491
5806 1945
2452 2046
8935 5990
1572 1094
3630 590
2670 1568
8456 2309
1828 497
4042 30
7014 665
3769 2165
8800 7392
9703 5789
8644 5033
7693 7588
9154 2519
9863 7654
6292 3912
7280 2505
2833 1643
1841 948
3320 3224
9437 4589
7310 1477
8575 7029
5375 3354
9391 6731
2843 2778
2441 606
9520 2750
7367 4974
7609 1178
406 354
2463 592
8247 5636
3767 3507
8227 7421
2363 646
7315 7057
2141 100
6898 1398
6735 2495
3 2
1441 1151
6730 773
1731 547
8874 4872
2727 1560
2501 2200
2173 2084
7229 5466
5600 260
7860 1728
1470 486
4339 3532
190 44
8679 4620
9967 3440
6150 1238
3592 1593
7503 2182
7459 954
6961 4952
4543 3060
8418 4768
7990 733
2388 541
7257 182
263 153
4748 1236
5992 3356
4291 1507
6041 2132
2336 2269
7235 4859
6265 5370
5579 621
7598 649
4792 3462
2454 1811
5761 5019
2012 1865
975 122
2677 421
7359 2368
1063 508
1327 997
1954 623
1891 436
9298 484
347 196
1030 33
8776 5963
4019 476
763 528
4382 4149
2439 1128
7353 245
6441 2050
7655 2276
1534 1431
1663 213
980 60
6476 434
2697 2004
5637 269
2787 101
9429 1524
1305 1155
6696 4817
5435 5362
9379 6021
1275 1093
70 50
3862 1749
9800 7586
9017 3676
5809 4274
3484 2389
3134 1081
9234 7010
9211 8619
6932 1210
8431 238
7945 5001
4333 1753
8529 2241
9789 4498
3678 2240
1467 468
3259 725
3815 2966
8202 361
1796 614
9089 7244
3128 1130
9652 2261
9397 4082
7202 6118
899 572
8808 6173
1171 353
5562 4862
7688 4881
5407 1626
2510 187
4389 2831
5792 2649
418 249
730 518
2660 200
9071 8531
4522 1378
4743 1346
7786 1816
5976 286
7772 292
534 195
6738 3973
5061 3544
4041 2652
7426 4781
7891 2900
6285 5957
4174 3643
7536 4088
5525 1276
7511 3145
8232 6923
6249 4866
5588 1738
7059 6513
2000 1928
4204 2985
8660 7098
7386 450
6406 4084
7221 6410
2849 719
1959 876
8651 3987
7973 3953
7890 756
6283 2426
248 233
1956 1530
699 93
5498 4519
9733 8774
3847 1997
9151 2299
3680 3558
3423 1982
1229 963
8680 6305
3618 985
5155 5153
4663 1629
2775 1144
3963 1339
5826 3626
585 512
7316 6703
6056 3890
4027 3240
3333 2237
3891 2215
1640 285
641 251
1551 1319
5718 3586
1118 391
5708 2783
1175 18
7610 4227
6454 4573
916 889
9311 2392
104 27
7537 2939
2020 852
2343 1422
6259 979
6928 5622
7198 4828
5195 3708
7072 1108
9799 1808
1733 276
6565 6298
9434 8849
4745 2965
9496 994
5360 4655
6492 4585
1852 1662
6109 5984
5209 2823
2528 1033
5040 215
8340 2174
3565 530
4975 4869
6178 652
5705 4011
4600 273
8178 5450
1562 755
6535 6209
5169 5082
5692 5347
9832 8931
8732 3406
6584 1233
6076 4907
1694 1185
2726 586
7556 2411
3057 1446
7606 5769
2064 63
2658 504
5719 4008
7352 6787
9810 8439
8437 6870
9819 3478
685 103
5192 407
5098 1176
8110 6887
5736 4439
7385 254
3064 1664
2804 2540
6325 5022
8156 6572
499 464
2048 177
5713 3510
2167 1269
2239 2161
1334 168
278 209
8840 605
3278 1971
6992 6080
928 412
6248 2871
2756 2145
2223 2007
4658 1366
6408 2469
9102 2425
3861 1365
3944 1937
445 430
3231 2326
9264 7989
9163 2486
4234 461
