807
6786 9344
9486 9985
2074 5327
2131 7324
5350 7340
5789 7060
6641 7375
6152 8836
6373 9863
7404 7997
7987 8579
8622 8810
3594 7729
1118 8451
6935 8897
7206 9739
6579 6581
7033 7134
5206 7482
7111 7391
486 5845
1189 3926
9365 9755
6079 8765
1024 1590
9723 9918
5679 5995
8981 9176
6936 9332
1121 4837
1873 6277
9040 9422
5336 7393
4262 6731
2227 7261
5680 5952
5383 9154
7248 8845
6039 6661
3738 4326
9261 9523
6851 8935
1513 5188
5963 7584
3437 9648
1906 6420
7092 9617
9134 9548
9103 9728
5391 7710
5989 9788
4250 5057
9629 9890
3089 7471
1726 9442
5649 6279
1496 7824
5941 7561
9672 9798
1882 7457
321 6463
5688 7762
9400 9451
4770 8996
3937 5485
3968 4988
260 3987
7860 9612
6815 7662
2326 8395
1360 9064
6761 9484
1558 5745
3251 5379
8164 8569
9598 9774
2748 4760
7711 9220
4205 6516
9136 9283
7233 9909
5372 7110
2851 4070
422 8923
687 1564
5126 6564
9096 9784
6876 9942
5545 6526
3803 6514
6672 7816
3295 5559
1419 6437
8840 9469
1278 3529
6915 9305
6281 9108
2889 7689
8819 9586
7992 9992
3680 7753
2195 3822
7778 8975
4788 8289
4405 7752
8639 8782
5861 6886
7051 7085
4876 7521
656 3228
7803 9069
1197 1576
3551 3988
3339 4801
2312 5138
9255 9372
2957 7068
8255 8293
5573 5908
7853 9458
2510 6926
2607 8509
9594 9962
3774 8365
2472 2556
8928 9551
9521 9959
8661 9804
578 3663
5668 7135
1517 5299
6771 9386
723 5631
5567 6115
3500 9676
5944 6971
1742 7369
854 9390
6746 7718
9681 9744
7374 8660
4534 7633
8618 9828
5121 5900
5658 9278
7565 9294
7148 8402
739 6311
3879 8014
7953 8562
2159 5669
4253 8145
5581 7589
6612 6624
3873 8055
5956 9406
8507 8880
4540 9367
1458 7239
4360 6247
5262 9847
6713 9258
1253 5874
8044 8508
3609 8932
8056 8128
9854 9979
573 9631
1639 9495
1556 7772
2426 2977
9288 9695
2913 2980
3261 6584
7433 7937
7733 7944
8179 9133
2798 9791
564 4101
291 6026
6427 7010
4175 7734
8734 8769
3798 4871
7691 8955
1907 5832
141 8595
1353 5966
9379 9613
8231 9793
6209 9179
2523 4735
8827 9213
8864 9125
7906 8443
7250 8440
6099 9702
5164 9345
4353 8901
3564 7362
1949 7144
8752 9449
9185 9867
7660 7690
3800 9425
5515 9783
6372 8965
3933 8464
2504 6817
5319 9434
5949 9144
6737 9074
2690 4084
2687 8646
3065 9667
6570 8636
7237 9901
2318 8458
4677 7747
6306 8762
816 7596
5263 6640
1345 3643
5683 9516
6848 7354
8853 9786
1022 2822
6874 7600
8658 8849
529 7245
8895 9189
867 2539
3930 7356
5342 9192
9217 9737
1048 4847
8198 9846
6355 8623
9223 9392
280 1377
1416 4811
3443 5959
4618 6920
2561 7818
1239 1591
5193 8258
253 6513
8567 9538
4469 8673
2761 3754
2112 8031
4661 5026
199 975
9865 9944
5773 8307
8984 9350
4607 8727
6865 7920
3438 4949
7508 9996
2780 9030
9052 9506
6855 8150
6249 9822
6844 7326
8105 8141
6943 6990
2914 3743
5708 7000
6682 6982
9877 9967
6074 9327
5022 5230
7789 8438
7409 9039
1102 3355
6846 8522
8280 9361
6518 9859
8127 9887
5182 9247
5246 9109
4548 6979
3960 7439
2920 3969
4775 6635
2119 7510
256 9212
8582 9903
9848 9990
8844 9775
7072 9923
5838 6461
1737 1872
7436 8444
1340 3920
6676 7931
7124 9606
691 6549
5027 6163
8204 9554
9084 9205
2191 5899
8874 8881
1013 5846
5955 6758
7128 7783
5661 7199
1657 2436
9705 9820
3675 4026
6932 7894
3341 8624
3568 4154
8102 8449
1119 5525
9155 9913
6597 6666
6575 9864
6557 8415
9725 9868
7254 8565
1473 7227
9463 9845
6911 8147
6715 6929
6346 8022
4021 4429
1931 3009
892 7598
2455 7563
5065 9416
128 9965
4554 6035
5700 5898
9251 9889
9741 9817
3828 6052
413 4373
9896 9936
977 9324
4716 8655
7080 8326
367 2230
7545 7807
7154 8286
2702 3641
9651 9933
3315 4551
56 2410
2147 4644
6537 8610
2755 6686
9794 9853
3859 8705
6683 6975
72 3945
1772 6027
5593 6314
7989 9585
8533 9644
1710 6973
7870 8794
385 1645
523 9399
8261 9604
8817 9019
2743 7956
1277 7380
7993 8011
225 6490
3724 5940
1076 7675
1257 7412
2487 9712
2783 3001
286 7863
5181 9749
4423 7184
6651 7574
3008 4982
5666 8345
3840 7118
6396 9152
7258 8629
2583 6101
3948 9260
6219 7628
1078 2936
1818 2771
9038 9424
9778 9988
6177 8314
3414 9139
4842 7928
2713 6942
2971 6329
8046 8875
456 6708
4024 8352
4394 5058
3428 5877
7400 7749
7896 9297
7624 9342
7273 7626
8723 9471
2838 4207
6542 6725
4219 9291
6916 8221
3838 8269
148 9921
1352 4171
22 7657
9524 9833
933 9328
8059 8469
6997 8860
8210 8757
3864 6178
9679 9931
4337 6334
1981 3293
7844 8698
9083 9105
5646 9578
4136 7511
1593 7029
1374 4464
9229 9664
3125 3465
9922 9971
592 3794
5932 6940
570 2199
6806 7487
3481 5382
9177 9507
2670 4114
3832 9051
5516 7869
8296 9046
7294 9840
3141 4096
8240 9657
5020 7079
5568 7238
8890 9244
9149 9700
8401 9796
7007 7292
7137 8153
9945 9999
2728 6716
7349 7506
4473 8103
3391 9309
2823 7609
61 1219
7189 7676
1191 2546
4 1801
1105 6370
707 8995
7748 9823
8584 8876
2893 5639
19 5042
4845 8115
2616 3373
6899 8139
9035 9187
6600 8298
4378 4474
9748 9895
8513 8692
5414 5820
4465 6197
3844 9355
2773 8898
4495 5604
8226 9880
1029 5397
2278 3146
1408 8071
5015 7763
3668 9402
2770 5089
2875 3345
5035 5229
669 4986
1181 7341
2886 9904
4318 9862
8349 8380
2464 4782
6432 8036
2370 5403
4458 9099
6800 8573
5684 9914
3049 9759
8805 8899
8375 9366
2376 9262
409 2962
5296 5324
7458 9560
8019 8685
5113 8911
6146 8456
3140 7428
9160 9908
2812 2929
1375 2772
4838 7941
7770 9746
4108 6454
6671 7560
8297 9435
1948 4762
3818 4918
2303 6632
6268 7113
4582 5135
8347 8854
4927 6764
8344 8721
1383 6556
8920 9246
2421 5362
344 7615
3914 9412
828 6217
8206 8824
5918 9943
2016 5150
8039 9236
8884 9870
8933 9888
7836 8448
2234 9917
8651 9343
9410 9710
9620 9623
6931 7936
4563 8706
1734 5992
1857 3966
9353 9429
9980 9991
4783 8091
8613 8902
6555 6888
7023 8483
1331 5613
588 1432
1698 2910
5158 7688
4857 8539
7048 8117
1116 2211
1764 3435
8454 8694
5806 9709
2496 8048
1019 1283
8250 9117
8457 8716
8279 9444
1933 6828
6067 6677
3160 9389
2611 3995
1096 5566
7047 9268
1148 4185
1780 9086
9057 9758
5552 7381
7608 9459
3432 4256
4764 4976
9609 9905
2926 9751
4809 5226
5284 5719
3729 8659
217 6843
8084 8745
5733 6424
853 5926
6009 8074
463 6522
1691 2456
5754 9533
2241 3678
4385 8994
8523 9957
4236 8763
5937 7532
331 1594
6453 9193
8008 8766
8364 9378
6784 7714
1081 4028
4468 4844
2290 5439
3897 4942
1497 3229
440 2375
6126 8942
912 6130
2387 4708
2775 6501
7890 9430
6928 9961
3935 6627
7978 9240
556 4191
114 6066
5078 6189
6315 8300
3506 7387
4016 5536
6834 9592
881 3905
596 5521
4959 9439
6054 8809
8779 9338
7472 8708
6289 9964
1573 4738
5883 9420
9340 9497
852 7940
8421 9453
2899 7003
40 334
1425 6512
9916 9941
4819 9769
1172 1870
9688 9802
5104 6793
1504 1600
6690 9053
579 6706
2774 8879
3124 7916
3598 7037
6386 6681
833 5670
4477 6740
6659 7954
4653 7593
3513 3740
9387 9646
3422 7162
7215 7929
3847 6294
4965 9315
7255 9168
7780 9553
5852 6977
2832 6604
9094 9883
4841 9519
2298 9454
829 1889
7042 9300
9374 9972
2943 5982
1849 6870
8833 9037
5144 7302
7642 8462
1373 3150
3983 6127
9599 9981
5073 7914
8370 9645
1806 8407
3502 4501
2098 9954
2041 7503
741 3029
1128 2999
5795 6443
4320 7541
7570 8292
1795 5743
9107 9753
404 3393
9501 9809
2145 2905
4130 4507
5212 8751
2256 4313
4081 8944
4218 5628
6091 9289
9715 9874
434 5527
4008 6180
1384 7577
3939 5848
812 8248
2266 4199
6831 8946
5542 5601
5913 9750
8441 8475
2579 3090
1708 2451
1379 7555
7861 8997
6845 9101
7139 8926
1555 2007
8822 9536
694 8703
2563 6254
8772 9165
7200 9079
5712 7751
9323 9479
250 7659
8062 9638
4386 9286
4228 6759
9065 9186
4512 7821
4269 9515
6822 9440
4242 8353
390 9092
2363 5308
6572 9073
3199 3792
6240 7909
4384 5408
55 1107
4181 5824
3265 5249
8067 8912
4211 4995
4432 4444
6085 8717
2307 3252
5691 6577
6188 6880
5219 9326
151 2331
3823 7041
5872 6187
4258 8287
5718 6090
4472 6636
5343 5655
8791 9018
5478 6565
749 5504
2927 2988
9004 9491
5776 6283
815 5358
6047 8747
13 5224
3195 8615
1650 5905
9285 9915
7478 9175
1120 7089
3440 4895
5247 6819
8267 9029
1648 3297
6930 9002
1014 2632
5429 8540
3053 5763
1920 6562
7970 8276
2502 9935
611 5486
9153 9241
5827 9842
1294 7290
5198 5280
5812 7686
6679 8487
9826 9952
545 9963
5088 7067
820 8417
7694 8608
2291 5726
310 4612
2522 5652
188 9031
1748 7883
5903 9368
3673 6402
76
1156 458
149 44
9337 2573
4038 583
2055 1474
6856 5664
6946 325
478 99
2097 1516
1847 289
6792 5044
5553 961
1793 856
7182 370
276 272
6274 910
5526 3829
7552 7161
6744 6010
1581 1439
8149 2013
2077 1834
6712 1259
6536 5007
3963 1894
4997 2163
7130 2844
4865 3387
3215 3170
5471 1027
6714 4148
9541 3101
1746 1637
5085 4496
8390 4562
264 175
181 38
2707 1843
285 36
7502 1976
5447 5265
8561 3320
3291 2996
8026 7331
9641 2044
4022 3100
8010 4634
517 356
4504 3860
6313 4874
4962 1485
4004 2272
4564 313
1669 824
9207 8135
430 257
797 129
765 418
5307 2435
3959 3401
1923 1179
1523 1515
6271 2223
9068 7862
8140 686
9339 5821
7447 941
2990 2091
7653 4358
4932 2919
8682 4094
1758 1454
6336 4888
9433 1587
4779 4652
5960 1777
