498
5777 9540
2495 6762
2109 5437
3285 5039
3424 3879
8924 8986
7821 7990
545 2003
7752 7906
7472 9829
1228 4344
9506 9927
2350 4092
538 7772
7429 7508
4011 9175
9694 9840
2776 9142
746 2069
529 5224
313 9015
6580 7015
3632 5568
9453 9881
4493 7526
5065 6921
788 5531
5800 7360
5572 8522
3434 4718
8414 9049
493 3541
7968 8512
7098 9961
7153 7863
5583 7687
3038 6084
6083 6982
6297 9766
9422 9644
1263 4179
7317 9561
9942 9955
5036 5649
4386 5721
5751 6645
2344 8999
1852 3784
2987 4487
713 969
7746 8754
6042 9077
991 5545
5012 8607
4856 9787
3709 8847
1233 7362
1342 6403
1332 6177
9208 9995
1076 4031
6024 7355
4688 4846
2587 7121
4557 9323
8009 9878
1738 3037
1596 8130
8233 9843
7516 8974
4620 8284
3700 7923
3200 3852
5068 9790
3860 5994
8056 9415
290 2164
950 7808
6939 7016
5694 6067
3456 6980
7413 9342
8095 9279
9801 9837
8613 9523
5838 6632
1506 4112
1962 1969
8115 9030
6188 9587
9229 9758
4460 7827
5139 5973
8269 8275
8186 9974
8467 9382
9414 9655
2745 9708
9704 9945
9719 9774
7682 9511
5976 7157
5510 5986
968 4149
7652 7881
6960 7733
6792 7573
5623 9122
919 1017
1496 7616
1947 7709
2098 5564
4761 9962
9666 9794
6843 7077
4285 7811
7673 9611
2700 5421
3181 6259
8731 9251
7023 9275
6622 7000
5594 9217
4753 9668
293 1834
4981 5596
1904 6594
3637 7535
9739 9749
9777 9985
2898 6433
2787 9433
1912 6344
9430 9928
7648 8063
1842 3690
475 8462
4305 8142
9681 9925
7490 8386
3227 9947
1217 7667
4531 5643
609 2890
4219 4466
8747 9281
7510 9478
4564 8751
1790 7119
9277 9471
3245 4045
1019 4890
5399 8316
8589 8993
9715 9736
222 2847
1970 6666
6050 6425
3302 3939
1185 2404
7606 9619
2740 8720
814 3895
4340 8396
6322 9293
2498 5114
3234 3797
2324 4485
8744 9325
7948 8399
6965 7195
796 3501
8840 9024
9280 9860
6407 8119
3415 8264
4086 8965
157 2973
9431 9965
1915 5668
2830 4394
1859 8890
2786 4173
1889 8433
9109 9114
7424 9198
5636 9537
7739 8899
792 5885
1410 5872
9010 9638
6455 9760
5613 7668
4476 7156
6229 6764
2822 6480
9533 9622
4924 8013
2736 5832
8036 8169
7011 7112
8797 8841
2012 9530
5433 8551
4367 8736
4974 6602
809 2357
4509 6048
9783 9999
989 2145
7166 9980
3590 8247
187 5099
8558 8970
2446 8802
1391 4837
154 3877
1847 6868
3020 6327
2589 6544
1854 7966
4336 9167
8303 8364
8432 8632
4496 8283
7938 8593
3601 4570
1441 6618
3260 7293
2563 5098
8132 8617
2356 5588
8397 9789
1851 6178
1998 2702
5307 7794
1866 3029
8560 9597
787 5234
5422 6164
3452 4517
5476 6863
8636 9086
1574 5475
8815 9636
4897 7527
4373 7114
5502 9538
1532 2907
4712 9851
7224 9211
6842 8057
6719 8573
6071 8517
1310 6286
5860 9338
985 2072
3625 3899
9476 9521
8971 9116
4473 8599
5711 6796
4889 8098
1003 6756
7740 9844
772 7005
4384 6410
1627 7086
7511 8511
1050 5324
4281 4866
7784 9265
3883 9992
4673 6630
1965 8712
9590 9862
2782 4424
9397 9845
3654 9743
1421 7190
6653 7556
9350 9395
5735 6649
9546 9547
3772 3980
5728 7133
5608 8895
2348 5712
141 1247
679 5240
6978 9911
1624 5345
7295 7974
3765 6758
5227 8881
5332 5695
2783 3826
8480 9295
6437 7700
3015 8503
2295 8224
5995 7742
7579 9657
4025 7786
8203 8928
2885 5162
840 6096
4013 7895
4694 8497
9097 9490
5081 5925
1672 6282
5015 6452
2368 2915
6310 8291
8913 9110
1919 6486
4993 5023
2924 6810
6264 9399
8078 8957
9242 9572
955 7214
2161 8563
4631 8900
4850 7502
5395 8234
6692 9807
6701 7585
2867 6827
2211 7519
3532 4827
213 7645
4904 7277
1890 5057
1107 8088
6352 9141
660 4054
6316 7738
5445 5561
1564 3757
3496 7971
3684 5226
159 4808
7829 7843
6821 7572
3988 4711
234 5243
296 1830
3771 5698
5702 8015
9392 9896
2246 7275
336 2049
1006 4519
7969 9226
3957 8390
275 4291
56 3849
8103 8547
8450 9688
8687 8959
3432 6634
1071 5337
3287 5992
9320 9507
6658 9218
7574 9064
9855 9938
2577 8825
1281 2354
2454 8324
5137 7773
9641 9886
7598 8882
7065 8352
933 1290
9376 9687
7566 8866
997 1432
1409 2558
9695 9699
9019 9442
9734 9805
5859 9238
8248 8945
8764 9544
3751 3991
7532 9510
481 3229
4953 7482
4978 8672
8096 8170
8673 9570
2414 8377
5740 6642
8915 9504
4334 7839
6981 7798
6772 7428
7285 9247
9710 9797
9899 9949
1469 9901
6500 6979
2181 4197
9969 9990
605 6186
1128 3674
3658 5543
9764 9820
6052 9731
8388 9791
9934 9959
3810 9930
5499 6119
3598 9885
9817 9874
7975 8353
2479 7892
2490 7030
3756 8521
6441 9099
2334 8052
2966 4492
2865 2985
5774 9137
1046 8973
1408 8873
8479 8605
403 4436
6427 8346
552 6854
8338 9069
8644 9733
1038 7533
2797 9273
2312 9282
2555 5223
6944 8567
4030 5208
9983 9988
1194 6454
87 3136
3162 5184
6537 8391
2379 9957
1959 9165
1893 8984
533 8392
8193 9697
2516 5096
6079 6472
6232 6340
4757 4969
24 6201
5585 6438
4542 9052
6268 9294
1454 8161
1482 5153
6502 8016
9864 9924
8472 9331
7778 9978
5501 9941
215 9762
7754 9751
1727 7766
6802 8270
6628 9897
377 3248
5340 5824
5124 7393
433 9782
3435 9023
3785 9551
8630 8702
6097 8419
62 7349
9488 9768
7025 7734
5464 6784
3666 6657
3588 5009
9424 9445
6972 8430
3718 9205
8067 9360
287 7113
9216 9228
3506 7672
2053 3249
4261 4622
2331 5846
882 8209
8608 8985
1241 5602
56
1606 1115
6675 3840
5580 2560
5646 82
7802 5679
7575 5497
3316 1926
4407 3591
7593 5069
5752 5566
4956 2707
9493 6988
2642 1714
184 94
4736 16
8261 3792
9355 680
5896 3040
8949 5849
4402 3999
2283 1166
7391 1061
4944 4813
3776 3129
7341 4341
68 50
3597 995
2461 414
4482 4184
4887 4696
7842 2299
502 13
6975 4395
4740 3678
3150 2439
4416 4041
6444 1025
8967 5766
7278 1573
3362 2893
8006 6832
9296 8710
1304 723
7236 248
1255 413
3809 3642
3081 3068
1308 841
4443 1980
1754 942
1237 208
4647 1652
9599 8482
1635 833
326 67
6281 1923
