98
5970 9799
773 4023
5743 5868
7873 9423
4903 6538
6058 6449
5383 9743
4929 6468
2864 9301
4072 8392
1345 8159
6819 8051
6636 9714
6930 7819
7933 9330
7646 7675
6851 7067
9968 9985
4021 9002
6724 9280
3789 5508
2562 9274
5212 7974
8099 8699
917 5938
7036 8351
3845 4292
576 7235
834 9828
3991 5988
440 8674
3407 9625
9018 9851
8916 9289
6431 9679
8225 9384
5043 5402
8587 9854
4262 4766
7783 8980
5984 8269
2913 4874
5457 7143
1422 2112
7944 8016
5753 9697
6676 8065
6083 8107
2292 7234
4863 5274
4126 6688
9656 9700
3328 7906
8774 8815
1219 5237
2335 5991
8355 9763
41 968
3952 5455
1393 5544
5068 8208
4855 7911
3806 9152
2739 9702
3056 4583
1423 3686
8167 9429
277 7529
4508 5506
330 5262
1107 6755
8688 9425
4117 9294
8142 8185
8295 8516
2855 5851
410 6795
5779 7139
5469 8984
869 3612
5047 9244
3347 8614
6687 7822
905 1111
4718 7936
659 3092
7872 8454
2306 7405
1774 2387
7881 9609
2909 9616
2691 8859
8328 9236
5434 5837
3835 6651
2482 6820
7305 8724
9408 9980
947
7096 2505
9181 7918
2820 2278
7632 3543
2607 1123
7802 6163
777 301
8716 5855
5147 1918
2893 2617
63 20
8644 5398
1870 148
866 706
9789 9033
9906 7392
4776 3540
6473 997
7442 5123
8905 263
1564 1512
4279 59
4720 1112
7658 4404
5409 1012
9094 7907
9761 2715
7447 3
4987 3206
8504 4823
6396 543
4154 2745
7485 6732
3897 1254
8903 1152
9474 9401
1828 1632
2021 1980
425 249
4142 1027
598 107
2456 766
908 657
4187 1026
3745 370
2410 481
2196 378
177 82
6865 6718
6189 1776
952 106
5482 3118
9494 1721
8334 3387
8168 3445
4073 3631
183 172
8209 1799
8612 5964
2352 1725
5479 653
89 77
8534 6349
1714 1576
2552 755
7242 3819
6052 5631
4994 2008
5269 285
7035 1633
7458 1331
4618 1424
8704 1603
1248 230
3368 2037
9885 4935
6672 3153
5311 2809
3901 3665
7625 1323
846 147
6283 1496
9084 7796
175 146
2261 2000
5154 4069
1763 455
8317 2427
5158 3035
7812 6579
6133 424
2386 132
9954 8391
7021 2724
6233 4149
2686 647
3794 1729
2313 2301
2227 1115
1381 516
9092 7888
1943 1102
9703 2795
3454 1047
4305 284
6183 2232
5749 2862
8251 4426
1232 1076
1567 748
1566 216
436 65
5263 974
2680 1273
6768 2079
2212 1784
4603 2159
5847 2801
6076 4015
1176 430
6502 1764
3016 1131
8842 7275
813 335
6934 1397
3674 883
3683 449
2460 1928
7430 5
575 37
5639 2471
1890 120
2754 2564
7540 3824
4984 169
1104 844
5488 3457
313 139
2382 62
1650 1280
2161 161
3353 1451
3145 1752
2428 603
3312 352
2370 393
8823 4189
9241 5033
5559 4001
8530 6928
6409 4485
6853 1121
1846 606
8350 7009
225 223
8473 6395
6877 3891
8192 4360
3220 141
6182 4565
622 45
6423 4297
4070 2436
2146 153
693 595
4034 3121
2753 1009
9776 1635
4692 530
7146 2350
3791 2889
2694 2163
6703 4685
4554 3281
243 202
4386 1937
1361 1109
9642 7374
8991 6535
4675 3077
5450 2311
2101 1713
4132 2031
186 129
4914 1986
1712 781
7248 5160
8483 4328
5076 4808
3840 224
7781 6709
9868 1577
6776 5663
1707 229
5362 1210
3811 751
4860 4131
8904 6716
4315 612
8485 1719
7491 1584
3954 1438
6509 6166
5007 392
217 88
2727 753
2661 710
118 79
5333 5232
2153 298
4839 2018
2378 1600
1982 877
3691 2683
354 22
1033 660
623 554
4101 2952
7612 4864
2240 336
6120 5366
8720 7274
5885 3108
1587 1555
9951 1270
3349 1196
8123 1365
1223 775
4203 4095
7874 3163
7106 520
8419 8199
4259 4029
3379 2766
7766 881
2157 23
1156 579
1108 569
1316 434
8564 4248
9719 7795
2565 891
6840 3739
6660 4427
6001 2611
9411 6807
4277 2180
1680 898
3512 1007
9869 9312
5248 4753
9866 380
4576 2561
2723 1661
90 24
5359 3327
2164 1664
9385 274
9240 7902
1464 150
5220 316
7152 2621
3333 2110
4308 2497
5608 3461
698 338
2354 240
1417 166
1550 911
5736 729
7470 1289
3257 1691
4256 413
1821 27
4307 600
9044 1163
1189 521
5571 3151
4014 3268
1125 919
1275 739
3756 2640
8732 5205
5771 260
9994 7264
9145 159
5628 5369
2950 932
2644 2123
5300 4841
7011 2191
326 10
8378 1785
3186 1454
7514 7163
604 19
4331 2417
6833 5616
9952 7536
433 209
7099 4065
7769 497
9167 5706
5880 2364
1989 100
9464 7844
3694 3244
4153 1431
1049 927
2510 2085
3255 1511
3911 1098
2324 1892
7218 5291
4056 496
1780 1701
873 735
9818 5998
7413 4957
9177 456
8532 5515
8364 52
9019 8782
3606 801
6356 5312
1580 1481
4690 2613
2901 2289
959 495
5829 5282
8839 8581
5725 669
3501 2283
12 2
9857 836
5605 5324
8233 5884
384 206
2339 2172
951 191
4652 3507
4749 1926
3225 818
1394 691
5915 2765
9510 3470
126 68
980 702
8837 3521
5583 4198
6972 5423
8649 3246
7395 2480
7754 1851
7083 3175
6849 3854
7695 2502
9998 3594
30 1
8772 7749
6929 1236
7830 222
608 236
8500 5341
1346 123
954 880
3378 779
3573 3008
6059 355
8266 1435
1710 1442
6568 3526
1057 696
9509 5454
1806 130
9272 1132
7573 4503
2393 1256
3158 1779
6520 5842
2048 1106
9606 8361
8052 1375
7937 5345
3410 1349
1406 1028
3420 1211
5567 3685
4580 2061
9440 453
5472 4669
9122 723
1966 1950
7895 7391
2569 1953
1582 69
3440 2938
7849 3781
6974 309
5972 5135
1866 1328
3277 2140
1283 1250
3889 262
58 40
7260 787
9318 7417
1711 1177
7496 6298
1159 267
102 57
9314 6315
3826 1948
1503 1122
2356 390
402 184
882 536
758 272
1473 1019
8514 3892
9896 4410
7759 6801
5512 5176
4827 3725
1521 943
8281 2596
1962 1490
8908 8
1955 1268
17 16
7653 1999
5516 4232
6316 3553
8092 3922
1241 11
1030 904
671 570
3602 3430
5108 3067
7846 3913
2361 1589
7317 3689
7424 4453
8482 6446
2759 2237
1171 761
8460 401
8770 4571
6178 4200
4893 2535
2630 704
4862 3812
2546 93
7140 5580
6737 3672
2470 700
875 250
3125 928
4414 2347
4177 1175
8556 1697
3972 1408
9965 3024
1959 246
3291 1477
8002 6604
4970 3247
5064 131
8747 8282
9955 1519
4324 2586
1537 1212
1367 750
5553 1545
5724 3902
4171 1843
3429 1169
220 49
9654 2239
3238 1475
1876 863
7505 5599
5945 2132
5104 573
3605 2357
4784 2615
7574 5127
2087 359
1413 461
5722 4676
2204 1934
9805 5102
3830 515
3632 1645
2360 1272
2527 1066
7722 2897
4245 3997
3143 523
7310 5679
7204 6005
690 537
2455 957
5926 695
3516 1679
3029 786
762 464
2120 1039
4604 3170
5815 4886
2336 1559
7572 7255
2319 2023
5481 2526
5183 3944
6846 98
7438 462
1717 981
2036 929
507 4
6516 3793
4041 293
6650 6566
1450 275
6666 2732
1630 1182
1852 740
5738 4794
2213 1544
7206 3968
5751 2230
9521 1129
9728 2846
9021 6175
7821 2534
9524 7288
2486 1916
2731 847
9105 4657
7910 2080
1579 1407
2351 300
2655 2144
8995 5074
4416 4085
2985 2399
3243 3128
4352 3940
8249 1360
4166 3648
3496 1046
6081 234
610 221
3414 1053
3500 329
2401 1756
5700 1629
3041 1814
5106 1920
7489 6276
2851 381
3642 1164
6117 29
1433 920
3934 1902
1364 552
9822 9061
5551 1144
4976 4758
2799 526
1631 211
715 666
2578 2083
4552 4367
6118 269
4283 2806
6513 4273
7765 4897
1230 1134
3792 1376
9692 4739
9864 5445
7720 3773
119 61
7551 1927
2312 174
6630 1401
7896 3042
333 111
3475 3199
5881 5052
3203 668
1403 639
452 134
548 294
203 154
9060 8725
2916 70
2475 95
568 6
9949 4775
1951 1949
8927 1374
949 899
9570 1206
1330 1015
9206 3884
2634 1561
4436 2134
3147 2856
4483 3222
8456 1845
1552 164
5216 5046
5979 2826
6554 1145
2618 2007
4087 2446
2055 1516
9100 7166
5845 592
3093 1095
2282 406
9713 1071
75 47
4726 4229
9216 7073
5756 2513
4064 2106
8638 4778
1665 684
652 542
2465 2158
5859 4476
1220 407
1897 1835
3113 56
7897 5424
7326 4146
9852 9173
6234 2371
143 67
9138 1075
6717 1867
7339 2019
3885 1288
5202 1595
9189 2981
2366 782
3915 2398
2934 2669
2489 2380
3809 2543
6317 3089
9096 3843
2167 864
4299 4236
4506 4311
4646 3364
9126 6335
7312 1715
8339 6654
4719 3782
270 192
769 621
4671 1336
5754 1811
1181 601
1246 1005
6225 3980
4861 1775
1772 977
7400 416
7652 7591
3506 2295
7013 6159
85 84
2625 1215
7548 6584
9732 7814
5556 3571
6092 2706
4321 2997
3011 1888
3723 1529
7535 178
2915 1578
4371 906
8777 8353
2974 235
9863 7763
4608 3546
5720 1666
7941 394
4740 187
746 64
6635 5960
2242 1348
2392 988
2547 2051
5499 5128
6859 362
9299 7590
868 484
8322 3129
9347 51
9222 8537
8365 5925
4008 168
6878 3213
8496 2957
3442 2028
3623 3304
5020 2222
1064 415
6657 3844
3556 2229
9979 4511
3473 2949
4246 830
4342 914
3062 828
6542 2701
6612 1883
105 31
7090 4458
4479 1759
3741 1187
7029 4771
4818 1509
7463 2422
1758 1586
8481 5989
7002 4026
254 18
3017 339
2840 1944
6180 2449
9199 6668
9840 1101
386 165
6263 2155
5672 3692
5843 5418
9536 5936
1265 674
4112 1257
3977 1936
7425 4162
747 517
9151 1523
7649 4544
6430 2963
8925 360
4557 2406
8309 6203
8034 3728
8428 7607
6289 2860
297 171
8804 6739
519 160
4470 38
1380 448
8283 5066
6528 3749
7200 6564
286 193
2316 331
6677 3204
4695 862
6434 1335
5895 4477
3346 3215
798 697
2995 2420
733 626
5338 1455
1905 1267
5575 2850
8252 5714
3270 1530
9270 5442
2453 1415
7122 2130
4320 744
3050 2813
7808 6896
5823 5152
2924 1895
8321 3920
2598 444
1308 1295
4665 1081
9155 6152
3366 2730
2181 273
1192 525
1199 986
663 42
2074 1293
955 343
7942 5421
442 323
6193 1392
9169 6241
6705 3504
8288 7189
4849 3064
4592 337
4454 1709
6464 2108
7580 6102
199 112
9080 667
3661 2681
4350 3574
4450 2816
1813 1094
6440 4531
7631 2918
9383 8474
721 398
8679 4870
408 328
856 550
8043 6597
6812 3558
76 34
5609 2923
3916 1872
2579 2136
9470 3392
5254 4053
1183 768
9499 2209
6458 2604
3877 1663
6949 4878
6524 4952
9086 4209
6638 1601
1923 21
7355 2507
9482 7803
1899 853
1425 231
2192 1262
7286 409
6362 2837
9682 4866
3924 3120
2968 60
237 74
6586 3525
5522 3028
6230 1200
3872 14
620 197
9717 9588
8702 7382
8221 3541
9667 6281
8877 4139
6129 4940
3049 764
9014 4975
2523 788
9132 3413
8224 5611
5031 158
7313 1669
2397 420
6307 1040
7862 7768
9819 3370
190 182
431 245
2656 794
205 96
4465 1700
8519 2678
8274 4645
903 845
4832 3415
7149 266
3398 101
2689 2045
3663 1683
9144 8151
8115 265
3363 428
5826 5365
4763 3833
4561 1301
4659 3009
998 295
1468 644
6641 4972
5453 3765
8568 574
9185 2484
7869 4655
7475 4636
8968 4380
6341 1840
6867 2133
4762 3063
2976 2070
3847 1051
3101 1947
9981 4651
4848 1419
2421 2248
6452 2666
3274 3070
7033 4946
4708 1667
7748 142
8244 637
7820 806
8333 4529
4723 2984
1325 25
9039 469
6671 942
3492 302
4423 3404
2836 1873
8154 5223
5243 3254
2266 1696
3680 2326
5727 3866
5923 367
5702 829
1249 982
1337 832
3857 745
6589 5149
6856 1307
7680 5617
1692 719
2141 887
6917 572
7518 5118
8420 4951
