434
7278 8995
4537 8230
1117 3209
56 9224
8741 9542
3607 8284
39 3799
3101 6151
1380 2579
2363 5592
8923 9185
989 5949
8573 9226
8958 9468
842 2678
1805 6106
8200 8821
6966 9941
2829 6651
8439 9317
1329 6301
6089 7436
1393 8726
9231 9653
6440 7977
1090 1997
2491 6429
2957 4941
6887 8554
5253 5480
4487 8656
6488 6512
2068 5348
4300 4855
1147 8535
8099 9852
2810 3559
9871 9912
9977 9994
5372 9025
3719 6211
4197 7249
1289 8296
6454 9507
2118 4977
8436 9934
4625 7406
7684 8140
6021 8473
5258 8661
9848 9886
1702 2841
254 9589
754 9281
5412 7739
2275 3516
7103 7369
2771 4125
3056 3863
964 9604
5337 6757
1357 7804
5325 6652
5229 8331
3340 6943
6773 8540
5562 5922
3544 9486
4330 4693
4477 4953
2766 9672
5734 7617
773 8422
8565 9878
7827 8780
3083 7433
9279 9861
9089 9833
8052 9414
8412 8451
6373 6776
3468 7068
2921 6161
4647 6195
3016 5704
1299 6990
1969 6789
4718 8175
1630 6848
4661 6162
1404 7841
1902 9449
3919 5079
5237 5977
749 1751
376 7199
6584 8377
844 4508
6268 9625
465 3319
5297 6369
8404 9802
6939 7145
5083 9636
8674 9919
2056 9450
8429 9599
5950 7885
1035 2772
131 9480
8651 8716
6856 7632
9115 9216
6685 6922
6547 8984
6895 7250
3187 4071
901 4565
4504 5292
6847 9828
8525 8926
1384 5912
2121 8677
9340 9446
7193 8571
8060 8249
4205 7167
1802 6896
5381 8327
7134 7310
4880 9583
1194 7186
7445 7657
9561 9612
2075 3777
1891 9305
9419 9998
8016 8312
367 3735
5013 7904
4327 4584
4418 9336
9692 9935
5074 6063
947 9980
3718 5044
2870 6989
9768 9773
4443 7683
107 6619
289 4881
959 3012
9399 9731
9218 9996
2232 9743
4258 5956
2224 3300
7512 8376
8394 8520
4958 8151
9814 9933
1781 3622
4194 7676
2719 2879
3533 6361
8957 9167
1489 9560
9132 9979
9651 9987
6874 7415
7425 7692
2553 4973
9785 9945
7973 8221
4038 4297
4175 9163
6087 7941
1890 5004
5476 5494
9929 9967
8357 8561
7926 9307
5617 7339
3980 9832
4388 4595
4600 6556
1125 3144
4137 8635
5385 8336
746 7253
3646 5946
9725 9872
2246 6078
8500 9103
953 1102
4471 8698
4339 9580
7001 8646
9790 9898
5789 6129
8195 8976
5449 9991
1640 7190
974 9261
7569 9257
1794 7235
357 5586
1797 8800
6882 8908
2563 8899
6275 7400
7119 7385
3709 8634
7810 9781
5852 6843
2831 9015
6204 7891
8944 9738
2154 2244
8577 9745
3852 5875
4311 5312
3416 3428
6319 7961
3695 7944
557 5504
7759 7798
3715 6713
6573 8949
8937 9236
6061 6866
3284 5630
7076 9483
8960 9973
4519 7336
1472 8302
582 7354
3476 7179
6674 7845
2905 4520
9867 9885
6069 9966
8425 8531
1584 1952
5709 6687
6006 8159
9563 9715
2213 6637
2157 2278
1665 7572
4720 7052
4624 8614
4992 5726
7681 9479
8416 8839
9594 9683
3779 6105
8322 9920
1699 9116
3666 7830
5847 9853
2159 8147
4098 5266
9146 9347
6100 6286
8364 8431
5177 5572
5902 8138
8234 9215
6040 6916
1860 3816
671 6288
3160 3203
6418 9845
2980 9096
9736 9907
8223 9286
282 5993
7328 8446
9118 9425
8700 9630
4495 7803
7857 9932
6715 8753
1049 8285
5345 6111
4644 8300
6464 9373
4940 5941
7976 9375
7304 8181
9496 9571
341 3731
9963 9982
2765 5313
2936 9985
4850 7910
2248 8667
3182 8260
6018 8618
6725 9158
533 3909
2715 8835
6591 8253
4949 8496
3828 6178
1341 9806
2104 6988
4792 6308
1703 4962
9320 9645
7389 8071
2289 6740
1080 5069
3898 5181
9820 9905
5506 7160
951 1175
2131 8265
3961 7552
9006 9225
3973 9277
6067 7709
9024 9961
86 4074
1871 5742
5048 8805
1591 9585
487 4406
1018 5328
4152 6046
3113 3626
138 7330
180 1231
9807 9839
1443 4686
2039 5857
8619 8900
2439 7152
1243 4045
3225 9235
7334 8987
4360 5389
4060 8396
9253 9576
9712 9900
9424 9556
9067 9759
2424 9171
9123 9501
9027 9242
197 1853
3401 8943
3753 6028
5035 9342
1073 9671
3580 5864
3105 5396
6870 9646
1653 9478
3659 8747
2639 5324
5603 9816
2151 2725
6813 6885
1822 8672
3221 9678
4003 5305
2132 2558
5350 6353
5780 6731
3669 3711
466 1447
7056 9804
2018 4877
5103 8962
290 9663
3655 4361
8183 9902
3384 7274
868 8233
764 6952
5683 8946
7694 8438
6628 6994
4506 9300
8495 8877
5695 5699
870 2601
2866 7518
4123 9241
2456 9150
279 3800
2832 5502
7416 9109
2734 5543
7200 8757
5168 9812
7388 7779
6450 6782
3343 5698
7625 9359
1565 3523
9433 9680
2016 4750
8567 9178
8825 8993
7217 8833
5199 9180
6751 7791
8873 9458
5577 7970
499 3694
5790 6479
6739 9983
9376 9819
473 8846
6362 7876
2102 7172
6157 7567
7443 7594
1026 8149
7664 8687
8111 9442
8624 9031
5209 8777
7773 8010
7219 9059
7755 8424
3163 6516
3716 7807
9037 9535
5436 5984
2369 3899
104
7323 3562
4413 3266
1869 1134
8784 2327
352 303
4069 2556
9972 9135
1755 51
8209 2117
5714 4757
8084 3610
3943 2585
7648 2532
6402 5426
4191 2299
7774 5969
2620 336
9757 7458
9538 6654
7475 1701
1281 1081
6154 4622
5887 4226
1917 734
411 235
6415 4811
6530 2761
2176 165
5066 1791
7381 3875
192 78
4186 3513
2250 1785
6365 2885
3740 3081
93 71
1578 1265
5632 3848
6471 613
7526 6050
4382 3273
7026 5591
6558 2640
8612 2314
9510 1490
5929 804
5988 1502
8188 6231
7850 1809
3841 1547
8715 2249
2769 1577
6091 4531
9153 883
1941 419
1664 655
2405 1389
9133 570
5571 2307
3216 2378
5357 688
735 438
9579 7242
609 410
1643 1067
2890 1444
8998 489
8832 5455
9993 8477
4716 3674
2903 2707
4316 2
7413 4268
8947 7435
8863 8479
9718 9386
8717 477
8936 2826
8493 8204
5123 2276
6241 5424
9808 8668
6378 627
2993 798
316 173
5731 2658
8744 7959
7418 4059
8883 2695
8079 3660
1084 344
2124 2004
5692 1769
1558 355
5454 2676
1095 77
8600 6603
8055 4938
1821 876
3412 2152
4240 3706
8876 2365
8855 4106
9794 4696
