402
3969 5048
3207 9522
4535 5327
5914 6205
6194 6637
9804 9904
6401 7608
6992 6997
346 5521
6579 8118
8639 9328
5410 7387
6599 8472
1255 3366
6539 9362
7269 8597
5039 6426
3538 8335
3497 6240
1319 5139
1720 1815
1229 2891
6249 9398
2389 3291
5614 6036
2444 5415
5493 9876
8770 8804
4868 7552
7592 7647
8483 8681
7989 9600
1219 5024
2239 5696
1823 5556
2540 5052
7370 9797
3146 3339
4961 8526
5305 7751
4281 9349
7711 9114
405 618
6471 6632
1173 5597
296 2405
5461 9315
8998 9958
6751 8404
689 6580
8072 9754
3296 9869
4333 7050
3592 5502
9467 9915
3842 5489
4682 9774
672 5020
9190 9688
8871 8950
3739 7473
3390 5929
6368 7803
4233 8861
7715 8348
6589 7327
3675 7434
2589 9010
7584 9920
9477 9800
4522 9773
5412 7747
5716 6437
5144 8021
4126 4836
6289 7132
8745 9307
2811 3959
6492 9443
4941 9994
9952 9975
1085 4010
1929 3909
3946 7227
6849 6956
5648 6055
9133 9569
4334 9436
4666 7967
5069 9363
1699 4212
5523 6398
6598 8123
1499 9969
7596 8859
9402 9462
4070 7697
8438 9100
7392 8047
1540 7165
7871 9040
8860 9468
8949 9095
4733 7115
5081 7036
7229 9045
1675 8365
5851 9976
5072 7520
767 3324
9026 9973
5802 8682
5298 9132
1867 3666
7380 8974
8099 8806
4118 9048
4341 7931
2945 8202
7819 9519
8666 9938
867 1201
1489 3116
2426 6204
9749 9766
4449 6695
5179 6496
2415 6085
8494 9005
8643 9088
3442 9427
9727 9828
6694 8576
2704 8872
2802 7508
412 2112
8455 8679
5008 7079
5381 5684
6074 9348
8700 9300
6383 7363
6953 9068
2612 4874
1485 8508
3387 9083
6180 7987
5336 5627
7953 9145
8706 9225
5473 9913
3890 8270
6392 9428
4304 9635
4683 9036
9073 9479
8684 9404
3044 4294
8226 9365
5313 7655
2838 7308
2097 5102
8930 9314
6245 9815
8979 9204
3429 7704
2782 7884
7043 9767
182 4647
5803 8717
1465 8140
7833 8875
1181 7316
5829 8147
1144 4896
7110 8134
1610 5918
4900 7736
5579 7981
6721 7490
3808 7376
6817 7897
9327 9989
2395 8512
2031 2165
3948 6772
9153 9486
1864 4287
723 2383
6097 6760
1257 7890
2488 8877
6290 8970
7713 8240
9342 9636
8136 9822
797 3359
7686 8814
4515 9808
4307 5406
982 5316
5125 8532
1785 2399
6325 8616
2127 5460
1248 7281
545 6176
2188 4346
8053 9249
4635 5366
43 5808
2346 8120
2433 9483
300 4122
2703 3798
5005 6504
9586 9936
8272 9620
8876 9459
692 753
3234 4063
6306 8481
8747 9408
5128 8213
5002 9709
4915 7800
2419 8536
3202 7489
7315 7915
7959 9175
6895 8229
2792 9741
1995 8650
9461 9768
7217 7734
3874 6151
7017 7722
809 6480
7493 8658
8478 9076
1734 1826
9394 9397
3998 8459
8092 9488
205 9624
7162 9790
7272 7546
1729 1945
7623 7906
5333 9993
9667 9977
8184 9901
8243 9689
5707 7243
717 5441
8446 8805
1728 8042
113 2859
9013 9247
4974 8098
4054 8447
3392 6429
560 7766
9146 9313
2451 8736
3928 7856
6777 6892
9594 9896
7681 8589
8662 9644
312 6899
7372 7749
9775 9873
5134 8354
852 8703
1928 6711
7510 9333
9707 9723
2020 9863
3367 3892
103 4805
8015 9715
7111 7725
1413 9539
6525 8269
3554 9401
9421 9558
1984 8436
5016 9236
5278 5824
8251 8350
9912 9918
4680 7214
2506 4203
4262 5518
553 2483
9458 9962
9338 9946
5063 6735
6723 7668
5995 9340
2797 3694
826 7287
8740 8917
9277 9474
8397 9094
7769 8489
7461 8197
7318 8788
3613 7767
9143 9947
9903 9986
3474 6932
3056 7309
2107 7786
6969 7468
6970 9907
9081 9432
9662 9678
8228 9384
1361 1380
5045 7908
5570 7495
5678 5703
9736 9942
5433 5525
887 1522
7319 8901
5153 7558
5819 8989
751 4654
8713 8752
7333 8362
8500 8898
2760 4629
3086 9422
79 4213
5888 9617
167 6201
8864 9660
3529 8622
9379 9641
3512 8926
170 7528
3729 8315
4992 6859
8296 9671
4285 4365
1979 4839
9849 9895
7093 8689
8387 9568
9764 9909
5991 9457
8173 9065
216 8742
4611 8767
3836 8754
5325 6601
5788 7282
4125 4955
5599 6326
3537 9580
1476 5190
5372 8480
2406 8838
4413 5642
3476 8405
2910 3423
3272 6737
4879 5557
2373 4261
5713 7674
447 635
9014 9984
7351 7399
2952 3242
6146 7588
7636 9630
1125 4363
6412 7277
5938 8661
6904 8936
2878 9429
3263 3322
651 5998
6915 8560
5162 7250
8006 9096
6447 8370
6164 8359
6304 6986
4739 5076
7858 9964
1477 3344
8919 9332
2734 8690
399 3943
9842 9899
4210 8155
241 5244
474 4802
593
3748 725
6260 3832
3414 1604
2229 1907
4501 1385
6889 1211
7449 6663
1702 662
3868 964
7746 140
9174 3231
2580 872
2024 1348
2931 60
3271 1547
7939 3135
2471 548
2238 1328
2176 949
5826 1593
3490 222
472 306
119 6
681 634
2835 2402
4500 2990
263 4
380 264
9748 110
2315 231
2293 1468
5205 2186
2750 462
5577 1283
6067 898
2245 1097
3822 1650
7407 3220
7091 335
535 165
5835 2766
9460 251
4426 3906
7213 2587
6622 3000
6153 2987
3456 56
3495 1017
1756 1737
2032 1878
4652 879
8725 2765
1771 921
1753 249
2157 722
186 130
8158 2335
6618 5090
375 271
4073 2490
4993 3027
774 93
9726 2749
1740 770
4958 1776
9463 1690
2940 2379
5533 1484
7259 2082
6661 3638
4507 2347
2307 188
4569 3540
8255 1084
1192 28
3484 2194
6312 37
5880 1050
5310 5112
6966 5522
89 35
4969 190
3184 2189
7304 5148
9921 3274
789 64
2674 1899
2637 801
4151 2039
8712 7172
6125 959
8112 6880
8095 1999
9551 5000
6807 5227
840 225
6565 3625
5859 3930
2561 1438
5004 1444
5246 4526
5540 2317
3624 3405
6945 5300
3523 2487
6804 2579
3925 2743
7208 1140
484 138
500 213
4797 3275
1792 1435
5508 3187
9239 4177
5723 1222
2230 1602
5868 4428
8286 3801
4880 1893
2892 1459
2472 2137
9744 9189
6381 5833
389 279
2203 1935
9592 8830
7258 6438
7240 4076
9786 1877
926 646
2005 145
9514 5285
50 8
733 636
3599 439
8132 3674
1063 704
8172 1742
336 18
6506 3654
9614 570
4110 1049
1425 1107
9380 8517
5895 908
1539 754
6883 4145
5397 2147
5781 4676
9680 2122
6509 5891
576 2
8037 3015
2948 23
7733 6980
5497 393
7041 4791
534 322
5121 3781
626 87
4315 1556
4085 2359
9069 5815
5116 202
7167 6511
4108 1757
2170 1793
1388 1115
5490 557
3214 2851
2060 148
8907 7824
4614 589
1851 236
224 126
9131 8468
5066 3859
2998 1441
2809 1424
9729 3492
9972 6386
5055 3131
5503 1406
579 480
4376 3069
4204 3955
2048 778
4012 1298
2494 621
8130 1382
7065 5750
8078 384
9631 617
6322 4048
4280 1471
6896 3445
5962 5527
2582 2087
6382 3163
9116 1635
2786 223
4322 479
1940 1843
5135 4013
4854 3919
527 62
7161 6540
5770 2386
2272 456
5517 3104
8654 5972
2834 1078
4864 248
6375 3489
5318 3993
1789 1334
4932 513
3398 3228
9455 3303
7236 221
9007 5312
8450 2894
7911 3279
4499 2240
3990 823
8855 5661
2867 2517
1514 1069
726 498
2932 702
7008 1087
2033 1677
3076 131
1900 1443
2185 724
996 552
3563 1816
1402 476
3052 254
2812 1868
5224 3590
9948 3738
8456 532
9150 8667
7356 6126
6774 696
2770 1338
6662 4741
3416 2937
9502 7703
2323 1580
7341 3223
749 351
6912 5850
8793 4967
1101 193
8129 2327
8190 8185
6630 4904
1502 230
5884 992
198 168
9067 8176
7458 7129
9245 5771
7781 1965
419 328
417 329
8843 2928
8328 3105
2114 1510
9122 7827
2118 452
1882 1356
7206 806
7256 1318
3600 1370
4444 899
3588 2725
3012 1265
1579 1220
1936 1368
3753 3606
5975 5760
4089 81
4165 3516
7261 7145
3812 3148
4884 2250
5064 1259
2696 192
7938 971
9888 4137
2524 391
3362 1639
7154 5251
6056 4441
8524 1957
1733 1203
9922 7027
2564 1504
9507 8200
3941 207
8002 3338
878 19
1458 1061
9346 1964
6562 2601
4767 1460
382 219
7398 6424
7212 1427
9047 5457
1570 960
9419 86
7057 4086
6385 3125
9472 4667
2731 2660
7920 5822
1974 1589
4488 1260
4923 829
3286 674
6023 82
4080 819
597 442
4371 1439
3699 3534
8607 8066
4938 1546
8103 5448
1043 84
8686 7177
4885 1869
7844 3791
2724 504
9525 3386
8535 1036
7504 3107
5152 4342
1099 429
935 436
8490 1705
5742 2401
2555 517
1898 1859
4671 4493
8300 8295
8048 4766
9628 3461
9345 8087
8417 1012
6577 196
9509 7882
323 137
4700 1236
1831 1558
4049 2657
6844 3039
8422 1743
8603 5183
9206 9061
2184 1506
1827 1475
768 268
2578 2382
8464 420
8486 1944
3712 2141
102 21
3996 3898
4530 1674
6613 3546
7 3
7805 6526
5487 2679
2448 886
5103 942
7952 3309
6080 2528
1042 1015
2166 1528
8763 6302
4171 136
4777 3127
4234 1030
5170 1821
3375 1369
6960 1002
2924 2243
6470 575
8308 4994
3783 521
8537 3211
857 280
1990 962
3374 995
8268 1329
611 58
1666 1089
4512 861
2551 2155
3767 2126
9661 7902
2856 2260
2698 2676
9269 5666
132 34
8261 7200
687 204
7209 3162
6944 6421
5456 3891
1782 1082
8750 7098
212 5
2156 1151
8135 6251
4685 4130
5479 2607
2688 2447
1886 918
5601 3028
5249 850
1416 1073
6572 2431
4264 3224
8800 5449
8632 6121
2923 580
8141 1548
7870 1246
8921 4919
8644 7182
6981 556
318 73
5403 782
5223 3899
3349 1133
1304 1216
15 11
7420 2975
5708 2873
5302 171
187 12
2146 799
4812 90
8716 6425
9579 7295
7566 881
3061 2381
7157 7141
8584 5009
6513 5687
9130 6380
540 514
5154 2167
5053 3770
9933 5670
5615 2675
8862 3402
6003 788
4226 2667
276 258
8507 6088
9824 4825
3598 3493
338 124
4007 78
7742 6119
8003 559
963 367
2794 200
5026 4950
1773 266
1662 1117
1481 613
9825 9274
820 120
8342 803
7426 7105
4582 4427
5989 4030
4093 985
9792 1722
4179 114
6704 4513
6936 4034
6536 5455
6544 873
267 95
1629 853
5189 2538
3975 550
3562 1795
3945 3933
8844 5623
9043 7536
6253 2088
7487 682
4097 2631
3455 179
6357 1047
9735 6414
1695 863
1353 680
7023 6533
3841 159
7355 6365
6124 4646
3549 825
6242 1261
2914 1986
499 487
9111 5032
5968 489
8707 1455
6531 573
8995 8267
9905 6761
8802 1172
5722 1394
3013 2976
6399 108
5896 5514
9021 4579
8722 955
9914 2857
2025 492
1193 506
8680 6566
7175 1606
4966 4870
317 22
4256 139
7090 4828
4246 991
4024 2351
844 745
4359 2234
6131 1825
5001 3004
4988 59
884 543
2799 2199
3790 2814
2886 1300
8411 2077
6927 1537
2879 2837
8074 6766
4528 4472
3743 3494
4787 3426
1122 403
8985 6057
3873 3312
5241 4872
7445 4344
974 947
6062 2646
3468 882
9213 4911
227 203
8580 3370
549 345
9664 226
2369 256
2018 1787
5718 3567
6796 6462
7946 1074
8429 7076
5099 293
9716 1955
9207 4503
8848 111
1513 1391
8809 2527
2595 511
5462 3776
6466 4419
6321 6283
7570 503
421 144
8019 7007
1056 443
5931 5811
9191 2210
5797 2605
7425 3343
718 245
