319
7301 9959
2585 5823
2924 9602
6727 9953
1510 2302
9720 9982
3779 7707
1089 2395
7644 9431
1909 3572
3602 8658
2719 7541
8088 9541
3778 7014
4213 6908
5509 8833
1168 5659
7174 7842
9509 9844
9170 9258
7288 9824
6801 9784
5460 9631
2119 8170
4353 7839
6292 7812
7583 8757
2545 3234
3220 8877
2781 8959
3530 5368
7889 8267
8709 8861
6983 8938
5089 7615
331 787
5208 7950
659 8197
29 6197
4106 9246
3217 3265
7338 7969
797 7833
6701 8564
7446 9994
5670 8672
6237 9031
8577 8847
8666 9402
5424 9378
7310 8214
7336 8150
9040 9742
8848 9291
9223 9660
5875 8998
2137 9414
988 8670
625 3089
565 1978
9562 9939
6619 7179
3504 4976
6056 6188
6667 9980
8186 8225
8138 9936
5986 8120
2307 5008
2390 3659
9760 9914
2464 9761
8507 9304
6177 8279
5883 8195
7935 8910
1500 3653
2118 2411
4194 5699
7949 8358
4198 6006
576 6665
3313 4282
9008 9789
9206 9615
1325 7875
136 7132
2352 8144
5110 5161
5689 7860
2135 5632
4140 4644
4757 8542
7774 8482
9325 9648
327 6905
8448 9623
1341 3324
4964 5716
9489 9908
7509 9292
1968 7154
7407 8659
3599 6307
4733 6584
626 2779
8243 9709
1218 3677
5555 9513
7570 8249
7081 8259
8202 9202
8428 9131
9744 9991
9022 9307
9311 9977
4234 4937
3996 7416
4136 9978
6210 7146
4957 6610
728 8498
2130 6323
7483 8697
4856 7999
1568 6858
1718 3876
3102 3321
6066 6733
3484 4153
4639 7641
4796 6596
1283 9584
2196 8812
5121 7759
1007 9189
6424 9646
5709 8377
6143 7589
8277 8663
2892 3325
5134 6995
5070 5444
2978 3507
7368 9198
9014 9664
3621 7367
9052 9308
8819 9394
1943 6891
1761 2435
6526 8578
8783 8871
7873 7968
5183 5404
8481 9110
5194 6474
3174 6611
4874 7563
3710 6137
2947 5915
2988 3059
1599 5435
9434 9480
2248 5621
5278 6111
1219 1232
9932 9983
636 7255
9849 9966
580 3196
1769 7355
183 1402
7903 8011
3281 4274
182 7600
27 8440
4029 4742
9054 9756
8514 9692
9968 9989
2380 2975
9163 9516
5180 7182
3744 9996
5541 7464
2589 8787
5098 6511
6654 7669
6693 9628
6543 9809
8356 8426
6588 7625
5618 9560
6289 8761
5858 8473
9123 9176
7793 8687
3997 7311
5813 7455
3977 9693
8641 8917
4601 4675
2353 9329
5649 8886
2236 7704
9060 9724
8306 9009
6429 7804
6316 7703
1554 5198
9933 9935
7206 9616
9 3953
202 9417
5032 6363
5304 7947
729 7995
7010 8662
9621 9866
4674 7985
6275 8075
5818 7050
4403 4792
8402 8947
1595 1908
4944 9075
6909 9757
6912 8994
8636 9330
9523 9863
474 9997
5260 6131
1136 3453
7697 8132
8207 9546
2998 9854
6335 7266
1351 2561
5654 9469
4767 8553
1306 3641
3198 8912
3075 7673
2363 3768
5467 7241
5964 6162
4574 6464
2334 2725
4262 7718
9174 9567
348 548
3119 8838
9901 9962
7609 9878
3123 8698
8373 8570
2477 2557
1020 6579
4263 6158
3811 5602
8387 8926
3337 6859
9464 9524
2684 3939
7891 9381
1874 8431
9707 9895
258 1254
7784 9057
577 6721
2639 2919
6391 8949
5745 6446
7808 9775
1201 9519
8905 9988
4939 5738
9810 9880
197 8918
2848 6535
3090 3239
4811 7897
9661 9675
7254 8231
5178 5824
4462 5420
6793 9722
1804 7274
3703 3965
2861 5290
1573 5394
2105 7530
2280 8858
8816 9817
5801 9010
3204 7684
2908 8548
7129 7226
9348 9435
9463 9498
234 921
9460 9781
2865 4539
9387 9845
5218 6699
8078 9580
6397 6519
8345 9860
8951 9891
7424 9569
8199 8533
3398 5286
1223 5728
2850 7027
7642 9038
3815 4228
2367 9886
2079 5296
134
595 385
251 210
4039 2478
7664 4495
3042 1388
6265 2468
5372 3926
3685 1005
1712 301
6897 3510
1867 200
5966 340
3918 1710
9574 9067
1093 650
5830 450
6339 1428
7463 3624
1989 36
2033 1457
42 14
3439 1258
5778 4527
2797 361
3889 845
1561 756
3688 1280
7427 1381
2472 2182
4834 2695
6338 5057
6990 3394
9732 6367
8705 1790
6798 3429
5446 5114
1640 977
792 91
9676 8223
5647 307
7948 2378
8148 4808
7150 4875
3622 2743
982 528
692 248
6523 4579
9252 8866
1948 35
897 204
9447 7659
3235 257
745 87
1371 163
6763 6042
2278 1449
6522 4209
3068 1494
5298 4634
2445 393
888 727
1662 1489
8083 3540
7500 6013
7882 6189
8893 8470
9449 1693
4030 644
5234 2206
1033 996
8593 290
7980 5694
1515 928
8315 8203
5856 3723
4950 2792
1506 108
1783 303
503 32
5796 2384
4206 559
1263 156
6371 6267
5508 3902
8131 5732
2951 186
5592 4123
3104 1094
8733 7400
5537 4814
9127 6448
6268 6179
2681 240
5578 1160
8444 3420
9312 7852
5345 592
3490 2544
856 675
3478 1492
3802 2668
433 39
6903 3001
5281 3454
5695 5162
5952 3861
8145 6839
1971 429
4037 688
860 467
5364 554
2523 619
2013 1188
6073 1606
3021 2638
5526 1461
7909 3689
1526 424
6152 5798
8321 3992
7654 6921
4922 3458
3066 1019
7676 7114
7259 5222
8547 2511
5878 4735
5438 3978
2443 1141
2579 1389
3564 115
3657 3465
9147 4197
4395 2885
