373
4063 4697
2280 3849
8020 8894
5951 9043
2185 8032
1823 5642
7857 8862
918 2662
1459 8999
4857 6936
9329 9333
5658 9768
1260 1686
6733 7543
4644 6084
1263 5278
7185 7661
3094 8988
6141 6247
8315 9239
9874 9955
4887 9359
5805 6721
9051 9803
8834 9685
8616 9386
1793 3542
8274 9750
1177 4847
6746 8651
7337 9669
5384 9864
8830 9635
7451 9138
9575 9973
3215 9999
9253 9641
1884 5613
9369 9449
9539 9773
486 1924
2414 8375
2973 8920
6619 9930
8568 9638
405 4090
6004 8364
6106 8108
6771 7966
4594 6152
3378 7091
978 4085
9371 9451
9025 9442
8126 9642
351 6849
8612 8982
8851 9275
4242 4984
6840 7823
4473 6407
5782 6032
3899 6572
9682 9824
7695 8039
9546 9601
1072 7619
1756 6836
5737 9324
7379 9473
5504 5687
4033 4975
5669 5790
4362 4409
385 8622
2183 5290
9388 9470
8666 9544
6348 9318
8619 9283
3911 4892
5355 8327
9085 9960
2914 4443
2671 8795
2593 7321
4183 9699
3713 6599
9121 9876
4233 6638
8856 8887
2116 6926
4158 6041
4190 4426
7002 9094
6565 7906
7705 8244
4431 7329
7863 8609
8993 9511
8754 9782
8505 8709
4461 7883
5548 9076
4619 9982
7048 7526
6438 9080
4939 8456
1822 3140
6251 8234
7643 9325
8106 9033
4387 6018
3698 9214
8093 9103
2833 5733
7491 9331
7902 8861
1071 7943
1901 3959
9517 9720
7515 8688
3928 7769
5837 9660
5519 7892
4634 5887
6745 7599
5353 6047
6458 6756
4812 6350
8904 9523
5331 6752
3931 8714
5434 8496
8443 9563
4257 8419
5239 8816
5117 6582
3558 8824
4885 9418
1049 8484
8098 9078
4861 9698
6523 8074
4317 9933
7753 9880
6982 7162
9377 9815
7983 8297
2448 4457
8347 8965
1322 6992
348 6548
4620 5124
8972 9889
7607 8243
5752 8279
9871 9878
4774 5626
9186 9447
4553 9984
2843 8756
7444 8604
776 7956
4270 5356
4905 4932
872 9603
3970 8012
1813 1956
7470 8618
7102 9866
1532 4704
7714 9242
3611 5157
4523 5008
5780 8005
1148 6450
7539 7896
2118 6443
5026 7535
9293 9922
4508 9865
8338 9623
7812 8966
2835 8755
4369 7111
9396 9994
4147 8863
2108 2471
5001 5441
2019 9438
6930 8481
6993 9978
58 76
6892 7723
4783 6633
5508 8760
823 6647
4198 6984
6853 7281
1268 9987
2078 3068
934 3297
8071 8452
5204 8916
5435 8301
4970 8770
7712 8725
4626 4631
8520 9974
3451 5971
3660 6567
6212 9772
6499 9450
1952 9246
6833 8587
1491 2478
6050 9609
9410 9836
3903 8866
1074 1586
8441 9185
4507 8891
7585 8748
9394 9767
8077 9592
2076 7198
7567 7650
6188 9225
7577 8099
6324 9187
9181 9940
6091 6370
1421 2343
8681 9530
594 1917
7167 7325
3934 6907
3177 3347
4127 8928
4053 9938
2976 7466
4978 7571
4031 7680
6837 8735
7734 9383
2356 9812
5929 7885
9005 9464
9316 9414
459 2499
628 7700
1303 8054
2989 8804
9486 9651
1741 3416
8401 9790
9525 9668
264 7594
3067 5187
4051 6584
9957 9965
8186 8848
1005 2454
345 3405
5666 5909
6723 8172
3200 5179
4304 8281
3527 8069
5105 6560
707 7502
9493 9731
8733 9155
3782 6115
4567 8258
2149 9460
4988 5931
4107 7582
7553 9334
7525 7852
5321 8512
5379 6460
8889 9200
3179 9806
6937 7559
1448 8167
5691 7278
5590 9986
1522 8193
583 6420
3154 9701
4898 8881
6039 7446
9437 9480
5250 8989
9723 9919
5944 6644
7986 8940
671 7871
9600 9976
9071 9255
154 6724
8541 8971
9492 9696
3892 4700
9375 9487
4823 6392
6045 7499
285 2085
1383 6807
6755 9107
6293 9849
5711 9951
8670 9063
5498 6575
5949 7561
1436 6317
8677 9406
2966 7341
7045 8661
1024 1060
3077 4241
4657 9909
7106 7815
6891 7353
9509 9858
1274 9059
7161 7181
8445 8603
122 8311
9065 9229
9640 9659
4827 8176
4480 6961
8302 9780
8768 9440
5587 9947
7300 9004
1215 1352
3009 6797
7009 7736
1626 7479
9352 9733
6292 7374
8580 9322
6081 6999
9421 9954
2683 4025
180 3865
5577 7764
8986 9781
5450 9097
6679 6804
4533 8976
2501 5930
7101 9665
2522 6369
2103 6447
938 4550
3574 5965
7882 8701
4500 7154
4911 6276
6273 8384
6233 7476
5560 8919
1133 9439
6321 7052
3470 5127
259 377
7679 8141
1881 3963
362
2701 953
7849 5892
3359 681
6270 775
6558 439
4610 112
6906 2660
6953 1540
6442 2542
4872 4618
6035 557
3313 2089
438 288
5948 515
3518 1703
5757 503
9096 6566
1869 1021
5145 1340
7416 3777
2737 446
725 576
156 89
488 6
2139 1951
8358 2136
2614 1959
2688 484
838 340
427 172
1684 1672
3884 2306
8529 4404
4527 3208
1521 1309
2244 764
6551 110
906 3
7916 396
6713 3163
8337 3218
6845 5559
4763 4488
3566 2099
71 65
3889 517
1045 858
5873 3787
4987 3012
8592 1202
8634 4632
6720 1195
7722 1474
4014 3461
358 115
3628 3170
3501 2239
7670 5621
5415 1033
3233 1490
4419 1645
3054 2281
8055 5391
4825 2648
4559 4455
9840 5988
8908 5636
18 16
884 324
6925 1757
2018 1738
9863 1050
8941 2515
8829 3109
608 73
7294 891
6651 3535
709 209
6304 4448
1377 1256
7481 1639
5357 5095
467 327
3563 2813
7618 779
2070 64
8843 6157
7114 3517
636 9
4388 2871
6459 3198
5997 5966
9002 2848
8161 4668
4435 645
1882 1587
4425 1791
9485 609
531 445
4227 125
2696 2386
4606 3947
1145 361
9290 4215
1902 863
222 113
13 11
2582 216
4940 1367
4568 54
2031 1267
3156 1280
2283 675
8057 2838
4820 997
8704 5291
6064 3881
4004 913
6824 3158
5686 5265
1908 1604
7004 3658
398 271
3138 2133
4104 1472
9597 8668
8149 4938
3534 1100
635 612
1178 508
8429 3944
7462 1651
4552 3337
8256 8116
1985 1965
9961 4531
269 212
1538 619
1705 768
5960 1068
6685 148
107 5
7141 1007
7460 6980
887 325
5093 1301
7663 3253
4067 756
6360 835
5921 322
7047 4879
5834 2174
1773 516
7778 7756
5893 2933
6701 5396
5174 4036
5525 4974
5513 5420
5442 3172
2412 1220
2967 149
2333 1244
4229 3547
8266 2
7075 4516
4203 1563
5656 4208
5130 2064
6269 4787
7116 683
5199 1228
5063 4145
1125 419
5361 3148
3023 2882
1354 1251
8674 4329
3525 428
3381 116
5132 1625
5645 1440
3807 623
5657 1285
9887 1090
3193 1461
6043 2205
3654 1554
9727 4615
1330 643
3578 1640
937 426
1281 94
4583 2902
2931 1806
9901 7649
5182 5141
196 106
8723 8115
8937 2203
6782 1602
8963 8915
2876 2676
8103 6240
799 600
9459 3557
8038 5060
2642 81
5999 5395
9621 4420
1886 1489
9914 2546
519 66
9264 6916
7941 7826
1479 142
7922 5389
5427 4255
555 280
8898 3796
8439 592
1385 365
9263 7400
9923 8636
7467 1051
1278 475
9801 1850
2995 1179
233 82
2091 1805
7350 6160
5962 5276
4929 1528
4985 2096
144 34
9555 4335
2909 1558
6127 5716
3737 2886
302 92
5692 1742
9145 7739
4057 454
3813 2854
9037 4027
4529 336
4003 3167
1335 521
2385 1312
8079 1342
855 693
3061 1106
5422 1496
5736 3008
4868 3905
6021 4962
3049 2334
6664 1570
626 275
3188 2752
2962 412
8498 2858
9808 1989
7267 3371
828 145
9755 8010
5410 3007
6761 5280
6427 4384
6386 1395
726 101
3038 2699
1457 410
4013 2906
8782 7015
8100 7007
7354 1786
5075 2296
7713 4125
2802 1476
8046 7237
3663 2360
9424 5985
664 556
7934 6254
1396 1237
5223 2200
1903 74
163 152
668 266
6882 6598
4734 1660
2182 1775
2503 2482
812 315
4909 4670
6905 3000
5083 2641
8697 1417
2444 879
314 83
8214 5726
3034 432
6065 1151
7177 2390
4321 3801
8280 39
9087 739
5392 2985
3396 3022
6249 4408
8179 4767
6876 3870
4311 1211
6346 5178
3572 686
1081 747
5859 2600
8120 5608
1542 1019
6419 3091
6482 5655
1759 274
69 21
7859 2434
7593 2114
4989 639
4528 788
2474 253
6901 5211
7258 431
2904 1765
7265 4228
384 132
5122 3918
9218 2971
3406 2623
5950 1123
1941 672
3073 2464
3592 908
9671 3472
337 300
6725 4560
3360 1706
9349 6732
9622 5036
3735 3238
798 757
6698 3145
4850 4849
4663 4175
8474 4916
5296 3734
2533 1671
8752 292
1110 497
1867 32
8554 8076
2947 2564
3991 2187
2419 1084
