873
1860 8539
3597 6831
5497 9129
8363 8769
4148 7637
5310 5467
104 3158
6139 7147
2776 3396
7593 8528
6082 7853
6843 9435
1087 3091
4297 6167
5801 8453
5218 7409
8257 9484
9027 9447
7209 7584
846 7049
5606 6963
4619 6619
8175 9359
174 3851
7764 9006
448 6163
3674 8402
81 6852
7676 9903
6762 8730
2288 4886
9658 9788
8332 9682
3907 4121
2572 7981
2200 9426
5100 6518
8695 9563
8860 9605
7613 9613
6545 9579
4382 7889
9404 9697
9767 9829
2400 4914
951 9606
5402 9019
3114 7553
9734 9890
3261 8522
6948 7579
1428 7543
7080 9119
8489 8827
5328 8990
7361 8564
7320 8631
8728 9222
211 1867
4461 9166
5974 8900
4213 9679
8577 8643
2714 5063
7551 9467
8202 9651
8213 8238
8203 9028
9687 9863
7239 7965
1261 4127
1646 5223
8765 9256
8181 9739
8723 9169
4320 9296
7654 7800
3849 4045
3127 6860
3345 9951
2605 6592
2265 6517
6165 9748
2636 4419
845 2798
8517 9878
1690 7225
7626 8806
9306 9765
7815 9217
8689 8828
4693 8850
6494 9299
622 2579
8786 9314
6909 7314
6415 8586
9198 9911
4751 6472
5559 6662
7375 9171
9740 9950
3939 4326
2543 9686
3873 4189
2322 5561
6325 9523
8341 8869
6765 7030
6986 8352
4819 8611
2151 3355
4067 6001
913 7417
9241 9813
3921 7655
6148 7235
2130 6396
2372 2718
343 4384
6205 6536
150 9825
6507 8452
5197 6316
907 9112
8369 9310
4355 8364
6811 9818
3264 3615
8799 8907
1424 2730
5867 6964
9845 9871
2460 8703
2159 5176
3107 7063
8417 9317
5738 9820
3134 7841
9287 9662
2445 8243
4948 8187
8376 9974
9051 9097
1213 4964
4936 6803
8302 9558
3976 8877
813 6208
2911 9094
4334 9477
9584 9667
9882 9954
6581 8296
8563 9460
4954 9630
9267 9297
2566 5652
9671 9980
456 6937
6796 8513
7740 8146
7512 9790
9181 9985
8952 9742
2383 8194
1874 6095
3092 3902
6829 9113
8976 9840
1045 8950
2324 7246
5590 9562
1715 2479
9666 9698
1776 5163
673 8979
2722 7837
553 7668
4719 8700
5338 7791
2918 6340
1778 2291
3143 3561
2102 7835
3000 8479
9203 9471
5564 6102
1530 2752
2553 7462
465 7467
5474 6038
8648 9374
516 6589
501 1589
5495 6578
3853 8981
5499 5592
5922 7004
821 9360
7796 8943
4451 7293
4834 9885
1605 3691
7828 7899
8598 8625
9650 9690
3097 5612
3454 9587
6091 6172
7641 9995
8742 9837
4554 8935
3369 6728
5134 5792
9358 9384
3033 6439
3005 3296
1368 8284
7911 9177
786 6444
5976 8607
3831 7131
204 3342
9764 9857
4101 9341
7466 9012
6833 8758
3500 7719
8537 8738
959 3067
8536 9240
4070 4798
8962 9631
7210 9614
822 3252
6369 7657
7529 9516
9598 9812
6801 8661
9962 9991
4612 7476
1898 7051
1278 1639
6558 9273
1787 8548
7307 8107
861 9224
9944 9988
2076 3876
1353 7027
1400 7798
3928 8585
9643 9646
1307 7479
8589 8863
8684 8704
2772 5570
5171 9573
9162 9853
3191 8997
1631 5284
2344 8871
6379 7447
2934 3981
1437 4031
5983 9836
8650 9808
4810 5518
7276 8249
9323 9423
2573 4588
3304 9000
7728 9350
9303 9315
4157 6460
4590 6111
2080 5545
7260 8600
6633 8215
1150 1447
27 7589
3380 6680
3463 6556
9784 9881
9234 9546
4408 6333
1031 1156
2203 6323
8170 9312
7659 8349
5787 9838
1723 3653
8846 9867
5644 6788
4295 6726
6388 6847
262 1965
8013 9640
5479 8136
8247 9639
5238 9792
4897 5930
9276 9860
5629 7008
1281 4879
6068 7814
3751 4971
2108 4899
5084 9444
9622 9782
5278 8464
6700 7491
1772 1810
5093 7188
1920 2629
4950 5702
2692 3070
3401 9081
9907 9930
355 7244
4042 9470
48 5269
2385 6230
8553 8674
314 4490
3205 3433
7984 9305
8028 8883
2038 5021
862 7614
7446 9446
4377 6715
3054 4365
2724 4505
5273 9914
504 3634
88 5226
7884 9594
9696 9926
29 489
5733 7394
411 9328
6015 8998
8220 9843
1621 6030
2557 2834
7905 8550
6043 8133
416 6679
4782 7031
9896 9956
6844 9038
1316 6670
5030 9123
7263 7774
6821 8677
8493 9731
4937 8705
7451 9442
478 5368
3842 7177
3021 5408
2932 7891
1554 5498
8690 9278
2053 8288
7046 9732
63 3084
7670 8492
6835 8042
662 3331
3210 5857
7482 8403
8106 8866
4257 4968
3551 4456
245 8343
4100 8234
3640 6386
6525 8103
1163 7464
7100 8624
4600 9351
6722 8034
8487 9344
1725 5793
8457 9061
8192 9487
5077 6856
6469 6804
9545 9858
8339 8645
9848 9939
3697 6448
4084 7393
7562 8499
5175 7431
2171 8573
1103 7424
9530 9580
6903 9565
1471 8576
7064 9391
8108 8488
1364 7184
8026 8498
5038 6158
6749 9406
2393 4343
985 7627
6069 9889
6220 6376
7423 9225
4049 7173
5462 5521
848 6375
1845 8461
3591 3946
6691 7193
1521 9779
4019 8477
2990 6996
9014 9124
2095 6751
5603 9110
4480 7071
1185 7931
3524 3725
623 9975
508 2186
5249 7748
8054 9047
5684 8256
5645 9284
8720 9941
7977 8774
5260 8160
9506 9824
9395 9410
6241 8523
8354 9067
4830 5108
2671 5272
9279 9397
1208 1896
9282 9850
6789 8880
2749 4882
4521 6573
6552 8300
3959 6107
3063 9929
6667 6992
4203 6929
3910 8837
5002 5578
1203 9505
1569 5389
2293 4298
1619 5011
3718 8667
5701 9277
7788 9327
5668 6408
8864 9977
180 6081
6971 8193
3086 7299
8221 8428
5968 7882
9934 9955
6309 8394
1196 5721
1223 1673
6981 8117
7414 7674
8505 9524
13 130
3636 4039
46 6461
5826 7474
9583 9624
6157 7426
6071 7929
4409 4736
2676 4241
581 1024
9800 9893
8138 9265
2709 9472
4270 8123
8126 8949
1811 6249
3423 8691
720 8688
2157 3171
9601 9922
4838 9761
939 2812
4349 6447
627 5441
1038 7469
4162 7686
8909 9015
3820 8050
212 4706
3696 4939
4181 7590
9780 9938
626 1520
9949 9978
5726 6022
1775 2577
2600 7542
9458 9647
361 7083
7723 9706
747 7867
1625 1797
7876 7926
4929 5481
2584 6159
7151 8386
7389 7509
2954 6779
6436 9475
6381 6802
3489 5891
3064 5694
3913 4571
9168 9428
2741 6459
9134 9674
9089 9114
1149 8174
4 3038
246 5354
3436 8759
87 7725
4225 9913
917 2622
2585 7801
9972 9992
9167 9456
1829 4124
8926 9077
3769 6195
5620 6769
1866 3153
5520 8429
998 4423
6103 7025
7537 8228
1911 7986
6318 9773
3898 9560
9178 9531
7140 8087
7247 9260
6970 7622
9981 9986
4113 6050
9215 9746
2107 8329
6105 8209
2980 7248
364 1137
4099 8896
7550 7739
6080 8269
9401 9627
7489 8744
5186 8751
5372 7357
4735 6202
4786 8734
988 2408
9886 9895
4644 5707
3992 5613
6114 9186
2292 4536
1221 3631
2644 5825
6458 7893
2794 5752
5113 6036
1792 4652
3056 7994
8847 8906
1661 2919
2565 9586
2885 4766
2716 3766
3460 6137
4634 9422
4242 7610
2427 4117
3457 5789
7930 8749
4010 8956
3133 6696
8599 9462
9100 9438
7267 9183
230 4464
7341 9479
7495 9337
5560 6053
2578 9990
564 9141
8683 8894
2007 6857
2428 8733
5078 6587
1445 7612
6401 9092
702 7971
2525 8856
3372 4728
722 8059
15 1711
7317 9859
2539 2896
1655 3459
4405 4863
288 1533
7238 7775
9803 9918
4132 9218
3629 3828
4513 7715
9504 9963
8260 9660
2215 5913
4351 5070
4809 5537
4586 8604
7792 8646
7559 7658
7456 8613
7402 7691
8372 8811
3968 9063
1544 2988
6871 7300
3663 7721
1077 5740
6908 9726
460 734
5916 7943
7387 9659
3044 5442
4909 8545
3192 4844
280 3281
3978 4890
145 2197
4389 7908
3352 8727
8031 8641
6535 8560
8445 8790
177 7077
8180 9016
3416 5453
44 9672
511 3311
886 2412
2630 3839
973 2583
4675 9115
6588 8964
5443 8004
2732 9645
8984 9179
8912 9128
3602 7870
7245 9319
6227 6412
706 5147
1139 3540
976 6063
7286 8459
3916 6274
3695 6384
9855 9989
5523 7738
8987 9984
5419 6890
3912 9946
9635 9655
4666 8177
380 1505
402 4867
8746 9336
3379 4930
7505 9968
9835 9876
7528 9720
8242 9826
9569 9797
4383 9275
6052 7429
7284 9633
8779 9084
2249 9157
5138 6306
3609 9132
1534 5871
3 8838
3248 4476
2133 7368
7766 8870
7110 8609
3042 5678
6704 6756
1640 2657
6940 9603
1578 6235
1559 5468
8853 8988
2260 4887
6656 9201
9143 9856
2939 7700
6016 7099
5981 9497
3560 4646
8071 8888
4022 5566
5827 7052
7005 9814
7735 9106
4894 4959
3601 5544
4465 7345
5430 7635
7945 8931
9324 9823
2591 5776
1755 4823
3915 3964
9029 9754
5144 5531
3801 4398
4769 6523
4596 5737
750 6753
7936 8449
8706 9528
3317 9191
7968 8590
4200 5575
3741 5123
282 2737
613 4211
2513 5454
5643 6463
2698 5166
1823 3365
3332 7369
2091 3337
7808 8299
4883 6551
6666 7181
9005 9041
7274 8632
6951 9321
7205 7737
3571 6943
1955 9164
1697 9637
8340 9140
6435 8668
8036 8178
3973 4128
7530 9804
4281 7118
8637 9964
9608 9923
5892 8652
2098 9375
7278 8735
4605 9465
8941 9416
7580 9537
3320 4137
7840 8830
6836 8252
6097 8367
6027 8533
1840 6764
5422 6178
770 5671
23 4178
347 5805
7261 7698
2063 3861
1106 7203
1247 2869
6568 9664
8091 9879
3298 6968
4018 8551
3168 7724
1081 5364
2819 7251
8425 9612
6476 7448
2002 7556
540 6759
5920 7980
2216 6039
3424 5188
161 1036
1168 9064
2330 2756
3905 5024
4831 8067
7862 8152
3637 8766
1048 9656
9263 9274
7859 7947
878 2036
339 945
6366 6694
1217 6266
9392 9574
2953 8262
980 9771
9578 9721
513 5026
7717 9172
4071 7165
6931 7789
7022 9541
5654 8191
7311 7516
3829 4012
1765 4028
8971 9243
6674 9883
4760 6468
3843 4910
4916 9329
3844 8358
8434 8575
375 4009
4431 8712
147 5397
855 8279
6879 8089
4208 9979
1610 5802
2614 3688
229 8816
3312 8207
5648 7647
2248 4466
4946 7268
6152 7015
6478 9899
1322 1654
7125 7494
5624 6617
2399 9556
1597 4437
8056 8740
30 785
5399 6349
172
7038 137
5731 2128
8272 743
7741 5346
5294 4289
9953 6594
1346 139
1905 1612
4258 458
8772 8482
7498 1529
5750 225
2043 1678
1542 717
7581 4136
6250 3558
2807 2210
8011 2237
7678 2701
5490 2074
1264 1175
8420 5557
1513 517
2139 1072
4800 809
2790 453
464 192
3427 1735
7515 6514
2947 1331
3367 2895
3605 1676
3174 244
737 158
5970 3855
6 5
2109 2075
4176 1918
9722 4267
3547 176
3885 889
9003 6653
97 12
7478 1545
3066 2616
749 200
8596 1373
1008 306
3630 1026
9816 6539
5992 5763
4731 3802
3461 3082
2855 312
4420 1528
601 17
5698 3755
7582 6567
9340 7503
1746 1018
9898 2972
7129 6560
5420 4712
2821 616
1277 911
6718 2167
4974 4097
3002 600
8678 6442
1363 153
2705 146
6049 4279
9407 3085
8721 4499
1119 611
4154 942
5189 563
2576 724
5415 1618
7605 7376
8421 5243
1913 1012
5986 2313
9485 10
1555 307
9912 8048
9810 5866
1577 1379
6574 4717
804 556
2590 1421
3557 2680
5013 498
6669 6363
1338 987
3686 1388
1815 1564
4168 2180
3556 3384
1683 1635
5841 260
5896 663
3206 2145
8507 2284
543 532
5445 3418
9083 7957
9549 5250
452 350
7758 2873
9513 9311
7419 2562
8149 3804
5969 5607
9609 1099
5919 5040
6544 4209
8750 4165
7438 1356
6389 1133
6562 42
8525 924
8388 5311
1460 817
850 240
5183 1349
8473 4679
4711 2666
820 642
6603 1812
129 75
1041 803
1214 1138
2179 354
612 132
2809 2512
1023 201
5355 3277
8093 369
7212 1743
4047 834
9017 3539
2851 1470
8010 2791
9445 4629
7606 2419
6410 2224
762 570
6164 3072
8780 8324
1710 216
9877 1241
9101 3786
8248 7520
5458 4374
8940 6294
4541 3565
2663 1969
2401 1509
3173 2041
4874 4375
7445 5515
6237 2070
3659 2319
963 742
8945 4902
6350 1763
8468 3783
4427 1647
891 441
7023 2905
5786 418
