479
1026 6125
7322 9979
7540 9254
8484 9697
39 4840
5173 8795
2386 8509
8392 9480
663 5566
1196 4830
4971 9469
83 703
5404 5950
8159 9387
6961 8739
4497 6330
4509 4694
4308 7610
6861 9750
7674 9173
7141 8185
4169 5572
3228 4950
627 9687
3251 6806
638 5486
1949 4437
5082 8727
6453 8257
4700 9014
3978 8248
1332 8506
7342 8511
8013 8045
9154 9866
71 9315
3221 9882
8934 9141
9180 9519
1842 7767
6209 9920
2948 6215
6847 8440
613 7253
7058 7582
8140 8613
1225 9267
8701 8804
6486 9407
1078 4995
77 1515
4621 4878
2528 5153
9818 9988
9779 9959
1826 4458
4051 9598
8972 9245
3439 7638
1777 7220
1631 6500
432 2102
1048 8854
3468 7185
8267 9832
3020 9357
5685 7621
8584 8723
6194 7900
5532 6839
9685 9860
7256 8637
1100 6343
2019 6544
1799 5246
7956 9622
1385 3166
8057 9661
8269 9309
6652 8501
8127 9761
5718 7908
6331 7497
5545 5922
6387 8093
4083 8122
3689 3784
6885 9852
4955 6069
7278 8404
9148 9150
9282 9440
1009 3884
8455 8911
5739 7667
7859 8332
1499 5111
4263 6522
5519 7838
1423 5242
5603 8955
4569 8562
8396 9188
8078 9258
4763 7530
5509 7993
6835 7611
3348 7757
4044 7215
4768 5775
7489 8785
3053 8234
7492 9021
1739 8661
9660 9974
3197 8106
5658 9230
2728 7203
7329 9271
6741 8385
236 5051
1114 2447
2063 2533
3415 6575
7393 9889
1090 4595
2582 8343
1773 8620
2941 7973
1228 8689
7801 9960
9658 9880
8357 8946
8883 9621
9878 9964
7827 8010
3428 7897
5335 9737
475 9894
8830 9775
8095 8852
970 3871
8808 9705
1628 2287
239 9390
4026 9250
2797 4870
8721 9462
558 5437
6119 7964
9692 9743
4544 5429
9695 9905
7404 8355
5002 8237
6969 9706
4357 7173
5910 6569
1683 4767
140 528
6312 6488
7665 9341
8212 9164
3499 9771
4234 6621
4135 8227
3994 5099
9607 9921
9776 9914
7264 7927
5541 8910
1738 8542
3582 4029
9242 9591
6346 8015
4820 7846
5898 8145
9821 9838
3859 5939
3845 4428
2771 7014
4443 7944
980 7146
1704 8123
346 1365
9412 9564
9603 9647
9957 9989
1260 2404
6415 7186
5955 8286
8805 8925
5574 9969
4535 6583
3300 9780
6790 8912
1222 8942
4483 7969
6441 6477
8644 9962
9454 9754
6269 7282
1055 7027
4275 5531
3943 5236
1748 2788
1504 8789
8845 9470
897 3063
5789 7720
2272 9629
4414 6053
508 4232
5476 7916
1906 3744
5576 8203
8671 8876
3849 9447
9422 9501
104 5249
8215 8893
4695 5088
9918 9966
2023 4751
6731 7775
6064 6946
9870 9895
5842 7265
4892 6047
2194 2315
4413 7367
7239 7246
8699 9902
1756 9265
4645 7620
4597 6471
8524 8829
9746 9956
8609 9842
560 7507
9130 9686
8874 9833
535 949
2676 7152
1381 6591
9612 9939
6113 6994
6266 7470
9425 9876
8165 8306
2493 9672
5394 6807
3040 7015
1186 2305
7409 9303
5160 7930
4974 8850
6970 9360
2322 9352
1910 4692
8285 8715
1672 7673
3461 4286
5837 6106
1468 6015
9405 9740
267 4328
4003 4626
1417 4222
7161 8065
4440 9318
7133 8800
5073 6332
6098 9346
9472 9682
9307 9934
8735 9632
4841 5398
8466 9816
2207 6207
472 6020
289 9083
3515 7341
6719 6917
9080 9171
3159 6446
5832 7164
1844 7725
8589 9110
1802 5018
6578 9345
9297 9331
3202 6957
4319 6475
6016 8477
8807 9825
4322 5325
1263 9777
9900 9982
3170 6082
4354 7296
515 7411
8038 9159
5747 8324
1246 3313
4498 6809
3342 7401
773 2889
8873 9505
559 6760
1031 5427
9649 9840
2422 8442
2289 9473
6498 7113
2860 8729
8632 8896
6007 7853
7334 7723
7436 9738
6138 8201
6754 8146
628 3990
9113 9484
8036 8420
5098 6414
8798 9094
7817 9663
5895 7546
5205 7414
5887 7961
4282 8669
1556 3180
173 1184
9912 9958
2700 6120
9227 9891
3828 5288
4107 5096
8333 8995
2160 9971
7394 9487
8090 8655
8435 9668
9770 9995
3234 9980
2584 3786
3013 3591
6375 7445
8598 8730
1231 5258
5544 5773
5774 7958
3687 3799
4177 6407
2363 3358
630 4024
5836 8293
9557 9788
3549 9367
1185 2682
9334 9374
8317 9673
6450 7025
9708 9799
3997 6362
2035 2336
3154 5571
7388 9723
7187 9251
4984 6432
1178 9786
6490 8384
4680 9411
5384 9286
8832 9614
6485 7651
8445 9067
2073 4736
2301 6145
967 8551
8523 9035
1198 8060
3062 5368
5763 9948
1896 8350
2796 5847
326 3767
9984 9996
257 4060
9244 9620
3120 8792
6126 8754
2910 6598
1152 3552
8916 9444
4369 4681
7398 9452
5776 8280
8561 9406
6533 8056
934 4294
7125 7518
2954 7223
5319 7656
9217 9976
4165 5694
4433 6437
2246 9696
3969 7116
3404 5948
8592 9377
8064 9292
1210 8885
820 7474
6886 9642
2362 4366
4998 9807
864 3109
7121 9972
8152 9659
8543 9139
2333 2512
5863 7094
9119 9436
4492 5508
7008 9152
4940 8167
676 9703
4605 4865
1577 6804
6425 6586
2170 7068
4362 6200
4723 9547
2254 3472
2554 2929
9915 9949
4987 9378
4766 9585
767 2358
9970 9990
2596 6239
3291 6608
6506 9760
9733 9766
1438 6462
8652 9161
7005 9320
7483 8895
1270 8716
106 8469
7240 8860
7190 7537
6256 8951
5267 7188
1197 5801
6150 7177
738 2328
6211 7221
4803 5376
1754 8744
6640 9699
6152 9340
9931 9940
3270 6927
9563 9925
8019 8176
9229 9758
4448 5573
4305 9707
5729 6177
1861 9677
2571 4757
4586 7907
6198 7010
5971 6320
4772 7034
6473 8945
161
1957 1236
582 147
521 191
7905 2748
9363 1187
1424 601
1002 112
2020 536
6196 5989
3841 288
5662 297
6295 2227
9474 305
4893 431
1805 1290
8947 2312
2393 734
4563 3155
6154 4407
4208 1313
6900 5549
9095 5829
4905 344
4130 3635
3893 2589
5446 1972
2691 2385
8844 8400
7051 6170
6257 270
5162 4255
6854 2031
3642 669
7906 7698
3243 129
7848 61
9012 3930
3167 273
9724 2400
8427 407
3220 1953
6964 5732
2426 2163
5620 5472
8631 7122
4126 1541
7749 3877
5710 4505
1680 1239
5157 392
9081 3513
4358 4326
7182 5900
373 333
8749 5879
9117 3904
2977 452
2080 1218
7163 1922
9020 8089
3430 1160
7924 3604
3377 2220
1618 1030
4783 2248
2298 98
1933 1892
5483 2598
286 57
2496 2210
5570 3901
3486 1727
3867 1124
5435 3371
5102 2491
741 111
1418 150
1348 315
3627 2906
2357 1732
5636 1715
8339 1690
3706 1445
2773 1146
4243 2683
3051 1257
3110 1095
3055 2373
3283 2696
4612 691
5625 4968
4474 109
5251 1559
4881 2090
6675 2866
14 6
9490 1725
1921 131
1667 721
7212 1311
3249 1579
1436 863
7811 5079
7813 5411
5397 1864
2792 651
8667 4143
1412 947
8353 5746
8171 7408
9691 2089
468 336
5273 4411
7774 2013
7535 2635
7124 2633
8919 5639
6114 4843
3698 1507
3788 3037
5278 3618
2006 918
4592 1720
225 135
8390 6089
2849 1027
2131 2036
7079 3679
757 161
9478 5052
6066 2110
2873 1707
4918 171
2621 509
256 9
5401 4005
1616 929
226 195
93 4
9349 5442
751 20
8365 655
7705 5158
647 124
8677 6816
3683 3124
9847 4897
817 200
6676 4960
3146 856
5227 4907
2851 2625
6649 2962
4650 1422
8510 4696
439 325
4289 1336
8417 1859
7661 532
3425 2130
3389 385
