488
9165 9246
9905 9946
9080 9902
2380 4689
7068 9732
9603 9688
3009 5395
1506 4784
2614 9078
9718 9860
2946 9807
8526 8844
3566 9707
4987 5765
261 4818
2516 3616
9660 9933
7505 8312
6986 9202
1514 6996
5363 7064
9053 9273
4619 7204
5790 9527
1147 1582
7229 9639
8473 9751
3995 5323
5941 6343
3742 8321
910 9466
5776 9035
1054 7347
1389 2773
8889 9305
9082 9940
9706 9858
5241 9968
7287 9320
1168 7467
5947 9459
976 6558
7797 7886
8423 9128
1311 8565
7218 7976
8929 9570
5554 7122
301 7560
787 3094
8794 9816
3351 5251
7753 7901
6215 7331
2285 5497
6928 9762
5644 6827
8142 8786
2031 8801
9947 9990
7256 9245
7584 8555
4726 6991
1740 9387
8409 8645
6838 8302
3682 9021
1233 1555
97 8818
8253 8703
3213 8110
2192 5516
8810 9332
5560 8058
4590 5137
9913 9919
8068 9967
754 6922
6749 9444
7264 8211
1731 3374
1394 6038
129 7892
2882 8043
4322 8124
5662 8284
2689 7354
1762 8783
5027 7844
7272 7564
8074 9526
5320 5480
9047 9683
9583 9598
1660 8162
4969 8654
85 6746
6446 7173
7986 8803
6208 9051
3916 5203
3176 7569
5843 8150
1371 1926
3579 9161
5677 6728
9473 9808
6101 6708
9594 9744
998 6516
213 1105
1320 5575
5852 7144
3624 4712
1279 2334
853 4865
5473 5633
5489 6455
5783 6715
8296 8631
9442 9454
1103 4155
2827 4471
4654 8349
2617 9693
5968 6269
2817 5364
6917 8069
643 723
7997 9914
6863 8948
5984 6925
7076 9458
6883 8209
288 4941
2132 3806
8607 9778
9500 9746
7375 7733
3614 8591
2056 8862
9523 9943
3862 9274
8609 9893
6612 8256
3324 8431
6250 7541
6294 6595
4124 7160
2233 8913
9182 9835
4229 8780
8538 8957
5177 5534
9820 9845
3002 4663
1900 5623
6582 7162
8097 9547
3420 4214
8751 9325
9031 9294
6878 8430
1417 1539
3869 4011
7894 8729
6324 6750
2276 8289
8449 8635
7437 8336
486 721
7899 9951
9088 9230
3676 4152
1206 8439
3113 3477
4857 9974
2998 4022
112 1404
297 3613
9760 9821
4831 6348
8337 8790
3847 5398
6342 9019
798 6634
9680 9822
4030 9637
4873 9935
5231 8438
8365 9282
172 7746
9029 9883
8998 9200
7502 7923
7471 9700
1153 6995
6027 6480
6594 8261
4837 9015
8757 9221
5998 6668
770 4371
5165 8387
89 2743
1794 7604
5719 8541
6199 6820
171 3983
3555 8178
3456 4942
7511 7780
1657 6503
3437 4907
4662 5731
1205 7884
1865 6096
8204 9196
5182 8483
9123 9591
473 9449
5708 6680
7737 9397
3263 7457
5996 6176
9095 9601
8368 9171
6753 8901
145 9010
7251 8736
2717 7682
402 1743
893 2542
3274 9669
9329 9645
483 4717
3451 6497
5641 5749
8698 8885
5229 9374
1797 1905
768 3698
1269 7545
2291 2693
5474 9880
8719 9269
8939 9900
5026 5826
3255 9895
9014 9240
9954 9972
8401 8787
6391 9739
2955 7883
6498 7306
8163 9461
2889 3518
4486 9232
9002 9921
9829 9862
8329 8819
2687 7357
6282 7932
1304 2279
4017 7177
2905 9729
2620 4491
4415 8696
4331 8725
501 1678
8843 8980
7839 7852
4840 7337
2970 6588
5664 9478
1385 6255
3669 9630
792 5192
9335 9513
9235 9689
4780 7138
3133 3225
5688 7466
7199 7922
2217 8877
5233 7330
4914 8451
6107 8231
2546 9879
5911 6938
2333 4255
2978 9748
2676 6206
7679 9712
2487 3325
2711 2993
4613 7376
7724 7783
3331 5374
1781 9834
5859 7945
5041 6114
8240 9800
2964 3559
2877 8995
8963 9665
9414 9624
9205 9505
2319 2672
687 2635
186 7554
3580 4502
4072 4397
6804 7495
3248 7693
9602 9726
26 1083
3004 4174
6898 7821
8362 9772
5807 8691
7244 8500
8594 9721
7009 9509
9584 9963
1639 3483
2267 9109
380 8448
1070 5093
757 1907
9299 9666
8322 9018
887 4173
4845 4875
1986 5951
8177 9842
4771 9709
677 8384
190 2436
5541 9896
9552 9929
93 4334
1802 3883
6799 7310
1238 3337
9355 9532
9470 9625
5435 5762
1871 4974
3873 8080
3716 5328
4693 8956
8921 9102
5713 9984
7461 7718
8354 9354
1026 1585
8396 9979
3013 9754
645 4169
4843 8226
329 3139
303 1336
3771 4864
8906 9555
3902 8004
8344 9071
5549 9225
9635 9818
458 2858
1008 1485
3894 8861
9385 9764
4995 8503
5567 7742
4825 8450
314 9574
3377 8300
7951 8544
8613 8840
6086 8808
7023 7059
3457 4406
5645 6543
1507 6651
6544 6789
6710 7400
6375 7835
6018 9030
8118 9242
2289 9668
4719 9622
6556 8528
2264 3686
6831 9945
11 5183
3358 7803
8672 8966
4476 6430
5649 8390
7984 8129
8424 8716
7953 8476
4809 6123
2485 3364
1369 5167
545 6618
2765 3163
549 7887
590 3104
3987 5929
6163 7820
5971 6851
4181 6934
8416 8630
8872 9192
8247 9575
4131 6312
6147 7741
1115 5262
7970 9597
9380 9819
4821 9465
1568 6603
9143 9941
5237 6685
517 3482
7158 8739
8382 9644
466 4876
6748 7870
594 7913
6653 8777
9081 9129
3047 3180
81 7139
7161 7726
6940 9333
5734 6994
9533 9937
6712 8666
7744 8874
6471 9518
8961 9777
474 6812
2560 3496
3896 5584
3202 6302
7111 9194
1224 6635
6481 9548
3523 4691
5138 9261
8659 9076
5607 7262
2059 6150
2984 6858
993 1669
9424 9541
9577 9611
865 7470
9314 9427
3170 9904
2626 7756
435 6301
6730 7555
6759 8608
143 8646
4257 6149
7612 7651
6849 9872
2800 3129
197 6090
660 8924
649 6008
3123 7391
3832 9443
443 7016
6666 9415
6146 9651
6291 7776
4180 4390
5550 8352
9959 9987
3132 3237
7673 8486
3848 9203
8675 9058
428
3028 2548
6650 703
2253 1651
1818 962
682 449
1471 1303
2657 470
9863 8625
2316 918
1116 472
2239 1531
9107 902
6180 1808
4356 1363
9159 3426
3535 2890
1628 505
7479 2437
1220 674
8210 2127
5214 1896
4447 2775
8627 3646
1937 82
4333 3702
6492 1114
8708 6862
8947 1668
4372 3904
5162 1996
7577 3442
5666 5588
199 54
8385 3922
8576 8190
7982 3690
9176 4433
2737 265
6551 105
8222 5000
4263 1766
3715 3390
9949 1840
377 134
6599 3268
8850 788
1340 751
4776 1412
6465 5045
9950 5078
9805 414
3214 2545
7557 1821
9549 6130
2404 1636
6354 1588
8158 3375
3531 3382
9756 9337
3251 1819
6072 5676
3599 947
3836 3834
144 91
5693 3752
3568 1627
7248 1145
2029 1719
8489 5901
1264 813
2054 280
3307 1274
8012 4234
7589 4389
6296 2108
2337 1396
7509 5993
6857 1835
1045 726
4958 4050
6902 1661
2244 1437
7282 6016
3626 302
5213 3372
5450 2407
7938 4753
7131 1843
4396 3645
6288 5789
9957 3434
8466 888
1988 1047
4625 2896
2286 65
3700 2971
3050 2936
6361 2501
556 368
6939 4026
5336 1729
5853 4722
3552 3405
4367 1814
4628 820
8898 365
4325 2008
8958 2857
1037 808
8823 3967
1408 126
8088 7441
8147 3184
4576 215
3540 1527
3056 845
1829 84
9587 7348
531 502
9627 4839
1708 156
7594 1382
3814 2363
5128 3525
6470 1126
7994 5494
6718 184
6785 2511
1947 563
9797 1310
1301 819
3635 366
6923 6562
7546 5419
1300 766
854 248
7652 3199
9316 1960
2985 2735
450 95
5012 4703
9160 2480
4349 3223
8791 5017
2884 1407
2064 1189
1216 1084
5124 599
948 381
7690 5890
2499 1110
1286 1080
4383 1171
882 122
2644 2601
1415 989
4142 1100
2791 1776
9912 6450
1094 216
782 398
3737 2662
8264 3965
8189 4888
7846 4684
1605 1376
3389 3323
1921 983
786 21
6697 1403
1683 1647
7178 4710
1938 1088
6569 3444
5441 1117
1498 170
953 773
4291 1526
5352 2447
2990 257
7225 3808
7966 491
5725 2336
1973 1841
4468 3492
9690 5522
693 46
8884 8293
9573 427
4766 1930
2679 203
2304 1723
7366 2202
6152 5620
1779 795
3294 673
2493 1208
1691 765
7691 6486
9396 2873
3452 242
455 256
9009 1182
510 192
523 433
2458 532
2178 1890
1053 593
7414 2229
6633 5150
1884 1613
2076 200
8290 498
3152 1473
3887 2450
6183 4008
2992 2317
9289 8999
4909 1725
4732 4401
133 70
4745 1940
2135 1734
9100 2515
3948 604
2378 1873
5959 3809
350 104
6723 3732
4151 2121
3714 1195
8856 6173
6589 3986
1466 1167
7263 4641
6015 62
8512 700
4529 683
8689 6081
9158 1275
4822 4005
6037 3067
8847 8629
8683 4501
7653 2940
7600 1692
6145 3936
8122 4711
8152 7949
7739 1760
5175 1520
6309 6300
6946 5370
6429 3041
3970 2328
9981 120
7649 7496
5966 618
2010 1686
6060 5117
920 468
6861 4972
2996 1495
2948 1872
6234 2529
5288 3942
2092 271
9079 1455
513 38
5856 2421
7801 478
5462 3287
7655 5530
5772 1441
4043 2586
1402 1262
8597 2661
9310 984
5111 1464
6615 2729
6160 207
403 322
1950 1596
824 761
922 476
1919 387
7487 2157
1826 24
6969 804
6705 262
5322 1711
53 41
8414 7489
1388 1226
2844 843
6520 4729
2797 1788
154 149
5131 3588
4959 485
3473 652
1069 61
5172 2416
2091 1444
3875 1071
5325 5261
175 117
9924 8524
4088 514
640 359
3962 1545
2751 1118
9557 939
7928 7340
6652 552
9189 3221
6070 1998
8822 5895
6506 4280
3901 805
3784 2675
8560 6054
8245 6252
202 194
1599 1335
8778 6683
3931 1085
7707 500
8717 749
1549 870
3077 3066
7501 4790
1874 1377
5465 4150
7813 5049
7430 4293
4311 3549
5836 1332
1463 338
5706 2013
801 198
1179 961
3857 2039
150 9
5170 3001
3161 1733
153 8
4805 2466
1537 421
2201 849
9130 7480
2694 2295
1652 1327
5132 4218
5869 2003
2642 1699
225 35
1044 130
9037 2484
3463 561
1140 418
5908 1594
1968 1000
6575 6535
4346 2738
710 416
4059 1091
5130 1642
7812 2398
4997 1049
5654 2912
8713 1073
7274 5292
9747 36
5036 528
503 488
2325 1370
3763 1383
7965 7308
6058 3735
4148 3480
4157 2158
6346 1164
3991 1558
8357 5046
5468 1183
955 908
4938 509
7859 4112
4910 444
2302 1943
3346 1720
185 110
8711 6358
3462 2235
5059 1614
8749 2829
8709 4558
2725 2497
2125 1142
5258 2706
5492 4721
6737 5994
1948 1131
407 291
7054 223
9787 5359
3136 1662
9516 8768
5802 4423
5174 603
3519 2835
5924 1838
7314 1888
2531 400
7367 4792
3471 1713
330 278
2613 657
1003 467
5683 511
5149 1828
3135 2584
5944 3860
2223 106
2610 1619
4353 2373
5433 1601
