559
4734 7019
6465 8450
2411 4939
3735 8435
6165 8317
5133 5883
5584 8502
3703 7213
7069 7379
6664 7211
2959 9640
9517 9719
505 9399
8608 9044
5206 9139
9921 9955
9196 9724
3820 7940
9477 9762
2608 2993
5751 6911
8606 9961
7119 8809
9793 9867
2501 3959
7195 8438
2535 6790
9469 9687
5102 8316
5482 6485
7960 8525
6915 9219
7318 8231
6810 6983
5853 9474
1798 3504
1381 6692
634 9142
9125 9476
9941 9972
3543 3560
1895 6202
892 2703
3925 4131
3364 6699
6351 8772
6489 8915
8540 9101
1759 3447
6239 7893
1421 4759
2330 9697
9195 9333
7418 8484
365 9760
1856 7149
3670 7074
1586 5494
7673 8762
942 4107
7628 9381
6141 6632
4171 4975
3377 5048
4070 5022
6660 7713
8529 8726
7665 9167
3210 4441
9030 9902
707 4990
5466 9237
1673 4423
9370 9844
5021 9728
9535 9667
6451 9696
3937 8078
3110 3488
8690 9099
1113 8729
1078 3549
6994 7816
3737 6467
5167 5780
2528 8412
7280 9056
7917 9403
2103 9855
5087 9124
2059 7489
6475 6532
1178 9248
1452 9736
9794 9826
7183 9111
2281 9994
7854 9999
4041 7977
4366 6776
5359 7757
9353 9470
3382 9241
4307 9307
3525 5321
8265 9100
5540 6033
947 8703
3535 8381
7989 8927
5809 9363
3764 4314
7159 9120
5773 6964
671 1872
3868 7464
8425 9351
1366 2830
1294 2519
6259 8134
7604 7983
7833 8440
9937 9981
6662 9976
7901 8434
8044 8695
5428 7778
775 9433
8557 8905
3388 4364
718 5726
8133 9669
4552 9727
5267 5674
9037 9846
2343 8033
29 7016
394 6737
8976 9776
9190 9439
6384 7298
9106 9201
7724 8043
9956 9984
3490 7194
1768 2174
7981 9877
4088 6182
9544 9926
6152 6312
478 4184
8300 8697
58 7490
7450 8818
2950 6021
5955 8445
3791 7605
9108 9998
2362 5926
5626 7997
1668 8974
6484 8010
331 5439
3171 3994
5197 8359
114 1810
4966 5044
2599 8008
9488 9997
5096 5192
1383 6755
2356 6570
7827 8760
4500 7446
8305 9067
5178 9317
2140 8210
5933 8046
8635 8748
9969 9971
1942 7866
951 5446
6889 7761
3069 4928
5160 8139
1339 6827
9802 9882
3453 8018
4925 7336
185 9408
6324 6935
4251 8090
5950 7366
3984 9674
1865 5294
7024 7328
5207 6866
9946 9982
7968 9367
7671 7738
4910 6788
1777 2671
8869 9525
5797 9250
6358 6487
6959 8874
1228 9866
1163 2493
2967 8870
2168 2832
5813 8218
9895 9964
7113 9876
8441 8719
1717 3244
9107 9393
1451 7225
5521 6754
3632 8716
785 9608
5319 7088
7955 9071
1170 3743
6237 9325
7268 8940
4959 7029
502 7848
143 8395
8016 9682
9795 9874
1529 1925
5605 9552
2576 4492
9452 9715
95 3565
3938 5113
2094 9406
4476 4591
491 5823
9534 9979
1833 4936
5976 7792
7026 8936
7863 7975
4018 7988
4788 5483
3306 4150
2587 4880
3941 7836
2767 6032
7300 9623
941 3962
9021 9187
6356 6778
6343 8291
4400 9395
2469 4021
659 3927
3668 4944
9012 9054
7686 9911
5085 5280
8410 9505
7162 8161
6073 7457
7949 9962
7942 9043
5945 8286
9548 9858
5652 6650
2975 7327
3618 4538
2179 5641
467 5595
3198 9775
9831 9965
9966 9985
8221 8894
2679 4913
7406 9679
841 6004
4615 4834
2606 5609
7199 9821
4134 5361
1332 5433
399 8282
7709 8096
683 699
8822 9262
4973 8002
2930 6192
369 6270
2556 6684
7886 9624
5973 9691
7503 8712
7525 7719
6992 9291
2661 4909
219 4079
2800 2853
4608 4878
3706 8119
206 4278
5700 9871
1133 2314
4455 6126
4905 8600
7428 9010
1098 5126
1369 8782
9515 9899
5448 7433
5621 6317
2727 8628
385 1324
1755 6314
3042 9970
7506 9209
867 4588
6222 9723
4673 6419
4746 6168
2834 8999
4817 7060
1167 9638
800 7254
6729 9718
795 6852
9851 9901
4461 4853
605 4906
298 5397
299 7187
9509 9600
8073 9523
5665 9751
8720 9022
1672 4666
6421 6977
3161 5470
2474 8504
9114 9721
8464 8508
7070 8941
2415 3539
3785 6908
1907 7540
8338 8553
4148 9466
7712 8325
5833 9713
149 9046
1128 8426
1754 6601
2605 9147
5139 6971
5759 6739
2120 8611
3948 6022
2666 2986
4704 6041
9062 9883
9280 9405
3722 9105
7248 7760
3093 6120
948 2797
6871 9242
2884 6010
1647 8408
2931 5857
5333 5501
742 3551
9657 9954
9303 9681
2202 9357
5343 6271
6965 8315
8354 9206
9365 9609
2510 4144
4498 8887
6444 8405
4952 9502
2449 7882
6764 8645
7483 8053
9545 9841
1968 4657
8545 8929
4875 7192
6292 9225
6242 9729
239 5930
6083 7471
2970 8244
5793 7635
751 2845
6880 8873
804 7624
8839 9845
1912 2277
7296 8152
4962 7509
8777 8796
9756 9928
1640 3538
857 7260
8618 8767
1392 1410
5295 9739
7769 9001
345 3605
4997 8083
3367 5954
9920 9963
5411 5550
98 1333
1960 3612
1157 9815
6122 6546
7777 8750
4769 8140
3016 6878
6483 8854
7218 7923
5914 8735
1933 4301
5651 6924
5520 9967
3282 8116
9604 9943
8884 8892
311 2662
4638 6599
5144 9331
5934 9542
1643 4988
6155 8209
766 6881
8393 8443
8375 8612
4581 4850
6666 9233
9684 9818
6794 7750
655 7615
3345 5050
1760 9497
169 4998
11 1688
685 5154
5173 7676
8775 9897
1278 4813
4717 6648
8549 9144
4173 6000
4093 4464
7337 9058
2213 7272
4120 7310
5476 9484
7246 7837
4676 9088
2310 2396
8024 8120
2572 2852
8537 8897
9732 9769
395 9812
447 4963
8156 8621
814 6717
3546 6976
4524 7289
5475 5829
315 6530
4739 9239
2224 6291
1032 2725
4406 9148
1734 3750
3523 7563
9810 9942
7970 9326
9579 9935
6554 7372
286 9824
7619 9418
6066 8146
8216 9049
6795 6816
4715 5787
6362 7349
2596 9595
2195 2413
9766 9796
7957 8185
8314 9230
4061 4204
2789 7076
7701 9839
8765 9743
1632 3446
4401 8871
9832 9945
9472 9499
9302 9888
5015 9700
5877 6671
6602 8596
4336 8499
2077 4057
3255 5863
4494 6982
7007 8122
4443 9813
9192 9744
6096 6851
2929 6762
6303 7601
8224 8598
5290 8483
4213 9838
7505 9575
7089 9256
5018 8783
7010 7502
279 6583
7112 8648
4389 6805
9572 9757
5313 8646
7770 9322
8764 9265
8916 9603
654 8058
9500 9606
9304 9527
5445 7900
8592 8679
1851 9032
3463 7340
2914 5084
828 5860
6365 7445
4227 6566
2921 3288
1371 2548
371 6875
3107 3245
7667 9780
9587 9672
1616 7333
7754 9460
4113 4139
94
2634 1020
8654 3007
9198 7420
533 2
9808 5627
3047 1526
2865 421
1683 1263
6612 109
7985 3769
5762 1943
5185 146
2820 1802
3552 2352
8111 7734
9018 5117
4372 229
6518 5373
8715 1229
1277 170
1176 1081
1190 648
6689 1682
1485 1010
6679 2475
7190 881
108 91
4306 622
6200 985
7266 1629
1152 832
8682 5912
6946 5253
4695 3202
7982 6204
899 374
7485 6521
1417 586
4727 1966
6702 354
6813 283
1690 1089
8065 4826
8501 3275
5523 1347
7524 1420
7764 4303
1059 174
6720 356
9211 475
1984 474
1954 507
5615 4086
2878 22
228 69
3462 3337
7861 3610
1006 805
4054 1703
2630 2252
7632 4087
6901 2151
1932 1328
9910 1074
2198 157
2359 1664
4308 1926
7317 2467
9952 1964
7082 5782
2104 1813
1127 1033
7617 7011
6545 1612
3038 1183
1434 417
5957 2291
436 317
1132 909
2057 1617
5276 1712
6598 6016
8527 1224
203 65
980 778
366 70
3622 2953
703 71
8863 3294
5229 4849
8700 7717
2186 1503
5744 740
5943 353
