891
561 3458
7234 9869
3716 8939
1957 2429
9057 9853
2521 9350
9722 9933
3160 6593
2388 8342
3580 3669
6154 7113
9661 9944
2788 9463
9764 9809
5751 6259
2751 3342
9349 9613
7939 8954
4409 7314
8530 9733
5473 9068
2949 8058
9347 9913
7527 8239
1060 5225
1983 3936
7163 9186
3620 6345
3685 6158
7358 7604
1333 1753
1259 9016
5014 8475
7431 9685
2541 6324
4882 5646
6858 7633
2438 3688
1058 2063
5953 8647
2497 9535
6416 7476
9405 9514
6321 8337
9403 9720
8 6459
9172 9715
2529 8292
3427 5013
431 2011
1768 3401
1635 1915
5743 8218
2632 6515
283 4675
2902 5803
9901 9998
1692 5026
118 6784
9898 9974
2166 8842
6673 7081
3093 4565
2853 8155
2258 9112
2333 8605
674 6736
9991 9999
7520 7879
4944 9041
1414 1651
6833 7858
7024 7480
1943 3237
122 7277
7412 8688
1747 3226
1307 1481
8246 9023
6772 9600
3730 7099
8357 9429
2082 6936
5418 6332
9280 9785
1217 3591
850 4087
8004 9634
29 1153
8963 9194
5833 8517
4302 8429
2013 2714
4301 4726
4348 6116
574 3251
6249 7832
7065 7607
1299 5518
6301 6399
3629 5981
8692 8984
9235 9252
8525 8720
2223 5721
7101 7255
9555 9768
4797 6414
5946 7300
5821 7145
4121 4977
4458 5559
8590 8758
8349 9420
1708 8578
5988 7354
8465 8986
8214 9530
1196 5171
6276 9956
4407 6597
133 3166
1007 5965
510 5087
4558 9196
1234 7492
8953 9759
9356 9877
397 6287
6257 8321
6223 8676
2214 2951
9818 9925
7284 8369
1181 6648
3359 5107
8198 9670
155 628
5258 7371
6745 8472
2963 7386
3766 8074
8371 9447
4918 5572
8806 8928
3510 6710
6290 6721
8516 8958
7589 9654
3435 5934
5395 9253
8388 9246
6640 7462
7134 9415
3731 5352
4361 5104
3063 3527
9456 9570
6909 7361
736 2485
2018 7897
1132 3423
2087 6174
3876 6594
7830 9226
2182 2630
2921 7546
2670 2733
6808 9700
7740 8827
61 8865
3445 6375
1320 6307
6537 8461
32 8236
2405 6481
4074 5630
9606 9842
1331 9533
1220 4435
3818 9201
1399 9888
3847 9241
7507 8562
4858 7288
6319 9598
943 8096
783 1273
7422 8033
1421 5565
1078 6774
2440 2528
7321 8478
7592 8047
7269 9568
9017 9861
2892 2971
1144 2238
8985 9595
8458 9317
4995 7861
8289 8884
7022 9275
1417 8972
2749 8348
5735 6308
8505 8926
6291 9164
6715 9838
3985 7478
4311 7482
5700 8158
1935 9191
2724 6169
6265 7754
1095 6209
5470 9807
7033 8695
6517 9801
986 6452
6024 9929
8510 8878
882 9688
7339 7952
6232 7203
8660 9325
660 8721
9918 9927
3294 8493
9732 9900
7506 7733
9980 9985
3626 9127
9036 9433
1011 5555
5133 9881
720 3217
4497 7161
2422 9360
6953 8964
2424 4379
9703 9894
8707 9180
7050 9534
1212 4526
6220 7437
2093 2967
4767 6545
4473 9521
5216 6210
9264 9367
3096 4127
8764 9797
5322 9938
9337 9647
5406 8427
8136 8942
8637 9460
2220 8979
6036 7553
2686 9984
3250 6338
940 1497
7800 9693
7142 7290
3990 8150
766 7105
9490 9907
7218 7324
1137 3958
471 5027
9964 9989
2373 7086
4052 5239
4688 8684
2049 4826
6559 8487
4919 6817
1581 2990
1241 2928
9332 9572
4809 8380
1254 6003
8219 8267
6698 7828
3138 7182
2024 4863
3006 3158
4546 6553
6241 7183
4586 8416
7660 7725
1322 2453
1748 3964
5357 8920
6662 9169
4057 6135
8735 8877
3205 6846
4820 9916
4201 9251
4598 8644
8261 9413
2006 4119
6729 8790
1161 6476
7588 9958
4731 6043
1436 6666
4282 4284
9430 9731
4908 9922
8481 9195
1528 5852
7466 9495
3461 6471
914 1385
7110 7857
1896 4853
4194 6392
9658 9666
9876 9945
8092 8502
9137 9432
9890 9917
1353 3263
5672 8672
4604 7112
6464 8912
5826 6489
575 8907
8134 8173
1467 6628
6031 6605
6546 6726
5839 7514
1195 5287
7859 8018
2190 6543
9027 9682
7896 9248
3374 7820
5794 6149
4730 4985
3073 9821
8567 9351
8592 9875
3536 8316
7212 8999
2189 3636
4335 8750
9423 9811
1814 7517
4234 6233
3184 6956
8122 8132
9042 9540
7448 8630
2314 7486
3281 3780
6023 9988
1593 7027
6306 6763
293 2807
1483 3586
3668 5489
5551 5738
6572 9377
9245 9749
3719 4083
1926 3040
4663 8624
3327 4714
7982 9220
6797 7160
3173 6674
1763 4482
4915 7792
2120 2479
3539 3935
172 9590
1691 9130
271 2279
2473 4707
6168 8271
242 4259
63 7980
5732 5991
4600 8560
5582 9357
6194 7746
3824 4430
3051 8412
1979 2654
9873 9990
2472 6018
7962 9242
7831 8235
7677 8666
8551 8749
4689 8731
6724 9387
1055 4673
9976 9995
4748 6497
9441 9712
4082 9978
7128 9528
6975 8733
2147 4686
9073 9713
892 3276
165 5305
631 9005
3255 4231
5116 8800
6547 7397
1793 5742
8781 9954
1282 2412
8577 8632
4720 9557
7039 9173
5183 8506
7226 9262
2812 3528
9786 9936
8449 8757
7259 9706
1050 1475
8900 9904
7221 7567
9286 9796
9131 9552
5065 6836
3483 7915
8332 8456
4385 8324
1866 7731
2074 3992
9348 9946
8699 9504
1626 8460
6455 6585
376 2488
6201 6240
5972 6363
2459 4531
7856 8891
4643 6610
9667 9864
3116 7596
9135 9174
6934 7168
7790 8288
2557 6511
4389 5717
560 3105
1892 6305
9582 9947
7895 9640
667 4067
744 6123
9369 9792
6551 7653
6357 8857
2204 2777
9718 9891
4023 7148
2145 3778
7712 8670
1537 7990
120 3681
6506 9244
177 4235
2712 5306
4043 5761
5355 9580
8783 9080
5222 8612
2058 4088
3109 8898
198 5703
4496 8189
9082 9398
2574 9157
5238 6665
9048 9779
6050 9292
8180 9852
2111 2983
3812 4237
4627 4903
1937 7991
2301 3269
2287 8263
4124 9424
6179 9331
8768 9802
9816 9841
6600 7115
6429 7639
1837 3832
6045 9118
2295 6230
5727 9541
4510 5964
9355 9870
4251 8708
6119 9899
27 4711
7174 7566
9574 9771
8064 8145
9274 9866
5331 7688
7410 7593
7548 9467
5607 7833
1074 7958
2548 5198
7453 8390
427 6770
8564 8881
500 1709
5784 7768
5282 7418
1975 3491
6342 9773
1836 5603
8384 9202
3930 4116
3989 7978
4501 8306
5719 6860
577 2090
8852 9906
4925 9919
5795 5970
1740 7940
3270 8079
1457 3284
1235 7446
3428 7605
469 2400
2696 8802
6544 8657
3062 4411
3480 8162
3758 8794
7951 9024
1488 2096
604 9564
6005 6010
304 7806
6281 7220
554 5062
987 2884
196 6009
6757 7710
5219 5514
232 9176
6880 9493
9650 9794
8160 8966
1490 1605
6113 6649
3442 5857
227 2920
8336 9035
9553 9689
318 3300
3740 9207
1081 4141
7635 9233
3 7586
7682 8149
4255 8016
643 1704
4076 5229
916 2716
8116 8177
748 7331
7263 7927
7995 9105
2043 5966
6102 8715
3501 4637
5907 6907
3873 7280
4329 5055
1571 7722
2586 4131
9032 9949
7169 7305
3368 9777
9324 9354
9050 9373
8547 8798
5042 5223
5049 5166
3924 4807
8825 9307
2088 9148
8744 9780
7289 7302
6824 9887
8555 8952
6986 9161
68 5125
5558 5986
2623 7573
1009 4003
3885 8364
4563 4851
5927 7456
7189 9577
6298 8251
209 9485
5428 9788
2522 9527
8123 8869
5909 8710
1800 8305
5838 6508
9124 9522
4355 8415
2981 3075
2131 8290
5315 8713
7467 9383
6751 9086
332 8403
7172 9851
6133 6963
9975 9982
5828 9123
5505 6373
1336 2687
2113 2789
4164 5371
6385 7363
6058 7341
680 4992
980 3520
1326 1801
7186 9804
4515 8450
5543 7700
2102 9820
3704 7100
175 2348
578 3086
2965 8452
2899 4876
1319 6410
7786 9062
1697 2728
3041 6910
5778 6998
6172 8193
4527 6401
1289 3473
8829 9258
8312 9394
9641 9893
54 3513
5873 7829
7185 7693
4581 4830
9772 9783
7377 9184
2077 5220
4951 9524
8140 9190
7276 9497
3569 5385
4669 5056
7436 7803
2710 3565
9548 9912
7009 8025
6922 9629
2603 9089
6795 8723
157 4494
4202 8090
4298 9025
8242 9489
5398 7615
7945 9454
4642 8250
1807 8135
2758 6449
5704 7718
2003 4661
2127 2995
551 1784
9055 9346
4885 5084
2823 6510
2411 5141
6845 9077
6832 9639
5506 7944
6903 7568
1051 5504
6422 7943
6199 9858
4717 6524
3389 3411
8202 8227
4126 7225
4983 7598
5517 7741
4980 5610
186 1113
2933 8950
4834 5942
5108 8872
8335 9223
7935 8579
125 8424
6364 6717
1508 7475
1609 1854
1847 5618
4038 9928
6583 8609
2595 9924
3856 8341
5156 6482
3057 6677
2734 5036
4658 7157
1771 2769
2505 4769
6625 7914
334 9261
1008 8331
1783 4286
7552 9091
6588 9769
7454 8026
4492 7254
5123 7616
204 7282
8996 9750
4696 6099
598 1156
3329 8328
6576 9129
1410 9868
7900 8433
9968 9973
3845 7757
1248 1305
3741 4869
6323 6925
3209 7196
8627 9120
7493 8813
9030 9234
7098 8209
4939 4986
351 1741
6441 8651
6445 9289
7823 8886
1064 3134
3978 4117
3828 6503
220 5648
7912 8705
1615 5429
3344 3540
2516 7880
4879 5883
8873 9828
1039 3842
2420 8050
2685 5904
4999 5525
7919 8281
98 3630
7076 8303
7294 8208
7708 9426
3027 6397
333 4507
5158 8103
2268 7844
9079 9983
3178 9365
3197 5354
484 7544
1533 6933
2450 7059
6084 7875
8843 9058
8755 9088
9494 9839
4753 5763
5508 6785
7146 9305
951 1072
7195 9571
230 3010
5666 8960
7176 8385
2492 6901
4746 8436
6014 6348
4365 4541
3646 4861
276 9542
1548 1761
6167 7796
9033 9330
3212 4260
8807 9659
4616 7369
49 3433
8499 8987
6997 7490
2142 4827
2002 2311
3941 9566
1762 4868
97 8266
5686 8430
7336 7996
6044 6908
8265 9709
6192 9826
655 4805
5115 8159
649 3676
3366 4467
1256 5691
1492 8509
5564 9147
6178 6267
7117 9694
553 618
9601 9745
6769 8903
1689 5262
975 3781
2727 2880
695 3030
7646 7868
6548 8543
6122 6853
8203 9757
3976 9781
8779 9793
9143 9314
7606 8106
3571 4170
872 5746
7292 8899
1479 8897
455 8253
7015 9812
4224 8508
8154 8936
7691 8828
2837 7549
6633 9399
4867 9716
2953 8694
3000 4382
4129 5613
9545 9803
6465 7016
3318 5370
8401 9111
2547 6791
3714 4924
7433 8874
6450 8633
5082 8691
5841 7084
140 3151
1617 9942
7966 8690
3164 6786
9867 9937
7426 8326
5846 7645
487
4188 2035
9390 6904
3223 1397
3069 515
3624 2946
6376 3908
7179 4060
4137 2886
4619 4525
1953 1344
6849 3280
3400 1918
3037 596
8889 6238
868 656
8501 2612
4645 632
3326 1606
5345 3159
436 219
3827 1260
279 104
448 307
6930 6676
921 139
5693 3868
1924 21
3301 2031
9775 858
832 150
7233 5793
6402 1486
2310 112
4854 1150
3815 2178
5388 5334
7519 260
3852 603
9500 7678
5905 5756
664 569
969 14
3638 2275
5550 4889
87 47
406 225
1182 703
4591 3254
2345 705
7173 1958
5549 5194
4079 2225
8338 4535
891 684
4666 1603
1998 505
2879 2551
2950 1936
7164 1403
3581 3313
380 22
1546 1250
2854 1133
9099 5908
4349 3508
8845 2836
5100 3776
405 226
3299 1702
1446 521
6443 2448
4588 2649
7931 191
2527 587
2098 1477
4843 3717
7312 7310
6247 26
7815 1739
4631 593
5139 1207
1028 396
636 463
5801 5498
6971 5900
4402 693
1551 903
5263 3677
8787 7541
8514 5447
1164 494
7313 2636
6520 2334
8086 5718
4217 3969
3505 1744
6789 4783
5233 947
321 278
8894 6252
2360 594
6861 4097
4848 2293
7729 2289
2721 2533
5150 4508
9690 7860
2284 1381
9345 4890
7570 3639
7583 3913
9865 568
581 357
407 1
8447 1443
6012 747
8940 706
5685 5533
7558 5920
9879 2202
3148 1354
3575 1591
5725 1882
5776 72
7655 1424
3526 750
7611 80
1613 1080
6582 4945
1813 162
4735 138
8535 4272
8978 390
1941 1756
2236 672
7671 5433
8921 3585
1627 879
2023 637
6198 4554
4142 2563
8249 8042
3882 1124
5136 2323
1246 1173
3440 3388
2095 184
2455 1296
6876 2779
6897 4579
1569 1314
9645 6242
5677 3996
1624 1147
94 31
7735 5627
1916 1026
9707 4333
9069 3673
7 5
7814 1906
4086 2253
1933 1877
3789 2057
7332 3821
1094 453
3910 2231
2601 2470
5737 1458
9171 6884
5538 1171
7201 2264
9735 1680
4307 789
4561 4019
1222 1033
1300 661
3738 2364
3262 3028
6920 6839
3345 2675
9175 8639
3600 1355
9951 5665
5963 103
6989 1790
3693 67
7243 1612
246 116
2126 1611
2795 1206
1034 223
6013 4428
2567 1463
4308 2585
917 849
7038 5820
6645 1145
8945 7902
979 339
2774 915
1719 1032
1905 1550
7877 5206
8918 8394
5325 3863
6926 4502
5478 1999
5706 5330
4551 3609
1871 6
1468 489
4950 818
7425 2118
7743 7328
386 355
9102 4896
8377 619
2720 542
2250 1564
2037 137
1824 949
2985 481
9162 96
5481 3700
7365 905
4453 2844
1372 1267
8837 1610
968 269
9711 3817
6208 3380
5381 3311
4682 1278
4104 2605
6377 30
3902 1471
5025 202
4081 846
4723 1341
8170 7227
5541 2723
6117 6037
1849 442
4028 1883
148 132
6620 3367
805 752
5950 1027
2197 1898
6768 3319
1818 1695
5417 4132
371 342
5202 924
4891 3691
3579 2515
5146 3672
1128 867
1705 229
2875 275
2956 1727
8602 6228
1048 784
615 10
91 20
948 303
8769 4516
474 214
1636 78
5664 3441
6862 3835
2177 692
3757 358
6886 5153
7141 1938
6060 2465
9520 4587
819 509
3477 595
6655 2653
6828 552
4047 2901
6177 4368
1134 438
1535 1438
6108 2719
5864 5668
7513 5317
3496 1646
2689 1291
6264 1092
363 45
6567 5710
2379 216
1127 313
7953 3703
5863 2395
1655 102
8861 8435
782 337
5402 4162
709 652
7278 2278
6171 4344
377 164
3800 1408
5818 808
5731 1043
3305 1996
4490 167
325 193
8931 4092
8063 1694
7694 6530
5948 5688
5460 854
4485 95
6218 5438
3328 3189
4296 3851
4808 679
6366 2211
7910 4300
3352 92
5936 4242
4825 1575
3911 217
4338 1351
8228 3810
817 4
4206 558
7597 853
4583 470
9885 9596
5319 462
8770 2089
5246 1982
5667 5507
7871 4477
7230 2162
4068 2484
8010 4238
5557 1755
1433 213
2754 2524
9278 2260
3756 3144
468 65
7528 1138
5940 831
1665 1016
9302 3963
101 25
8109 8013
4029 126
7133 6317
3564 1509
7584 6132
1445 651
8975 6225
8102 1595
6793 331
7389 3394
3867 2054
5456 3003
2040 1405
3840 1667
149 19
997 537
1143 264
640 492
5261 2100
2671 1175
3333 368
9911 5798
6068 1562
6106 3290
4695 2708
154 83
1062 881
571 171
234 84
7236 833
6703 1555
5547 3077
8542 4419
5090 3126
9660 2735
6262 2248
9617 3136
5404 2491
6915 3097
6236 6062
8752 7872
2972 2157
1981 900
6566 5969
646 241
9628 5248
8909 3891
1006 678
174 33
4648 825
3854 2534
4442 3931
8503 8161
6869 5844
5061 444
8062 1495
6549 1373
8961 7061
4264 1226
2826 418
9510 9254
7477 526
2467 1923
7488 5943
6596 387
8653 4049
3106 1170
9491 6335
6129 1946
791 146
2414 134
4475 4174
4337 1674
3695 282
2457 803
6499 807
3798 2870
591 170
7764 7151
864 519
5000 2471
1349 1089
8284 4900
5228 3243
4198 356
9499 9166
3046 1802
5121 4230
3484 15
550 131
9653 7736
2510 1194
6841 3412
894 254
2146 1470
8668 7144
726 247
6887 6514
1974 620
2750 1860
3765 609
160 141
8727 5356
2663 208
6461 1942
5843 1652
3025 498
9687 7014
4111 2032
9256 5777
7602 589
8319 6191
8304 1634
1247 821
7198 4745
4015 1872
3100 1602
2682 1359
5235 3734
2973 1412
9710 5861
6539 5808
8311 4031
6275 3567
2055 1803
6186 1090
5577 2741
564 117
5080 4972
5421 3150
7403 2620
1142 665
372 311
