488
3359 5047
6403 7513
5592 8474
1074 4111
2969 7736
3657 4990
9895 9914
1924 8541
4726 7195
8999 9304
8700 9324
2547 7909
3222 5013
4926 7213
1378 1862
4241 9332
9234 9959
8892 8900
2747 5565
3454 8895
1335 6083
4456 4773
4723 4876
9371 9435
6975 6984
8502 8568
2042 4814
1380 1635
2620 7506
6866 7211
2909 3158
1937 4824
4087 8989
6179 8846
7858 8544
8118 8268
1286 3990
8355 9778
5685 9900
1155 8411
9848 9857
1342 7949
5122 7972
1755 2774
1762 2073
5956 8422
4622 5288
2229 7647
4381 7344
733 2519
5572 7633
1625 9668
192 488
8104 8850
7035 9329
9930 9981
979 2266
3321 5648
340 3784
7891 8231
5993 7997
6980 9829
4238 5863
520 4827
7008 7187
2045 4243
9658 9870
9960 9963
6324 7576
9735 9911
6567 8127
5058 5515
2195 7733
1203 1416
6963 7492
2498 8012
159 7268
4500 9629
9737 9843
2035 6641
4635 7611
4772 8107
5620 6935
3318 7975
1778 5502
5074 5368
4524 9878
3269 8441
7971 9279
3179 5228
9202 9578
9399 9874
6821 8300
760 8130
60 8704
5786 6137
2118 3554
8979 9437
6338 7191
2889 6246
7877 9802
2672 4866
201 4363
7820 8139
1092 8040
5710 8447
8188 9287
3258 8458
3206 7178
5932 8602
5782 8383
4222 4425
8759 9191
5151 5566
1670 7825
6520 8413
2543 6352
3582 7012
2126 7490
7455 7551
8347 8398
5222 7544
5011 5188
7375 7641
2129 4325
5763 6041
5225 7991
9430 9834
9396 9467
8016 9533
3706 9636
8328 8412
3836 6268
4755 8414
2414 8033
8625 9537
25 9240
878 8285
8191 9670
9087 9479
3441 8079
6208 6429
1320 4403
8405 8910
4718 7662
7571 9353
418 4428
5526 7813
8537 9504
5781 9648
3440 7792
967 7617
1608 2196
1587 3475
8489 8854
3373 4606
7006 8560
5400 7765
1111 1758
4525 6677
3122 5865
9568 9975
4562 5474
9482 9610
6577 8335
224 9803
5519 7702
2756 4386
8776 8951
6399 8431
3127 8821
473 6222
9723 9739
9225 9418
6113 8774
3292 4973
2764 8914
306 6233
7377 8987
2530 6036
5001 7882
7926 8233
779 5131
1101 5543
1245 3818
2790 5067
5283 6193
1019 7588
7278 7625
1594 3934
139 182
2564 4359
5324 8278
2708 5042
4014 4738
9714 9839
8806 9078
9699 9764
4692 6950
8859 9108
1212 4050
1408 6210
7538 9498
9582 9728
7731 9632
5928 8784
1224 2677
5817 7198
5827 5958
9416 9915
5269 5614
5472 9935
9796 9830
4055 9607
6775 8758
6026 6513
4554 6955
705 5941
9621 9638
4820 5277
3778 8920
1952 9738
3528 4927
1576 8713
9606 9964
8919 9089
6108 8456
2017 7638
8359 9836
5891 9956
115 1482
7819 9033
144 7461
2152 9744
198 1294
9847 9927
9656 9828
8385 9342
5266 9462
2950 9623
1508 4895
2326 4177
4712 7071
3562 4089
7679 9326
8826 8965
9528 9845
8368 9216
9349 9795
1156 7798
1517 1954
2292 7257
8867 9804
3885 4976
1339 6146
4143 7752
4807 8167
3765 4920
4450 9671
7488 9879
822 1410
4190 4469
6318 9411
4852 9284
8819 9711
6790 7968
8964 9560
2330 3636
5814 6375
9989 9993
3853 8274
2053 6872
8432 9624
2165 5673
2658 6867
5713 8885
6046 8075
3912 7682
6758 7100
2333 2492
5700 9923
2339 9032
1350 5761
8548 8551
3370 8526
474 3674
8591 9643
8943 8998
947 3669
3181 3558
7281 8446
2713 7979
4561 8455
9267 9486
8520 8760
6134 8206
613 4986
6868 8542
2986 4421
6386 6776
1434 8782
5250 7070
5747 7853
6044 8400
5434 7319
2520 2938
6045 8066
5347 6849
7648 8434
2830 4777
8690 8762
9924 9929
2098 5586
8800 9325
5326 9438
257 8763
2621 6660
6465 7285
3042 7113
4971 7185
6655 6874
346 9833
7400 9775
7686 9502
6804 9162
9444 9595
2055 2509
2253 5716
8974 9250
3438 8634
1748 1812
8049 9121
4979 5284
1444 8225
1038 9754
1199 2776
4319 6431
1411 4152
795 5204
3469 9139
3100 5986
8234 9391
7775 9570
8874 9013
3290 8678
3092 4576
7333 9598
6125 7846
4180 4564
430 4090
9977 9994
2273 5501
8543 9018
9905 9917
1539 2048
4075 8674
404 3413
2975 4032
7981 8320
6531 9278
1387 7903
6211 8797
2471 9237
743 6635
2236 8547
3686 8650
7372 7522
6035 6658
5366 6047
9541 9724
1786 7900
6575 9926
7019 7296
6853 7756
7219 9286
82 4757
2508 9392
7110 9344
4972 6768
8428 9811
4556 7089
9077 9772
9410 9492
6806 7881
9663 9953
8942 9376
9820 9938
1884 3895
8034 8533
9497 9934
229 2450
3397 5559
1548 9816
7978 8310
8195 8623
7698 8252
6367 9097
3646 9928
9283 9457
1305 6929
4457 6033
6447 6838
2575 8013
3806 7866
2255 4941
9760 9823
4480 8372
4176 7367
2361 7156
1357 2084
4959 6446
9453 9556
7083 7425
5163 6351
1022 8354
7134 7301
8855 9555
9513 9545
5024 7294
5473 6687
5508 8037
3605 8665
9753 9800
8057 9008
3094 3734
6744 9341
4535 7162
9681 9940
1864 5391
7667 8894
9246 9889
686 1494
7022 9633
7227 9514
2102 3231
2066 7040
4433 5293
1775 3472
33 3416
1887 6846
1563 3549
327 9936
1226 3377
8453 9238
9096 9767
2314 2707
1520 7878
8687 9163
5718 9069
3946 7948
1779 2914
4029 4930
5560 5915
6003 8109
3250 6625
2666 3798
8086 9166
5085 6553
8426 9832
2252 3121
5480 6491
9194 9254
6058 8229
8204 8379
1356 8799
1396 5825
5720 8308
999 9540
9059 9071
7844 9909
4592 4911
1602 2945
5289 8872
6969 7826
5189 5407
456 4585
1326 1399
2164 2794
6848 8902
6198 9379
2301 7619
557 6855
2431 6116
6004 8824
263 7423
1020 7842
7808 8531
4512 5206
819
8811 87
7447 1452
7149 3285
3227 2864
4200 673
8179 882
9165 1582
7657 7043
1944 322
3557 1314
9575 1738
4620 2024
884 267
701 348
5399 2003
3295 2704
9086 4934
8032 3019
3259 446
1743 521
829 137
4196 2440
1585 476
278 184
1512 703
1493 157
9120 8472
147 77
9443 1977
9367 7274
9083 3407
9050 2683
986 983
223 189
5838 3085
121 75
6889 850
2745 764
7445 3304
330 11
925 573
1616 907
3709 848
9572 7248
7073 3882
1018 304
3426 1891
8323 5357
5069 2313
4705 4220
6124 1732
676 614
9685 2342
550 425
9141 2188
312 167
1708 1268
6288 6110
6632 1001
2839 1879
5375 842
2734 27
8954 2032
2308 1190
9971 3170
1261 381
2946 1845
5276 1543
642 546
1438 515
5992 4116
1037 195
2669 1649
1469 1060
2511 1867
3951 647
1413 1264
2261 599
5220 2481
2733 2401
8148 2074
2926 1923
1114 778
1024 514
4552 567
1996 685
2783 664
6596 5796
1439 644
1503 427
4458 4063
8019 5252
158 91
8116 3451
227 72
2924 1341
4245 3774
4289 2065
572 309
8119 6700
6781 6559
9740 2749
1757 941
4408 883
9164 6993
442 295
4839 4353
6305 4138
9490 2765
7048 1741
1289 22
3254 2616
8425 3314
7429 438
237 83
1304 1256
5538 2071
8723 8590
1401 313
9323 1168
9134 8652
6518 5168
5246 1096
8077 3401
9419 2159
7742 4165
5144 4460
5980 2757
9340 981
3350 3102
1505 739
3604 3076
6329 3881
1318 740
838 131
553 283
5040 1833
5315 1523
5638 607
1661 973
7700 1875
9921 2222
8463 1945
1690 843
3841 3513
7675 214
2838 952
8514 4300
8183 529
93 6
379 100
7670 6492
1495 497
4183 3814
7172 1148
8828 8342
9881 4679
6056 2989
1236 78
8934 7836
9734 3072
9064 796
9160 6997
3758 1319
1176 1083
9034 2597
1151 1069
1090 547
7677 6091
1654 1618
6164 4798
7552 6981
5522 3628
6572 4889
7095 3313
5098 903
5263 1928
3592 484
3723 1279
4025 2470
3999 3037
5965 3607
9750 4049
3782 1138
5169 5125
6990 403
4081 2299
9455 8827
7786 2753
5607 1678
8098 7253
7225 2779
5435 2878
1985 738
8338 5630
3367 3286
6870 6331
6432 2413
9885 9195
2550 1821
1263 713
2427 1079
6440 2061
8907 8185
6364 4749
6690 3673
8350 2916
411 334
7550 2920
9460 3772
3048 2637
5691 4418
6122 5488
9407 2023
704 475
7010 4736
2968 319
1301 632
2141 341
3973 1550
3548 2882
4330 432
3432 1791
1045 615
4281 35
7749 3425
3974 3633
1822 1658
6282 2990
7111 4943
4523 2762
8983 1684
8961 434
8246 79
5412 577
3161 1462
7630 5845
9336 286
7242 5867
2789 2494
6881 1352
3925 3801
6552 5295
3280 1322
9538 2457
7913 5349
4758 4702
2137 1572
7174 232
1193 352
9196 8377
707 118
2802 1666
3840 3766
9627 3690
2147 392
2515 15
2220 362
5281 1329
2391 361
6624 6071
4598 699
7774 4287
6251 3585
5064 4774
6229 374
57 36
94 90
9206 5005
3054 164
5261 1351
7556 2718
4492 3265
8378 7799
6274 2592
5160 285
9395 8658
326 149
8765 5581
4575 3319
5540 3675
4194 3443
4615 3460
9580 6155
2410 1761
4364 3859
138 88
3626 1254
1987 1556
2357 1075
3274 729
3212 603
7183 2001
103 69
542 47
7901 2598
3035 1021
1313 37
7563 6412
3702 3688
9058 2953
8631 6354
7255 7186
6617 2277
4775 1055
5950 3408
7906 4998
1302 694
5655 2532
7688 46
448 125
4168 1381
4843 1728
3693 287
4987 3398
9992 18
935 238
1059 875
1824 640
8227 6151
1727 566
1615 560
7230 845
9675 4637
3159 1560
5884 4577
2657 593
9016 571
5528 171
5454 2646
8070 5274
9585 824
9001 8272
3175 2112
6795 5332
4960 297
5354 1656
5772 5719
820 545
1768 49
1995 19
3614 2437
2539 1848
7863 3136
3804 2664
8737 3067
1925 668
5940 24
8677 254
3962 1390
5740 3028
7295 1459
8039 609
5037 3213
6903 2567
7305 1915
2588 387
7870 469
9131 3317
2614 2204
1116 840
1129 344
9066 1836
2875 1960
4071 2706
9222 4555
419 61
2267 343
5893 5172
4880 3746
634 208
9047 6886
6086 2318
6302 4955
8241 6236
8536 5849
2595 51
7218 1897
5466 128
7830 749
7833 2625
2298 406
4786 4655
865 190
1802 396
1628 817
6864 6750
681 38
2767 2561
6263 1211
5055 3201
3942 968
1278 1053
7205 6195
1857 1481
140 5
386 58
5302 4812
7977 302
266 92
4342 1835
451 247
9300 2006
6915 6879
9060 3385
2305 1823
3526 777
4544 4093
5378 5299
127 16
7941 1865
6939 3234
5767 1527
1200 565
2488 1135
3920 864
6714 801
2777 2442
1699 335
3511 45
2376 307
2479 691
196 34
8624 5344
1717 921
7138 4203
9955 6830
6479 1979
3630 1873
7288 2371
7163 5247
1423 50
9055 7523
188 81
6946 4725
972 916
1825 1451
441 382
41 20
509 126
650 242
5221 2500
7651 6629
5705 2696
5570 29
1000 719
5484 919
3932 449
1659 660
8529 1185
2663 1486
7352 2463
3052 1934
5052 4742
5423 3661
7021 6371
7277 3928
1365 450
5576 641
2460 2121
9057 310
4701 405
6899 3894
7769 3211
6563 3200
8582 5119
30 10
347 338
5924 5467
4010 1099
366 292
4134 2125
9155 2242
2709 2287
7322 4768
6852 6636
5977 2046
4067 3826
9860 478
8055 854
5485 2923
2485 120
896 690
4389 4237
9710 2516
4695 1150
1130 483
6050 1288
4097 841
3681 2805
1202 39
9603 8878
2700 1674
4033 942
6600 490
8316 5483
6940 4602
7644 2853
862 610
3260 1564
652 203
5644 3878
7466 4133
9531 8402
6461 6104
6231 3244
8701 8326
2807 345
8752 3293
8917 675
7184 4643
7074 1213
8123 4248
3139 2180
826 329
797 54
1175 1007
4720 1238
1619 251
2921 1081
3694 1994
3947 271
3422 2269
2201 1796
8304 5521
7812 7158
732 556
3298 1536
4693 1359
3346 831
8684 3890
2462 378
4045 2930
3672 618
8027 5746
4573 4124
5114 1147
4752 4724
7546 2685
5573 5027
1811 534
7170 2720
9731 2162
8007 3660
6919 3865
1546 1325
4448 3183
9310 1468
8461 7754
9947 7042
150 109
4780 1454
3132 3129
4106 2503
8035 2389
2860 1414
1932 1712
1374 923
17 14
5241 2329
211 119
8947 8686
5337 2611
3071 2716
8633 4409
7292 1706
7451 5754
8561 1542
4929 252
1379 496
844 622
3846 2351
177 86
193 136
3236 2091
9561 8618
4051 698
8566 5353
2641 1964
1907 930
180 130
2085 519
391 179
1432 460
3500 3204
3008 536
5427 4566
9974 7411
5436 1183
3877 3666
6840 5073
3083 2603
3176 1990
5938 3754
2105 774
6884 4239
2846 1817
2987 2843
5510 3101
7180 6054
6992 3230
2483 1383
684 98
4686 2100
1555 1525
6895 1660
6983 3516
3918 2014
2247 902
6451 5738
6566 6085
1485 466
958 646
8115 7402
6201 802
1097 767
522 407
409 31
9672 3993
4661 734
8468 1922
7300 6832
4473 2230
6676 4641
2419 1593
2227 454
9700 5061
6170 2300
8750 6847
3830 1063
3065 433
4977 1800
7289 3205
9273 5681
1427 123
8142 3856
2565 122
3602 274
9988 9257
8518 6829
3721 1262
6228 2837
1577 1422
6696 2425
888 780
1807 1788
7720 4983
5365 4579
6611 3476
2238 1949
7169 5733
7175 1421
6097 2752
5282 667
3078 2486
2976 1672
4426 1957
2514 1057
276 110
3680 1093
5554 2303
4079 1327
2849 617
6066 1009
1532 7
1448 815
4851 1142
9536 9041
5623 2606
8957 4157
6370 1691
7276 3938
8777 6488
649 216
6797 1697
1921 296
3335 42
5836 2815
6330 3193
9637 9084
7168 2675
8538 5936
1720 782
4870 504
5208 5142
8818 7717
2811 798
4560 3512
5945 4158
3379 1208
7482 3568
9249 4464
6680 6175
2594 1118
5012 1988
4276 367
5597 4380
7939 3596
5020 2166
3251 2030
7951 3237
9702 761
926 132
4235 1109
7125 3926
4271 2115
2648 2050
4076 2551
744 687
9746 4110
9657 2398
2009 1025
6119 4397
6076 2988
6892 1641
3288 494
5650 210
2004 1776
8038 3329
1447 1392
4163 3811
7636 4703
887 248
8729 3561
5254 2791
4644 2343
2086 462
6215 4153
8868 4384
4639 1588
4745 858
2584 1724
9517 8671
5187 4031
7932 591
1499 143
5491 5139
8688 8242
9122 397
7889 5376
9079 6167
6541 5872
6844 4286
3966 3116
8847 5997
9634 9312
9223 5328
4764 3599
5262 4563
5305 4268
3844 3580
8087 2775
4730 3773
4581 4006
3857 3089
6728 3282
1333 964
2928 299
6707 4493
3207 2067
8197 2941
4900 1106
2569 1216
5130 1603
7699 472
7365 5372
6022 5541
3601 832
2193 1726
5176 2454
9021 6168
3266 2820
5095 3232
6005 1759
4466 4229
7868 5380
833 830
5486 1885
564 414
873 837
6545 6508
620 277
6212 1589
5881 5087
8546 7449
2935 112
7590 4390
6574 249
5178 2365
1417 1242
6298 4858
2931 944
9266 1012
3683 1524
1330 282
5672 1250
7001 5014
8282 1565
3929 950
4333 2522
4717 4668
1580 377
4621 2599
7599 6642
2857 2101
1840 1772
8164 4256
8584 3242
9359 2168
8341 2871
2219 1273
3534 2080
5736 3414
2586 1251
7864 3462
6836 982
4737 4507
5777 2087
7671 2540
