684
6000 6181
9664 9915
2015 5832
2179 4653
3652 5467
4251 4550
6250 6337
2412 2895
9201 9977
1552 5904
3676 7240
7963 9652
7950 9894
7862 9933
9100 9279
8493 9246
3672 9848
3453 4921
7955 9484
78 8063
4633 7776
2848 7111
8628 8747
639 1520
3356 8273
2978 4695
8232 8406
6064 8967
5302 8043
6798 9802
7746 9786
9135 9928
3443 9513
9063 9282
4704 5099
1894 9781
3402 8264
5109 8417
4963 7184
3185 7689
5432 6924
7079 8139
7350 9551
8355 8815
3341 9247
6815 9405
5139 5175
9335 9363
4036 9152
6009 6152
7286 9225
9155 9388
4092 7837
7428 7744
5720 6948
1114 5397
7646 8647
6589 9248
4423 7801
6104 7627
7003 8124
7502 9565
3744 6002
2762 4067
1431 6967
5876 5969
6696 7596
4913 8665
204 1934
2069 5061
2960 8913
8372 9235
7094 9220
9495 9727
5246 7707
8326 9257
5499 5823
9744 9934
9808 9992
8450 9828
3651 9120
8517 9502
6359 8697
4150 9303
3847 6122
8159 8386
5198 6678
3591 5560
5622 7956
7524 9002
4751 5993
7307 7496
8102 8604
2746 4925
7580 7889
859 1081
9352 9745
3937 9187
3616 6408
6792 7433
3832 9406
4589 7660
4839 5680
519 1384
7896 9167
9674 9702
93 1876
6510 7861
7436 7858
9027 9726
1005 1987
6078 9544
2974 4151
608 8363
241 6935
5618 8150
713 3314
4411 6378
9497 9991
893 4488
2365 4132
4764 9756
521 9137
779 5420
2758 4617
1061 5509
8245 8872
6682 9136
206 3985
6802 7693
1598 1989
2139 9041
1610 8160
8715 9425
8181 8312
3485 6453
1160 1404
7592 8567
4969 9422
4158 9269
7618 8346
4835 9662
7843 8698
7400 9055
1701 4211
9302 9594
4809 8015
342 7725
9133 9882
4358 4413
1576 3694
145 3373
9600 9978
5422 9549
6845 7734
1441 7696
1840 2564
2205 4748
3752 7732
3575 8075
9612 9762
3319 8335
3333 7483
5536 7622
5573 9038
9297 9413
6245 7748
4315 9496
3470 3841
8983 9448
6489 9891
366 4548
3495 7045
7070 7997
8024 9224
8318 8544
9472 9825
4311 4555
7543 8136
321 2754
5269 5890
960 3576
9188 9507
2455 4130
5065 7982
9504 9972
8924 9465
2721 4768
3102 7779
9126 9447
9567 9719
7120 9895
784 8170
6496 9479
6151 8258
12 9217
104 4401
6624 8040
584 5825
7910 9725
6626 6756
1774 5877
3246 4870
6846 9294
4574 9508
5314 7396
1200 2282
864 3831
8060 9571
7740 8499
7074 7903
1488 8281
6976 9635
5664 9320
4254 7588
4276 5163
7380 8982
2158 6951
9714 9955
4146 9458
9390 9521
4832 9663
3330 5824
6081 9589
850 2855
6968 8515
1335 5228
4248 7930
6039 8686
209 3969
6574 9538
925 3783
2544 7321
2249 3877
4901 6197
5089 6202
8909 9694
4344 9457
3529 5493
4992 5929
515 3005
8325 8988
271 3365
9874 9962
8197 8225
1084 7285
8494 9772
6631 8991
111 4634
9541 9601
2462 5030
7965 9005
6555 8428
9453 9870
6962 7900
5208 6478
8147 9847
8918 9832
1223 2024
7474 8972
753 9833
5423 7829
7450 8345
6768 7295
3231 4997
2740 5839
4259 7984
9804 9935
6755 8574
5002 8115
2637 8290
5058 8692
2780 5575
3476 5252
5410 6979
2849 5750
8398 9831
1740 1862
685 4559
1639 5530
6606 8045
1797 5326
9347 9905
2587 8812
5293 8850
4700 8418
7605 9199
177 1503
2567 6644
5124 7129
4409 6880
7662 9737
707 5045
1222 3077
5788 8530
4088 9156
7255 8694
3808 8707
6186 9898
2440 8521
2260 7832
8958 9464
5722 6991
3545 9411
7714 7741
5905 7539
2092 8135
4994 9452
4725 6889
6242 8708
6353 7768
1893 2164
7322 8002
449 839
4474 8614
940 6937
8270 9845
533 6896
3842 4669
5132 8699
6456 8519
322 1720
9608 9709
1339 9272
5492 8083
3759 8050
1978 8729
7264 8373
948 4491
5785 8984
7764 8146
2128 7223
6136 9607
7874 9209
6686 8302
5253 9820
8467 9086
2221 3569
7480 7884
3282 8069
7163 9047
7492 7672
7115 8788
9145 9181
1595 6942
3598 6098
2738 6428
9588 9643
1282 4393
2510 7472
4546 6073
3348 6113
8734 9734
3579 8558
5111 6495
9923 9999
2644 9593
7875 8306
2413 8055
6402 8722
3620 7195
9113 9210
8283 9348
4274 5343
6447 8260
1358 3044
7226 9429
1889 6324
5256 6660
794 4547
5927 6627
9990 9996
6663 9893
3686 6407
3646 5984
9864 9921
9428 9993
8297 8893
8051 9184
9192 9239
7521 8637
3234 5344
6292 6332
2109 7250
5101 8869
5634 8468
9628 9769
4002 6932
970 8813
8673 8811
8802 8851
2132 4141
7810 8688
2174 5425
9001 9108
1306 7337
5178 6599
4564 4770
5815 6450
7181 7881
2019 3144
9731 9942
2777 8959
3316 4176
9583 9710
2674 4294
786 6665
6400 9877
8682 9658
3403 4948
2890 7298
5121 5982
4324 9183
4234 7812
3950 5655
2041 9856
849 3540
4316 6035
1427 8710
173 2984
3247 7606
8633 9670
3166 5746
4148 8461
5435 9138
3748 6831
9365 9946
6334 7836
7130 7880
3526 5950
9896 9899
35 3471
829 9846
7476 7594
4637 8625
8145 8964
9097 9964
2000 8569
6441 9149
2824 3562
7719 9516
2247 4535
1428 3550
5304 7453
5229 9930
9386 9860
4410 5775
6249 7122
5345 8091
6180 6582
7351 8940
6499 8476
3912 9758
349 1030
7815 9043
3267 9790
2107 8552
1816 4729
2381 9787
9980 9985
7253 9540
1411 8977
1194 1714
7292 9332
8671 8803
5161 5735
2837 5278
5780 9064
393 9949
7992 9034
3106 7558
6200 6859
4603 5154
3638 9806
400 5131
4737 8485
3323 3786
3171 5764
6601 7872
3036 7827
6231 7247
8761 9057
7357 8833
2590 6537
2606 5627
4157 4853
9435 9640
706 1924
8125 9916
6474 9749
3633 9534
9176 9445
874 4567
7887 7934
9858 9862
1568 3265
5989 6494
4889 7626
6347 9114
126 3478
5577 6972
8627 9218
1235 1261
1473 3957
7224 7935
1868 7818
2993 4258
7541 7704
6311 8560
5715 6927
310 4348
1206 2523
132 8758
2625 7545
5665 8218
3812 4378
6608 7194
5100 8749
1596 4219
2886 5506
1241 7575
9466 9867
6535 8313
1976 3612
7736 8842
2830 5717
3809 7271
9667 9690
3072 5190
1146 3119
1365 5147
8223 8748
4765 8365
8497 8506
8846 9555
9634 9696
289 6204
7259 9260
8009 9575
3197 4390
1116 9780
2341 3626
2976 8877
9689 9777
888 3063
1165 3018
4746 5646
522 3708
3886 5084
1664 4682
5248 6392
8965 9442
91 456
6360 7721
3966 4931
4231 7087
8248 9065
6101 7911
249 7155
2308 6115
1905 6550
7630 9009
6298 9337
8103 8470
8048 8891
5606 9193
6923 7800
3921 7158
9341 9866
6579 9637
7532 7857
4056 8074
4960 8585
2949 7593
5350 6282
4526 7232
3111 9163
1366 7728
4267 9308
197 1506
4356 4451
2682 6445
8948 9128
8257 8841
844 6984
9838 9908
588 7895
3496 8492
5187 5901
1312 6297
6437 8750
3850 8500
2169 3380
9073 9216
5025 6759
3409 7261
8328 9125
3647 6093
1013 4726
8996 9665
5676 7574
5447 9085
5714 8779
6061 7951
7306 9438
6149 8765
3350 4528
3988 8403
5922 9313
9164 9380
5140 6992
6379 7126
8738 9031
8674 9148
1555 3083
3152 4149
112 5844
6712 7227
8962 9939
1902 2583
1763 8109
6670 7653
5827 6560
8333 8808
1490 3979
2193 4422
477 6642
4741 7469
4626 8376
1244 6841
9234 9741
4017 9267
605 5301
4008 5105
693 2868
3889 5889
494 1561
5749 7177
2453 7983
9907 9945
319 1785
7780 9331
192 3837
6156 7525
7643 8011
469 1216
8400 8681
429 2570
1426 4954
9656 9798
1830 7767
9011 9621
3760 4388
736 6961
9651 9836
4368 9232
3376 8397
2910 3060
6342 7335
5855 5966
5394 7849
3544 7708
6010 7585
3301 8440
9396 9931
5579 7705
3719 7549
760 5677
3905 8096
5861 6040
5740 6671
2747 3999
3846 8253
7051 9274
538 7157
2918 3336
8495 8595
4210 9911
653 6283
1898 5081
2665 4794
7324 7859
2204 2706
7060 7188
145
2716 1039
4191 1962
6246 2457
8695 6934
8072 985
7969 3451
5431 4408
6219 5203
3407 3378
9971 3196
6056 3871
3132 326
3779 2711
5725 2487
6702 6440
3172 1016
2079 1413
7001 2613
7548 945
2067 1787
4122 3216
6128 3415
2235 1739
8388 8323
4265 1100
4257 591
942 895
5853 4583
369 253
1796 535
9751 5532
2741 1006
9824 9563
2189 460
228 54
486 377
3919 2394
1717 1203
5848 4808
1475 661
8601 7363
619 404
3192 2401
814 291
2973 2485
7938 2961
992 916
5875 5591
6612 1266
3149 2743
5155 4855
8442 7717
9705 320
8580 1225
8106 7432
2508 2480
722 551
6280 4099
3829 1725
1015 422
9869 9817
5134 248
5840 3038
4805 1472
7971 880
2696 2683
1055 559
9510 9454
2214 2056
6750 3990
7902 1629
4756 2652
4607 1956
8605 5028
2197 682
979 607
5580 943
2333 2004
5265 3032
8354 8152
7156 3461
7533 6025
1821 1642
6145 3424
1524 222
3624 1227
3210 817
6287 2862
3994 3375
2900 2818
6228 1550
496 74
3368 520
1435 565
3665 2478
1325 466
781 616
4046 1696
6763 479
1256 1253
3287 1169
5610 3118
2858 659
1712 110
7747 6777
3653 3556
311 236
4659 3721
7323 1491
2815 534
1045 704
5613 416
1102 714
5979 4814
6330 4658
18 14
2795 2761
3571 3173
885 24
1875 1255
2901 1249
1017 966
6650 3283
2111 1498
2490 978
3081 1667
5368 498
5454 4596
5472 1826
8357 6721
4366 1769
795 231
1753 309
6548 2773
2968 1641
5554 1565
1799 891
6160 1854
6956 4367
3459 11
747 94
7787 1949
1272 391
3094 1539
3482 934
