130
2679 4185
1725 6623
7896 9538
7181 8766
9108 9383
5696 7667
2135 6499
2865 5287
5877 6825
5008 8636
2380 6997
2333 9970
8193 8823
8196 9718
1288 2186
69 6180
2290 3530
4283 4707
7383 7851
2497 6393
3218 7660
1338 6812
2212 8471
9235 9375
3151 7281
9346 9362
2156 7834
1381 3210
2350 3465
7739 9626
5074 9429
3532 7065
95 3016
3961 4966
5394 9581
4005 4220
8397 9127
8535 9302
3104 7368
6407 9851
2935 6163
226 2764
2703 2801
5073 7123
3786 6303
2151 4224
108 7244
7207 8281
9408 9752
6411 7138
4367 7037
5233 8011
6242 8056
5192 8390
72 3858
9135 9222
972 1345
2750 7063
9741 9844
9083 9761
2956 8316
3947 7513
6153 7201
6772 7717
4315 8417
4692 7172
3856 5515
7051 8775
906 5789
64 7020
9469 9475
5671 7089
6167 6508
2911 8461
8446 9497
6409 8979
867 2420
5790 9689
6266 7072
3550 4439
3978 4106
9875 9904
1276 7454
2071 4420
9931 9983
109 1898
4293 6634
801 4400
5209 9279
1600 4543
9651 9979
5094 8413
467 9841
1024 2034
2018 6363
5636 8363
8871 9656
2715 8045
5212 5457
660 9683
1027 1241
4557 8724
5853 6158
2767 3653
3951 4894
3493 5850
6091 9747
3878 8480
6455 6617
9906 9946
8297 9869
2816 9958
1505 5804
3137 9692
174 5779
4454 6673
7238 7812
4247 7993
1633 3025
6106 8842
5774 8870
1692 6018
4022 8963
4067 4629
8617 8715
5906 8001
4386 8746
6514 9483
1120 3437
2920 4401
674
194 149
641 31
1113 394
764 147
4864 2117
4622 1039
4722 2720
3371 1363
989 303
4646 3144
1772 364
6473 4029
5880 5031
8798 8682
9610 14
1208 883
2725 198
2618 151
4379 3527
4927 124
4205 3685
252 22
7671 139
3129 2901
1717 993
3518 2511
5249 2155
9444 3170
664 190
4759 2285
3741 1919
5977 2037
997 753
3930 1426
4110 515
9392 6115
4973 3406
4556 1372
8496 231
8171 6790
9201 7505
1893 432
6627 5856
3080 2304
9614 8137
9622 5602
348 241
848 650
1180 712
9778 5688
9548 5837
1746 39
3641 1577
3822 3344
1713 414
5134 4883
3045 2214
9238 6840
1030 56
5536 1937
1344 912
1783 615
6339 1371
106 52
1654 649
1032 674
6292 5361
2095 16
2877 158
6192 5195
5468 3383
3590 2822
983 882
2971 699
8149 3326
7721 7595
2202 1465
1840 849
8613 738
2195 1453
3200 1074
9742 7802
3665 1965
7651 715
4928 543
2984 343
4933 2465
740 417
4472 136
3253 2404
2017 46
5279 3609
3030 790
2660 967
8779 6552
1587 835
5003 1059
620 128
4723 4560
5254 2860
1322 1014
7169 3100
9515 469
3626 476
4488 2888
7439 5238
8927 6076
5768 611
3017 2367
586 35
8678 2103
521 288
4725 2533
9154 6002
4360 3057
3019 2128
3500 643
3051 1640
7590 628
1755 1458
8342 914
9913 8706
3629 3031
6042 4203
7566 3557
339 65
2007 206
2688 1036
1716 38
4281 527
4577 2795
9155 7947
9012 8991
2260 170
1140 78
1634 26
270 258
2904 2386
7046 5909
2098 1464
4865 3781
3971 2049
5246 2199
2823 2003
1445 635
9355 5018
5820 3478
6605 5127
1556 1005
5453 4191
2452 2100
3907 387
8078 2797
3324 373
953 550
2351 772
6053 3779
2770 875
310 105
9178 6118
2300 1924
9255 8405
4208 4075
6359 3663
2827 1479
6238 2060
9152 1499
36 29
2672 1608
1996 1865
9637 7377
3960 454
311 5
4081 3643
2005 1351
9322 8526
8283 6613
6906 6869
1021 463
1131 654
1104 563
6098 2061
2165 1284
2177 733
1469 494
5373 4880
9374 1637
9410 4555
8100 3701
5262 260
2480 2446
9089 1715
4913 4180
9840 497
5914 458
8569 2356
9995 9791
9881 2213
7928 4254
3029 2387
6134 5732
7886 6931
3849 25
1476 129
8138 899
2925 1959
6478 3867
9653 4876
1239 830
5335 3097
5694 746
8861 7391
4797 1135
9298 5930
5780 4215
3418 2792
395 384
6475 1822
1784 360
9387 3946
4813 2992
4919 2072
11 3
5502 2931
6384 3559
5692 3021
4601 1819
7482 3910
2696 153
697 314
2257 1144
6913 1657
5234 2187
9301 1989
2953 1662
8530 6970
7457 6830
554 358
4648 1726
7572 3431
6662 508
7521 4784
842 399
6801 1182
5897 4140
3076 702
6335 2548
1432 1165
6110 2379
2269 21
5386 1650
222 67
1374 722
3761 1571
4485 143
8996 3771
7539 969
4157 2562
3954 966
705 677
6668 5145
6082 5585
6135 408
5553 349
1971 937
4244 3876
6104 6006
1438 324
2969 952
3165 2596
1862 57
7341 6413
8445 7779
2168 101
6883 5784
4612 443
6837 6045
244 210
8 1
8655 1759
4189 541
2449 1502
3916 3492
7865 5413
2508 1918
3955 3819
1327 1259
4015 593
268 122
1958 1392
7141 2014
1652 851
3368 2560
9158 4663
7404 4447
5283 3956
5191 3909
7381 2993
7701 7297
376 247
2938 795
8114 7205
3134 1659
7785 1312
60 17
3150 838
5087 4348
2744 1181
4089 2509
7387 6099
9337 5382
9185 6769
5062 3286
2883 1117
2226 2164
6031 2607
2244 689
4668 634
6757 2217
6671 810
9231 6565
2020 1796
6154 5383
7974 6779
1699 1506
2281 2238
3348 1292
7778 5205
930 759
5945 5548
3430 2287
9674 4901
1944 581
4428 3790
6034 3986
5475 5416
3087 2812
721 694
6016 3724
9784 3984
1328 401
266 228
7750 2724
3255 597
730 652
748 155
7914 5660
4860 4028
1907 180
4192 2127
4302 2887
3410 1649
5121 4332
1164 485
9186 8452
4176 2324
4954 1122
3015 1006
5912 1694
4839 1935
2912 599
5978 783
1336 520
8999 5554
5223 1719
1557 1298
7298 3351
8372 1235
7588 3686
1831 1704
3812 745
6636 1508
3161 431
2432 1658
6362 3889
2958 445
2842 1307
8389 8165
278 134
926 461
4437 2383
5493 5101
1171 600
2171 1348
9430 3897
1598 177
792 316
4937 3788
5114 3556
1463 1353
1791 1576
4050 296
2983 2363
4904 602
4915 2839
9289 3503
1742 1003
8921 2450
1102 283
5390 3391
8482 7884
1810 1012
3489 1269
2732 357
1564 482
4234 2961
2772 1707
8224 8081
4271 3477
7375 4349
1194 1091
4838 1076
6865 3828
3401 1387
6026 2119
7954 7514
4538 3414
8594 3013
8139 4152
3936 1489
3419 1677
7561 6982
1461 1041
7850 325
1075 145
7290 2647
7887 4404
8559 4377
212 54
1058 564
6624 6562
7425 2321
5153 1240
6596 3258
5685 2657
7094 27
4637 1433
4536 3669
1459 816
392 230
7144 6503
4505 2884
2137 624
7436 4158
4063 2256
9760 7049
1855 161
5665 2068
7055 6994
7816 6659
3301 2851
6337 1740
8827 2687
3853 2441
402 33
5577 5315
5322 667
3004 1301
5491 1929
9698 4618
9271 4236
1361 100
693 661
6446 6012
6376 6349
1365 219
3602 1827
7128 4018
4242 2082
1703 847
7071 2198
1518 419
7010 5035
1233 97
2555 123
3919 893
8924 103
1346 459
6174 3800
2053 1326
4719 3108
6392 2401
9307 8117
8073 7666
4698 717
5480 1421
361 37
5507 1534
2362 2115
1758 18
5162 1527
512 49
4931 4187
804 372
5777 455
6694 1785
3923 3541
3178 281
3197 1231
2111 1963
6481 6179
2779 2131
7854 7233
6465 3883
7677 3404
8520 3804
7747 355
1815 528
7116 6269
4565 3112
2051 1846
2454 1230
3597 142
8993 2160
6536 5032
9955 6133
3392 3155
8888 569
1860 295
805 701
2814 799
429 9
1258 462
6342 3775
1858 43
9366 5206
8837 3908
2159 2105
2200 1411
3039 516
6130 5867
1579 1149
9807 7009
7173 5197
1845 928
742 493
5366 1367
8364 3893
262 243
9942 6683
6060 4164
2598 1614
6891 3964
8294 5565
6721 4712
9691 4945
5966 1912
7056 636
5278 1098
8443 407
3563 2174
1835 1368
7180 3528
4237 1101
9009 7168
2982 1854
815 50
5499 2104
4470 2036
2483 935
7898 3422
8751 2031
5187 4491
7208 2610
4484 1278
9813 4920
2556 2078
5378 2599
1000 584
6301 2024
2859 2048
4558 1500
9228 5170
7573 2740
6811 1711
5019 1009
4502 3678
7959 5933
6127 6112
9066 2954
7801 2771
9492 2059
8786 3589
2416 1509
9628 5496
1942 1061
9837 8423
793 320
1972 1894
9474 8107
6656 4703
8272 2892
4265 572
7764 2498
6900 573
7108 1522
7291 6105
7449 3205
5576 251
4856 2519
5025 4108
6371 2668
8376 2353
1882 1873
3875 121
4298 1142
5762 3939
6144 3063
8817 1172
4812 1903
6183 1352
1753 708
5235 812
3767 3132
4382 1826
9810 4729
6539 4803
4049 2997
7983 1364
3813 1667
111 79
7737 7424
4975 1215
8538 6793
2337 1992
6513 3579
5971 6
3673 3158
2526 2476
1639 1073
5146 2584
3501 1070
4345 1909
8722 8026
7225 2588
382 273
7293 2001
8896 5899
6855 5308
7086 4754
8826 7004
922 821
4772 93
2891 2630
4303 3446
1670 1084
2172 1441
1720 877
9431 4711
2101 1769
9490 6712
3617 1037
1318 255
6740 6172
7048 3844
279 224
4699 1663
3140 1859
7278 2087
6216 4459
974 658
9890 4098
9589 4810
818 315
9371 1674
5063 4907
2831 233
6366 894
6937 592
4397 2375
4962 187
1086 478
8902 1589
7430 3375
