573
2233 4147
6511 8548
4242 9000
1612 6760
361 9186
6145 9212
7298 8616
9328 9982
9806 9819
8957 9065
8671 8919
7869 7911
4415 6524
5392 8165
1641 5192
7569 9119
7707 8201
7521 8264
1601 3731
2078 5747
1407 8899
6658 8929
7739 8427
8293 8649
4669 8810
8288 8307
8909 9424
9324 9892
8947 9331
3020 8223
4107 5922
8528 9448
5181 9924
6152 8579
965 6171
1606 2200
7514 9380
5083 7247
5307 9706
3640 7828
6185 7632
2619 8549
3902 7499
8524 9653
6868 8212
4414 8585
2684 7331
5983 6064
8499 9779
7484 7713
6422 9321
8532 8908
4395 7476
472 3196
5822 9596
2681 8816
3008 5762
6298 8357
1613 3132
9509 9729
9205 9879
7975 9378
5222 6270
440 3648
5492 9134
3951 9459
9705 9968
9863 9951
8298 9702
9995 9999
1668 6531
9413 9967
4930 5004
7527 9197
6689 8332
3422 4910
6973 7422
2153 8889
955 3792
4338 6705
5250 8333
6846 9657
877 5322
9581 9606
3665 4553
344 2457
1187 3504
1249 4677
7672 9592
8594 8976
227 7236
3516 4653
5433 6156
2072 7978
781 9832
8568 8931
1856 3202
4879 7020
7738 9654
8446 9524
7549 8712
7495 8249
9620 9855
465 5893
5948 8071
4619 5432
3498 9440
3754 5089
6426 7355
4599 7641
1183 6337
4001 4658
8069 8219
8368 9417
1798 9656
7582 8526
6404 7773
5990 6208
2703 6349
2846 4808
4103 6190
7892 8448
3859 9401
1772 9082
3268 4391
2507 8978
7557 9176
1109 7532
663 6222
655 4656
7096 7788
1422 7509
5345 8286
6862 9259
5801 7111
2148 8917
4472 4847
1023 4287
5580 7255
1594 4835
6886 9997
5082 7624
6628 6778
2169 2685
3475 4789
3016 7440
9312 9439
5987 6410
3903 9576
7825 9563
6356 9240
1548 9574
1189 2049
9529 9923
203 3412
4098 6495
5046 5478
1851 2249
6116 6860
7836 9403
4410 8118
1755 8930
5175 6104
3459 8738
3496 9247
711 2361
8996 9366
7377 9395
8053 9847
4179 9808
4055 9207
4084 6961
947 3024
9154 9279
4512 5795
4006 6950
3721 7909
9962 9980
2694 6231
5900 8517
4805 4979
5882 9721
7062 8795
7716 8009
6430 7374
2234 4288
7319 8143
7580 9933
2269 5232
5572 7165
7471 8879
4465 9097
1989 7379
161 5874
4148 8765
7791 8291
658 3376
7688 9953
1373 4227
4737 4857
7262 9102
2641 7525
2728 3259
6110 6792
9552 9824
8562 8975
5645 7802
4798 8734
4814 6189
6512 8670
2968 3511
9613 9643
2462 5278
2370 5041
8280 9708
3012 6083
7138 7288
5648 9782
6749 7015
1787 6285
4638 7745
4577 7387
5043 6713
1078 5006
5644 7427
8022 9735
1808 7801
5883 9564
7351 9175
2416 6767
1050 4210
8573 9242
8606 9419
5381 7540
6167 6240
2145 4576
4027 8043
4526 8347
5074 5454
6096 6804
2144 8391
5380 6632
2044 9384
3501 9548
106 3854
6777 7524
5310 9577
2845 3450
5579 7435
5256 5765
2612 9511
3298 6010
7687 8135
7620 7942
3327 7039
9639 9825
7591 8388
3022 6366
4095 6204
2501 9035
3844 6870
9788 9852
7953 8138
3234 8953
2277 2999
8183 9666
6668 9442
2204 8994
482 4596
3140 4238
6823 7988
3356 3508
9821 9896
8492 9627
2065 6955
8031 8906
4160 9816
7635 9322
1137 1272
4372 5532
1666 3053
6852 9603
4515 9868
4809 8938
8437 9610
6131 7169
2848 7723
9026 9490
9080 9315
8434 9720
4982 8815
8873 9094
9374 9431
1054 3747
1587 2775
2813 3316
538 6594
7318 9578
3806 4263
5428 7445
544 4779
2670 5600
1540 9711
5509 7446
9733 9981
2045 6234
7337 8563
8294 9756
8097 9597
7189 8545
9612 9724
5260 8785
8299 8403
8743 9567
7982 9636
860 5601
4804 7806
8412 8894
9704 9812
5890 7914
2755 9990
2276 7248
5079 6267
8211 8903
5141 8659
4837 9747
1316 5386
1914 4861
8769 9985
8207 9219
6927 8010
9333 9714
7915 8629
6087 8276
7567 7689
4660 4764
1342 9178
7889 9695
8986 9221
9859 9918
7523 8372
9435 9754
9441 9784
5005 6340
8318 9902
2493 6305
1508 5129
6031 6243
5122 6080
9301 9818
2480 4193
9978 9989
8361 8806
2 7193
7014 8609
63 2515
5524 6597
36 359
7533 9555
3414 7268
2784 7646
924 8164
2532 8818
3594 7934
8406 9385
2809 9150
2388 2669
2510 4621
7246 9538
1936 7807
3325 7098
1509 6820
844 4775
8872 9810
5959 8113
3136 4647
78 8611
9367 9932
1485 9237
262 8836
7598 8962
3503 9494
6203 6568
3265 9387
9775 9907
3135 7129
6253 6729
7991 8588
6401 6503
8301 8472
8564 9090
2529 8395
7851 8068
1498 3460
2628 9589
4152 9760
9316 9963
7457 8048
4155 8122
5123 7917
2596 6888
3470 6159
7140 9382
7743 9133
4976 8416
8884 9233
2435 3143
8963 9326
100 9243
4600 5434
4987 8871
3010 5872
1381 5094
2548 7545
1861 6533
8933 9998
3370 8241
1468 9565
1687 5557
4853 4950
2297 3578
1357 5595
8440 9216
1294 4158
1848 2985
9870 9919
3017 7548
7095 9422
4040 6218
4843 4856
8339 9769
7040 9481
7498 8454
9052 9339
3064 4817
8745 9716
6236 7078
647 1657
4418 9634
192 7410
7257 9260
107 5835
2667 3737
4283 7456
4099 7213
4301 7028
4050 8550
7664 8710
8444 9505
9632 9836
4081 5209
885 8597
6377 6708
6363 6591
3789 6750
8075 9484
9843 9884
8880 9394
4719 9601
1300 2359
8110 8569
751 2688
5121 8762
7348 7589
4086 7382
3812 8479
2577 5100
2984 3428
7452 8570
2844 3614
606 6183
7469 9336
5162 7666
670 9771
9461 9551
8185 9514
5813 8615
8376 9386
9732 9948
3455 6154
3872 5370
5554 7309
6871 9084
8940 9031
9276 9465
3329 8163
991 5343
5224 6330
430 2972
1288 5865
5970 9027
4482 6726
6664 7447
5620 6506
7143 7269
6873 7466
514 2537
6755 7057
1660 1764
6653 8032
3499 9687
8026 9872
519 7282
9715 9737
9309 9850
9274 9313
4943 9406
9130 9433
8713 9057
7811 9404
1382 7025
5276 6281
3847 4413
6416 6643
157 7250
7477 9480
147 160
8985 9232
3002 4118
48 3936
5831 8478
7497 9507
636 9152
4912 6016
5654 9076
6898 8935
2558 3723
3441 4449
4236 4400
4922 7397
4209 8580
1802 7845
4177 5198
5126 6542
5753 7642
3907 4273
4113 9016
7206 9987
9196 9277
5866 9751
3906 9871
2531 4156
8546 9252
2903 6481
2841 9740
4839 7575
2070 2164
485 8140
8951 9290
8350 8640
9837 9956
8248 8817
3696 9405
7843 9864
7826 9262
6479 9973
5321 6514
6925 8099
6859 8013
1993 8788
7943 9121
1191 8652
7071 7601
8601 9849
4200 6068
4742 4926
3979 6976
2007 2978
4668 5036
4591 8216
3163 9421
6352 8700
6722 7798
502
9518 6275
2463 283
6347 3764
9743 6054
7487 3727
2769 2027
4655 4510
4104 1087
7399 3963
674 627
4897 4748
7146 1778
6030 2585
1010 618
833 357
4256 3719
5311 5042
2733 195
596 183
8092 2018
820 639
6716 66
2302 1685
7518 4958
7585 2946
2140 349
9373 9179
4792 2509
7045 4069
4667 573
6494 1393
4440 4233
8577 336
6736 1424
9528 3378
9479 1495
5891 2232
7492 6089
7504 6373
953 929
5425 2885
4138 2592
8926 8687
6312 4184
676 59
1423 789
3918 2863
3162 494
5758 2643
4780 3572
1325 1295
8130 314
798 523
355 291
1966 213
1000 17
2434 2318
8921 5336
500 496
1043 390
8948 3453
3817 1167
7439 3
873 408
3561 1402
7107 1398
7024 6928
8623 1268
74 52
4570 3078
916 311
2987 376
7408 2181
132 84
3625 831
1942 1895
3822 2026
8252 3965
7522 1542
5647 167
5076 4226
6517 3105
7727 1553
1704 1273
4130 1235
8641 2759
6611 507
3277 3117
4917 3056
1845 1475
6889 741
4906 475
65 30
3600 1869
1531 169
4218 1283
8141 3021
3379 1521
320 105
7381 2971
4433 2222
3890 2750
4411 2591
1251 644
3784 3279
8668 5206
7216 1231
7006 6449
4390 2512
2399 1675
8763 7359
3795 721
649 463
9842 6499
8638 4898
2241 498
4750 4191
5316 4059
8120 5954
7715 1118
8124 2534
1944 560
8807 3106
9860 4851
5088 127
2517 2438
7239 2874
7921 6539
3926 3206
808 634
5202 2625
3178 2126
2486 2255
1782 1175
9626 6851
1564 1340
231 224
909 82
9123 5072
4869 4208
1449 1091
8850 4761
3199 240
4662 3921
3345 768
4313 418
4383 439
6725 986
2325 1256
410 274
9590 2516
7030 5058
7837 6746
9579 6942
1210 287
3651 3161
7317 1995
7644 5159
8237 2570
7893 1652
448 222
4380 772
5332 1025
8844 5340
5888 687
4003 2380
401 350
5438 585
8633 3272
1494 900
4504 4237
6166 1059
3111 2258
8486 708
6419 1347
6001 3568
6762 5404
2544 1742
4529 1870
4966 989
6320 1976
5953 1706
353 111
2251 153
835 816
4698 694
5014 3999
4871 4678
3146 2764
1281 701
5708 4054
1638 1516
4150 428
6252 696
1809 1621
9334 8516
4887 333
3990 3866
6357 2484
613 145
5098 2022
3636 2417
4501 2082
8250 2167
6675 3301
7479 6334
8888 5267
1004 998
7405 1417
1105 464
3957 246
5500 5269
1573 980
303 85
8137 4115
69 68
7482 5475
1313 941
8843 7935
9396 7932
5099 3609
5480 4195
8746 4205
2650 1990
9053 5338
2454 1634
9909 2706
5837 1810
1992 716
1967 1842
6354 6093
8905 8296
2281 411
9678 513
2132 797
2553 1627
4726 879
6303 5262
1395 155
3019 1205
8999 2563
61 6
7235 7172
2175 1925
319 281
9699 3349
2933 532
4551 4170
2652 296
316 267
5359 3070
8912 4951
5131 1234
868 657
7347 1763
1374 1292
7705 919
6308 6002
270 121
3389 928
8565 2654
3685 625
3728 2129
2588 1202
6399 4747
3040 200
266 256
939 526
4870 4469
3710 2828
9957 6990
5977 2006
9039 1497
9185 12
6912 4355
2579 735
5981 1912
9889 3232
7922 6456
7519 1507
8436 15
367 159
8696 1890
5415 421
6567 49
5400 4408
6842 4509
3047 179
7264 5154
6849 3276
6052 4484
9536 6237
2505 1306
1804 1159
7866 31
9591 4370
4091 1677
1147 672
9911 8190
70 13
3392 93
7302 6355
5695 3667
9572 2121
21 19
7480 6981
43 29
1339 374
1956 1433
6375 137
4796 1383
1721 1504
5253 4556
6326 1887
7314 6867
2069 506
3599 2795
4216 1239
8688 3226
8932 993
3079 469
3554 51
5586 211
8260 7665
9658 8331
2016 202
451 125
3068 1850
2919 905
915 80
2033 733
2363 2299
130 60
232 86
9138 8739
9783 7201
8662 6385
3981 2598
1031 728
4635 3144
9815 589
3041 1858
6409 2552
1028 437
9282 9244
7386 4353
8424 2138
8186 6000
1864 703
7051 6012
1747 462
5979 4508
372 237
1253 54
3583 1462
28 20
6172 4580
6259 5792
7854 5166
4969 3527
214 174
3420 215
4564 4560
2193 1577
2973 458
3343 1168
3485 1211
9256 3774
2002 1667
2964 1206
1487 1121
2957 1445
4840 3961
5634 4581
5937 4354
4360 2918
9521 607
398 295
5820 1403
325 140
7564 2328
557 72
3115 158
3156 1825
7528 7204
6537 3444
7769 479
3585 2767
2077 9
2465 2443
8304 1093
1583 1024
7161 2723
5778 3708
1478 1149
9248 5997
9014 6795
6866 3658
8753 1013
4963 2166
969 852
113 37
1224 943
6258 1111
5367 3707
3702 2226
2932 1828
5331 1280
3831 3088
4842 2939
1898 1603
8916 5178
5456 3694
3733 2564
2057 1214
9946 2393
5493 668
6797 1628
9011 624
2239 141
5828 2998
1180 170
3808 2961
8469 7481
4602 2901
3181 908
4523 1188
8841 1415
973 245
9665 3986
9208 7926
1215 779
3839 2663
6709 2421
5190 4265
8327 6138
6423 4648
7087 2267
7017 3978
3801 2836
3676 1471
8066 332
4232 2490
7346 1852
2761 2481
3704 595
3530 124
6948 1368
7560 3592
2046 53
6934 382
3533 3432
615 381
7817 6219
1378 1376
8863 7699
9365 6307
4708 1797
6274 2456
911 827
9878 962
1083 362
1854 640
8134 2282
4643 1367
4323 3972
6923 6403
7794 642
1040 521
9166 4074
764 653
8666 8604
2817 2141
3537 1696
3827 2740
8800 4925
6321 2913
5464 2963
6359 6353
8530 392
4201 2806
5853 3058
1918 1547
9773 1021
3946 2268
7714 2143
3154 2125
9468 6051
6120 5516
3714 2020
7019 2560
6501 6113
1520 788
996 759
1129 324
1879 1728
7783 3114
9300 8314
6398 4625
8173 7371
8646 7987
3220 1893
