13
688 3824
3483 9305
5563 8202
4986 7048
2096 4753
3804 9990
746 8997
3092 4991
5307 5372
8539 9820
3178 8963
5879 8354
9458 9557
418
4493 566
9900 8073
9129 2514
1320 1131
6369 4538
6386 2565
5483 928
8494 7467
2417 616
6610 3681
6217 2123
1429 431
9080 3675
8 3
131 113
1545 694
3331 2871
4812 2670
6984 4142
8787 3323
2763 2465
7867 1885
6118 683
5937 4028
8999 1635
6701 5197
3070 1422
6757 3132
349 311
9584 2071
3722 176
8720 786
4801 3293
2795 1105
8954 6766
2564 2507
8194 6727
9407 351
7953 2175
1881 1051
4757 3982
2505 439
3960 744
434 429
9127 542
8576 5661
4843 1128
1367 172
8800 1216
4937 2363
5672 82
4749 1958
4823 843
1416 1207
8289 3795
2347 578
8566 95
8867 6193
2077 1779
3505 1975
1564 1035
7975 5094
4262 3920
3031 375
6695 5607
8801 3001
6476 1116
2919 2485
3476 605
7116 2827
6402 1769
2228 1501
3199 2432
1342 258
1636 249
1711 1685
7992 7276
3248 3240
3527 3094
2037 1509
7928 1633
7207 4050
7796 2644
8615 7420
184 10
8443 6954
7514 277
3105 2130
4072 3805
691 297
7295 4814
849 199
5409 2193
568 16
7044 2976
5435 3604
4329 1546
6677 2723
9229 2501
7372 5229
8501 947
6152 5576
1411 168
9176 6862
6485 5230
8804 2619
6026 1781
6659 4779
686 674
4809 4558
3396 2461
725 178
2918 1824
7440 7293
5641 5313
7297 4884
3061 383
5151 120
2639 2258
122 109
3118 2897
4514 3628
2787 1932
8031 3098
7563 6517
3589 636
9223 4022
6329 745
6446 3347
8433 6461
5645 2668
8874 1600
3774 1797
1643 1474
3790 3226
5371 4680
3507 894
9642 6182
3573 3558
4037 405
9309 139
5368 901
7836 2024
9225 8499
5867 2150
7886 4191
679 334
706 391
7407 6174
78 63
476 12
8942 8744
3355 3116
6466 3147
4942 4522
7480 4988
7090 6292
7259 1399
1021 304
1374 550
3439 1079
7132 1513
9570 539
488 382
7902 1976
7608 3652
2664 1531
6259 747
443 237
8658 41
9015 2790
2724 2241
6882 3592
5575 469
8242 4572
3144 130
4876 3386
32 6
6785 6344
1250 74
89 68
8662 4165
7625 1003
9503 5996
3676 1129
5931 5650
9063 8928
8891 6820
9747 9345
9383 8464
2537 1211
1452 893
7767 5936
8185 957
4880 452
3307 3262
7339 5706
1821 750
8324 477
1220 1133
8553 6952
2504 1040
9105 6534
9112 5982
4381 4257
3606 589
6759 6121
6395 5809
5061 2604
2730 1293
5946 2387
2894 2737
94 36
6876 3125
5041 1499
2389 266
2625 173
372 28
4911 4321
2049 1550
7288 2476
4630 2174
1494 777
2051 904
6001 1187
2703 2329
5676 1849
8961 7316
1628 968
80 34
1861 358
4636 3905
9236 4829
2913 2732
9194 805
255 215
2856 2340
194 159
8866 6724
9650 4128
9711 203
4369 4005
7859 3599
7923 7146
3012 1335
1533 389
8091 7495
8502 4180
213 110
5225 3864
7376 4762
4109 3380
2078 1905
8960 5582
7050 999
3569 388
1518 67
8621 4228
2093 958
7429 3428
3377 2426
4136 2005
3896 897
5166 493
752 290
7580 4474
8793 6404
9569 5571
5605 1960
7088 3216
8108 201
2938 2141
2383 2314
8654 565
81 62
272 196
8805 7233
7613 1121
6770 5472
7284 341
714 657
5594 5110
5580 5456
8869 3140
1198 653
5015 1639
9147 7546
8450 2912
4221 3287
3296 3009
826 413
2196 1814
4951 3114
4716 526
79 59
4990 635
4150 3080
3884 2412
6273 3932
3312 2224
3056 612
3100 2636
5200 2267
3645 1227
2303 2249
8248 4902
198 40
7 5
4938 3374
7818 3871
5242 758
5614 4313
5176 5087
4284 1891
5167 1406
5830 1468
3228 1432
327 314
4411 1289
6636 2392
3861 361
7260 1921
9755 7689
8281 3115
7470 4739
2892 2684
9391 2181
8756 3308
5800 1103
2237 1254
6880 3191
4609 3907
8350 4556
5139 4362
8840 4278
8567 7734
8616 1060
5512 4172
965 576
8222 1692
7530 1217
3023 538
2852 768
8115 4632
6640 3672
3057 2167
8371 6309
7930 2687
2895 1519
5265 775
257 116
3454 2001
9871 1476
4088 2126
5901 438
8686 1732
8759 2742
448 404
9686 6971
5398 5306
2041 157
6788 6133
33 23
825 698
1028 1018
9756 3078
6615 4557
7837 1391
8255 3480
5193 1414
9745 5991
9986 4788
3639 91
6696 4106
9868 1532
9032 5671
7236 5696
1283 162
3720 1982
5257 731
4581 1054
6422 2762
1997 482
8814 8751
6707 3728
5286 473
8988 8383
9027 4259
7241 6665
8223 2242
5914 2222
9102 833
8973 1232
5864 2157
8258 5904
7538 3229
8307 7327
847 590
5088 263
2388 629
6316 4233
7939 402
5397 3594
5970 591
3274 1151
5413 4397
8868 6577
7604 406
1285 1208
4402 2262
2471 1937
6986 895
6846 4966
9483 6838
8321 1190
8398 3036
6948 2050
2274 45
