972
4839 5824
4558 7117
9751 9914
4394 6986
7447 8027
963 9506
6915 9657
3860 5529
4503 5144
7583 9528
2248 7396
8002 8415
4643 7098
3209 8969
2649 3959
7526 8424
5566 7820
5195 8898
2453 9642
6959 9086
1279 5783
2161 6954
4155 7128
1080 6946
9307 9708
4378 6764
8881 9338
9136 9875
646 5082
1997 2092
1057 5226
302 3786
3570 4499
188 3109
4617 7560
162 6834
7418 8164
3206 8844
198 445
8148 9690
2644 9415
6001 9092
1047 5895
6024 6450
4097 6264
1070 3377
2116 5408
5618 9349
8254 8793
9281 9641
3150 7639
1215 3894
249 8534
9954 9995
4948 9190
7493 8300
8842 9090
5817 7407
6153 6388
5299 6971
2767 3536
2187 5795
4805 8077
4053 4678
5203 8739
727 3055
322 7864
9589 9984
3039 6051
9299 9820
8512 9830
7919 8260
1054 6776
5060 7428
3537 7778
3982 4104
7436 7998
9424 9626
7093 7203
5929 9199
5764 9040
1780 8072
9471 9797
8653 9075
2231 7679
1941 7818
2893 5575
6648 9757
7553 8633
2467 8811
6593 7044
6181 6305
8099 9417
8497 9695
7068 8734
7121 7616
5347 7486
2588 8543
3326 4486
7810 9977
1505 4439
9104 9397
5267 7294
5811 9166
8339 9788
5501 8283
7346 9460
4059 5142
7905 9794
258 1641
1938 2081
2170 9580
8311 9122
2579 7528
4238 9912
5048 5431
7463 8068
2610 7460
4901 8979
5573 6884
7191 9866
2819 2841
2762 6646
4869 9522
9738 9837
1754 1770
3340 3393
9270 9564
6572 9818
8999 9210
3532 7741
168 5900
2476 9401
4536 9888
3469 9121
9046 9857
9533 9795
1950 3325
8732 9766
6448 9778
8494 9520
3588 4281
3533 8603
7683 8600
6679 8990
2379 6184
8091 8634
2825 3288
110 6118
3487 4935
3625 3988
1821 6670
8293 8723
7614 8977
9370 9731
4403 5216
8305 9464
8404 9943
7661 9722
4947 7979
1393 1591
6301 8129
1011 9205
8036 9514
4478 7175
6221 9863
5058 5841
9902 9987
6798 8536
2184 2362
7229 9688
1642 8707
1574 7677
2359 4777
7045 9455
7776 8135
4197 5656
6319 8889
3258 7088
6772 8167
1645 9810
5660 7495
5025 5789
1274 9764
3187 8358
5139 6528
508 4132
9184 9223
9011 9333
3512 9148
1830 4234
1558 2293
9375 9817
1430 7423
278 3022
3685 7051
6932 9733
1924 7509
3716 9970
1932 4215
6469 6637
4157 8799
6843 7862
733 2572
973 3866
5590 8006
9853 9950
889 5470
2982 4773
4194 7857
1807 6680
846 7938
9176 9544
8608 8918
3435 8432
7705 7933
8710 9851
1988 8012
2703 8501
2317 6584
7202 7765
6506 8184
6603 7625
9976 9983
6105 9516
6285 8345
1765 5898
3677 6828
4036 9720
8445 9030
4686 6519
8269 8384
2377 6641
4996 6714
9660 9971
483 3411
5800 6601
8698 9727
544 2948
7450 9441
7274 9654
4349 8700
8899 9158
1794 3964
8386 9822
7811 8070
926 2311
3115 7836
3955 7027
7215 7644
6308 6567
276 6390
8244 9192
9873 9925
2208 7859
1272 3673
7707 9114
5054 8174
6536 9465
214 1079
3445 6745
5630 9159
3213 8604
8691 9610
2095 9138
2367 6931
7814 9019
2631 9259
7059 8665
8342 8447
4631 4799
2922 6172
8655 9368
1839 5639
2270 5910
247 383
7184 7904
1808 5208
4652 5092
3241 6667
6923 8982
3778 9868
1081 8402
209 4250
521 6144
4304 8921
2236 2306
3854 7322
6354 8646
2861 6341
49 3575
9015 9497
5975 9483
9965 9967
1952 2953
3106 8329
5230 5998
3096 7589
6558 9741
6741 8488
9901 9994
5490 6576
6246 8251
2462 9838
3836 9206
6052 6475
1298 7971
5099 7207
4031 5151
7504 8114
979 5503
2235 9561
4083 4226
3900 8349
5090 7063
6748 8880
923 3357
6566 9592
2102 6658
8741 8765
1294 9754
9790 9839
4260 4552
8777 9066
5989 8032
8849 8910
4351 7543
4995 5253
8952 9658
4754 9282
2200 7058
7363 8055
7408 7564
8941 9957
7826 8139
8105 9734
7219 8583
1041 8484
4229 7403
6107 6893
7106 7430
3306 5681
4545 5558
8758 9746
2290 8855
6855 8626
9301 9842
7483 7745
4645 9010
1999 6014
7177 9016
4341 8593
6434 8341
7163 9185
3888 9451
329 7695
9885 9911
496 4417
9116 9646
8393 8997
8046 8643
19 6460
1366 6832
7787 8808
4472 8708
2048 3356
1009 8298
3855 8320
5513 8381
6916 7578
1815 8429
8267 9308
9632 9724
3653 7715
4160 8623
3976 7816
7838 7858
2040 2156
507 9133
7878 9203
729 4287
2941 9755
8463 9582
9526 9876
1798 7736
8548 9154
3320 5400
5863 8605
6337 7424
319 3576
5765 8137
8095 8857
6085 9989
3273 5693
9884 9891
2131 4533
3324 6805
5286 9895
1370 2460
3548 4524
9445 9892
8035 8645
6630 6704
8687 9801
1270 4091
1831 7021
5568 7097
744 1842
6280 9633
9381 9783
1588 7588
3190 8639
6104 9800
4051 8142
370 8832
3788 9197
6417 8098
5066 5398
8471 9792
1184 9013
8935 8991
3611 8865
5177 8725
2483 8585
2174 9446
1888 7041
9653 9926
7694 9085
9913 9930
7393 9553
6498 7815
8757 9637
8310 9546
5768 9274
1051 4748
4692 5581
3338 6818
9027 9071
2195 6424
5565 7031
8206 9924
1913 6659
8617 9214
6585 6889
4898 7335
3797 7208
442 2407
5855 7204
3706 9982
6651 8684
1315 6405
895 3332
559 1431
50 5419
8026 9687
1444 6328
4560 8218
1796 8434
9595 9682
7728 7755
3705 7821
2848 4420
1656 4602
1608 6060
4145 5344
8441 9062
9768 9941
6712 9517
5582 9249
6420 9833
1358 8906
8619 9791
3810 7077
8370 9119
191 2639
1053 3242
6360 8400
12 4020
8192 8657
6894 7868
5931 6082
4714 4794
3018 9861
312 9978
1068 7304
2856 8052
2778 5857
4918 6955
5887 6381
432 1694
798 2191
3606 6253
4074 9479
8654 9140
7004 8132
2459 4190
3738 9403
4416 4747
3280 5587
7863 9643
6499 9679
2575 9534
6707 9167
9108 9710
3111 3718
3474 9512
1666 4572
5265 8090
911 3891
2442 3523
9343 9388
9683 9767
9311 9554
5117 5393
2752 7136
1813 3691
5636 5970
2312 2336
1649 7691
462 6740
4688 6098
949 4094
3318 3321
4562 4985
9602 9732
362 4784
989 3484
7865 8531
1603 6140
5499 8671
9026 9623
3470 4460
3702 4668
7066 7584
542 9696
6803 9082
9649 9919
8106 9864
2086 9869
7651 9462
6993 8092
1194 3650
5003 5519
2781 6491
612 5547
1620 7327
7375 8792
5680 7032
1098 4231
8201 9439
8705 9495
4158 9843
8353 9313
9606 9650
6790 9348
2011 7394
1008 6929
8663 8963
1424 7666
2679 3404
1855 9992
1889 4359
401 9715
938 4102
5683 6525
1894 4547
3083 3103
859 1004
6045 9371
3481 6461
7003 8726
5539 9577
9366 9923
5341 9535
2178 3164
148 7746
8442 9827
9021 9443
2530 7052
7947 9115
6925 7916
2964 7500
3662 6371
9302 9697
1067 3035
264 9300
1915 3535
9344 9927
3361 4968
6438 6980
9297 9634
4448 7692
4574 6505
9647 9903
8268 9944
5922 6278
1897 9128
6575 9854
1046 4271
1704 8490
3230 7296
3521 8470
512 1605
7554 7711
3397 4146
8247 8529
9806 9999
3835 4518
3423 9048
3732 9571
8696 9175
3282 7317
639 3886
9847 9920
4561 5918
25 3754
8920 8955
6349 6947
8239 8771
1109 3100
6237 7262
1134 1903
6789 9748
8755 9163
1330 2920
5571 5794
6013 9436
4914 5528
2019 4980
3809 9802
605 8196
6339 6981
6156 6224
2272 6812
5706 6198
8926 9973
8532 8856
657 868
4171 5583
81 1229
9527 9910
933 7061
1693 9169
6912 9226
7102 7511
4175 8914
5015 9631
7164 9391
7367 7438
1019 6495
9900 9981
5088 7731
8495 9668
5051 5920
1743 6796
4275 6211
2604 4373
4037 6243
2671 4451
3246 4750
2360 5282
3225 5002
7681 9928
2857 4446
6050 8566
5544 7257
4235 6556
6760 9081
3862 7385
5249 9714
6837 6906
4222 6926
4232 5502
5904 9055
1408 5965
1191 2175
3233 9093
2830 4410
463 3030
5698 9440
2697 3029
1023 3283
85 8075
4282 8119
373 2587
2860 9295
1585 2338
8258 9469
5046 6193
3674 7985
8241 8246
3395 4429
3799 5071
7876 8625
2091 7880
7603 9877
8270 9271
2145 9194
2993 5096
9278 9780
5318 8631
139 3158
5958 6079
2635 8692
5555 5869
2335 3476
161 9007
2447 2798
5735 8120
7923 9131
621 3591
4241 5937
6903 8542
8330 8954
4736 9549
7303 7780
3417 6738
5412 6846
2699 9068
9537 9815
4971 7328
5952 6503
7890 8418
1296 6141
8922 9135
9315 9498
9473 9878
9173 9476
3491 3798
7847 8884
4664 7194
1757 9835
3146 6717
4842 8243
389 2534
5185 6326
2289 9305
2125 2513
3330 8522
9489 9548
4342 6426
1425 3572
9530 9879
2060 4573
1205 3054
828 2137
3859 6867
737 7831
391 9906
5732 8059
2395 3693
8510 8866
5167 5354
2066 7963
7499 8788
2677 5256
954 9106
328 1341
4192 6409
5673 6272
88 6218
8338 9929
8596 9508
1239 8236
1463 9568
8853 9452
1374 2003
4666 6022
8421 9088
8846 8908
2673 9499
1518 2910
1035 5000
339 8346
8569 8826
3448 4789
9638 9771
4041 5914
9503 9598
7297 8378
5323 6453
2297 8101
372 7884
9776 9796
6494 9486
8453 9946
5746 8874
7775 9468
6442 9232
5449 5553
8433 9407
7750 8500
9212 9500
5352 8448
9251 9699
8753 9651
2868 5536
4430 8953
4434 8013
1610 2894
1116 4830
286 1691
97 2966
342 3692
2502 4719
5657 9365
3825 9597
4112 7266
4867 5101
3666 7479
7382 7827
8974 9079
6922 7534
2285 4148
5317 5514
4760 7115
7959 8436
7217 8553
7104 9659
7574 7968
2446 7434
5784 9402
2913 3751
6393 7689
6088 8276
9713 9849
1849 3294
6962 7706
121 582
1130 5479
692 9369
9917 9936
1419 6116
3551 9094
7952 8029
3657 9264
509 2727
358 6430
6553 9621
1529 1619
1989 5747
1715 3449
4803 7373
2352 7419
5313 7898
9289 9784
5356 7155
7606 9600
3998 8472
2055 2418
6041 7188
5846 7415
8171 8871
4857 5515
2503 4046
9730 9872
590 2545
7995 9799
2859 4407
6274 8816
7440 8668
3701 8226
4527 6216
141 7992
4339 9556
5498 9392
9605 9673
4781 8232
7120 9702
9933 9993
5946 6886
3464 7056
7914 8890
2620 8478
3182 5483
9428 9572
9022 9461
193 3783
9095 9178
3467 5854
1413 4108
2167 7891
7083 9171
3726 6110
9569 9669
3390 4402
5476 8727
4360 4875
502 8371
3392 6043
4597 5994
5625 7315
1267 3542
7221 7371
885 3712
7696 9614
4042 8427
5631 9097
5451 9574
5750 8642
8518 9504
6948 7542
8043 8624
5642 6456
535 3724
8565 8875
2646 8245
8479 8845
8630 9711
6048 8392
2544 6599
8590 9985
8482 8831
7879 9100
877 3531
7454 9836
4765 5339
5355 8578
715 9777
9951 9972
59 8717
2411 6317
2846 3383
6182 6656
8446 9241
7506 8289
5486 8347
8572 9396
966 4603
6415 6586
307 2158
3517 7174
430 5859
6866 7475
7359 8809
8061 8735
6423 8145
2171 2790
318 8263
9494 9562
5907 9706
84 6597
86 794
5255 9492
1323 5484
614 7395
7343 7918
1812 2821
2654 7866
5606 9421
905 1275
5839 8864
2979 9357
1635 2322
6880 6994
7183 7530
3831 3867
8050 8674
2954 6881
2052 9680
8506 9012
8713 8867
4819 9540
7934 9937
7494 8004
2458 8033
5095 6750
7714 8037
8629 9237
1604 6890
4152 6755
5157 5452
74
5980 5212
6038 2464
8913 5122
1890 1422
6766 3058
8333 7789
7225 267
3939 45
1042 700
3938 849
600 554
8932 6700
5001 1364
2046 473
6705 3649
6244 3124
5522 820
4515 1477
2638 14
564 80
2106 174
2816 1835
1356 281
3418 2902
7358 2539
7875 1916
655 213
8721 3355
9862 2257
9246 5187
4540 2809
1572 16
2143 555
8859 3038
7823 4607
1688 863
434 33
6950 1177
2097 800
3205 2230
2069 579
4440 3270
3678 1878
5324 3268
1136 455
5757 583
8728 9
6061 3335
2465 598
9684 1565
589 317
9319 6327
75 53
6366 3709
5596 4932
9852 3144
4474 4223
7980 7940
9228 3327
2409 2075
4246 1483
8703 8237
6229 2400
779 232
4894 2093
72 7
4671 1003
1207 1094
6440 4743
3663 2527
6422 5949
6062 2135
5951 4422
56 42
