748
1273 4002
3278 3409
2026 2579
357 3692
9217 9406
8480 8670
570 3127
7816 8403
1954 4438
64 3903
9375 9771
7260 9008
3584 7010
8798 9603
9114 9886
5258 7025
2715 8658
7167 8404
9545 9974
8074 9465
3436 3838
841 5492
8112 8246
527 8660
7523 9468
7370 9396
7569 9287
2954 8842
5302 8638
4845 8277
8469 9572
2506 9015
9667 9809
5222 7344
2859 6094
6048 6266
5595 7934
4484 6647
4041 4533
6097 7860
1928 3596
3285 3480
4933 9131
1676 9605
111 839
6033 6229
8200 9845
3083 9917
4525 6919
9774 9827
7326 7368
9076 9118
8287 9454
8625 9082
8413 9932
6293 8376
4410 5050
8115 8393
2426 5104
4442 4758
7985 9475
547 5385
2365 4242
3089 8979
5194 8738
3209 3806
4022 4430
8329 9109
21 3916
9104 9276
8092 8893
7012 7846
1552 7698
3076 9336
8708 9093
4997 9683
3952 6914
5808 9911
5170 8539
389 4895
9239 9294
4559 6123
1116 3449
3512 6728
8983 9780
944 2603
5864 6142
2249 8358
8853 9812
2030 4027
7719 7932
2453 4750
6727 8063
7558 9868
7746 9208
785 5793
2944 8559
410 4129
9419 9554
9447 9602
4769 8288
5695 6526
288 7983
3259 5008
8781 9929
4256 6272
5708 5911
1353 5081
5545 8137
6315 8765
3476 3963
9365 9980
6462 9348
3913 7363
2027 5495
2091 7606
4631 7491
7701 9751
7625 8116
9799 9987
6384 8604
9576 9855
4359 6326
2056 5570
5268 8688
734 8787
1448 3410
2537 3170
7696 8049
1381 2342
8243 9473
7961 9451
7877 9247
7419 8778
6059 8727
4642 8544
2632 8575
8797 9106
2408 4866
197 6825
7216 8811
4439 9157
2106 8324
4975 7153
1881 8161
1759 1921
3375 6090
7362 8010
9848 9990
7381 8217
4939 7079
2327 5977
539 5041
3894 9220
499 3850
9548 9789
2458 6283
7233 8270
8836 9305
1600 3470
3287 8088
3255 9029
3241 7201
9450 9784
4622 5000
9480 9495
7318 7500
1527 7753
6962 7722
9909 9914
4873 4983
5398 6588
2847 8664
3522 4397
5120 8128
5114 5804
1924 9507
4432 5725
7168 8863
3439 5259
7223 8379
8322 9105
2942 8975
7398 9844
3033 4040
1084 7688
1349 8468
1564 4737
5549 7693
7285 9633
354 8709
4180 9401
1291 6301
3831 7464
400 3502
993 5416
1351 6418
9589 9986
4433 6022
2251 3465
4470 6200
9939 9988
369 4669
2439 6006
309 1420
9248 9485
4204 5617
6289 6507
57 1907
2195 3456
5500 8030
1429 1491
7227 7972
9697 9982
9837 9898
5786 6471
6826 9707
9023 9032
5588 5847
2300 7922
6332 6669
9923 9955
5494 8058
1865 7951
6232 8961
8850 9134
1511 3800
8400 9853
4273 7001
2714 6939
2787 3979
1795 3110
2687 7526
2161 3247
4551 8485
113 6112
5775 6779
415 6473
656 9080
6536 9170
6746 7671
6958 8035
9492 9723
9317 9773
1799 5966
8178 9312
4235 8271
8227 9182
4676 9493
9791 9828
4911 6810
2003 7717
3786 4445
7220 8233
1434 4132
6976 9229
9188 9961
174 1605
6561 8585
3785 7274
2040 2948
7809 9761
8374 8974
3974 8751
3767 3902
3447 8530
1478 8142
2689 3770
8179 9803
3493 4923
3393 4249
5158 8390
9016 9768
6616 7766
6305 7454
1119 9147
2390 8789
5652 9058
484 6447
9519 9994
4481 5969
94 6134
7949 8746
1949 7422
9077 9617
4834 6617
169 7916
2606 2769
5204 8691
6743 6869
1811 8818
7060 7995
8406 9059
3917 4140
7713 8111
4319 5447
7960 8487
5675 8079
1703 4812
165 2500
4396 9933
5389 5418
535 3460
541 6436
4643 5393
6450 8340
1569 7891
1510 6856
9120 9706
358 3532
9919 9981
9935 9942
7081 8048
699 9153
765 9970
3723 8868
8130 9351
5741 8110
4861 8799
340 9352
7040 7320
6100 7517
4510 5972
5590 8317
1076 6752
4915 9687
3668 5528
1728 9755
2637 9476
768 1016
4664 9963
2754 8735
8538 8912
9847 9895
4902 8887
9094 9300
9865 9937
2102 6102
474 7186
4803 5426
1947 8672
6747 7525
2089 5021
1387 5619
643 4554
8265 8829
326 2604
867 2123
6722 6863
6732 7432
4713 9927
6898 8786
2191 7999
6070 8492
2821 9907
1122 5735
9154 9726
6204 6482
2273 7739
3329 6013
5996 6291
1294 7868
3230 8368
3178 6518
207 331
117 1814
9500 9580
6068 7866
9373 9426
2006 5836
5517 5888
8264 9212
2797 4023
9037 9569
3640 8046
6474 8819
7352 9678
9975 9977
5172 6056
6784 7665
20 6868
3118 7222
9455 9908
9491 9801
7399 7738
2066 2555
5720 8969
29 9609
7785 8618
6762 6937
1428 5688
63 6799
2257 4412
6846 9024
8226 9958
9831 9953
9698 9991
6077 8712
1522 6957
8681 9826
8300 8839
8078 9704
5904 9246
3342 4646
674 3788
3592 9273
9149 9583
4677 9836
1134 7576
3528 8833
9067 9334
1726 2274
5310 8188
4736 7052
9405 9650
2776 8332
8198 9019
3740 6224
5538 7076
5018 9483
342 3075
22 8193
6808 7583
7286 8431
604 8360
4661 4719
3121 6388
1831 3167
5785 6695
616 9223
8668 9056
894 3847
9332 9804
3779 5300
446 4552
1266 4398
7639 7711
1337 2520
6929 7267
1875 9537
4739 8828
579 2507
4640 5145
9719 9781
4403 6425
1856 4826
6206 6555
5640 8095
9127 9685
460 7589
2287 3573
9297 9597
8414 9841
724 6953
9326 9422
5122 9562
5934 7047
9869 9999
7417 8370
9924 9966
347 8131
9226 9749
8498 9577
909 1364
1103 8698
8883 9097
2837 6129
8984 9290
5819 8904
5264 6797
1271 7245
8424 8593
799 4269
3262 7270
515 3492
7101 7578
621 4680
5622 6936
5349 7896
3495 7898
8209 8888
7670 9339
7124 9215
937 2992
698 1606
7890 9671
5237 7720
8965 9464
5236 8676
5469 7110
8240 9315
4770 9611
4621 6089
3286 4164
9240 9968
8102 9395
1917 4020
1953 2037
687 2296
2946 3078
5141 6628
5144 7508
9391 9934
2638 5127
3057 5760
7920 9613
2289 2325
7429 7527
9645 9874
2090 7499
334 8037
3557 8232
9978 9979
6235 8011
4394 6047
4749 5556
2125 3483
7089 9499
4380 9897
1820 7623
8310 8949
7029 9344
2270 4742
3996 6139
4415 4918
8683 9452
2505 9851
5121 8900
2436 7314
5758 7778
9890 9904
7554 9258
4309 7385
1655 7488
9389 9642
2680 7132
5773 5939
7496 9210
1398 9782
304 7762
1473 2424
4389 8168
2232 3256
2304 6598
2548 4900
7993 9525
1765 3993
4609 7266
9206 9340
5621 7024
631 8663
4667 9181
1753 2108
7068 7635
4314 5403
9311 9570
5937 7952
3163 7652
3893 9430
9271 9660
3891 6634
2261 5080
6891 7282
1336 2313
3618 3734
393 5193
3671 6122
8522 9482
1971 4282
1835 7042
2400 3728
4162 4514
1138 1455
4884 6397
4097 6763
5554 6250
3667 4516
1159 2227
630 2097
9530 9852
7893 8541
8742 9079
9893 9989
3738 7400
3783 4086
844 8675
609 5309
4174 8290
9725 9926
4660 4892
9293 9717
504 3575
3686 9785
675 5768
9006 9600
1186 2450
4409 6455
1549 3876
2758 4833
4993 5630
355 4995
5646 5830
5248 7791
2250 3317
7380 9462
6572 8351
4863 6744
251 5460
91 9296
2226 5737
986 6038
5559 6641
4799 5845
7963 9676
4937 7507
7382 8429
6615 9089
8570 8679
5035 6515
7388 7679
335 5094
8496 8722
7210 7894
7632 9709
3290 5257
5915 8022
2104 5100
457 9659
8327 9236
8108 9456
543 6226
6116 8855
7442 8017
2147 9179
5261 8773
6212 8611
5045 8273
1118 1439
1899 7705
5417 8858
1972 2879
6178 6948
602 6043
8254 9280
5263 5732
1335 4303
119 7647
9113 9872
6064 7239
665 1310
4190 6374
4368 8784
7069 9748
7438 9665
751 2789
2223 6503
7275 7530
6349 7683
2702 3985
66 8090
4875 9268
3726 4581
9531 9871
7481 8626
1871 2376
8597 8925
2094 7921
3606 4226
9434 9563
7209 9663
8896 9779
2293 8479
4283 7885
677 3218
1955 3622
3999 7460
5433 9325
964 3986
9429 9918
7137 7428
5076 6546
4984 5824
4637 8720
7090 8697
4978 9264
4493 5791
6600 8652
2572 8885
4729 6944
5777 8804
5868 7937
6255 8596
2398 2736
8419 8923
2422 9532
3469 5142
5429 6169
4818 5546
9096 9811
8071 8845
2949 8259
7907 8526
9870 9882
1705 5671
2685 5718
2415 9088
683 8620
7626 9536
3224 7214
4243 9198
3434 5751
4149 5892
946 2011
5526 6798
6350 7810
7164 7842
3421 5991
3722 8451
9879 9916
5479 9313
1403 7660
9769 9850
7411 7483
256 1914
5568 8295
8467 8793
8796 9808
3094 8619
2082 4855
2029 4814
5668 9484
2939 6242
4265 5898
7836 8325
1295 6303
2725 3114
7317 8659
4716 6417
9387 9861
9960 9962
4127 7704
9743 9967
1344 3428
7521 9418
1026 4563
4639 5574
7666 8169
2790 3535
108
9896 6992
1852 635
8366 6098
3602 53
3038 1589
7989 3028
6921 4679
1830 1435
2489 1538
2236 2140
4195 1487
4598 3130
3803 3171
6945 307
1580 1443
6340 2911
7699 2703
1565 764
6 5
4360 2345
9786 719
8561 8355
4482 2874
6401 5923
6051 3727
820 129
5689 2188
8207 5564
5586 1716
8739 7471
6852 2984
7299 1017
2705 333
4641 1612
2872 454
5386 5247
3556 2172
6971 5062
3984 953
7729 2079
112 103
4705 4161
7393 5363
2672 1824
2829 1329
2716 2587
4177 3113
829 233
5686 4635
1909 704
206 182
4268 1584
6608 5747
8916 8415
2155 1077
549 520
5419 612
7939 1146
4228 1710
6091 5365
1678 1328
9533 3665
3100 2504
2931 1901
7607 350
3515 856
9711 8595
8642 2045
6585 6461
5206 4062
5857 2484
2460 556
3541 3475
7306 4381
3816 3124
8362 3992
4111 548
2051 501
7115 3152
2639 266
3372 1860
1342 436
1251 31
9108 118
2009 538
8417 4266
8657 7359
5992 5377
3591 1755
7575 1050
3269 1571
6460 4756
4555 707
9423 4056
8874 8535
8582 6488
273 120
7284 3032
2139 46
2207 1530
7931 3934
5082 967
4523 809
9742 6517
4820 2805
1839 1246
1897 166
4016 2761
