27
9228 9807
3788 6591
1884 8146
2084 8864
6768 9021
7089 7550
7645 9811
2670 9869
2474 8353
5762 6848
8414 8590
7085 7440
6671 8809
2284 9627
6934 7060
1397 7557
4913 9823
620 2274
250 6060
1098 8086
6107 6808
7817 7924
5884 9628
5146 7332
7057 8553
780 992
4911 6237
620
9342 889
4114 1688
234 162
387 106
5137 1061
6121 3005
9419 3000
2828 1067
1376 78
797 547
8743 5314
7498 5990
7205 624
4044 77
6475 6156
9702 3692
8422 61
2805 1463
4729 3166
5608 38
2211 833
351 197
5443 1977
6028 5747
1277 105
5006 232
5428 4932
9040 6429
6305 3770
3610 2632
756 726
8658 1303
953 184
4576 1719
6430 3976
5149 1325
3153 1664
4671 208
5413 346
6542 4280
1799 1128
5237 2707
2510 958
2767 1350
3337 738
9590 1925
2332 1152
9480 7832
9851 180
9717 1210
538 417
6398 132
7666 5027
2692 730
9023 5810
5581 4308
3846 26
3038 450
2831 1698
6592 1667
7815 3316
9589 8906
7642 3427
3738 269
11 7
7456 4643
3583 3158
2978 604
4751 2096
1215 1188
7197 1298
8161 7777
6216 4755
3245 2787
1286 145
152 94
6950 2776
4916 2654
3891 880
7086 245
7690 1631
6478 6254
5475 3380
1327 894
5174 4337
1680 1119
1488 763
5562 5401
7472 6306
1417 984
8802 4080
2824 2011
1553 1362
8142 6785
508 112
985 355
6105 6008
23 2
9454 2177
5764 1776
7140 4490
97 92
1387 360
1508 1164
1163 12
1516 580
1879 66
8524 4177
1335 702
9473 3037
8569 1920
7063 6111
2686 1716
8104 822
1259 781
9607 1666
6378 3309
614 462
6583 5030
7461 2004
1877 1069
1371 534
1653 1450
5447 1961
6340 611
1678 501
2981 2416
9487 4457
6946 1056
9257 3736
2172 2046
9554 3486
1973 498
1522 626
7507 3365
8334 2231
9631 8896
5234 4420
3241 2058
7882 5716
96 4
2403 268
1415 397
6546 4007
5256 4905
5582 4525
9647 5772
7963 1764
7399 1310
7071 5706
502 56
9504 1986
7971 7961
3389 2946
1559 1475
2785 2744
9856 9738
9221 3186
3985 1400
5555 2866
9307 1550
3451 1085
8724 7433
1485 1448
8039 1212
1134 1109
4427 1253
5008 4613
1283 593
2935 1842
3816 2937
1105 978
3729 2364
6460 1603
5327 2280
9273 5850
7706 5262
4400 2923
9042 8497
4582 3364
9396 5349
7601 4032
7814 7003
990 870
1382 744
6742 5679
7770 3184
46 40
4406 4026
3367 1549
2435 2267
2695 2444
2262 2174
4107 3782
2938 1136
7855 589
6009 4156
5495 2541
3828 3510
5150 2449
7689 137
1519 460
3123 2758
3866 262
5456 2132
8064 3662
9584 441
1520 848
5549 5509
7036 4291
7572 7148
7691 7054
3839 583
5131 4184
4989 1781
4832 1489
6564 3967
5550 1625
6836 304
1211 423
2813 1570
5641 1923
2778 1822
2361 1237
3598 2523
8251 1972
7211 6738
4497 4467
9464 2362
7102 6668
1034 657
1364 838
29 18
1301 186
9001 7573
6192 2560
3004 1691
4660 2139
1655 469
9871 6538
5219 4477
6772 3416
8887 3665
6003 4845
7159 1361
1103 479
7559 276
4910 4344
39 13
983 884
392 219
8270 5128
340 280
6253 998
1110 826
8368 4748
7212 3244
7766 773
9545 2904
6425 3519
7290 1167
5937 3394
9275 1285
1410 787
5776 5392
5028 3515
6726 2333
9580 8276
7761 3320
1569 1399
3691 3678
8874 3026
342 10
8280 2872
7658 1502
6611 5635
5614 2200
1644 687
9256 8004
5479 2511
3877 905
5661 1231
5058 834
193 140
792 579
8653 4459
4205 2819
3843 288
696 196
233 47
9166 509
4662 898
6022 388
8046 1491
5290 2876
1233 931
9009 2038
3719 264
9341 1173
2261 1479
1614 411
8111 3475
1861 571
3288 2861
8963 6228
1518 546
4509 1169
1270 188
448 59
3432 3091
1218 82
1065 93
1393 1262
1038 32
4636 3934
4772 3087
3189 294
5165 3530
2725 1025
9699 5070
1192 446
7839 2374
6855 5926
468 238
9168 2961
4384 1929
814 673
8268 3106
1907 1608
7871 7506
7215 3363
6933 1824
4279 3907
8599 8484
4262 1648
6174 5563
4494 2615
2181 1341
6457 1202
612 79
1726 770
6664 3322
5516 3014
3479 456
7072 2442
9745 1931
9094 8094
8469 5749
2840 2503
7155 1459
3048 67
3935 2841
9601 6874
9202 1728
6622 2325
6356 2821
4877 3071
4119 4079
6426 6151
6708 6500
2862 2678
1766 691
4904 3580
291 249
9274 5214
4049 2343
7108 3505
337 204
587 261
6358 5343
7368 4404
5285 2089
6441 2768
4348 44
636 120
4086 1656
2408 1317
6955 5460
5246 310
9957 1239
970 802
7991 1434
7993 4379
6223 2950
5168 1815
9715 3708
6665 1373
227 14
8179 5796
7631 3274
9963 9940
8231 6930
4664 4629
5433 3236
7720 3800
7701 2029
3703 3293
5307 4678
7073 1154
7535 5482
1684 852
8095 2502
2834 1102
688 54
3842 1008
6857 570
9270 7080
680 33
5064 3778
2214 1930
3044 2205
2919 519
5991 3345
9578 8736
5319 1888
4422 750
577 487
6052 381
73 27
512 455
8206 1914
6381 4109
5561 2162
7531 2226
4412 3169
6821 3079
1580 1060
804 344
7484 2275
1703 1669
7892 4143
4194 926
3134 1037
287 60
2967 1379
4612 1919
8895 859
545 429
5106 1744
5127 526
3682 3489
7757 4667
5647 1032
3721 2822
4929 2907
9518 4195
86 1
3611 358
7256 5763
5800 747
3080 2176
1798 485
896 794
5334 4277
6873 5897
4826 1035
4514 2347
4880 877
3579 945
3434 560
8971 3936
9997 8040
7538 393
1722 1561
8380 5044
1232 1020
3029 1695
9502 2716
1789 1446
609 385
1797 650
4254 815
9797 2782
6667 3361
2980 147
7458 3497
8154 4720
1115 825
4821 4067
1847 1484
9410 6781
2166 809
4209 2525
9573 9390
7526 5812
3647 762
3958 3622
2294 1497
9236 3592
2529 2391
1200 948
4424 885
4828 991
808 258
8354 8013
8831 3956
8567 4577
1086 126
3346 2898
7167 4825
7274 1401
4283 2175
8901 6536
1623 1436
2415 820
431 144
8859 2719
2335 1512
3455 1991
8801 3512
1010 68
7206 5935
9672 9265
4237 1172
8529 1339
7015 595
7985 6145
2614 1288
8848 5228
115 50
1366 1338
4128 2258
5332 2936
9633 320
2277 735
4539 2094
6020 1207
2688 1902
5730 3395
1330 1170
6449 4139
7503 2079
1053 552
7195 5244
7581 6117
2147 1871
7700 937
8879 5047
4945 1530
3409 1273
2257 1222
3397 3333
3619 2877
9344 8404
6490 3207
6210 2159
1964 1696
916 170
9537 633
6352 736
920 672
3649 1223
5895 4529
3949 2301
5534 2040
4610 3119
9636 3325
3959 3472
8753 3185
312 210
7540 1126
3441 165
3135 161
8718 4608
178 138
5809 4995
6486 3478
3329 370
8157 134
2282 364
678 206
154 142
2932 2814
2167 1007
1148 1124
3528 2061
6616 1818
2773 2661
9737 2651
8304 6390
7632 4233
7348 4884
4931 334
5308 4217
3567 1622
4924 2363
3630 1106
9475 1850
936 737
9873 6858
8554 2775
4520 3368
2488 1097
2168 1612
2538 2476
8419 4634
3804 721
6053 4087
5186 1526
8314 6648
7908 4218
4125 1813
2771 164
6181 4155
4170 974
8628 7596
1542 1419
6102 1978
5054 4936
5640 4355
9482 7775
4485 1573
7921 584
5910 3982
4215 2354
4274 406
9056 7915
2217 1998
9298 5768
3195 2483
