896
2144 6902
7850 8378
5431 9973
376 4115
9828 9922
9303 9713
4323 8109
5178 6936
7593 7901
9093 9228
7275 8570
8832 9166
6039 7078
2912 3008
5331 8665
5063 8683
1416 5358
954 3198
5267 9830
2786 5765
2218 4279
7164 8275
6173 7264
3665 8900
7581 7935
7640 7770
6492 7771
1662 7169
5369 6260
8408 8965
2007 3059
6188 7132
4708 7145
7121 9260
5739 8525
8269 9672
8519 8939
3542 3774
39 6864
3669 6668
2051 2455
1489 9760
6136 9335
4701 7843
4756 9243
9439 9797
957 3674
9929 9978
927 1726
3167 4647
5296 6180
1615 4555
8587 9089
598 9107
563 6813
5317 9463
7476 7539
2273 5917
559 5524
163 2660
1214 1319
6587 8969
1449 3519
838 4474
6766 9923
9485 9511
1876 5858
7385 8888
7032 7364
3205 7441
3325 6530
4946 9526
1053 2119
1508 8518
527 3718
1670 3768
8004 9245
2676 6235
1076 9502
5093 6804
734 4414
6229 9670
2792 4613
515 6203
4865 7948
1588 5763
5020 8859
9841 9903
8748 9446
8158 8842
120 7206
6656 7505
963 2907
7525 7732
7316 7755
536 1723
5016 8057
9933 9959
5787 9569
6956 9708
9226 9523
7031 8330
218 8791
3835 7804
2780 4409
267 9157
9651 9969
7792 9314
655 7317
5757 8220
9911 9971
6247 8102
5914 8479
9729 9896
304 1135
5601 6615
5032 5738
2047 3952
4690 5290
7432 8820
3599 8003
6282 8670
2268 3824
5309 5578
7969 9461
3777 6294
1944 8377
7247 8671
285 4212
3431 4780
7828 9549
4570 5585
3617 5925
2788 3213
1071 2820
1124 2672
3215 9283
4537 9112
8952 9324
4942 9581
7836 8953
245 6893
881 2521
178 2431
3554 4028
8369 8413
8601 8739
243 3848
5271 7923
154 802
585 6283
3907 4711
9824 9993
1439 9989
1340 5281
1374 2662
250 982
8763 9761
9334 9718
5647 7532
5796 6651
9987 9994
2019 6007
8729 8845
1799 8983
6404 7910
6496 6553
7877 8819
2776 3680
4106 8230
1223 2089
3441 5055
932 5856
5109 5304
1619 4350
1238 8142
8616 8717
4798 4823
445 9691
2473 4393
1804 9088
9244 9630
3300 8360
8874 9388
8922 9427
6883 9090
7688 9082
5443 8214
5463 9730
5092 8857
6431 8168
2980 4407
9319 9650
9654 9867
8564 9802
6067 8229
8591 8886
8852 9062
1768 4695
8912 9472
9937 9970
7211 9695
5672 7994
2882 5026
2730 8807
3570 5980
4853 5103
3048 9204
4560 6004
9714 9820
3397 4355
2916 3792
8152 9559
3313 6048
763 7359
369 6010
8920 9351
4009 7033
4492 8795
5008 7039
6848 7595
2265 4784
4059 6117
3866 3903
3977 6552
5144 5628
1114 7975
9652 9663
9915 9928
3582 7949
8305 9680
8156 8772
3093 9220
5626 7020
3966 7569
5022 5675
7510 9522
8446 8955
2348 4525
2536 6649
1241 5723
2453 9931
1259 2849
8629 8866
9127 9926
7899 9703
3495 8588
7615 8551
8659 8694
1828 7528
4698 4930
7786 8824
4549 4751
6817 9786
6845 8327
3673 9800
9404 9623
5336 7537
5785 9299
8399 9494
1257 7597
3874 7924
6573 8243
5546 7295
7282 8188
9275 9737
8064 8851
407 1117
2664 7637
6671 9560
4536 6947
7566 8963
1663 9164
1969 4085
6326 9048
1463 4765
5992 6967
5095 6751
3708 5536
5214 8089
8071 8664
1159 3367
6030 6519
7586 7928
7423 8012
2300 8728
2648 4335
4233 7371
6091 7110
8462 9902
6537 7663
1692 6267
7494 8928
5734 9118
5886 9619
8705 8933
5870 6830
890 7421
7195 7617
4504 9840
1661 7079
3391 4272
9750 9889
2166 4311
2243 8092
3950 7266
1671 3309
9897 9972
3843 4943
6800 7367
7443 7878
7135 9578
7125 8282
5346 6325
1590 8227
2260 4111
1626 2288
7223 7940
7717 8625
3772 4133
2871 5983
5608 7205
1273 7245
3209 4824
751 2242
6935 8697
3931 4022
3189 7268
1139 4374
1213 4400
8561 9836
6597 8247
3571 4396
4227 7555
7984 9506
3024 3277
8485 9092
1274 6680
3941 4440
9579 9648
4993 9308
504 3965
1166 7128
469 6761
9641 9962
3073 7036
7799 9991
5806 7002
4262 4540
2034 5406
5464 6733
9882 9886
8458 8488
4381 5741
1750 9445
2244 5682
8447 9635
2415 9709
8658 9788
6165 8325
9957 9999
5522 9279
3794 5007
7646 9239
1093 2696
6808 8905
5086 8167
4031 7552
4753 8455
1556 3108
8641 8759
5391 8197
2424 3928
8992 9320
7399 9200
8348 9917
5819 5891
8853 8937
6736 7806
6787 7313
7194 8666
7906 8176
8284 9197
2638 8045
4450 8603
9567 9832
5330 9151
1318 9490
4336 4786
9644 9744
2104 6268
6066 6069
1260 5687
7244 8977
1242 7236
3924 8850
4991 5692
533 554
2439 4575
1949 3372
4419 6312
7912 9022
7931 9792
2903 6232
5223 7620
2074 8248
3695 9571
9007 9603
671 6987
210 6921
9905 9943
7446 9496
5261 9254
7945 8418
3841 6560
3745 7029
6368 7115
3380 7852
9753 9871
6741 9402
6132 6374
7848 8767
2201 5321
7699 8595
5280 9881
7603 8307
7354 9615
2580 9077
5744 6373
4731 8613
4707 8921
1127 8252
597 1233
6509 7622
3860 5506
867 2845
9359 9697
3691 4220
8392 8957
5341 9592
501 8934
2732 3287
2769 5340
1679 5962
7353 8419
3667 9395
1724 7559
900 1110
8054 9808
5198 7126
4502 6661
423 5839
4 8235
6695 8611
5789 6903
9716 9953
1572 3074
4147 5747
6598 8746
3636 8033
4740 5322
3805 8101
7760 9516
3178 9727
7187 7298
1097 1731
920 3003
7546 9722
582 4884
9188 9536
1304 7881
30 157
4944 7902
5378 8594
8895 9859
922 9313
5834 6223
2147 8539
4197 5289
714 2959
2211 6959
8914 9455
4174 6388
2932 5308
7506 8039
5912 7970
647 4361
747 9407
6743 9677
4439 8580
1842 2781
9535 9566
3976 6783
7818 7911
1717 8816
8997 9241
6334 9843
1039 2319
8676 9238
6318 8295
4126 4543
9268 9735
1236 1550
4868 6118
3123 9505
7658 8720
2438 6437
5372 5951
1244 4082
2093 3438
7741 9774
7362 7379
7996 9452
9050 9134
5824 8681
1682 6504
6818 9919
3750 6436
9839 9893
7061 7349
479 1870
5493 6317
2403 4507
4388 5379
436 9996
2990 6014
8466 8730
3121 7571
6898 7147
4246 5799
6364 9904
3458 7527
9003 9205
7557 9946
2441 3069
5725 9484
9044 9705
4418 7888
4488 7337
5298 8727
6284 7004
4471 8467
8618 9361
4094 8423
1931 2760
3840 4842
2736 6131
1629 4836
3308 3804
1409 5780
4958 8982
3237 6840
757 9779
653 7123
4240 9961
6002 7759
506 4191
2318 8281
702 7332
4317 8839
4100 7246
5301 6637
5150 9810
2605 3904
3511 6822
5591 6631
6683 8186
5550 8944
7731 8559
5436 5913
4217 7723
3066 6685
722 5642
8430 8606
5919 6332
5113 5845
9767 9918
4761 6112
9353 9500
5207 7044
5852 8919
1542 4146
2874 4243
3031 4003
2529 4793
9227 9942
9362 9606
1656 8357
4548 7011
1203 2651
7183 8592
135 6954
1764 2872
4694 7055
955 5850
1741 8524
7968 9891
8211 8394
5162 5604
9278 9604
4773 4940
4933 7655
8495 8614
3388 5760
7707 7860
2947 4368
2688 5754
8400 9374
8815 9288
1728 4844
5201 9811
7388 8225
2544 4935
4264 4782
4670 6776
1652 9420
8885 9431
9517 9901
8255 9042
8290 9698
1785 6979
2650 4300
3404 5486
8632 9508
7156 7238
3197 4827
1063 7161
4498 6343
8841 9081
3235 9960
9061 9165
9382 9605
3539 3896
2673 4113
6088 7966
2271 4453
6724 7702
3053 6580
745 4173
658 5837
1994 3254
9265 9475
765 2594
4288 8333
1645 6116
2382 4040
5114 9935
2205 4584
875 9625
77 2336
8468 9910
5210 6161
9098 9271
5411 5636
7289 8421
6379 6764
9447 9468
3541 6503
1080 7535
4205 5432
3648 6644
612 1323
5873 7773
7394 7814
317 6827
2742 7040
129 2574
1434 4161
8557 9710
9884 9930
675 4277
3014 7336
1934 4597
5908 8608
8338 9985
6646 7157
4941 7808
4226 8481
9997 9998
3442 5394
9474 9949
114 1560
2286 5639
2879 9250
1531 3352
2251 8749
3156 3584
6211 8075
6575 6616
1557 9822
1466 8781
112 6805
1596 6732
4464 4860
3990 6451
3716 5797
1455 4156
42 2538
1837 4882
6164 6677
5743 9913
4052 9143
3915 8192
8492 9000
1441 6177
9095 9873
5015 5456
5888 8308
5064 9140
8680 9818
6501 7201
3580 5781
4449 9282
7995 9068
1286 2028
6886 8696
4923 9332
8672 9850
6820 9378
5539 6023
4802 9387
3090 8545
397 8896
6074 9443
4380 8444
4081 5098
7668 9240
5168 8442
7113 7563
5094 6144
2746 5952
6881 7139
2156 3549
3487 8988
3321 3623
5262 5428
8497 9159
6456 8827
880 1066
8930 9958
1408 5979
3355 6628
8384 9483
7203 8582
3393 6896
7791 9715
2060 6786
2722 5242
9069 9449
8401 9693
5978 7979
1249 2520
3959 5643
6703 8085
1600 3818
1929 2790
3249 4685
8967 9733
2158 4260
7142 9097
4881 6475
8390 9864
7144 8082
6408 8648
3131 9207
9501 9983
1168 8108
3202 4522
7943 9049
2169 3762
1914 3837
4790 9992
9853 9857
7068 9310
38 2824
1395 7621
433 7887
3764 8918
8711 9354
8627 8844
4124 6678
949 3688
2207 5974
7 9835
7625 7838
5889 8314
1202 8143
3694 4304
5329 8822
8153 9491
1496 1510
6670 7599
6109 7229
6568 7168
9534 9690
8154 9914
1786 6281
175 3498
891 2280
5895 7339
7548 8747
5594 9360
6932 7734
7387 9415
9692 9704
5260 5683
2448 7868
1292 3312
835 4130
1911 7095
6329 7787
7407 9984
8251 8296
3339 9201
7496 9373
1967 2406
1492 7648
9614 9941
826 2405
2490 7111
5928 9687
6976 7809
6371 7951
3668 5965
4530 8532
919 2844
7163 8096
5490 7444
3418 4845
5984 7837
6666 6933
9364 9977
4441 6803
1148 6287
7322 7345
7777 8322
8180 9838
5600 8526
6349 7549
4007 8800
1986 7641
5724 6015
9326 9770
7406 7409
3423 6543
535 7831
3714 4452
1452 3172
1226 5892
8366 8396
3827 5893
8707 8818
8744 9110
4777 6795
5089 9717
4234 4298
2733 7027
8287 9861
2778 4551
5046 9053
6508 9390
8724 9707
5473 6758
5462 6516
468 1003
578 6632
3610 3864
1220 4225
3405 4331
3124 9854
4465 8416
2485 4461
1564 7427
3190 8517
1729 5902
9103 9133
5268 7307
6737 7488
8246 9116
6462 6684
4228 5062
1186 6815
4443 5629
640 5492
5973 9291
1909 8544
7018 7776
3973 6610
3460 4897
2803 4342
7495 8499
9532 9807
6544 9004
4689 9898
6824 8063
3144 9894
109
5559 2512
8022 828
994 472
303 204
9405 1070
1552 127
2666 911
5416 160
8415 371
2001 1121
7489 7209
5968 1570
726 673
7632 5957
9938 1709
3596 1892
5446 147
1781 49
1284 88
1637 496
3135 1840
1792 272
9223 3260
9628 2847
412 398
7689 1287
1232 269
5073 3330
6873 1155
3944 1859
617 155
5085 3729
5513 1513
5813 2419
5945 1522
3644 595
639 90
1571 628
844 641
7099 760
8389 8364
8531 7471
5231 1644
4120 2301
3065 1798
9728 9430
5541 4791
2941 1972
7392 2568
1000 573
7513 1502
3216 310
557 351
2317 314
4682 2723
6665 26
5108 138
1024 81
1253 1212
776 772
5221 993
3785 347
4004 3713
5049 552
6720 2210
9660 5316
8181 3095
5273 2604
5640 1856
2446 2135
9253 4603
3678 989
208 104
4349 200
907 583
7191 1573
2645 1118
8174 6968
1264 854
2573 409
8951 2797
2247 2010
2810 1733
384 374
9466 6056
6296 4871
201 110
7503 2498
7751 6719
7582 4641
3272 1107
4185 350
9638 5188
9059 1846
7080 355
3496 375
3912 173
5258 2954
8754 3002
767 736
4619 944
1484 727
8014 918
6569 3601
5402 4390
3345 1978
7428 5950
9175 2927
1420 972
