690
1733 4089
2987 9044
5056 5395
135 3137
9576 9920
1741 5552
8010 9769
7452 7589
5512 7591
6966 8691
8070 9697
6079 8225
4916 9128
8853 9738
8808 8997
9455 9694
9406 9899
4483 8653
6573 7667
2140 9756
403 1651
3081 9269
2669 5811
2372 2655
490 5372
4014 8182
262 6601
9715 9768
1767 4387
7003 9593
1737 5707
7721 8433
1116 6811
2425 4207
999 5118
6699 8448
7043 7182
5776 9035
9622 9646
1826 7113
5951 7067
7108 9025
8251 9238
1048 4441
9445 9579
6329 9487
7388 8849
44 9306
4551 8923
3697 3957
1876 6677
1843 3083
3776 6442
8045 8834
8986 9719
3387 4758
8952 9787
177 4069
3181 6974
1324 9598
2247 6836
9895 9979
354 6435
5830 6292
5947 7199
4868 7099
7195 9268
2926 6806
6772 9823
6488 9745
5375 5418
5336 9774
1686 1867
9333 9448
2791 9478
9956 9990
486 4673
5938 6459
5464 6182
5709 7037
4399 6968
6907 7573
708 9706
7679 7963
6541 9568
3789 7258
6759 7543
4640 8327
9490 9703
1000 2334
6934 9446
1635 7485
7370 9903
1273 9816
9383 9781
1760 1900
3947 7950
8669 9654
9159 9584
2242 6545
7687 9641
5537 7945
4659 8708
7821 9830
366 3096
1195 7412
6136 6501
5334 5628
7973 9394
7476 8188
4737 6672
7005 8768
6023 8867
8101 9590
7409 9523
3743 8402
19 8994
619 7000
4800 5039
1453 9760
8954 9125
5304 9569
552 7743
8817 9594
855 2718
3433 4555
3023 7162
7908 9287
2006 8304
7202 8274
7446 7848
54 3209
5681 7621
3746 9475
1821 3480
5397 8987
2452 6313
3396 7095
7920 7949
1280 7530
5069 6018
4887 8974
2196 6013
3660 7304
2004 5377
2857 8352
439 8829
782 2510
5888 9112
4657 9078
4482 5162
300 8364
9943 9962
3297 4156
3222 6406
4454 8177
7026 8933
6766 6867
6626 9349
4547 5580
8201 8788
5880 9451
4978 7779
3542 8421
3887 7637
2458 6038
968 9385
3357 5568
7581 7906
2797 8132
8135 9828
2182 8173
3996 6901
1773 3356
6647 6991
1540 9890
1828 6441
274 2558
7424 9529
9054 9657
4849 5148
6831 8722
4195 8980
5751 6574
8574 8666
550 3062
3136 3624
4971 9315
9014 9653
4373 8428
2688 6474
9583 9673
5536 7890
6826 8533
7712 8209
7450 8957
547 8425
8744 9718
9347 9647
2639 7517
3893 5530
2866 8779
8700 8701
7851 8024
3854 8555
7465 9991
3316 4341
7951 8975
1628 6199
7938 8403
7091 9916
6558 8089
2282 4528
5721 6585
573 3626
4946 9810
8589 9792
6998 8280
2818 5261
9167 9236
3268 5809
9358 9612
6715 6905
4021 7130
7477 9539
9907 9953
742 6709
4377 9114
2399 3120
6837 9914
2403 8914
798 807
3321 7368
5706 7069
5390 5489
48 7048
6503 9924
7296 8637
3110 4355
2778 4509
7662 8858
9755 9841
6281 9547
7274 7860
8707 9931
3028 3394
7317 9396
4594 5014
4557 7542
4778 8525
3986 4566
1813 2731
6249 6495
4280 7287
7245 9742
7643 8390
6693 7021
1536 7793
3720 6069
9671 9950
9332 9815
1970 3371
6778 8435
6403 7298
2961 3876
3606 6756
4232 7224
8718 9689
3489 8911
3508 3704
575 1284
5644 6644
9806 9902
3203 5058
8540 9570
8560 9426
8499 9929
2169 5024
6264 7597
3594 5822
9716 9727
2254 7132
7702 8977
8149 9377
1124 8930
4955 5866
2125 8913
8309 8362
2037 4197
8601 9913
4519 7282
3142 5423
7088 9090
6263 8301
6499 6830
4398 7236
7781 9431
5995 8172
9213 9302
2401 9207
7191 8507
3764 5564
7734 9597
6928 8582
4704 9813
8266 9256
4449 5509
5422 8899
1189 5051
4686 8698
6938 7748
3598 8773
9997 9998
6951 9761
8329 9691
1805 3404
9398 9861
6518 7349
4646 5442
8596 8771
2416 9266
7221 7428
1371 3604
8366 8628
5545 9840
9173 9254
6936 9316
1074 5088
8156 9011
5848 6970
5662 7722
318 3792
2076 6946
8072 9089
9221 9999
7649 8630
1239 5186
3332 8518
6398 8740
3451 6916
6543 8863
525 3757
8000 9262
6026 9253
7473 8946
3021 3188
6220 7892
3667 9009
5341 6385
8504 9780
3601 8792
3005 8958
8217 8796
7072 8882
5216 9887
9623 9811
6041 6265
8705 9510
2445 8273
1247 8416
179 608
6800 7487
5625 6723
1328 4647
9366 9893
820 6525
6841 9839
4408 8626
6207 9225
6157 6468
2010 6783
7327 7953
1730 3809
5837 8512
7454 7514
8498 8943
629 5768
6333 8581
6820 9477
8706 9728
2784 8113
1862 2415
2240 7747
8806 9546
4332 7567
6886 7024
2811 9525
2152 4889
568 4458
8454 9321
4007 9550
1707 7239
4053 7027
6828 8992
703 5949
691 6137
5814 6703
863 4204
8438 9918
1758 4563
8749 8751
2882 3910
6849 7242
2345 7934
518 5895
7507 8234
3804 7631
7641 9400
5945 7025
5833 7249
1927 6307
6280 8717
4356 6883
7464 7788
6190 6643
5672 6738
3360 8321
2849 4389
6949 8629
3018 4433
9136 9832
4350 7701
3856 5598
9271 9639
5723 8774
7693 8950
3346 8760
3890 9257
677 4378
6606 8657
4738 6540
1755 4598
4283 5953
3760 7974
5166 9108
5081 9294
5879 7657
3432 9798
8970 9348
260 1160
791 4907
4681 9133
4240 7316
9676 9957
9088 9166
5295 7045
4214 9206
9127 9930
8137 9273
4787 6334
977 6952
5153 8756
2694 9122
6287 7915
5369 7059
6011 7500
2193 9182
6751 8414
1362 5430
4201 9464
5638 7484
8996 9039
4565 4605
109 1668
3345 6589
3998 6321
2238 8683
4349 6138
6784 7774
3349 4540
6788 8265
5596 7612
5007 7376
1756 7197
6810 8357
920 5436
6896 8027
421 5159
937 7922
2170 2387
3450 8832
4612 8147
806 3992
521 3822
8080 9188
3311 4343
5670 7496
6294 9664
1244 2568
2858 2865
1235 9414
6330 7980
7332 8190
994 2989
8406 8811
8721 9263
6476 8252
3759 8947
6149 6721
2833 9432
1126 6850
613 9379
8066 8111
4531 5507
2526 3004
2205 3347
2297 9074
3896 7625
6222 6247
5161 8967
9144 9675
6514 9382
9881 9994
4167 9314
6749 8998
3795 9359
5636 8427
7112 9522
1562 3041
5595 7855
7942 8351
6971 8515
7732 9637
3952 5026
4624 9519
6763 9672
1902 5894
6983 9105
3415 9682
984 2770
7474 8039
5466 7640
5524 7602
4527 5629
9401 9580
7921 9277
1128 6493
792 1550
5699 6614
2789 2884
7546 8964
2263 5322
8298 8617
1359 3885
6464 6469
8426 8726
8839 9139
7232 8600
8645 9284
5234 6824
3714 4372
2662 7590
3758 5213
1513 6544
6356 8434
739 7503
1149 3384
2951 8685
1564 8912
1588 9714
9763 9964
6414 7215
4324 6290
9376 9824
1643 5742
1494 1830
257 3970
9249 9395
3328 6586
1825 4101
905 4057
3969 5974
5659 8793
2127 3675
7584 8723
9417 9783
5760 8481
6875 7614
4219 9748
9152 9212
6980 7066
1023 6753
8283 9393
4817 9026
4767 5864
6808 9791
6309 9101
1681 3327
1595 6797
3814 8224
307 4279
6511 8823
9662 9736
160 8343
6962 8725
495 5887
7652 8478
8376 9949
2760 4632
3548 8622
3094 7558
404 7627
2488 3338
1255 7291
4239 7226
7772 8799
1965 5283
175 7903
7297 9187
5128 9335
6945 7303
7405 8641
1118 5826
5181 9180
8798 9137
5761 8822
5804 7207
7854 8083
2321 5145
2852 4579
6202 7554
8318 8383
6816 7353
8449 8758
2294 8124
6973 8714
2599 9891
3570 8021
963 5539
9402 9978
8988 9301
2189 8797
8355 9095
2547 5107
7740 9183
2534 9910
559 6418
9370 9422
304 2227
9655 9833
6156 8138
1071 2421
5779 5915
2346 5066
7814 7823
3082 9328
1732 4393
6191 9845
325 3390
8678 8724
5358 7805
4735 7205
2071 4134
3169 8497
9299 9407
3472 8150
7524 9545
2479 7565
4357 7635
5005 7863
232 519
7924 8210
8728 9681
6906 9619
9032 9465
6686 7313
853 5992
9489 9552
8168 9820
2984 5611
9872 9925
1817 8884
6258 7361
6460 8614
3994 7058
4066 6592
3906 5665
1618 4572
9002 9514
5492 7836
7572 9005
71 3820
1473 5749
624 8269
8028 8659
3530 7423
7837 9053
7568 7620
6793 9274
958 7110
163
8644 8624
2521 2077
1026 258
893 597
8716 1089
5463 2903
167 128
759 163
1246 594
3526 2397
9470 8382
5338 118
3807 513
238 87
7539 2489
6781 6718
6163 4281
1340 15
8061 1365
8009 4997
7137 126
3088 433
468 122
89 85
1584 59
6915 4129
1036 474
7520 2058
9410 7314
2259 1713
1049 323
4141 2068
2099 1084
2798 151
6676 4567
7384 6462
6278 2272
6447 2596
5647 1361
583 401
1481 762
3419 1654
6059 667
8904 1544
1532 1100
1601 223
2359 2175
4261 542
8925 6453
6040 5932
4888 3125
3098 3085
1277 479
3640 1914
6285 4720
9141 4042
5987 253
2856 2848
2780 876
7418 5941
1723 290
380 189
2664 1855
4669 839
3872 818
69 65
3224 2157
2018 74
1827 56
7029 5910
2819 2229
8155 7235
38 14
8361 7603
2177 1139
9620 1558
5632 2215
9493 2252
7578 6312
8620 5923
5368 3703
7212 4270
734 470
6288 2042
5861 3739
6339 4306
5588 4580
198 43
9195 4268
9564 7868
5586 4847
7293 4815
6823 2379
5942 696
766 268
2407 591
1327 308
838 185
4443 378
8393 86
1563 1138
6188 4116
6610 6351
2008 922
3382 2
8955 2144
6375 5318
8108 3656
7102 3771
1545 656
7773 3260
2151 1999
4073 543
3561 781
4522 2949
5627 1154
6470 1348
3239 3158
2021 941
2318 1472
724 131
7217 2725
429 121
1447 90
164 23
8704 1194
7745 2057
3702 638
9848 4687
9340 8584
7826 5270
8850 1430
5988 2587
2660 2118
6391 755
9965 2672
6725 1788
7727 5173
7989 1050
8236 5802
7940 3344
8341 7413
3674 1487
4746 3936
8606 3418
4794 259
2665 319
5293 4503
1040 361
320 117
9577 2339
2693 1657
8052 5055
4919 3436
7827 2319
2863 1287
1369 634
3670 911
8430 352
7299 2970
1439 1175
443 156
8821 7009
