305
6566 9097
6139 9186
344 9062
7645 7789
765 3670
5718 9268
2133 9064
3793 7516
5922 6876
1244 1983
2971 3719
4902 9835
4148 7609
4150 4571
6588 9194
9370 9805
1644 6070
5361 5698
48 124
1423 7389
8640 9146
7467 7544
5497 7145
9875 9961
9756 9969
7569 9085
9016 9507
8973 9091
855 4105
5119 9357
8672 8835
4218 6364
524 5953
3116 9262
3360 3486
2543 9369
9596 9667
8460 9902
9602 9660
9849 9935
7743 8552
3199 8708
4162 6225
9524 9998
43 4761
7729 9830
4212 4810
4059 8036
2554 3026
5192 8185
7797 8689
5137 8828
8451 9440
7879 9826
7457 7995
9253 9434
2991 3727
9051 9177
1378 3323
6974 7593
806 4476
6870 9615
9964 9995
1060 8368
6154 9265
5549 8781
1248 9037
2156 8473
8536 9448
2639 7025
3785 9240
8804 9941
148 9479
1774 9488
1668 7204
8211 9250
2752 4215
65 3794
4627 9816
1901 7929
1267 2710
6182 6591
6898 8916
7411 8139
535 4943
5890 9056
1585 7714
4426 6994
2101 7451
249 5036
496 2996
7980 8792
3201 5792
9048 9366
7103 8177
996 7913
3101 4564
4956 8089
2499 4702
4582 7368
2637 5655
6372 6655
8844 9900
9905 9926
9041 9761
6325 9409
435 5344
7510 7581
3855 7820
5420 5519
3376 4451
1240 5125
4510 6983
7409 8297
6314 6752
3753 8613
9484 9773
3679 6551
6706 8133
3159 3824
3398 9425
903 1303
5682 6740
571 5435
3056 5395
2124 2879
8088 8326
5710 5732
5804 9281
9719 9889
1172 8811
5281 7020
8463 9175
8826 9477
4144 5525
3456 6897
2255 8789
8482 9111
4687 9258
7434 8695
6365 7575
4146 8922
4191 8597
8485 9988
7784 8406
6919 7319
6079 8143
4711 9312
8266 8448
729 1795
52 4714
5471 5934
9711 9984
6111 6810
1845 8006
5964 8024
7707 8727
9650 9891
4009 6913
3985 9104
8686 9586
9143 9412
1259 1855
5312 6395
670 6502
4674 5950
1435 8579
6490 8215
5969 9135
3750 4282
3804 8254
9558 9843
767 6887
7303 7668
5274 9216
2780 6602
4570 6049
8982 9049
8000 8960
8366 8530
2338 2816
5167 6001
7100 7842
3590 8077
7653 7899
4298 5518
7238 8589
3161 8154
4636 7619
8710 9444
8870 9685
3598 3608
9171 9300
5399 6360
940 1335
2290 9371
1144 8915
3778 4319
5865 8229
8337 9057
5291 9005
2869 7611
4336 6920
7894 8058
4109 4157
2905 5535
8735 9376
8270 9165
4013 6555
7974 8508
3982 6474
9249 9446
4066 8333
6162 9032
7843 8843
4559 6558
2231 4719
3156 4905
4057 5215
8205 9283
9619 9821
7394 8186
9205 9674
5696 6123
7045 9070
3909 4669
6211 7344
2756 4058
3249 5138
9003 9152
6982 9128
6340 8588
8762 9604
5520 9098
1581 7881
8284 8696
4942 9888
2711 5428
5770 7246
8584 9020
1732 6505
950 5422
7240 7330
6441 7239
2818 6092
3036 5099
6562 9859
5066 8307
9036 9392
6215 7925
4037 8605
1989 9213
495 7383
1326 6726
8642 8849
4579 5972
6809 7867
1509 6263
2232 3757
189 3892
1910 5267
4447 9546
7046 9206
1431 3434
4807 5077
9519 9745
61 222
2033 4045
8928 9594
6512 9191
9318 9427
1433 8505
4008 9822
2656 5285
9486 9673
412 608
6889 9910
5532 6995
5282 5683
5065 9275
6833 8282
3233 5206
7640 8709
2850 7156
3915 7266
8500 8760
3014 7982
2680 8125
2914 4091
4501 8953
4027 4256
5423 6170
4972 6423
5604 6937
8791 9837
304 3567
993 6827
1675 3337
7549 9513
9893 9922
5264 7512
7231 9886
7908 8013
66 915
3346 4277
255
9390 5262
1481 1142
8213 2988
1016 331
8673 1225
6209 3310
6901 3057
5415 1908
9067 6267
7042 2765
8802 3229
9322 2209
4809 4389
3948 833
7642 5814
1474 559
8674 7846
8387 4800
6590 136
9949 8969
878 363
49 47
7205 5977
2977 1783
9285 814
6626 356
9508 2588
1315 481
1342 858
5249 3642
9827 2843
4856 3048
8467 5755
1432 1350
8872 8292
1180 384
2574 1186
4628 723
7893 2193
6865 1017
3906 531
9116 440
4673 1610
7903 4980
50 19
5855 4254
3992 904
3979 3726
9774 8681
7450 5047
4123 104
9489 1877
5136 2153
2293 804
7462 2651
4060 916
6254 700
8607 3857
1535 1446
4175 1619
8145 2295
7950 5343
648 463
4206 3673
3613 2826
9564 4998
530 510
8319 5424
4693 3953
9010 2920
5887 1035
3419 2753
3611 1105
1103 286
1223 36
9798 9197
4163 3319
9008 3694
3149 3106
2109 1773
6684 2050
9741 8172
1819 1809
4452 3541
7778 7126
4001 3729
2600 294
4715 152
8146 1561
9437 2649
606 68
8193 73
9796 8570
8216 7232
3805 2799
460 230
6375 4536
6236 5574
6686 3152
2986 1959
9306 8519
8087 4772
157 15
4616 1508
8228 455
2245 1339
5050 1837
5468 1149
9316 864
5699 2567
9936 1825
8447 485
6639 854
4415 243
8629 971
1889 673
7994 4997
9533 6402
5475 2727
3627 3223
8031 6100
7486 3575
9387 4107
8824 991
9751 3565
1954 1656
1077 638
5782 3480
9025 1718
5160 4405
7227 6508
1523 76
1952 1057
8515 7726
5722 3422
4991 2541
9188 5347
3097 2360
8729 5928
8813 8103
2105 1229
3777 1376
5439 2241
4789 3055
3631 1838
5679 2283
4028 3883
3828 2854
5851 3076
5558 2253
6232 4232
1832 21
6077 4412
3667 130
9947 8096
7308 3606
3970 1570
7420 4538
1594 614
3479 1458
7099 242
1437 1148
320 153
7063 1427
1697 45
8084 5947
3206 2997
5650 2138
1866 1528
562 193
7870 4374
6320 3847
1580 29
3415 548
8011 6220
3630 1967
6734 6629
4055 930
60 37
5074 4873
6172 2990
4495 1615
5901 216
5892 1104
8550 2437
2871 406
2300 787
8489 4011
7221 3239
5089 2228
9303 3125
8693 2467
7337 1514
7378 1982
5397 1816
7687 3358
4482 3396
8045 2028
7873 2380
2785 1052
2455 1479
5188 143
3485 3228
5564 876
6266 1393
9058 4859
7387 7
542 361
3292 2163
7770 4061
3138 170
3373 2200
4812 2687
181 82
6544 6241
1028 340
7392 5386
3387 1725
8871 195
2922 1385
8071 2157
2928 1197
5756 1721
843 534
1734 81
470 26
5757 1935
5164 2724
7620 7505
1574 914
8291 4135
4661 297
8817 6636
77 11
8610 3990
1534 963
4065 1352
6772 1325
2699 2593
8753 8457
4799 3258
8940 368
2424 2051
2714 1099
7571 4121
1089 177
9307 2304
1833 609
6703 3619
6526 1399
8138 5358
7689 2399
6147 4040
5117 1444
17 1
