334
5112 9783
9226 9944
4628 6088
4048 4886
4755 9468
2672 4489
3096 5005
4294 7276
1624 6209
9851 9954
4409 9414
9451 9464
5673 6817
9517 9578
4446 8364
8015 8988
3325 8027
2121 6119
21 8325
7061 8452
1751 3708
2251 6994
9990 9999
5945 7246
8192 8429
3702 8726
7254 7564
2366 7956
1717 3196
5138 8946
7222 8790
2905 6702
5762 6354
2252 3932
1943 9566
1647 6529
4649 8694
8711 9776
8812 9021
8831 9984
9926 9940
8310 9504
6138 8295
5496 8282
9991 9996
2960 9529
2614 5943
3321 9764
317 916
4970 5223
327 8169
3175 5134
3122 6986
7843 8267
1182 7804
1327 1406
5222 8690
6041 7179
6094 6438
1077 7623
1581 7480
6720 6908
8734 9250
9310 9795
384 6599
7545 7757
7408 8317
2223 9604
1972 5651
7643 8215
5882 6933
352 2204
2540 9594
3336 7151
1162 4499
3788 8454
7807 8545
3081 3638
5213 9496
2412 5817
8704 8845
7378 9201
6317 8234
8346 9190
2406 4979
2953 9375
3646 8680
9444 9860
1337 4557
284 8893
9070 9455
6665 7529
648 2004
3709 6997
5692 7180
4793 8915
9510 9959
6101 9602
5853 9265
6639 8818
4079 6886
9245 9359
1845 2173
9494 9885
3918 9592
8641 9618
584 793
3427 3988
5846 9229
2516 7177
8709 8859
2506 8470
3979 9181
1648 6222
6932 7021
4346 6628
4923 8361
35 6120
9037 9056
2216 5998
6409 6637
4904 5597
843 1043
1154 5089
8133 9717
7478 9092
6420 8121
5542 8620
7944 9150
6848 9243
9526 9613
8377 8425
5599 9966
6488 9029
9938 9989
4605 7884
4414 4465
1167 8612
1367 6751
1384 5253
1633 4801
4728 6742
573 7393
4783 9242
5366 6485
281 6581
993 7105
2878 7154
2961 9903
9702 9845
8987 9055
7087 9716
9541 9680
5419 6901
3313 3718
853 4200
2109 7684
9078 9145
5821 7140
5628 5768
1095 8691
9005 9930
1303 2168
8643 9251
6456 7127
5527 8399
1387 9143
6482 9553
3705 4196
3305 6631
4765 8622
1594 5430
1684 5000
8183 8248
8749 9193
5825 6591
2114 5912
9972 9980
5077 8264
2948 5784
2817 3342
5576 7755
1363 4808
4091 5676
6470 9981
3319 8407
1667 5645
9853 9875
7698 8500
105 5387
7947 8886
9804 9951
856 6200
1618 5479
8000 9219
5243 7665
3886 6674
7143 9523
5504 6854
8796 9673
596 8296
5861 6011
7078 7900
7711 7919
3249 5632
8678 8806
5618 8052
5150 8002
7839 9642
5747 9343
4084 5764
6963 8913
2844 8828
872 5927
6945 8131
3429 4163
7382 9970
7106 7197
5663 8718
1155 3542
4024 7538
7939 9657
6534 7833
5977 7897
4913 7990
4994 7849
195 7316
9577 9753
563 7337
4670 8603
8683 8708
2527 4360
7262 7539
6830 8766
7456 9479
8148 9213
2389 7281
6976 8724
9917 9931
1427 3696
4418 5375
5915 9801
5611 8992
3957 4554
7357 8352
8887 9528
8968 9900
1781 9619
7360 9284
5390 6603
7447 8671
5592 7097
4589 4909
572 9169
8477 8851
1905 7978
676 5334
7867 8530
5809 7775
7509 9130
5928 6247
2232 7210
7851 8876
3657 9017
8174 8553
1785 4737
897 7714
9207 9950
1256 4158
4671 5963
9090 9826
1019 6045
8338 9214
3230 9025
3749 6025
8493 9402
5339 8660
5799 8618
5512 8441
8096 9627
8301 9077
9912 9982
7842 9502
6812 9874
2238 3497
1171 8386
7721 8036
461 722
9848 9987
6055 7993
1719 9241
2538 5481
8747 9799
5640 6113
1703 6783
5200 5280
847 1951
7814 8464
2348 7720
9921 9922
6496 6585
6474 7633
7187 7754
3124 6841
3832 9357
1756 3392
2101 7417
2482 2973
3524 4566
8270 9084
6476 7185
685 2813
5117 8492
7174 8022
4173 6269
6814 7380
2988 4889
3279 8856
3065 3338
9342 9511
3672 9294
3252 5482
8408 9136
402 4032
2302 2477
3057 5724
6028 9725
1922 4438
3138 4878
8142 8847
6208 8203
7321 8075
173 6323
4472 7294
10
7444 4199
903 535
6100 1187
5056 2851
1782 292
8160 5015
3764 3290
4610 4343
6493 5338
7858 7108
