387
4038 4488
8149 9027
9385 9579
1990 8417
4169 6550
2567 9800
6656 9239
7637 7756
2155 9849
4046 9363
9063 9979
1682 6643
3525 5199
7636 8681
3070 4573
7781 8726
8998 9273
3315 9973
9210 9343
2212 2747
6363 8016
8776 9563
4937 7512
3939 9317
4518 6265
729 4432
6032 8831
6846 8903
4694 8815
983 5872
9094 9510
2213 5985
159 5268
5292 9558
399 3134
8666 9457
2938 7630
4032 5653
337 7249
5386 8000
8684 9870
8003 9574
2126 6653
1736 5818
563 8787
538 2429
5014 6470
6966 7342
4181 5685
9537 9603
3563 9490
7888 8560
4458 8121
3293 8022
4696 7307
9745 9820
9492 9634
7265 9923
3604 5698
5344 8330
9205 9482
7842 7969
7912 7931
9902 9919
9706 9972
3444 8017
1434 5756
6018 7044
7407 9560
5944 8895
2891 5484
3284 5251
5462 8639
6130 7134
5670 9969
830 6289
1302 9908
856 1285
6131 8894
6486 9508
2960 8698
5196 5711
4192 8018
3481 9248
3197 3911
85 3874
9140 9962
4480 7732
518 5681
5676 7124
1815 5238
5096 6238
8508 9311
4013 8841
2194 2340
7245 7617
2451 7343
4819 7760
3855 9549
1577 2686
3949 9861
906 8206
9546 9974
5505 8340
5617 5776
8790 9065
715 3775
8678 9261
3360 7964
9599 9988
6987 9619
9691 9941
2455 3650
5490 9159
7301 7543
2330 6388
4626 7259
2367 6336
6581 7923
6765 9163
8130 9049
550 5278
9286 9473
6962 9542
5185 5832
6671 6778
8173 8581
3424 6637
3398 3647
1666 5410
594 3000
7505 9500
3599 3858
7225 9768
3873 7646
8535 9400
8770 9629
774 5817
3321 7211
4836 8358
5876 6286
875 8732
988 2858
5712 7651
5287 9585
8427 9783
4785 7459
2604 8936
750 6274
7281 8236
5935 8987
828 5179
3624 4362
1025 1570
743 1120
4292 5786
4896 8346
5743 8784
2524 3473
7960 9967
6795 8995
4014 7563
349 1479
9959 9989
5571 6732
7962 8004
7532 9790
4770 9493
5305 6357
6325 7440
9333 9784
8247 8943
7119 8949
3692 6072
370 5835
4295 7136
443 7019
7874 9844
841 5098
8019 8402
7614 9975
9345 9687
6712 9351
7199 9928
3808 4369
6355 8583
4887 7891
5489 7567
3104 8180
8167 8602
1082 6152
8680 9294
2495 8414
8344 9452
1297 2597
9735 9805
3698 8847
7309 8416
8970 9592
1733 6924
1377 4574
9292 9617
1329 6250
6941 8310
5118 6816
6462 9865
9349 9412
1472 7132
2403 3067
20 3987
9176 9684
3937 8708
302 8020
1163 8488
6428 9451
862 3913
9133 9249
1461 3814
7546 9913
3094 9994
6881 6958
5594 7599
9956 9980
410 2337
7675 7897
600 1837
4260 8802
9197 9661
3166 8318
619 9719
2010 2036
3366 3713
3130 7862
7478 8351
1688 7613
4576 8240
1107 3222
3522 4597
3973 4714
3782 5959
9031 9055
5172 8774
5353 5622
9164 9483
1792 2642
5265 5355
2827 7764
8661 9910
7974 9900
5910 8281
7057 9925
6906 7005
6516 7452
2543 3948
5176 7437
78 2137
8585 9271
5066 8235
9522 9597
50 7414
5906 8587
8700 8859
2551 3408
7187 8023
1323 9382
1353 7864
3330 5608
2073 5418
4358 9896
6329 8589
4620 9689
6455 7932
2106 8566
4239 5593
2199 6967
7405 9852
1121 5190
6859 9545
2295 5349
8261 8304
5485 8272
7182 7946
9257 9397
2547 8072
5231 5340
8559 9640
627 7939
8047 9872
5810 6241
3202 8613
3533 9736
2626 8897
1697 7899
6621 7152
7354 7475
3582 8914
2557 8715
5031 9002
4371 7305
4915 8283
2176 7318
5771 7257
9717 9798
8214 9778
6035 9614
2123 4140
8461 9467
7648 8908
4208 8492
662 1373
6059 6875
6075 8251
3715 8500
3889 8516
2843 4866
1026 9855
4927 6749
2392 7264
4778 4789
6951 9006
1278 7745
5134 9342
8576 8984
2503 3034
567 6889
8653 9139
9438 9651
2055 4167
575 4946
8117 8606
2555 6334
7920 8734
3059 3256
2435 3392
9284 9669
7645 9503
2045 2929
1846 6625
446 7799
5249 8390
6788 7681
6858 9485
3158 5443
8159 8252
4780 6260
8061 9219
5727 7093
7682 7954
8981 9331
5753 7647
2896 4828
8386 9615
2133 4580
9713 9833
4134 5650
1939 3614
4448 5553
562 4194
7706 8759
579 8334
1180 2749
1743 3619
4470 6471
7914 9701
8202 9359
9320 9380
6843 8407
1345 8509
2259 8791
3802 6107
9858 9931
4388 4800
1135 7356
6835 7777
4126 9526
2771 6383
8034 8810
5520 5802
435 2775
3089 8547
1325 4048
6649 8064
9274 9676
9426 9702
1303 3549
948 4671
3687 9156
7
542 284
1024 723
6589 230
8360 6577
4023 2507
1847 1149
7360 5657
