824
5239 6481
5753 9746
4882 5593
5037 8364
237 2510
9997 9999
2253 3715
3493 6477
1650 7166
1446 9381
4496 5166
1863 7148
8205 9921
6190 7181
9830 9954
7623 9501
7919 8555
6956 7844
8373 9916
3419 8992
5272 6186
5784 9850
4132 7435
2817 8947
3609 6014
741 8792
9755 9991
2385 6080
6494 8996
8075 8207
6696 9924
4845 7757
582 3953
9484 9907
7553 9665
461 9196
9367 9545
1098 6519
9355 9452
8412 9233
1575 3856
373 6870
7799 8775
8472 8652
9107 9903
8628 9365
8193 9779
9640 9821
8487 9278
4682 8675
8751 8757
546 7557
260 2679
452 3616
4605 6692
6808 6978
2164 3586
8772 9952
187 6602
6510 8069
1771 6405
9491 9621
4173 7179
2587 2683
4094 4630
3173 9457
737 4718
7866 9474
7264 9650
6651 8326
8991 9152
2003 3420
676 6168
9394 9514
7999 8894
9081 9683
115 9066
5354 9939
9121 9726
2596 9138
7200 8188
1990 6244
550 4170
3185 4263
232 4653
674 8547
9736 9881
4 5388
3875 5812
606 2327
2413 8699
4752 5334
1924 6705
4342 8194
7916 9280
1221 3347
1718 2430
8415 9583
2483 9914
6320 8912
7640 8380
7722 8409
1218 6339
8732 9513
8646 8778
2651 6761
3726 4461
7361 7609
2875 5700
2778 5144
6097 6575
1721 1729
2948 4379
7456 8115
879 9486
8507 9376
5018 5617
2013 3048
5427 9303
5971 6391
2000 4000
7036 8056
7779 8096
7486 9570
6133 8254
7431 9304
2265 8664
3000 5259
5008 7471
5771 7907
3211 6499
5961 9541
4155 5457
3404 5113
278 8769
2291 2294
792 1388
3816 4896
8994 9360
9354 9475
6412 7157
2345 9046
5148 6266
967 5296
2997 8486
6537 7281
1753 7582
2985 7329
3411 8123
74 1568
8019 8354
5598 9014
8139 9530
4786 9481
8025 8250
3878 7482
6381 7336
2546 9789
4762 9069
7851 8261
1765 4787
1736 6359
636 8040
976 8804
1694 9627
7389 8262
459 9361
409 478
2821 7803
4744 9177
6039 9199
8537 9319
3981 5096
1962 3379
5033 5175
3755 3904
3081 3833
4927 5184
2734 6890
55 8245
9959 9978
923 6690
1810 2712
6291 8202
3136 6048
149 8439
9362 9836
500 4032
4823 6101
623 5224
196 2922
6367 9453
230 517
2838 8167
7029 8113
7227 7634
8890 9579
9322 9898
6918 7896
6077 6088
1418 4029
2889 6702
2637 7420
8688 9780
1306 9506
7758 9589
4641 8232
5009 5321
6314 8428
7996 8583
1589 9180
3403 8938
2250 3821
5139 6924
7558 9744
9505 9926
6743 8086
6011 8717
6163 6635
7472 8141
5521 7656
6884 9115
3366 4955
9524 9629
2621 6617
227 6471
1087 6848
1873 5295
9091 9774
1817 9700
2479 5906
7193 7861
7932 9183
6646 9246
3106 5258
8375 8998
4365 8600
1851 8429
7436 8414
4393 6018
4336 6120
1350 8496
6860 9812
1001 2835
1425 9380
4509 9710
5789 9126
3645 9972
56 2474
3772 5091
3341 8029
6311 8527
6369 6982
5864 8142
9392 9733
1670 5500
5454 7729
4003 6433
6795 9731
2317 7965
9620 9771
1720 5497
2174 5168
8322 9238
9347 9578
3591 6843
5121 8956
9740 9807
8493 9622
9748 9847
3797 9383
2727 8093
7211 7590
5842 9802
9652 9901
9350 9808
7041 7658
285 8037
9313 9819
4469 8546
435 8408
5575 9795
4545 7815
5898 8242
3537 6943
9894 9937
9063 9567
995 5763
6862 7823
3952 4074
6623 8278
730 6444
6488 8431
7934 8788
4371 9522
7763 8741
1152 4086
3013 3274
8639 9679
723 4651
2423 9021
8117 9341
4957 7893
3281 3922
2244 8302
6608 8164
5424 8073
6736 7509
1698 8190
9875 9985
8606 8847
1145 1816
5728 7802
8791 9663
8228 9129
5103 6839
4942 5107
9936 9990
7973 9173
1755 6352
2843 8196
6486 9478
4214 5854
7007 9333
1141 6322
9314 9739
7922 7942
7703 9687
6024 8159
208 882
6336 7850
9575 9870
8341 8504
5022 6239
5749 7769
6176 9557
1905 7650
744 9520
2862 7330
6299 7530
468 1554
135 2943
4182 9668
3979 9001
5233 9884
7434 8303
2898 7324
3015 4200
2049 8383
7386 8612
9691 9895
8218 9523
9433 9651
2144 7941
5807 7854
4337 9068
2276 4733
9925 9975
170 1795
7290 9824
4249 8149
3628 9216
7523 8876
9498 9754
4244 6491
5135 9995
3022 5866
876 2842
6142 9597
6041 6070
5573 8609
8307 9592
4988 8963
2351 8274
638 9865
6780 9689
5740 5940
114 2414
9918 9922
6552 6576
4323 8813
5524 6940
1608 8403
4252 6868
1794 2895
6605 7800
7417 7755
2313 6193
1643 3075
3942 7090
4743 9019
5548 8877
9170 9641
9218 9928
7764 7969
1916 3812
1398 4112
8514 9038
5007 6155
4261 7952
4543 8480
4118 7734
1677 9257
2048 4106
3031 5142
8154 8489
1405 1898
1745 1940
9271 9638
4813 6650
182 6655
8728 9296
5105 6664
4150 9485
6857 9800
6268 9822
1437 3890
6264 7591
6222 9558
3534 6813
5375 6831
3523 6647
9088 9832
4601 7878
2878 6263
5583 6110
6179 6564
845 7053
1775 2245
9596 9718
6124 8680
2813 7606
3674 3877
4789 7714
7304 9012
6678 9141
6288 7350
7107 9772
5765 7422
4974 7101
140 2642
7384 8511
421 9269
5100 6064
8557 9672
8319 8800
6738 7939
3940 5711
4034 4270
277 6545
2453 4225
2406 3889
9300 9835
117 8109
5104 6923
9287 9664
9093 9094
7821 9655
8790 9753
4921 7450
2401 5837
2917 4233
8859 9018
6271 6840
2229 3236
9818 9930
7078 9931
6100 6855
8102 8379
6875 7162
1993 7756
6467 7868
5482 6198
5152 6712
5588 8363
133 3847
9113 9134
4131 6500
5584 9508
4549 9871
8560 9267
9713 9845
4987 7572
6514 9054
5249 8611
7244 7629
4791 8370
7968 9416
5284 9309
6800 9510
3309 7047
938 2341
3482 7331
2890 3959
3968 6632
6323 8997
529 9528
5831 9422
8810 9804
2952 5950
3514 4066
5073 7717
9626 9796
6235 7662
9193 9785
7085 9139
5031 6507
7274 9148
7049 7272
40 412
3052 9406
2507 8362
2553 6342
8872 9946
2903 3863
1096 7187
2356 4057
2695 8540
4301 5536
5386 5558
7678 8715
5198 9656
2311 6164
1684 6665
314 1973
6407 6652
8105 8736
5318 6453
3282 4804
8492 9675
7493 9823
7897 9234
4970 9940
4184 6279
6035 6720
1579 1963
4528 6869
1065 9435
293 6270
8131 9185
2591 6550
4396 8619
1438 3230
2328 8334
1352 8227
7615 8592
8150 9987
4592 9636
2234 6260
7645 9408
2378 6203
9315 9493
6612 8258
5576 9648
837 4025
3456 3679
693 1965
7341 7383
2876 9182
4494 6056
898 968
3333 7947
5017 7011
3100 3288
5433 8499
5219 9398
2647 8679
8032 8978
5125 5957
8365 8660
2648 8423
2005 5525
3903 6151
9521 9943
6042 9690
2355 5920
5072 7994
5785 8754
3363 3495
6898 7924
3068 7262
4082 5431
1959 8934
5688 9010
4290 8022
7702 9222
4740 9293
7474 7833
6786 7147
1858 8762
651 4014
8774 9639
9634 9661
1126 7241
9906 9960
2962 8723
1265 5160
5853 7830
4707 7412
9647 9756
5639 7654
736 6129
129 5755
6355 6474
6046 9178
334 1835
3365 5251
5362 9662
7943 9725
476 8973
3394 8594
1660 2649
8437 9608
8376 8676
7186 7795
6192 7693
2392 6532
9353 9908
5316 9252
2677 7379
1801 4084
7008 9920
1996 6581
2654 3814
3737 5935
4643 5590
7167 8835
1748 9896
4833 9747
8874 9609
8750 8981
395 7860
7503 8892
5423 5489
6241 6710
4320 4825
9047 9273
5616 7432
5882 8381
419 9714
8125 8931
4844 7989
6952 7136
3528 7988
4726 7466
4684 9958
9874 9932
2010 5399
2506 4272
4291 5636
4256 7188
7065 7185
4745 9542
7933 8239
436 1534
3328 8223
1869 2801
4075 9016
3464 7364
8587 9262
6159 9359
2643 4224
3451 5310
8773 9529
7487 7491
5677 7524
3931 7877
2103 9910
5356 5607
6430 7151
5210 7991
8517 8962
9777 9949
6005 8940
6526 9595
7106 8929
1015 6338
5713 6108
7269 8901
5138 6436
2100 3845
5153 5165
928 6927
4289 8777
3741 8377
472 8828
2334 2756
547 3740
2994 8561
9888 9992
261 1008
4920 7883
3563 6418
2689 9097
7841 8083
1377 4531
7370 8427
3082 7549
2548 9890
8840 9982
6640 9036
3579 8659
7853 8066
5783 8841
5319 7646
34 5353
7037 9606
8372 9116
9391 9556
6568 8419
6694 8663
2610 4756
9797 9827
8760 8809
5102 7105
6689 7012
3916 5197
372 4422
2476 6979
6770 8187
4834 8127
2740 6536
8734 8896
1747 8318
146 2264
8817 9569
3228 6357
323 2930
1254 9533
8470 8502
7596 9411
2690 8681
4386 6994
3354 4628
4405 4649
7343 8814
5203 5485
3655 7911
1656 9929
7394 7809
6742 9101
8918 9979
3717 6626
1802 7522
380 9864
5473 6047
4479 6431
8413 8779
7872 8107
3490 9389
3356 5317
5893 7293
9806 9973
7339 8292
1431 1953
6019 8222
2694 5218
4983 7424
1840 9891
4273 4984
1846 7413
6277 8273
6408 6937
7392 9064
23 1236
4667 7899
4832 9379
7213 8724
746 5667
548 9716
5862 8397
1843 3733
8645 8711
1399 8564
2226 4015
7033 7778
7892 8782
5087 6095
3319 3830
2758 6353
8063 8954
5693 7834
6592 8286
1812 3310
4670 5743
9842 9879
6984 7695
8104 8550
7426 7794
5428 7888
4892 9060
1296 3787
1158 8016
4088 7390
1712 3436
2777 4588
6050 8849
8625 8826
5058 8015
488 3152
4629 6344
2551 2735
2936 6506
7592 9966
1923 2718
5474 9299
6454 9005
3808 5696
7285 7762
5455 5887
2787 9598
289 8160
8674 9053
3775 4910
4655 7271
5370 7062
7483 8697
1337 5266
8297 9409
6234 8649
1092 1162
8971 9263
7995 8283
8309 8385
80
9680 5699
3529 76
2149 755
99 66
8070 6544
100 46
2655 1021
5034 3430
5843 2906
3934 3006
8694 3166
6213 5634
5176 4656
873 228
4321 3450
1580 750
8064 450
5099 3434
656 362
3826 3541
6201 2090
2139 94
4134 3765
3972 3564
4286 643
634 186
8833 2051
5051 3107
7381 6065
8635 1214
9320 109
3153 1387
9767 7154
6382 3583
3029 424
8369 5764
5223 5052
8802 4299
2140 972
4902 152
6661 4632
8411 5314
2767 1281
6275 1176
8432 3323
7587 5942
7092 543
5467 104
8287 3673
5484 422
5344 2923
7292 5747
2074 1067
2284 1381
8519 6779
8545 3489
7831 1850
9051 92
9934 24
1823 1224
7430 6891
5675 2884
3348 291
9942 8534
885 210
752 516
549 367
3544 1309
8820 7998
507 13
1209 281
7058 4305
4292 1338
7659 3659
6922 1594
9432 3898
3998 75
2358 1023
1384 908
4472 1278
