917
232 2776
658 2976
9190 9772
5264 8564
778 5901
402 6635
6666 9435
6148 8904
9462 9561
6164 6285
4701 8177
1668 2464
789 3336
2533 4236
9937 9978
9471 9701
4025 5237
6419 7990
5483 9091
871 1409
475 1711
2832 6131
601 7613
1069 2811
1629 9731
6016 8161
3417 5268
7525 7652
5076 7561
5837 7500
1877 3455
6882 7825
4091 9878
9328 9637
6344 7870
5890 9595
1307 1610
7879 9236
7273 7881
9894 9997
3537 6651
3088 8157
3532 9368
3802 7355
3117 6880
6665 9728
4537 7318
5517 5524
2243 3362
633 6787
1951 5534
8106 8944
47 280
6181 8534
298 7949
6445 9540
2250 7850
6330 8582
3681 5642
1552 2882
481 4975
7968 9692
7632 8254
9379 9639
9892 9945
7563 9205
4422 6045
1435 6565
5070 7614
1612 1807
9306 9966
4534 5770
3625 4066
518 2274
8920 9192
8108 9056
2289 9469
7330 8970
1834 7382
3222 5159
940 4915
4133 7691
4904 9986
2682 7383
373 8275
9798 9924
8402 9128
1402 6523
7875 9383
278 1251
1086 6329
1005 6744
8372 8809
1170 5018
7781 8529
4837 5181
9396 9712
6948 9382
4291 7895
609 5391
6026 9504
6217 8071
4624 6492
4075 5262
7930 8449
5911 9339
5995 8481
378 7243
7841 9822
9850 9943
3148 8950
7819 7978
336 8095
2738 9299
9818 9968
8259 8668
2718 8976
4861 8059
4024 8902
9110 9360
1642 3857
9474 9834
5528 5903
1558 7325
2017 9713
5488 7640
5608 6660
1010 7386
3587 8822
33 7366
4612 9315
8440 8615
7959 9111
8113 8617
7076 8962
9313 9534
1957 4608
7646 8269
281 8793
6056 9812
6592 7233
6955 8325
9466 9726
2627 6531
6984 8505
9553 9647
5314 7430
2865 6357
7984 9362
2413 7919
458 4364
1194 3691
3154 6659
8686 9204
6632 9049
3125 4328
3980 6188
4763 8235
4221 4467
869 9689
3216 7723
2102 5353
9028 9032
5692 9027
4742 8246
5309 6767
2848 5917
1209 3715
1826 9641
4379 7322
934 8056
2837 4652
163 9196
2657 3310
3660 9338
3099 9272
9386 9923
5333 6920
2466 4030
1922 4287
3614 5004
7271 8224
7285 8232
9993 9996
6004 7929
6773 7639
809 3570
8532 9094
4896 5147
6532 7214
5503 7293
3522 7566
1272 5009
3390 7094
5612 8693
8537 9230
1265 1531
9241 9700
8647 9608
3481 5690
9744 9766
1587 6561
2463 7267
7363 8475
1571 6873
4804 7655
8179 8272
9033 9092
1383 6782
5482 7933
1605 6042
1129 9655
4093 5589
14 7846
3951 8574
9886 9930
6000 6328
3282 8740
9198 9287
5031 8599
6588 9161
8548 9929
9987 9995
5030 7275
6790 7492
6981 8839
1372 4433
195 4960
5873 7594
6314 8233
5057 7574
725 7445
1935 3312
1603 4008
5871 6763
120 5539
842 8661
6432 9646
2681 9761
849 9130
4598 9171
8225 9732
5171 7065
6413 8397
1677 2648
6831 8231
7188 8755
315 1325
2055 5667
8738 8747
4492 4893
2642 4146
6749 7901
4532 5727
8487 8942
5194 7778
8612 8894
4758 5768
2393 2656
2497 8336
4551 6803
11 8387
2725 6795
5872 9179
6751 8869
7118 9377
3707 7860
6819 7803
9665 9807
5082 9855
255 891
2732 3134
3233 7174
5803 6710
9936 9991
5467 9072
8077 8227
2089 5460
4770 6126
7503 8142
1244 6020
1421 7278
1378 8973
8558 9842
1481 2144
4272 8965
4051 7213
5783 6463
267 4755
9521 9788
3477 6464
5047 9334
411 5953
9634 9999
8898 9276
9397 9461
7497 7627
8074 8358
1103 6039
638 6792
6705 9415
6579 6781
9064 9206
4808 5363
1323 6946
1949 6342
387 804
7407 9640
4867 9327
4143 8000
7234 7704
6137 7489
450 524
5355 6309
3694 6558
1723 2143
4958 7620
4800 7894
7442 8654
5255 6622
339 4510
3960 9158
7091 7400
3413 4921
4346 9962
5158 7296
7721 9789
5535 5984
9248 9678
6633 7032
59 9114
8189 9247
7122 8366
253 5328
3693 9039
7705 9723
7993 9069
27 4021
3179 5407
1625 3203
9967 9998
8844 9349
6610 6864
2111 2728
7246 7759
5153 9912
1135 6257
6228 8673
5338 7175
9297 9547
5807 9420
7056 8597
3130 4028
7585 8247
2733 3101
4176 9806
2635 9751
637 5375
1841 5209
8509 9144
5927 8432
5596 7608
1926 5960
320 1377
3426 3931
6814 9730
1406 4395
7844 8951
5100 5341
513 1869
7435 8824
6596 9905
3543 8985
8992 9851
5329 6012
3536 4037
7417 7890
8662 9445
309 9512
5619 6239
7947 8350
6436 8677
9777 9873
2124 6029
3598 9401
8658 9992
1176 2524
3725 7555
6428 9411
6219 9141
9135 9201
4828 9768
2624 2981
9231 9412
3912 7408
1514 7783
8091 9433
7644 9318
3722 5122
9877 9915
8119 8784
4987 6775
4068 9224
3155 4357
4817 5624
1767 9311
6061 8043
9796 9866
4842 5895
3404 6515
4737 9228
9051 9890
7840 8546
3544 5447
2985 3920
5324 9776
8917 9384
8947 9797
1185 6011
4555 5560
5715 9503
7126 8266
992 6124
7281 9408
5204 8264
7510 8748
3225 6293
5801 8533
30 3121
7154 8017
8312 8504
5744 6953
1317 4568
471 929
6073 8405
4746 8348
8795 9674
584 1510
2076 4567
6508 8987
3589 3703
5776 6998
9803 9921
8353 8526
6685 9757
4268 7736
7393 8948
596 6327
5060 8670
4740 9203
6156 7849
3038 6210
8313 8683
3939 5990
6171 6692
9544 9786
6034 6575
8810 9783
7653 7799
4358 5433
6630 7277
492 5011
1862 1988
6123 7409
3847 4043
9333 9694
8858 9475
5626 9976
6859 7960
3217 5902
335 9139
6581 9657
8237 8723
9035 9548
5501 9899
7790 9057
4410 9580
9485 9563
17 7754
8192 8250
4702 9758
9970 9988
8018 9079
3602 8484
6784 8437
9164 9843
6661 9527
6563 8156
6833 8655
981 3596
3744 8053
2662 8022
1252 7336
3972 8295
1199 3009
8813 8819
2370 7708
5418 9267
9636 9781
4300 5805
855 4233
5800 6495
9117 9121
5496 8605
5723 6249
8982 9148
1540 4617
6762 9566
3211 5212
3213 6162
4452 8981
2113 8678
7280 7757
7211 8648
431 8834
3528 8559
3110 8536
2060 6078
7998 9861
8710 8714
6547 9320
3135 4217
3644 6848
8403 9444
7906 8184
9669 9779
705 5878
2228 6354
186 7186
9490 9965
3095 4821
1937 5967
616 4996
6288 9113
5516 6038
623 7718
8346 9458
3648 7136
2853 8897
9124 9573
6356 6551
3948 9736
6752 8975
4720 6974
5762 6007
1733 4788
9959 9981
3428 6606
9200 9880
1931 9680
1097 5825
8214 8468
6966 9497
1636 7107
2117 8853
8406 8913
8945 9837
4939 7166
4508 5068
9419 9675
2538 2975
3142 9099
3018 6408
8865 9410
2940 9042
2028 8585
5054 5941
7676 9513
3186 7735
8230 9425
614 1085
3560 4625
5023 8169
1508 6675
3899 7306
607 2059
400 451
4173 6506
7610 9080
9249 9344
6442 7106
477 2261
1239 4454
3930 8360
5856 8979
2666 3582
6025 8838
1835 5766
8033 9101
1611 7340
8415 9457
1567 6845
7795 9058
3880 7572
7507 9208
7576 7896
1348 3510
6487 9734
1890 3170
4390 4455
7130 8482
1269 8203
1962 4044
9518 9554
2795 4356
9819 9883
214 4930
91 1504
2004 4696
8635 9593
271 5683
993 6319
1471 5459
9062 9486
5784 9973
1016 2116
4557 9793
1648 5711
7544 9994
4911 8082
3645 3686
4729 4860
383 2869
6441 6849
9066 9749
5951 7476
1760 9721
2029 7603
1282 3137
5575 8160
2180 7222
1139 5756
5795 8215
6252 7196
8972 9000
4038 5896
9874 9881
1596 3123
784 8100
4245 6902
18 2905
1001 2012
1536 2743
7192 8032
4743 7996
9165 9455
5195 6220
6043 7787
1045 4259
729 8173
6502 9133
577 5605
8725 9600
4209 5818
5673 7323
4762 6182
886 6643
6142 6908
8383 8666
7159 8929
5610 5760
8772 9108
9971 9989
156 2469
5034 8984
8347 8823
2194 8805
7038 9098
777 6912
8584 8963
4589 9823
3876 5468
5252 6224
8164 8472
9642 9920
1900 5357
831 7292
9824 9969
2443 4320
4683 5898
5614 8085
1843 4067
1982 7050
1042 9931
7054 8130
1977 2990
3665 8539
4099 8252
3786 6846
2850 8062
977 6934
9261 9359
5183 7448
1384 7835
5880 8282
3347 4248
1143 3190
4094 5411
1028 9054
7490 9365
3713 5778
9770 9847
6267 9322
730 8024
8514 9650
5091 5479
7773 8193
1727 8614
8128 8721
4780 9735
6295 9698
2715 4310
766 1054
9686 9879
6409 6424
6645 7518
4195 9374
4105 8516
9916 9942
199 8080
3487 8309
8168 9660
7936 9132
913 8097
4207 8590
3303 4785
9947 9949
3991 5102
1189 1927
9911 9960
1142 8319
2232 4526
3366 8846
4712 8936
9869 9895
8804 9443
1107 1518
8594 9526
4194 6802
1849 4944
8852 9361
6145 7862
209 8409
547 7687
4389 6266
293 7301
709 7774
762 2690
7449 8757
5822 7097
5286 5763
840 7265
7287 8980
1992 9745
1764 3567
2930 3379
6829 9143
1277 3326
5682 7033
3622 5973
3655 8207
983 5526
3984 5546
4824 7387
8705 9424
3844 4582
7579 8127
5709 9552
8762 9470
3736 6863
8009 8906
6821 7470
9530 9871
9583 9977
2296 6834
8616 9366
925 2049
6005 6447
7826 8667
7696 7910
8587 9371
1335 7737
249 2381
955 6886
4751 6860
2026 2270
3052 7953
2947 4439
2266 6835
6128 8245
2566 5224
4065 5108
7903 8359
4584 5317
927 7900
8154 9941
1106 5988
6057 8251
2299 6027
6942 8376
9919 9922
5193 8569
9186 9290
4945 9699
5860 6253
4340 6333
4035 4183
2569 9323
1022 1287
527 5284
5390 8021
4139 6560
6757 9019
3527 4616
147 7391
3923 8110
540 7195
8680 8872
4853 5370
3832 5991
2931 5876
4295 8689
8369 9753
1945 2831
8323 9089
6938 7443
579 8431
9982 9985
9826 9918
2273 9010
900 3126
3623 4472
7253 7908
7515 8888
9414 9893
1665 7660
6437 6800
1889 8515
6872 7784
4880 8545
5987 8722
2161 7821
7208 9522
7338 7427
6237 6343
4917 6930
2966 9426
1710 4406
3408 3549
1102 6884
2619 3849
2878 7488
1055 8572
3605 4943
7081 7516
7254 7556
2390 7650
3378 7836
135 1672
7478 9933
8588 9750
8728 8914
8035 9176
6402 6549
7225 7905
7874 8520
4656 9599
7932 9342
1972 2074
2915 5051
1621 2177
1804 9316
1462 9253
9279 9528
3277 5781
5443 7831
1952 5830
1314 4908
6017 8930
9555 9934
770 790
3836 7228
2429 6381
8560 9649
1542 1762
7411 7461
4175 5432
1440 4491
544 7299
2063 3897
308 6054
6669 9146
3843 5909
4420 8870
5738 6151
9343 9439
1502 6743
3017 8427
8093 9152
1989 3393
5919 6393
3631 7856
9891 9954
262 1820
6197 7892
4398 6536
6248 9628
7046 7164
465 5024
6312 8175
2355 7805
7029 7707
1278 7406
1007 6292
2748 3419
8637 9405
160 8152
256
7008 4794
546 290
6982 2207
109 81
2952 1578
9358 9288
3456 437
2341 1327
6582 2775
713 25
618 330
2005 918
9097 8937
8551 5652
3053 1916
236 22
1909 36
2996 212
151 44
4964 2812
7775 4445
4148 1423
5532 1023
9250 9182
5974 3082
2579 1288
5134 3168
4636 313
1746 1643
5644 3029
5092 2705
6503 5318
4898 1516
1828 1715
8452 385
2501 2127
4084 2852
7898 1324
845 181
8036 4998
2301 810
3656 1412
7651 4120
3935 1082
2453 1036
7031 867
5378 3480
7719 6297
9816 2909
8076 4748
1994 923
1720 824
7833 327
345 344
772 760
2571 535
2793 1795
4276 291
6157 650
6760 3663
690 324
7674 127
7016 4806
4237 648
4585 2389
5666 1626
4113 4042
2787 526
9305 7403
3514 2628
6008 2542
7312 399
2735 244
179 55
7748 1027
8220 3012
9804 4226
9481 8276
2753 363
6482 723
4983 2610
1726 767
6919 6427
1215 483
2219 1539
5741 248
9427 7812
7934 2080
3184 2706
3300 1180
8497 3615
6450 2752
999 960
8960 2696
6985 95
1554 1371
68 65
8703 4152
4216 3863
3945 397
1197 926
1101 1048
4481 2796
2291 1032
9367 3862
3950 2902
5233 2726
3573 2371
9273 1628
7079 4250
5925 5238
1271 316
78 21
8465 6702
1590 956
8788 8692
379 114
4073 3745
8814 6550
4811 3671
2170 901
2658 1126
1394 1155
1072 26
4416 1236
1485 1120
8006 2406
5866 2904
5567 874
7378 1783
4995 4278
6791 4290
2209 1390
9081 8826
1955 1083
9393 7785
6091 2304
6637 4962
2926 1158
2420 2064
591 395
1575 1224
4153 2282
1233 826
7242 3319
4350 1166
2856 1690
6273 5326
5199 3592
3881 1691
9624 3308
3175 3021
8882 6754
7625 7313
853 366
7715 7474
8978 401
6937 6024
856 245
4786 1799
4606 1749
2623 851
3949 3402
8485 6891
7703 640
7907 6993
497 234
7394 3446
7679 7308
3790 3410
7923 4871
5175 2067
9687 8303
376 328
2680 129
9569 8990
7550 3367
1525 703
6844 2637
3340 3124
7797 7346
4990 1217
213 106
5139 1179
112 15
5625 1369
9914 7582
3501 573
1607 932
6785 2227
5843 1908
1410 461
554 393
4273 1213
9189 2541
4977 1613
2277 1872
7807 6962
3221 1678
8374 2094
5875 2391
9404 8364
3240 485
8704 7121
2507 2375
7200 6221
3288 902
4163 4070
2409 1819
6053 5184
5421 854
6881 6035
5208 3731
536 519
7992 4554
4661 2195
6150 3890
8563 5135
6394 1322
7668 2024
5155 3212
5121 3333
4863 2082
2018 1537
7780 4101
4154 1480
2288 676
7964 896
5033 4297
3359 1683
7950 1385
8750 7816
6023 1850
7916 503
8915 5075
1998 1198
3882 3104
76 50
8255 7730
5124 3271
4517 1092
9944 5656
5541 4214
3748 1474
6178 635
9581 4603
7311 5296
4270 671
9574 898
2430 625
8197 1245
4973 303
2815 1543
5083 4565
4458 2238
7607 364
