601
8800 9242
4388 7027
1037 1989
2972 3544
9769 9839
6525 7910
9334 9488
9441 9767
3366 5270
9841 9987
8650 9511
7496 8016
80 5973
9913 9974
7229 7740
7373 8771
5648 5810
1637 8376
5373 7965
2623 5801
3879 6962
6411 9173
2438 9621
8816 9257
8351 9333
7125 8772
1402 5041
4634 5642
4964 5467
6490 9068
5968 8436
3595 9456
8262 9898
4275 9505
128 1588
8648 9138
13 7399
470 8643
243 9264
2133 2294
3038 3775
8340 8523
5693 6454
2043 4234
7932 8696
8346 8705
456 5147
3326 7900
1491 4669
569 8162
6087 7294
2928 5618
9484 9547
2132 3207
6095 8369
8874 9864
9760 9846
6630 8037
7707 8224
5600 5888
7979 9200
9431 9503
8549 8718
4659 7364
2391 4420
321 1976
4828 7607
5916 9571
3285 5846
5907 7666
29 4594
1684 3393
8782 9653
1159 3398
5348 8447
5297 9825
7070 9482
7306 9988
9255 9720
5375 5434
8560 9818
8959 8967
8090 9344
4981 8859
3147 5336
9831 9910
5643 6378
7179 8152
6135 6357
7469 8611
4558 7188
3950 9521
1278 2782
1303 6412
4367 7511
8298 9170
1088 4182
3441 7436
6644 7759
5581 6492
7551 9010
3077 8525
4990 7078
5313 6632
3519 4544
4707 9490
3920 9004
2077 2112
2305 8747
6230 8200
3698 4579
382 9633
8392 8865
665 730
6704 7269
2914 4537
5441 7202
6041 6079
7416 9405
8423 9248
6607 7079
5481 8871
4989 9812
3202 3336
892 1184
7691 8940
941 8114
5938 7509
1395 3543
5235 6362
7890 9763
4223 5184
1352 7311
7743 8274
8653 9500
6795 9530
6693 8211
9006 9498
9640 9916
1574 3616
995 1495
8851 9282
5395 9199
3121 7238
553 6094
2852 5341
854 6573
4765 8366
7371 8556
4139 9364
4403 6500
2366 8898
8609 9531
8117 9168
6917 7136
9041 9906
421 7046
9347 9671
581 7676
2340 3191
8984 9820
3690 4904
5244 6379
8944 9110
5198 6609
8450 9942
7471 7925
3418 5536
7571 9909
2533 6664
8873 9583
3991 8932
7948 9513
9461 9764
4764 6648
3319 7646
7185 9628
5576 6344
1121 3199
9529 9563
1047 6625
5438 6695
9207 9355
7116 9749
2527 4934
4077 8730
791 4608
2317 6963
2373 9240
7580 9447
9996 9997
7873 8824
643 2023
8591 8923
7069 7108
779 4495
9625 9896
9893 9930
4685 8138
1101 6482
1740 5911
5721 6919
6546 8506
2517 7058
5440 6869
5725 7248
4554 8093
6057 9570
6718 6727
1156 2350
3532 5589
8742 9713
4823 5266
7501 7542
5236 8794
2298 8281
7739 9495
6341 6687
4145 9908
7684 8397
5786 9231
2964 3822
3638 7522
4341 6024
6583 8145
6711 9369
6365 8288
1634 4216
43 1577
1621 5487
7886 9177
8872 9289
5584 9017
8362 8483
1778 8291
3965 9876
6103 8568
9960 9969
9504 9965
5106 9795
6708 7357
8981 9492
4052 9249
5651 9613
8116 8884
179 8150
124 9403
4851 5199
5597 8801
9471 9785
9724 9899
874 4491
6317 9328
1219 4847
8663 9562
5942 6275
438 9223
781 8222
4086 8081
3607 7319
9171 9434
5443 5456
6114 6865
3271 7259
173 6221
9027 9114
740 3982
7488 9975
1141 3901
5909 8911
7349 8608
559 4056
5075 7244
4552 5263
4509 7834
3126 8779
160 2215
9216 9656
1247 8541
9821 9863
6307 8100
7545 8317
6508 8186
445 4967
1453 5166
5291 7102
5182 9243
7247 7340
2174 9119
8160 9984
5058 6579
1517 7929
5840 6809
4014 4522
1484 2434
7288 7749
6859 7792
1796 7809
8573 9523
1548 4662
7216 9011
3964 5126
3196 7387
5572 6671
5533 8030
2022 7746
7281 9253
2209 7214
8719 8886
2181 4138
7403 7446
8979 9967
7367 7381
5874 6947
411 9954
2172 6228
1349 1947
9736 9824
868 7836
9426 9502
5546 6510
5055 8122
9578 9739
2448 4252
9579 9758
9439 9809
3022 3213
9458 9522
1695 3962
289 5918
5359 5602
5908 6081
5847 6338
1488 5927
4128 8395
9350 9517
6556 9610
5149 5216
184 1143
8904 9122
9768 9775
2532 7148
4702 9115
6808 9229
7968 9677
2854 8913
4214 5405
412 4316
2694 3259
4471 7675
7126 7310
5060 9999
8089 9154
53 8157
3314 4344
715 9654
907 6812
7339 7352
6175 6422
4602 6044
9637 9712
7040 9561
7824 9651
8314 8603
4995 8198
3766 5509
3177 7153
3435 7791
9591 9995
223 3375
3364 9509
8389 9832
8221 8285
2093 9428
3378 5969
8009 9375
4402 7832
1473 9459
2374 8991
4373 9046
1780 5889
966 4705
1979 2453
9051 9746
2862 2881
129 2662
3586 9031
716 7995
1877 8284
6505 8658
2666 6189
8171 9189
9573 9665
8192 8770
6319 9754
2820 9781
1605 4257
3420 7933
96 8866
1717 4862
3919 8013
5412 5476
7880 9259
5092 6572
1879 6255
4886 7547
2496 6243
6314 6419
5548 6055
5894 7581
7627 8761
6913 7810
7104 8530
3984 9726
6606 9487
9666 9925
8828 9972
5777 6565
3243 4362
2540 4516
1902 8822
9510 9859
5238 6703
1682 3405
2080 5377
9483 9928
1183 5549
1181 5987
8628 8675
5719 6281
1859 7719
6873 8041
4458 7493
4421 8596
4027 4801
6239 9083
8163 9644
1213 5673
2894 7099
6784 7053
630 8893
9416 9543
2564 2704
9734 9838
8078 8426
3709 6798
9690 9963
5646 9164
3209 9819
8153 8691
6369 8513
9917 9985
4874 9648
8110 8774
509 8652
6895 8435
6475 8169
8936 9481
6435 9419
5370 7164
3487 9077
771 9816
5737 7941
7936 9835
4162 8878
2266 4719
3663 8673
97 6875
5425 8070
861 2890
962 1038
7137 8806
5457 9367
7329 7853
8347 9735
2798 6110
4675 9887
9287 9658
333 4574
3961 6925
2737 5906
3268 5695
8105 8514
337 7296
2838 3846
9593 9990
6200 7206
8545 9218
5478 6303
1846 6464
5580 8484
6001 8602
9424 9474
5101 5844
4477 7883
5935 8293
1420 1618
2963 7921
2489 9791
474 1115
836 9402
6735 7579
7857 8728
9219 9902
246 8721
4274 7412
6425 6781
2681 9174
5268 8143
2717 6855
1125 5772
8710 9039
2755 6428
879 6696
5976 9587
674 1683
8 1774
7360 9167
6033 9320
6354 7599
6386 8328
9221 9341
2468 9588
8952 9141
2736 8302
9765 9885
3468 6958
658 8964
734 7893
5180 8737
3231 5142
3823 8250
5943 9107
5791 8563
3059 9718
7718 9323
2091 5811
8356 9948
9936 9994
9617 9980
5109 8671
1096 9882
8831 9854
2280 8600
3626 9345
6561 8260
3553 5766
4262 7439
8667 9311
6503 8188
8311 9305
6244 7694
6937 9239
620 9385
7594 9206
3867 4133
3985 6030
4972 6083
2628 6180
5470 6442
7588 9203
8557 9186
7861 8187
7971 9136
1122 5247
3211 6748
3738 6601
2930 7620
8580 8703
4304 6698
7500 7732
2994 5188
5594 6347
3323 8575
9945 9952
6884 8137
5040 7305
6973 9266
5325 9680
9761 9937
3082 3856
4900 9560
9911 9924
1959 8978
7821 8498
3827 8268
3826 6489
2447 9273
5975 8502
6437 9049
1429 4383
2652 4670
5930 7398
5025 5637
7561 9473
3433 8096
9279 9550
6332 8142
4101 7878
4947 9318
3075 6853
265
829 508
3493 940
5245 171
5367 3705
2393 1082
9553 67
3779 51
343 194
6745 5653
1608 195
3283 927
8202 5484
9605 9003
9540 8204
6553 741
6678 229
3731 130
1727 841
8420 3862
5153 4242
5095 3171
2772 253
3324 2507
5579 4283
2034 341
275 121
6730 6681
148 93
4910 1258
5699 75
1228 244
8550 3288
4399 40
8457 3744
1977 46
3570 1306
2835 686
8102 3055
8912 3150
8244 5018
2049 1341
5302 3584
3981 870
1492 745
8396 5800
9413 1171
4076 3411
7092 1984
7068 3608
7155 5781
5172 475
9137 4953
875 400
5159 1505
2185 1875
7669 5288
920 268
1288 1223
2996 543
8180 1393
1945 239
9497 5001
2740 2584
2571 924
2125 1674
7022 5774
9448 997
6322 4463
8527 5887
703 496
8247 4887
1432 1045
9661 7783
2119 1245
6326 544
4844 2754
427 314
801 580
7119 1262
9092 1468
9298 6723
1119 1055
4939 4211
737 656
2873 183
1830 519
8205 5463
7525 6512
4613 1615
5804 3648
4116 513
9090 7622
5331 1918
9467 4714
3402 1302
4483 105
8168 6661
7191 6922
930 112
2253 1506
7517 349
6234 599
6535 1690
5130 2526
5479 4905
4501 1847
9406 6580
3098 2352
9512 2595
9827 7701
6499 820
8645 1367
6204 1411
910 845
9160 7014
8085 2336
7400 4922
822 756
515 313
2675 1025
7679 168
6777 504
8319 5400
3973 3760
3889 2840
8537 600
8780 3756
6715 635
193 192
100 62
3036 1425
3159 2741
6254 2300
8860 6892
6902 3947
4058 2444
8887 2616
3044 1292
4682 1815
9152 3484
3419 1054
395 87
1466 1070
7842 1628
5404 5144
4253 2830
6128 3882
9920 3734
5630 812
5316 5125
1754 684
5680 2490
7052 3161
2371 688
1518 804
6627 1980
4090 3720
1654 1214
8003 2499
8892 418
6513 3802
6395 3939
2686 1840
7284 2328
8108 3286
6747 2993
1578 959
2162 584
6577 4051
1178 678
489 460
3859 25
4977 1855
8996 693
5224 3018
7845 7830
1602 1573
2341 428
865 297
3204 17
6760 6629
1509 912
6729 6226
6909 4598
5558 3928
238 34
786 748
5697 3403
8434 4326
2220 1263
9094 507
8271 7337
1189 1024
3719 210
3788 942
7193 6289
4656 4185
5200 4407
7996 2084
8004 6188
7808 2479
370 72
733 126
5885 4259
6063 4024
8740 4535
5741 5081
7806 5036
1584 785
3941 2796
6466 5650
8294 564
7650 6463
9121 266
8344 8038
8338 2726
9086 1100
4248 755
86 24
1668 114
4434 4168
9383 6156
1708 188
5029 1839
2785 685
6159 1903
4039 1282
2213 1324
4872 3014
9730 8374
9678 7899
4410 3925
9127 3299
5764 1157
4334 1611
2784 594
6965 1452
6746 1035
2078 485
6786 4284
2055 256
7670 1200
4021 2594
5617 1334
2497 482
850 490
7251 5613
4794 345
4134 2271
1793 326
7833 6366
4945 2449
1575 1136
5133 4303
2287 1005
3723 401
6060 2138
2792 595
4220 3541
5561 3424
9055 6205
5068 554
3518 1521
4339 3338
9705 9294
