659
5724 6849
4542 5518
5197 9876
4125 4921
5793 8731
6018 6166
4279 8013
3106 4553
4109 8148
1846 3545
4877 6412
9009 9754
7238 8011
895 8871
9951 9957
3684 7694
5748 7095
3258 7065
9756 9830
814 8606
1255 3624
2297 4720
7963 8221
8057 8977
1569 7481
3692 9439
434 2056
6156 8336
2516 4154
9347 9416
7425 8510
2203 4335
8688 8941
2003 6911
3421 4997
9863 9916
7945 8479
4723 9155
8035 8650
2198 7987
3257 8231
6028 6697
8570 9728
9461 9584
1149 7306
9770 9894
7189 8284
824 2132
6851 9239
5232 5871
2987 9493
9328 9660
9050 9735
4768 7542
1433 2233
2200 3743
3670 5732
9110 9514
6597 9058
8476 9955
5699 5995
5885 7730
3227 6707
8256 9571
5077 9230
5767 8247
3084 9242
7708 9428
1611 3839
1960 9936
1460 5762
9463 9534
4672 6150
1697 8810
4882 5099
384 6290
8590 9014
5628 9223
3579 3950
1091 6565
3615 4907
4707 9094
7052 9996
3706 9885
678 5654
3836 7021
599 6107
4956 7177
8878 9817
4274 5579
3117 3834
293 9013
9113 9391
8848 9052
7501 9860
7573 8502
4988 5317
6276 7849
2322 8077
882 1145
8859 9402
6298 6574
9984 9993
554 1003
6558 8341
1615 3151
5434 6080
8774 9969
6642 7138
6542 6957
8225 9675
2481 5051
7157 8673
2157 5122
6618 7385
4107 8187
7298 9989
7500 9217
467 5065
7867 9269
5477 8052
1972 5507
4817 9072
1472 6410
1549 5050
8404 8530
9419 9765
6693 7359
1657 8428
8475 9933
2710 9363
8828 9552
7295 8188
3089 8710
6914 7819
789 4623
4094 8423
9465 9482
1696 3050
7616 8117
611 9512
5543 9333
9766 9782
3564 4479
7080 9624
9196 9495
8236 8913
9413 9658
3295 9485
7131 9025
1919 5902
9650 9819
7733 9407
351 1969
461 3410
6813 8765
881 2453
2267 7073
5165 5514
2217 9824
2129 8613
7841 8192
5143 8976
6272 6308
999 5744
5631 8601
415 5413
1828 7050
568 8902
4854 7806
8836 9104
9359 9572
7569 8306
1245 5630
378 8853
4968 5904
5989 8833
3541 7000
9543 9751
9353 9686
9928 9937
4111 7351
1371 2202
499 4899
1299 1552
5075 9003
6556 7938
790 1966
2969 2988
511 7563
5576 9441
333 7550
3987 6598
1813 7981
9628 9791
490 6110
6180 7196
1815 7312
296 1301
978 6444
4218 4692
8676 9923
3576 6531
1471 1918
2319 7964
968 8541
1075 8545
5917 7998
9713 9780
2310 2701
7164 7844
5288 5772
8803 8934
7650 8588
6805 8271
9246 9745
524 4737
6334 8130
2126 7820
1649 3121
3963 7483
9236 9510
9692 9715
5183 9932
2677 3704
9555 9636
5205 7352
5583 6752
6568 8024
6589 9847
618 4323
7256 7401
4411 4973
9481 9522
6907 7836
555 4583
6262 6352
7439 9732
3323 8348
4392 8682
3632 8218
8940 9115
3927 9216
2883 7984
2820 8539
2649 6235
9764 9884
3675 8909
9202 9244
1906 5001
9701 9941
14 6626
7367 9334
5868 7908
1868 8054
9125 9305
915 3493
285 3172
8295 9150
4568 9204
2823 5269
6678 9160
268 5557
9238 9913
2199 6204
2306 5937
5712 8938
8527 9318
2273 8893
2227 9145
1748 1971
1319 5233
7436 7558
4626 4890
9350 9473
6631 7683
6772 8701
2049 8055
3783 9065
9626 9724
2853 3184
389 4456
1444 6177
9523 9574
3313 4164
4919 7285
2651 8119
3078 6447
61 436
471 6630
5087 8373
4754 7903
1276 4814
7476 9908
8745 9789
4649 9594
1365 6459
6900 9273
4914 9899
2927 6281
83 5982
7780 9812
6366 8881
4277 6024
4667 6413
3307 5445
8408 9064
9897 9959
1620 2637
5132 8399
9433 9627
364 6759
7042 7045
321 3710
9280 9613
7931 8875
9180 9233
402 619
9987 9995
8364 8924
2520 9633
1406 6610
2930 3799
8696 9828
3472 7508
5838 7166
8773 9749
2504 3154
449 4191
714 3006
5169 9232
3471 8471
3738 8395
9154 9417
6470 8102
5898 7244
1225 1290
5189 6079
6908 9070
6525 7478
8508 8627
3520 6363
4614 9367
6394 8245
2057 8709
3312 7775
6764 7843
9338 9677
7518 8114
2762 9547
9695 9834
7986 9741
9208 9722
2953 3499
7896 9303
4006 7215
4950 6803
3874 8524
9652 9795
943 3975
1578 6076
6129 8793
8433 9088
722 2543
7354 8291
8812 9585
9139 9166
4959 8008
9683 9855
7372 8497
4124 6637
4581 8338
6766 7682
5929 9545
4304 4339
1933 8638
8426 9947
3133 3573
4803 4861
4832 9448
522 2705
4127 9251
2986 9503
3016 5765
6202 7567
830 9541
4498 5133
9561 9768
9971 9976
2382 5251
4023 6773
2348 8113
6632 7167
2085 6252
750 5495
1093 5864
1663 2211
486 3009
8661 9956
4236 7713
6124 8384
1397 6706
3339 6165
1089 5721
3785 6612
2404 2456
5711 9498
3429 4715
7323 8582
2366 8046
2398 6719
3810 5598
2005 4965
6569 7186
4097 4613
693 9737
4584 5423
6582 6818
2226 9629
2423 3439
5650 8984
5192 9857
5442 7241
8459 8664
1682 3103
6590 6890
9421 9775
9062 9846
3689 4920
3502 7455
2798 2956
8667 9103
6008 6651
8877 9020
1190 7402
189 3719
920 2872
4505 8937
3097 4807
7741 9365
9915 9925
3590 8630
8929 9833
4922 5123
558 1087
6155 8944
1658 2462
2556 6512
3376 8040
3532 7767
929 4376
9838 9886
4103 6128
388 2724
3578 4071
8393 8643
38 5778
2493 5085
7408 8279
3560 6721
1845 6078
7434 9479
1524 6056
9646 9965
2374 7930
1802 2676
7111 9126
9556 9593
3892 5104
1485 3391
5619 6601
4149 5244
7465 7584
4837 6980
4449 7224
6057 8322
8030 9266
8220 9537
7798 9560
5139 8228
7008 7541
916 3281
1635 5216
9524 9903
9605 9879
7787 9474
2664 6785
1404 8227
34 3604
5920 6747
8446 9597
8948 8981
6951 8397
6420 7900
3525 8107
3309 4653
9467 9645
4622 7540
6120 9707
8963 9010
2106 2785
4009 8172
6966 8226
7109 8551
7747 8830
9412 9740
9641 9983
9063 9438
4275 9097
3686 5957
2873 7148
261 9133
5998 9165
5258 6134
2597 2786
407 1709
9576 9676
1204 8844
5693 6743
2691 6770
1879 8672
786 8009
1123 1756
13 9825
4884 7083
8897 9839
2604 5070
805 9809
6835 8712
4538 7972
8019 8670
961 1935
9890 9986
3823 7607
6061 7524
4670 6984
2810 7121
3649 7342
5181 7498
8003 9625
5915 6201
1438 9435
993 7556
5008 8388
1124 6188
3068 9893
4273 9307
7539 8535
4764 5223
5890 8818
3881 5974
6396 6810
5090 5829
6603 6923
7835 8738
9036 9083
8210 8732
7742 8186
6950 9120
4173 6513
4566 5570
6132 7029
8440 9132
4126 5702
4251 5881
1167 1677
1877 3505
1607 3867
2767 5530
691 925
9499 9506
6990 7435
1551 3077
6319 7043
6163 7915
9406 9642
1770 9256
1349 4859
2061 7950
6828 6989
2638 6047
5916 7851
9109 9397
3566 7283
33 3985
4706 8687
6183 6977
505 9046
1859 9358
3459 5636
5071 8564
3086 5415
2431 2844
3999 8843
7171 7262
8181 9927
5319 8152
218 6714
5956 7685
4077 7631
5326 7102
1866 5837
1714 7532
2501 3888
6625 8473
8691 9293
6192 6661
6538 6820
3453 7596
5404 9827
3916 8441
2184 2843
1151 2593
2363 9640
706 4852
6503 9517
1818 5472
9898 9979
1155 9000
4083 5796
46 2510
4752 7108
4026 8665
8610 9199
5817 6501
2999 8817
8258 8480
8069 9200
9507 9668
3217 4131
6933 7007
1589 5551
7346 8193
1027 2583
7369 9255
4471 5068
4537 4617
3518 5935
596 3870
2945 6654
9693 9786
152 7865
2439 5914
182 7728
1094 3182
8520 9432
6304 7028
4003 6297
5372 8734
6500 6808
5623 7739
9455 9494
1150 9504
6141 9029
7917 9671
1050 1591
3954 4410
475 9071
22 6217
890
29 6
6016 2077
685 423
4051 855
3906 907
6650 1719
5330 4840
6842 48
8550 6819
1158 536
3111 1379
3220 1528
67 10
4356 1362
9107 2010
9048 1128
3556 3266
9456 3017
3343 2014
2666 781
4609 168
3509 3067
1534 1256
2507 874
580 169
9859 1683
2778 1489
6514 1074
2355 1352
7394 3235
1685 1382
8870 4270
49 24
1056 360
5212 2183
7590 5831
4225 2769
5167 3051
5858 5403
2973 60
8755 6137
635 315
812 521
6755 3833
1210 998
6286 3934
1357 209
4630 2293
9404 2868
3939 1021
3989 3585
884 229
1345 16
595 170
9488 286
2589 1161
8994 492
6256 5094
1806 9
8648 5994
646 597
7201 2694
7128 2947
1978 1653
6527 2124
8368 3047
7393 5030
947 751
5788 5256
2526 1386
6896 1254
1580 601
7304 3302
8581 3233
7242 7067
6340 3647
1126 1025
7911 5448
3289 1669
5159 946
4643 2846
571 179
1498 806
9140 7468
8014 841
5377 2867
7017 451
7406 3269
3070 2209
3687 3187
4064 3386
2884 941
5805 3725
7056 1060
5966 5484
9381 2098
7719 717
7060 5300
5227 4019
8702 3549
8903 7759
57 51
6463 1822
2259 1891
5624 4224
3118 1647
6196 350
4008 563
4369 18
5459 1893
1338 861
1639 1162
3761 2072
5281 3315
2528 2452
2771 1373
3107 976
501 294
9243 1687
7203 551
6975 1230
7141 5012
2120 2033
7081 4822
6534 3962
2791 1052
687 133
8964 5433
5889 5751
2750 1309
410 319
6121 4826
8012 741
3394 3241
3218 52
7856 2244
6760 4436
8901 7343
2554 82
5722 5147
3584 2118
4867 3569
8725 3826
9096 6809
1566 1532
5408 4438
6198 5980
3915 1378
8845 1168
2383 948
9400 2514
8698 590
7027 4477
4285 2946
2756 917
3577 1274
8173 7453
4404 3489
8525 2000
1896 1176
6843 2399
7877 7871
4134 3865
138 100
1095 973
1797 746
9279 7023
2491 1740
6126 2094
5894 99
7030 3940
6947 813
1172 869
2025 1995
4500 2338
9865 3580
8641 6832
144 42
8825 7361
707 87
4407 2249
2869 2125
1679 1322
4384 1925
5411 1763
2408 1111
2922 104
8990 5655
9981 2741
5575 4732
1751 441
8004 2263
8540 7872
8268 1964
3099 1823
5931 251
4660 1693
844 307
9460 4048
239 120
756 362
3286 2415
826 369
3490 661
443 440
5101 5081
4599 2656
3174 3046
6007 3648
6784 4880
6310 3418
7633 4242
4041 2616
8573 5152
2081 2013
4090 843
735 58
7475 4179
6015 5856
8061 6824
2422 1708
3120 1873
9183 3399
6758 2251
3849 21
2725 335
8922 1726
4484 3864
5190 2390
3813 2406
681 354
4858 195
6488 226
167 142
8538 1088
2607 1463
4633 4460
4787 1455
1648 1242
7389 5794
3451 5
8195 5276
3840 3062
4833 3162
6431 5588
5924 5802
4022 2855
248 97
2784 2503
5839 4694
9992 6738
1141 174
825 346
577 303
8402 683
8733 2954
4738 2875
4450 1954
246 101
342 45
6857 1889
8462 7061
7522 6000
8837 2580
9818 6476
1461 3
5018 1303
1231 156
5493 540
5172 3730
4028 3542
2995 1394
1949 669
1353 557
539 439
3374 2064
3468 35
2687 1203
4431 2144
7307 477
566 236
5850 5261
8128 6368
3136 1929
7576 1730
6667 5811
1570 329
2760 1032
6871 1617
5533 1484
4169 453
2107 318
2561 1892
5666 5468
1690 1
9478 609
250 96
6349 4160
165 150
6746 5248
815 374
7156 2612
569 542
4059 2427
6387 2083
3430 1749
6786 3953
5206 2977
2582 1101
4712 3991
5580 3883
3303 495
2071 85
4984 3845
9851 6928
8802 4592
6596 1997
291 118
8412 3392
8512 586
550 512
5828 1125
3853 484
3781 2686
5888 659
8079 5441
1034 887
779 688
7936 4656
5609 4731
7200 6184
5809 3300
6088 2522
5840 4946
9219 3170
4379 3261
1292 408
203 107
2379 200
4642 2779
3801 1007
1835 758
2552 1732
6922 2669
5355 4781
1036 644
8377 3128
5292 2774
6070 3273
9568 3666
4987 727
5266 4299
9939 2336
4007 1491
2438 2401
1584 520
330 317
7218 1006
5934 5498
8032 3961
1143 375
4171 2932
5882 5789
5596 2690
4201 23
3657 936
8756 463
390 257
726 37
5148 1130
8442 3055
1942 1428
2096 418
6422 4972
684 222
4897 353
2073 1281
6838 762
2090 1337
427 103
2002 1135
801 181
9032 1492
8461 705
1975 793
2737 202
4574 4102
2334 2331
6891 3094
4185 1364
8554 2509
5909 1311
3075 1554
9100 6021
6296 5545
8197 7082
6374 2463
4638 587
8327 448
7239 4541
227 224
2373 311
5366 1962
8592 8002
6729 4377
7496 7451
6677 3288
9730 3770
6605 2878
4396 416
141 76
4260 1939
6335 4100
5021 2907
9889 7192
3837 2329
9394 5040
5822 728
2321 840
6038 28
8612 4704
8038 3457
800 624
6025 2658
2420 1588
6012 3544
6481 2617
3707 2060
5942 2960
7538 3653
8174 4308
6708 6364
564 62
6993 5610
3038 1392
8747 2830
3561 893
2433 1794
7666 1904
9972 9129
8494 5044
8319 2421
1278 776
7163 5020
4943 3945
124 84
6237 6229
1321 498
8751 3244
6864 514
923 420
1950 1862
6044 3642
672 316
1100 667
4964 1644
4414 3420
4332 997
2924 904
2500 1953
7198 5563
6429 5286
8649 7686
2303 1592
8794 6197
72 50
3736 2925
7278 6416
8434 5695
3310 2004
9811 1642
2197 2097
1447 517
1782 544
3165 2403
7193 7105
5488 5447
9245 7034
3677 1082
7144 935
3557 836
3473 985
8841 567
8653 2569
1564 908
5302 3304
5162 752
6341 2186
4302 3581
435 359
7214 2487
3731 27
7407 5519
5000 1576
7025 1049
7032 1163
7442 6639
8352 3011
7268 1503
9535 5026
4559 787
4030 957
1681 80
6595 6314
6699 3759
5539 3249
1280 264
4280 3825
5491 2751
4596 2665
3351 2822
2231 1383
9319 7587
699 160
7523 4991
1856 1375
2634 1289
8495 8062
633 454
1513 1331
4572 368
6712 337
3660 266
3854 233
2204 1739
7054 5983
610 263
2265 430
2541 2192
2982 2715
8363 3673
9953 3752
7617 1139
1854 987
1787 1035
7055 4939
1356 419
9037 5341
8811 7509
9960 2967
9211 2062
1107 572
7663 1266
5790 4945
7446 4685
5859 1314
5884 3515
7796 5440
4222 2316
8326 7533
3039 2247
7999 4749
5644 3260
4397 1257
2865 2545
496 406
7890 3058
5759 5637
3923 1238
9783 6101
9399 3401
6533 5618
4430 4095
4632 831
7505 327
279 166
3380 2214
20 12
6827 336
5687 299
7764 6268
7947 4873
3776 3377
6658 4555
9723 695
8655 298
2897 1796
9469 8142
5977 3023
5151 3370
5783 4113
9398 8631
7471 2412
17 11
2255 2169
7376 4010
5807 4579
2763 2698
9590 3195
7231 763
7618 3621
3210 273
8385 7599
3644 1585
1917 971
3405 708
3980 2156
8514 5061
534 425
6157 3885
1764 8
9424 700
9258 8217
3496 2505
4791 1506
466 232
9565 3449
1246 458
966 605
5204 3361
9300 4740
5424 5126
5164 1297
8680 8076
3331 2807
8334 5528
6102 1937
7838 2143
6435 2311
1384 794
2170 63
2859 1695
373 185
5565 4148
4178 2732
8939 5682
4240 3926
1817 581
2248 1926
2446 287
5208 3527
6954 3771
5622 123
262 258
6909 927
3041 1920
3602 2747
7990 3765
2647 2048
955 796
5743 5520
4909 3908
6728 4930
7802 1062
6936 1022
2852 1881
9285 8936
7828 7811
5043 2581
9228 8211
6771 1113
9298 3734
7145 3683
9254 8815
4139 2074
6613 2909
1483 442
5363 2050
4682 1218
6866 3396
7493 858
1713 1076
1488 1122
4635 1481
911 92
8819 7263
5513 2627
7382 4915
7077 5014
1527 918
5182 4947
7711 5664
6848 6406
629 30
5959 4442
910 177
6795 40
3806 3595
3790 2288
1220 527
1475 191
7026 2866
7297 2023
6869 6553
8125 510
6901 3896
5508 1522
734 98
2089 1674
3342 2557
1981 1206
9195 4086
1600 1209
7845 5074
1263 225
6462 4893
9304 7545
3925 1183
3131 255
9190 1251
1990 713
5938 5710
9282 2727
9057 2362
6826 5146
5500 278
8389 4963
5939 5296
1320 912
8617 8063
7873 3905
4597 3645
5265 1678
9080 5072
2254 530
385 111
9998 7329
3955 2753
1667 1608
2426 995
5426 890
8031 6644
9674 3353
639 630
2739 898
5766 1621
5952 4736
3981 3003
5013 4177
1511 1434
2838 349
627 394
8969 2135
5516 428
2978 658
1809 1752
7305 1198
7047 5595
5240 4385
9218 3356
8995 8971
2518 210
2578 589
6448 6106
5803 3478
6790 1516
2655 949
2579 1348
4878 1562
3337 1327
4046 1883
8656 2630
8865 3893
9186 5201
55 31
1055 371
4729 129
5591 2361
6709 5482
2588 1482
1355 220
3444 2498
3285 1831
7503 6691
4550 2344
5694 1063
1042 446
5351 2892
9880 4150
136 53
9551 5391
5569 5034
9826 3234
4447 1587
3922 126
2236 1911
3625 974
9468 2600
6982 1650
3320 3299
9446 2800
271 7
6607 3690
9837 8235
1577 600
7233 1191
2913 424
9090 6351
4357 2079
1622 871
5669 2320
7792 6175
4364 2369
2356 417
2624 172
3947 2059
1445 846
9051 6301
647 372
7866 2923
7665 4011
8343 3110
5585 1913
6480 2908
9177 5757
432 253
7797 5843
1073 252
4870 1698
6898 2670
614 376
2435 1439
6207 4088
7313 5971
839 47
1665 649
5250 1085
3148 2381
1922 1193
7405 5522
3847 1880
9153 8718
7779 334
5410 4234
5923 4075
2444 1944
8454 7840
8534 4839
4228 282
2979 2015
8614 3305
1316 1217
3395 3363
5470 2850
4695 4640
7645 4488
773 73
9648 178
7795 808
8464 809
9655 411
9087 958
6117 5039
4406 3044
4423 617
668 205
8448 1945
7695 7194
1637 1462
4748 2625
2093 1955
2835 503
2111 1723
9807 2983
3183 283
355 247
4068 2260
8111 4401
8552 7985
1271 623
5967 1842
6464 3435
2513 842
9229 3733
3863 1565
7932 7776
5382 2889
9220 6273
8790 4306
3049 1377
2371 1606
7586 352
3804 2902
6246 2486
5003 2994
5760 5358
5524 4138
8720 2645
5367 709
3171 3019
5215 3709
1104 849
8988 4489
2814 767
5217 1468
4976 1446
516 370
8726 3145
413 163
1982 724
