226
9855 9964
3012 4278
9603 9730
1508 9325
6386 6709
3286 5071
3184 9017
6547 9353
2619 3897
8369 9159
6254 7238
6665 8773
4035 6800
5102 5113
9977 9981
9053 9392
4711 9531
5281 8766
3712 5134
5768 8464
2694 3170
5221 7131
8780 9729
8161 8809
491 4468
9695 9740
4574 7011
6877 6980
6594 6627
8589 9771
598 4203
3492 8172
2301 2639
7753 9373
876 7594
3536 8158
2395 5603
6057 8089
8011 8625
1101 2958
4114 9049
7856 8398
192 8322
3485 4553
2956 5205
1476 7619
595 4428
8972 9911
230 4881
9874 9962
8969 9160
1817 4605
7118 9626
4473 7429
9314 9912
2872 9366
732 5919
7144 7730
2589 6393
5141 6136
5101 8294
187 7965
2086 8647
8975 9656
4269 4439
9298 9356
2509 6269
8843 9020
7003 7467
989 9244
8310 9268
6286 7143
8173 9391
8863 9602
3026 4705
8661 9118
6077 7295
6861 7201
4252 7078
7653 9401
2989 9104
8277 9176
1273 8124
3844 8495
8107 9925
2567 5166
8020 9851
9568 9833
2605 7705
8591 8703
8776 9654
1958 8109
163 6890
8494 9839
4695 7205
1212 9891
9005 9590
2885 5025
7563 7734
5612 5999
4874 8142
4533 8289
9393 9783
9604 9644
3760 6310
9796 9980
7419 8958
4129 9930
606 2348
5340 6549
7557 9664
5182 9714
1130 5818
3877 5920
2846 8179
1373 6326
1572 4101
150 3864
2842 6155
7968 9517
988 2328
9397 9641
2024 3214
8678 8797
2963 9034
6145 9636
1548 2845
9892 9945
5977 8994
7913 9786
6932 8239
5211 5851
6460 9136
41 2002
7657 8256
6482 9306
4475 9222
3943 3964
3047 8925
3070 4506
1374 8789
3353 8456
9676 9966
6616 6864
6970 7570
9265 9665
5715 8542
5567 7526
7902 8306
2298 5708
4633 5021
5573 7947
3340 5514
2170 4236
7406 8861
3889 6596
2416 9661
1222 8905
4013 5370
5762 9560
1918 3066
2196 7384
2742 4354
3600 7587
5409 8377
382 2727
5864 8279
5434 7261
2749 2783
5582 5649
9573 9944
7615 9931
1977 4318
7052 7513
2066 5817
1687 3248
5951 6010
2761 3176
6542 7641
8 7891
1434 2346
492 9926
5255 9428
2820 4339
7766 8983
4637 6537
9450 9640
838 3657
6409 9189
6221 7659
6116 6147
8860 9043
8202 9497
4272 7546
246 6585
5087 6728
217 8979
5767 9948
8572 9884
669 9718
1379 8976
2038 6023
3929 4382
2373 8692
9958 9982
8566 8987
6812 9220
6143 8118
3672 7477
7824 9320
8855 8964
1853 8718
3884 9123
3679 7112
7416 9530
1391 2692
6557 9734
3525 4808
6083 8260
5151 6039
4550 7729
3338 9439
9004 9067
2802 3523
4005 9852
6464 9054
139
766 276
5939 5731
3871 2130
9336 4915
5679 222
9429 2697
5545 263
4852 1258
5199 2047
1599 799
2076 1301
3289 1825
5497 1630
7847 6091
6865 3412
6879 688
4373 2371
1022 38
6942 6127
8229 3638
8096 5935
8475 6624
1087 421
1441 1332
7748 5784
6908 258
5526 4393
6787 3402
3045 443
6195 4992
6982 1739
5169 1271
9715 378
9975 2282
6450 4597
7480 1879
1852 1600
2576 2385
6398 1247
8002 4547
6178 5343
8751 7109
8267 1106
5550 978
4622 2601
6169 702
5329 4982
2643 2315
4970 3465
458 296
1358 572
9599 2206
9546 4261
4712 3892
1121 1109
312 21
6238 5261
5737 1006
6235 869
5568 1646
5469 5075
1633 1037
8198 3994
1632 73
9776 6874
9263 6513
9844 359
5149 834
2023 810
9466 7064
9000 2562
6822 3096
7547 3438
9384 2302
2974 713
2250 306
6385 5115
9406 1947
19 16
9243 8221
717 541
3821 348
9156 2459
8366 5627
2222 936
7176 2985
1017 770
1835 1173
4737 1015
9548 7290
1841 608
6968 1748
6258 6075
1363 542
4413 1331
8962 3421
3312 2227
7538 5487
7034 1265
2069 1136
1134 600
8717 5518
1307 524
6763 4316
3378 364
6989 2147
9687 5241
9254 3955
2541 719
2960 2075
24 9
5140 4321
1032 452
8345 991
1011 877
8970 4934
8433 4948
8617 7208
3356 159
1672 1551
3978 3587
2990 2370
6418 1269
5116 4611
7308 7262
7523 5833
5537 4029
9122 7171
3076 2536
8429 1606
8722 1380
8448 4163
3713 15
5749 839
3882 3204
3539 2098
835 343
2102 1574
3979 544
