939
6844 7324
9280 9826
8721 9110
5103 9161
7 6218
8555 9025
4906 9241
113 6389
5762 6915
7604 8596
2786 9909
223 274
6930 8873
6997 8300
9922 9971
1356 8328
4771 7070
3523 7542
9792 9964
3399 5099
7675 8224
8642 9564
8248 9613
5403 6820
272 9751
6088 9661
6364 7838
3989 8656
3089 9151
2179 5719
6813 8008
2849 3293
8764 8811
5042 7557
2938 3561
6383 6861
4887 9802
5952 6908
3068 6163
8566 9975
1380 7929
8925 9062
4627 9359
5444 8876
7237 7522
1677 3963
945 4419
1483 3160
7829 8937
5566 6199
8521 9867
8214 8869
973 8559
3688 6119
9278 9428
7608 8244
4145 6322
6015 8078
7968 9432
3900 4104
3674 9981
7141 8478
1189 6619
8641 8938
4629 7098
4310 9383
2381 9633
129 3400
5410 5540
5833 6271
7499 8164
7840 7978
181 3962
9982 9994
3746 5690
4831 7342
2556 5474
1703 4035
3650 3919
5468 7377
164 651
1368 4570
5853 7736
481 6637
2753 4938
7985 9507
6398 9197
4342 8684
1821 1978
9898 9914
9957 9985
8284 8352
5667 8484
5846 7127
2879 6078
7792 8906
9378 9915
1535 7606
4516 7268
3547 4441
6669 6848
8020 9931
2762 4594
5337 8460
476 3834
4730 8095
7265 9433
1130 7158
5200 7566
1593 4080
1002 4744
3965 9511
7503 9279
4708 8009
7562 9996
4623 9013
6524 9496
1804 6188
3048 6065
8455 9281
6251 6391
7504 8183
6574 7149
4607 6448
9861 9924
9328 9874
8108 8439
4850 8802
8875 9376
2706 8140
9334 9450
4813 9156
8797 9643
4656 8109
5813 5878
5431 7673
5721 6092
9527 9872
7164 7284
2205 6248
9731 9832
7703 9930
9707 9747
980 1127
5886 7910
8269 8395
2805 8194
8286 8829
4482 7996
9966 9997
7460 7556
5673 9790
5749 6926
9764 9890
2388 3249
9504 9603
2558 4476
3282 3500
6026 8186
7494 7720
1766 8770
6921 8396
1528 1874
3167 8942
1067 8644
5422 5645
6639 8027
2081 5393
7434 8304
4641 6250
949 9724
6772 8844
9030 9230
9051 9763
2806 9750
7859 9187
8803 8808
1266 3183
110 7880
1350 7831
4085 7383
1552 9111
4952 5392
5368 9057
188 1946
8081 8542
3462 5641
216 7205
9887 9942
8187 8828
8069 9656
7798 9070
245 9662
2910 4517
869 2507
3618 6027
513 5782
9256 9588
6079 8970
2818 4196
3353 7044
8465 9679
9058 9960
7173 8454
9943 9983
7403 7778
7484 8513
484 595
895 9705
5442 8877
5234 6918
1324 2240
2641 5652
7856 9709
3470 4276
5287 9164
749 7264
294 1157
1675 1896
64 1934
8868 9772
5068 5394
1226 1258
8274 9455
1322 1835
9954 9989
3184 5273
8001 9026
564 7616
4967 6732
2798 8769
2856 8590
397 1069
4360 7206
2989 4604
2451 7405
6707 9329
470 7843
2247 4798
6814 7753
4713 6011
6547 7692
3725 4911
1599 7475
559 6611
3445 5752
286 1344
1210 1752
795 3878
1339 7888
5644 7280
6818 9911
3514 5781
9347 9675
1927 7921
8417 9390
5222 8425
3110 8948
2534 8336
4393 6726
8544 9139
6891 9093
2929 9908
5449 9651
7957 9144
8405 9374
751 8685
7901 9053
2236 5021
9186 9743
8605 9363
7247 9442
7402 9214
8815 8989
4670 8705
8539 9237
1666 5991
4498 7735
3130 4464
6664 9959
3809 6280
7067 8518
1230 3452
1669 6341
4621 6849
8862 9041
948 9524
5390 8079
590 3495
7666 8865
8493 9226
89 893
5082 9429
8355 9309
6473 8777
7762 9850
9847 9892
8756 9658
2028 6749
3565 7005
8298 8778
2892 3112
5769 8475
1732 6647
4443 7697
1754 9739
6333 6566
8958 9198
5244 5845
1915 8042
5015 7075
3837 9142
2004 7374
4945 8835
1791 9036
8334 9401
2571 7364
9906 9913
3621 8866
1548 2095
833 8165
7994 8188
5919 9086
5414 9155
9583 9695
167 1930
1453 9362
2724 5335
3912 8878
706 6196
2151 8636
545 1635
7020 8299
5166 9100
10 6427
3540 5369
6045 8155
8793 9830
9479 9821
1530 4762
5428 8677
754 997
773 6569
9582 9937
6693 7103
2902 7212
6233 8830
6452 9784
1382 6845
9903 9955
6475 7886
7176 9150
4980 6724
704 4529
6206 9236
1208 2869
3839 4060
3362 5949
7598 8106
2473 9475
7322 9842
9120 9364
1263 2093
3022 5493
8098 8369
4230 5104
6713 8741
701 6498
7549 9728
8472 8516
9137 9611
3239 5523
8648 9919
7701 8130
6896 7637
3398 6161
8893 9234
2387 3100
5480 8211
179 7401
7683 9244
8547 9799
4686 9591
7142 8296
2281 9427
7905 8476
9038 9107
6131 6252
160 2182
1354 4921
8514 8727
8822 9520
8683 8805
6089 6484
6504 6778
4475 7218
2184 7248
9856 9868
9655 9765
9061 9678
6343 7025
4168 7257
3732 7551
5967 8581
2082 7012
3228 8156
3670 8919
756 4636
1775 6535
7083 9889
6464 9713
5925 8276
1195 1297
3275 6770
1398 3873
6436 9000
1117 4619
3289 9233
6404 8996
1866 6533
4858 8139
5912 8177
4327 5170
4709 5459
5448 7784
2872 3266
8252 8812
9275 9610
959 5914
835 9698
3720 5473
2957 6431
7752 8311
6260 7706
2967 3345
3395 9593
4141 5469
432 6469
5033 7394
2420 3522
8002 8365
6171 6424
4959 6917
6705 7418
2101 5579
5814 5854
8519 8966
2629 6933
2742 8564
4659 9318
1003 7654
4250 7052
3700 5417
1854 1861
5334 6756
7056 8474
7811 9663
3494 4449
2026 4173
4394 7134
2336 6478
7969 8530
4436 9978
1586 5609
531 2578
9403 9853
2275 6691
8903 9758
3067 8225
4114 9923
691 9411
6495 6656
436 716
5966 8064
852 9166
4512 6556
6037 6567
3321 8468
1414 3417
8587 8599
4521 9810
5475 7501
2464 7506
8295 8953
991 8054
3315 8890
1970 4931
4061 8855
8268 9690
1172 1571
1234 4319
9738 9817
1495 5674
3802 5921
6646 9232
6189 6798
8449 9074
2919 8347
1885 8448
7135 9063
2259 8883
3690 7246
2157 6554
8075 9946
8916 9519
3307 4416
1198 1422
9953 9970
9419 9605
8480 8908
363 5160
3531 6225
8235 8238
7686 9243
2590 3403
2581 3830
8497 9760
6912 8232
130 1955
8418 8486
5794 9653
8414 9771
4866 7306
9055 9599
8228 9741
1054 6583
9573 9729
3896 8381
4620 8666
2572 7774
6214 6752
4456 9644
2138 9631
2816 9808
9368 9454
9684 9849
5524 9132
1120 4433
3766 7046
1606 6141
6727 8885
9952 9988
4815 9371
6028 7167
2347 4352
5502 6236
207 3387
5519 7235
6438 7657
3319 5416
4349 5901
4462 6420
8608 9019
284 6198
4646 6681
9323 9626
5251 9105
2674 2822
3493 8629
9039 9646
2214 8859
1936 4279
3361 5920
339 5521
1428 6924
456 3862
4240 7233
7952 8807
2527 7250
9566 9620
1394 9827
469 2225
6101 7411
2023 7000
4540 4726
5490 7988
6649 8976
3332 8360
5578 7331
1651 2711
6235 9497
6351 7543
1504 5933
5223 5911
2462 6633
6390 8498
9247 9365
2554 4908
3532 5057
4390 4869
6359 9034
574 9491
3193 6463
5296 7062
689 4072
2915 7406
1470 2663
5839 7315
7068 7852
7300 8536
3174 9422
8424 9273
2999 8842
4786 6817
6800 6886
1197 3009
7089 8783
6076 9115
5700 9606
1570 5088
3461 6617
1075 9740
4953 6291
37 7071
7359 9641
797 2649
1773 5589
8617 8918
2300 9239
1762 7867
1514 5931
1228 7693
2059 7802
2475 3780
5717 7311
2559 5557
6267 6938
9257 9263
237 7667
7555 8185
4116 5298
3172 6459
425 613
2512 4687
3363 7552
8763 9193
3093 9007
6712 7734
463 1849
5016 8697
3614 9990
2064 5594
3879 8327
1891 4705
1824 4480
352 4187
6630 6916
2054 3627
7391 9502
2373 5425
581 7197
5903 8041
4245 5710
9402 9710
1797 2161
7160 7442
4093 5097
9557 9783
1449 7468
4828 7662
217 7144
7923 9477
4431 6471
2385 3715
3050 6021
1501 3288
2948 4377
7239 8096
3880 7960
536 2372
367 3423
4970 8289
140 8245
6831 9446
9238 9725
2978 5281
4894 6157
4807 4933
8388 9336
4229 8631
9327 9800
7842 9977
9567 9910
579 1193
9498 9579
2228 3864
4822 5122
4160 9733
8929 9118
4358 5396
8709 8759
2321 6273
6959 9951
5466 8291
8834 9770
9700 9756
7188 8647
1809 7452
5174 6055
1767 7226
7731 8227
2060 2868
1206 7209
1859 4014
8003 8074
3817 5372
3681 6179
3108 6317
8092 9536
7105 8077
995 8672
667 1652
9049 9231
7339 9228
1810 7065
8293 9399
6904 8523
2061 2701
9697 9962
4471 9220
7017 7293
4688 5868
5246 8207
994 9375
2728 8115
60 8856
8272 8601
4742 8434
4233 9267
1365 1693
4889 9702
2452 8398
4066 9963
283 9437
6671 6747
9320 9968
8337 8917
4809 6758
3032 9108
5236 6018
6482 6729
8117 9897
9565 9976
9510 9686
8233 8444
5059 5276
5834 9734
3649 7053
467 7319
7514 8208
95 3159
4206 5284
5116 5290
1499 2207
8625 9696
9043 9811
4395 5980
4965 6128
4028 5789
5095 6585
856 6358
2609 6927
3881 6052
6150 7122
6203 7892
1587 1838
7126 7934
5978 9907
9316 9736
8380 9885
1196 8779
6356 7198
5216 6529
6399 7267
5791 9287
3846 5283
2050 8127
7974 8867
1186 9917
2891 4255
304 6257
4192 4368
6808 7718
6934 8242
1727 7032
3326 5732
3624 4983
270 6685
1717 8180
2812 8698
3799 4341
783 4818
8384 8551
896 8436
3960 6071
9129 9671
275 8310
502 8256
7847 8163
7933 9331
6393 8713
5714 8768
3233 4043
2243 9514
7400 9366
6794 9400
596 2878
5800 6652
2374 3731
4069 4657
8068 8795
86 208
8490 8765
5552 9291
1985 4999
2833 4825
6966 9929
8717 9735
5657 6616
5249 6310
4317 5986
6894 9060
2170 9737
6805 7069
5168 7415
1076 3539
7037 8222
8740 9015
5509 6878
7913 8035
5889 7346
8400 8817
6302 6538
5726 7631
599 2855
1607 4375
8351 9149
5093 8720
8315 8963
7596 9274
5401 7002
6812 8936
1467 2927
7013 8100
7255 8231
7769 9114
2267 3652
9430 9451
2787 7422
1243 3673
1001 5855
4474 8594
7425 8306
6721 7074
7430 7893
3952 9893
2530 3037
8579 8686
3299 8603
1903 3356
2229 6728
5208 8563
1007 1257
5112 5574
5958 7941
9353 9685
1667 9840
4769 9456
3354 6327
3003 7782
6335 7510
1245 9650
3484 8133
5491 8613
5943 5994
4581 5207
4016 6339
5421 9795
8368 8747
7386 8301
7078 9271
4551 5871
6298 8934
9434 9476
747 7049
8473 9461
8031 8960
2776 3010
3898 9589
4586 6445
4026 8742
3819 4421
3473 3893
543 5637
6301 9986
2399 7282
9047 9311
3633 4849
690 2163
8820 9145
1290 8017
1046 4414
9202 9935
5705 8750
5729 9077
137 5850
841 7003
1308 5677
3324 5770
8202 9071
9718 9857
769 5938
8962 9126
3358 9435
3300 6144
6485 7130
9829 9939
2835 5098
8430 9848
7200 8257
888 6265
2333 6031
1562 5934
7622 8012
9448 9467
6706 9925
1815 3447
4917 8181
6514 7273
7318 9338
6943 7129
2894 9092
9604 9752
8318 8899
162 8570
3243 5404
7426 7482
5359 7525
7944 8979
212
2887 449
9664 2766
5877 1154
2324 1832
1850 743
1282 495
1231 850
3265 101
6167 1460
1898 1723
7574 6496
1618 987
139 20
5489 3937
819 419
9822 6406
7007 153
5777 4534
6033 3507
1040 176
8305 6434
924 75
2208 1746
1638 1025
57 34
7381 840
4518 3549
5387 3801
3280 102
7296 7182
8288 2589
968 956
2545 1280
3662 1399
131 14
515 440
7472 5545
3342 1363
47 9
512 158
9415 1967
5647 3979
9720 9483
7061 3304
5352 2986
4937 2537
2896 665
3648 1047
316 285
8107 7890
6542 1557
2970 911
2741 2563
7884 7535
9269 5628
9533 3903
7283 6699
328 132
7721 2862
3076 942
1683 1168
9408 5596
4161 623
9173 6965
8126 5115
4264 1375
1073 558
2841 379
3368 683
6882 5225
4346 2359
6143 3410
6413 4515
1847 282
629 624
2150 524
329 6
6815 2496
1965 876
7118 5976
7785 6425
4118 2503
9016 7671
9807 786
3168 2029
1933 1044
8463 1749
6379 2991
7679 1863
2242 80
6788 3564
6994 3157
3479 1805
7755 3120
3176 128
7729 6900
527 236
290 262
7330 1808
1461 212
5488 3813
4532 3330
4076 1704
6224 5002
5844 2954
7407 5518
6068 5504
7739 5526
1055 958
2624 198
9494 8872
5213 3235
8377 7800
219 145
5798 2292
2982 1180
6178 5424
6149 2972
8087 3933
8888 4455
177 119
2682 662
3805 2327
4096 3772
3836 844
209 32
940 350
9083 6314
5258 3054
2956 885
2716 2532
6278 3661
6790 5314
7414 3568
4579 780
4212 3852
5105 1500
9326 4249
2481 2244
2181 2146
5602 5377
1213 45
6609 15
6430 3887
3140 1343
1146 87
8618 922
2283 1730
7084 5086
5650 2130
2882 741
8998 5146
4176 724
7408 3902
2521 918
1178 1138
1935 170
8093 4692
1431 483
4951 2057
703 337
7478 6112
6220 4067
2837 2070
264 126
814 499
1016 378
8420 5772
2249 912
2877 2097
6306 4102
9191 7749
3045 1793
4251 3253
2286 1627
4228 1972
2156 1610
4466 2302
2194 873
4537 4438
6570 1592
2345 1860
5415 4944
9372 5573
7655 7123
9550 5332
8588 4770
2623 1137
8303 8250
5530 3381
2241 1857
2569 872
9888 2209
6202 5092
1264 914
5426 4247
194 141
3930 2375
3277 1756
4333 1897
4087 2940
6451 5643
5600 3630
2988 359
8391 4936
5771 3925
8749 5024
7680 5482
580 462
5000 2923
1475 504
2186 723
