55
8429 9045
5333 9115
4023 9931
8040 8618
6422 9225
2453 7526
2154 5585
129 6857
7059 8534
4351 6711
7876 9375
3045 8347
7103 9956
1411 4432
7154 8092
9221 9783
7408 8412
469 4638
2472 3371
1034 5092
6564 9278
271 6702
7602 9644
8047 8051
4135 5300
3681 7702
1037 7413
1051 1279
2942 6863
4403 6056
3446 7423
6834 8142
5078 6319
9460 9991
7396 7761
8008 9286
117 6917
8830 9135
1270 9324
1004 7659
1261 1864
3935 5246
4491 7497
687 3395
4322 7395
7400 8658
2010 6960
5032 9154
1061 1838
303 2712
3909 8390
8131 9619
4589 7371
1179 4706
9054 9467
495
5116 4243
1640 1394
1233 1029
5873 5230
4364 3313
3752 1486
70 13
7155 1412
4494 2063
9472 5475
5275 711
4414 205
5824 1925
2930 2087
2298 505
2475 594
2799 210
7440 6699
5320 3043
885 847
6465 3286
3249 1249
4228 142
8003 1722
6350 563
807 574
8114 6817
6190 4483
8130 3874
5950 1972
1159 758
4039 166
787 242
586 257
1138 193
5118 865
6472 2291
4846 622
862 269
3932 2045
7430 4512
3892 2110
3204 2234
1091 550
2706 2126
6459 1368
5740 4869
8155 5471
1758 548
6745 1414
458 8
2189 1247
7416 767
9540 6417
2003 1458
8328 4718
8766 3058
3212 3130
6481 5067
2893 54
7560 5961
289 268
2030 309
7657 7645
8493 4346
5341 648
1295 567
8005 709
9672 943
2478 164
4234 1413
2909 2645
9711 6810
4873 328
4866 4670
2945 212
981 444
6286 1940
226 23
1614 1031
4236 1713
6328 3156
7075 4339
3725 2415
8696 2206
2562 2220
3627 927
5392 4165
4429 1347
9445 1390
3468 3321
1152 447
5854 5706
2299 395
2092 1208
4332 3335
7319 4611
1732 310
5457 5415
8319 8078
4272 3562
5593 5247
4781 2675
8231 7953
4937 4175
7857 649
6359 4805
558 348
1030 608
1245 26
4180 2409
6226 2426
7557 2715
819 50
7156 28
619 252
5646 5486
5769 2783
1422 733
5777 4603
2727 2411
3718 100
6612 859
708 551
4652 3146
2183 1794
4190 2834
3391 2112
6309 192
2333 1160
2331 221
7734 3989
4187 3845
5764 1700
9253 5847
3580 1407
8612 6971
743 467
1720 318
8944 3372
7183 734
5999 335
5628 1767
393 206
3675 3361
826 442
6154 3532
2487 1848
6597 1228
732 445
1701 911
3907 588
6752 6077
8196 3041
4396 2157
9488 7181
6910 1478
2726 2051
1833 1593
8415 3085
7554 5479
9127 803
9653 8280
5656 2290
1684 1668
2153 1018
67 43
5635 4253
5767 2585
7343 2917
2295 555
3230 2148
8209 7890
9050 7247
3632 1299
2519 1499
1444 321
2641 514
831 133
1768 1105
8587 5609
4108 3917
4294 3543
4031 48
8778 8425
2612 2224
2216 1229
8878 3086
6067 2751
7900 6673
9356 8428
6924 6665
5908 1935
5089 1775
8890 7
2681 2011
8966 8106
4149 3083
9306 6968
1679 962
4911 4362
6410 4029
5417 526
1227 485
6362 874
5149 3191
6052 3290
4991 132
314 124
5494 5190
8163 544
3533 1140
6590 1528
4373 764
8355 5276
293 285
8573 7731
4008 1066
8527 6186
8550 6676
8173 7434
3412 1636
4887 426
5377 2530
1385 899
7016 6986
4683 3980
2570 1816
2198 362
9240 6400
4348 1000
4518 774
9879 6549
5535 5421
1993 236
5825 4084
9008 8030
160 147
2443 2019
5 4
8560 2456
3747 2940
9106 3292
5080 2065
8947 3560
4680 618
9921 1560
5358 3444
6131 4864
5832 5734
5974 3755
9819 2739
2666 615
475 238
454 313
2887 2624
7244 5587
7269 6736
6626 315
6569 869
810 89
8914 1880
2061 1480
4080 202
8281 6726
1334 1010
7593 1423
9149 7394
6243 2268
4880 199
7200 3136
9325 4569
7601 4946
3309 2171
8984 6843
5789 1639
1345 494
738 336
7317 7071
6598 3442
4694 2697
8942 2982
7846 3809
3104 412
9881 1788
1313 1163
5839 2538
7057 7019
9859 1763
7235 3203
1739 1693
5829 3323
157 103
3489 457
8015 2055
5169 4746
8351 4456
701 218
2821 1584
6550 3305
5385 3700
3499 2770
7569 4515
8394 137
4578 399
6086 2072
3475 2875
4737 3251
4366 4102
225 2
237 165
39 36
5109 97
9482 7844
5831 1049
2500 2350
6537 6518
509 247
3128 1703
5934 4258
3636 2728
119 58
222 177
7327 6591
2629 407
7736 782
2512 66
621 188
2194 74
9309 6693
9890 9092
1994 1711
3047 1787
2883 1447
6742 5945
7843 7083
9920 3572
332 195
2482 2446
2526 114
2199 283
6037 4419
5311 1033
3167 2454
725 531
1474 991
7513 4545
5489 2160
6574 187
3808 207
480 434
8981 7669
7095 2128
6270 1773
4639 4519
383 92
8384 490
9918 4875
150 83
5052 4132
9315 3678
3955 1344
8382 2554
2856 1776
7256 4475
5326 4442
3852 1155
8625 4302
1083 783
5678 1521
71 11
5106 1860
4290 3493
2507 1678
5710 462
7760 6909
8381 7238
3919 3414
9732 6484
8498 5428
57 38
6958 2080
3061 2553
1782 1705
4192 3281
6600 4685
7915 102
3430 3246
5005 1274
3078 1028
385 317
4552 6
2012 1114
9170 3960
2781 821
6294 5433
1964 510
2609 1118
8219 1615
1670 663
5321 4361
2009 1512
4275 1068
5026 2103
3597 662
610 511
5821 2545
4609 4568
2152 645
2758 1541
2608 441
4567 2793
1520 1488
6313 2141
9440 7561
6360 671
9034 8584
2155 1418
5830 2865
9505 7486
7189 4829
5137 2383
2910 2447
8796 4363
6290 3118
4128 1427
6792 4938
5152 1122
2372 1532
3601 1517
178 25
1677 282
7613 5693
4411 1493
6200 997
1850 1298
8191 8124
4772 3432
9808 2423
2796 2696
5867 2683
3524 2300
2165 168
2496 728
1162 255
3029 452
5121 705
4879 4060
7840 4454
1828 373
9841 4114
6725 355
8356 5629
6735 746
9855 9192
9535 982
8641 8477
1626 882
1503 311
8603 5075
9901 4133
9897 7620
581 3
6837 2259
3121 2849
4758 930
9466 1167
3770 3261
3463 1120
8520 7611
3275 1826
5818 3357
3115 3026
8316 3777
6987 4748
265 55
215 170
1970 1440
6525 2066
1158 45
1721 697
2832 889
5440 739
6237 3065
562 82
6298 1409
1836 1549
7630 7538
1437 125
6545 4986
7942 1777
9818 2386
1530 292
1884 1485
3355 2634
