336
9505 9867
3415 8849
4946 7904
3069 9513
6851 9815
6894 6969
5630 9858
6419 9365
3266 4553
9350 9482
7684 9060
5364 6320
7819 9734
6344 8501
646 2690
1816 9340
5362 6826
7740 9489
9755 9880
77 3223
3172 9159
7401 9940
6979 7336
2028 3081
930 3842
2720 9819
8631 8790
6726 7782
5308 8384
6617 8894
2254 3657
8319 8351
4205 8290
4139 7789
5014 8024
4331 7017
6212 9876
7969 8233
7263 7862
5384 8287
7328 7978
4529 5269
8585 8617
8241 9134
2470 3374
2101 4366
2490 8976
2553 2982
3791 3939
9177 9709
1014 3080
589 7173
961 5996
4119 4322
1308 3849
4027 4369
450 2732
6238 6743
5294 9249
6116 6805
1409 2499
8899 8962
9813 9934
1039 6434
3557 9900
9869 9930
4187 4732
7191 7341
3693 4511
7186 7192
3144 7494
4201 5316
3832 9717
2607 5764
7311 9206
1174 4431
8634 9056
5114 7285
9547 9841
4183 8823
1630 9143
295 6055
7854 8658
2394 8083
6408 8313
8500 8522
6674 8477
6614 8075
4255 4752
9678 9802
2477 8167
462 2094
8760 9347
3161 7687
7851 9445
1354 1380
1219 6160
5511 6885
3887 8706
9647 9989
9323 9327
8752 8798
4392 5890
7419 8441
3027 7086
5180 7956
9719 9928
7628 8940
905 4868
4709 7070
5817 8122
7504 7659
4828 7979
2119 3611
8538 8625
2402 7647
1306 9798
4506 8606
9524 9554
9665 9911
5463 6893
3813 8271
9372 9779
9167 9933
2251 9148
7852 8418
4193 9435
9745 9988
25 7417
6387 9011
5051 8511
7911 8576
546 8820
1170 3617
4958 6484
5329 8474
2007 4009
8885 8909
4234 5911
9783 9873
2869 4440
5515 8111
4044 7991
4747 6179
9924 9931
9168 9188
5323 5786
2774 6732
5696 7589
3051 8846
7749 7770
5535 8368
3044 7097
6313 7057
7609 9252
681 8475
5578 8672
1627 5825
5319 9089
9356 9515
1161 2070
528 748
1275 8699
6971 9602
2226 3219
1506 6453
6326 6482
96 9906
6423 8520
3162 8928
5022 5088
3866 9608
5604 8450
8841 9085
8839 9562
9922 9937
1359 3365
7159 9336
9280 9584
5125 5146
4922 8518
1439 6964
8366 8611
5910 8412
5718 7221
9503 9868
874 978
6354 7699
5350 6442
9884 9890
3634 4643
2844 3238
148 1782
1731 8406
8667 8964
5033 9054
4360 9870
2555 3408
5117 8955
6661 8038
6513 7408
6142 8230
6279 9046
5798 6213
2779 7912
6480 7306
1949 5106
8482 9295
9540 9830
887 3113
2783 4177
1739 9277
7636 9795
8687 9419
850 1422
5142 6692
1650 3189
1098 7006
2921 4921
3823 8797
7987 9127
8498 9271
6841 9348
7833 8409
2173 7507
6184 9354
4496 9826
1910 7193
3372 6587
1110 4460
8255 8557
9052 9292
510 5532
5369 5418
5843 8536
288 9518
1736 6084
3614 5556
3679 3766
5123 5853
9109 9625
9901 9962
950 2413
6449 9457
7410 7695
9227 9422
9067 9485
5524 5545
1538 2854
4910 8240
918 5096
8108 9448
6136 9364
5984 7618
68 4063
8138 9443
5646 8647
2671 8742
3506 9687
4903 8637
7817 8680
236 7869
9700 9958
1729 7236
9420 9447
7271 8893
2686 8734
329 6935
1615 7381
4776 5871
2569 5024
4975 9059
5488 8942
5765 9541
9181 9992
221 2807
3913 6853
8405 9909
4941 6540
1595 3528
7300 8578
3831 9321
5116 5649
9398 9791
5631 6194
2152 7958
1751 3239
9092 9609
6908 8827
5104 5655
1859 3334
8146 9025
6163 9253
4634 5906
9200 9832
2038 6599
3088 3258
5305 5957
4123 9750
4960 5967
303 6048
7329 7717
3367 8493
5094 6381
3041 7098
7846 8295
3853 6576
4641 5270
4733 5960
9974 9998
5784 8154
54 5585
1642 5854
2647 8258
2366 5147
4268 6168
9768 9829
3263 5440
7517 8215
436 7613
1173 1842
9184 9198
1889 9659
8596 9497
4514 7773
8526 9637
2002 2895
8121 9994
1897 4501
6585 9389
4370 8968
9875 9886
5599 6225
7652 8804
658 4655
4218 7297
167
6105 3748
5484 2635
7937 6951
8239 4968
1940 1481
1393 84
986 343
8723 6839
8904 2046
2747 821
5258 94
7752 2886
8801 483
8645 5805
7143 2557
6746 4041
3741 2644
337 16
180 93
278 251
1051 157
8987 6428
7615 7519
5551 3798
2304 1719
8102 6880
3848 2888
8263 561
3342 1495
3178 920
3048 2167
1250 187
3075 1819
7907 6093
8293 1509
536 218
1324 724
7703 240
1435 580
6551 851
4137 1208
6188 5304
734 88
8738 3422
8471 2121
1183 305
7279 1155
5309 940
3024 2543
7176 6357
2109 511
800 390
8214 2930
2764 2751
8426 6401
3385 1712
8835 6914
4298 2208
2163 40
9444 7189
629 169
9341 4867
1658 1090
1776 122
2017 56
4292 2995
5346 4227
5776 5436
3242 1876
2593 834
7165 1793
8077 6378
3660 3011
6604 235
6785 2027
9589 67
6220 3034
8168 106
1920 1586
6409 5955
2694 907
4454 3595
4836 3829
307 161
4357 324
9475 9023
5894 3627
3083 1526
6578 3390
4656 2489
1137 690
4355 95
9809 1101
7475 277
7094 6910
1480 572
5755 970
9416 5120
9831 7441
9368 3694
6865 4879
3241 2506
3194 3107
7825 1470
9207 2785
6898 767
9495 2364
9240 6843
2035 1377
8058 2124
6151 4632
5405 3412
6276 512
3944 2604
9551 8029
4359 568
3434 3251
9285 8101
11 1
6222 726
7008 2390
1113 102
7560 5216
2032 823
8142 5958
3795 1807
59 49
3893 2919
4452 3467
2545 644
841 112
4349 1469
6145 2936
6548 5882
7237 5582
7240 5232
1348 113
8285 525
1147 330
6233 2187
3850 2241
6600 968
8487 1404
1343 334
5385 3227
4128 1881
7108 608
6809 3874
554 538
4532 2359
7543 517
5686 4397
4786 4766
386 75
9003 5273
6455 6032
7227 3151
5152 2752
9275 601
9944 7477
2652 529
116 79
6395 478
3695 586
3901 2204
2664 2018
3386 1860
