772
9466 9983
6192 8565
9859 9920
1262 2542
525 3071
1919 4704
1511 9885
303 9219
1700 9806
1620 7885
1047 5067
982 2449
2813 8700
3852 4143
4355 9481
8379 8420
5122 5148
8714 9305
6017 9116
8698 9834
3053 4666
3886 9733
349 4274
7404 8332
7134 9612
9969 9974
3027 7553
3365 6629
4214 7727
2386 5096
8396 8822
5453 8528
7630 9594
3904 4593
5372 7416
1341 7995
7802 9079
1836 3009
6633 7410
8100 8858
9584 9853
1344 8866
6502 8882
109 8145
5922 6069
2953 5856
102 5071
9655 9951
4915 6980
9663 9763
9435 9725
3773 9417
3389 7621
9744 9991
8435 9349
2789 4732
6043 7657
4773 8204
8916 9732
4758 6052
958 4357
5590 7069
2861 4639
2662 7399
7334 8906
1435 4931
3125 7707
3991 4644
7672 8415
3330 4748
6883 9645
1353 5484
2550 4105
7331 9603
1791 6358
8657 9454
6664 7157
1174 5464
1421 4449
5274 7244
9604 9955
6293 9187
1411 2790
9006 9872
9627 9637
6683 7206
8836 9308
6753 9247
5871 5966
1975 4317
2952 6289
3755 6834
3001 9395
1730 2228
9786 9895
9887 9909
3649 6078
5336 6086
1849 6488
295 5626
8061 9692
1718 7715
310 7881
3432 7363
6639 8409
8062 8867
9320 9490
8887 9076
8181 9356
2748 8047
2488 5406
5404 9068
2498 2503
5083 9906
2628 9492
9954 9966
9896 9953
742 3735
1437 5800
2074 8455
1880 3216
4618 5443
3121 3429
7411 8280
3174 5774
6215 9296
9782 9820
2177 9232
9797 9998
1 4443
8356 9596
3963 8782
8799 9571
5770 6705
3261 9647
8908 9642
736 2505
9751 9999
2 1243
3709 7491
3636 5330
5069 7485
5231 7224
9609 9927
5206 9461
8877 9992
4417 7356
9057 9299
9835 9923
816 7041
4501 8616
8670 9241
1591 3724
6446 7055
5215 9326
3411 9506
1900 3312
7165 7868
2442 4936
7705 8312
2885 9174
9547 9888
8855 9105
6169 7632
1178 2814
2271 4814
9214 9987
8315 9366
3089 3814
4976 9259
1887 2633
2410 7269
5708 6592
5993 9501
6698 8153
632 5346
3483 6654
1609 3843
9353 9358
9990 9993
5184 6459
5411 7481
1671 7087
1432 2901
3855 6102
5788 7525
4532 7500
6513 8962
858 979
8027 8626
2547 5195
4805 7261
7507 8426
1212 3230
3463 8963
3328 7418
5425 9611
9016 9562
1731 8746
4966 8507
9868 9963
576 669
4777 6692
9618 9661
8935 9376
4630 7323
4024 8406
5126 8577
1135 6455
3133 5650
8777 9780
4243 5282
7823 9095
423 2836
5371 9881
8005 9476
8285 8365
6673 9914
8434 9639
9507 9845
7774 9007
8182 8591
3437 4985
3048 7962
2029 8793
1479 4964
5656 7817
8283 9374
4800 6340
1964 6097
1660 8059
4654 7571
1501 6182
7619 9708
5862 7265
2268 2999
9894 9994
658 8368
4680 6240
4307 7713
724 8329
5575 6816
4177 6343
7229 8824
6322 7268
4166 5737
6721 8969
8334 9252
2285 9082
6736 7648
3199 4458
1208 2700
8377 9053
9127 9860
5182 5777
5014 6456
4561 7605
3294 7523
8923 9298
7988 9031
6348 9861
4940 7264
1000 6769
8219 9350
1666 2781
8932 9599
1048 7272
4412 6675
7746 8112
8012 8446
7734 9420
3191 4528
4031 5088
1118 1326
552 7850
8703 9445
2536 3587
5409 7963
5727 7420
4768 7838
444 4692
939 3004
3850 8118
1862 9142
7199 7433
8531 8727
7290 9538
7174 8747
1570 4043
1673 8526
2611 7158
9524 9867
6210 7025
1354 6632
8013 8930
1603 4202
9311 9457
3675 4308
5243 9610
3433 9620
6310 8179
5811 7186
3253 3352
304 9908
5880 9386
4195 5455
3283 8131
7536 8158
8917 9240
9573 9863
6391 6464
6554 6754
787 9986
509 4656
5802 7809
1073 3618
3683 9201
6190 6573
8682 9101
212 4872
9857 9926
8624 9512
27 9687
6634 7309
4438 8298
1967 2041
2849 3098
104 5010
5874 6931
9342 9717
1436 4075
9509 9566
2607 4657
722 2429
757 2486
8001 8890
5733 9409
6582 8123
5388 6357
2087 5746
3488 5666
5576 9278
3158 6154
1579 6702
6835 7208
4314 4553
2712 5327
3753 9561
9498 9864
3145 4233
4439 6137
544 4191
7386 7892
5580 9734
6429 6576
1512 8345
4828 5399
9803 9900
9401 9795
6714 8895
1740 8424
6588 7103
7068 7447
5748 9735
6700 7857
6165 9721
5781 9251
4170 7061
194 8311
755 3836
22 527
3045 7780
863 6396
5735 5873
897 7920
7443 7718
7623 8247
4563 6859
1874 8045
7534 8711
1640 7237
1160 7837
5335 8263
4752 4932
1382 2546
7846 8214
5136 9456
7853 7982
4054 7337
6342 7341
8952 9226
996 6955
6819 8697
7730 8566
6189 9641
571 2298
9222 9784
1947 2149
4689 9670
7969 9902
2325 3544
8533 9408
4014 5559
3110 4010
5348 8277
9450 9652
2004 6970
7207 7466
7104 7851
7612 8559
1555 2567
2331 5613
4011 7586
6820 7631
5723 8091
930 1698
5046 8129
9583 9958
556 906
8260 8323
4280 4722
2287 7316
5220 5329
4954 6301
7169 7538
9475 9636
5242 9866
9665 9935
4646 6129
3149 6185
2540 8188
8436 9330
7150 8124
1864 6526
6919 7924
2227 4218
5121 6993
4525 9826
4467 6547
8192 9772
4441 5639
3777 7987
5982 7072
5579 7003
8893 9995
5100 7869
4368 7903
8393 9399
3728 3924
6747 8232
9139 9597
2589 4225
1250 9111
7307 7493
3418 5358
1768 7728
2381 5801
7278 8787
8938 9054
1129 8302
2535 5224
2782 9526
5024 6290
4559 8439
778 3017
4997 6546
4783 6179
9910 9996
2389 3270
7083 8807
1800 3950
3293 3566
2515 9019
314 7240
9581 9776
2124 6612
6937 8619
7405 7569
2407 5165
7340 9341
9949 9973
2930 5415
1884 3652
4102 7460
8197 9231
857 4564
4642 6486
7365 8739
9398 9916
2199 6312
6344 9775
144 1785
3934 9919
5090 6395
1399 4992
3650 5288
9144 9488
7517 9061
5361 9683
3160 5054
4937 7757
882 8880
2244 8381
2884 3771
9852 9962
656 4192
1423 8296
2555 4422
6842 6996
8772 9318
3830 5240
5565 8236
7994 9686
3684 4292
247 5216
2601 9044
6283 8231
1405 4994
8944 9513
6440 6552
1888 2380
4385 7562
668 4181
3208 7397
6403 6947
1496 9715
7754 9367
3599 7001
4923 6231
3851 5203
4271 8287
3062 9808
9403 9653
7660 8458
4048 8284
7451 8252
7357 8403
8395 8605
7794 9372
5458 6004
8020 9336
9915 9943
9423 9491
4081 7093
3423 4856
5861 9746
6951 7379
3960 5914
2969 3548
9681 9897
4269 8523
4737 6048
8572 8922
7036 7213
9474 9635
7579 9468
1580 6667
2308 2695
1898 3035
9582 9710
9930 9988
7390 8057
2865 3750
8164 9393
6921 7799
200 2238
6261 7276
9812 9892
673 3949
5633 6972
502 1974
5103 8790
6636 9302
4493 7918
6200 7578
411 8699
1036 7768
7592 8194
2156 9676
3534 9685
450 6081
6058 8017
2398 5969
8175 8186
315 1287
5563 6915
7564 8548
6379 6426
6051 6433
6369 6997
7408 7675
4026 5442
7328 9235
2756 8586
5075 5601
9258 9769
8105 8199
4156 6771
3703 8274
2110 7344
9365 9719
4266 9280
4204 8690
1043 9672
1827 8985
8983 8993
3868 5981
6635 7477
4338 9313
4988 5973
4556 9989
1114 1332
2304 3286
4845 5402
986 4476
878 6512
9151 9858
1412 6809
4006 8612
7625 8363
9568 9818
2622 3292
4484 6709
3512 8451
6761 8114
5812 8488
2788 7326
5594 9849
3408 6105
4900 7013
4921 8353
3099 9477
8407 9059
4567 5145
1115 5474
3770 4111
1965 9352
4981 8753
2588 3325
8596 9415
3401 5276
9527 9889
1324 7048
4891 5433
4070 4850
1741 7354
4566 6610
6732 8801
277 2946
1612 6505
7935 8542
4597 9327
2397 8447
9426 9694
7877 9979
6271 8546
1381 7203
7806 9032
2812 4580
9413 9428
6157 7189
4485 4521
4087 8222
2273 8400
6098 8519
3734 7506
5454 5944
2877 6073
4934 8668
3508 9238
5440 8146
5615 6032
5456 5690
7820 9209
1514 8225
6800 7729
1255 4201
1680 3014
3706 5325
2573 5531
2889 4744
438 7840
3159 8071
4742 7983
9680 9814
9928 9961
392 6010
6204 9931
7042 7845
4107 9480
6425 6676
3996 6411
2114 2655
4134 4293
1685 6837
66 4907
5822 8521
4662 5490
1378 4323
4601 5284
6975 8710
2256 4634
961 6562
7593 7763
2135 2955
3205 3719
5611 7015
7335 9918
9942 9980
8337 9414
8495 9103
5525 8325
8833 9193
4795 8419
2839 3844
7957 9781
1863 7997
7209 7841
3606 9197
7115 8107
2289 6252
5823 7385
6300 8336
540 5176
2896 7805
4436 5038
9009 9965
2139 9073
976 1549
2996 3569
5168 7160
950 1019
8909 9625
6045 6383
8128 9424
3772 6476
8502 9557
7893 9003
7255 7938
3754 6126
3218 7440
1626 2190
6528 6749
1896 4534
3952 4444
3442 5757
9978 9985
7931 8008
6281 7016
3073 5537
4836 7996
4898 5367
2173 9543
3515 4080
1988 9387
7950 9265
2334 7649
5166 8360
2829 6132
3343 6318
6437 8934
8817 9375
2977 7733
3496 4226
5616 5707
3620 4762
8633 9580
2850 6135
9518 9844
3464 9827
5951 7572
710 2104
174
5751 5308
4690 2934
3785 2791
1375 1116
8212 6138
203 68
550 543
3788 1478
8184 3297
6613 946
8378 8256
5705 1979
1971 1398
2042 605
969 528
120 77
1429 1320
2370 2164
4694 3815
2763 1342
481 138
3103 2769
967 129
2758 1240
6356 689
3374 877
8226 113
5587 4494
4975 70
5473 4554
9067 1322
3700 3338
8014 7633
597 189
4022 786
4265 2495
1059 942
356 43
3967 3100
2493 1999
7761 5303
1594 1167
2722 2003
7955 1158
5450 4903
2157 1492
3372 477
5291 3677
6756 1112
6987 95
8412 7899
6768 6618
2235 1256
7590 5868
5238 2460
627 415
8912 1635
3745 1027
5709 2624
5417 2169
1067 158
573 126
2844 2553
5521 3076
9115 6363
1645 1066
5360 496
8154 4839
6044 2619
441 21
6758 5496
6372 3335
9523 744
4693 898
4741 3301
8201 2299
3869 944
3939 3049
257 150
4978 3798
1605 1309
5866 5091
5929 1109
3842 2079
3183 864
3143 1602
974 65
2921 1503
3010 2284
3147 1355
7185 6917
4173 621
2140 1772
4435 4009
6096 3887
4958 4379
5697 5162
3399 503
1372 1299
8000 4460
9938 1384
6244 4403
1676 911
5572 629
2727 2443
9890 8352
6022 534
1128 672
2412 1327
4312 1170
5956 4352
468 410
4388 1841
4519 4309
7096 1541
9274 3247
7645 7116
5201 464
8676 3562
4342 317
3436 283
7306 4508
5507 3349
4137 1466
547 456
9739 2122
6311 4258
4142 3313
4986 1023
9154 7607
5782 4479
8086 3624
9905 937
3390 751
1113 600
1607 774
390 287
7219 2016
2797 583
2065 288
4497 4037
7669 6445
8073 3446
6347 3529
9932 3575
2860 1499
6577 945
6789 1562
8089 5837
5245 968
2109 351
874 753
3848 1244
82 34
925 777
4855 2584
5477 666
2466 1543
320 90
329 243
5652 461
8846 1079
8571 2761
7546 758
4743 3406
7129 4870
5106 2830
1468 983
7127 1969
8915 5293
7252 2847
9878 6521
8773 6468
3978 3609
