357
6730 6777
8919 9217
9223 9845
9966 9987
6641 7460
880 7756
9437 9722
1784 8630
7347 8647
2915 6859
2978 7945
6413 6785
7338 9900
8732 9568
8396 8738
5285 7175
3780 4651
3302 5227
8607 9479
35 5969
4494 4903
219 294
3930 6591
1714 9131
7670 9338
1820 3125
1300 5292
2492 7801
4528 5250
4899 8577
2114 6660
1562 9967
2261 9849
1921 6384
5522 5660
220 4410
8128 8350
2420 7168
3979 6482
2315 6910
9725 9911
5266 9274
7488 8755
5974 8233
1321 9074
2413 6745
6768 8709
3165 5481
3945 7621
116 2538
2863 3434
1310 1487
6822 8464
6058 6611
6998 9410
4889 5221
5025 8074
6215 9141
3649 5606
1004 4310
1569 4873
7822 8145
9535 9975
9145 9412
9528 9964
1952 2833
9237 9886
4890 5459
536 7019
5987 6624
4556 8604
8850 9354
2084 5281
7164 8835
299 4237
375 3507
8226 9965
8205 9592
2422 8492
1194 8746
4187 8712
5879 5893
135 6849
4429 7501
5860 6142
464 2517
3374 4725
9394 9768
316 5403
9893 9904
2301 4965
8496 9494
7017 8229
4688 8844
671 7833
2769 3584
1958 1995
8762 8798
1585 7253
8512 9773
2610 7578
3411 6285
5269 7320
7907 7935
9931 9960
4157 7576
8115 8923
7999 9031
4963 7770
4201 6982
4967 8987
8174 9395
8840 9865
8554 9780
5721 9377
3881 7885
8462 9126
8610 8859
2651 7284
6039 9373
3102 5138
4666 6012
24 1430
4442 8600
4408 5335
9308 9365
5469 9167
7214 8885
508 4046
702 8412
3831 8068
6914 7866
5141 9860
571 4563
504 1756
1189 7077
3760 9462
7555 7584
5623 8302
3488 9873
62 9545
6357 6654
5784 9696
8506 9269
5711 6747
9644 9829
7089 9497
1235 8468
876 5806
6979 7832
9374 9438
5428 8333
363 8990
1200 5912
577 8836
3804 7760
8348 8395
3591 6414
1134 1210
6605 7497
9814 9828
9963 9990
7382 9685
8660 9702
5837 9888
1705 4191
3777 7880
1011 6551
9546 9885
1806 6692
5359 9788
701 1735
8085 9916
1800 4185
3560 5380
1818 8625
4370 4690
739 9023
1018 6626
9756 9909
1477 9959
705 7261
9471 9620
7748 8426
721 9726
7172 9212
7269 7635
8664 9616
1390 6738
6944 7402
885 5400
7394 7922
1824 4828
7783 8057
1597 5088
634 1725
2895 7614
545 4076
2386 6531
6037 8109
724 9666
2889 4019
2096 5325
2715 9686
3455 6484
2184 5642
1992 6409
4234 7596
6003 8915
8511 9326
1673 6615
4440 4484
4993 5512
7549 8830
1960 8527
9197 9314
1832 3964
1391 9517
2094 5565
7518 9929
1599 2206
6428 8059
2051 3223
9636 9794
7900 7979
7314 8745
7873 8727
8246 9008
329 6748
3375 5161
4938 7682
4624 4925
6793 7119
3193 9230
4001 4614
4829 7028
8638 9586
853 5733
2688 7270
1802 3912
6363 8657
1955 6648
5290 8683
539 8748
4143 9025
1786 4229
3719 5887
2236 4706
7686 7720
3432 4516
3940 7434
5513 7515
9254 9867
3536 7043
8875 9444
7990 9384
1299 1433
9526 9869
5692 6943
7968 8503
5425 7205
6993 9704
1860 2523
5966 7586
2739 4282
5931 6681
3967 6118
5776 6123
5531 7141
2529 9470
9252 9653
5256 9450
1868 6388
5831 7694
5405 6096
6354 7128
8571 9939
2065 6105
5187 9473
2723 9116
2351 9602
6242 9417
3642 9500
7530 9897
1212 8871
14 7601
7053 7595
4541 6687
2803 5637
4732 5035
1224 1672
6006 9330
8151 8818
456 738
2686 5505
660 6113
9934 9941
6861 8169
9778 9798
8009 8603
76 4258
8087 8920
1372 3587
3518 9994
7806 8640
8891 9522
4646 9906
7010 7868
5216 8588
2122 7804
5991 6759
5525 7503
2173 8758
1519 1798
8565 8694
8046 8907
3351 7778
5980 8208
424 6502
8834 9199
5263 8019
5613 6625
8005 8618
9036 9448
4128 4265
7959 9571
2860 9224
543 5492
9781 9921
2924 6374
792 948
1234 1572
4570 6941
3470 9184
9613 9818
6257 7138
358 7599
2427 4773
9402 9894
8047 8801
6182 7351
4194 5959
700 1205
6066 7397
2243 2760
5284 8366
60 465
7078 8497
578 9189
1197 1669
6247 6289
1990 9422
6138 7733
2917 3737
3257 6127
7333 7377
13 5889
743
1145 420
9261 967
3907 1416
9322 6448
9083 5955
4202 4065
1041 161
3589 609
3025 1062
6791 3495
9625 7972
1542 106
5608 64
3718 3491
6169 888
6779 4286
682 140
9360 2169
7666 4377
5542 4659
478 171
6364 4721
4090 987
2164 1124
2383 867
6729 2447
7925 2249
6081 5885
1078 886
556 282
8718 7747
7292 5202
1510 295
1263 525
1066 103
8826 8066
2716 1757
9026 5304
2840 1123
6445 3095
7124 4459
6542 4571
6926 1712
3017 1845
1550 1286
6549 1895
5418 804
3332 684
8211 4475
6514 2181
7995 4448
7642 4161
8372 7899
2241 1021
3971 2582
8258 752
3836 322
7154 164
3688 2564
8551 2527
1841 829
5422 3612
7464 540
6855 5880
9474 698
8805 3307
2273 883
1227 1144
6124 77
5910 3310
6312 4462
3439 1256
7185 6725
8325 4515
3873 3626
8079 21
4305 2262
1312 537
7022 4694
5838 3561
8076 6975
3699 3349
3090 2645
2361 1849
1075 25
9159 4508
5190 4741
3784 3156
6760 2867
8181 7070
2576 1470
5420 4273
1072 1042
2535 2225
5076 1152
7785 4613
5739 4594
7388 5568
6659 1107
8063 1474
8180 3673
7513 1353
6216 2819
4630 2265
2628 875
4914 1566
3982 2795
7574 5607
9381 9207
5766 1644
3245 663
2644 1121
811 538
8098 6740
8008 1267
2635 1147
8318 3990
8073 1057
2057 569
6258 1905
1161 598
9024 7200
2224 1274
8465 5497
3029 523
903 459
7367 7250
1137 940
3037 825
6690 331
6869 115
6180 3622
6550 1614
75 3
9958 4937
3757 3222
3062 1716
4767 672
4763 1555
7500 1516
8443 2680
43 39
9275 1071
4718 54
1017 718
881 292
9841 2485
5668 3010
4241 1803
4314 1180
5566 4023
8810 6534
9144 8225
4830 2431
1631 1558
6958 6582
7912 6324
7825 4320
1193 336
4388 2916
7108 2926
6788 482
9925 479
3827 2487
2465 2421
6721 6154
9323 1453
1859 836
3448 2873
6004 1012
2770 1032
2089 1013
7294 643
8837 5287
7813 408
2501 689
1130 1129
3137 2399
8813 3400
4928 1666
679 587
4207 618
6806 6706
712 134
1769 450
3666 55
2182 564
4872 1216
8122 7472
3730 1373
1359 648
1247 56
8786 373
2038 1662
9077 5468
7691 4491
386 307
172 87
6644 6373
352 327
4683 415
1426 51
8971 2845
8846 4997
8393 5975
868 98
1198 692
1779 396
367 71
8681 255
6781 6367
9642 9168
783 584
1073 977
9728 786
3802 1206
2213 1208
9249 2326
8543 1836
6984 5192
2560 2460
8479 6151
7992 1959
863 734
2780 276
9969 8003
3559 741
998 467
4816 3146
7161 4832
4656 3329
1422 1091
5337 1431
7312 4324
2685 656
7524 4620
4197 4085
2638 2121
7415 1838
2802 457
7590 5232
4421 3352
2165 944
8662 4811
9256 6455
8082 7489
3754 1630
9210 2515
9785 2549
6202 4740
2826 1456
6608 3378
1332 9
3857 2266
4457 2248
94 19
2452 195
9385 964
9693 8117
3981 947
8728 3988
1455 480
9496 7325
8785 7762
6756 6447
6707 2503
4826 4398
7451 902
1925 1788
7857 1428
5631 1354
1923 302
3355 2537
6894 1815
2380 976
7452 3369
5576 1834
5723 3693
3714 32
6568 5577
5801 4419
1646 1308
8235 4209
4449 389
9572 2041
2632 2205
1920 1118
8447 7713
1159 1065
1496 194
728 403
7743 3298
4054 647
2857 1973
2186 2104
651 559
33 10
5935 4206
9265 5051
5610 4588
2631 2459
6245 2026
3803 1297
8740 4738
9283 7592
8390 847
2127 2058
5296 3623
3549 1740
8562 2171
4251 832
9784 3344
646 199
9368 8212
5574 974
9998 7763
4480 4021
8189 4005
7182 4486
7777 5245
7774 7329
3707 2073
7703 7603
5303 3443
3736 3433
262 6
9855 6809
9469 4855
6873 2611
4660 4467
6500 1947
3454 657
3900 3768
8651 2348
3977 3320
481 207
4452 678
8072 7532
8359 483
6797 5036
7352 3949
9541 5464
4589 2836
1201 610
2016 443
6036 1966
3701 2135
7232 6300
3444 469
6488 5226
9902 1531
8675 3196
1782 1127
5981 3209
9408 8504
5327 4801
1482 713
4991 4635
4052 2192
8888 3745
4345 3852
1069 901
1774 1190
9133 7896
8775 8204
8499 2066
3986 3447
2728 1829
7225 3692
3859 2025
9320 3526
4839 1710
8188 5540
1228 121
5710 5562
6711 791
4643 3715
6991 1463
3396 602
8398 7262
4742 2555
4661 529
9519 6031
4337 778
9012 7243
6609 1930
7337 494
6330 4768
3233 914
9468 8962
5120 1447
354 110
4103 597
490 151
9531 981
8360 3553
9563 3524
6294 5410
7198 3811
2787 49
261 89
4752 1191
9054 1683
4972 2268
8053 5979
7188 3097
9877 6848
5099 2346
3418 871
3072 2596
586 355
9418 2974
7606 1746
1627 1421
8622 4716
5583 2381
8715 5617
6322 4393
951 277
3261 2043
4225 544
3630 269
8839 8791
7079 5105
5854 2309
1219 113
5168 4978
3236 1872
3568 1384
1002 372
5117 1607
1700 590
7854 6954
4330 1010
2791 118
8300 2888
5297 1339
1389 637
1778 1351
1126 275
1706 1532
5630 2466
4955 2561
4519 1183
4843 446
5609 2948
4349 972
7646 7445
8186 1292
188 180
9734 1837
1035 18
3309 1414
15 7
8782 4322
6068 2995
9383 7319
812 710
2364 983
8276 7313
6046 945
8842 429
8250 3370
6713 4097
5487 5239
2190 1511
58 4
2155 1665
6815 1088
8645 7826
288 91
5272 264
9084 223
7375 619
9521 2490
163 158
6325 2939
8819 4932
4601 2035
8070 117
5521 963
7201 4710
6946 2242
8669 552
3346 631
1059 787
7166 1188
9134 8179
3197 941
3353 1809
5204 2467
5445 4412
2530 1840
4789 3624
338 133
9932 6884
9842 1929
8253 2731
2083 439
2235 311
668 20
8848 6949
3821 1125
224 100
8012 827
6664 2194
3597 2470
9491 8671
5374 2328
6331 6274
1730 988
6678 2963
8719 8491
4154 794
7639 7213
2257 1518
9151 4638
7081 1006
932 859
4631 2303
6297 937
1684 1400
3219 1602
2746 1839
3093 2581
2449 2210
1682 272
7820 5789
8865 5090
9676 7864
323 265
3951 2568
5156 4549
8579 1605
2741 1728
2216 1589
949 48
1623 1497
2001 208
8056 7865
9772 7379
7411 399
2879 2022
1870 595
1140 463
6651 6255
1721 719
3799 628
2755 1172
750 418
8081 406
7931 4413
4507 1459
9044 7231
3279 1347
7768 4381
4404 2140
899 835
1052 582
1977 1525
8162 4617
6303 1912
7814 2589
9799 846
2191 1362
4958 3117
4179 2662
1143 300
1084 753
4253 3911
2167 1843
4471 1873
1894 226
7435 6481
3049 1741
5001 4195
1485 348
6674 2910
1595 1236
2690 104
4992 3696
8963 2663
485 350
6715 3395
4865 793
8955 243
2150 1553
1823 837
3884 2489
1719 196
7266 1450
9540 6001
1565 800
5819 1736
8628 6710
2223 387
2023 1094
1819 917
7552 5323
7438 7399
3892 136
8113 1940
2629 874
1405 757
7921 235
8175 8018
371 108
4609 402
7540 6023
7725 2133
4075 2283
8024 517
3541 2655
2338 921
8171 1491
1281 346
1657 419
1215 79
4168 3625
1276 1092
2627 2176
6443 551
7611 2719
8828 3496
3073 2961
191 179
9809 6508
694 120
1941 339
7064 5941
9569 2964
3858 970
3614 1146
4498 2913
1509 911
5394 782
6942 6567
723 581
8956 6767
7080 3212
5038 4198
6813 4177
8626 5178
3397 248
2158 2139
6812 239
5404 1596
2008 1153
8770 8329
7956 5509
9067 6524
7633 1131
9431 1077
1753 1096
4602 1771
3841 3152
8596 1534
9305 8413
8242 761
9920 4297
4625 4386
2758 1120
3840 280
3953 1874
2436 1110
5685 709
4733 1
2030 1360
5970 5006
4107 3563
3386 1230
8282 1945
8021 818
5612 1738
2854 131
8800 5534
7533 5385
1108 271
1053 931
3725 2307
123 2
5641 1257
3019 2703
4341 866
112 50
9609 3525
4118 3067
1574 735
2671 1031
630 142
1724 913
763 105
6227 4476
2952 1288
3238 3218
9667 4546
3968 2444
7582 815
3237 1953
5917 1037
7731 4675
4627 3937
7862 7047
5155 176
2125 1982
1811 1307
7543 3629
1967 1225
8546 7096
6444 405
4712 2486
1209 444
3230 1664
5796 445
2585 308
7459 851
7083 5251
7289 5500
6783 5824
6967 4700
5927 1609
5386 2753
8910 8142
8326 6836
7819 251
3487 2711
8633 6556
9630 1780
9753 1239
7687 232
7492 4087
9272 1675
9248 3182
5768 5372
7297 1056
7556 4366
649 466
823 413
4833 3399
5486 1797
9152 3874
4870 4575
1376 391
