831
812 1787
4426 9374
6380 8303
1945 4524
1730 9403
6455 9486
8658 9470
8094 9102
2049 5476
2764 6486
3480 7661
1639 9839
6534 7193
4658 8538
5380 7142
4714 5510
7370 9680
8686 9142
4734 8219
8767 8937
9129 9832
28 8727
879 9452
5857 9150
5570 5815
3679 8736
2152 5654
5685 8045
428 5950
9769 9948
2533 7817
6778 8965
1578 5702
2490 2565
8392 9501
196 310
1292 9061
5353 9159
585 5812
6964 7841
4250 8073
1564 4743
943 7076
5318 7695
2251 4573
2048 9517
5106 6295
8381 8420
2607 7483
4864 5420
7165 9156
5441 5947
2088 7037
7519 7892
693 739
2620 3248
5900 6100
8978 9561
5522 8138
9318 9405
616 7383
9074 9354
1677 2269
412 8801
925 9821
9086 9679
1423 5474
931 4567
6810 7727
778 3765
3350 8166
237 6654
6604 7221
5156 6371
5085 5209
5910 6854
6138 9675
7041 9796
2446 5599
2233 5781
291 5285
6762 8743
1851 4641
279 3010
8265 9355
3825 5604
3082 7436
6321 7064
1996 8383
6492 8370
7317 9980
615 1693
4354 5525
2189 3575
9507 9696
9110 9555
6793 6839
5484 8247
6592 8855
6239 9382
5895 7966
82 9388
9586 9950
3932 9232
5936 7803
7520 8529
3756 6268
5540 6353
6401 7819
322 1844
8867 8970
5784 6962
1798 7779
750 7958
623 8412
5133 7713
3621 4892
5330 5375
790 1375
7196 8356
3936 9434
6557 8750
532 4162
9596 9697
760 963
1544 9120
185 8448
7160 7505
5631 5755
2923 7228
306 7662
8522 9767
3363 8350
888 9624
555 3184
2326 3067
6660 7614
3150 7225
9953 9990
8848 8921
4091 5882
7377 7538
149 4554
4409 5832
7755 8605
2497 6612
2317 3873
5555 6617
5933 7798
6144 7416
7615 9820
1260 5007
3047 6480
1884 9859
6935 7762
1831 5928
8678 9037
170 3829
2621 8456
842 3958
2312 7078
5746 6873
7765 9137
4859 7747
1038 5630
1836 8248
2473 5896
7408 9314
324 5283
4489 7269
1190 9751
7135 9914
8793 9698
2580 6773
9216 9687
6547 6590
9463 9848
1325 2954
3704 6326
9936 9958
1320 6446
8843 8860
423 8355
1783 9699
7631 8151
4602 9531
8984 9423
872 2200
6325 9101
8927 8952
2015 6696
4208 4995
5687 6168
7849 9817
4212 5773
7061 9007
5986 9049
1609 6587
9992 9993
6019 7712
7237 7298
346 6498
5735 7051
2597 6551
8803 9286
9534 9932
2067 9644
8206 8673
6711 8821
5905 6648
6727 8367
8399 9363
4943 5213
2391 2848
9465 9638
1372 6246
7990 9732
4374 6827
9547 9635
1197 7602
4117 9484
2622 3538
495 4462
2711 8318
5486 9235
2844 8245
9530 9783
463 9027
6092 6407
5055 9198
8598 8653
7126 9746
5566 8226
6119 6960
4606 5564
9379 9973
5076 5481
9828 9931
779 1177
3876 7375
9964 9974
1482 2322
2653 3243
1104 5295
1255 4203
9580 9881
7252 8804
6788 8742
9705 9831
1955 7123
7881 8617
4279 5125
8608 9665
6987 8009
6379 9133
6358 7446
5679 7280
4848 5304
1602 4855
7287 8212
5422 7034
4024 9217
9862 9878
8829 9068
8570 9073
1223 7761
261 9004
5292 5664
1542 9893
7499 8507
1682 2164
5849 8130
1901 4158
1702 7975
4022 4553
4991 5350
4517 6135
8588 9934
9774 9800
8183 9002
3442 7580
413 4047
5203 5561
8117 8823
1258 6753
6651 7274
2291 6022
7903 8425
2507 9360
3285 3396
6529 9776
7400 8700
9822 9871
6270 9861
5680 6631
9173 9676
2045 3449
5262 8404
3295 4766
1034 3338
9453 9524
2566 4754
2672 9712
2959 4797
7511 8623
4945 6203
5038 5769
920 2131
4308 6668
8731 9416
5646 9344
5641 9458
8699 9258
1638 3652
4719 5434
6313 9224
6845 8192
3629 5354
4472 9677
3594 5347
5747 7933
5074 8232
8035 9174
3061 9752
7152 7362
604 3299
540 2454
9811 9854
3916 8078
7096 8615
2665 3174
2184 7120
5831 6153
154 8330
8913 8958
9533 9647
376 5635
6020 9356
9710 9982
9034 9715
9911 9952
3512 6859
8616 9546
3013 9573
4872 8621
8726 9511
5266 9266
9809 9989
4080 6471
2472 4560
9500 9527
3912 8169
4618 8185
8372 9927
9572 9918
2234 7369
3821 8177
9146 9866
2924 2929
5127 9311
665 8163
8533 9592
6234 6433
1324 7271
2715 3256
3180 4053
5909 9888
5980 6199
1008 5317
7812 9836
7153 8512
6914 7256
9509 9917
5932 8527
106 6826
5251 7691
4238 9508
4332 9013
3669 3940
8933 9739
3920 3956
1647 4929
4756 6908
5662 7438
1894 7985
9333 9713
7563 9551
3999 6639
3297 9538
2930 7597
2346 9291
3736 8541
1306 1615
2039 7983
3815 6166
4287 6834
7977 8422
932 1049
4970 6178
7700 8760
3849 5197
5683 6368
9771 9977
6256 6694
3855 6841
993 8985
6308 7732
4341 6730
9425 9553
9475 9909
7838 8468
8487 8895
2797 8704
2148 3830
1858 8434
7133 8738
7104 7928
7305 9933
4583 6768
6626 8709
3811 6545
8825 9270
5277 8115
2482 8111
878 7335
7797 9055
4954 5374
8112 8515
1986 7950
1426 6542
96 7853
2935 5401
1989 3534
3943 4302
7092 7198
9459 9629
5672 9316
502 697
7210 7222
4007 8255
5872 6241
1553 2707
887 8680
1371 6685
5918 7517
658 9505
30 262
825 8474
6539 7491
6263 8513
4392 9265
5175 7825
2853 2897
8912 9582
9371 9956
3691 7411
5848 8406
4137 5180
8609 9618
9012 9358
8899 9827
4878 5767
3881 8667
3697 8772
1970 5117
4258 9768
1548 8763
8751 9589
4227 6120
9125 9640
4735 8032
1813 6108
3773 9437
1026 5833
7039 8489
5050 6876
757 6886
1939 8224
1213 9669
7409 8917
8167 8808
1414 8040
486 9410
3085 4625
122 1597
283 9870
112 4185
4400 9084
1323 3580
5580 8160
3478 8737
546 6738
7433 8943
2160 5396
973 6229
1294 1683
7601 9991
9136 9208
554 2065
1113 8384
8107 8287
1754 1854
2134 8613
404 4780
4272 7167
5199 6351
5627 7813
1458 6632
8297 9916
6369 8189
6265 8795
2714 9826
3618 6578
5162 5658
7490 8172
9815 9867
8409 8903
7858 8087
948 2092
9857 9967
9879 9912
52 542
2808 6657
4305 9329
3315 3772
1 6882
7260 9272
4959 8724
884 9476
8122 9433
4609 8211
9300 9499
3144 4966
8415 9904
468 9902
5642 7382
4985 5766
6501 9079
9105 9429
6771 7548
1410 2415
4905 6205
9461 9921
3879 8859
7205 7940
4511 5810
6897 8644
5037 5371
6715 9431
2811 4519
668 9153
1207 8254
4818 9439
9390 9986
7893 8475
3118 4718
214 3549
4410 4500
6600 9162
772 3993
7318 8552
6790 9366
4918 6997
2802 9024
9334 9559
3145 5803
9299 9757
3921 4028
7164 9100
1268 5248
5643 6291
8136 9692
2149 9552
7074 9818
1600 2007
6202 8388
1772 4484
9351 9569
2057 8749
6804 7685
7818 8390
7116 7476
2331 6761
1170 9384
3850 9397
5032 5206
8659 9788
9264 9685
5123 9158
5157 7846
3195 5977
9190 9926
2583 6579
5648 7425
3922 7138
7432 8540
9047 9253
1833 5544
2926 5573
8096 8118
6179 7072
186 7516
737 3073
7593 9338
9563 9946
1749 4857
385 5845
5583 7565
2306 2349
2749 4927
3392 5178
4537 8647
7342 9804
6408 7343
7109 7574
2908 6377
7949 8114
9567 9728
2239 6728
490 4747
1159 1381
758 1967
1604 7144
5414 5432
8705 8907
6532 8532
2999 8941
1354 5202
856 8769
989 3533
4274 6849
2823 9172
2095 3105
9250 9743
5124 7644
4342 8268
6293 6905
4288 9756
8715 9278
6796 8482
4289 5026
7294 9851
8635 9997
6335 8962
5517 6105
2215 4475
4665 8365
5029 8948
5288 8966
5700 6628
635 7429
2676 4072
4541 8534
8521 8723
7475 8083
3979 4058
6629 8651
1488 6758
8576 9894
2593 6466
433 2289
6456 7093
7862 9521
3348 5057
5382 9052
7711 7851
2907 9051
6848 7582
4330 4656
1072 1417
4979 6627
7406 8926
5659 6510
4820 6232
4867 6399
8972 9660
6900 7524
4322 9122
1278 3882
7452 9762
6832 9240
2441 5477
6421 8571
1821 3339
4712 9019
3904 7579
3092 3492
3802 5097
4582 5731
7163 7778
4716 6469
4829 8869
4790 8019
5444 8831
707 7332
7495 9359
1593 3995
3945 8418
1985 4814
5839 7598
4338 9506
5559 9994
9636 9668
1234 9168
5805 9181
2240 4919
503 1648
1178 3865
9307 9441
3816 4936
5976 7261
3398 7920
5314 7097
5237 9514
139 1657
3227 9663
5303 6577
4696 9872
2544 3090
1778 8124
3715 7278
5946 9386
5258 9394
3019 6346
7689 8839
6112 6951
7482 8775
7878 9361
1586 3474
2520 3552
1758 4911
9962 9963
6607 9662
6357 8174
3087 3386
3460 7025
2852 9107
6045 9023
104 977
9614 9777
3988 5080
2342 8201
1379 1681
2483 7264
4373 4897
3709 7743
9545 9801
802 7934
4399 8396
3358 9044
2350 3555
4049 7692
3368 3625
794 5885
3427 5783
6861 8258
7970 8346
7224 7366
4926 5337
6885 8901
7907 8188
4013 8028
3463 6036
6963 8871
9908 9995
1035 2875
8819 9088
6928 7202
7679 9604
9054 9248
1063 3648
487 5600
9922 9966
7361 8015
7457 9221
690 6259
384 5734
6525 7822
6225 9799
663 3822
4189 8633
7786 7815
1752 5913
964 1186
2998 5271
7440 9293
3064 4546
1838 1850
6675 8951
151 2552
1494 8993
1907 5997
7871 9193
9369 9593
7586 7788
442 5190
641 2604
983 6695
5328 6137
8753 9462
8455 8986
5615 6249
7306 9574
8203 9707
3341 4965
997 8916
9519 9722
1594 1763
6866 9163
3898 9846
1328 6672
8990 9672
2455 6209
1591 6024
5575 6559
4146 7339
4282 8807
2699 6716
3084 7848
9409 9619
5011 6012
3334 7000
2594 5280
951 5110
1261 3372
4639 8102
4413 8792
2294 7810
8353 8361
4054 5166
2126 9686
694
8905 356
1534 448
3298 3270
2925 1887
7184 6990
8786 2686
9191 2634
18 15
7922 2464
2358 1554
5851 1712
3169 805
3191 1168
7303 2042
4050 456
666 233
1825 180
634 625
2427 553
8654 2921
835 519
1296 670
8348 3917
2522 852
8398 7831
5878 460
1801 366
9667 9630
1909 314
5521 1107
6763 3400
2766 746
2718 205
3897 2758
1872 1331
5148 2608
359 308
2155 521
5276 2195
5090 2467
6991 5385
5233 4660
6968 2777
1976 1003
575 531
128 94
4257 891
4256 505
464 260
64 33
4347 43
2988 1575
6001 1119
7471 3322
9097 7740
6840 4064
4121 1556
8711 5387
2364 1251
1975 1045
2551 2194
4624 3892
351 256
6584 5241
6220 1477
2912 535
4770 3758
6476 6409
7589 1231
7584 1101
8182 2675
7937 1607
5883 2789
736 432
3926 2254
1552 1528
9900 6688
7981 5828
9211 4544
3606 2955
5428 2719
9634 4100
4237 3683
514 449
3801 1050
563 458
4676 4612
3263 1025
7207 6296
691 138
8614 3344
3417 60
1495 906
6797 2979
8442 8200
1823 1093
7002 1529
8641 3280
4123 3861
6332 3193
702 280
9784 7470
177 49
574 107
5465 2426
2540 213
7052 4195
189 34
6831 4709
1435 491
1330 848
4801 393
767 725
9016 8334
1192 120
9389 1877
8414 633
2917 238
5433 2297
7987 3101
3545 2263
5616 1352
55 21
3246 3083
2397 827
4921 2284
9855 8225
654 501
5173 4026
5774 1611
9076 5533
1981 1137
7246 7151
8321 2944
5871 5449
4983 2997
3456 2280
2477 1412
1769 637
1558 880
8740 6858
1289 609
6614 866
3120 839
2380 523
9200 1777
782 387
8051 5257
1882 518
9479 7422
662 32
3098 1257
5321 1501
278 251
3577 2127
109 24
9368 1149
5629 3530
7247 2619
1786 218
7179 631
1180 882
3510 3503
4778 1449
8007 5856
7806 2708
2822 2281
1138 1012
5479 3696
8932 5982
1630 355
2139 421
9543 2172
5078 1339
2064 961
6307 4705
129 20
7168 3726
559 270
6671 2273
6054 4145
8577 4702
1499 101
2016 1490
9335 1826
9791 510
3671 424
3454 2534
942 335
5306 1384
2153 1481
5963 114
111 57
7844 2624
8580 2632
2159 1596
4561 3591
1121 220
9664 3366
87 77
7371 6243
7885 850
3491 2508
7488 2528
7868 7790
3761 2950
889 733
6072 402
5406 5220
6954 2451
2370 874
645 162
3070 263
6971 1992
7982 3605
9998 5348
1395 14
6159 4377
4842 4781
5045 2657
9203 7680
7833 5598
3461 2110
5595 3200
7687 5985
4094 2554
1001 572
3048 2945
266 163
178 66
6679 5294
4871 332
1135 498
8436 1438
2226 699
182 6
3798 859
6713 4904
5 3
3872 3731
6235 6048
3703 1624
1957 441
5427 1680
2468 1931
4438 4140
541 247
5714 836
5260 2614
8266 2055
9008 614
7667 4491
7154 3203
4749 4526
8029 4467
4839 2244
7775 3364
5108 2995
2019 674
2901 339
5012 317
4931 4035
4016 2667
8999 2774
268 148
4157 863
9062 3934
6093 3501
709 496
2235 1860
9432 7312
4516 3108
4576 1684
5111 4205
3020 1413
6237 544
2976 1918
8741 3303
7302 6418
5051 698
8237 5344
5585 5054
7664 3186
477 285
6573 3401
742 231
4823 3261
1315 867
8171 365
5953 4971
5451 3197
6010 4992
4271 578
5469 1523
1032 337
3311 2393
1428 817
4671 2174
7915 484
7729 5290
4207 1814
2543 1519
9274 300
4555 76
362 200
2017 1762
7374 1796
8735 7028
9450 9396
851 655
1841 743
7769 4630
2659 459
5998 113
2470 1704
4888 4116
2546 1869
2625 1164
5016 1000
164 130
9328 5704
1404 780
4434 979
1432 133
775 206
2818 729
2394 271
222 50
1947 1235
1748 612
5039 4669
7757 5610
826 731
6134 5842
9928 5308
5952 450
181 71
8851 6075
1131 16
7863 2285
522 437
4649 1006
4355 198
9257 556
4085 1308
886 820
7112 953
493 73
4611 3011
462 307
277 137
6988 1742
6404 188
8919 1843
947 167
5959 3927
9138 6154
2893 2673
4468 622
5611 5159
832 545
838 350
3791 618
822 594
1977 713
7694 5705
6058 5651
7347 1464
3282 1906
1676 275
5738 5483
4653 916
230 195
3215 2796
2795 2489
1561 1340
8319 6360
7984 6149
1463 1005
4074 2367
3835 3005
8447 2422
3176 706
4231 2399
1842 202
2760 1982
2214 1705
7473 4033
5425 2721
1618 1378
7562 4996
165 159
2336 1052
6181 4014
8582 3289
2101 1940
9497 6621
7976 4717
530 258
3036 987
1430 276
9949 253
524 344
2373 1991
1399 980
2943 748
829 374
3260 2501
9882 6633
5855 2573
2655 370
7073 6514
7897 3377
5951 2006
9259 7521
3189 913
1879 1557
6398 3556
470 10
8661 7793
7387 4813
5870 4218
3827 1247
7684 5121
9491 6777
2368 1834
7999 3147
62 58
2031 45
5311 2751
5119 4779
248 171
9365 5273
3909 642
717 443
2218 628
7543 3771
2763 2151
358 272
3985 2180
7122 5497
6583 722
2135 1387
8961 3239
2953 2806
7756 3511
1314 833
8410 3712
8977 4534
6766 6258
1612 211
8908 2310
5684 845
6439 6213
9244 7115
1434 759
7650 4201
341 338
9496 5841
2344 1009
4730 1878
6432 5357
1318 494
3597 1695
7560 3692
2652 1439
1302 573
595 22
5753 5291
5730 1160
3551 3500
5886 3329
9969 1457
8840 4452
8010 4925
954 345
7533 144
4408 2531
8186 1720
5695 4293
7789 2488
2765 439
2668 74
5736 4862
2842 1237
3786 883
3014 70
2934 1184
5077 2050
1902 1581
1550 946
8264 7686
5289 2457
3485 2150
4822 4447
8721 8307
5591 4234
2913 2384
2375 1208
7522 813
676 378
4802 3638
7266 2219
4731 4596
7136 3000
6842 2523
2646 1015
586 386
6702 199
9303 6412
6038 3797
1956 19
2825 467
3653 944
1678 1061
2325 1588
9204 8364
4249 1891
2549 1073
8573 7627
371 169
9658 6298
526 190
469 435
8345 47
1518 787
5440 1770
1321 504
7053 1634
4840 4242
1964 1298
4336 4156
7358 7021
6336 5019
8263 1179
1377 912
2353 451
8765 3890
6725 6343
8128 2792
783 527
7 2
8989 7957
3352 1374
1941 1707
7413 5053
1789 1508
5818 2459
7573 2347
7877 2232
763 621
755 723
4359 1788
3590 239
6650 2216
3540 2014
381 150
4036 855
7780 1139
6261 372
4460 3072
6530 3812
8343 3613
3370 680
1227 536
3565 2392
2783 1122
1440 1280
9280 3112
4499 1717
13 9
59 38
8362 7316
1570 8
1335 1304
4331 3040
6566 5577
7540 397
533 396
6717 1781
1053 92
7453 1562
6814 5261
4777 1507
8853 1203
3866 3240
7402 5768
9411 2406
3030 1551
8640 6958
8458 664
2503 1392
6575 1118
9262 3604
9342 1274
2685 2000
1183 379
3477 1984
9478 4697
6068 646
6601 5005
8413 5527
7290 1264
6244 992
8063 1265
426 110
5752 568
6853 2564
5450 1155
9152 4586
2596 2075
2914 192
5721 2896
3453 2118
2975 1054
2070 1857
8471 6732
8523 7124
1074 809
6927 5116
89 53
9160 2713
921 692
9161 1030
862 728
4654 1731
3799 3385
1021 650
5725 4316
6479 2035
249 75
6447 583
7107 4664
8714 865
1590 1362
1640 1238
2557 1610
5093 4414
9124 7131
5640 4319
4638 3206
8100 2197
7431 3318
2121 127
9059 2617
9792 8074
2158 1950
4518 156
9495 9375
8120 1925
9898 3662
1232 858
5006 1852
8631 5327
9782 6691
2112 1741
2994 1980
6770 172
6146 2884
7276 4913
7994 1433
3710 2330
2252 1172
6531 1091
2433 1388
7367 2434
3968 3588
3938 2476
6754 4739
5742 4721
5319 4558
6549 4346
9189 5378
1589 117
7814 3127
1633 1480
354 255
8506 6756
4869 1968
1498 689
2498 2236
5539 2821
168 31
2116 2090
8752 3397
2881 2698
2973 418
3757 2293
8251 974
8557 1162
4133 1326
994 135
9399 40
352 116
