606
9496 9987
3753 5994
8470 9268
230 2077
9614 9958
9055 9989
7435 8185
3003 6551
8673 9052
4261 4792
5158 7736
3613 6793
9776 9916
4684 6241
421 1593
4643 9877
2545 8776
7560 7633
1006 5739
540 2182
5458 5903
1265 5887
3726 4102
82 1016
8778 9525
2597 6629
1879 6279
6591 8487
1061 8513
6326 7152
6962 7600
3641 8478
2435 7821
647 5985
4749 5292
567 4932
4872 5746
8668 9827
828 1282
6334 8269
387 3529
8706 9069
433 2372
5097 7595
7347 9065
1451 4532
7314 7797
7127 9361
8021 8363
970 7236
9941 9992
2858 3344
762 9286
9463 9579
5110 7851
7408 9274
6622 8123
1374 8606
7488 9045
1694 6852
9144 9345
5843 9854
7062 9804
483 4925
1357 5551
2690 7017
7867 8566
2538 5648
6085 8149
7010 9736
6234 8981
5248 5653
5079 7531
254 4238
1066 5468
316 6327
1560 5503
1919 4260
5441 6157
8399 9563
9642 9645
972 3786
6880 7885
1329 4868
3822 5118
3707 8624
9851 9948
9273 9454
8078 8485
1040 2968
127 2337
7820 8650
5521 8182
1279 6820
5286 6572
6212 9983
5078 9321
6925 7429
224 8247
5604 6350
7995 9439
9387 9595
7682 9002
4306 8723
1500 3315
2017 2340
1709 8284
6138 8576
7311 8805
7134 8890
4137 8692
7153 9014
5678 7341
9284 9546
159 5626
2080 9540
346 8915
1783 2303
5710 7696
5160 5212
4133 9436
4362 5737
276 298
5262 6532
9267 9692
9883 9963
3606 9908
633 1999
7039 8527
5315 6028
7058 7945
3754 6041
3670 8113
5877 6704
9953 9996
2887 4205
4717 9030
5931 9161
8411 9407
8333 8639
615 8926
7789 9773
9795 9868
9296 9327
6901 7077
8086 9105
5873 9438
2937 7890
244 531
9676 9830
2730 9421
5878 6504
5961 7382
3803 4959
6066 6349
8697 9311
478 529
8881 9431
8438 9265
7454 7501
3886 5593
5714 8098
283 7213
3936 8905
2844 9204
5826 6834
8117 8165
1512 5530
7015 8359
5613 8584
5674 7418
321 1852
2101 7172
5762 9514
9874 9997
6167 9607
2599 7377
6555 6886
2939 9646
7796 8188
9058 9747
2898 6254
7474 8099
8452 8568
7818 9376
402 8169
9613 9886
7260 7644
7275 9232
7490 9655
4101 6748
7955 9732
7424 9570
5430 5808
131 3692
1194 7833
141 6841
8037 8661
2854 8680
768 4243
472 699
3105 5576
4509 5188
1378 7698
3308 9568
2893 3548
4330 8216
5844 6718
5375 6303
4984 8914
4041 7212
2774 5774
2391 3671
3092 8418
7675 9815
4995 8843
3341 7748
5301 6734
286 3274
1842 6943
8190 8514
2004 9044
652 4754
217 3585
8520 9798
3326 9341
7779 8020
4171 4593
4780 5832
4562 8430
7381 8395
4591 6807
7625 7845
1955 6978
2667 8908
5416 5895
7897 8836
7947 9926
4915 6089
6109 8451
3107 5631
4473 8460
1764 6288
6950 9351
9156 9285
6035 7473
3257 5978
1172 8486
9760 9985
1721 2874
7002 9708
4713 8120
9556 9973
5086 8166
5778 7961
557 2164
4329 8920
1453 8909
887 5512
9829 9855
3593 5495
6013 7639
977 4492
8222 9260
6287 6642
5245 5252
2910 7460
5587 8320
4773 5271
1124 7325
2891 7979
7981 8202
4581 9954
40 651
7954 9316
3931 4598
2384 9782
5194 6433
8878 8901
2596 7291
4931 8150
3582 8726
5116 8829
9895 9933
5637 7515
1739 9097
9952 9974
8124 8501
4232 9707
2085 8342
4908 9591
6363 9400
7906 8228
8753 9625
5164 5759
865 1102
7953 9200
631 958
165 5543
7391 8860
8332 8779
2521 5958
191 7783
9741 9751
6106 7201
6176 9487
9789 9853
2851 5771
9903 9914
5911 6220
7178 7725
6662 7916
660 8946
65 8162
2582 7542
6614 7266
4941 8809
2024 2366
4339 7122
6141 9226
816 9005
4678 5190
1847 3805
9584 9609
8469 9293
4553 7652
1696 6322
5354 7582
5834 8496
1991 6447
3841 8061
1850 5307
1274 5793
2711 8052
4242 9632
7808 9670
3881 6471
2618 5337
1467 2815
3161 8749
156 6873
6822 7322
4199 4302
9305 9495
4536 7198
8353 9515
8292 8532
470 4338
3870 5264
9182 9310
2846 6624
2885 4375
7328 8076
55 6278
9629 9693
69 3145
2014 2753
6458 9320
7379 9146
1362 6160
6166 6789
284 9715
75 154
2777 6336
6496 8967
9023 9423
8234 8618
7170 7972
9134 9143
3388 8016
7188 7839
5045 5475
7667 9700
1069 5716
9072 9342
103 9740
485 4360
5312 9384
7336 8307
5473 9675
1690 3826
4605 6508
4144 9872
1530 3242
1586 7901
3966 8260
2860 3834
904 1341
1525 6576
8498 9898
1654 6079
9125 9817
8884 9106
804 7596
9136 9969
5534 5987
2998 4525
4893 8214
1675 7798
9688 9867
3097 7811
3911 4016
5265 9397
2528 3801
1325 6630
2847 6261
556 1765
3266 6640
6868 8794
1770 9505
2005 5962
8944 9340
6451 8044
7245 7461
8751 8889
2780 9950
7425 7760
9882 9979
8554 9283
1693 9978
6140 6337
4708 6309
550 934
4526 5995
1659 4069
9207 9679
139 9337
3410 5227
3958 6017
269 5580
6639 7677
1581 2112
9248 9364
4114 6289
6554 7669
8607 8855
407 3324
6494 8907
1466 7693
3447 8051
129 2499
6031 7529
3852 8100
3157 6564
5669 8173
2747 8683
6162 6297
7368 9432
9896 9934
409 6668
7794 9816
4355 4777
6600 8641
8858 9075
6146 8547
4282 7100
712 1679
2719 3226
1052 1548
2430 4535
9761 9966
9635 9719
7672 9825
1398 2752
7651 7685
1001 3556
6729 9738
9923 9943
6396 7124
5489 5708
6043 6698
8969 9624
5397 7761
4735 7046
1930 9936
4208 9534
4662 7299
6189 7018
547 9042
7197 8775
3376 3649
7498 8951
400 5483
6612 7410
3179 7166
2148 6412
7052 8477
8507 8581
7637 7976
1773 3087
5896 6658
9210 9499
7451 9686
9396 9710
4706 6530
3919 9077
2281 5780
4703 5838
8090 9871
4118 6887
9918 9956
5240 7423
5214 8151
4119 5589
5501 7329
7714 8947
9205 9422
6892 8812
7688 8544
4023 6784
6094 6590
7941 9716
7109 7483
3655 7619
6553 6706
3967 8856
2185 4520
9040 9479
7337 9062
7312 8921
3959 8361
4003 7804
7069 9972
6260 7482
9927 9947
4755 8839
951 9252
2021 8548
1563 1971
3616 4210
8928 9409
2942 5199
4857 7689
4969 8425
4276 5852
9216 9572
4328 9013
7298 8743
9395 9801
4783 7926
2686 8608
3380 7475
8876 8949
6063 9100
2505 3512
1440 9928
1396 3896
2564 7487
4575 9047
2371 3162
2728 6023
1095 2680
3383 5421
9784 9944
7186 8225
164 3356
1192 7404
6921 7630
2013 2272
2816 6735
2507 4372
6905 7887
3892 4314
5515 8028
6569 9304
5002 6525
4164 7414
4336 9553
5902 7462
3327 4805
3231 3430
6632 9512
6491 8600
8932 9470
1947 4880
5457 6623
5224 7415
5919 6520
6027 9940
8068 8941
6214 8525
896 4494
7986 8762
8394 9277
132 3607
1212 9888
8103 8594
7165 7220
8199 9862
2129 8081
2400 6486
1247 2359
8019 9845
1236 3493
909 7543
2995 6476
507 2293
9508 9680
4418 5285
9186 9537
6753 7665
6801 7622
174 1419
4216 8264
8275 8302
4315 9720
211
523 128
895 855
1571 1474
9931 3339
4228 3120
5562 5134
9115 7477
9477 5920
5027 3114
2766 2493
6850 2957
5163 735
5825 3295
2431 2222
4720 2927
2610 80
8092 1019
5765 2062
733 264
4552 4337
6516 2537
739 392
7465 420
6686 6403
8927 1775
4163 1734
2265 881
15 2
3617 2650
9269 3028
6378 5818
385 210
3186 1090
4901 2812
1342 161
6198 2997
9440 5514
8152 2358
6092 2202
8797 1587
8419 7891
2595 2072
9275 6856
1523 192
3296 2559
1905 645
6095 2981
2496 2445
3652 1644
3848 253
7710 3457
4814 2032
6575 2269
6695 1998
8888 5888
5937 4887
535 495
2797 1545
4359 3023
5281 2035
9043 1004
9468 6931
9126 219
6646 4595
3618 1026
9489 3384
3903 528
5355 1030
6537 130
6096 5279
683 479
6783 5373
1848 1443
4437 3487
662 4
91 66
8453 1379
5192 1249
9769 9092
7087 5140
6721 5751
9235 6410
8 5
3846 1982
7020 1869
5226 3953
9375 8372
3137 2446
5328 2568
5332 2759
4464 39
7284 2354
4081 1389
2245 1889
8283 2512
5494 209
1858 1250
2901 1737
5894 294
9414 371
3748 2552
4683 2861
3905 299
2146 1303
356 119
248 107
9900 6565
7705 6332
3385 3284
4318 185
6335 3980
7167 5858
4080 1928
4614 1136
3475 1178
2720 1053
2068 941
5055 4890
6719 614
9754 1945
2876 1710
9671 9033
7898 5343
3399 2698
2073 982
350 45
3109 2458
430 166
3458 1430
7497 2153
5929 3098
4652 2022
201 29
6683 6274
2075 1252
8859 4968
2203 1337
1038 360
7658 6354
4447 1647
2225 998
2665 2648
2199 266
7900 5592
6103 1166
2916 295
7791 6828
2881 876
6997 4900
4498 1720
1845 825
7592 2326
3089 71
8864 4639
9243 5127
5907 4366
9333 7601
3945 2292
9713 1538
9132 3668
4129 2818
4610 2043
6918 5230
220 126
1731 734
4399 3550
3070 330
8422 3611
9606 1088
4300 4103
123 122
1820 110
1476 1099
8298 1484
4390 1418
1575 53
6724 5579
3678 991
6702 1590
1157 715
7237 5000
5020 3439
8062 2495
4481 839
4323 2695
6325 2628
7511 838
7634 4930
572 59
5377 4176
4558 1495
5325 4650
5539 4253
8684 5440
9483 4918
684 140
4254 2590
891 34
4979 419
5633 61
2558 2079
3575 307
6454 878
2859 1343
4848 2738
7912 2588
1612 921
3213 1386
4407 317
9590 1087
8862 86
