157
785 7927
462 4642
7924 8350
7891 8869
754 9398
4414 9605
7120 8787
8550 9848
6873 7815
2396 8911
8243 8622
1055 5002
2185 8144
642 5469
2694 4803
3050 6295
5701 7225
2974 9230
3957 4750
1593 2094
1426 4335
8477 9482
1289 2268
9170 9843
6909 7364
310 920
1531 4202
1746 8324
259 7995
2155 3243
4679 5824
7052 7337
5974 7323
2404 9017
1458 7353
1605 1912
908 3555
4145 7046
5634 9384
7238 8074
9712 9868
755 3285
5895 6414
9382 9830
8295 8745
2622 9175
32 674
9924 9998
3782 3930
2216 3484
4658 6677
6396 8379
748 6169
1992 3996
4030 5163
8762 8840
8974 9554
5094 7239
8362 9083
8373 8872
1373 5106
1874 9788
6149 8646
2000 3802
4630 5788
2410 8658
543 4345
7664 9479
892 4363
5155 5178
5655 8193
987 4475
1331 7521
3939 6580
4534 7209
2335 6019
5339 7401
8724 9296
9297 9862
3188 4871
9619 9754
7776 8672
248 3840
1072 4962
8951 9140
4706 8385
7135 8484
1922 2654
4693 9325
4956 6219
9450 9821
5539 9486
515 7672
8205 9253
4695 6852
5506 8628
9065 9709
2491 4267
8863 9076
459 5479
1486 1913
2121 7824
8597 8867
9150 9872
5138 5444
8809 9533
5498 8696
5431 5765
6884 7527
7229 9965
4013 5295
6484 7820
4520 6540
8153 8976
7910 8354
519 1652
8651 9986
307 6625
7780 9070
481 9206
2405 6497
712 5348
5798 6851
2625 4860
625 3616
6456 8774
5207 6043
9040 9043
4481 6966
2479 2489
4747 8011
6336 9840
9873 9980
6380 8749
776 9274
3352 5601
3789 9196
914 7596
6925 6990
1284 7079
3292 9290
8343 8493
264 1342
9212 9613
7385 9749
7625 8161
5251 8821
6757 9355
1420 3605
2774 8888
3624 7536
8419 8986
6227 6525
3405 7620
5700 6374
7394 9081
1393 4725
260
3179 1312
3081 1721
2009 1126
691 575
4861 2718
7436 3574
5249 4634
7744 1356
154 1
5697 3494
4918 1086
1316 499
6307 4236
2340 585
171 87
3653 9
3315 381
2557 705
7900 265
216 24
4573 3463
3403 2530
3640 2860
8500 2247
7051 3221
6841 277
639 226
8282 4942
1466 413
1916 1340
8182 120
3552 2355
1397 837
396 194
4891 1878
1636 458
2740 1228
8353 4118
9984 2519
767 474
5143 1826
667 129
4552 3452
6607 875
2368 1815
9960 9895
7241 6001
5969 5493
6939 3249
3480 127
6421 2388
1974 1451
6984 2157
8874 7471
9141 6717
461 444
4106 3475
4711 2516
2996 2684
3596 3067
9376 600
1859 942
331 249
3595 780
6101 4703
7143 2607
1847 1094
1387 1025
9559 3821
9461 5004
6018 1272
5273 2972
6889 752
4715 4604
495 431
4800 2631
4775 2072
4687 4417
3583 2725
5372 3631
5093 3440
2278 854
4185 965
9397 6168
4197 131
7216 798
7888 7704
7000 2927
1629 1334
152 145
9173 2384
6529 2628
9472 8444
1019 739
7406 1139
9773 9577
5648 509
789 438
3094 1392
6258 2567
3420 1169
7296 6357
5876 1184
5693 3709
3859 2366
6105 4433
9649 7086
9831 7793
2551 833
8098 6108
561 558
9301 385
336 162
9307 7288
7763 2984
6646 4795
3669 1873
3718 2206
7752 3144
8017 4931
5122 3166
8408 7273
7197 4566
8581 839
5177 2433
9747 7915
4092 3995
8359 3317
5112 4654
7857 7437
3267 2563
6878 5461
2980 1366
4817 1153
3112 2890
1248 889
4275 141
9342 2421
9700 3213
1571 591
4584 2629
6199 5554
6957 584
1863 1519
5955 2601
8357 3504
2238 567
5941 5455
2662 1502
3550 1057
4216 492
2374 1077
1156 59
8077 3163
5146 2107
4257 1287
4689 1762
8337 1986
9480 26
830 146
9999 2273
6621 5937
6554 5768
4214 1082
5407 3278
7921 1816
957 214
8924 6225
3699 296
4093 29
7370 1785
71 4
9405 411
7579 5598
952 716
5819 3839
975 506
2789 219
7842 3074
8675 1396
7261 1697
8219 2214
2697 1001
1165 198
7544 5468
4591 4150
4285 2376
3198 212
5914 2558
9421 3268
3812 840
4212 2148
3423 1489
9597 9071
8857 617
3006 1817
7861 4449
2780 1003
9250 5938
3835 1484
1435 891
3700 1705
8047 1936
4685 3075
1635 616
8792 6839
6226 4876
6153 1544
2019 634
3753 2028
3926 2978
7458 6450
1501 518
5612 435
6270 4992
5100 1516
8944 8819
5838 5689
2804 1222
8759 3850
3022 1227
7381 6916
9303 6419
5323 1539
3723 1123
3154 666
78 36
7292 3979
405 47
4403 2118
9327 2598
9435 7265
5731 4367
1505 766
7979 6000
1509 58
7024 2068
982 864
5487 1507
2467 1391
653 343
6024 1160
9739 4394
5417 822
5543 2257
1205 231
7027 2870
8983 8257
7203 6805
6790 2929
3646 3205
8229 7727
5754 1940
3668 3073
1791 479
2343 1051
6821 1390
1712 1256
382 135
9933 8015
