11
8006 8682
7301 8366
4124 8598
1275 9572
8448 9848
5047 9787
8790 9412
6350 7037
1542 9456
7185 8631
5142 8890
425
4158 3818
7082 3697
2519 221
7985 7592
4452 1731
925 459
9612 3762
922 267
802 363
6063 75
4483 3225
7522 6251
2503 2303
4856 875
2979 1706
2001 1273
6738 198
6953 2127
3288 1742
1424 742
4009 3529
3218 465
4905 3890
7375 5020
8445 5916
9014 150
5426 3965
3802 2723
1650 79
4348 756
9674 4380
4203 1483
9119 8604
6860 2332
6440 2811
8998 7752
7320 5740
212 10
6062 4112
8075 5518
4465 760
3859 707
1089 964
5974 3012
2518 1426
4032 2133
8206 4955
1252 30
2875 1494
3490 3319
9866 2738
7563 3040
890 813
112 48
8403 5822
723 250
5830 405
6908 2125
501 262
4149 2976
6524 6268
4994 2509
3596 1996
9886 4172
406 127
9369 4362
3774 556
6500 302
9929 264
9104 4237
6809 648
6231 3000
3384 461
7335 4820
2267 2116
9555 5207
2808 2471
5260 1876
3635 913
521 145
8355 7315
1591 304
4390 217
7371 7098
8518 1362
8192 980
7510 2399
5016 983
8602 859
7682 478
3929 2479
2342 771
8305 1562
3217 2424
2390 1693
3272 2388
580 462
2029 288
8091 492
4320 4040
3061 2899
5552 1293
5842 1732
548 512
248 108
1539 139
696 551
2826 1285
6408 2771
5443 4354
5187 1163
9088 3102
3324 3039
8235 3278
2662 1406
9979 1661
5028 1080
3873 80
2661 1638
6438 1303
5162 1872
3446 367
8731 2227
1476 1242
1229 1187
653 159
9351 5810
1823 1819
4680 3569
3636 1454
5010 2208
6475 6319
7600 6678
2891 1086
8970 4952
1803 1113
7388 4268
1515 67
8936 8625
886 156
7232 6463
1115 652
8286 3543
1005 122
7186 3140
1083 904
6479 4767
7879 3747
5364 5174
3733 2311
9896 9045
7740 110
3515 835
3037 1344
6979 1627
6050 2515
469 121
3898 3003
3513 1182
9044 1158
176 89
1431 546
4205 1390
838 155
7991 1232
1073 451
9020 2044
7957 5980
2167 1688
2641 2172
7066 592
2620 1939
7476 509
1847 1602
5569 69
9001 6055
9529 8817
2895 1174
3695 1032
7479 3018
276 58
8242 3195
3826 1359
5687 345
9992 1159
1736 1294
4990 1346
2078 47
9252 5513
3292 2940
224 35
51 42
5736 3723
4630 4161
8830 4279
1567 623
711 199
9837 7225
1137 567
7595 3817
7743 3717
8486 3917
1801 365
218 88
9419 8106
4257 2460
2145 471
8614 3130
3959 3199
8609 8234
7738 3049
552 282
3689 438
1150 61
6739 3220
5144 4657
4597 3082
4490 162
4238 1709
946 17
9689 3991
2465 703
7059 2805
2199 1589
5355 1524
2730 371
5490 5231
4355 2377
1645 647
7588 4329
9040 1126
5500 5456
8778 1248
1610 849
8434 3452
4253 3064
6226 4879
5417 1968
779 329
3261 144
4068 949
3015 2066
850 93
6761 2246
3754 2731
4223 1510
9810 1216
7182 5670
4411 3203
4346 1890
9664 4200
9280 9271
9842 7324
2935 1461
3347 2609
9268 3633
4567 3875
3297 2508
9900 5717
9197 599
7861 6142
4393 1779
366 173
1004 477
523 194
4788 4437
1568 1438
2073 1429
5220 3488
2189 788
4424 3160
100 96
7101 3835
2917 356
3434 2353
4987 305
4546 502
3310 2542
3268 1041
2476 1422
9593 8362
8770 413
8018 7989
1814 1781
1036 2
7679 1783
9270 2927
737 211
1901 207
9514 4170
4508 560
6351 4151
360 70
9165 3781
5284 4498
2432 747
5441 823
8952 1918
9658 4135
3095 2112
8878 6046
4525 1430
2421 1488
2780 998
6814 1217
5365 2953
9450 7653
8137 2778
9765 1332
6238 2933
2594 1532
1042 91
6737 2788
1276 686
7042 352
6556 1029
7317 2196
8929 2259
9748 5828
9883 3368
6199 5346
9679 5576
8668 4113
5728 4167
3447 3295
3146 2870
7798 7160
6510 6233
6927 2863
4106 632
7840 6701
9241 4402
3947 3587
5238 2544
7613 3178
4146 2865
4510 1190
9239 1605
682 334
4220 353
6687 1531
1640 1090
2025 1582
9558 8471
8985 1883
6288 5848
6576 3679
4292 2448
9017 1993
4104 196
7870 436
3074 1977
7298 4399
3191 1588
5287 741
2516 1462
525 517
4486 2480
3163 40
5634 5336
8054 6881
7376 1017
5007 3238
7425 2838
7842 2971
2381 1690
9114 5802
7141 3233
8095 1003
274 210
8999 5860
5247 1855
4863 120
8296 124
2228 1469
9000 4555
9601 5976
2689 2510
3190 2355
1679 191
111 12
2387 562
579 361
9821 1730
1720 818
2028 260
3666 2553
8114 1668
2753 149
5401 3531
5648 666
7033 5164
6610 3054
2325 2056
1830 148
9794 1812
242 229
1681 36
311 99
9802 153
9100 5408
5017 2278
3276 1922
5233 2854
7889 7176
578 368
8288 6126
7413 2252
2094 992
5177 4972
5986 1889
6760 5666
3262 1683
4015 3006
6431 4770
9707 3942
2848 2559
9078 3838
5983 53
3718 3431
7068 5851
952 263
2958 259
5329 4532
4198 2732
