262
2819 9338
1557 2298
3761 5087
4279 7853
7825 8986
14 7376
4637 8354
1916 2397
4449 9082
9176 9181
9661 9745
5958 8020
9256 9920
5030 6459
9222 9591
3837 5378
9026 9268
7048 7244
300 7327
6626 9844
6570 9039
6266 9051
9613 9680
9716 9727
1857 5146
3052 6390
5498 5567
2710 6725
4957 8036
1643 3560
104 4139
9764 9824
2006 6486
7340 8524
799 5355
6849 8327
87 3966
6457 9945
7753 8268
7549 8549
8401 8723
5976 7843
7968 8821
4123 9468
8105 9161
7722 8903
2064 5765
5212 5273
2743 7509
467 8585
4208 7317
7239 9714
9931 9983
4238 8110
5127 8469
3351 7611
6969 7265
5462 6325
5 2188
1860 6778
368 8706
7204 9514
6260 6357
1358 2379
3511 4788
1814 3617
886 1545
6479 8137
5371 9528
3931 4687
2244 7225
710 9820
4691 9488
5649 8127
6744 7579
5360 7657
7242 8000
9427 9722
46 5538
1246 9062
2208 8686
6332 8847
9112 9698
7159 8100
7318 7541
881 1882
8175 8612
1023 7496
4502 5966
2305 5043
7779 8674
6963 7828
4342 5778
1563 2437
6617 9170
4276 6142
3138 3530
1088 6375
9237 9441
5894 5908
3860 6585
8121 9516
4243 9538
3389 3690
3253 9470
8735 8871
1047 6152
441 1069
7420 9502
7890 9586
2679 3018
9477 9830
4570 5764
9573 9810
2642 3716
5465 6336
3913 7227
2060 4672
3404 5537
6402 9706
4421 7117
119 5812
2608 8117
4370 6537
3095 5197
7469 9086
683 2476
8057 8680
9084 9298
4948 9353
7256 9831
4829 7762
2439 5588
37 1121
2631 9487
3455 4450
9838 9890
6870 7232
9454 9864
2953 4472
2139 7526
1663 5351
2644 4305
5218 5564
3654 7908
6106 6609
5991 9130
7041 9140
7458 8664
8442 9252
3995 7435
1218 3304
7534 9421
7053 8254
8829 9498
4535 5180
8135 8372
864 2025
1994 6121
6622 9277
3571 5839
5996 6306
3724 4755
7260 9814
7367 8685
6048 9282
5111 5904
9829 9988
2137 2159
1539 2014
4935 9105
9063 9939
6092 7175
2032 6201
6590 6913
1892 2980
1254 2700
1471 5216
1353 3673
2936 3711
1151 2438
3189 7682
6284 9301
1226 4606
3412 7453
6333 7263
7122 8995
4232 6668
7903 8030
1587 1720
3049 7821
4086 9206
3885 9973
442 2122
79 6735
81 7948
7659 7841
8070 8743
9048 9902
4401 6053
3158 3682
2131 5470
733 3141
1522 7058
4826 7800
8044 9921
2463 5825
5975 9660
486 3564
6027 9786
9961 9976
8002 9227
3550 6755
5394 9579
4000 7146
7083 8300
9190 9730
8368 9087
1146 4922
588 3794
7965 9717
2140 6295
1422 7540
8043 9014
9288 9780
6563 8091
8428 8987
8082 9483
6512 6714
4170 4380
3738 4032
2761 2840
2184 6681
6272 6294
9676 9700
9010 9705
1119 6033
153 285
4297 8960
8726 8873
4746 8630
7102 7481
5334 8335
568 4391
3007 4367
2705 5047
1462 8845
2373 8794
319 6911
8582 9015
5990 9924
5078 9774
2350 2564
9930 9959
7654 9101
1864 7848
5716 8177
7717 8779
9881 9981
3887 9132
1695 6046
5410 6131
976
6383 3648
5175 2520
8516 3403
6654 4004
40 8
6185 5677
3901 1981
1722 333
1793 866
5274 463
1290 819
1637 152
3002 1584
5366 2168
1870 824
3903 3450
5642 1609
5715 5329
170 44
1116 466
2697 1938
1934 484
1987 1361
1799 192
132 28
6892 687
3714 741
7125 3663
2 1
737 411
2224 896
9551 6958
3182 1658
1228 249
9378 7248
7912 7700
2376 210
1274 1034
4200 1976
8690 3528
2619 1986
3139 1957
3853 2858
338 56
1509 645
1182 459
8892 6335
8201 4587
6880 6442
7494 1936
6233 1237
9927 5431
9071 2251
7137 925
867 845
4382 315
8381 4504
1586 1482
3844 1815
2898 1620
728 642
6385 3915
6886 1099
322 196
9858 5101
6723 1604
955 820
9720 3666
6682 428
7999 7164
3891 2065
6896 2162
946 721
1943 1601
2455 418
6897 4856
8765 1095
6956 1224
7763 3741
2806 1729
9244 130
3124 1177
3712 1613
9595 4516
7186 5883
7703 2003
5814 5215
3723 3687
9696 6358
3114 1831
3296 837
1247 576
5565 2150
5118 863
3946 1175
3733 2562
1841 18
8158 7970
3840 684
139 75
983 865
326 127
3964 2477
9975 8480
3338 493
55 38
8737 2223
631 523
10 4
2977 2846
7174 2161
3034 1623
7888 4028
5086 2273
5594 4828
2937 3
7958 1107
9675 5352
3039 1308
3268 2116
3857 2754
4378 1093
9594 3373
343 258
3506 2452
2537 167
6926 2866
9272 7148
1225 629
3625 3238
145 71
8796 131
2294 1293
5045 4598
4679 1280
1542 1322
4775 2959
5427 60
5559 4381
2012 2011
5973 5365
2302 2229
556 292
841 297
444 373
8109 887
1768 1596
9889 6573
1362 1303
5312 1343
8350 405
7319 128
2500 1022
3293 2048
7729 407
7910 7538
4596 1723
8488 5838
4259 895
6636 2597
329 203
4122 3104
1770 1700
8613 6291
6059 5444
125 100
8529 5399
2135 1863
5780 5650
3588 2677
4539 2474
5654 4453
836 667
2374 2232
8840 2738
4643 4084
9845 2301
5042 802
6825 5995
4636 2054
2385 2072
2826 2340
4387 1000
4716 3998
4932 2523
6074 2736
9642 3041
1052 761
2784 1304
9952 5153
6796 3921
8210 360
216 105
3618 2704
4183 273
165 23
1588 499
5298 1223
6243 2436
5584 691
3397 3275
839 391
7290 3286
8351 4085
7618 3383
9165 5280
1064 193
3224 2353
5840 2817
5993 5810
2347 1961
6888 1993
334 106
7734 4952
6314 2716
1975 555
633 458
8862 7040
3361 3274
992 347
5282 3480
5450 569
5131 1845
6815 4386
4902 4804
1830 1349
2175 438
5354 2670
4329 3481
9041 3540
5508 3631
2863 243
8898 5203
8033 7207
8657 8592
5687 451
6579 6279
8136 2814
6460 3897
252 85
8305 6904
6712 52
6894 5842
1288 975
8660 1899
5397 4847
2031 873
6509 68
9359 8949
4556 3757
6068 3763
6620 2521
8780 6189
3279 1615
7092 2628
4676 518
2634 1958
6979 4991
1229 204
2388 1314
2253 1012
4167 3071
8803 4078
2171 783
9630 8179
3701 2588
7933 5149
1187 1115
4559 208
9724 6356
4846 551
5009 3943
8389 3565
1784 1376
1849 1624
9192 7865
2514 1937
5931 914
7127 1292
2686 381
9962 9473
9781 900
512 392
1056 375
7829 5219
2616 1372
2928 1006
1897 248
6772 5339
961 646
5102 3196
9098 6699
7671 6487
5816 2358
8245 221
1459 474
1327 138
2595 2582
5309 4159
5481 3188
6194 5502
9399 2963
2663 2363
72 24
3987 1744
6571 6445
5053 450
4904 1543
1594 414
8052 6710
9315 8895
6583 3605
1832 1773
5187 2417
5763 2869
1427 491
6503 1625
1441 541
9028 4946
5826 5279
2694 2249
3602 2344
2392 1884
790 294
653 434
3603 2007
9390 1460
4376 1893
4817 1947
2878 158
501 291
7099 6324
8828 8403
4307 4235
1579 1329
4943 3661
5011 4300
8968 6801
8925 5933
3365 777
3008 1234
64 25
1082 997
3441 1964
1997 160
7751 6298
5660 3203
8359 2550
8652 621
5854 1767
6923 6173
9632 8848
2513 584
666 88
7241 1020
4150 1267
6679 2239
3265 372
635 123
5353 2390
2801 1139
5656 4295
9365 2442
4958 4065
2728 1466
2185 772
1453 811
1728 1709
6140 3517
8515 6827
4252 1312
9749 4940
7474 5669
8713 7306
5406 1437
9211 3375
877 416
7899 7258
6657 1359
2505 1347
9060 7702
5106 4224
4702 4575
3523 361
7421 5579
5552 704
2655 2403
8805 5436
4803 503
4706 577
9837 4465
6493 3771
5041 2233
9396 552
749 231
7446 3642
6519 3020
1451 575
7881 1689
6758 1822
1468 323
3774 904
6989 5381
4274 1715
6759 5235
7954 2451
9310 2856
2873 1049
9092 5929
3975 3430
8444 3590
3667 330
9669 4181
3483 939
7726 3751
5204 4721
3863 2309
7696 4152
4899 1991
4773 4399
4572 509
8887 5029
168 154
4398 1676
3134 1389
4894 4748
964 367
9565 814
3370 572
6986 1895
963 350
1907 427
6449 6311
3393 3280
1393 1054
8429 5558
7067 2851
4926 669
7652 5074
870 184
727 169
3552 2472
5306 3354
606 566
4324 3243
695 637
59 16
1685 1457
5598 240
8301 4910
9141 4029
3705 2770
5725 1935
9371 3310
5010 4265
6264 2144
5629 3649
9326 2650
8486 803
1429 217
1339 641
8559 2894
8938 4128
6779 528
9646 80
9729 9658
8416 1417
7565 5503
8951 4807
2326 1690
3878 2299
5423 5275
8880 2976
2431 283
2456 1979
4253 2061
417 276
5790 2641
1131 657
377 262
498 142
6518 5332
692 307
1808 1639
5002 1701
506 492
5843 701
2962 953
4825 2565
560 335
7095 5188
4649 3736
9738 7972
5676 4696
7603 2304
9367 3597
8886 3591
2731 2035
1788 878
190 27
3883 1420
840 460
7111 1230
4553 1136
6883 4217
1703 981
2004 299
5478 4293
5049 3877
6853 5556
1124 1060
8490 7091
6231 1172
26 11
9147 3691
7897 7379
9178 348
6915 4985
9233 3164
6662 1477
7068 537
3544 1305
805 289
8673 3908
905 764
7691 6780
8059 6322
385 49
2468 340
7382 3064
9464 7995
9172 2498
5898 2312
1735 1505
9688 2046
6495 1498
4834 1102
3400 2539
1520 1384
2155 1396
8518 4966
356 270
4933 932
7943 4710
7506 2568
6420 2383
6589 5723
6398 2257
8369 4658
2079 1930
1156 191
554 126
9280 7963
5737 1497
8004 6819
8423 3155
6077 1546
2912 810
279 183
5833 156
9386 6947
4529 3873
6557 3725
5719 4431
1447 150
7144 6149
7500 6615
2557 2074
6098 1074
5877 2047
227 213
4371 731
3092 232
8112 2949
7407 3580
8599 7287
3094 1568
6878 6809
7764 5625
6071 5392
5051 263
9862 3334
7626 6448
1877 1554
7981 3961
8144 3163
6387 1351
2790 386
7007 5222
473 394
6259 943
8331 6090
7338 4630
4422 2549
7869 2002
8989 4424
2203 1212
5225 47
516 234
4138 2419
776 490
1655 1472
1209 78
1565 223
8693 379
5773 4541
4927 4161
312 202
4269 3449
8408 3988
8493 3014
2381 530
4647 2051
9522 9106
6632 1657
4135 1636
6675 6523
6737 2930
4765 2943
8912 317
1697 694
2330 1338
6752 5606
9339 4474
149 83
5561 3257
3684 2488
7348 4816
5866 4629
7839 2364
6425 3669
9925 5145
4714 1898
2426 2315
6163 5820
4494 1742
7804 5229
1824 848
9159 5971
4048 2245
2861 2824
1161 527
5469 5158
6734 4901
6061 1180
5627 3674
7409 5210
6513 5813
5054 3125
6024 2787
4797 4363
1491 410
8221 4420
5593 698
8238 5425
3100 2366
5376 4914
8981 4906
5110 1067
9951 2906
9133 6035
3333 1272
8565 2578
4132 1861
7819 4432
815 725
8561 2252
3229 2551
2243 929
8539 6108
9583 4417
8608 6228
2160 1926
729 433
941 95
3120 73
9056 422
3237 2712
600 241
9790 3116
6621 2067
8184 4564
3499 1666
3896 529
3982 3015
4776 2935
3329 339
4166 1665
5295 1526
6362 2324
4507 3151
1330 573
8018 4180
8623 672
9995 7994
7554 4634
8596 6696
1148 296
3161 3009
3193 2187
5289 948
9148 3210
4593 3912
4270 2509
2214 198
1296 1255
2043 930
3567 2121
5845 2621
9695 8761
7612 7380
8455 6351
5934 5664
6159 3827
7189 4635
8198 4561
524 261
2179 2176
6203 5207
4318 1137
6008 5704
2134 758
8073 4448
3638 1321
6327 1794
8062 288
2546 1527
6470 2425
6016 3539
1945 1629
5403 1323
7162 902
5326 2382
393 352
4263 3431
8058 5539
4887 2527
9654 1334
8926 3308
5509 1650
1679 1208
7966 384
4137 1927
9021 6461
4551 4456
1529 1456
5634 850
4345 4285
3118 1813
4794 3228
3391 1817
4900 2201
2810 550
8046 7182
2656 2009
9347 1949
6318 6216
1268 937
7815 7487
7439 4411
3593 2796
1252 33
4003 2391
7857 3165
957 755
1826 922
1518 779
3245 3079
1345 935
9142 4125
7381 5277
6191 1318
7375 5432
6786 2543
2777 1787
5789 5476
247 77
4642 990
7822 1825
4005 374
6220 1270
2987 876
3477 3017
1811 250
9037 1854
6499 1196
8742 4520
1300 316
5864 3692
3953 3152
4533 387
1889 1730
3509 2625
6747 3627
1783 1378
8246 3183
447 346
2490 888
2991 2142
3504 1839
2369 915
6406 3494
6304 703
1918 1684
1576 1530
3363 1903
3119 2919
3244 1350
1398 548
9713 3468
2335 533
9179 3186
1130 993
6526 313
8196 355
1214 630
8755 8322
3697 436
3267 155
745 246
1827 851
9127 2610
4071 3314
6756 3300
6285 3486
3747 3612
8087 4178
5738 614
8716 1866
9815 6749
3200 594
3977 3443
2759 2019
7394 1174
8364 3639
7728 5590
9940 5609
959 308
3668 3180
3641 1409
7322 1158
1507 1157
255 57
3586 1125
3270 421
1705 882
619 580
5335 1902
8717 4908
8045 304
858 696
4505 1803
6619 2870
6720 1632
7770 2905
9903 8756
9398 6676
161 45
9748 8711
5739 29
6041 2524
4036 1900
6506 3414
6472 4582
4157 1484
6040 2473
5474 4492
3507 1271
2649 2626
3313 3197
1377 610
1251 806
2440 1517
9072 3789
4859 4741
4515 3069
4402 2095
5404 760
3089 2138
1823 1809
8345 5871
5398 1804
7907 1373
8243 549
1344 43
9866 4726
6082 769
1164 834
7254 2969
714 401
8759 4326
985 723
8972 7812
9097 3475
5062 2911
2561 2195
8574 3422
7128 1388
9460 4759
9336 8704
1265 144
7235 7185
6647 1215
3212 2607
5126 859
678 39
8202 7401
256 137
8689 7307
1395 639
1562 487
8729 8028
9444 3702
9228 5475
3458 2205
4119 2343
3409 2924
8884 3246
7798 7106
8888 7223
1818 233
6672 1028
7745 7328
8069 3500
8507 2660
2768 807
9174 1381
1628 1510
3916 1696
2745 2599
3515 1967
5783 2146
2321 643
6666 3604
3996 3331
809 366
9001 7033
395 179
715 564
9135 8935
8397 8076
5836 3957
8211 804
6546 6114
219 181
854 796
8738 2180
2609 2480
6265 1736
9689 5569
4719 843
9994 4229
4974 842
6962 1781
5134 2359
1852 1163
4165 2965
3107 2084
3206 793
3951 1569
8646 5055
1279 108
5330 4155
9474 1585
890 872
1110 1059
9297 1763
4041 1962
9059 7713
9519 2717
9442 3003
2651 1691
6832 3553
673 185
5327 1454
6629 3332
