813
8505 8850
1960 4787
2697 5377
637 1555
2158 5687
4669 5943
2280 5180
1319 7071
4144 9299
7273 7323
5938 6591
6806 7564
9429 9494
7633 8862
3955 5025
4082 9467
1931 4179
3683 6143
1488 5643
7487 8857
5928 7886
7891 9090
3693 8334
5255 5860
8943 9854
7498 9844
2340 4009
184 9031
5613 9804
3323 9372
1147 3485
3235 6230
4796 7677
1723 2747
7912 9616
4576 5331
8439 8667
3102 6123
8623 9321
2806 5658
1598 2726
5085 6193
3381 7949
3811 6205
8631 9345
3351 3554
8867 8902
8506 9038
6095 6256
4071 5682
4760 7335
8537 9484
919 4086
32 9892
5711 6390
4918 5961
7243 9178
2986 6222
1624 2115
7230 9077
2647 9742
2417 3112
2834 4976
8764 9292
9849 9992
1871 3839
6861 9141
4238 4593
8912 9010
8597 8615
6604 9062
293 6720
1943 3400
7904 8032
2037 2953
5462 6168
618 7508
8568 9332
3482 4057
5616 9358
3717 9920
5634 6632
3487 9306
2318 5503
6488 9342
9248 9669
9263 9918
8596 9551
9482 9983
3451 8228
188 990
1098 6394
6312 8082
8318 9821
3745 7985
4690 8136
7583 8516
7860 9565
7974 8988
2184 3155
4957 9791
1023 7262
8366 8883
1213 5736
3173 6708
8040 9903
4096 8536
1066 1850
6585 9673
3751 5249
1064 4847
5429 8046
5915 8347
3272 5012
1486 6137
1216 3150
2822 9170
6388 7252
6449 9536
2378 3698
6311 7131
6716 8144
4609 4696
3048 8126
6846 9513
3633 8086
2285 6492
8531 9047
2267 6504
7361 7651
7043 8733
3240 6232
9072 9205
4874 9000
5074 9167
1703 3074
2889 9874
1283 5636
3223 7634
3068 9940
6557 9693
2550 6398
8343 8696
3328 6271
6733 7164
24 6352
3077 9667
9507 9523
7116 9508
9643 9946
4495 6054
1872 4018
2624 6277
1458 5060
8115 9443
6495 9231
8939 9379
7588 9493
1206 7461
7269 7518
9793 9915
144 5630
4761 8407
5804 8913
2301 4483
2077 5563
8498 9734
9835 9877
2269 7077
8578 9488
4243 5188
2709 6521
5347 7625
7838 9088
5221 5984
1149 4858
3934 7381
7639 9245
7480 8384
738 7475
5439 5744
807 7873
5145 8476
6315 9423
47 5072
1809 8697
3258 4476
3440 7822
4931 9216
4365 6192
6723 7193
5256 6161
5260 5896
7830 9681
2793 7415
7459 9796
22 2119
5892 9351
2494 4809
8449 8918
5664 8731
6082 8316
976 3905
2303 8379
3136 5951
4952 9003
6374 7755
9933 9968
9151 9530
6758 8517
2941 3803
500 4261
2526 6722
4864 9067
2643 9814
408 1353
37 4404
1935 2447
5639 8232
8663 9238
7051 9374
6663 7447
4392 8477
9383 9861
5890 9739
9757 9856
7602 8470
513 8471
7753 9159
8893 8960
342 4589
7519 8025
3462 7798
7024 7868
7836 9365
6868 8433
4449 9802
7778 8047
1609 9462
9610 9957
4759 6080
6291 6564
2575 9278
7656 8557
1397 2450
6989 9254
5434 9936
4684 9396
187 7471
3431 8495
4948 7357
3145 7399
1665 1813
9356 9783
5999 7741
2038 6401
4719 6382
7608 8549
9906 9956
3066 9709
9243 9627
8280 9065
9129 9959
5185 7482
1249 7223
6911 9543
9071 9965
563 2630
7266 9712
9795 9966
439 1557
8964 9344
5003 6458
3674 5403
6120 9862
8625 9820
7642 8073
478 1551
9620 9697
3991 8749
8248 8605
5579 6967
5280 5709
9950 9962
1396 7920
4803 9408
7092 9291
5179 7706
5110 7295
2168 5975
9164 9363
2879 3027
1646 5384
7004 9527
1160 1683
682 9119
3264 9314
875 1457
8484 9635
9901 9986
7154 9368
273 1462
1034 8767
7119 7884
2533 8639
3059 4828
5089 7787
6571 9128
5855 7123
3279 3735
9107 9885
6922 7663
3392 5559
6533 7520
243 652
9085 9320
9349 9654
1948 8522
4978 8730
2057 3602
5574 8772
8019 8881
8576 9373
1116 4709
8518 9295
7853 7862
3701 9366
8284 8935
3558 9310
1031 7710
5141 7417
7012 9897
2069 5798
9563 9942
7510 8989
4399 6592
7303 7740
9227 9724
2997 8335
2559 4433
7234 7255
9250 9842
4315 4438
5481 7140
392 6433
5779 6818
862 3796
5338 6372
4408 4875
7309 7465
2193 6516
6073 9555
3585 8026
1208 5279
176 9875
9524 9745
48 2959
913 7961
5428 8129
4603 9413
5431 6778
5120 8244
8785 9646
4602 9548
3189 9964
9121 9511
7484 7896
1444 8447
8877 9997
7725 8564
9027 9909
7561 9036
324 7666
2597 4793
8984 9409
2102 7566
9468 9552
4372 6790
4110 5748
4550 6954
7606 8727
8931 9275
4955 6062
3312 7547
8467 9112
6248 6511
2081 8905
3069 6588
6611 7971
5258 7351
4351 6377
5726 9378
2909 8689
5504 5831
5508 6618
4879 9672
6002 8879
3875 8763
736 3402
7843 9609
7141 7774
6501 9550
9149 9417
2274 5514
8231 9889
1922 2596
5007 8443
7854 9894
3137 7364
2356 4061
1306 4686
2716 9430
8076 8693
2902 6167
4233 4774
5586 6298
2047 7442
7892 8976
3832 6610
8602 9050
1428 9220
7840 8358
7022 9135
2950 5959
1242 6712
4979 7369
7888 9624
7485 7493
6929 8469
4237 8364
5479 9073
458 3040
2083 2362
7895 8569
1840 2745
207 2380
2656 5098
5846 7002
5577 7049
9400 9645
4216 5532
8847 8849
4182 9805
5161 6640
9277 9312
7619 8646
8520 9830
2054 3330
9183 9647
4919 5318
4207 5582
7045 8628
8196 9021
145 8143
6226 6883
5931 6748
8746 9770
1021 6659
7106 9566
1583 5825
4421 9255
3989 4664
4206 8088
569 9330
2230 6653
7571 8637
3681 8875
2050 4116
8428 9316
761 2501
368 3550
728 6900
697 7431
5881 5947
2096 2908
3166 7143
3016 3079
9242 9619
9099 9171
1304 2443
9617 9751
3904 5351
8235 9531
6982 9893
5838 8132
2298 4598
2330 6367
5679 8655
5040 6624
120 5839
2017 2394
5945 8582
6580 9890
8858 9838
8372 9004
3378 3721
8737 8898
8686 9377
40 1782
3185 6414
6637 7739
9376 9972
2030 8303
2987 7289
5534 8092
8441 9056
5129 9110
5723 7698
5421 9878
7833 9884
2051 5518
8168 9761
718 2067
5408 9944
3580 5889
9544 9810
5854 9096
7989 9043
590 3249
644 9163
4276 9273
3562 8868
4147 7649
6791 7161
535 4196
1714 9740
6000 8321
6529 6787
6004 6634
4103 9049
9497 9628
4699 9730
311 3529
9570 9883
5001 6493
5517 6396
1643 5819
6108 7142
8094 9976
6984 7931
1701 9502
5290 7599
883 2551
7460 8982
1344 8927
7057 8528
2835 6282
2195 6470
5641 7702
8534 9142
5797 9766
8690 9735
2134 9463
979 5339
6135 6784
1651 3750
3874 5868
3149 4844
3111 6709
7368 7991
5466 6685
9659 9873
2620 7953
4475 5294
6620 7832
8169 8298
5688 8752
2351 7290
1735 7529
4070 4235
5303 6707
6476 7980
3219 7841
6645 8220
1997 4102
619 7965
8535 9929
6220 7572
3834 5589
3348 9437
2110 3556
3297 9496
5016 8816
365 9331
5090 5170
1525 4541
9235 9307
31 8288
5663 6795
3950 5790
7643 9106
4092 9750
3777 3982
5045 7964
6188 6718
9786 9895
3055 6563
317 6512
1611 7852
5719 6809
2430 3035
1340 4867
8561 8698
5666 8299
9871 9910
2387 9995
9140 9611
7783 8266
5789 9603
2825 8721
8179 9465
3650 6814
6448 9266
6897 9732
973 6213
1341 2041
8405 9939
7125 8822
5415 5691
9832 9851
7668 9045
7354 9389
9173 9387
4050 4950
4799 6964
6678 8069
4630 9746
837 3344
2964 4253
8715 8717
7972 9341
8259 9580
4026 5433
8187 8377
4802 8529
1446 6077
5309 7501
92 8870
4622 7829
2698 9350
1354 9448
8924 9352
3478 5312
1369 8236
2655 8392
1797 4123
2611 6471
1993 2675
6703 7155
5750 6522
8249 8418
6606 7732
9529 9827
56 1594
1654 3135
7495 9607
636 4530
1030 3759
2804 6547
7727 8860
7505 9618
4064 6556
9768 9951
3445 6523
1445 2042
8216 8771
5977 8724
8320 9815
1370 1470
2092 7440
3208 4310
8837 8953
5081 5921
7327 9990
8571 9133
8478 9715
6935 8547
5397 5690
1165 1744
6898 7638
1114 4288
1862 3737
1709 8745
5657 7338
375 2960
8810 9797
7030 7449
6974 7763
8915 9317
5355 5580
3162 5288
5823 7421
7560 8747
2377 2598
3686 9781
5847 9143
1917 6635
4211 9134
4920 8563
9707 9780
6321 9270
8352 9886
4411 5139
2978 7531
7388 7405
2283 6267
1427 5807
211 5842
3892 9013
560 8634
7672 8970
1975 7468
5979 7553
7007 8173
6646 7101
7390 9017
9985 9993
2270 3104
1082 5713
1153 1792
5702 8302
7835 9460
2137 4610
1828 5478
5456 9369
65 2525
7513 9512
8022 9869
7744 9680
7126 9571
2976 7559
4112 9564
4587 7378
6973 7331
3391 7375
8604 9846
6755 7689
6404 8791
8556 9675
744 3224
8008 8969
8806 9118
5617 7810
3544 3847
8281 8974
9252 9447
6977 8616
2977 7371
5027 9573
2397 7497
3920 8872
9865 9941
8957 9960
5735 9285
3459 4473
8981 9264
7168 7867
4342 5394
2175 2865
1001 7406
4985 5754
3158 5316
236 2836
8882 8884
3630 8242
730 5604
3290 3346
1628 4497
3092 6937
8886 9485
6158 7589
5633 7673
1009 1535
2284 5749
6421 9926
3101 8438
4323 6727
8866 9051
481 7579
1338 8523
8832 9115
9161 9569
7717 8002
792 7842
6481 8770
3324 8665
5095 8928
5699 6625
2165 4591
3020 6065
4733 7816
7986 8908
5065 7232
2161 7700
5537 6027
1858 2962
643 3911
9153 9388
6566 8757
2863 9323
9824 9961
8890 9300
9858 9911
3502 6970
1866 6561
7970 8417
886 7603
6740 6859
2445 5554
299 8986
5020 9407
2508 9338
3009 5650
656
7426 2341
4032 182
5647 4583
2690 785
1236 897
4885 1409
1414 253
684 551
6250 2
8856 3944
2238 2028
9303 5163
7889 6766
5039 594
2589 622
1426 794
669 283
1092 769
3784 1084
2996 1280
7667 2495
5904 5808
8038 2346
8180 2544
3648 3030
200 50
4817 3322
7580 3862
3890 1711
1017 426
753 348
9432 9168
4141 2821
4299 1812
3767 3177
7150 3372
648 87
4599 1301
6545 4034
6998 3211
6888 6650
7402 6452
2737 2735
1343 29
6318 1033
1851 11
8502 8154
6101 2369
1266 1167
6630 2730
205 85
1410 773
8434 1741
6454 604
7845 3768
4142 2904
3147 353
3743 466
4907 4840
1631 215
2540 1235
3415 3045
7675 4357
9999 9677
6724 6286
1099 1013
974 214
1292 754
3765 231
6341 1559
3785 2133
5474 336
3543 2408
6779 6518
5172 783
4882 2732
7318 2459
6460 2211
7808 6215
6726 4944
3766 676
6162 4810
4754 2604
1314 723
7496 6603
9464 3128
170 167
5841 5705
3455 3222
3441 146
6272 4675
2252 459
104 25
4947 851
440 404
1447 722
4042 1014
4889 4158
1647 1540
5549 1390
9148 5107
6841 5642
7630 6743
5205 4862
4190 3446
3594 700
6102 4884
6601 177
3425 276
3087 804
7072 1961
7236 3983
2998 355
6464 1881
4199 1145
1695 745
8490 6465
8786 4465
2943 2842
2914 2509
1845 1053
8346 7225
1719 190
7616 1129
4994 4004
1276 67
2091 373
2472 787
1790 1478
7990 2286
8243 7674
6819 344
8664 2706
6573 1299
7294 1298
4653 4146
8892 2461
2349 1720
8048 5437
4535 1661
6621 4210
7657 6489
7910 3099
7167 4791
5087 1068
6096 4738
6676 4764
5954 2239
6431 1987
6436 6013
5912 5761
6293 169
5631 759
9703 9122
8792 2514
1722 830
3262 2222
266 23
8565 1274
6170 2523
7095 1780
9779 3788
1739 53
1520 1200
9471 5788
8638 5850
6986 4219
2247 842
1884 66
5201 606
5653 1633
3182 2599
6280 6084
2328 796
3909 2031
4443 2368
867 527
3945 1302
6203 4080
2691 2468
944 811
7605 4745
4035 2052
8401 6136
3641 3596
3990 2466
2007 1716
7389 1547
1110 294
4000 577
4213 893
5646 3804
3505 1939
7983 3647
7987 7973
6310 4848
3930 3270
4895 4202
9971 6983
9501 7509
729 657
1770 909
1645 1307
287 73
5694 1401
202 59
6833 4707
9963 8944
5423 4377
6344 4011
8360 6865
3120 1294
8539 7219
5396 4855
2652 469
5418 4225
528 372
2399 1956
5317 1779
1072 255
3552 3229
7738 3899
3389 2491
6828 6764
3176 261
562 213
1762 312
4765 2860
8996 6909
123 16
7195 3226
8254 3501
251 10
430 361
8256 1329
8802 2189
7805 4821
2296 1627
2600 1496
2395 80
4134 1356
6869 290
6446 4189
2874 2071
4532 3726
3814 3450
5948 3047
3107 429
1186 256
7428 3243
7958 1051
6058 537
6605 812
1680 1394
5558 4956
2418 1350
6847 3547
5968 2344
2588 1691
4819 2840
8681 5183
386 380
7059 1637
4291 91
401 185
237 223
6917 2830
7747 1224
1923 436
8546 2122
5398 4487
1136 985
4350 2816
5845 3697
6788 5545
8245 3663
1767 1515
2302 2236
8278 2637
8050 1150
4698 2679
732 201
6622 4812
5271 3511
8804 397
4798 3592
5096 4941
8095 4262
4388 3488
281 218
5996 263
6185 2931
3504 2748
3884 17
7191 4464
9704 4181
3682 2841
1945 1855
7300 1377
8701 1769
7086 1441
1440 632
193 153
5322 3071
4445 212
2411 1593
8317 3212
3396 1563
8588 6643
6851 4936
2503 139
8489 114
1856 331
1893 555
1315 750
6204 505
5230 2020
8643 7451
3879 484
3486 3017
9771 3910
8483 3333
8223 2258
5235 3457
2524 1054
8370 315
4967 1673
5270 1793
2060 661
8629 4715
6506 1878
4088 602
4992 1781
4721 1655
5689 4215
1685 360
6024 928
5323 4741
5088 802
9831 2595
3797 2025
482 343
6705 818
1743 262
5246 2132
3051 2254
8789 7563
7847 4341
5886 499
7644 4482
526 112
4743 797
9982 7366
3891 2614
2191 650
2160 827
680 370
7728 765
7955 101
9223 4154
543 498
5594 2878
5480 3520
1610 740
2229 660
6560 4363
1345 259
4230 1636
2036 917
3483 3193
7085 4850
8574 2227
9305 4880
9495 3448
7056 625
2932 966
4542 670
9652 4841
3283 1408
7247 5427
5029 2739
9836 7313
8766 4208
2478 1241
8710 591
1870 1322
2646 2504
1700 292
8427 1814
5857 4537
1192 494
9207 8682
5940 4488
2049 2002
5771 1380
7160 2636
3347 2414
4040 810
3109 1020
5649 4107
9327 4703
8353 6254
8117 7352
462 379
2608 1859
2130 84
4856 3191
1476 102
4546 4360
9428 2505
8783 6400
4590 3405
9104 7457
4036 937
8651 3926
4431 2143
2352 1836
2592 1111
389 109
2197 1981
4139 1669
5211 5050
3320 1399
2590 1867
6562 491
3783 1988
4097 611
2972 1378
7308 3536
5083 2773
542 46
7170 559
1022 339
3974 3534
7325 4833
6151 588
8926 4461
4860 134
9240 407
9362 8305
4239 678
9403 8734
9891 5100
4085 274
9169 5776
7760 6852
8210 7172
3845 1219
7871 595
3292 1386
8947 8748
1599 96
358 264
1151 354
1992 1268
1169 829
4003 2428
7166 7089
8270 1203
7999 2225
4055 2852
6867 6262
9222 2631
3329 3090
2163 2090
1043 174
8694 1046
1638 1403
6411 242
5091 593
1614 216
2124 125
7814 5151
9868 6652
9340 8158
5618 3627
441 419
4725 4562
5976 1705
2633 1508
568 295
2360 1381
4203 2436
7339 7292
1863 465
5934 2181
8084 7977
6672 828
9516 4058
8413 2021
6881 4051
8291 3313
7477 5519
7922 2481
6939 5708
820 809
3404 2660
4643 621
3424 71
5710 529
305 21
3397 1941
554 63
7348 6303
1035 881
7441 2260
6958 4538
2766 2457
8227 5197
4801 3118
4264 4229
4564 1562
6088 5936
3256 351
9334 7963
7382 4448
735 111
6815 969
7088 337
3959 3190
7084 5146
3213 3096
5571 3760
8635 1582
4152 2198
7500 1455
5791 1038
5963 5329
4572 2190
2573 2543
5223 4403
7413 3587
7737 1820
1371 172
5156 3374
1201 1018
8240 5786
486 180
3545 1929
1260 443
1758 508
5964 5117
6747 3326
958 882
1799 600
6007 5484
5414 724
8592 6879
6568 525
2059 427
1285 1281
2391 2242
6912 136
1538 1347
8607 912
3175 1391
5078 4068
5567 4501
9579 6279
5068 2241
4065 3949
639 417
5302 4338
8503 487
4459 839
6927 1272
4332 503
8409 257
6330 1234
4309 2012
1952 1477
6798 106
8137 6749
7791 5751
5411 4384
7653 2088
4677 3367
2639 2010
4484 2864
9586 541
2084 1552
7016 2612
4766 4048
2814 151
5965 4462
4708 18
4474 2513
4458 1015
832 452
5665 5587
9896 229
2463 1128
3897 2617
3341 1058
925 116
7612 6665
9818 4565
4732 4571
1480 1132
7305 1453
61 44
6759 6309
7359 5018
1071 854
5369 303
6757 739
5236 1908
2683 2033
6821 3727
7128 4079
4940 3500
4928 906
1516 904
3217 2107
5208 4778
5143 4915
1482 434
8524 6089
8672 7111
5019 564
2829 2452
7098 520
2741 2127
9491 1765
5017 4836
8378 2139
7276 4646
6550 709
8388 4820
9819 3571
5453 603
1664 1170
1707 1324
6020 2045
4762 3815
9486 8708
8292 3133
7824 453
8404 4519
8959 3265
9174 5295
3369 122
6114 2434
3218 100
320 166
6480 970
9913 2545
8166 5152
4769 3966
7190 1220
90 38
3011 1732
3410 967
8567 763
6174 4595
9753 5006
