608
7487 9805
8848 8913
4135 5376
315 6366
3750 9409
4170 6502
3463 5034
150 3715
9989 9993
8859 8927
2973 5843
9575 9709
443 1596
3668 8125
8765 9494
1174 7348
8076 8331
4316 6818
6107 6365
9129 9166
8188 9562
1449 4495
5424 8495
5841 5842
4607 7825
2176 3922
2527 9029
6638 8114
8008 9976
8753 9966
2862 7032
5374 9101
6585 6902
6075 9858
2563 3262
421 3313
7822 9343
5095 6053
260 429
7082 8150
518 7414
9906 9921
7113 7631
8206 9853
3039 9019
4698 6758
6620 9335
5128 8609
7029 9294
3349 4827
9734 9759
9204 9865
5810 7168
4090 5056
1710 4936
9003 9203
8816 9726
5489 5938
5164 6672
7394 8511
6416 9994
9259 9443
5480 6616
2051 7732
8833 9036
6293 6505
5038 8557
3096 5625
2692 4506
7495 8365
7272 7686
7498 8132
9892 9935
8166 8223
1375 7693
5667 7734
9292 9560
7254 7481
7863 9397
9643 9681
1011 5986
7448 8757
8847 9524
3716 9929
7871 8377
8271 9517
262 6257
1154 3044
8862 9922
7236 9256
8293 9415
1909 6816
9192 9697
6077 9502
349 1981
2179 2922
9526 9997
7674 8341
2266 4768
738 3014
6776 8642
9553 9916
1883 6448
3310 3993
5388 6807
8055 9354
6602 7990
1963 2359
5310 7036
8713 9376
9541 9592
8804 8805
3059 6901
1838 6568
7148 8142
6938 7081
7630 8821
1224 3683
6737 8191
395 5301
3971 8087
7247 9861
364 1931
4121 5666
7208 7970
4739 7409
3431 9098
6267 9949
1384 1633
4891 7957
4487 9472
1629 4043
5003 8807
9702 9931
804 8734
8273 9279
213 6606
937 2541
4974 7196
454 3972
4367 5538
4359 7455
2933 3662
3592 6171
903 2722
7595 8907
7361 9287
2425 5836
35 4653
3469 7599
2322 6443
8394 8754
5064 8022
601 8299
5500 5839
4866 5014
9974 9987
1784 6137
2574 7759
6587 9356
8131 8767
9194 9246
4742 8174
718 6521
116 8853
4422 9667
1708 1967
963 4502
7138 9877
519 8286
2749 5196
9381 9985
3495 4780
7861 8194
5958 6028
4520 8453
8719 9426
2945 8624
4923 5308
6549 6916
3995 6877
512 9778
4993 6260
1231 1265
3824 4378
1512 4846
8510 8945
8584 9000
4897 6888
1450 7675
4084 8895
366 6986
1524 6624
6437 7413
1027 5535
6050 8654
8445 9873
7875 9824
932 2364
5832 9980
7662 9884
7422 7497
307 1570
3863 6450
1043 7944
4201 4581
4132 4193
7942 8864
7205 9808
7910 9097
4117 5606
2701 4274
1857 8242
9981 9998
3136 7360
8477 9311
5302 8578
5819 9799
3363 5689
4758 7525
3549 9775
2014 2964
370 2403
1734 4421
9304 9363
2463 6379
7753 9741
7761 9825
8154 9570
3430 8677
3486 7021
6022 8266
4645 4801
2796 9748
3775 7163
9289 9768
1617 8553
9096 9197
5853 7401
9245 9492
5329 7330
8606 8867
3754 5676
332 1941
4194 9132
3251 5264
6798 8850
8306 8600
47 4234
589 7117
9687 9958
2094 3446
7370 8354
4158 7431
9878 9942
8899 9275
2116 9145
3919 8506
9463 9886
7867 9887
3848 7173
7747 8065
9239 9386
5090 7084
5860 9530
6989 7304
5805 8836
6527 8424
3652 9319
8026 8564
6756 9776
3588 4508
5677 7926
3360 4841
606 1283
3284 9131
3856 8666
6948 7972
1033 1493
5592 7483
2952 4076
3787 5751
9797 9803
3874 5297
8644 8909
1536 2875
8790 8976
9211 9960
2191 7471
9680 9774
2036 5395
5878 5914
9933 9940
9124 9420
6702 9807
9133 9588
3507 5555
812 4228
5 6031
8398 8645
7026 7357
4057 7411
7501 9821
5030 9228
3843 7544
6453 8573
6719 7090
2334 3358
8534 8620
4056 6070
7535 8077
5390 6476
3970 9623
1998 5155
4562 7706
8703 9812
1504 6303
6871 7794
5705 8842
9208 9538
6951 9370
1970 2748
3167 7371
1729 6794
5347 9018
1205 8781
7880 8347
4619 8908
1422 3114
3546 8180
7080 7454
5936 8694
3158 5074
4484 8704
1548 8071
1948 3918
4767 6065
7003 8928
6849 8062
5120 5385
1023 3247
7776 8882
8655 8732
8234 8695
4984 9466
9055 9185
4896 8406
6245 7002
3500 8337
3931 4918
74 781
7528 9001
9233 9488
7193 8785
1490 8830
8454 9178
1645 4956
7426 7665
3573 5621
5614 6340
3983 8417
6016 8176
8257 9590
4872 6428
2651 6096
7353 8566
8646 8873
6246 6913
39 9800
4730 8444
5574 6629
5995 9956
6292 8789
8374 9115
6095 9763
5772 7018
6518 9179
4107 7100
3474 8352
6757 9657
5698 8766
2431 7905
1467 1937
217 5303
4712 9412
9404 9836
1198 1330
54 7543
3186 8048
9686 9787
8652 9162
1363 5471
913 4143
6316 8727
6338 9406
8278 9382
7458 9624
8000 9174
3728 4953
7941 8441
1261 9095
4410 5759
8068 9469
1742 5808
7542 7864
5534 6792
4239 7070
7644 9620
14 9684
247 5216
8806 9276
4403 5413
9104 9772
4964 7760
2361 3453
1248 6224
8778 9321
2016 7318
641 6522
5561 6572
9383 9543
3552 6269
440 1830
1939 6470
1158 5172
7058 7840
2885 7241
6166 9790
5907 6409
8775 9607
7913 9638
7955 8563
3444 9078
5142 6955
1829 9545
6845 8710
8879 9032
6793 9305
5601 6133
7796 8768
6841 7638
1459 6715
3693 7315
7314 7894
4904 7202
3672 4308
5970 8689
7022 9025
5858 7321
6460 7839
8315 8959
1143 4233
8126 9844
34 1537
1083 3726
8595 9109
9059 9173
8371 9498
1599 4548
2244 5727
1408 9798
1489 7283
5637 7617
5604 9500
8812 9473
7234 9539
4131 5987
8016 8874
1697 3556
3811 9505
1117 3645
6836 7325
7517 9322
9037 9870
8361 8871
631 8104
6973 7502
226 9583
5644 7025
3606 8093
2755 4955
5965 7741
5020 6617
8149 9700
6959 7553
577 7892
1541 6580
72 3418
1584 2947
7661 9006
1531 5652
3297 8712
5055 9401
7651 7983
1410 2504
4719 8795
398 3772
8932 9244
675 5379
6376 9091
2138 2806
7561 8514
3821 9685
37 8518
1808 5466
6425 9127
5162 8408
6008 9445
295 5560
3033 8990
3112 4764
9688 9695
242 4041
6487 9707
8264 8431
6182 7545
3243 5962
3034 5298
5943 7061
882 4910
1682 8184
5127 7815
1942 5292
7369 9071
5160 6882
740 2155
50 3488
180 5993
9056 9288
1166 9119
8952 9717
4168 9927
8240 9532
2499 3090
8244 9441
9009 9310
585 4703
921 9792
3343 6061
3862 9366
60 232
1763 1960
9184 9699
9017 9508
9735 9847
1201 5925
7421 9346
7447 9608
5116 7093
4238 7239
3204 3414
218 4734
665 2703
6778 8481
9793 9964
329 6779
9339 9818
7793 8013
4326 6968
7737 9170
9005 9995
2752 3366
9683 9911
2780 5834
6695 8958
6268 6774
1297 5472
2628 4633
7934 8748
3379 5653
9669 9868
917 5429
3027 9881
9393 9438
2474 5181
1695 4494
5065 8222
8305 8992
8696 9678
5286 9176
6782 7618
5364 5928
6295 7933
7601 9312
7610 8425
4431 8080
5824 7219
6994 9810
7268 9475
9673 9978
7939 9578
8878 9136
7171 9795
2216 5610
6101 7669
8532 9138
3465 4991
4341 7885
4940 5506
5178 5299
7950 9450
5314 9456
8779 9478
537 3437
5115 9163
4273 5180
7984 8931
5407 8442
402
8090 1588
9633 3763
105 80
7628 3526
2536 654
8720 296
610 110
611 264
8317 8275
6863 5485
8636 6686
15 11
7213 6483
7072 5966
7968 4296
7778 7688
7537 190
5336 4943
4617 3283
4049 2206
8887 448
8392 3807
4491 576
3245 1639
1685 950
7725 16
6012 2792
5985 5635
9296 4150
5253 5186
8471 3689
5021 2103
5821 1253
5401 2309
5019 1574
8005 7589
4631 758
3199 294
4523 323
3793 637
1627 1
280 100
1973 1732
8953 539
2840 501
8455 634
3925 2473
4461 2509
793 382
7124 5454
2413 1555
8663 1678
9183 5025
3019 2689
2419 1848
7037 1915
2718 2390
5971 2124
2064 819
320 207
6801 2866
969 491
2931 956
9569 4236
1220 900
2835 916
3830 2738
8857 6181
9999 2772
3797 1812
9576 8041
1218 1001
1242 557
6561 4249
6809 1912
3478 663
4740 2028
2189 118
2894 1333
5657 266
6334 5475
9365 4727
2516 975
7060 6630
755 510
7184 3770
9516 3109
6071 1703
435 194
301 115
5946 4787
7246 504
9764 6203
8675 4310
4355 3285
9421 7076
5268 4948
1247 1002
3677 1874
1061 1008
225 130
9110 1966
6167 2486
735 538
5426 1575
7912 2942
5420 174
5935 161
809 542
3078 2634
3810 475
9785 2063
2183 1229
2622 530
883 191
1833 1365
4867 2871
7387 761
5486 4457
2049 1598
5315 2232
3953 590
8965 6605
8362 2757
5863 2812
4810 4129
7689 236
5573 1508
924 464
6189 5070
3744 2609
6253 1878
8218 1991
7016 1606
8190 6581
6514 2558
144 3
604 420
6557 2460
5094 990
3637 727
567 507
9813 1460
1013 145
8493 853
6275 2730
6705 71
5851 336
3147 2234
7012 5691
26 23
4086 506
8140 2967
7437 4561
127 64
6473 6060
5902 1901
211 12
9711 8304
2135 2039
2538 1395
8759 5738
6660 6054
3206 2512
4322 4311
6432 3277
5306 591
7189 6018
5175 4913
4591 257
7713 6935
4771 4248
4380 1595
6934 2348
8680 8217
3179 3089
2881 1592
9757 8872
7888 2565
6754 759
3732 2768
3387 483
5294 1483
4990 4442
6202 3477
5087 4761
1702 1455
5721 1577
6550 2444
3908 3257
3584 1591
4430 146
4023 2928
1779 451
6277 2336
4453 543
2071 1565
4649 2844
2369 760
8261 1465
5984 3086
3324 1603
8010 7786
4038 3911
184 63
4776 3472
746 10
3901 3320
3928 822
8626 5792
2645 38
3325 2650
1647 380
749 107
5588 300
2929 1394
9694 290
9604 9584
7461 6157
4623 4077
3057 1151
3336 1861
6479 5957
7585 5072
5565 4152
9231 2702
4306 1705
7240 2968
2704 1451
2570 1327
1381 721
473 193
3141 1786
6645 5018
1380 8
4105 1949
5718 2457
8215 1067
1409 19
7162 5410
6733 2537
8160 2615
7918 5476
1586 88
3455 2256
8183 3870
4365 1438
9628 2525
117 106
7197 3266
7137 5775
2833 1576
857 143
8470 3162
8758 756
6111 2458
4540 1149
7982 1111
8291 828
9781 1362
7828 3119
996 362
4188 795
7668 6915
3337 1725
149 126
7836 7340
4025 3961
9794 5287
8082 463
1323 1004
141 137
1890 615
7149 6280
6415 3712
9316 3082
4191 214
1491 841
8202 6555
4187 3292
53 33
762 625
2803 1429
9281 5740
1479 636
8780 2776
859 505
1313 95
3273 1690
7450 6771
2129 851
1684 1144
4691 1292
4775 1295
9649 6937
4357 179
1109 1046
4542 87
8585 4880
5578 1501
2948 2365
4951 2437
2687 2567
3639 2003
9867 9128
4797 2388
3189 3146
3110 2751
754 460
9088 4909
3792 333
3220 1209
2829 204
8313 6374
9264 1272
8972 2046
7882 6852
1390 240
2693 441
6213 498
2543 1714
563 344
8260 3246
6468 4960
3376 1944
9442 5239
4394 416
2351 1350
2270 1180
9894 3780
3849 2219
5221 1638
5884 273
4387 3658
8837 2843
8157 2562
9817 769
4858 4759
2985 1683
5749 3771
3660 1692
2672 1157
2638 732
3484 1006
3838 3071
9293 2696
9915 6396
9283 7962
9223 2375
3736 966
655 167
9613 7342
2626 1809
9209 7429
9107 4060
480 430
1608 263
7009 185
3760 2978
6684 4207
9827 6835
6803 348
1208 556
8187 1378
5152 807
3456 1527
4014 3630
5227 2251
7075 6439
8089 773
6752 5999
2625 2314
7057 5664
8706 8384
4795 1700
6613 2159
9090 459
7921 955
7927 171
2586 62
44 41
817 456
8547 6081
7136 862
4017 1652
2105 2086
7218 6165
4513 287
2355 1662
7270 967
396 251
1744 103
1859 528
6592 4445
532 157
3647 423
4966 726
6231 4428
4774 3267
9645 3559
1530 1306
5022 4560
