265
9407 9671
1192 3962
8177 8737
1723 4939
9169 9779
3458 9486
3699 4423
5069 6763
2851 7794
226 961
5462 7627
8935 9316
5866 6086
574 1292
1964 3963
3787 5359
4732 7618
1200 2926
721 6298
3912 8283
4280 8422
1707 7936
8021 8360
9375 9818
716 1030
4872 8270
1427 3984
9119 9918
156 1809
1829 8437
5794 9666
1376 2081
4677 9737
8797 9811
8215 8632
9277 9657
4099 8139
2922 8791
7578 8464
2231 6497
6513 7969
912 3905
9284 9524
8591 9094
6006 9095
5542 8535
2692 4861
7682 8585
906 6779
409 8574
4968 5388
4067 6001
5358 5508
2726 5156
1208 9315
5077 6076
9296 9379
7405 7796
7144 9038
3913 7900
3903 4184
6489 7840
338 8244
5071 6992
1678 9649
1143 2626
1318 4064
4349 8055
2972 5236
3392 7952
6702 6753
1202 4014
7758 8148
5921 8075
9983 9989
3069 6562
9393 9591
8750 8926
1611 2510
8878 9665
7837 8469
2955 3706
4387 8054
6138 6972
5770 6415
4075 9615
1153 3396
8877 9525
3602 5605
3783 8479
9610 9774
294 6618
8084 8747
2968 8883
3003 9745
4347 8303
4663 7307
7942 9259
684 7151
5636 9404
7557 9473
4780 7165
5180 8865
9588 9793
5939 9361
6192 9085
788 3965
6263 6590
4194 7018
7999 9752
3023 3647
4191 6343
1009 1945
7118 8874
1181 6179
9401 9937
7717 8775
388 5945
4859 6003
6408 6572
4483 7235
6624 7951
5217 5743
4256 5512
2478 6051
3717 7314
5759 6557
6639 6681
2153 8379
7903 8482
24 4578
8895 9631
113 288
5160 7312
1206 9993
3433 8716
5320 6735
1164 7285
1177 9966
648 1913
8297 8739
4106 5145
4442 9002
2480 3204
9549 9945
5874 6472
7785 9125
5651 9005
5784 9628
2506 3057
8875 9748
978 1045
6467 6521
29 9421
4563 6244
6534 8707
1683 5573
935 7660
3476 7764
5629 7474
1187 4543
2479 6862
4510 7259
8658 9580
1446 4248
1330 8238
5533 7323
68 8520
7398 7916
566 1449
3300 7979
852 9826
305 4581
356 5926
8554 9651
8329 8792
3891 3923
2182 2676
1912 8088
6510 9516
9762 9985
7856 8611
9133 9685
5774 9526
5966 8994
1039 6095
7137 7406
3001 7223
1170 8285
5288 6099
9721 9958
592 1863
2812 7154
7931 8098
7617 9028
1185 6785
9768 9821
4269 8731
9424 9921
335 884
718 3541
2888 9648
3719 5229
8124 9244
7298 7481
5872 8533
4781 7394
8764 9449
9767 9960
4729 5663
4525 8862
7003 8167
8452 8996
530 996
1268 9228
8079 8288
5792 7209
265 2382
6588 8212
4086 5548
4521 8853
2284 3491
858 7835
6300 9068
4378 9499
2280 4146
2180 6463
4281 9677
5552 8514
2784 4920
6743 9595
2909 7288
1957 9587
5108 9470
2223 5035
3608 5441
7920 8553
9183 9614
9209 9389
2543 9380
4755 6033
6955 9900
6613 9675
7686 8680
3538 3796
9084 9594
4855 7739
2484 4565
5965 6012
9705 9723
8254 9330
6225 8900
4110 8741
3457 5991
7365 8246
5065 6407
683 7729
5621 8706
7331 8600
8209 9051
7661 9776
623 9697
7328 7535
7700 9260
7459 9220
333
1670 1645
8888 2620
4586 2645
7748 3179
6633 3828
8568 7628
8301 2173
6187 2503
1981 220
376 75
1604 1338
7589 793
187 78
5634 4514
4211 2347
7663 6664
5212 541
1290 130
7804 6233
4440 2859
3827 2191
7247 2764
2242 1214
1647 930
2665 1620
635 464
7789 3886
966 103
9184 994
7657 7498
3795 1851
4495 2923
4804 3595
9211 2619
741 396
2163 904
5187 4048
3652 2527
2675 44
2933 1915
6159 507
2493 1536
6435 1316
4617 3498
4926 2827
8561 7833
1872 1591
5208 4342
4435 3917
6045 446
6427 631
2808 2390
1056 920
692 672
762 747
1139 143
5387 431
9672 1482
8788 4156
9109 8223
9168 7984
6918 192
9910 2740
7148 984
3576 3327
6517 3423
9140 7490
5252 438
6993 1921
313 240
7077 2176
6848 4070
1084 941
8038 4632
8669 1358
5423 603
7203 5957
968 255
1781 632
5723 5261
3624 1198
4165 1415
3407 829
711 467
6619 576
7641 6331
56 36
4726 583
7991 2259
2899 1368
2159 374
1082 51
2990 2567
8057 6487
2737 2482
386 292
754 70
2985 1350
5831 4360
8242 6097
9559 1110
4698 321
1234 934
3107 2624
3256 1871
3825 1860
3427 136
4062 3364
5568 1410
2418 567
8257 3293
9521 8317
1544 955
8168 593
9510 1607
1389 1232
5747 1112
8264 5781
1426 525
6515 2483
2978 2611
970 37
9681 5296
8821 7187
713 542
9415 1813
3983 1637
9253 1579
8439 2999
1416 694
3694 1096
4738 3817
5136 4905
6411 3723
3390 765
4439 3734
342 73
5959 4844
642 476
6795 2055
6469 1484
1907 228
3229 50
5567 5446
490 287
1420 253
8880 680
131 43
7736 7263
3149 2358
6628 3918
9359 3173
2305 1428
8083 4786
9328 4524
4814 1375
85 61
7435 3402
1797 769
6794 4273
6186 3252
3086 1001
5507 1469
7452 3653
7038 2760
9920 8048
4317 2975
651 311
9641 2239
9299 2615
896 820
2697 1005
9679 8583
4752 4609
6136 4736
3141 2328
5881 71
2802 1886
3159 1639
6061 4843
654 559
3120 633
9478 1939
5751 2502
3675 835
6806 3814
6569 4650
4126 2800
5602 2291
3240 751
862 844
7560 1919
5053 3507
337 38
3059 972
370 8
6876 555
4914 1742
3843 1831
8044 3677
8349 1862
1260 20
5724 2052
892 805
8380 6708
7960 6650
6519 4446
2104 195
9645 7267
6745 2031
5666 1310
5356 5141
5200 2035
880 524
2634 2189
3133 122
4929 2613
2235 1941
6195 4286
979 353
40 33
4405 2350
4846 251
9511 5044
4428 2763
1369 1186
1344 849
3360 1222
6784 6171
8487 4754
4540 3243
8040 4670
9154 6077
6856 964
246 53
5153 1646
2276 1696
3583 813
6457 4596
323 66
4887 2310
5146 2671
5434 5357
4621 1706
7620 1663
2762 2695
4231 2443
3531 1414
1341 9
4687 3328
1326 661
2565 2481
6296 235
5242 1041
2765 577
1571 121
4235 1560
2877 60
3353 154
1980 1631
5891 369
4574 4473
7561 5318
6285 3561
9245 7731
9235 2705
6322 1255
5796 4289
5998 4140
1731 1430
3182 761
8937 4693
3472 1642
5900 946
6646 5096
8910 914
9158 4634
2241 468
2023 1053
256 188
5863 620
447 302
52 26
7175 318
5604 5062
3380 2136
9734 638
1675 1184
9619 9561
9071 8748
6558 183
1893 380
1090 1078
3489 2261
7817 4924
8161 1176
2075 1638
3044 3043
1844 508
2823 1108
1175 875
857 17
1263 328
5197 4571
1849 699
8420 6502
5731 5243
5376 3824
6837 4018
7647 6172
1314 152
8256 5956
2601 319
7421 6271
7005 6319
5266 303
6647 3705
7125 6890
8948 4717
5257 4536
2967 2558
6995 3147
3841 1237
3502 299
8286 6705
463 430
6660 3113
6672 4161
9504 8796
6713 626
7891 1463
2790 889
6036 3512
