621
6654 9795
8133 9705
3800 6728
6897 7213
404 7221
8485 9686
6927 7225
6002 9852
5859 5972
4384 8067
5115 5850
2113 5379
3054 3526
8274 9367
9518 9937
9610 9825
1819 3732
9261 9453
4703 9505
6493 6768
9122 9931
3913 8625
8738 9284
7130 9973
5853 6937
5207 8175
8750 9876
2071 2740
5381 5897
8443 8780
1798 3440
7949 9251
6242 6546
7021 8578
3369 5956
6773 7163
194 3393
304 8177
5011 6899
2079 5272
6328 8141
6075 9567
8724 9611
2985 3665
1295 1927
740 7578
7818 8379
9735 9827
8562 9433
4617 8818
1495 9540
3561 5498
4596 7669
5768 8734
8247 8820
5407 9100
1777 9770
6742 8510
7894 8418
9342 9796
8977 9238
1880 7446
4953 9290
6681 7181
6722 8810
2616 5292
8880 9470
4587 7086
7811 8858
5930 6032
8331 9971
1642 3671
1854 5095
7311 9224
9349 9940
6705 9289
8567 8874
1660 1756
6788 8138
2498 3573
8714 8773
9592 9880
7705 8136
5614 5868
7389 8105
3414 4339
5600 9661
5315 9941
1257 7751
5099 8785
354 6453
1677 2830
6629 8330
1082 6632
526 5336
7280 8805
9691 9968
1166 7442
3076 7718
4498 8471
5087 7743
967 3858
388 4332
6065 8790
506 3940
254 7426
2764 3810
3148 3825
4178 5158
6744 7639
710 8751
6162 7809
5455 7328
5313 9697
1300 9357
3781 5983
2382 9824
9689 9934
1600 4661
8259 9577
4206 4419
3181 5740
4581 6276
6652 6712
2381 8287
350 4805
4277 7204
6412 8663
1032 2496
6081 6739
8994 9276
9110 9126
9672 9737
558 2434
8109 8976
3313 6436
8798 9594
8698 9982
8763 9068
4104 8325
5441 9471
305 632
1264 2738
3924 6484
5510 9236
6454 9694
7396 9519
5268 5799
1223 3883
3777 6775
7770 9377
6953 7717
4074 5180
3423 7749
9277 9473
5953 6124
145 3165
8094 9510
3277 3984
378 8406
6495 9020
3248 4905
2678 9454
599 4918
5447 6031
6127 7746
3704 9234
4888 9137
4773 8765
561 2576
8849 9056
2632 4575
7082 7860
5000 8546
7710 7844
9917 9930
9888 9951
9740 9950
5078 5132
4723 9819
1085 5333
8671 9372
9042 9712
4585 8577
9776 9843
6811 6878
6425 6898
7571 9084
5512 8218
5527 9135
9809 9975
9308 9539
2880 4875
8813 9186
494 7583
2797 4456
834 4719
7009 7764
4671 8816
9156 9366
2794 8557
3204 8281
4996 8228
3604 7884
7724 9456
1401 3850
981 4420
5214 6247
8053 9107
7142 7867
5623 9788
3753 9932
644 8747
9015 9330
2233 9226
4454 9791
3764 7467
449 9675
5894 7887
7228 8963
3713 8084
8949 9521
1158 3828
2122 3738
4629 9862
8314 8709
9235 9841
9723 9913
7136 9488
7313 8931
4826 9718
7369 8775
1425 8254
5093 9502
3244 5835
9914 9945
5424 7103
2531 8444
6760 9383
530 1553
5006 7956
4628 4879
4050 7326
2829 5731
6074 6153
7840 8195
2807 5219
2493 5770
1799 3191
6915 7541
2859 2897
1698 9895
2683 8641
2077 8650
1325 1335
477 2444
6700 9919
3283 8551
1530 4066
5235 8531
8123 8148
4109 7876
829 4269
2917 8165
8621 9948
9881 9908
1746 3122
9639 9879
5752 8758
3655 9912
6266 9049
4528 5393
4985 9388
8807 8954
6440 8079
5750 7377
8736 9582
45 2819
7129 7665
5325 7308
7315 9581
2011 5606
4052 5257
6182 7854
5487 9104
5861 9012
3377 4310
4165 5725
2659 4200
4173 8547
1919 8069
3589 6297
9987 9990
5258 5862
7614 7786
564 4408
7282 9797
1396 6612
943 8448
5134 8087
9739 9994
825 2955
2988 9658
8189 8952
4620 8476
5951 6458
1593 7731
862 1835
2972 6161
7041 9484
4954 7360
5030 6053
9482 9892
3226 5154
9419 9544
3060 4416
7642 8101
2106 5620
3667 9838
920 9955
7306 8899
7488 8204
7529 9832
3428 8293
8863 8879
1990 9134
5298 8364
8202 9218
6866 7278
475 2953
7513 9763
4196 5613
6821 7698
3971 7125
6420 7857
499 6087
363 6197
623 6394
5163 7293
5664 9071
3656 7384
6322 9279
9200 9490
8172 8894
1353 7599
6571 8669
2031 2251
7793 8828
383 5212
1393 9081
6578 9260
8964 9960
2076 3719
8528 8962
265 661
4681 8183
4390 6344
3949 4818
4060 8504
6791 7395
8980 9681
7906 9933
5714 7877
4966 8752
6304 8377
4000 7292
4348 9563
6481 9101
9294 9533
6589 8449
1346 7934
5577 7772
3435 5995
3803 8278
9659 9902
1197 8689
7542 8635
7172 8072
6008 7157
4798 6327
3797 6727
8288 9073
4963 5377
4743 4898
9477 9663
56 4800
7094 7557
1217 1407
4311 8339
3504 3621
4054 9178
5419 8019
5135 5980
4189 4976
3857 9387
6355 7640
5616 8514
3814 7434
5395 9527
9921 9989
9322 9647
8745 9384
2165 6784
3299 6207
4296 4733
1397 6413
1184 9848
3042 4133
7644 9514
5253 6633
9560 9630
5517 7933
8517 9166
7152 8928
9385 9894
900 4091
7452 9734
8834 9397
2243 8706
4825 8968
9942 9958
6090 8883
4503 7723
9983 9993
714 9883
5042 7830
688 4965
2514 7264
1941 3502
9707 9851
916 4751
9807 9922
3834 9033
622 8573
2938 6765
722 2409
8473 8887
2177 3909
9219 9961
9767 9981
5881 6040
5203 9125
7070 9440
7450 8705
866 2512
5493 7842
1067 4697
9249 9898
5021 7307
8972 9165
8580 8699
652 6080
8316 8756
8985 9897
2655 4772
420 8255
1652 2789
9719 9765
7491 9721
1753 8090
28 8407
9904 9995
7655 9286
4968 8231
4995 7625
9501 9541
2110 3167
8969 9078
8815 8910
367 7055
5973 6515
5073 6631
4609 5218
5724 8156
6850 7137
2893 5683
5595 6441
5251 6097
1667 5319
8285 9040
6708 7031
4611 5170
4381 9038
7711 9657
9877 9978
6676 8243
5877 7336
8396 9634
1060 7345
630 4280
263 8260
2931 8864
6145 8970
3346 6337
3948 6997
9837 9874
2986 7394
3113 7348
7151 7601
3066 6432
6098 9267
471 9660
887 5562
1116 3078
2813 3769
2262 5557
6261 7878
6606 7156
5105 8295
5290 7668
6715 7688
1610 1733
4418 7320
5963 6323
4664 9091
8405 9174
854 9609
1957 3877
5513 5726
14 4564
5701 9022
7538 9831
733 9113
653 7739
7406 9405
4869 7545
4789 8677
9133 9229
8300 8979
5443 6513
9534 9920
537 3020
3556 5306
5591 6317
3692 9282
4990 6752
8746 9704
4110 7233
3074 8782
5525 8505
8052 8988
8901 9555
1932 8728
748 7579
5305 6269
2724 7784
6979 9868
2916 8917
183 1270
9268 9801
9751 9813
5420 7479
7486 9070
8210 9409
5728 6257
3340 4678
1442 3253
3010 8125
7400 7813
5499 6771
3124 3593
4554 8568
9246 9458
5707 7263
7161 9999
9095 9808
4042 4730
1190 2008
8306 8420
4847 8358
7771 9244
1281 3120
8392 9444
9792 9910
1035 8614
1149 9427
3444 9506
5131 6723
9789 9860
4398 6780
9296 9916
5631 7899
8643 9997
478 8673
6871 8383
1027 6854
8838 9328
6579 8097
3560 3691
4125 9362
7539 9140
6079 8166
5147 5795
7589 8715
2152 3354
4679 9335
7816 9896
5914 7285
1134 3965
2691 6917
3973 9432
634 2637
1083 5197
9695 9706
4782 7230
252 5635
5322 7819
3815 4550
5865 8245
7670 9755
5416 8489
7883 9662
2752 9080
7416 9410
9600 9749
1118 9857
1038 8720
6347 6593
9300 9436
7886 9115
2163 5788
218
4469 4157
4011 3431
739 347
316 276
937 13
9731 7622
658 114
1046 953
6957 2486
395 159
1629 1107
3144 2558
713 704
5855 2629
8475 3337
2030 498
1474 939
3045 2340
7556 503
1139 233
2698 1241
3747 540
2375 173
5602 3645
6199 629
8164 3998
776 534
8623 4220
2446 1444
6427 3745
6095 2009
2754 2124
5077 3208
7476 2995
2072 1574
6497 285
2134 1496
1761 1587
4634 4365
4946 303
4135 728
4317 3315
5773 1838
7051 4556
6368 4072
6876 4967
8659 932
236 20
4877 873
758 645
7850 87
9443 7775
3522 2131
4613 820
3095 2780
2406 928
2320 1766
2648 874
9714 7903
8085 4116
944 495
5803 4781
6802 4322
4260 426
8333 7433
6116 3534
3385 1404
2930 2108
5199 3240
5410 3470
6530 1020
827 131
2087 822
5236 4226
4748 804
7480 7270
4858 411
5572 4285
8296 5965
1910 54
6023 2854
1903 1305
1124 448
1326 610
268 163
7683 1272
1437 43
8582 6418
9393 9376
8128 1559
8686 5151
1291 754
4297 2376
2283 552
9446 1249
3365 1141
3401 3177
6183 3608
8640 6914
6694 3329
1365 655
8104 6492
6452 220
9753 9092
8470 5807
6661 3898
6789 3746
5800 1694
6938 5593
5096 5004
6547 2536
1820 1555
1394 1225
1384 791
3681 3147
2509 1424
4044 2790
2973 2566
2093 625
3830 2684
3264 590
2370 1808
1851 1183
2965 2952
7449 730
3402 3192
3381 2476
5217 3900
6470 5062
9468 5793
6673 3549
6926 4883
4191 2723
6224 5797
1871 1252
57 12
6133 4130
8453 160
456 26
7908 3582
6797 3409
8596 7863
8186 7677
117 3
1429 417
8691 631
8530 6885
4531 2119
7201 5438
3533 3332
517 271
5904 5355
2133 620
5488 3682
8162 1059
709 483
241 225
6279 5917
2149 1764
5341 2295
4920 1730
4102 3570
2799 262
4255 3920
4069 1362
2974 273
2374 1265
5142 1595
6426 3783
6831 6521
7080 522
765 651
4105 1486
3117 2946
8077 4903
2635 1908
1952 551
4565 3013
5918 3599
306 193
4183 1504
5872 1119
7656 4208
5195 64
9355 2795
7648 7333
7602 1363
7561 535
9562 5892
7872 6882
7577 3629
6961 5599
8787 122
4020 1307
9138 6554
4223 3668
4529 2933
3289 1050
4735 1870
5685 3216
9909 7056
9528 7269
4483 2729
4612 4496
5037 4375
8265 6635
5923 4811
6218 1236
7575 6140
1734 1727
7029 4606
5458 2743
8089 1058
9344 3239
3542 958
2168 1285
6381 5299
7487 5176
