46
593 3145
7778 9737
6044 8010
7536 7668
8947 9889
7235 7735
9228 9610
6515 8907
3403 8380
5318 5820
6512 8161
8095 9024
354 5809
6173 9425
7400 7958
5308 8551
4296 7749
2407 3871
2376 8820
362 6102
7573 8507
1265 6735
6062 7949
2613 6785
7353 7419
9125 9434
1996 5123
1870 7813
6149 9514
7566 8821
1548 9506
8675 9231
6006 7015
3394 9064
1632 5139
1056 7674
5488 8556
9343 9617
8384 8976
2917 6756
7322 8269
9913 9948
471 9909
5441 6666
9967 9973
3225 9088
482
4689 964
5709 169
6537 5678
3402 2235
451 274
9496 6714
2851 484
8728 3772
9271 9161
9657 6997
2356 2189
3469 2759
8540 4356
1949 1910
5332 307
3792 1405
13 12
9182 2807
4334 2497
5274 4693
8255 3008
9257 8362
9809 6914
1716 218
7290 3731
2349 2278
342 42
3458 1928
3986 1566
9377 5045
9 3
6272 4594
6608 469
9043 4592
326 196
7884 1106
902 341
2663 745
9194 1606
1001 918
5873 4203
3399 1742
4631 4221
1576 254
4933 3664
8977 8041
6229 2788
8595 160
4258 1810
5788 2206
8899 73
8912 6388
1264 1141
1542 353
7239 5237
4233 1092
8290 1258
9876 4797
9375 1972
9665 7656
1397 363
7268 908
2337 1596
1479 176
2548 276
1588 930
4444 1796
8203 245
1894 1237
9255 3505
8194 195
2048 1427
7957 2506
9162 3148
7307 5818
6573 2530
4560 579
1210 526
3629 1389
349 222
9078 502
1686 976
2707 1347
6269 4528
9963 7972
5916 4482
7154 2727
9900 8359
9580 4184
8694 7814
4007 111
2341 2333
303 180
7254 6330
3191 2583
8913 929
8360 6523
839 708
3372 21
376 137
8670 5658
3619 3237
8018 2139
2485 501
9644 6033
65 47
5893 3739
6425 4166
8060 1314
1524 1008
8752 772
1497 963
7368 2498
5569 4499
1036 945
7082 5913
667 455
6282 449
1046 1022
973 392
8073 7696
8223 7600
212 63
3657 2821
5414 175
294 283
75 31
2017 815
7212 2608
5164 2199
5528 3804
5171 2534
5995 4224
9995 9093
152 107
9298 8802
6135 3711
9677 6318
2539 490
3227 30
1268 1151
3930 2290
1766 656
5901 3721
5385 275
2021 450
6143 2977
7258 5328
6805 213
7257 728
3981 1571
3865 3725
5759 1899
9056 5881
3457 2435
9735 4049
1699 573
2862 2387
6479 4616
4852 2968
2474 1465
6781 1361
8189 873
4292 3074
5530 2300
8077 575
9466 9252
1665 1560
216 145
8676 2311
6581 1868
7043 6284
1604 1203
1132 41
4875 4629
9067 8252
7329 4882
3909 1319
194 76
8286 2237
5036 754
5177 793
2318 996
7260 854
5490 1909
4014 2564
8505 7251
27 22
7929 2138
7463 419
6961 5832
6419 1018
5782 2653
2502 1572
2852 1693
423 182
5735 2473
3684 736
5897 2423
9664 9073
9564 7018
5900 5369
9951 7781
4449 2579
4552 4409
8485 3173
2738 1451
2425 882
9213 4169
8162 7586
9058 7222
2978 2466
8731 4761
8810 2617
7245 6968
6290 5874
5548 3323
6970 108
7052 5933
4701 1028
8979 7014
1607 497
6609 2635
306 82
4620 2703
777 774
7526 4733
5261 2010
1708 757
9189 5353
8679 2598
6466 5998
5086 3151
4201 3282
9446 7665
5196 2695
2609 1666
6661 3537
1986 735
6146 3336
8017 7392
901 226
8687 3590
5971 1620
9444 7110
4028 3446
4252 3329
5438 3609
7607 3234
1227 681
6736 2914
2483 445
8350 1624
1859 291
4640 4377
1144 552
1914 1159
7261 3779
5713 258
8031 747
396 34
3747 1839
9631 5145
5730 3202
4591 2133
4256 1836
4525 1558
3179 2209
5048 3303
9643 8451
416 300
8344 6211
6333 2904
9891 9857
8647 1522
8822 5774
5093 5080
6767 673
4919 1071
138 109
4389 2638
5531 5295
4625 4278
1207 819
5696 4825
3596 385
7982 5922
4965 2334
7820 2093
1628 442
8936 4575
4670 2954
8746 8349
719 599
3077 1110
4040 2590
6105 5762
7710 3905
5413 3659
6379 4787
8730 5523
6929 1199
2447 562
2120 18
4128 1789
6342 173
4152 2452
6974 2523
7738 3852
1635 1288
4311 348
9039 163
4913 2400
2942 2393
142 119
9668 7121
5192 3397
9606 3479
2055 838
4874 3219
778 115
8022 7111
8260 1312
1129 950
4168 1020
932 668
5902 290
5553 3299
7796 1843
658 234
942 420
3600 1240
2090 1777
6240 3593
4208 2052
6182 1431
319 201
334 323
4379 4178
456 308
1998 1062
4987 1696
9926 5118
4037 293
4437 4336
3273 3015
69 11
7323 4695
9349 2229
3039 920
3380 1355
4158 1660
7753 3468
2720 2326
4343 1280
4565 1052
1034 479
2106 830
4489 1293
7743 4118
3132 170
2150 444
9803 2455
740 153
8645 1305
7086 879
1115 732
1277 572
4941 3295
2241 894
1450 488
678 251
1521 534
2288 2114
9244 548
5391 4704
1279 316
3444 473
5365 431
8012 2156
6353 4019
5035 3207
2628 1188
9707 5915
7340 1933
5111 1612
8207 6052
9333 1764
9622 3511
7095 4893
383 28
2056 1177
9895 5683
6152 4948
8824 4608
4611 217
3889 3528
7479 1346
408 277
8911 5333
6536 4744
5742 1135
3149 1943
7904 6889
9052 1485
3877 3481
7876 3690
1266 281
8147 7478
8685 8539
8842 4071
8318 5937
3627 1874
7305 1771
9347 7221
8938 7444
8396 5484
1116 508
4752 1778
709 529
2395 1010
8253 3498
5023 4557
7063 6424
7156 6316
7692 4959
8857 8563
1866 78
390 295
457 156
9407 5040
1075 895
2836 1647
984 960
7275 3668
1565 421
7780 3063
629 395
5184 1786
5533 3414
6546 4010
8151 1795
6837 6261
9172 6319
9682 4651
9928 8196
4724 1448
3869 2627
2001 818
1554 1464
7008 3337
3844 2104
403 315
2501 1980
3536 2546
3358 224
2083 1723
4048 3334
6621 5503
384 157
5142 2742
2840 1089
8755 5379
1762 128
5927 3652
720 296
5760 3837
2508 560
8134 3558
3190 632
9011 3751
9494 8341
8951 6198
2378 1484
5072 2717
4062 1408
5479 4332
2520 1131
9363 4051
3347 775
1663 1531
849 787
