744
545 8032
9545 9957
7714 9147
2873 9676
7568 9956
469 3737
7744 8585
6116 7939
3764 4594
9230 9393
7562 8805
7319 8709
4958 8390
6340 7318
2536 2818
9609 9982
7332 8112
7308 7881
2974 9123
8905 9124
5887 8934
4613 5325
6121 8957
4585 5953
468 5579
9773 9786
2695 8609
4717 7599
7523 8082
6348 7204
8977 9975
2005 6542
3712 4163
8454 8583
1366 8676
6581 6947
9396 9499
3465 9356
5846 9738
4813 8457
9796 9900
8303 8661
2309 4866
3162 6685
525 4381
9554 9580
4337 6914
59 2304
9861 9933
2667 8626
2612 7442
9543 9811
4492 4990
4939 9413
7777 9835
7926 8848
4858 6817
6931 7268
3977 9838
7240 8397
775 1144
5157 5485
1165 5712
7189 8889
6511 9684
2540 3911
1336 9867
9463 9576
2486 9699
2114 7786
3112 8378
6507 8649
8357 8501
4376 7288
17 8719
9562 9910
914 7250
2237 9763
8000 9977
6110 8911
1203 5544
8690 9817
4327 9167
7461 8716
1968 8658
348 2546
193 8493
5474 6904
6512 9177
8634 9373
1869 4610
9070 9646
2803 7071
7839 9758
4458 9018
9530 9673
6544 8920
3882 7286
3784 4461
310 9730
2951 5560
5428 9265
6712 8079
3754 8691
1440 5196
6054 8216
4623 5310
1702 5924
5934 7259
6827 7077
1010 5549
1613 2344
6537 9028
4778 5495
3484 5583
6996 8954
7082 8263
8594 9343
856 2284
1116 8137
3529 6589
4517 6241
2852 6635
7641 7831
8210 8365
8377 9685
1180 1771
4954 8118
4085 8555
5391 8840
5433 8946
3168 6829
3875 8236
5578 7984
6426 6598
6728 7662
1586 8502
4956 8218
9449 9693
7664 8270
1033 8511
8031 8617
5855 6500
3186 8475
4568 4920
6672 8796
9548 9654
7046 8675
1159 1286
5942 9742
6453 9582
8197 8410
7096 8343
2471 6075
6970 9389
4296 9004
982 3095
6816 8801
5356 6645
7690 8895
1923 4486
5958 7749
3569 9561
4477 4981
1450 7339
3901 4925
6005 8734
2653 6491
4090 7859
3867 8839
7438 8105
5473 7543
1404 8985
6771 9033
596 5089
1546 9511
880 985
6556 9621
6305 7995
9719 9930
397 4495
7782 9176
6446 7504
2525 9572
5702 6610
7220 9220
6773 8253
5377 9737
5504 8969
7133 7632
1027 8720
8700 9334
3228 7899
6663 8642
8512 9980
1508 3010
4952 8374
663 2766
1800 9459
5606 8068
6660 8976
3445 7470
1091 3889
1432 4726
1677 2061
9791 9942
7473 9197
9881 9931
6090 7880
8337 9907
6079 9583
3684 4536
7754 8096
9497 9797
1655 1788
6392 9328
6861 8526
9948 9998
7936 9173
5489 6546
5315 8823
9947 9952
9668 9681
3631 9663
7896 9479
6853 8242
7663 8885
7783 8599
3869 9422
239 3955
9269 9843
3082 6878
341 1177
901 7074
732 1913
4097 7687
1394 7589
2958 8688
8435 8756
5092 9001
1604 5415
1914 9421
4443 8366
9725 9755
77 7545
687 6288
2376 3756
2631 5120
4456 7297
5779 9128
1399 3938
2829 4508
2919 5351
8989 9255
7237 9645
6497 8113
4989 9117
9806 9920
2441 7893
5237 9666
6580 7489
3138 4108
5331 7982
6916 8950
5177 9221
5229 5678
2659 2909
4961 6022
9744 9934
5850 9282
7495 9297
8500 9211
2647 6979
5551 7933
6918 9899
4861 9445
4732 6504
50 4306
4526 8086
7374 9983
1182 9102
5822 7455
1153 7141
6568 8152
3841 8158
6043 7640
4590 4809
9761 9827
5752 8991
9770 9850
9069 9981
391 1053
1176 3635
1958 7900
235 4902
537 1461
1921 4516
2907 3823
2737 5417
491 2854
355 5545
608 8766
6798 7383
5732 7102
790 3946
1080 3293
8329 9253
2783 5574
5849 5912
8712 9828
3556 7021
8587 9110
4705 7953
6659 8323
1342 9785
8623 9678
2412 6028
5366 6444
9052 9649
1874 8771
7989 8909
2669 6976
7643 8806
2686 8204
7600 9063
5110 9921
8308 9523
3532 8441
7918 9214
3464 9871
9625 9887
7080 7745
9710 9745
842 4023
2894 4457
6999 7937
931 6393
1712 3478
4024 6034
5835 9912
7434 7772
2143 6913
1327 8907
2319 5267
121 7575
7997 9477
8146 9007
4383 6698
5546 7576
3909 8438
1536 5984
7055 8958
1478 8429
997 9442
6224 7586
4137 5737
2950 6419
1138 7546
3077 5123
6390 8274
1186 8494
1908 4368
1392 8983
2920 5271
3054 9470
1059 6066
9532 9749
5901 7715
8962 9889
369 2500
7819 9757
877 1194
6595 7658
2886 5637
3338 8894
569 3124
160 6563
1539 6898
3864 5587
4202 5263
1041 9473
8290 9206
4322 5644
8880 9240
3825 9909
8791 9586
3775 6768
5683 9876
6551 8237
1156 3605
1011 6150
626 7771
1417 1756
7706 7904
2925 7023
4589 5584
6841 7485
3063 5668
601 7604
5766 9015
3893 8352
3522 7938
3320 8919
6493 9260
8132 9190
2489 5192
2671 6548
218 672
667 1458
7868 8271
1972 6299
281 4876
6737 7652
282 5419
9329 9682
6188 9025
2082 9000
1136 2263
4793 7130
6077 6889
4402 9120
3821 8794
5435 9581
1204 8646
7510 7788
6557 6858
9539 9859
3345 5713
2517 2959
7871 8620
6840 7636
8319 8525
4617 8928
9019 9695
5697 7136
8116 8539
8838 9908
9067 9917
9974 9976
2413 5783
7378 9402
6342 9961
2696 9964
8078 9680
9326 9990
4430 7364
7005 7672
6404 6799
6244 8088
8468 8877
2826 9735
4159 9080
9906 9925
258 8277
292 6656
9534 9968
4001 6844
2469 5725
5720 7131
3694 4161
85 3795
767 9194
5140 5509
372 3226
3744 6772
8471 8628
8625 9653
5645 8723
2070 5869
7813 8852
3793 6495
3689 6638
9088 9624
9895 9984
2682 8244
4917 7111
5550 9163
9841 9969
4600 7411
7571 9055
1235 4475
4365 8608
5244 6111
9599 9823
5949 9209
5036 9487
3374 6499
3093 6981
4782 5071
7105 8215
5965 7215
8814 9333
4794 9038
1654 7353
2965 9840
1552 8085
440 1387
3552 8077
4429 9939
3105 3563
111 9313
9185 9589
6718 9603
6762 8310
7399 7459
6675 7058
6521 9035
6014 7821
139 2141
1796 6676
1058 9076
9868 9943
9616 9963
446 7369
7128 8743
7296 7508
8024 9362
6543 8411
8250 9787
8595 9154
2026 8356
2628 7249
3372 8151
241 6080
3284 7409
8613 9201
4708 9520
5468 9005
2016 2588
708 5636
4979 7535
9751 9911
1460 1887
605 1852
243 1498
7126 8869
2246 5029
3719 8076
1713 2923
5340 6618
6849 8266
4158 4309
5661 7987
2518 3525
3538 4086
3067 9262
222 685
7169 9914
629 4630
3479 9706
5954 9638
8444 9634
1012 2355
7309 7496
830 4565
7619 8842
9665 9890
6087 7862
9971 9987
404 1236
2461 3713
7424 9544
7388 8648
4141 8552
240 4500
7917 8034
9094 9537
1793 7048
2197 6562
992 5575
8627 9485
3412 3534
6273 7152
7214 9596
932 3208
2125 5968
6882 8579
1189 2819
2474 7888
8414 8505
6921 8442
2639 3679
6445 9922
4355 9788
3806 7669
5629 5833
1260 4749
4754 8243
7751 8273
3716 5288
1375 6334
1293 7087
9766 9877
8731 8732
2012 9454
6758 9831
725 2283
4203 8940
3034 9023
8260 9179
4119 5024
743 7393
5211 6871
4904 9570
8331 9563
2359 8432
5330 5837
8401 9474
575 6480
8011 8256
8902 9979
6070 9826
7952 9133
3061 5503
8338 9993
8115 8171
5841 6357
5100 6449
6009 6350
5111 5276
9182 9186
1804 3113
7911 8547
2042 5911
9370 9475
5860 6750
6856 9752
7198 7370
8672 9322
5654 5834
3074 9639
5707 7360
3439 6611
3837 4445
2871 3788
4706 7182
9258 9508
7127 8484
3622 4644
9014 9360
7385 8772
7996 9629
9274 9935
1547 4575
137 8434
9309 9965
8952 9940
4469 7097
2801 5518
6318 7610
4466 5225
6211 8713
6016 9256
8104 8817
5778 7412
7556 8185
418 465
7949 8684
7977 8166
922 1888
7313 8760
6719 8419
504 9448
1262 5881
1310 3424
1376 7588
3199 6050
866 8013
1183 3259
6033 6641
5529 9114
9972 9978
3504 9986
528 3873
6677 6742
5295 8198
611 1022
9718 9853
3474 9657
8970 9085
9348 9814
6998 9962
846 9456
8496 8683
859 9284
207 6722
8915 9405
8333 9524
2128 3443
1580 1770
634 2515
7101 8453
1101 1709
9406 9866
4396 5769
8516 9538
7166 7763
3298 9280
2238 4947
7051 8094
9493 9526
6867 8997
2572 5006
7154 8974
1464 5701
7365 9109
9496 9503
3270 7585
7368 8767
6308 9303
933 8635
8931 9340
1761 4948
1777 6439
4937 6894
3798 4228
2672 6779
492 3949
4628 8695
3891 8960
394 6489
6578 7566
675 9461
4977 8035
2625 4273
3421 4022
8669 8834
6435 7963
2265 4691
4054 6962
4578 7081
7404 9722
7324 9905
4197 6212
262 1531
3139 5957
8978 9306
6852 9075
9518 9558
1685 2872
7684 9064
1367 3252
3027 6313
3209 4237
833
7612 4652
7095 3381
8689 6868
396 307
8423 3508
1426 1082
3724 1040
5149 3473
716 297
8699 349
8408 2505
4669 2685
630 19
5056 1542
1689 1419
9726 1093
3954 3580
6980 1067
3058 437
274 114
715 29
2013 1337
9635 1829
5463 1265
7430 5981
4730 93
4126 3103
8578 7271
7800 5520
2458 103
3948 204
6262 1574
8461 3150
7156 1447
1603 1174
9212 7436
6974 5171
6382 2646
4190 2255
388 302
3035 2348
1222 507
3148 287
483 56
1835 162
6736 4606
5564 5260
6061 3623
9225 1577
6083 4786
1658 993
6064 4555
6599 3796
1018 773
1940 1924
658 112
6003 5368
7331 6312
1650 1444
9261 6792
7707 1017
2179 1704
8724 7878
9369 7841
2922 2793
5281 164
1841 1061
751 133
5245 805
6373 5142
7428 3652
2663 293
4576 462
7243 5273
3921 2538
7670 4635
3887 3781
7992 1453
5130 1627
6880 855
3084 181
3494 763
4417 478
1848 395
9598 5467
7027 5025
746 648
709 693
8469 1413
2721 442
6126 1811
3355 602
4217 191
9805 6657
8080 3717
5183 300
6877 4971
4683 2228
4537 836
6430 329
8014 7279
2106 1868
779 378
6230 3722
6139 487
8370 438
1006 550
8798 8175
4061 1858
761 312
6691 3780
2756 1278
2753 2073
6013 538
390 384
6524 4795
9724 8632
2882 1680
5294 1904
5355 1515
9502 4525
6017 5800
1221 23
7927 5999
3935 3638
1348 22
9327 2640
6739 2611
8647 5955
4742 1588
6125 5589
6325 2177
5817 937
5716 3915
8154 4627
8396 4199
7432 2598
5625 2025
7925 3001
6032 3144
9170 6290
6692 3274
7401 4771
3920 2880
1334 318
1952 345
4216 323
4523 448
4934 4324
7705 6991
2889 119
9414 3043
6328 6229
9266 1323
2910 898
8099 3594
3763 43
1218 435
3069 1842
3017 179
4455 1232
5358 5272
6753 6322
5961 3182
6650 5318
4640 234
3600 2996
3576 3432
96 32
3660 2146
7480 890
1261 590
5382 2442
8160 7697
6697 6068
5615 60
5086 5013
5376 1802
544 97
9528 8111
6506 238
5803 2190
7519 6701
2096 1768
1490 989
3085 1785
6369 4976
1425 454
5345 5017
6464 3117
6735 1846
7920 7295
6301 5236
1306 591
3495 1207
798 795
3649 2718
2363 1659
8745 2375
8581 4844
3617 2972
8835 3989
3050 1928
3448 3187
8929 6549
3861 1475
4087 1584
8640 122
5231 338
3957 2426
8886 581
1443 1357
1854 1720
1048 978
651 319
6264 4888
9620 7200
7415 4252
4885 1497
1930 1828
5447 4586
5864 1875
7673 1470
8654 5593
2936 21
3184 83
4682 3625
3975 2892
4764 1859
2393 1611
7025 6112
1700 1616
5409 3005
2230 2185
7038 5216
1407 99
4069 1124
7857 2863
255 200
7322 3714
3175 777
2548 962
1251 1129
6936 5765
6278 5114
1797 242
7980 1122
1385 27
4232 1733
5756 3416
9443 3036
4334 668
148 126
705 125
1865 1157
6946 963
1684 120
4451 2549
7100 6129
7572 3933
3325 2746
1822 64
8846 5506
6481 3852
4784 2329
9782 7682
1247 393
2273 1798
6530 5909
1916 382
6534 6135
969 944
5230 4361
6282 1578
9874 2970
2091 1537
1400 566
4727 3423
5677 1094
7544 4362
8488 7908
2780 2232
7079 3303
5486 2715
2755 2313
2102 66
6158 3824
5878 1915
1693 797
3321 2778
8195 7916
3688 501
6823 3644
6582 3007
5319 800
4185 2844
2093 938
9694 7753
4796 1038
8176 5974
4701 3624
2761 863
4944 4926
9054 8153
5279 4452
5334 4783
6487 3071
8464 4169
9780 1743
2027 1328
4570 1248
5442 1285
354 3
8603 1543
5616 1113
7029 6089
254 247
7196 6309
3643 2009
6982 1669
7770 5162
1662 298
4078 229
4125 3645
5203 4218
3681 610
2462 1533
7618 2288
6261 4781
3553 3048
8125 1554
1154 535
7120 5287
6565 522
2181 1708
2982 1438
1506 289
2040 20
9690 4975
4808 1572
6509 3890
8069 7885
178 81
3927 971
5980 5561
2943 1831
3044 1581
6396 4932
7346 3656
2380 1638
8521 2194
941 548
5927 2559
7137 5381
5063 3818
1142 363
6720 246
5296 1620
4488 1321
5866 1710
6201 356
7945 7419
490 175
5598 2132
4338 2116
6619 374
2969 2779
9698 6673
1550 1100
8876 8023
8234 5136
5748 3231
5160 3545
5178 756
9305 1349
652 642
6247 4584
6642 1014
945 455
7117 2490
4514 1602
7044 1227
3937 3110
916 7
3326 80
6377 135
1529 171
3566 1950
3991 1108
2281 762
782 456
8405 3256
2711 964
3549 813
1162 88
2023 426
7570 1509
1721 1070
6738 2044
4654 3309
1514 1434
4167 1882
968 410
315 311
8775 1938
6937 2387
1774 572
6323 3379
6292 1540
7993 3536
2739 2373
5838 2328
4895 3998
2694 142
8883 8087
1099 357
9332 6847
7646 1446
8267 6236
2036 633
5685 4542
7628 4660
7316 4758
1619 683
9801 5329
7886 233
4646 2089
5375 4855
2806 598
6807 3142
9272 2717
5206 2086
4561 2231
5065 587
4411 561
740 623
8593 2186
4400 2088
2126 2081
6731 5145
4751 463
497 227
1351 691
617 361
1688 1085
3892 3614
2940 92
3380 326
7517 4735
411 261
996 884
3383 2999
7737 5021
7040 4573
4679 3928
5643 3092
4374 3331
8412 2057
6253 4592
8450 7626
8248 4501
5292 2903
7134 6417
4591 4115
1024 655
7386 942
1217 689
5624 5042
4798 1474
6805 1319
8687 7701
6883 3155
9032 6684
3119 1187
690 263
2119 273
5341 2149
628 553
2643 2077
9541 7406
221 202
8862 5601
5254 2002
5233 3945
5450 3746
4509 1873
8641 4847
7426 5747
3029 2343
1729 785
870 794
3922 3070
7667 4897
9727 1130
3755 1606
4079 2405
1241 771
5223 554
8590 568
6646 841
7895 3782
5208 2513
2986 2848
6257 2770
2998 2754
7006 2822
7282 3546
6099 1966
6522 4903
1673 76
5270 509
906 417
1703 433
2593 1818
2338 156
5929 2198
8891 277
3094 1134
5547 3419
7542 3351
6210 4722
9714 5978
4301 3829
47 41
3894 3718
505 196
8804 3588
1664 123
1517 928
9324 6529
4611 2485
6284 820
2786 130
4366 431
7501 6668
5016 4838
2209 445
3929 2649
8725 3613
3275 1297
7408 3024
3985 86
3382 2227
9824 965
466 406
2065 885
5343 678
6414 5626
5197 3902
5634 809
8536 8120
7033 259
2565 2547
8368 8188
9849 6575
4743 2815
8686 3792
9082 3263
1421 957
6715 4421
8433 6941
8130 7367
4633 2213
9435 2167
2150 1276
4863 4057
3376 102
4985 3141
3354 2851
9574 2841
4554 2795
827 631
2443 917
6984 4405
8639 3847
7607 3390
2487 69
9236 4148
6961 3198
2532 182
8207 6235
4193 2577
8943 2456
4642 2729
4210 584
1391 1219
758 747
8241 6082
5040 3850
9171 2865
6536 2447
1806 974
7170 1783
1809 551
4300 4277
5558 4704
4275 3059
6148 1861
8344 6972
2383 250
5897 858
3687 2454
2341 517
6296 831
365 84
3438 868
1416 1263
6870 6781
8799 5194
2379 635
6004 2569
5091 4547
2049 532
2204 869
6915 4763
8897 3969
6588 2479
6027 3964
5632 2802
6765 694
7132 48
3856 1026
6707 3128
1955 955
6803 3959
8491 1593
190 79
7336 1610
1092 87
4481 3068
6074 4700
1489 380
9510 3404
7722 1389
9438 7874
9798 7848
2220 198
1056 4
1199 170
4965 508
8279 3079
6428 1596
759 701
6358 1039
2543 995
4827 4263
6130 339
7820 7702
6316 5760
8070 6903
1826 847
2634 1926
2312 597
1288 403
3009 2714
4091 3483
1466 1020
9777 676
2927 2522
4410 1956
5335 1254
9759 6515
6185 3608
2622 2585
4962 413
3871 3602
5815 5671
4824 4095
2501 375
3542 2687
2069 1607
6427 4379
5726 722
24 8
9017 7787
3844 1903
891 524
5109 2864
2578 2495
6463 1229
415 269
3304 2221
6533 5103
4342 1355
7935 783
5724 5567
1234 878
5548 1764
6631 967
3571 331
8938 6441
9557 1315
4226 1436
6789 1487
7946 7614
8750 8022
9130 4266
4038 2724
5856 3195
503 49
2252 1612
2881 2448
3636 948
729 720
6465 4454
4534 4350
9079 6473
306 163
8696 3032
7067 3227
7647 1463
2973 2193
5708 1582
1359 806
7018 3206
5512 264
5684 2451
7287 5603
4066 3734
1989 283
6094 4569
314 91
2415 37
3585 1932
8662 7678
3481 2295
4146 1079
9059 5470
7792 6459
1896 220
7502 2021
9736 824
1057 55
7967 6586
9273 9016
8127 245
30 18
2719 947
7674 526
7226 2689
7506 5498
7389 285
1880 582
9754 984
2560 1766
6304 3463
1287 205
7112 387
9500 2726
5090 299
692 674
7392 1097
368 284
335 295
543 337
7375 1264
244 173
9107 2078
5728 5427
1240 474
7625 7476
5522 3540
2282 471
8092 5306
4129 4029
6162 2034
5759 2285
7873 2470
1480 303
6226 2118
2947 2930
5920 1922
1344 1210
7197 3526
5033 2374
6939 5761
1318 1213
1719 529
1206 781
9427 480
1114 476
8789 6293
8026 1909
215 132
6025 2054
9533 9021
5478 2975
1471 228
4792 1030
8569 8268
3179 1625
2537 1775
2330 1274
1395 1339
7327 2017
9349 8061
3637 167
3678 2162
2320 882
1365 185
4230 3596
2300 1993
1665 94
5986 2369
3268 2759
9611 6848
6612 1886
6993 1657
9216 1372
5250 4124
107 1
2280 373
5459 2655
4941 904
710 627
6384 3340
1449 161
4265 2022
1347 225
3765 1338
9482 7629
325 256
9061 7693
5070 4649
6596 1501
4520 2258
8245 5898
3990 1951
8917 3276
5370 2367
9243 3967
3953 201
6812 925
