349
7193 7219
9243 9397
920 7659
7990 9715
3106 7822
6288 9351
3694 8857
3525 9441
8149 9349
7022 9542
2869 7124
3469 7903
902 6471
9940 9979
4520 8270
2011 7466
584 2732
1454 6724
7558 9501
8971 9512
2713 3058
4613 7430
2392 6172
8316 9002
1614 9776
9098 9529
363 3120
5072 8970
834 3331
2547 3480
4394 9807
2393 2868
4238 7121
789 9504
9102 9964
8921 9602
2904 6858
1096 9126
7593 9054
7109 9301
7956 8692
4731 7118
8787 9192
6909 9520
6573 8394
47 1763
5251 6374
127 6158
750 1445
1268 2121
5143 6597
9123 9799
4414 9721
9348 9786
6725 7861
9662 9947
2051 9796
1451 1832
8623 9483
6814 7873
3797 4838
7747 8979
4503 8288
7476 9282
2283 2525
5039 9329
5966 6041
5085 5609
3225 3387
6527 7570
7209 7996
6696 9209
8276 8310
2308 6845
7212 8833
2813 4355
8236 8414
5306 9090
4304 5687
4521 5112
1649 5554
9937 9969
5297 7154
9982 9987
1648 6349
4559 6272
6508 9193
6027 7028
7469 9001
3305 5688
4947 5013
8061 9660
312 895
3703 8924
5117 9644
1367 6271
8386 8935
1493 2976
9741 9752
1850 9733
2377 6942
1724 7806
8293 8562
388 8313
9289 9366
8289 9112
5190 7623
8054 9681
1973 2513
7972 9738
7726 8022
5377 5512
2857 9789
3079 3425
925 2535
2090 3729
4782 6911
5223 7914
8688 9365
7883 8890
2428 3482
946 9161
3731 9447
4944 7787
1131 8945
7949 9018
6888 9186
8650 9813
2715 4773
9095 9309
321 8296
3269 8242
6673 6715
628 6235
8222 9337
6528 8420
9482 9834
1712 5527
3870 6286
2969 4314
4280 7409
648 2239
7003 8477
1092 1262
8919 9205
8661 9751
8081 9972
3988 5389
5749 5819
4894 7189
3216 7395
2384 4243
9714 9793
8602 8637
3183 7727
1917 7842
5566 5922
5093 8112
3955 4372
4959 9069
484 3566
1494 9188
6701 7821
1943 9021
9816 9948
2448 8752
2755 6584
4501 5720
570 2806
5610 7851
4895 5961
2253 9663
216 8120
9385 9913
5795 9674
3828 9606
868 6132
3830 8500
397 1065
8762 9033
324 8416
1024 2412
452 8393
3478 5562
964 5655
2661 6995
9011 9360
9687 9825
2391 6919
5221 9745
1615 5962
7927 9857
2527 9402
9928 9976
8331 8467
9562 9978
6730 8607
4026 6430
1565 9070
4180 9743
4386 6230
1407 7472
4685 6640
8973 9039
2692 5524
6966 7359
4107 4980
3938 7529
4886 8076
5110 6712
178 9770
346 9652
7624 8748
8901 9762
3987 5478
5343 9737
6275 6330
9239 9596
553 4862
336 5559
3365 8049
7924 8168
4607 8645
2360 3934
625 5198
439 3119
6436 7514
8495 9087
4610 5064
4268 8410
3384 5926
4358 7210
4626 9378
6397 6581
6427 6565
2926 8918
5130 5790
8524 8792
2434 2516
2811 7066
31 842
7148 7776
2612 5335
9546 9815
6129 6643
1123 2729
8454 9870
122 4828
91 2910
9808 9820
4039 6714
4701 4954
3217 4167
8677 9764
6928 8247
2469 3958
6233 7029
1079 1787
1798 2386
3569 6177
6973 7878
2799 8758
6138 6336
316 5936
6765 6794
7778 9175
6200 7445
7068 8874
4173 6249
5096 8096
5415 9798
7284 8460
3877 5247
3360 4848
9449 9486
1018 6916
3667 8264
1122 9275
84 3526
2913 3344
1701 9576
9218 9640
9097 9636
7398 7941
5203 9683
1879 5398
4546 7604
6771 8624
8439 9755
7987 8882
5274 9903
3524 3942
929 3595
9603 9648
6901 8476
9958 9985
8576 9897
8969 9653
9265 9631
8351 8538
3892 7075
1764 3416
4054 8659
5469 7998
1144 3957
838 6276
5027 5730
936 952
6119 7548
406 1286
6663 7129
5171 6922
1772 9433
6553 9092
498 6315
1915 7339
4369 8801
5477 7780
6213 9080
4239 5884
9768 9902
7383 8840
8370 9368
2222 6451
1417 6887
1923 8227
8883 9007
464 2143
8217 8715
2745 4158
3016 5436
8744 9794
5229 6517
4851 5449
6206 8551
1893 3312
4095 7755
697 2504
8512 9132
9056 9600
9748 9763
6320 6586
9075 9590
7768 7893
3541 7111
7868 9638
8805 9895
6136 6316
967 2550
322
1706 836
9428 8720
6768 5707
9766 3562
1372 730
1758 1603
1656 776
4892 494
7290 2693
8452 2461
5069 3152
1945 249
7273 4463
5046 2187
8489 5737
5708 5307
2142 1931
6847 3422
3794 3441
138 98
2649 2303
6908 3322
2075 1241
702 151
8827 5446
9398 7973
5071 1897
4134 863
4259 2589
3266 1003
4018 1448
3030 341
4455 4426
6924 6870
2282 1679
8275 1001
7040 1026
8362 3490
6403 3522
3464 124
2893 2285
7763 888
2688 1838
142 114
3935 3378
6093 4637
9037 5419
9438 2152
5035 1125
2494 606
514 404
4605 3702
9171 6761
2065 473
9456 8000
5305 3137
3879 129
3914 3350
8892 3286
2895 479
1016 210
1199 517
3327 542
4144 3948
8094 7417
6111 2738
9555 7407
6009 686
8511 4247
855 555
4887 3157
7669 4537
759 626
7782 6940
1215 1044
5808 807
9784 788
3155 2902
7275 6465
2218 1085
2098 1172
6783 284
2750 1813
2569 2207
4622 2862
3685 1203
5637 1866
3593 241
5179 4479
4178 318
3336 381
5565 1803
5779 5580
3085 2876
8059 4193
7749 6244
9861 3816
4295 3262
8531 1196
7688 4373
1738 1630
6395 228
1901 286
7309 5953
9424 161
3809 3735
9524 2699
9250 3561
5570 4742
3491 3429
1187 774
7788 5472
1983 154
5021 4196
9914 9024
1748 875
6216 5269
1814 1408
4616 2198
5584 400
2110 1265
9900 7809
8496 5134
1745 471
3376 1379
6946 1535
8722 4896
5086 751
2133 2063
8958 7561
5075 3798
1670 1146
9932 6373
1293 37
9867 7829
6072 2177
9510 4264
3201 1833
1613 704
1148 429
392 337
9409 7486
6449 775
3851 1378
9203 1684
9818 9141
3975 1911
6292 1950
2791 1576
5949 2325
8654 7390
3485 1659
8333 8026
6134 285
8478 5972
3933 1784
1686 857
6011 2702
9556 7967
417 389
104 63
4092 949
3134 908
1570 1005
4673 1920
6582 6159
4619 2528
4338 3653
764 698
4783 703
3289 2538
9484 5815
3374 3337
208 101
3148 2340
3622 2809
7323 2874
8328 749
7420 6126
3316 2047
566 164
3180 255
5232 551
9172 6669
257 17
4759 3896
7834 1160
2689 2100
1714 1361
8332 4015
3338 308
524 519
7220 6109
8630 6469
4151 220
7850 2365
8517 2522
132 89
2309 2254
4971 2467
5678 289
1746 1259
7063 6282
6879 4859
5783 4889
1353 1277
2072 665
99 97
1956 133
5355 5201
201 134
8092 2427
7325 3765
259 46
6675 6461
8156 5613
8322 3546
6127 1859
2562 574
6893 556
8334 1645
8188 7634
5090 4945
9515 3565
1987 1012
2922 2433
6883 6763
9262 2742
3317 1780
1369 1270
6718 3008
2694 643
9168 2137
1273 434
1845 603
2292 793
7865 5674
3154 387
4071 3241
5810 1409
1257 707
2555 2381
867 825
1703 1508
6113 5862
9554 2174
9077 4077
758 269
7625 6738
7146 5991
2766 2716
8872 6050
3609 2949
7276 6634
4556 2304
5811 2853
5658 4217
1475 450
7807 4296
6170 2847
4440 598
481 384
6711 2842
1757 1104
9106 1101
7957 6631
3101 874
76 69
8574 7703
2947 444
7862 2966
8802 5870
6538 5861
7050 1459
10 4
5681 4772
2640 2459
5341 2060
1145 732
4579 3122
8375 4598
319 115
5947 5327
8040 2552
6491 3627
1022 662
4946 2805
2331 1528
6314 1791
9886 6659
143 52
5280 4794
1667 34
4906 1395
3689 987
3270 1036
217 139
7107 822
968 819
5772 4816
9176 2743
8466 7310
8263 7824
7086 1074
376 118
83 67
7732 6684
235 7
2492 573
6304 1499
1624 608
4131 1363
7632 7451
5428 1487
6378 4630
8343 2611
9251 6658
426 6
7431 733
1444 541
3486 510
5600 2788
