527
271 918
8926 9627
6949 7603
4548 4889
4371 8455
9006 9079
4629 5904
2139 9726
7535 8141
3249 7083
530 9198
2657 6190
130 3832
8653 9412
4333 9142
406 3754
379 9683
1958 7650
5962 9011
8165 8294
2192 8774
6291 8271
1636 5238
3350 4578
6299 7729
4778 9536
9109 9478
8795 8850
7960 8429
7856 8575
8839 9291
2443 3601
2415 3682
8386 9402
4683 6625
7520 8867
3061 8132
2690 5956
5924 6802
8994 9117
8140 9103
4163 7819
6833 8096
5930 8500
2328 6024
8422 9316
6085 6522
6195 9607
6914 8505
69 2486
6067 6848
9583 9946
9542 9790
840 6398
4278 4753
17 302
5291 6304
8802 9774
1743 9801
2807 7049
7458 8844
1608 9811
6322 6454
3310 5571
1731 2727
6496 6894
3428 4485
3150 7406
4707 8912
4685 8684
3582 8862
3232 7515
7407 8440
5080 6241
5427 6099
3982 4949
3367 6881
5976 9622
747 2226
7665 9009
7880 8221
161 1038
8672 9460
9234 9610
9388 9666
6440 8447
7476 7783
3469 7238
9993 9994
2009 2389
9488 9941
4021 6806
7644 8220
7571 7752
6344 8674
7227 9690
6800 9072
2684 4202
5435 6703
9362 9586
7240 9756
1791 8523
8393 8671
6991 7658
659 2491
6149 7703
5756 7417
9677 9978
8234 8246
2497 6285
9589 9847
6107 6417
5253 7076
2933 7689
1971 6250
4159 8312
6822 7951
1289 4331
5740 9917
6065 7584
542 6566
5064 9636
1457 8417
2423 6946
6525 7423
7715 9491
3385 5898
6442 8475
2923 9306
5513 6753
7914 8869
6926 9567
7846 8678
5504 7113
8398 9350
2065 2219
7627 9356
9038 9853
322 6882
8092 8697
2705 6826
4943 8111
5306 7851
8723 9511
6183 8681
4793 6740
4505 6318
3801 5237
5807 7010
246 5555
9501 9957
3 7017
4814 8275
9399 9503
28 4431
7936 9048
2669 7006
5552 7670
204 2958
4839 7930
2596 8831
6610 7209
4151 4349
2656 4299
2840 7698
2819 4725
7564 9330
7109 9445
6446 7270
7064 8908
6783 7087
8917 9112
2806 4328
9974 9991
2474 5386
1003 5096
983 4564
9687 9788
2838 3380
1366 9418
2992 8228
9193 9313
9042 9854
6517 7986
5327 9692
872 908
677 1757
9346 9840
5355 8905
5067 7399
515 6541
5753 8885
9807 9976
355 7454
7837 8780
7007 7766
957 3348
6893 8406
8416 9395
3242 5365
9127 9599
8702 9483
2963 9639
8617 9982
60 5066
7419 8438
5748 6371
739 2549
4608 8851
6692 9124
2988 8541
7325 7656
2888 7878
7811 9662
9675 9785
6812 7075
9205 9772
3011 9674
2791 5774
6424 9493
6803 7818
284 7195
8521 9423
5418 7653
8947 9628
7524 8788
1513 2628
4842 6301
3377 9638
1959 4145
540 7916
6487 7212
3012 4525
646 7478
8159 8258
6920 9217
2260 7137
2162 6546
7217 7971
6973 8486
6173 9061
5629 7398
3070 3486
7250 8894
3098 3902
7389 8224
6203 8322
5817 6076
7322 8960
2224 5239
9063 9980
48 7463
9552 9922
5797 8756
1404 9058
9640 9848
9172 9682
8443 8743
2298 9464
7847 9740
4514 6940
7201 7297
6184 9318
368 5261
4099 9799
1906 7857
2216 6477
5134 7977
771 7743
8308 9040
7453 8336
4880 9004
1057 8973
730 5995
1705 7944
2103 8365
6717 7439
5605 8715
5599 6694
6286 8872
255 4562
3599 7405
4915 5032
1532 6711
149 9246
4517 5735
8971 9245
185 9341
3814 9878
2550 6253
506 8049
9509 9845
6089 6858
5283 5548
7384 8729
2555 6570
8211 8249
1059 7596
9100 9651
2522 7751
994 2531
175 1073
6364 9191
6007 7144
2634 7579
8186 8293
8036 8149
915 4664
86 1508
5588 8517
6330 7464
5623 6647
9895 9910
929 3514
8513 8897
4272 7374
9168 9989
8530 9879
4622 8135
8292 8767
8448 8731
5189 6825
4573 5840
384 4931
4383 8313
514 8734
8252 9613
5392 7104
8368 8899
1205 6260
3726 4743
8378 8940
8177 9286
834 919
6915 9145
4688 7358
8236 9661
8652 9787
4961 7111
9803 9808
3444 5273
8740 9530
6166 6407
3522 5951
8319 8647
1276 2652
1214 8390
6661 8171
425 8797
1113 5214
7997 9648
37 5577
862 6792
5223 9553
4474 6082
2578 6543
9866 9915
4530 6057
2786 6265
9105 9555
5992 7215
8582 9856
3246 4531
7533 7659
3954 8970
6796 7734
5711 7058
7449 9550
6471 9817
2305 2797
697 3505
2545 8580
1234 7410
5533 7380
407 2293
9574 9873
5816 9118
193 2981
4070 4698
4429 4758
8997 9766
7507 8840
2304 8257
7885 9119
7473 7990
2646 3794
3552 6197
3618 7408
5830 6707
3046 6221
5509 7637
4116 9156
7927 8707
9087 9392
4339 6691
8953 9657
9125 9329
2598 7292
1265 1447
1779 2471
817 6880
8736 8975
8807 9539
4905 5967
6384 8056
1581 1640
3842 8931
8412 9947
2283 6785
3431 8024
8803 9942
2309 2487
7604 8956
7886 8716
6569 7149
2670 5159
7647 9267
1112 2588
258 4405
5424 7351
3450 6132
92 3165
1158 3208
7099 8289
2959 5175
668 5195
2452 5310
704 1356
1209 6052
4223 6577
2413 8963
9835 9970
9992 9999
5312 6408
6947 9220
7511 8284
194 902
498 4196
6530 8694
3848 8812
8709 9352
9473 9757
5364 6059
8247 8302
3359 6012
3077 9985
7998 9633
9559 9609
6348 8659
5486 5796
1011 4388
1390 3128
3906 9487
1723 2418
4212 7316
9259 9569
1102 2679
8003 9765
8485 9812
8992 9298
5035 8090
3305 9265
6213 9983
6247 7526
7554 9287
6008 7474
1192 8815
3763 7626
9283 9874
3447 6871
6094 8094
1987 6188
8620 8791
8008 8498
8691 8922
5841 7952
5247 7394
8779 9529
4997 7143
4509 8698
8431 8890
8061 9363
7568 9337
9476 9809
5802 5986
716 4991
415 617
8857 9981
9635 9900
2616 7674
9288 9561
5508 6760
1865 6956
1119 4727
4871 6583
9701 9902
853 1908
4726 8345
3066 4763
8210 9877
7373 8000
8428 9535
8374 8776
6859 7415
7029 9218
1186 8576
9292 9733
2342 5135
8148 9912
3273 5052
578 1973
7850 9200
1654 7742
9973 9979
2180 5503
7563 9748
4049 5682
1976 7252
1909 5194
3266 7484
8311 8507
8822 9958
1782 7909
338 2703
1164 9858
2842 6836
5207 5321
345
3224 1660
9097 4952
5152 1516
6316 6276
4262 137
8793 1890
4 2
4803 53
5770 3796
309 63
2280 1810
1303 265
9779 4425
6613 3783
5909 5274
7845 1348
854 288
9022 2478
9398 6439
240 138
8527 6855
6868 570
9069 9008
979 133
969 580
7477 2862
5492 898
152 71
289 190
4003 404
9876 9027
6779 1968
8855 3456
3905 1371
4923 3138
8172 1022
2063 1401
501 52
1974 243
285 55
3448 1174
4819 2930
7607 1091
4894 1096
3181 304
6561 5685
1755 1737
4808 4711
9626 6731
8418 4816
3445 1298
3089 2949
8329 3303
8134 7261
5358 5162
7745 946
6857 675
6410 3243
4884 2130
326 287
7557 2184
8817 6129
423 312
262 83
8200 7782
1721 891
4087 418
9899 4497
6652 340
9744 1029
3868 2638
3091 1821
8764 3383
2747 1384
249 230
6243 868
4316 2436
3195 2477
4490 3917
3876 3566
1529 1226
1601 525
1929 826
8587 4449
1322 377
1232 631
18 16
2554 2546
2524 921
2661 1379
3164 2912
2231 1760
9343 8777
9138 5696
8537 2096
4687 317
4671 696
6843 3269
6189 5401
563 242
3723 3630
513 459
3477 603
9187 5478
3918 2006
6270 4290
3295 2873
4657 3518
5294 1026
2126 655
8724 5757
4077 3102
5141 2129
1826 1203
993 794
4138 1611
7826 1747
1988 1152
7239 6469
9771 3622
3490 354
9911 1479
2165 292
7229 686
1018 484
9221 1079
869 672
2352 1193
5083 2176
370 98
4736 3711
2281 564
3635 2217
1598 1492
7130 5895
1043 731
7197 6004
1121 548
709 261
6853 4551
9867 1085
9017 2803
2826 2212
9813 7346
8861 5546
8427 2117
8304 7949
3957 3355
3851 1785
8711 8586
3470 2633
1111 1095
3572 1143
5120 4845
7848 6805
4609 3500
1840 960
2041 1827
9731 5910
8744 687
3263 332
1852 1364
8914 7810
9274 5262
4705 1698
1481 1257
7510 6860
256 109
4844 2454
8350 5472
3587 3497
4211 1087
8256 4025
6618 2783
9604 8053
9197 6741
9007 1132
7307 2529
8495 212
9541 935
4703 4158
9271 3017
7720 4378
8240 6658
7561 893
5746 1820
2326 2227
7276 5053
5801 3481
2678 2118
4634 3861
2093 1586
8021 7074
8278 3913
1427 732
9962 1734
6677 3476
3815 267
7357 4440
409 10
3927 2847
7159 1592
6101 5436
4974 3699
4232 2848
3988 1122
4192 1984
4847 3317
1719 281
8555 5063
6641 3405
5789 3255
2221 132
3178 2659
7630 4155
6399 3172
3835 2942
2999 2540
4756 453
3865 1299
3400 2348
9029 6006
1880 1005
7728 6200
8093 3031
4854 4265
3770 3603
4453 2583
2314 383
2196 1712
8728 5620
4543 1495
494 468
1922 405
3590 2940
8471 7148
2997 2268
567 217
2354 881
2534 321
6664 5097
1855 1637
335 327
7232 3230
3953 1917
5780 1649
5439 1706
7917 7839
2370 1368
1856 1519
4710 2525
3085 1798
7805 3986
644 143
4039 1869
5272 5049
3051 2625
3276 2765
6835 609
3628 2267
7922 7125
1920 215
7016 3712
5295 4971
2147 1030
1583 583
546 356
7045 2891
5171 4020
7367 5505
6462 160
2363 228
3148 3055
1215 820
9815 2094
2250 277
9020 8564
5883 5345
3936 3891
3069 1213
8358 7552
5461 3778
6478 3965
779 43
9359 3654
2347 1945
5922 1790
9834 5368
654 639
5556 4200
2816 2746
3008 775
7894 223
8784 2952
7635 1418
474 8
4873 3109
7616 5483
3140 2381
1724 58
5638 4455
2479 1295
8327 6519
6705 6240
8964 7609
4289 1818
6831 4860
1451 5
5517 3821
1577 557
4066 2498
5378 783
7265 2290
9258 5167
5624 1991
7089 201
624 30
4134 1563
3890 876
3752 656
5842 861
6989 2799
8413 7999
3488 800
6872 1657
6441 599
2084 1140
3357 2896
9369 2445
1689 483
3396 1884
5964 4899
857 674
2782 2152
7420 5982
1104 398
380 254
9090 3196
8430 1070
9665 6356
588 153
8598 8549
8077 4406
4103 4079
7538 2108
