476
5746 7756
4093 9496
7238 8705
859 5032
881 8409
3451 8135
2119 9248
3884 8613
4429 5985
2876 5867
7278 8604
4277 9158
5864 7651
7771 8134
2797 5295
7487 8104
5793 6355
9955 9994
5684 9670
6231 8207
2389 6122
101 1444
2177 4132
8414 9097
1577 6725
6114 9160
5055 7292
5699 8822
7250 7543
5774 6012
2420 7092
3817 7228
7417 7818
8528 9145
4322 6539
9719 9933
8189 8764
5885 6490
6014 6481
6110 8467
1414 5502
1689 3138
6275 7509
5569 9766
8033 9885
2152 8020
8778 9685
8089 8353
1725 5126
6017 9439
4851 7412
2304 6132
6239 8797
7105 7843
7013 7505
492 8233
7036 7179
5342 5383
3546 8027
8641 9144
6205 9102
7696 8520
3126 7855
3544 9143
1218 2010
1044 8273
2004 5997
7427 9503
9545 9802
9337 9909
380 5326
7146 9112
846 2981
9180 9254
9052 9629
2606 9259
9134 9642
4430 8204
1124 3273
9838 9929
7555 7871
4634 7450
3055 4333
6834 9376
3057 4532
24 9165
6861 9065
504 3506
8159 9166
6961 7121
8804 9814
6470 8863
9553 9677
773 6147
8402 9577
3680 3896
8081 9318
7889 9284
9531 9777
591 5698
4258 8589
1037 9682
3825 8140
2573 5628
6693 7904
9014 9374
8824 8879
4033 4632
4734 9799
6149 8194
1022 8461
1594 7899
4536 5871
720 7208
1752 4645
1138 9509
7814 8819
3428 8559
702 6286
4695 5600
180 5457
5626 7266
2441 8519
5071 5320
1186 3063
2670 5390
8826 9910
9695 9800
1498 6115
9515 9937
1131 8000
9480 9534
627 4458
1342 5663
6395 8640
3178 6484
2249 3078
8450 8834
8566 8835
9617 9881
4597 5828
9235 9398
4213 7361
8660 9363
6338 7521
1146 9148
2540 4325
3031 4483
2913 5439
3746 7053
6897 6951
5369 9007
5049 9872
2361 4368
7862 8754
8563 9421
3639 7382
8478 9190
1280 3182
1383 4965
2302 2811
1788 3368
8472 9614
3480 4025
3237 3335
1397 9654
4760 9900
292 6476
4229 4497
8920 9489
2996 6871
6505 9737
6307 6932
8686 9778
5137 5758
9899 9960
145 4549
5578 8581
8722 9239
2425 5469
9689 9839
3788 7616
8886 9710
5880 6257
7685 8794
2882 7327
5034 8891
3504 3791
4243 6188
7038 8832
6915 8018
2334 6181
3852 8276
5878 7245
8631 8664
2608 4175
9602 9664
8016 9475
7113 8953
6237 7490
783 3404
5740 6999
7137 9186
9583 9963
1127 4119
7839 9339
8971 9508
4833 7070
9919 9928
9712 9912
5639 6853
5744 9404
9723 9775
1583 9341
9387 9540
3644 3880
834 9726
1786 3006
7599 9443
351 2594
341 6568
1555 4470
2456 7458
1834 7191
966 3490
6028 7198
4299 4740
1114 2033
4994 6962
1977 3431
4177 8333
1391 8445
7337 9564
8067 8659
2905 5548
2486 8965
7549 7940
2899 4205
2829 6758
972 7848
1957 5911
521 1567
6836 8228
4991 8756
7682 7910
5842 6823
2529 3195
7508 8957
6063 8656
3039 6807
692 9768
2783 6260
507 9645
3535 7224
9688 9905
792 4078
1057 7527
5250 7734
41 1507
2255 7008
4960 6475
5404 9666
7123 7803
27 3493
9528 9589
2448 3650
2837 4290
1709 9384
5714 7415
1343 4563
2789 3156
1221 4061
983 7372
4399 8570
1846 7283
3903 6958
9024 9819
303 6039
8762 9971
8195 9360
5140 8150
6193 7332
9969 9991
7304 7370
761 8179
8904 9141
6528 8882
1459 6165
5363 8292
4479 9265
6838 7241
6383 7919
7840 9975
2190 9904
1624 6654
847 2015
7937 9080
9892 9987
1453 9985
4455 9845
7766 9412
845 6801
5956 8654
5088 9445
133 5014
4827 9764
7065 7433
3695 5808
588 5701
8899 9771
6565 8289
7383 9704
3142 7815
9255 9287
8264 8277
5064 6620
4393 7033
5912 6019
9641 9761
5251 5503
5523 7102
923 2652
9473 9527
2503 4162
8745 8869
1942 7759
3573 6712
7686 8118
2892 7404
1777 5857
9585 9829
8543 9957
1052 7139
7629 9424
2504 3730
2585 7538
9665 9736
2994 5282
9604 9953
5990 6403
3663 8947
2666 6125
6963 9692
6570 6573
3618 6979
6975 9856
3572 8488
719 1028
8515 9436
9700 9878
3820 9979
8569 8615
1431 2453
2548 7761
7506 9917
6555 9251
2155 5568
9088 9536
6219 8397
4446 9098
9361 9996
7009 8859
3124 4541
3865 4568
7474 7605
1075 5161
772 7457
1951 8306
1614 8976
159 8464
9025 9607
3881 7714
7822 7854
3430 9780
4144 6202
6433 9560
3888 9201
2784 4895
8266 8877
9340 9410
764 1208
1169 5120
1670 5720
3603 4860
2922 9844
4674 7747
7936 9734
9558 9648
1258 7315
7447 8113
3661 7808
1220 5920
8157 9042
9790 9916
968 6850
9810 9934
3008 7675
9684 9804
8651 9573
4530 6209
456 7607
5357 6195
6386 9163
5629 7611
2802 8084
4215 6935
7693 9784
347 1254
35 2205
7131 8616
50 5043
657 9868
5807 8415
6694 7748
4428 5348
3777 6445
4814 5019
3093 7196
6585 9638
5983 9879
1326 6417
1358 9366
4035 8914
6968 9730
7225 7649
6201 6437
6254 8509
3375 4004
2946 5127
8380 8816
3027 9920
5258 9385
7857 9100
1382 2043
4050 4971
1987 8743
2654 3271
4154 8007
3845 5211
721 7511
2353 3539
7632 8296
2451 6881
1140 6998
3296 8199
6071 8709
1784 6637
2217 3220
4247 6786
9074 9693
1441 6777
209 5896
6003 9198
4376 4829
156 9356
6223 6806
7435 9493
1466 3510
8935 9478
8038 9748
1620 2066
6964 7331
4968 8294
2368 2869
528 5750
1115 5476
3914 4222
2685 6991
7001 7371
2182 9743
7297 9720
2593 3137
6835 7568
7646 9588
7186 8459
1956 3193
168
8597 3519
3341 1471
8647 1171
8355 3316
2786 1154
5474 1858
7573 4221
9702 2422
4301 1378
1418 1117
8363 4545
2479 1781
1219 1091
454 340
8980 236
8238 6323
3987 2883
2815 574
6049 484
4644 3129
7831 1204
7256 830
5509 4622
1488 957
2778 1061
3036 469
23 13
5970 3026
7243 3250
7728 5577
3214 1863
3477 3187
634 113
739 480
8452 6388
5197 4198
2266 498
5167 2844
6734 6612
4184 2507
9264 1835
2871 517
5158 4323
9981 3838
4206 1749
7498 5480
4133 2505
1845 581
9855 724
6768 6564
6668 336
6887 4513
8507 963
4762 2054
9128 4007
7583 2960
2641 2026
4305 4236
6936 3034
822 349
1125 473
7866 5268
5747 1947
4825 2409
6921 1458
8305 5428
2391 1753
5460 281
1933 486
7362 1810
5075 3136
8090 2114
8366 5767
2160 149
9103 8427
5762 4880
2197 825
4766 1602
2251 769
17 3
7163 127
9416 9151
5780 3867
1357 438
894 333
5466 565
8405 2435
1831 328
6168 5969
2299 420
2315 913
5938 5910
1743 1202
5249 1291
6244 2079
4607 171
5659 2526
7099 3334
3846 1960
2945 2346
7939 6294
8263 5311
8281 6795
9635 3018
4495 635
6035 4738
1854 831
3003 2278
3425 1181
2736 28
7460 6027
9876 2809
605 359
4100 385
1502 232
7286 2283
5 2
7421 6270
4293 885
312 195
5687 5205
9547 7080
9940 650
1211 788
3337 125
6210 3951
6701 3582
3711 2648
8456 8057
6463 4168
4098 819
1771 386
6671 6233
3854 1412
3633 2651
5533 1783
8136 262
1998 1295
8508 3814
7045 2603
2166 1603
9488 510
1929 155
7659 2612
8511 5464
2859 308
2740 2667
2487 1416
2823 1500
7556 2851
8665 523
6947 5028
3374 2975
2449 2317
7333 2110
2067 1568
9970 3177
4395 4225
5642 4128
398 173
7272 5047
920 276
8184 6166
186 121
3992 2692
3383 1438
8225 2521
108 96
