727
7644 8531
424 1100
7926 8180
7248 8922
7608 8440
7546 9402
15 3398
1143 6960
6331 9399
2743 7972
3561 4312
6309 9246
1689 6464
1494 7154
1898 4006
1833 9296
6258 6838
6682 8472
587 6947
6723 9596
6596 8885
3639 4807
9240 9948
102 9989
7128 9150
5291 9718
4749 7241
8227 8881
6142 6174
4821 6386
1601 4837
8261 8997
2472 5020
5909 7940
9417 9587
8525 9826
1053 4560
4581 9988
4239 8769
3152 8799
7077 8743
5256 7495
8739 9160
203 9940
256 1837
9555 9624
9876 9947
9743 9818
2020 8590
1561 2796
4138 7673
8496 8623
8093 8992
6630 7104
4934 9556
9341 9838
6735 9847
5960 8477
3582 8287
5399 5423
8391 9157
1934 5409
2059 6412
6306 8509
7118 9359
214 3043
7880 9437
9762 9900
601 6232
8444 9975
7291 7780
2772 6816
2608 2822
8382 8903
8724 9681
1704 6822
1546 2065
1012 6757
3826 7821
5092 5872
5041 6072
1784 3564
7074 9469
5203 9349
5484 9794
1077 8427
2217 5959
2987 9254
1240 6766
6018 9292
5709 6900
1693 8805
2014 6440
5216 6691
7041 9515
8439 8645
9058 9868
8254 8785
9815 9884
4779 7184
5727 8168
5669 9552
2097 6147
6764 8813
1867 5845
8832 9687
5681 8454
9293 9817
6859 7860
4286 9597
637 2265
3336 9622
7110 8066
2350 4732
7026 7832
2017 9401
1974 7641
8651 8727
8245 9918
1598 9404
8573 9329
8742 8871
1754 6103
8466 9121
5362 5531
6242 8327
4644 6379
6114 8394
4018 9213
8991 9969
7025 8857
8612 9311
7996 9573
8552 8595
1396 4023
8491 8956
9069 9775
8455 9594
2335 5207
8824 9348
1714 7751
6825 7510
1836 6658
2997 3493
2045 2624
4666 8274
5297 5447
4892 5753
9610 9652
6850 9590
443 7625
5066 9177
132 1478
1137 7252
301 9878
7274 9040
5440 6509
8224 9516
7068 8310
1786 9577
1513 6627
8860 8989
2211 6967
3411 3792
3083 9422
8013 9174
2870 5733
4923 9968
8373 9466
5375 9318
9873 9997
9346 9739
5751 8515
7231 8201
3113 7395
5562 7146
1993 4454
165 4171
505 4394
4683 5677
7749 8451
4175 7027
7871 9439
3925 5490
4059 4852
8685 9965
4573 5361
8975 9614
4037 8521
3783 9032
534 3901
4596 8814
1472 7206
5156 8696
1706 6818
1982 4836
1910 9224
7383 7424
9098 9806
229 838
7968 9077
7239 7750
199 2721
8135 8576
4902 7251
1705 7037
7541 9981
2029 7222
5097 8036
5301 7590
1803 6517
5526 9958
4613 9656
3818 8158
5885 8942
206 3225
3864 4096
6433 7214
3584 3752
4684 8702
2558 6171
9536 9720
584 9333
6294 7827
557 7342
8097 9146
2543 4970
6743 6887
4870 5629
7840 9364
3886 4641
4768 5943
5314 9299
311 6484
4222 9360
4357 5472
1781 6654
3635 4042
6136 7311
827 9171
6222 8764
627 5757
4550 6473
2378 9266
2453 4676
3558 8264
3166 6134
1375 3907
4069 9263
1764 3757
7107 9779
3935 4360
1816 5057
7200 9144
6563 7773
709 9886
348 6575
3740 7862
9192 9850
2668 6935
6858 8279
2490 6797
4325 7629
6476 8052
390 1878
4501 9228
6831 7345
4444 4701
1523 8482
2134 9100
6461 9675
9773 9987
1578 2532
3691 4554
5278 9810
1026 2489
9992 9995
714 8116
7758 9953
6237 7224
3536 7771
1875 7161
7800 9618
6351 8278
2360 2600
339 2484
9277 9599
4791 6332
2896 5106
4015 8697
5865 8346
947 9964
1046 3943
5382 9344
1650 2337
3392 5535
8240 9511
6132 7396
9225 9713
8678 9211
1216 1881
7353 7633
1580 2996
1072 9851
4625 6389
3365 5816
7600 8933
3921 8152
5038 6941
4947 6424
1643 8558
6813 9844
4538 7108
3807 6045
5290 7765
983 8020
6642 7367
2798 9912
9835 9942
1746 8614
3047 4121
9501 9906
2981 5061
2712 6897
7614 8542
1636 8790
592 3831
1573 2758
228 6612
1490 3756
1215 4492
7393 8726
7189 8206
4761 6432
2645 5381
4364 5534
3228 3860
259 1222
633 7350
5277 7823
786 4600
121 2315
9119 9672
6008 8420
7990 9634
6868 7544
5520 7197
2035 3856
4826 7676
4798 7929
9551 9574
3655 7830
3523 9072
1016 2487
6500 9420
1819 2138
242 7049
9840 9877
7685 7970
1281 2216
3181 8297
5615 9894
352 6529
5940 7656
8489 9631
6675 8663
755 5983
9370 9732
621 6997
8827 9966
3550 4437
927 4493
5621 9759
4078 9498
1936 4873
3781 4734
1177 3926
201 4438
8791 9265
4307 5317
9814 9889
4553 9508
8145 9765
9034 9035
6533 9944
7428 9303
2932 6879
6915 9531
6730 7201
2560 2832
2460 3463
4068 6216
104 3782
2481 3041
9505 9825
5090 8890
2767 8582
4899 8127
2314 5954
2030 4936
7083 8875
3298 9662
8486 8936
5809 9220
7173 9922
1466 5963
6233 8898
8859 9485
7174 7737
8516 8895
3122 6129
766 8526
65 6421
3106 3773
5034 5844
1667 8141
6910 8624
3057 8583
608 916
1905 2284
9893 9927
6963 7310
3621 6820
4343 4815
7769 9375
3451 5498
4303 6149
3055 3342
3155 9608
4993 7090
8413 9668
8289 9085
696 2368
4294 6366
5783 7262
380 7326
8964 9979
8839 9566
2019 7540
7607 8560
4797 5074
998 5228
5525 7357
9654 9891
2698 5521
7246 9465
6569 8680
9094 9843
8215 9014
5184 7046
4698 6006
3501 5026
7504 7706
9585 9749
3768 6058
7404 7472
6603 6832
1057 2701
5424 7695
1946 2849
6686 9168
9583 9907
5619 6917
5403 5824
5275 9521
8197 8222
7679 9909
188 7159
3784 8039
5272 9428
6401 7366
2914 5096
9321 9931
1694 5075
2184 5550
8363 9983
7743 9639
7230 9702
6288 9671
3910 4368
3143 9606
1491 1745
889 9315
5058 7851
1331 3932
2179 7420
7411 8654
1366 7730
2567 4108
6729 8286
6081 9109
2428 2446
5354 8049
1983 8481
3158 4597
2062 6633
138 7391
2269 8692
4578 8882
6333 6578
840 1935
3042 4744
727 5760
756 9670
3348 8800
4323 5192
7822 8117
9015 9699
6078 7499
2786 8443
6141 7445
5675 8639
5425 7956
1582 2719
6582 7908
7227 8291
2688 7397
3734 5551
8098 8736
5684 6722
4212 9880
6066 6922
7134 9060
1048 9009
1652 9447
1097 9194
26 5006
5919 8587
4296 5209
5018 8148
3642 5122
5740 6929
4434 9869
9357 9680
3994 7446
857 7303
3259 3881
2002 2040
1711 7545
2192 6053
9689 9752
2801 8019
9816 9957
4453 9074
5835 9488
2525 2917
2711 4874
926 2819
9772 9867
213 3695
7887 8681
531 8740
5695 7427
2242 3965
7369 8447
1975 8756
4219 5658
5544 9275
8990 9472
8717 9164
2922 5607
8252 8326
5947 8744
4244 5369
2840 7488
5929 6562
7051 7289
4773 7997
7497 8092
9057 9127
7260 8569
4243 8031
3088 9249
23 3311
9154 9721
5772 6753
7916 9470
4181 5014
1480 4915
4467 5170
800 8151
6651 8437
9881 9990
6415 8653
2319 4338
6673 8075
4230 7834
9562 9903
6518 8551
5176 6667
803 2603
7894 9548
8133 9476
8945 9017
2156 4927
5842 9731
4045 6478
5080 6522
7565 8604
7966 9961
5125 5649
3516 9289
6896 9191
9384 9509
491 8042
4952 7195
4767 5158
5945 8352
9325 9397
483 6425
379 7596
1218 1960
5312 9925
7507 7657
3697 8792
7998 8870
8951 9435
1701 7599
1398 6926
6448 6543
5185 7347
4162 5479
5377 7971
1276 5987
381 5590
74 3802
1732 8830
7398 7764
2071 7212
3168 4179
4401 5102
6865 9803
901 3585
8747 9156
5393 8367
1116 1297
6725 8818
9733 9913
3649 6125
8056 8102
7448 8284
4953 6826
8719 9848
9053 9650
2206 3197
7698 8266
6666 9028
8868 8952
8822 8835
6546 8091
1298 7325
4276 7959
2338 5723
5841 7911
5395 6361
6636 6688
4449 9829
5234 9694
1639 4165
9153 9991
3149 7963
862 7732
8210 8730
3855 6328
110 1098
5359 9390
7354 9231
3490 4588
8260 8436
2812 5330
7339 7877
7666 7754
1822 8788
4204 6680
5249 5873
7257 9832
2900 4810
7327 9512
8230 9623
2295 5985
9615 9934
3162 8112
7796 8126
4939 9406
7702 8012
3421 5408
2569 3618
4349 8665
9686 9728
8105 9043
337 4029
8390 9914
7905 8891
1485 6833
777 4531
9801 9819
5808 7225
8728 9126
5004 5247
9495 9744
5374 7952
523 9565
6878 9473
5471 9412
7062 8207
7138 7163
2323 5303
9460 9923
6115 8449
1916 8368
949 8884
9012 9866
7663 7684
4977 5518
555 8878
8640 8705
3192 4897
3250 5404
1736 9175
8169 8378
6894 8344
4402 6623
8503 8524
3614 9917
300 3410
7258 8272
9558 9777
588
4271 1144
2941 605
2843 1226
1748 913
8721 4025
6101 69
9310 4888
3207 2835
1586 780
8853 3859
5355 568
3801 2690
3252 3169
5671 4741
6602 2181
7053 5076
8652 6428
1776 1213
3471 1294
1439 375
764 40
6118 636
5213 3264
3503 3246
7209 1537
5201 1943
3722 1493
3376 2420
7405 5450
6202 3575
8453 4919
8055 4753
1676 808
4484 1009
2180 1968
7014 2452
492 149
5623 747
2473 2084
5341 208
6733 1698
3974 3075
3422 2692
2158 1713
5259 4537
9243 2349
9306 4071
4064 3257
6862 3560
9945 1801
9130 2631
5236 2246
7031 1770
6029 4506
2993 829
3295 2897
8932 5071
1293 804
770 25
7983 1593
9609 7331
7835 6501
1477 279
8205 2409
4660 1158
7236 1195
210 123
8812 3255
8601 3604
503 306
7070 6781
3849 3019
1417 571
6453 4948
7480 4631
5632 275
4916 3793
8761 2111
8002 2365
6051 5048
2139 1787
1157 908
2596 456
9379 1839
2728 561
3592 615
7468 5087
56 19
3445 454
8782 6385
1168 377
1902 1058
7223 268
7094 4630
850 277
4101 1422
4326 37
6291 4004
3334 2010
7778 7559
5836 658
2602 500
8916 6841
8874 3382
5925 4569
4062 3611
3984 1093
401 207
3750 2974
7739 6107
645 263
2041 1848
2521 2190
9859 944
8040 5660
2391 1609
8806 6039
3874 233
8944 1967
7613 6783
5613 5515
5763 299
3941 1409
8072 7358
6908 6144
3279 1644
638 270
905 609
6025 5903
5002 1149
4010 3803
8497 4763
1660 1190
5504 724
3249 1102
139 48
1424 678
8732 798
1572 219
7109 1136
8483 257
4036 2705
111 50
2976 873
6176 4315
2318 2260
3520 2317
6471 950
4980 2763
4907 1377
3588 145
2820 708
1799 441
9679 8979
8431 3816
9059 3996
5238 1948
3710 2220
546 101
6416 2001
2671 1913
9200 9030
2793 1622
9499 2582
444 409
4867 1220
6817 1080
8731 97
4983 2258
2 1
1628 711
1619 662
55 6
2873 2777
8554 2566
8256 4328
3954 988
3796 3063
8622 4174
2966 1722
4696 4144
5642 4206
9507 2405
1000 349
3091 7
4172 3167
4489 2213
3292 632
8161 5068
1526 1151
7740 763
7995 7914
6223 5372
6988 1583
1507 267
6368 985
6411 6296
3572 2380
925 373
3139 1194
8166 4651
863 642
7101 1702
8500 4889
529 260
9398 8172
80 59
922 911
3647 2076
5734 3527
5451 4441
6732 5211
7561 1945
6209 882
6704 4363
73 64
7957 1830
9351 4792
4646 3172
6987 1028
1245 517
8471 2236
6013 5499
3477 1610
6919 4302
8714 3778
4407 3100
7729 2551
6490 418
9660 2785
3590 1760
3980 1865
879 623
5696 4245
7120 5475
3243 1813
1308 176
5435 4372
2287 284
8216 3795
4270 1790
3583 1107
190 171
6609 3294
8562 3307
2344 1658
2879 2038
7343 3138
9108 8649
8529 5246
6215 1752
6153 3607
9210 5139
7637 3682
8014 1718
4577 554
9295 2871
1519 509
1728 687
851 750
8232 6067
5661 3553
3125 816
2494 567
6445 4726
5373 1155
1668 748
2102 274
6249 3960
7838 5001
7185 1399
3498 2831
3946 1271
4367 324
5641 3671
8176 5769
7489 2615
2809 1646
7040 2440
6429 4122
4710 4645
3285 544
3914 3443
7519 3623
4163 818
2385 898
4808 4258
6911 3389
9647 6931
2780 1920
7376 1796
4751 3705
6405 1465
129 127
2112 96
6278 5533
5588 4405
4857 3844
8749 5307
9105 5311
223 112
5137 3487
7456 6109
3739 1659
2855 103
8547 2467
5205 4235
8982 5173
6991 6744
6655 511
335 106
1131 453
2770 1585
2090 2079
9002 8563
8153 5702
914 426
6697 220
2828 2231
2252 2227
3725 2477
8353 5059
6246 867
6455 468
3949 384
2961 589
4403 2591
1211 86
8280 2387
5512 3081
5593 4513
7799 7785
2667 2354
7332 6043
6177 4926
8906 3944
3440 920
6514 5116
1163 1063
6255 2497
1695 1356
3111 1804
5944 1741
2563 2036
6653 125
5379 2754
3555 2426
1481 116
956 411
6261 2936
9087 1780
8917 2882
8950 774
153 107
518 45
7006 1001
7550 7198
1990 753
552 154
6466 5941
2604 1773
1280 1003
5509 3981
7459 1712
3213 2415
7787 900
4780 4617
6980 6968
3953 3218
5398 2503
9655 2677
4377 3500
9138 4487
6196 573
1828 355
8108 4229
298 160
3008 1876
62 9
2948 172
9769 5180
3171 1460
3069 1929
7219 5891
2646 1596
1756 1182
2912 1188
2342 1922
9722 6228
6798 1463
739 595
3094 2308
9332 3499
9545 4114
2057 771
9444 515
2750 1372
2656 193
3846 1731
1958 1359
7016 1542
1189 1135
8393 4289
8843 1775
4776 3300
3589 2228
1957 1927
8493 6472
4371 1320
321 130
9986 9492
4267 897
2636 2060
4795 765
8219 2188
5937 5755
6969 5007
3882 2816
2806 2448
8810 6799
5477 754
5904 2353
3301 1503
1128 553
6925 1527
2886 2361
8589 4094
2911 1263
7701 7464
8501 5302
4875 502
8134 5105
1244 565
5262 177
9139 5576
7902 4080
3841 3025
9761 2007
7299 5467
943 93
3241 2902
3165 1567
6808 2480
2691 1021
9039 4466
8171 3097
5231 1075
5051 3203
858 720
3668 1311
3109 2697
391 184
4452 796
4214 2742
8392 6815
7560 1863
5230 1563
6238 3457
2618 1716
2958 1587
8 4
158 77
20 12
4799 3368
4451 3223
8408 7047
7436 2198
9297 8720
7805 670
1939 332
847 312
4020 964
4298 986
4766 997
6577 5047
8358 6796
1370 630
3433 3272
6370 4280
9730 2960
2445 2274
4943 3469
8462 6499
1534 1167
423 134
8599 6876
9331 1559
6785 5720
1086 958
9905 7736
1369 281
5462 2807
5917 904
3772 1806
4866 4626
1978 1040
8532 1435
5487 1277
1450 907
6699 6133
6746 5508
4124 506
2983 792
3669 1763
5679 4861
7182 1853
6867 6243
1525 406
4088 903
2433 2037
6898 4816
7934 2632
1111 853
7722 4097
4429 161
581 566
4496 1488
5625 485
4879 1067
8986 1589
1683 1412
3261 3206
433 407
475 438
871 253
799 713
78 11
7036 810
6711 5507
659 60
3497 155
8418 1504
5813 5294
2154 548
9451 7329
830 216
7719 4679
9307 3596
9474 2939
5635 265
8564 6071
6011 3288
1094 923
3680 250
4989 4355
9129 51
3713 2082
9178 43
2262 937
317 117
8114 3362
6419 6032
673 558
9602 9255
3593 1590
8970 5861
6975 3828
6643 3107
9117 7760
1132 526
3834 1378
6396 3851
2237 2125
4282 2576
227 147
7640 6213
3548 2214
7029 94
5218 2197
610 280
9510 1889
1390 1314
2867 1087
9584 5114
1108 1007
8821 2672
7947 575
1838 1454
7709 968
7920 7005
8198 3997
736 674
5432 4075
7272 4512
6535 1767
6801 6059
5233 1284
1735 10
