332
2367 8600
4737 6727
3490 4570
6764 7308
9836 9992
6569 7458
8523 9514
8679 9354
3170 9668
8777 9359
9133 9206
5466 6672
4613 6313
5259 9213
3765 5661
3323 5477
8304 8702
5906 6001
2690 6998
9080 9197
2649 5200
1692 5729
4473 6070
4390 4493
4592 7718
5519 8057
2420 3852
1052 3179
6939 7948
3451 6951
8101 9889
1279 8293
7932 8206
5845 8733
895 9588
2536 4256
7114 9219
6668 6755
8945 9659
4931 9984
5360 9088
4002 6043
3540 9947
8522 8608
7985 8040
4548 5606
2754 8132
6157 8009
6559 7865
8633 9563
607 4801
227 3983
9792 9860
2206 5578
3993 6048
2464 8311
7098 9014
9334 9676
7530 7789
4913 8605
9363 9605
7764 8594
743 6754
3242 9244
5617 9096
105 5802
2147 6440
3692 5816
4120 7215
2047 9713
7687 9254
8755 9100
1775 2425
7737 9545
6882 7550
7046 8493
4501 9248
5426 9664
9404 9524
4399 9498
2909 6836
7103 9629
4609 9974
7799 8397
4208 9007
8284 9503
4456 8584
9183 9607
804 5014
1256 9129
7113 8842
8129 8252
6806 8697
2707 8529
7258 9269
7795 8380
1027 6891
6565 8560
2373 6902
1875 2684
3534 7637
4533 7678
1182 9155
8121 8437
8518 9310
365 5692
8590 9410
8186 9782
9073 9890
3595 7222
294 1393
8440 9596
7156 9103
2086 2413
338 9179
3158 7658
8973 9107
9171 9531
5384 9443
6653 8979
277 8348
9163 9536
810 3533
8976 9949
5678 8738
636 3725
8734 8848
8616 9042
4358 9699
2914 9063
8811 9140
9264 9525
6139 8658
9515 9831
6049 7690
237 3703
6104 7987
5283 6639
1098 8492
727 8759
4378 4559
249 7788
7323 7940
8821 9916
9288 9997
3049 7638
5159 8030
2284 3556
7436 7736
211 7551
4237 5178
2196 7207
9683 9995
8116 8578
9399 9901
5765 6067
5943 7532
936 9866
8156 9144
6700 9022
5015 5785
9675 9989
7619 8234
7152 7444
6852 6854
5032 5753
8846 8962
18 1196
4031 5660
7536 8004
8534 8871
3244 7015
3188 9438
6778 7227
2001 4560
4970 9459
8604 9105
6187 8469
3397 3947
5432 7921
613 8289
1590 4874
8626 9738
3726 8576
8069 8726
8707 9823
730 2867
3459 5352
8020 8916
4537 8164
2618 7645
959 3101
2336 6563
5525 7704
1574 5514
409 718
7306 7473
5547 6343
1653 4109
6021 8740
4564 8635
6659 7910
6496 9313
1225 2657
3360 9718
3025 4507
4844 5176
9895 9985
4651 5929
4830 8532
8208 9641
3230 6964
1536 5279
383 7508
5542 6367
6916 8708
8345 8571
2154 9112
2322 9643
1100 5137
5620 8400
1494 4742
133 1249
5162 9602
1323 2265
5613 8925
2982 4148
5080 7320
3667 8286
3301 3544
3542 3964
9672 9775
2406 6508
3172 3904
1321 5593
3238 9091
5849 6697
3243 8169
177 4112
9742 9845
3747 5980
682 1846
1526 5005
9407 9480
7774 8830
8369 8666
3997 8195
7000 8947
7376 9078
5914 8655
7428 7464
2236 6247
2456 4458
6494 9601
9067 9623
1491 8688
9460 9621
1721 5855
7962 8312
6802 9342
9156 9905
5978 7339
9043 9360
3505 6666
9284 9967
8178 8563
136 4070
8483 9902
1857 3672
788 5053
9546 9636
7973 9894
9730 9803
2216 9869
5164 7931
5290 7893
1667 2208
9312 9639
2155 7762
3596 9882
3957 8825
2391 3182
9998 9999
7652 7920
4223 8324
3358 3899
5892 9187
1541 2411
5252 5690
4134 9832
3312 5052
2071 9301
2667 3827
4932 7898
1397 1578
3693 8673
1878 2128
9550 9817
3502 6263
7061 8993
1543 6280
3436 5402
9788 9900
4434 8768
9733 9824
4805 5004
2693 5645
5579 8849
5323 6489
3026 6264
4906 7231
7782 7803
8138 8710
8258 8579
4262 5294
7263 9970
2542 7863
2482 9695
8415 8592
9709 9712
906 5516
7141 9957
8119 8779
5055 6815
92 6389
9814 9864
813 9079
9132 9965
6106 8919
3161 4873
4698 8060
8700 9274
447
9412 9235
8032 5527
7889 3838
739 523
4156 3013
2353 2004
5255 2369
2088 920
7304 7013
7670 1847
9544 2316
9663 146
7612 1442
6370 940
1555 992
2608 947
8427 7634
8082 6267
562 561
6824 772
182 149
3110 1984
4088 1385
3784 419
7780 89
5612 270
159 45
909 655
6539 6465
4096 2361
6257 3324
2750 2101
1282 563
1966 111
6652 1731
803 140
3254 3098
378 67
2166 941
7072 1616
1856 428
4770 3933
8998 922
7622 7614
2200 559
4328 3992
9753 2932
7310 3373
6538 2467
1768 987
5558 3183
7235 5349
7659 3775
2675 966
8153 4888
2874 881
6532 1383
4430 2839
4625 3004
5142 551
6025 1690
671 173
5589 4555
6632 980
784 484
7245 2081
3770 1258
8671 2447
709 187
9432 9089
9657 1379
1910 1095
1350 847
3428 2049
4188 598
9948 8690
9696 5782
4273 2107
5944 3437
1508 282
1604 1520
2178 348
3446 627
5797 1452
9161 7891
4376 306
3600 2384
118 72
4435 235
6732 5479
2495 1666
9004 5817
3314 2798
7693 7197
4965 1103
7158 6844
42 20
8809 8095
8547 763
1001 354
4187 3088
2889 1652
3697 677
4546 2449
5213 3699
6787 6132
791 64
6867 5462
6576 3354
1032 415
3007 2061
5171 1121
8819 7894
2686 1076
6475 3985
9723 5077
3416 2697
6896 3931
2577 524
725 603
8550 1509
8670 5561
822 164
4344 1206
4308 1259
6834 5560
8182 7269
81 80
7761 4953
1948 1272
4182 1369
1937 1882
4860 3144
2939 2701
5410 1105
6071 3948
1576 815
6242 1631
4366 1130
6212 376
3783 1220
4323 2784
1750 808
3831 3594
538 215
3321 1589
1822 1718
7179 6117
3468 1004
7135 6814
3117 2383
166 65
5135 3802
275 234
1341 404
2906 2572
9173 1698
8885 7631
5060 1192
9279 4281
1429 572
596 369
5993 2307
6887 1266
3198 2272
3207 1657
848 529
4684 1241
3652 1605
3995 3036
3644 342
8435 490
8625 7482
6392 321
6799 6155
223 217
7350 505
2374 930
3309 3281
5781 735
7075 1716
4849 3076
3878 3232
6555 258
9622 5739
8419 4986
990 208
2936 1368
4318 3989
3872 2508
778 620
39 37
565 542
5573 2056
1938 454
7177 1994
1538 1264
8170 4036
2226 77
6649 1474
4478 3376
6745 458
8696 224
2842 1008
4137 3196
6760 1929
4298 3625
7074 6702
7495 5308
7324 4515
625 16
3789 1550
861 245
8804 6330
944 231
8983 8964
889 385
7036 3592
4690 4338
771 574
3799 3761
3020 967
2311 1553
340 153
9747 999
2514 1913
9856 8347
78 3
3283 2860
7409 4025
1171 399
3425 903
9648 7440
4711 4160
2461 1687
5464 3574
3939 3394
218 54
942 742
6872 6634
3928 855
3805 3599
5722 1126
3593 2319
4271 1572
165 106
474 244
23 11
3803 632
4578 2695
7463 1488
554 129
5140 2299
1493 996
890 616
5190 1106
6512 2173
4631 3679
8439 4451
3984 1940
6185 113
9329 5387
5614 3632
4123 1285
2619 1633
3173 2550
6287 393
6161 3546
3585 1318
1599 1469
1695 924
4253 3573
6779 4370
676 137
5771 4733
8758 8689
2578 1689
8401 7496
7210 5233
147 128
1498 695
4452 1861
1033 142
9198 998
1654 590
5509 5016
7819 7160
6046 99
8350 4991
86 27
8486 5803
3197 593
9464 174
6363 3054
9396 8158
3508 2424
2378 1993
594 329
8377 1905
2961 1149
2746 2574
2429 982
8246 3231
4467 2919
5674 4577
5088 4834
8344 5853
6306 3216
394 66
4747 4145
8272 7502
7969 1145
7383 4734
1953 1858
8093 5545
2188 1161
5280 48
5199 2673
7361 5039
5857 5741
3796 974
2062 1665
7330 3804
2624 1322
8490 1007
8774 2232
1142 956
3279 1758
8448 3661
7700 2397
918 307
6207 5325
6426 193
3718 3608
4522 1903
2162 1591
5048 4360
8527 7641
2837 874
4936 3495
5365 2560
9975 3404
3607 1612
5721 1581
4422 3569
1760 1443
8912 8899
6034 4212
8296 934
3003 2320
4894 1335
6396 3367
6557 1013
7672 7035
8327 1614
7101 1904
5174 139
4270 3907
3618 3484
3044 2511
5883 5379
7997 4877
466 360
6412 1981
8981 4896
8470 7603
4375 4159
412 263
8487 6008
8162 5492
3438 2089
9386 6351
1983 1579
6391 5618
5513 1107
2535 1954
9150 6566
3908 504
7343 1662
9377 8090
4964 3520
6915 1952
5417 2504
9449 4915
2157 1726
6451 643
1930 1102
7047 6143
6190 4095
1152 729
7471 123
3856 872
3105 1150
2245 1364
3338 2706
1201 885
9491 1315
3146 2880
4093 3328
5231 1294
7688 3657
5188 1047
3466 1767
9118 7055
4766 1090
4248 1969
8606 7661
4136 2769
4669 3372
707 274
7535 5633
6332 3368
6227 4544
3440 3200
5054 2976
3616 2865
2598 141
1433 915
5756 4524
2965 852
3822 2756
8382 6564
782 514
6205 5891
7859 5909
7738 7301
3215 1920
9717 5799
7746 94
7581 5097
7777 765
1639 1446
6870 1535
2766 1558
9654 52
6901 6035
5655 648
195 107
9177 1468
8663 6261
1471 1209
8873 2738
1863 508
9920 7742
7831 2924
5366 3504
2813 2075
