1000
7792 9079
1741 4160
5018 6579
8788 9503
3849 6443
4851 9998
2030 8747
7368 9418
3994 6526
1835 3701
5464 8485
891 1242
9570 9931
6384 9111
1214 1286
213 6513
2929 6571
7161 7229
6710 9288
4091 7560
2821 3184
7041 9170
893 6492
4513 5717
3661 9844
3357 4764
3492 8656
8355 9743
8618 9884
2649 7711
4129 4663
6728 7645
3507 9248
4262 5914
7295 9456
3236 8999
7797 9440
1984 4726
3880 7050
5272 9393
3805 7280
150 3669
5353 5894
8227 9790
1814 4099
4592 6655
3253 8765
9973 9981
5513 9177
6330 9214
1653 6203
3980 8625
9674 9815
6453 8234
7125 9833
301 4736
7748 8639
6680 7692
3860 7954
6323 7628
3785 4725
5230 8685
4 6001
8673 9031
5308 8481
2031 6410
706 9622
9600 9618
6037 8726
3998 7447
8071 9474
1300 6552
5180 8830
9817 9951
9132 9362
2988 9722
1717 4226
2393 9829
8428 9681
4018 4865
531 1087
4198 8663
1207 8844
7378 7875
7261 8861
3605 7325
5864 6000
5646 9562
9551 9901
6358 9580
746 3788
7909 9270
2158 7905
6967 8353
7509 9811
4438 7103
2349 3538
7019 8197
8482 8662
3284 3663
1803 7599
3081 9881
8805 9496
4471 7215
9678 9875
7716 9357
9151 9734
3502 6230
4818 7225
2959 5052
2886 7901
4956 8608
4713 4731
6190 9843
8752 9858
6727 8264
9957 9994
1617 7486
4945 5886
8144 8271
7209 8827
92 5702
5339 8297
9457 9577
9859 9898
7698 8049
9980 9996
9196 9544
767 1143
3619 7538
3228 7132
9141 9343
8137 8686
871 2462
8257 8889
4107 8491
3409 6938
8381 9437
772 9888
7385 7401
784 1610
4440 8478
1676 8173
7197 8922
9699 9759
8542 9959
2013 3408
582 8750
1389 2812
3493 9538
7242 9233
894 5492
6650 8513
2404 5293
7331 8957
1856 7491
9332 9800
4752 5649
1669 3468
651 9828
5474 7393
3395 4864
541 1351
9753 9952
4627 8161
2406 9198
3302 6285
7926 8641
6349 8857
2788 2806
1152 6613
2738 7137
6413 7629
4025 7568
2173 8405
7066 8770
656 5261
1485 9323
4411 9375
1858 2026
6670 7589
3938 7658
4833 9928
691 2445
5757 9396
6583 7352
7259 7869
7601 8224
5815 8373
7976 8902
6307 9036
257 9742
8396 9314
7071 8012
6451 6833
3234 3871
7213 8891
7294 9153
3422 9986
9472 9824
7967 9212
5748 7795
4084 6454
6644 7992
7537 7928
1761 7544
1271 6607
7664 8011
1458 7219
7441 7981
7003 7076
4542 6377
8441 9224
7591 7598
8399 9816
959 9714
2615 9522
1084 1729
7374 8060
130 7032
6943 9639
4162 9051
8499 9711
5811 7067
1708 5885
1034 8667
102 7139
17 5009
5727 7450
4495 7466
2747 5709
3895 9167
8158 8514
9388 9587
800 1233
9159 9558
3796 5676
1620 2989
9468 9725
9254 9261
8123 8934
1526 5027
6896 7030
3012 7099
6752 6903
43 7151
780 7029
8796 9447
2391 9738
2080 9342
7886 8207
760 1988
9349 9499
8218 9967
6259 6357
7654 8508
616 8291
354 9280
9083 9739
9322 9625
1579 4635
6761 6992
5822 9092
3935 6804
8237 9664
5277 5926
2564 6347
7995 8541
1525 4447
3650 9660
4146 4967
8727 8904
5330 6180
3665 7140
4275 6237
3244 4587
140 4705
7557 9960
8524 9720
5136 8322
7614 8817
7622 9244
3965 7129
6717 6898
1426 5203
7074 9171
8427 9109
3687 3910
2966 7607
4676 6964
6430 8009
5977 6439
739 8457
737 6980
2580 9533
1329 5629
845 1851
9202 9604
5113 7942
245 4059
8310 9507
5242 9324
2353 4083
2647 4039
3739 8201
5685 9071
7754 9612
1115 1806
1543 6064
2043 2907
8047 8616
2305 3005
9062 9924
2247 2852
9564 9781
56 96
5452 7825
3529 5734
9934 9935
148 6119
9272 9729
5086 5149
3006 5099
7159 7720
1401 2637
7286 8730
2903 4841
42 3825
3413 4437
1160 4593
9985 9991
5039 5183
9663 9691
1969 5594
406 3842
6424 9807
2036 8124
1783 8451
1106 1567
3694 8621
5135 7063
9979 9988
3828 6432
807 6172
3653 6981
206 3934
8567 9012
9887 9963
8210 9690
4820 9508
2568 8804
1146 8266
2507 4825
1597 6883
4506 8268
9908 9982
7142 8391
1870 2911
3767 5598
1005 3921
9771 9862
674 3293
6177 6445
5010 5458
9747 9748
4562 9068
3090 3596
809 879
5765 6110
6705 8241
6003 6284
6238 8172
7566 8314
3604 5582
2931 7689
7646 7877
1365 5138
423 2616
8504 9424
3832 9390
533 9758
534 9525
1301 3699
334 8223
9002 9910
1775 9310
9004 9368
5235 9242
3342 4067
523 8972
4844 8517
5480 5866
3817 8430
6185 6270
4010 8446
1202 7324
9650 9712
7107 7672
7298 9135
7414 7823
7227 9411
4173 7119
600 1354
4096 6538
969 4623
560 6979
4120 8669
8950 9594
9732 9755
3414 6046
8534 9335
3966 5466
8965 9252
8665 9344
4354 5344
7037 9181
6390 6466
1908 6732
1931 9669
398 469
5945 6904
7842 7862
1323 5539
7686 8091
5829 5950
1473 9685
9831 9992
8036 9133
7800 8590
8141 9169
338 2224
1387 2944
2135 7671
688 3220
4236 8989
2590 7857
1720 3961
9118 9465
5855 8389
4401 8554
8253 9948
4755 5390
9917 9997
9693 9821
1001 7234
1498 3188
5725 8628
9381 9591
3808 9818
5879 8323
8547 8574
8299 8800
7271 8900
1810 6970
9709 9717
3936 6416
983 5167
2300 4445
9278 9918
3652 9505
8126 9883
5525 6868
986 9336
4085 4474
2884 6316
2263 3131
4031 9628
6127 6960
2297 5233
4567 8637
1491 7943
570 3190
457 6801
3588 8131
1713 2005
487 3601
1353 9563
7900 8056
7474 9442
9698 9993
8738 9733
2358 8180
5004 6114
7319 8895
1881 8338
2221 8873
78 5567
8453 9193
2481 6863
8558 8671
486 5961
5197 9185
2392 8459
7094 8710
7960 9846
1577 4246
8936 9623
7049 9962
7 3122
8175 9076
4512 8706
318 8619
3024 7887
7226 7404
8791 9206
1201 6540
6688 7292
6150 7863
120 1244
1133 8778
7966 8737
7380 8635
1886 3007
3888 7602
4540 7463
7297 8262
2779 6164
3075 3163
8583 9517
8149 9822
8719 8798
2997 5995
3430 5199
922 3666
2250 5766
8653 8744
978 7113
6254 9326
5304 5494
2932 3387
3916 5788
8084 8211
6448 8657
8311 8540
1325 6490
6784 6937
6337 8910
7657 7744
5724 7785
2602 3425
4896 6391
8937 9265
7521 8092
7328 9402
5373 7102
5155 7174
9909 9920
9946 9971
7002 9860
8521 8736
2038 7514
7548 8853
1308 5777
6272 9713
953 6111
4172 8605
5561 9266
3327 4458
3144 4369
2389 5902
8741 8953
7377 9536
3622 9819
7953 9225
2820 8502
1035 9032
1098 7276
6473 9921
9119 9932
6187 8483
6615 9222
9964 9965
562 7365
9087 9872
1062 1987
1397 9333
7290 9635
9194 9315
1169 2969
6335 7354
3898 4286
6277 8863
5232 6754
4938 9417
4052 7930
8236 9838
6755 7438
3189 6403
1824 3762
3742 6293
2390 7198
1743 6521
446 4037
5919 8588
1193 6282
7634 8101
1267 9627
9077 9104
3886 7874
9100 9419
5145 9593
3389 6174
9067 9210
2370 5303
5549 8695
4859 7552
5395 7240
6444 6899
5427 9401
6242 6775
2256 9108
4641 5150
3815 7424
2881 6791
8440 9958
1159 9121
2690 9359
4194 4716
6542 8406
6441 7722
6209 8847
5867 9460
4670 8475
8629 9041
8002 9426
6594 9799
5574 7916
4127 4957
9038 9420
8317 9394
2693 3726
2241 6686
7332 7409
5632 8189
1313 6654
7732 8249
581 3852
5220 6022
4398 7256
2486 6362
5237 8970
9812 9984
1144 3210
9160 9789
1613 2113
1801 2850
7699 8689
4555 5987
3209 4117
2529 3591
5910 7829
8984 9055
2923 3573
597 1259
3748 4817
4298 7062
7920 9975
6446 9489
7452 7561
7305 7636
8154 9836
5523 7855
1474 6716
4647 8245
6245 9634
2436 9346
2926 7442
9637 9969
9413 9762
6156 9317
9972 9978
9849 9882
1819 9922
7828 8403
9531 9704
3856 4414
957 2562
9075 9977
6246 9652
1234 7416
3680 9327
1056 9216
4926 8097
2824 3698
1927 6319
1033 1363
454 2290
7596 9184
9588 9803
9421 9555
7105 9541
194 1430
6787 8432
1023 5030
6228 7274
5003 5322
9480 9574
340 6350
6212 6551
8990 9966
571 977
2542 7131
1959 8378
944 4551
7652 9916
372 2443
7267 9361
687 6340
3501 7520
9294 9586
3216 4287
458 1053
2192 7195
7690 7755
9528 9853
8572 9325
4040 5172
3450 6134
637 9150
1309 2631
2662 5762
9659 9933
1171 3552
521 9011
3732 7253
612 1518
5641 6913
4137 5448
6957 7982
1012 6696
1563 2279
5472 7433
5695 7891
9814 9890
1085 7485
4525 9256
8385 8511
8164 8473
3094 3704
1946 2675
4051 9566
1194 7975
9339 9621
4263 9787
8622 9629
4888 8876
3844 4337
7705 9365
3952 6289
3285 9938
9871 9953
8776 9019
8994 9345
2071 7676
4544 6808
9498 9735
3613 4097
7177 8941
7923 9405
6989 8870
9874 9987
605 2150
1238 9425
7623 9226
3637 9511
2949 7357
1431 2033
2432 7707
7189 7317
3744 8944
466 2719
1553 4423
6810 7477
7422 9078
2677 8711
5015 7927
2480 4597
7861 8146
8659 9495
1099 9247
5952 7363
2014 3887
7504 8290
6822 7811
8543 9571
9234 9382
5871 6138
3375 6730
7026 9708
6039 6917
1494 7545
4390 5862
9061 9506
133 277
5420 5836
8729 9949
8951 9283
833 2293
8487 9646
9631 9647
6733 6900
8251 9746
888 3397
9249 9400
8195 8537
5423 6053
1968 8715
9245 9338
306 6719
1501 8445
4910 7651
3827 9018
8632 9434
6045 9086
7287 9493
9545 9868
2096 3238
2889 6830
7516 9491
1512 2945
4132 5098
951 4681
9445 9919
2245 8905
9590 9730
447 4450
2947 7990
6456 9291
8591 8885
39 8611
2102 7278
3854 3955
6115 8014
9258 9840
6767 6769
3453 8490
5084 6772
4897 7919
5473 6525
1073 4312
1861 9611
6958 8880
7907 7997
2540 7033
3912 6321
2015 6691
233 6687
6926 8392
3878 6575
3617 6467
2822 4759
8111 8592
6017 9147
3269 4524
9603 9688
5245 7779
592 6953
8926 9549
7289 8954
4424 4787
8138 8888
1220 1863
5280 7681
6591 8139
8851 9752
4214 6963
3050 7202
5996 9295
1434 3009
9039 9459
8112 9990
7609 9696
5501 9220
6078 9410
3329 5883
4014 8494
1633 4774
2737 4242
4003 5297
1736 5517
1541 8818
5396 9321
6779 8337
8896 9768
2468 6021
4735 6310
1629 7758
6534 7735
3733 6398
2119 6034
3684 6753
3595 5208
8077 8610
4577 7244
8093 8976
9035 9705
6052 8045
2826 6200
2289 9201
3239 3354
5963 9945
4708 7564
3957 6851
4737 8721
8358 9624
892 3702
3947 8694
4799 9737
5016 5375
3444 9197
5173 6503
1792 5082
222 8676
4148 4209
3377 3581
4395 7268
1762 9096
3478 3522
8335 8612
8707 9567
19 1502
8107 8767
5927 6243
6621 9312
6560 9219
9439 9572
2282 3806
1907 5900
8700 8930
1232 7412
6181 9662
7396 9046
3474 9285
8981 9084
573 3437
8519 9482
7777 9897
5070 7993
1964 6994
2495 4605
3747 6820
9398 9745
3138 4331
6225 8559
5333 8301
3640 6009
231 3158
5299 9579
6916 8520
6695 9680
8120 8375
4772 7336
215 4058
3237 8875
9903 9974
110 885
5421 9539
6920 7415
6428 9279
6589 9870
396 2721
5825 6617
4968 7703
3536 5045
7741 9309
5461 7035
5679 5979
2762 4171
6275 8079
9613 9914
4753 5706
5923 9187
3997 8005
5213 5238
5088 8484
756 6143
9311 9484
5689 7600
847 6658
2394 6771
409 1226
9798 9889
1167 2591
1289 9930
4459 7745
2362 2573
1272 2023
4387 9378
4422 5044
4837 9138
8722 9030
6216 8850
5387 8500
1122 5519
2545 8246
90 421
3718 5022
5403 7752
795 3703
3988 8701
520
5358 435
4113 113
1312 864
3857 1728
2558 1833
4302 869
3019 1499
874 648
8593 5207
4591 3058
7479 2957
1400 1197
2856 84
5309 4995
8064 817
9569 2211
5264 5221
4501 2280
2751 2413
3192 383
3635 1917
2667 2344
8085 506
7772 7045
638 152
4975 4292
7482 5258
2525 839
8170 2063
890 159
909 802
8376 4429
677 384
3051 555
3352 3091
9082 4571
6881 5326
5329 4460
693 278
6662 4032
202 103
1131 355
8202 2704
1588 345
4821 753
4399 3394
9126 3681
7484 4442
6885 6325
9367 6581
3147 2686
8103 3609
5633 1688
65 50
302 23
6344 2522
526 160
9582 468
3011 2823
226 79
8247 1869
1447 98
8094 7921
2387 804
8526 7710
3464 1211
207 55
7153 6081
9215 8233
2044 185
6099 5623
979 676
3447 1853
3964 1920
7130 5929
5342 5290
9409 3316
2215 2193
2941 1475
3769 2724
3778 3350
2 1
2570 1716
9995 716
2441 1493
4572 820
594 507
7266 5874
6380 5134
4250 2488
8577 1519
830 545
6266 2792
7243 5993
5983 293
4016 1457
692 510
989 578
5361 59
9360 7932
199 173
3956 2332
16 14
329 138
4353 2506
806 732
6580 551
3549 1269
8754 6825
8346 7865
1838 359
5924 2825
2283 2127
63 35
8569 2880
4536 3273
2296 1649
5728 2839
4301 921
4297 1121
8644 5593
6908 1006
322 309
4215 2319
6091 2061
1726 1652
3015 2168
180 75
1509 214
1963 606
8614 2835
270 24
6522 1699
2261 1822
8731 3812
4997 1316
6539 976
6603 4239
9176 244
8232 4990
4074 58
7669 1100
8959 1790
9524 4038
2740 2062
719 225
5639 2172
5168 4863
6561 1940
2896 907
224 82
8368 1481
3349 836
7211 2336
3260 2589
7038 164
9610 2214
5544 3870
8150 2091
9347 9259
8198 4918
9561 193
8078 3903
3359 730
311 216
3824 2961
3057 2075
1589 1031
5602 2885
4381 2928
4965 1786
783 725
6878 475
6974 1873
8493 2122
6162 2077
6605 2490
242 8
5899 4231
5970 653
5066 3032
7455 7349
4404 2082
6648 4412
1228 432
8418 4481
3829 926
8127 2526
1395 649
2042 1587
2424 237
4305 2357
5074 1155
6494 3428
2608 2266
549 280
1008 192
5157 4218
6565 6365
4601 4343
6472 2448
924 906
7688 4985
6261 3346
6847 3045
2655 100
1902 1107
3103 2177
4086 2384
5449 2433
1745 163
2898 2681
3206 2456
5380 3400
1727 898
2757 358
8785 3879
8287 495
6510 5107
7860 3926
8784 7902
9060 6313
4543 1830
1782 1096
9950 793
3000 259
4222 2875
5857 1137
7358 1075
564 154
5572 2210
8987 7488
2778 2180
7255 105
6886 2418
2231 1068
9861 4680
3405 2121
7888 1080
2469 2328
9048 2532
6566 5131
5751 4363
1091 617
9045 5273
9500 8108
8334 85
527 509
4763 1682
6740 6550
4982 4396
3136 1643
2937 683
1223 394
6667 3985
2004 1534
7852 6709
5538 3877
7277 2240
6206 2161
8327 5259
4879 2187
2074 1043
1753 1334
2501 1150
5845 1394
4323 3429
3558 2116
1261 733
9467 9406
8760 365
9671 2149
1270 1102
162 57
2408 993
4781 3948
2259 1748
4732 279
7497 5807
485 151
4371 3406
1327 1052
1074 197
522 417
3920 955
3735 631
5206 4208
7542 6304
3330 663
2925 1533
2813 1449
9003 2905
5147 4426
5830 3973
1700 71
5061 3233
5095 3567
7392 7150
4071 60
4158 1879
7112 3271
8751 3688
9697 40
7224 3388
6298 1111
2295 2046
7084 2899
3341 471
4007 3065
3594 2766
3683 1883
647 131
2076 1864
3584 2066
1949 626
5570 2978
2059 451
604 593
7903 3534
2685 332
4822 2659
664 167
8285 2972
6036 5903
3246 640
7959 2369
5462 2511
2588 686
4326 247
8022 7973
9942 3134
5013 4546
4913 2963
4204 3141
6902 4984
7184 408
8098 3381
3795 1411
7870 2201
1923 1478
1711 601
2678 2057
1788 474
1279 177
6864 1488
6265 2653
3571 1909
5780 178
1872 1331
5672 4632
4673 3286
7773 5158
7642 5796
1213 273
1235 566
8214 3223
5125 352
2643 456
736 501
3673 3320
2345 785
1943 149
3904 1875
4868 455
1632 661
4823 246
5650 2471
7309 6066
5915 2764
6805 2628
3658 3641
6038 5606
2502 1890
6084 1584
8761 1993
7367 6720
3146 934
3427 2101
4217 1412
5964 4321
4221 3063
4197 2002
8364 824
728 312
789 232
2539 2144
6647 5768
8856 1179
3124 1548
701 350
866 630
48 44
236 69
7775 2554
634 291
8019 7468
8295 3156
3544 1944
6105 3774
1429 1036
4153 862
9679 778
2533 1585
8260 1140
8026 6701
2021 1456
4599 2651
2837 665
3803 304
6088 5643
4717 2029
9554 1780
3811 923
8458 1799
3235 336
5958 2857
463 46
1829 960
5499 4892
9707 8732
5363 3053
7588 6315
8515 2638
6258 3752
8134 4049
4505 4415
3169 2108
3195 524
54 32
1839 393
5011 1388
2083 1076
4807 3512
7220 1634
2269 1751
4002 3717
6376 3520
7965 877
8882 8627
6427 1376
7487 5897
6811 1370
8081 6700
7182 219
9305 1735
1747 1539
9218 3370
4087 3399
5126 2185
1722 1574
3911 1119
1489 849
2579 2323
168 68
4452 1842
4448 3524
7702 1540
2627 1862
2993 748
4034 3831
5543 4449
3479 1837
9131 3790
3867 3497
7204 3566
6790 3160
3712 2800
4794 2275
6371 532
623 529
8225 1849
5863 3993
4418 530
1725 1032
9373 5684
8054 6457
609 511
5794 5693
2786 1957
2152 1701
7210 5109
4682 4604
5812 5001
6367 2760
6224 1321
1794 766
2228 234
9200 2971
4151 3251
5106 4315
6015 5112
5920 1248
8055 6977
6619 4748
712 37
6196 3764
999 484
8758 5351
7059 5795
7749 7065
7872 857
2169 1120
8991 4121
3892 3283
4856 3574
5177 2756
4893 1918
3525 3213
4640 838
9204 7753
5803 2153
671 390
2534 1346
2796 995
9007 2537
3201 2877
288 74
2917 2546
4102 3612
2229 1507
