407
5613 8436
7897 9776
5529 8949
9419 9951
1719 2416
6719 9954
5554 5847
7953 8336
7993 8482
2390 2486
6354 7936
4549 8874
9674 9924
3489 6262
6748 9017
507 1484
695 923
1146 4349
69 817
9446 9930
8950 9205
7212 8380
9294 9602
7055 7253
9249 9665
3435 4762
7523 9852
8224 9148
3556 6893
690 3651
6254 9711
2738 5552
4741 6978
6779 7465
6083 8130
9240 9381
9927 9991
3315 3823
3731 7003
9248 9355
1013 8739
9432 9690
7852 7975
3754 6081
7564 8253
2893 3094
2272 7273
6841 8428
2889 8347
2548 7432
8209 8623
2437 9876
3399 3870
790 3829
8489 8595
3741 4880
5820 9019
6668 9220
3416 8594
9018 9744
6306 8375
292 577
8445 9061
8282 9354
9234 9680
7199 7244
3872 6917
5143 9006
4444 5861
985 9314
6114 9193
9418 9686
5410 9499
8083 9102
6473 6959
4178 6166
6389 8174
40 4281
4671 5114
6248 9360
9481 9599
476 4489
7048 7580
4658 4987
2758 8684
3125 5765
2431 4998
9260 9962
6367 9696
5943 8766
8124 9561
9722 9898
2575 2607
2330 6194
390 3966
4893 6707
8575 9620
1211 1350
5150 7413
7978 8830
1890 4858
7937 8452
5152 5743
3432 6544
6252 9321
2358 6333
6419 9416
5020 9654
3645 7864
3818 4329
2539 8977
4365 4681
7450 8218
9299 9896
6406 7357
6658 9627
9189 9520
8708 8816
5279 5824
1002 7576
2905 6255
860 4443
9929 9966
9222 9244
1836 3576
3656 9984
9633 9815
1271 9565
6661 9628
52 7678
5349 6091
2229 3538
8109 8158
9594 9705
5748 9496
5396 6434
500 3667
2293 5859
9428 9542
505 5220
3843 8112
340 9919
7362 9094
7652 8150
988 1656
3812 6819
187 4784
766 7322
4984 5541
7104 7719
3134 7493
1672 7292
2913 5675
7892 9037
2009 6872
205 3550
4631 7210
1754 3309
5155 7327
392 3685
1649 4643
9601 9618
4560 5299
2179 7617
3434 8076
2311 6587
5781 8664
8627 8900
1607 4934
4355 5445
1746 3172
9735 9748
6008 6791
7085 8698
7508 8497
8030 8490
9255 9507
9878 9890
8220 8234
2185 8476
7928 9944
5197 5485
4210 5031
6821 9273
6786 9152
4691 6956
1319 9518
3533 8449
212 1592
8389 9431
1472 4629
8783 9812
4234 4246
8244 9280
2 4036
267 1748
9734 9959
8868 9237
6443 8592
1708 8772
8898 9007
3338 8785
144 8311
358 4439
2216 6138
7531 7884
4384 6324
2194 6957
6414 9750
959 1508
9264 9558
7507 8791
103 1534
8257 8937
8285 9840
2584 4556
7400 8975
615 6020
4627 7084
8426 8838
6424 7940
7599 8363
5866 9514
313 4505
2668 2918
2271 6698
4656 7444
3659 8258
9127 9266
3759 8642
6837 8773
5916 7681
7051 8810
7314 8702
2602 9576
9087 9461
7808 8938
2188 6652
2070 8842
3980 6343
3780 5468
8067 8243
8324 9715
6460 8547
2731 4589
8734 9095
8803 9210
5860 9359
5754 7979
8053 9069
2684 5677
9192 9595
862 950
245 1305
3543 7554
6287 8971
994 5376
9678 9778
7968 8369
4522 7151
7242 9537
6776 7769
8029 8225
3609 9819
23 4739
8560 9077
9495 9866
8451 9574
2572 7606
7371 8749
5481 8678
5688 7916
1231 2983
4087 7343
1927 2214
5644 6202
4415 8228
3768 8261
5482 6907
7190 9773
6833 8961
9607 9867
1874 9960
1250 7096
8264 8442
6417 9375
743 8936
3635 7182
5423 6167
1810 5233
9196 9920
2551 3519
8265 8770
115 825
5265 5354
7481 9101
2965 4509
7951 8597
4730 6283
1883 6154
6864 8137
268 7573
9808 9975
7387 9113
272 5459
8260 9590
9938 9957
6670 7734
2294 9579
3143 4048
3268 6392
8093 9505
8955 9743
3747 8235
6532 6927
1960 9358
9853 9939
9807 9828
2343 6070
5072 7301
1477 8457
4296 8617
1574 6778
1248 7996
2514 9001
546 1962
5981 7931
8641 9965
2737 4294
920 1165
4241 5520
2998 4618
5049 8330
7308 9450
6062 7458
4997 7913
9600 9889
4803 8953
5192 9224
3728 9024
1413 3136
4405 6289
6165 8807
6 6334
6994 7803
336 6949
6567 8825
5324 7643
7714 9128
2987 6974
309 5917
2898 3452
5573 8217
244 1314
9233 9947
2312 5431
5640 9464
6436 8858
6674 7999
9995 9997
3787 7347
8993 9970
2183 8798
3878 4642
227 7550
5724 6509
8247 9015
2454 9650
3932 9005
3329 4426
858 2747
2374 7198
9328 9372
4534 7295
3281 6446
8735 9979
3228 3642
3834 4790
1896 5882
3996 4063
2553 7064
7794 8396
761 7648
1787 6364
4404 7717
823 3563
1281 7013
1383 6969
8153 8706
6772 9702
8385 9214
6395 7832
1543 8025
5313 5749
7342 9546
4397 7263
6411 7715
1431 7258
9172 9775
7759 9158
3560 9640
5737 6563
3687 5907
8192 9761
6214 7147
5359 8240
8679 9888
680
6667 1904
6505 5280
4857 3771
7389 631
8298 3506
7370 4295
891 138
5962 2538
6153 4400
1469 1143
9364 606
4610 4414
4088 3686
303 218
5762 445
9860 1721
8197 5465
2013 1555
8160 4841
4298 3130
1820 1267
9615 2591
9637 9149
7269 5087
4371 4147
9634 7266
5622 4571
1506 989
4248 552
202 182
4664 3180
5696 5565
9213 5263
5223 2658
726 710
4557 2102
2016 1625
2163 1222
7369 4339
2392 262
2579 831
5928 4767
8828 393
2610 1782
8334 289
3333 1171
2836 2828
1536 1351
5251 4428
871 648
1953 618
5350 2083
4515 1096
821 286
2566 700
1058 909
4096 386
8376 1885
7094 3673
9295 8895
1879 1568
4704 1842
9630 8062
2452 1364
952 682
688 630
4368 3099
7046 2285
7024 1797
4632 3096
9502 6971
5030 4297
7132 6865
3820 3132
2982 1987
2465 787
4600 4041
6939 1720
6115 5394
8559 7271
2240 2140
2570 1660
427 234
6766 3273
5628 4756
983 925
2907 487
5093 1780
7882 1422
5115 784
5489 279
7350 986
5715 2325
4376 3332
4144 1702
1608 1519
2334 1594
6963 5405
1617 1571
8355 2228
941 762
8933 145
7174 1089
7731 7399
2925 2819
7566 650
1581 39
2167 2029
3597 3368
1876 448
2236 2181
7332 1197
7299 5980
7056 1061
5207 4612
7485 2157
1589 1478
7207 5026
1434 65
4083 1086
4075 861
9042 8474
4436 1266
8412 2376
1789 1163
2680 1741
3428 2529
4268 118
721 584
4728 890
8277 7405
235 10
2089 529
378 73
8294 3554
9621 8028
8202 416
9454 5872
5004 4805
2370 209
5191 3653
662 344
5653 2094
7415 493
98 33
8162 2582
99 41
2097 1632
6995 2540
119 86
7356 5791
8665 6341
9387 6080
5936 4867
1259 1005
2721 1683
711 703
6914 3751
6448 3436
5317 4453
3598 1852
2121 1102
5818 124
5413 1560
5920 1145
4564 4293
6780 4348
1301 1007
75 62
6077 5411
3305 1878
4915 1500
8567 840
5179 1570
2798 665
4748 2863
9791 5540
3498 1480
347 76
6913 6186
6738 3391
4614 1569
9435 4759
7865 383
6185 1037
1249 813
1877 953
4845 2672
5122 333
4544 4117
9154 1952
5319 1963
2265 1022
7165 5458
2360 1806
8823 6418
4584 3748
1190 492
5946 5462
2702 780
3191 2450
2563 2035
1006 699
2666 834
4859 758
4072 1713
7511 6794
263 105
6005 793
7208 2587
2174 2072
5880 5736
9110 1686
532 31
8516 4701
6146 1704
5127 2840
5580 4002
7090 6669
4122 1492
1298 486
6712 6684
9318 4291
4753 2533
1272 1050
3628 946
5602 2038
323 116
5467 670
168 110
5300 3542
537 216
5334 2217
8185 2232
4102 1207
3692 1566
6305 1837
7075 1195
6715 5836
5829 2393
3773 3206
3445 1337
2481 1262
8039 4598
1372 741
5403 5023
8752 3847
4445 3160
1287 539
2158 1526
4496 1247
8856 6292
1886 1229
9178 3267
3363 3159
6826 214
9798 6155
8463 3528
8021 3168
3166 1473
2220 275
7552 6970
9231 3962
4726 219
8194 4043
2786 1599
3480 2259
659 197
8831 7290
7694 556
3760 2173
456 388
288 284
9845 5523
6803 3555
2518 2380
7035 3001
4745 2349
6159 2606
2300 488
6653 2027
4342 2006
6763 597
4197 1090
7542 4528
4712 2182
7772 801
6071 5835
5865 391
802 408
3260 2262
811 490
8915 3596
3283 1023
2055 720
3536 2699
6676 1151
9041 1891
3318 1239
9268 4706
8607 1882
1340 21
2654 2639
807 186
2289 1697
2413 731
3858 2066
991 820
2279 911
3169 1744
3918 3101
4381 2781
6714 5183
704 61
734 394
481 335
3109 1773
2776 914
5585 5432
7172 5232
2492 822
8211 5249
8023 7078
9571 4454
2146 551
2989 1479
8759 1253
9228 6110
3800 3014
7194 2119
5830 628
5346 4465
4953 2560
5751 1727
6881 9
1325 1198
9669 1812
3707 3044
9043 3767
8198 2115
139 26
96 57
5491 4325
6144 4363
7113 2433
5060 444
6384 1203
2477 924
547 137
8611 2752
8701 5415
571 342
4705 3569
9479 9307
9420 2829
5900 608
7716 7449
8339 3522
2955 1462
6680 6158
7340 6116
5464 3176
6760 2647
1451 1136
7014 3236
8818 7022
3005 2014
5815 2099
7895 7324
5202 4833
7911 6677
6843 6398
32 3
1556 794
2744 2288
7821 7406
3425 2168
7886 5438
1930 325
4003 3664
7353 4510
4183 1966
4491 421
5328 3631
5603 3128
7101 5106
3223 1673
5652 2379
178 19
3861 2590
2653 396
1826 1280
2474 1273
1092 963
285 89
3992 740
7235 1466
4313 654
6952 6427
3838 1661
3611 260
2922 2225
579 462
541 67
2290 80
5038 2808
671 217
6589 5871
8806 943
4574 283
2743 1133
4526 987
3222 2319
4533 2092
6353 1583
8745 1549
6191 2669
2733 1914
7231 2436
9439 4968
3580 3337
7377 4860
1290 1029
1149 663
808 435
3796 1328
4473 2825
1699 932
6746 6352
8927 7278
8 5
5046 4672
5517 4844
6909 1331
7069 4607
9478 5972
50 30
3822 3715
4785 243
3511 1329
2805 1348
5583 768
2649 350
6718 5451
4520 450
6089 54
8505 5931
3034 1307
7417 3197
3065 2797
379 211
8316 6911
3627 1841
9892 9583
126 117
4118 104
3995 3582
9250 297
3937 1709
483 94
4877 2845
8587 6039
5091 3379
4808 2501
1263 782
9510 66
5842 1049
6010 4687
7767 7631
6981 2434
3038 2388
4846 1642
1073 997
4008 641
7592 4899
8625 5522
2424 2019
2912 1409
8289 4824
5253 4278
8297 1101
1432 170
1515 442
9073 6462
2902 716
6335 3239
9245 1790
9168 5858
8086 5055
204 130
2287 132
6810 6132
7004 931
1935 221
9837 9292
8280 1118
8590 3021
9707 9423
3255 2028
4162 2024
5502 2023
5222 2485
9643 7120
6756 4947
4186 2301
6918 5063
6180 605
2148 828
5357 153
4871 1823
149 49
4188 717
6897 6730
7792 477
5121 135
7171 6495
2952 2818
7842 647
3720 1344
3248 1813
1867 330
3257 134
9653 8548
5256 3866
9161 5504
9691 3558
6207 3882
6373 5994
8987 2442
8349 5615
6281 3020
9494 2656
4223 1338
9543 2793
3739 2956
2791 1485
7543 3516
3321 3078
4206 3894
1279 1147
5690 4324
4907 4874
6483 1067
4337 231
1692 1525
1436 576
5707 5375
7814 1528
5717 3344
6397 4647
4012 2322
5329 1825
2421 1221
2559 609
7711 2928
4697 4675
5195 291
6877 3638
7057 1851
8555 1033
1489 208
7679 3424
9122 1410
7539 3421
9169 2574
4908 4830
9629 290
6805 2366
3234 1577
7505 2626
6421 2197
6612 2339
4064 3854
5366 978
2103 686
8399 1762
2877 917
8337 8132
1167 175
8022 3681
7718 2475
2603 106
5683 2084
6790 1716
5669 1051
7961 6385
6239 3359
2018 913
926 833
6078 513
4851 1949
1283 722
4519 449
5997 5832
6510 5079
2061 842
6106 5634
3441 1166
3056 2944
788 581
7965 7529
7456 308
5636 87
7008 1739
7966 3915
8537 3616
9329 193
1986 876
6929 6490
8208 1423
6673 3115
4710 1297
1679 838
2498 2403
4319 2562
5321 5171
4527 4431
6546 1077
9864 7401
8087 1502
8504 995
5188 1162
3433 965
5921 1840
1898 433
2784 2112
9075 3320
2895 2095
5982 5025
112 13
2195 657
349 91
1651 667
8676 7995
9824 3492
9336 1928
2394 464
1274 981
8962 1124
4849 3035
8643 384
5929 2779
6855 3887
4843 1367
194 152
4277 578
9706 5176
3763 2742
223 28
2137 495
5846 4079
9884 1615
7466 6203
3249 2039
5976 594
4699 898
9394 3680
4468 2233
3469 2505
4487 2145
610 373
1205 928
5392 2806
6686 3814
8361 4119
9302 1359
5719 5234
302 166
7777 2564
5033 3072
1559 642
4108 1845
9671 4922
8669 1610
5286 1684
5549 2515
1743 1675
9442 4978
4356 3183
191 190
