582
849 8107
8346 8612
6324 8339
5556 6357
3670 8496
2457 4417
3972 5025
3768 9786
2842 3361
1751 7759
9531 9997
4116 9729
3054 3658
7502 7866
9481 9896
5708 8135
3433 9636
5051 7784
8892 9366
8759 8965
1665 7818
8118 9783
274 6342
6605 9915
4911 7739
2190 7033
5569 8404
5176 9306
9052 9438
3599 4151
6143 9017
7278 9043
5208 8802
8140 8665
4722 5060
1319 5376
8438 8736
4216 4310
8139 9779
8337 8552
8064 9485
2147 2774
2781 7389
4041 9011
431 4770
1539 5755
8850 9554
4857 9292
7651 8163
6474 9347
9480 9684
9199 9363
9197 9935
1553 7922
7025 7071
6921 7291
6774 9686
899 3977
9330 9389
5864 8831
416 3997
5215 7729
5023 5872
3318 7150
5927 8443
3269 6557
7960 9835
103 2168
1849 4321
5333 9251
3615 5079
4244 7453
9405 9969
1416 3178
9676 9757
6995 7893
1814 9535
5243 6956
3336 7421
443 996
8343 9692
1363 2742
3069 8515
2703 4852
5492 6451
8464 9398
9849 9859
8249 8377
800 8952
7145 8188
6681 6864
9023 9789
9462 9929
3108 7485
9108 9648
5127 7197
4224 4320
2368 5757
4603 8458
7880 9693
8896 9545
2678 5527
2607 4441
2922 3109
1454 8264
6197 8766
4940 5171
237 2559
4430 9801
3865 4584
9493 9963
3707 9670
354 9478
2584 4349
6097 6223
1793 2131
4032 7083
7534 7602
8589 8708
1238 3085
2910 8025
1201 2525
8706 9187
8198 8779
1670 6238
8037 9900
5429 7172
5066 8278
3694 4414
7769 8280
1773 2313
2381 5095
1641 2517
9513 9955
2832 2857
8818 8886
5117 9803
6445 7582
5256 9644
480 5426
2939 3417
7949 8882
3427 7971
9613 9919
7977 9348
1131 4413
8244 8729
3994 5947
773 7853
4821 7533
8156 8687
2262 7758
5299 9331
1101 9214
8914 9665
9070 9853
9625 9971
3044 4761
6098 9486
1681 2077
8619 9865
4685 8717
9606 9748
2045 5398
6839 8072
7695 9281
7181 8660
5226 5362
4155 7492
4393 8125
4361 4532
3886 6170
2933 5302
1719 2849
5046 7979
6880 8791
8557 9725
5479 6142
8066 9186
8331 9701
2888 7262
6781 7514
4480 8694
8460 9911
936 5652
1022 5418
3684 8747
6291 6624
4991 7876
2009 4654
3704 5021
4643 9713
7205 7911
3701 6585
8686 9893
4586 8837
2654 5793
3692 7115
3315 5830
7799 8146
8019 8823
450 4007
6940 7873
6883 8898
2151 2334
404 6302
2017 9087
499 3863
3848 4087
7772 9763
3946 4109
2729 3567
9678 9778
8159 9593
5589 7568
2146 5470
5622 7473
1339 3107
8449 8858
3485 7836
9390 9415
7888 9003
9060 9470
2093 6916
3945 6734
1939 7412
8340 9989
4396 9399
1640 9494
9910 9924
8408 9694
3840 7719
2590 5459
8136 9002
7030 7808
9 959
3130 3358
6265 9772
6610 8518
2668 9527
3203 9357
4839 9280
496 6458
6794 7445
4345 6792
2113 4292
9097 9687
6103 7529
3276 7120
164 1116
6188 9553
2325 6889
6857 7044
3183 4747
7245 8063
2415 8138
4333 8477
1556 7989
3986 6400
8848 9069
5641 8010
7409 8922
6419 6743
6379 8151
2756 4831
324 1290
2679 6133
2312 5722
2914 6011
5818 9200
1219 4460
5567 7207
4218 9460
5979 9080
9815 9867
9088 9743
8804 8962
5667 6913
9886 9978
1402 6835
1831 9578
9167 9215
1726 2377
8371 9252
722 1644
407 9926
4767 7648
8132 9009
701 4759
1947 4380
8397 9712
8644 9403
14 9282
9551 9583
6876 9937
5199 5580
2148 3201
8796 9632
155 3995
7464 8248
1957 5122
1629 3892
3314 4209
5868 7807
1671 8815
8417 8453
7130 9100
7854 9909
1288 3027
9211 9649
5240 5805
6266 6727
2693 5762
4694 9982
4920 7302
7345 9062
8463 9226
1120 6715
5071 6233
4103 8389
8664 9290
6181 6401
1178 5977
204 2622
4129 7203
9950 9984
1348 9374
3758 4729
8412 9933
7951 9536
6073 7667
6038 7632
7689 9912
1314 5851
6329 9577
3090 7721
3469 6447
3961 9050
1978 4986
9947 9961
7040 8374
9980 9998
9820 9974
4873 8587
410 1561
6413 9455
8427 9424
8298 9561
3636 6804
5995 9738
1919 6271
8406 8446
5445 6199
4306 9402
1905 6600
2118 2366
2305 8537
293 6408
7478 9336
8476 9267
1851 6861
1959 4577
4347 4934
2487 3935
8292 8639
1323 8580
4789 6012
6206 9035
8134 8251
6334 8574
1812 8895
3754 9216
4922 9581
6131 6599
7322 7373
3950 4189
3195 9874
8942 9492
2335 4868
1426 6505
3819 7295
3603 9370
4114 7749
2433 6713
799 5990
4338 9914
2809 9126
1391 4273
7377 9805
7199 8768
6993 8179
1990 4854
640 3106
8626 9965
3299 6121
7525 8941
5859 8250
4013 7777
6340 9463
2276 6514
4701 4817
1097 1981
8467 9367
622 9340
912 1534
6102 7547
5402 9791
893 6420
6914 9659
5875 9730
7396 9426
3461 4276
6982 9071
8204 9679
8173 9110
249 7676
6974 7313
2780 4365
9217 9749
225 7665
7288 9584
6598 9036
4830 5978
1859 5453
4362 7867
6480 8959
3460 5064
3227 8608
9488 9930
3940 9507
647 9272
1998 5571
8104 9858
2802 8056
1634 3681
559 7191
2909 6726
2851 7303
2955 4579
3990 6939
4949 6086
2078 5528
422 8376
9746 9750
4661 8070
1040 6243
465 9464
3008 3190
781 4727
3998 6595
2614 9307
7932 9089
3877 8741
9380 9826
6579 8474
2219 3124
6888 8375
5221 5792
1989 8599
613 3812
3846 4889
7099 7180
8909 9675
6806 8784
4600 6867
5373 8491
4668 7073
8977 9222
9259 9842
107 9440
5143 5771
5116 7050
2480 8577
9892 9916
1484 8175
7752 9611
3828 9109
9118 9925
2378 4626
2800 4790
9996 9999
1174 6153
7184 9720
7087 7096
1105 1518
1672 8144
9837 9855
123 6892
7486 7552
5773 7388
8554 9010
1440 6371
2651 8752
7381 8325
4137 5834
8272 9083
5049 9564
5189 8822
4410 6567
530 6947
6417 9053
765 1501
3326 6297
505 2400
6352 6503
3041 7656
4219 4571
3909 9012
4274 4407
3698 6802
226 4671
1431 7123
9534 9847
8946 9322
6034 6755
1226 1950
7881 8649
9502 9597
4125 4408
9767 9908
235 8971
9112 9244
9753 9793
6723 9798
5654 9447
7188 8004
4054 6147
6295 8556
5220 8092
7466 8489
4319 4562
4277 9517
4455 9902
2686 4655
3065 7233
3098 7034
7948 9161
6556 9294
9788 9840
213 1740
4445 9477
1844 6740
5361 6412
7812 9885
6768 8349
1809 3472
2683 3482
2771 9048
6234 9533
4180 7987
1975 6533
6798 8991
4513 9335
195 5856
1211 3359
1365 2905
1678 7513
599 6949
2083 6990
26 2074
7668 7969
8447 8964
1338 7869
27 7417
9525 9631
8785 9299
1167 6834
7383 8356
4663 8061
785 9520
9238 9353
4941 6805
4405 9404
157 6676
4169 8260
3231 7147
2316 5725
9225 9807
397 2269
7995 9209
7615 8836
1778 6277
719
1109 286
4384 2925
224 101
3773 2508
7714 7111
5961 2572
6629 2338
3388 1452
1065 514
3356 3332
7629 4846
1791 281
6376 2029
1083 1016
6317 5572
312 284
3352 1546
1152 615
594 589
5124 1198
2232 57
6316 860
5736 5703
5976 4062
2223 239
3870 547
299 180
3221 389
7148 789
217 32
502 321
7563 1955
2858 201
6182 1049
7603 3539
9894 7238
349 277
2057 537
9149 3497
7627 3804
6538 1603
4036 3796
3850 1526
8193 59
3049 2103
1370 1147
3927 1585
6614 2162
8059 6149
2725 1062
2949 1542
46 2
5697 2689
8183 3387
1784 606
3385 2453
2011 1384
2387 574
2727 400
492 64
2055 1524
4653 520
7600 5382
5277 3764
3634 2153
8029 280
3611 2954
1423 1172
4050 726
6191 3866
2469 1446
872 35
2220 1783
7795 485
187 48
8607 4906
9027 3418
8457 7877
7402 709
4481 956
3216 1217
4555 3594
1276 265
7462 864
4433 4354
6085 5303
9880 3406
1746 1493
7404 6478
8241 3797
3973 3088
2344 58
7097 1428
7821 1958
2629 271
7146 3592
5539 5097
9618 4529
4293 1251
8000 5888
50 19
651 464
4844 2817
6853 170
1494 590
2719 509
3071 2506
6201 5349
2960 863
38 34
8516 345
8507 304
8242 7321
4419 3711
8700 7110
9258 5321
6177 1925
2271 1382
5716 438
5742 855
8329 5963
1207 1051
5909 2588
8725 8184
2342 990
9642 4357
2566 143
2446 247
3051 2187
1752 97
7560 1592
2700 1310
4252 3970
5795 942
9201 5255
3381 3333
3123 2966
9138 655
6852 1405
4088 550
6470 5138
9210 724
609 342
5043 697
2624 577
3363 1317
634 259
7505 6337
2156 454
5469 1567
754 596
7659 934
6850 1025
1623 29
7564 6231
883 20
886 779
9808 3727
5250 202
2155 1953
5427 2260
9393 8923
6988 5433
7209 4878
9668 4072
3439 435
3755 1029
3856 1490
6041 4477
6436 2451
1899 932
8131 6251
1216 238
5460 2836
1223 602
720 456
8275 1562
6814 234
1747 377
8290 5671
1802 901
8093 2389
4382 2211
6745 1548
3028 535
5901 1804
172 104
8624 4179
1464 1032
9236 2579
7151 4314
3370 1296
7574 5694
7619 2526
8256 3656
4557 3708
2562 1510
5786 2099
5543 2082
5906 2701
8756 521
7350 3837
2597 2589
3448 2819
4466 2199
5086 1009
8693 8416
1013 89
7942 3597
4842 4001
4020 973
9742 5758
7362 4669
5013 1180
4053 2990
2997 2061
567 218
9344 1890
4673 1565
703 616
6706 5011
2349 880
3059 826
1597 531
9845 6284
3077 2881
3659 2788
7394 1560
6569 5198
5566 5109
3147 2434
9231 3621
7306 5956
6001 2814
5235 4708
2014 1861
818 441
6067 5879
460 429
2174 1007
4662 1315
570 206
9275 5518
2874 2696
5739 2224
6969 4944
9115 2322
1662 415
5534 4360
512 87
9594 4331
6362 3906
8502 346
2646 723
1659 669
2958 288
7787 2978
1463 159
4168 510
5423 4442
5126 244
8876 5846
5645 4108
5378 5352
7315 132
8760 3102
7630 3337
2936 1847
1944 553
257 76
1880 1309
9172 8951
8022 7919
2447 1917
3470 323
8835 803
4773 4040
4639 3561
6369 4212
8208 836
7340 2188
8354 5519
4288 536
8036 7314
3391 1466
1923 264
6453 6040
4147 171
4558 4527
8788 6331
4078 1735
6311 5552
3672 783
1650 194
4234 2056
6253 1842
2307 150
5184 3809
2231 731
7156 4501
5495 4043
375 242
2015 1320
8429 7793
2782 2730
7005 301
2744 458
6871 1827
1218 674
3371 708
4175 601
2145 412
6689 1052
9717 9467
9184 4135
6351 2046
6289 1168
4131 311
9552 5161
4076 2656
5186 3791
6845 3466
8533 3040
1141 1012
7800 3268
4486 830
2813 1108
6315 5918
2012 1302
9990 8054
4016 3523
5251 4897
8103 125
4573 3924
853 516
5367 2202
5145 3250
2863 2163
5461 258
3825 1378
1896 739
3989 15
4421 1419
6854 1269
5084 4399
1095 715
9951 2919
6592 3546
6031 3443
9799 2064
7622 1824
1972 728
4259 2805
8445 270
490 83
1871 664
7189 4610
504 317
7311 7011
3494 1522
310 45
6847 2806
6572 2104
6597 1786
2776 2352
3605 584
3377 949
2754 1852
5037 2257
7674 3518
2130 1710
5431 1400
1869 1021
9956 3569
3025 326
2753 876
5101 3550
6901 6323
1663 292
1385 501
1882 1498
8495 1246
6237 1133
2816 1690
6239 3113
4336 2897
7028 2900
2987 2789
2127 1165
92 54
2758 2537
6494 2533
1750 685
5160 4186
2660 1987
4148 2516
6846 3126
9740 8610
2873 2230
8268 6776
3386 3259
5902 2091
3057 2916
4397 1858
5273 1596
8551 1636
6313 3744
1336 772
3646 3145
5732 3669
4876 1631
4203 2365
3596 671
2899 1689
7523 1926
9722 2098
820 243
2998 2544
2081 1271
2879 2636
8826 1930
1067 39
952 364
4156 3548
309 188
7374 1754
6024 5081
2927 1830
8749 1189
8623 7356
6270 5775
4110 2003
6161 2420
1815 1401
7535 5620
4601 3872
2734 2002
8751 8077
2411 985
4514 4245
3184 2902
7588 551
6332 3140
975 538
1550 1529
5850 2208
4498 1655
6373 4750
963 861
6240 1900
1733 207
2549 1566
3303 3005
2511 753
9369 2507
6169 5155
6730 4533
3073 1639
2442 1845
7017 5538
3342 2351
4788 4299
1329 269
2773 1035
3163 2385
5485 2034
4435 2843
5557 4122
8065 7860
7978 7162
6429 1680
4791 140
4718 755
3508 2901
2608 519
7029 5014
9090 4057
6602 4318
9373 3792
5684 3589
1408 334
1237 804
2449 216
1713 947
9471 5817
7277 5307
8635 8191
4398 3013
2236 1968
6288 2430
7734 3101
8224 5448
9844 8026
3258 2128
2021 1177
1157 793
9018 5542
8396 4684
5040 2008
5776 583
4978 472
6210 5507
5714 4416
1742 385
2787 2467
6983 6264
9419 8825
3426 2191
5670 43
7007 2554
8145 5546
9262 8553
4875 3436
3920 1624
8579 6999
7537 3536
4240 445
8549 8120
8048 4089
3785 2182
2265 1756
568 41
2828 2664
1637 119
4840 1521
2386 347
3836 760
9026 4966
1555 1341
210 22
9588 85
3192 396
56 51
1441 78
888 146
8735 2667
4915 2356
3898 231
395 298
8366 6589
3879 11
9362 7452
9394 3408
2121 672
5629 5058
7664 976
4782 3097
6543 165
6304 1757
9081 3682
1353 837
1927 190
690 637
6976 1375
4356 650
5774 4919
8002 7267
3874 2666
2871 1487
2175 166
2926 534
3517 66
5604 4141
9946 3612
8995 2591
3219 642
7554 2524
7780 4449
3921 1442
2125 595
7387 4188
1236 1074
5283 4709
493 52
656 319
909 487
8330 7641
9550 6293
3500 2284
8982 1477
4526 3372
2201 1427
9263 7612
2887 2716
636 423
8305 6620
8288 1759
9958 9621
7718 7113
5585 2281
8716 2616
6079 5048
9498 8513
1289 185
3194 968
5018 4004
5488 5387
7573 1230
4496 182
6668 2321
4284 2655
343 139
8380 4646
6570 2642
9825 9816
7359 6796
7857 2497
8424 624
9435 8113
7434 3288
3867 523
2861 1138
1182 67
6021 474
3455 1188
5314 380
2326 88
4865 1818
6173 5791
2458 211
3665 929
1952 1666
4251 1117
3331 121
5224 2431
6627 2032
7782 4285
2722 1206
177 161
2237 329
209 65
2699 862
7351 1368
8221 7428
478 366
3724 3306
5106 5056
5993 2395
5203 2691
2390 1860
9046 5080
229 151
2361 2138
3249 1263
8129 5285
9650 4226
8925 670
276 250
8748 3690
2783 757
707 267
4861 1132
6117 6057
7771 6704
7955 4294
497 391
7285 4431
8012 4547
4667 2543
7193 4566
7794 903
2185 1865
9696 1058
6596 935
576 268
4810 1203
8722 5261
7731 5338
540 462
5447 4106
5649 1764
4869 4575
1907 1356
6885 1616
5217 2739
1321 961
984 315
5840 2528
9530 6511
8442 8033
8604 8548
882 809
6779 4075
5163 1948
2576 1649
9173 2585
7699 116
2945 254
1743 158
6481 5558
5310 716
3818 356
1557 419
1506 1481
9841 9715
4317 382
7972 6119
2444 752
1508 1352
1779 1594
3139 1983
129 95
3277 1509
692 219
4930 3860
1722 945
8622 3416
4443 2364
5437 4081
795 548
5816 3533
725 556
6613 4177
255 5
6016 944
3127 1086
7037 2101
9680 3868
4311 887
