828
5657 6900
1986 4478
429 6595
1752 9526
7396 9426
4547 8458
8911 9984
8279 8475
177 7382
1591 6389
9899 9998
9853 9891
3225 9801
59 9219
8723 9674
2706 7309
5894 8607
5291 5555
5895 7481
8799 8973
8322 8572
1701 8097
891 3713
3248 8379
8895 9253
9885 9928
3574 7802
2615 6742
4149 7455
9075 9374
5198 8296
920 6250
7729 7755
9260 9902
7216 9139
2117 5290
2750 7297
4455 4995
7418 9468
7204 8567
1817 4714
45 8096
1419 6679
6841 8527
1339 6760
319 2648
6325 9573
7503 7876
1244 5969
3471 3703
6704 6815
411 6723
3189 9789
4379 9433
453 9731
5548 7559
1594 7659
6039 9194
2254 2299
7862 8302
4802 6173
8339 9277
158 650
2279 8117
6366 7785
583 4179
9579 9676
5841 8321
925 5960
4001 5328
5343 7951
4105 9275
336 5386
1605 7957
1932 4900
2494 5456
8362 9094
348 3721
9401 9550
1769 8609
3051 7262
2069 9947
5940 8939
9825 9914
921 6677
8588 8901
7208 9628
8092 9993
5336 9753
9883 9994
3725 7626
5203 6134
6222 8484
1613 9511
9274 9582
4879 5902
5665 7828
3502 5207
8640 8887
6562 9609
6967 7604
7547 9421
4795 5110
4889 8180
1923 7370
4913 5530
9144 9997
6211 6662
968 2619
7889 8878
443 9536
2458 2589
3591 9192
3152 6563
9688 9729
8154 9061
2411 2774
1621 9089
5384 6666
5787 5975
1265 8350
8478 9449
7722 9238
202 6553
3772 8260
7907 9760
985 3483
2590 3892
7923 8116
5201 8431
1022 3461
9480 9586
6766 7786
1427 1887
657 6351
5577 7805
1896 8298
7487 8411
9355 9412
2860 7539
4996 7202
3437 7893
9302 9877
1386 8884
539 5070
4289 5494
7912 9562
9131 9473
1039 1470
1662 9044
9613 9765
612 6005
6953 7518
3452 9345
415 9298
5597 6667
6215 9272
7428 9544
2783 4127
5932 6190
4414 7089
4686 6181
7880 9593
1618 5241
6737 7359
2902 3588
9747 9929
4090 8788
1114 2576
5307 6284
273 2581
3467 7940
474 7736
9580 9785
547 9427
2974 5172
7115 8378
566 5187
885 3359
383 6034
6965 8195
5404 7593
4184 4528
3586 7282
6192 9780
1940 2415
7036 7161
6551 9754
9970 9983
2735 3418
817 4807
4099 6395
6234 6488
8214 8250
4000 9452
9601 9778
675 5679
183 1535
3827 6083
2426 6049
4483 8271
8064 9158
1251 8009
5843 7657
7914 8787
1826 8560
6295 8711
3905 9098
5964 6934
8571 9818
2610 2901
1739 8786
7553 9472
4722 6575
2870 7916
7372 7550
7628 8778
6056 8764
7784 9816
6974 8237
8169 8978
8405 8721
2756 4635
4442 7094
4970 9766
6729 9441
6183 8196
9683 9705
1040 3266
3118 9664
9958 9977
919 2563
9149 9420
9770 9921
7047 8265
121 4851
8858 9311
1166 4450
4720 7886
8771 9150
1230 5741
2266 9191
1734 8648
5705 9101
9677 9810
1757 2990
3601 7730
1992 8359
392 2233
5977 8768
8967 9538
6528 7409
8139 8842
7393 9625
5607 9623
4013 4049
7577 8401
2588 9273
1704 7938
7085 8200
2705 9197
845 5819
7284 8455
2516 5861
2527 5707
6853 7977
6764 7193
1730 8254
6753 7242
3619 3859
66 9730
5251 6393
907 4944
1357 8802
5066 7083
7810 7835
9224 9986
2412 3108
5429 9183
170 497
7690 8382
2665 7608
4318 9065
9436 9515
5205 8794
5668 5744
1879 8587
5424 7634
9040 9307
1048 6941
4281 8257
9893 9991
971 3107
6113 7627
1963 2981
1372 5806
2457 8170
7463 9180
9362 9956
3960 7420
7777 9637
4796 5994
1097 6942
7857 9419
4408 6468
3511 8850
1111 3175
8890 9497
7220 8371
5134 7315
2689 3282
9603 9830
2189 3817
670 3444
4704 5133
5398 8953
2464 8776
5709 6813
6270 9874
4614 9134
6418 7051
5775 6674
3354 7403
8746 9312
4096 8520
978 1411
4085 9828
9249 9365
9321 9498
4257 7500
2303 5711
3977 4659
5267 7510
5876 7956
2227 7345
2832 3931
2121 2465
2691 6256
5817 7053
3992 7731
9047 9048
5457 7530
8349 9600
7360 8951
1839 5459
282 6076
4298 4943
1979 6293
3010 4387
5234 5648
339 9635
5995 6328
5582 9961
9254 9286
6345 6534
3416 9397
2104 8701
2056 9881
3081 5274
2596 6812
9741 9955
361 8465
1882 7545
2031 3519
6964 7183
900 1463
405 7057
2165 2181
3700 7790
591 6586
5839 6790
7303 8113
1452 2770
5176 9606
3256 5003
8626 9833
3214 8318
8806 9000
7301 9727
7209 7770
8011 8665
6361 6439
5319 8773
4863 8921
4779 6530
871 2081
3451 6587
4321 9935
772 3822
1371 6823
5578 9496
9406 9685
1140 6151
4688 7845
7688 8270
3397 6162
5035 7937
6008 8089
1160 1204
1494 8979
5150 6077
821 8355
7595 7856
7446 8633
9659 9735
1931 7738
537 2413
6406 8935
8565 9969
1521 6876
1338 6432
2247 8656
8522 9336
5673 9858
2409 6278
4016 6126
6294 7587
6689 9099
4045 7214
7947 9145
4678 6591
2611 3949
1325 3100
3237 9212
1154 7962
794 6044
1608 3940
3916 6803
9222 9823
5131 5403
1819 9638
1333 8796
294 1054
8606 9932
4640 4822
5502 6435
9361 9815
1126 6695
2684 8320
334 5159
7824 8415
4248 7563
326 5098
47 4749
6087 7233
9746 9974
1870 3203
6825 9574
2201 6456
6152 9229
281 4905
8807 9288
8797 9725
16 6198
744 3561
830 840
4031 8098
8234 9595
8017 8095
1404 5463
8078 9626
1714 4162
7517 9686
4664 6388
8126 8647
2487 9304
1269 2891
6538 9313
6947 9331
4033 7991
4716 8598
615 9372
5849 7726
3877 6541
2138 5163
1788 7114
6871 9695
3342 9276
4786 6283
2791 5534
5051 6870
3805 5060
2309 2801
6913 9290
5080 9654
3222 5528
5935 7895
322 2197
884 6015
64 6935
4763 7965
2568 9646
7206 7605
5956 6069
3323 6310
8795 9102
2183 9182
8671 9211
6091 9171
3568 9081
934 3794
6648 8696
6642 9207
735 6879
8494 9021
1173 4010
3429 5791
7858 8690
3771 6943
9525 9694
1925 5069
3090 6715
5633 5742
1833 6688
5591 7945
2083 9006
3629 9959
8604 9013
2050 5405
6557 8830
5058 5680
114 653
489 9391
6307 8181
197 9351
7314 8419
6796 8227
5603 7060
6267 8337
3045 7942
6423 6670
1888 5821
174 1638
3037 9545
7682 7804
168 8581
4470 7612
4460 8392
9252 9542
3417 8236
5749 7406
6687 8888
960 8197
3505 4278
4100 4445
4213 7715
5950 7782
8908 8982
5864 7534
7919 9306
5988 8210
1872 4454
8109 9120
92 2823
4056 5119
7672 9323
2942 7235
7163 9898
6969 9429
5826 6653
9798 9968
1625 3865
2004 3376
9446 9479
8875 9328
9571 9919
1439 4317
6874 8312
2322 4737
1170 3950
2736 5482
7491 9658
8358 8720
1006 4235
1429 6892
4110 8580
9213 9642
2374 2483
5570 7656
4554 7330
1854 6773
9416 9617
6979 8192
4535 6207
1205 9962
9033 9806
7136 7486
3697 7701
8599 9116
43 6630
6341 6637
983 6252
6112 6174
193 3668
9360 9912
3891 6022
4982 9737
6784 9531
5512 6226
164 3170
2992 3981
7680 8066
9878 9989
9702 9797
6525 8167
9268 9490
1962 3315
4790 5993
9835 9849
4146 7434
4804 4853
2156 8480
4662 6191
8432 8442
4801 8845
9520 9624
8055 8323
1179 4351
6922 8552
6330 8341
6912 9759
2738 2764
7469 9353
3120 6705
3932 4727
2867 6454
2370 3630
8987 9960
1420 7670
6189 6961
5369 7028
5078 8865
3380 9532
3838 7346
5727 8667
2150 3518
543 5543
9709 9781
8686 9481
6237 8366
8635 9221
9413 9786
7759 8136
6399 6781
5670 9693
39 6937
504 5917
6055 7794
5462 8397
846 5987
9666 9910
8476 9719
2697 7870
238 9973
9812 9819
746 9186
3016 6976
9471 9478
98 6180
8524 9863
2582 6524
3705 9871
7401 7737
7641 7812
6554 7394
6273 9189
1262 6958
2220 2720
354 1743
5515 9344
9612 9917
5356 7415
3101 3340
828 4272
8767 9385
6831 8069
7848 8087
4371 6006
5271 7150
5596 7097
1462 9417
1630 5588
331 4244
4764 5068
6931 8090
7380 9896
6101 8061
2914 6214
5432 5558
9799 9944
8308 8692
2305 4329
2500 9077
7496 9738
1471 2912
2517 3696
4177 8190
8111 9788
8022 8544
7305 9393
4646 5090
9894 9992
5281 5624
9456 9837
7967 8447
3126 5593
3651 4744
9773 9924
9024 9920
4637 7317
9879 9987
1348 5793
4730 9026
1067 1640
6171 8194
3860 7350
8108 8784
6869 7851
4423 8618
7342 7533
1901 6263
5771 8313
495 9713
684 2939
8726 9742
5330 6785
5407 5565
5912 6956
3223 4734
1589 9377
3085 5762
555 1428
1362 2773
2966 4897
8894 9946
8514 9051
5934 6604
4165 5284
9086 9373
6282 9337
9023 9645
4651 8345
6975 9090
3329 7565
2587 4584
748 7055
5725 8039
8315 9210
573 2956
5998 9851
5154 9184
7000 8070
6023 8481
2984 3458
2987 6080
2752 5309
1808 1905
5815 6631
773 6612
6754 7343
4667 4708
3036 3756
486 3844
9475 9643
7144 8150
7122 8954
2926 3909
8422 9602
6110 8140
8241 9162
4061 8744
1381 2903
3000 4521
9407 9732
3178 5661
3701 4375
9054 9135
4072 8634
8058 8579
7546 8372
3477 6390
6560 8019
2999 4493
3683 6363
8770 9499
8505 9338
2877 4092
2874 6125
131 9084
3154 8391
9978 9999
909 7631
9598 9809
3928 6998
9349 9633
6850 7142
664 1732
8905 9670
3923 6286
1601 8716
5689 6141
2091 2408
8882 9160
4489 4835
668 9264
7040 9933
1042 9392
13 8368
5368 7831
2609 3326
8691 9175
2328 3301
6545 8467
9261 9717
1072 6529
948 6000
6889 6899
2139 8869
9632 9811
7780 9206
8968 9030
9458 9680
5412 9291
3799 6154
964 1410
9517 9756
454 2762
1606 2940
954
1844 933
6983 2379
4230 930
113 2
8868 4586
1747 519
608 60
9502 4245
7689 6061
5186 3281
3438 697
7287 3581
7864 2911
2849 279
3174 1570
6442 3528
6672 5191
2985 2859
5831 4277
6755 601
101 31
4972 3650
3604 1434
4752 2264
2239 403
8380 799
9967 7668
8223 3791
9378 962
6835 3338
2447 551
4983 4850
8024 3039
2617 2397
1894 21
6747 1957
5406 4954
5158 4433
4937 973
5442 4125
6057 4141
724 137
9225 1947
7873 2600
2737 2294
3427 2086
739 23
7213 4446
4799 1013
8360 2583
678 122
2029 719
7041 3972
8085 1616
7130 4593
3816 1259
8684 5945
1007 756
4829 3611
3116 404
6343 1693
2507 1150
2661 863
3230 378
1682 342
2678 1522
285 110
402 5
5061 4274
7383 1639
3426 3386
4276 3634
3790 1323
5315 1539
7199 2797
9327 4901
7928 5341
2178 1402
8985 4864
8958 6229
4290 3732
9064 7118
8020 7400
2575 852
6805 5166
2054 1256
9724 8719
3962 3180
1574 391
8755 3778
3038 2962
2592 1687
6855 4199
4852 3209
7602 7068
3927 1830
3310 479
7764 6665
7384 3022
2391 1286
7477 22
7589 7017
5001 3514
1728 727
8914 6893
1127 682
875 619
518 142
4453 439
7562 1758
4465 40
289 55
5151 487
4882 4022
6336 2643
5222 344
1488 182
7817 309
6873 6600
4616 184
1745 1561
2451 239
5802 1603
4039 3572
6026 4669
1031 559
3158 426
5526 3925
1161 484
2767 1316
6973 2980
9939 1847
9834 4874
3955 3287
515 118
8975 3151
7702 7296
6970 6495
4294 2482
3646 3435
2654 1633
3753 2934
3658 2676
3076 2334
4769 2946
2114 1822
62 36
4566 1515
651 347
6176 6051
2729 771
2321 1791
8637 4867
7278 7164
4803 1653
5938 5314
6478 686
6195 5553
9371 1695
1037 526
7658 4047
7648 7542
154 147
3112 1726
5431 1236
5322 3882
4855 3472
3565 3337
3768 3655
7966 4431
7582 1678
4774 638
671 636
1964 105
8959 106
2423 1727
1240 150
2152 1143
3739 3213
3792 2480
9954 4406
3678 38
879 46
5824 4661
140 3
7807 1851
2647 620
5568 1496
5237 3837
681 626
8780 803
4955 2195
6804 3078
8235 3540
6564 4503
605 442
7034 127
850 201
4163 1085
1736 1685
647 436
2976 1885
1812 689
4580 1108
2994 1899
6828 1087
6952 1763
8892 295
1455 1368
1266 512
3941 3852
3166 2012
2528 656
9383 8145
7440 3080
77 26
6424 3648
6798 4339
3810 3163
4233 3231
9164 4296
851 419
6963 5038
1596 747
8473 5027
3870 2734
1342 522
9937 7334
5923 4173
4 1
8010 5487
7365 438
8025 2481
7381 1364
3488 389
5914 1644
5313 4942
5800 2308
8000 1773
6994 5382
6300 3185
4990 4677
7748 6072
9284 560
2240 2092
2998 2118
2508 2103
6150 393
8848 7741
5266 1798
8980 382
7557 2193
8232 2853
1218 1099
8094 7700
994 368
1035 581
9041 6437
7842 385
6350 4249
1343 1313
7174 3889
639 139
8369 8342
8713 8220
5552 1145
4967 1816
4526 652
9530 8299
2280 1974
5257 2827
337 81
7598 5882
6830 5852
9721 6149
4221 663
802 597
1351 693
5245 936
5820 1181
5285 2448
1759 1232
3290 1578
7431 5391
1021 984
6243 2882
5216 842
4793 2310
7274 5678
7599 4731
8123 1182
4618 1548
8909 4654
5637 575
2040 1709
1302 283
6262 1200
9621 1729
8860 4156
6305 1354
5231 1937
8563 6732
600 536
6848 3198
5562 4312
6496 580
7340 4559
8209 2355
4389 4306
5750 2655
2836 508
8176 915
4721 1093
3099 1580
6292 4419
3501 2256
4797 1972
1349 138
4323 2090
1017 899
3382 1292
5376 3990
6846 1503
4247 1412
7911 3551
5930 4674
4054 563
905 79
9728 2854
8846 1929
6514 2687
7135 3046
2063 780
7177 4904
1203 658
8695 4271
7159 952
7192 6739
1928 1694
867 117
3122 565
691 572
7231 5262
2796 2014
6403 2602
3121 829
7226 673
3406 96
3173 219
3273 2686
1802 1174
3267 441
6209 1742
1855 1723
2017 1945
6945 3073
7710 1369
8996 2751
6735 1078
4477 1176
2876 874
3344 1148
3204 176
1149 349
8969 7413
6473 4589
3218 895
1084 470
8297 3722
4816 1622
8414 8046
7788 7187
4907 3911
5249 2695
7468 237
2708 2277
1479 254
2679 1198
592 564
5260 1898
3943 3242
5385 3087
2799 2667
4299 2210
1563 872
7331 854
3320 2552
4254 2016
6927 4578
6601 6244
1009 358
5124 1661
7076 4509
2076 243
1516 65
4297 224
2313 1299
7071 1553
4066 714
6698 3738
2943 352
3330 2709
7591 4812
5006 4028
6988 4140
5640 4542
2213 37
1038 896
5437 3211
1199 648
7664 3926
7320 5310
2228 690
8256 1430
5361 4567
3113 1576
9769 8317
6167 4610
1724 848
6750 5910
4025 2023
5458 865
9583 632
1417 574
5550 3571
9581 3758
4170 1400
8739 1450
7490 955
5536 2022
3749 3530
7324 6783
9332 104
8898 8790
1556 712
5435 4370
4027 1787
9257 3098
1186 876
9522 1841
203 12
8941 287
3350 1993
4411 3048
179 57
2930 1575
4474 284
742 505
4418 4262
6776 5654
8262 4558
9555 1122
482 360
2659 2460
1861 1688
7497 713
2250 1314
8082 6433
4077 3135
240 134
9155 1645
2809 363
2338 1125
1284 19
2529 274
6905 1654
7168 1804
5685 2564
4511 2556
4531 2119
9817 2155
4707 702
8443 5256
5992 888
5292 5243
1046 93
4435 2781
1068 806
5346 4080
1188 430
6968 2732
2664 1133
2377 1486
1002 910
5522 1392
230 225
8130 4949
1843 847
4194 3205
4841 685
6520 2825
9170 546
1032 768
2429 250
9469 1738
48 7
2561 1610
9675 1554
4091 3144
5417 5239
5411 3391
8949 7969
5132 1426
8902 7029
4300 1261
3982 1994
6917 6203
5606 1668
5621 940
7927 3820
4912 809
5452 123
5866 3043
1746 954
7037 5227
2410 475
8203 1707
8955 2645
6221 1018
4497 1030
8376 6928
8093 6386
456 222
6814 6168
4917 2660
5733 128
7474 1102
6071 2772
5042 4679
8994 3490
1300 753
7740 2778
3835 1542
3681 3261
6344 3446
844 321
6580 4443
1385 414
9758 7075
4670 1491
706 388
9700 6019
1555 380
7779 5601
8283 5658
9641 6799
9300 4887
5714 155
2936 2620
2135 1201
8212 5048
5419 52
5564 2879
750 44
5833 3698
7471 5913
2120 2062
8596 2626
3228 942
882 483
2383 1766
3761 947
625 288
1761 1363
6915 450
7747 3365
7009 4079
5898 4342
3989 3723
7898 33
2461 471
2547 1753
4945 409
8748 716
4452 2242
362 257
6064 1423
527 446
7665 6816
7655 338
9911 4504
4753 1829
2198 379
8943 6197
1394 531
8142 2005
4123 3509
6736 5030
752 365
9704 4265
4174 4014
5436 4768
7476 6925
8469 726
3657 1697
8347 1859
8672 5943
7961 2519
5952 2957
8115 3582
4451 530
1210 67
6298 5157
8400 2093
898 582
8101 1558
3800 611
11 6
4890 1116
1538 688
4060 3434
133 50
5100 1241
7307 355
4770 4585
5301 3327
5619 2074
6311 704
3726 1271
3432 893
881 463
6017 2511
7669 6382
4361 2169
2997 2498
8499 7044
2292 1228
1156 467
9196 1797
8038 7007
8862 6460
4320 3986
731 255
8122 6129
4459 501
5164 112
2540 733
2614 401
6891 1106
5739 5354
1823 1511
2497 236
7375 468
3011 2971
2597 2475
8963 4012
506 107
424 312
8189 3804
7059 6904
4192 3332
6510 4735
6452 2345
3617 2057
6640 513
9440 6045
6223 694
7544 4142
5016 4668
9046 1379
4308 3306
1418 1377
1477 758
1700 1075
4595 3002
1401 708
6379 3482
736 367
2702 642
8873 3373
2272 991
8287 7913
5447 4367
2838 2245
8033 7825
3095 1588
8855 8357
1785 720
9897 5029
6762 6075
777 256
7717 3024
7621 7367
3193 2148
275 27
6710 3235
3729 3140
1512 302
4322 3389
949 97
7239 6881
4434 2430
4515 2053
9923 9749
2010 635
521 136
8267 2032
4914 3093
4135 3849
980 162
1096 833
8766 8365
7271 3798
935 528
7714 4491
6886 941
2051 480
1893 695
1926 1674
3032 84
7223 2719
3893 3304
7222 1924
5184 3269
1103 972
8120 1060
7480 5121
9308 3801
2170 394
8639 7424
5519 1391
3974 390
5329 5212
3274 2145
9636 8613
7660 6052
6567 5364
3745 3638
3448 220
2028 1311
6425 532
5209 4301
4055 1352
6280 4766
4548 1360
2424 1501
2933 729
3318 2550
6536 4283
2567 1382
3897 2510
621 181
9218 4699
8831 7719
8456 5206
6359 1875
8222 3149
2168 928
4479 2545
2439 2055
6074 5785
9784 9177
3279 2948
4309 1497
2098 204
7254 3793
8291 6378
7798 4337
3789 3403
7299 4839
4903 2100
7706 1696
9587 6047
9518 6863
3088 3059
1623 14
6712 4842
2639 260
9168 823
3564 1433
956 307
6492 4947
7410 3413
5218 3270
4950 3473
6291 5252
4644 1461
6733 4665
8013 4143
3846 251
6163 2599
4682 3707
7156 6316
614 550
7358 4966
3044 2450
4382 1599
3884 2000
7438 4215
3553 3278
6240 1424
5872 2024
2777 17
9258 2348
3737 3396
4334 1825
9198 7023
4081 1080
6337 3009
5441 1669
320 156
4422 2683
6877 5926
3929 1465
5504 4505
1432 311
5681 2307
4251 2172
3618 576
9824 4384
2856 1453
643 444
4540 4048
2350 187
5359 3576
3363 2858
1810 1334
6659 4400
976 491
9002 1115
3053 2400
3907 460
8107 6683
7229 1285
3155 212
5454 4745
6513 5694
6155 859
7151 2368
7416 6096
3400 912
2672 2419
520 329
418 412
3881 61
6187 4240
1359 535
6479 3288
1666 1135
6384 407
72 41
5690 2257
4172 4021
7583 6842
9500 8886
188 56
3765 1975
9804 6477
5655 5559
5600 244
1684 398
3428 280
1919 1821
5397 2798
5408 2542
3182 2937
5225 4003
9204 4211
6231 4325
6856 4961
6972 5363
9506 1886
7891 529
6675 6348
5276 641
4148 4037
5807 1094
1838 1258
1818 245
6932 2844
3260 2685
234 9
1856 218
4671 1091
3489 700
7830 2414
7257 6789
6990 1837
2003 1520
7099 3466
2532 711
7751 4524
8129 7290
431 199
4356 2972
3946 3751
69 68
3469 1247
7763 4717
7165 3025
8446 8266
5492 617
5416 3355
9074 4216
3535 1526
8715 6011
2887 2009
8992 8745
1146 1130
5160 103
267 178
8562 7707
2381 1711
2641 1366
8453 3186
7887 7179
8128 6581
8340 7765
6725 3125
6445 1772
1637 1303
3366 1350
9133 7549
7795 1562
5464 2311
5623 2710
5860 2785
3006 2808
946 779
1581 1518
1315 699
5321 4392
7121 2496
7266 586
5049 4592
3319 2269
9085 6787
6833 1863
8289 3904
2143 1755
784 613
4672 4237
5418 109
4895 3614
6352 6138
458 375
6089 3802
9523 2356
7157 5970
8445 5794
3580 1617
7361 160
2754 2717
1777 958
5168 2059
5566 4826
1309 207
7826 2755
7573 6249
1387 264
4330 2443
5583 4784
8804 3796
7674 5173
