183
9718 9764
8755 9074
4775 8352
5643 8832
4275 5476
6419 7274
2867 3098
2788 8725
7126 7367
309 1131
7807 9176
2862 6977
4633 7342
8824 9496
5654 8463
5027 9507
3804 6312
3161 4621
3649 6894
5702 8836
1362 6892
7293 9688
3242 5996
8128 9967
1261 3278
831 2927
7799 8870
419 1756
5128 7684
6910 8264
8340 8623
4458 5017
5041 5850
3091 7040
1564 4970
9030 9411
4031 7590
1537 6667
1750 3195
5209 8473
7815 8417
9019 9457
6566 8655
586 8728
2983 4656
6121 8007
6347 7990
9508 9654
1665 7407
2198 8227
1577 6132
1223 4089
4219 4562
9879 9992
5971 8379
7239 7824
5806 5990
5162 7053
4439 4555
7127 8654
9675 9884
7043 8702
4330 7417
8718 9774
8793 9431
9200 9789
8262 8326
8624 8982
2605 5997
1382 8530
7783 8234
1363 2001
7 7528
7953 8045
3290 9137
1365 2140
9586 9725
7020 7182
8372 8437
3137 9497
5969 9268
8052 9738
7111 7285
1007 5523
9096 9160
1904 6757
8221 8256
3695 7008
5849 8429
4335 7106
9906 9934
7181 8439
429 3037
3325 7982
8311 9773
9629 9767
5829 6055
5291 9452
4636 6013
2929 8952
3572 5139
1305 1793
6771 7829
4879 5402
3829 6315
3293 6398
7307 8438
4349 8163
6992 9736
8325 9883
4155 7583
4920 6470
2621 2670
9066 9602
925 8909
6371 7457
5138 5793
1464 7408
6047 9860
9440 9715
7376 8694
1078 9053
8441 9103
3132 4277
4041 5215
553 6746
1829 9402
8373 8889
7839 7968
3733 5835
5891 6228
9662 9664
7414 8228
6536 7969
2424 6946
6939 9166
7915 9133
2484 3504
8924 9209
384 2086
1542 1774
2593 5533
9136 9238
8288 8762
577 4296
6752 8867
5025 8847
5256 8231
8912 9820
1504 1601
7033 9633
8935 9104
5982 7736
375 8875
2642 4847
1349 2257
8557 9360
2572 8462
5700 7579
3082 9434
5188 9121
4986 8006
9921 9962
3459 5105
9471 9657
3476 3612
2271 2303
659 2362
7464 9623
3487 4977
2877 5461
8600 9483
6345 8556
2468 8185
6940 9451
1824 5576
8507 9671
4445 7779
1183 2233
590 3107
795 1217
7336 9008
3267 8169
254
4954 1604
9719 392
6264 38
1056 573
3141 2224
888 430
1189 1004
6442 3397
9912 1354
2425 2118
8562 1159
975 813
8999 6289
8238 4342
3718 1795
4481 2853
8984 2242
7925 4044
5780 1345
320 9
9164 8203
4264 470
1637 1127
824 634
48 10
4423 4185
7952 2278
3199 1092
501 26
8693 3431
7143 3131
3947 1859
8122 5774
2077 13
2625 1156
738 39
7670 4546
6336 6084
7445 5072
3334 2980
614 605
6493 2672
2544 396
5726 460
9220 3637
3335 1714
2008 1817
8393 4844
4379 789
2721 285
4801 3401
3754 1744
4359 408
721 368
330 98
2072 464
6186 3884
4254 733
8147 7229
3726 1917
8690 5253
9915 1511
4485 3058
3904 2002
9289 4369
4944 1653
3750 2343
9959 1296
8630 418
3766 3742
2834 493
1959 478
6806 5002
8143 6973
1781 113
5543 3500
7768 7009
4217 3793
5993 2325
6520 2847
2616 1583
1180 193
5479 1026
736 349
5584 4758
7767 4181
3177 1212
1749 1461
6980 2361
54 25
3716 1283
1322 1029
2530 139
3311 2487
7002 2542
7409 7206
9161 1830
5669 3725
2185 754
3664 1880
4912 166
819 424
1613 201
7325 4614
4438 2133
7751 1011
933 326
7063 3415
6517 2558
3393 2495
1760 805
7452 6501
9100 3776
3087 2590
8578 2756
4072 2122
9844 5518
9896 6580
1838 945
1538 1294
1910 876
7819 5217
8452 6560
7233 4019
4401 3650
8695 1074
7949 3184
5348 251
4314 1682
1820 1703
9334 6009
417 34
7785 4026
7642 2941
5876 1227
9011 3987
7356 6319
3560 1649
9996 4837
7255 5620
6034 5399
6229 4749
4764 3897
8201 4087
6261 4429
3704 3046
2436 112
782 691
6943 1052
6641 5728
4035 1003
6839 74
9117 4206
8678 5045
5930 4846
4791 968
6326 3913
6197 3779
701 101
3211 941
3822 1898
7169 4835
7906 7834
2225 2215
2769 1267
3319 3006
6474 319
8993 7876
5385 4855
2712 476
2518 638
1411 432
9514 7480
3310 2649
4860 4852
3644 2745
2566 1482
7314 6997
3536 725
2073 871
4865 2398
1400 1072
7188 1171
3985 120
3498 1978
4106 3554
1843 103
8033 3412
1086 887
9875 5404
3202 679
2252 138
3893 451
3272 3192
5187 1574
79 42
9026 637
344 41
997 919
3180 305
8415 6210
9515 3103
3063 2092
1589 996
9281 3105
9283 2819
7936 6079
8641 1302
8699 8351
2108 1405
5887 5026
8593 649
4946 2379
9822 6437
7493 5207
6833 1524
8016 7036
4793 3435
8822 6639
7954 1844
9908 8182
192 155
2251 208
9784 8074
1114 506
1663 869
1097 794
8874 7882
2737 1612
5778 3969
3214 2138
1142 416
4311 49
4320 4116
3533 3425
3024 2512
963 498
8833 1187
2147 1618
4486 1523
4329 3343
2418 1871
8898 8419
2583 2580
3011 767
2196 1130
5409 2585
3150 2698
8872 7924
3253 1312
5210 554
8057 1626
8196 5883
8059 6770
