593
6561 8920
5503 5860
9009 9439
5310 5607
706 1335
6066 8577
1750 9230
1479 9374
4902 8761
9003 9390
1867 2565
6458 9156
7866 8050
349 9895
4792 8687
1738 3059
3384 9398
8221 9845
3893 4746
1521 2664
4938 7646
9292 9858
181 1980
1439 7949
2301 9148
3870 6310
5560 8361
1944 7359
9382 9893
3949 7257
4820 8066
5499 8430
5907 6367
9927 9985
4236 7967
4354 4458
8478 9466
7120 9607
3081 9387
6353 8699
7335 7730
4101 6679
7337 8052
8237 9300
2710 9459
9787 9898
9500 9768
2882 3950
3930 7479
3324 6541
2081 4013
1935 4442
9539 9905
5312 7787
8313 9207
1194 5572
510 7971
7184 8816
1281 2715
6423 8859
2707 2911
4426 8179
8958 8965
1565 7386
6436 9770
5481 8014
8726 9703
7112 8830
1409 9454
9410 9515
8530 9033
7236 9866
5672 8919
5067 8662
8799 9847
7697 9055
7411 8763
1831 3023
3187 7491
5591 6074
599 4456
701 1527
9052 9522
5845 6151
4252 4350
1275 4857
3334 9050
8123 8467
1175 9741
3967 5152
2650 9356
513 6343
3107 5131
2620 7875
6428 7840
1662 9798
9675 9699
3520 6932
6604 6608
7480 7623
1370 1737
6092 7921
9731 9956
1137 6939
4501 5270
2271 2584
6955 7796
3997 4014
7258 7303
110 1101
7564 9767
5833 8351
3055 8526
8234 8656
3578 3673
4964 7698
7548 8609
320 2604
7374 8992
9724 9796
2179 8846
1920 3285
1925 9604
694 957
9416 9840
2614 9936
9511 9759
5218 6579
5617 6132
1876 2040
778 8300
6892 8353
5231 9616
6894 9297
3486 5365
2945 9357
5528 6782
9105 9942
4808 8492
6599 9867
4855 8838
4684 8488
58 2689
5826 9197
4170 5712
5895 8783
4895 7542
6695 6779
836 7851
2181 7373
6847 9343
1078 4428
516 1898
5940 8594
1469 8999
4546 5222
2426 7080
1424 4071
1247 7162
2795 7195
4315 9222
8112 8716
3780 6268
3355 6853
8228 9092
469 4845
4563 9313
3817 7604
5436 6813
2149 7913
8466 8917
3831 6030
1631 2172
4322 8775
8017 8620
4558 7187
3034 6121
7301 8162
31 8758
1617 4903
1372 2880
8989 9924
7837 9921
7323 9176
6445 8998
6716 8295
7313 7692
5427 5783
8664 9002
5704 9700
2226 6670
6766 9784
2178 2944
7704 7926
703 5549
4809 5017
9349 9408
1878 6251
171 8455
3518 5652
4785 6751
3569 4239
4160 7749
5818 9407
644 7580
2465 3594
2141 6884
5209 5861
6313 7869
7201 8606
2279 2571
4150 4296
5306 9152
7970 9693
801 5362
9449 9615
2231 3411
3607 8493
5442 9869
2044 4735
4361 7268
7739 7956
2570 2813
3642 9221
3681 7274
7643 8271
5376 8038
8535 9632
3544 8810
2671 4614
6985 8848
9729 9947
9574 9870
4791 7670
9463 9678
9046 9082
6595 9460
6468 7912
6159 6253
688 4404
2082 7861
4781 9580
1590 6483
4821 7170
5235 5822
5121 8365
6888 9897
1236 8731
7252 8547
4898 7711
6870 8316
6798 9684
3800 7327
5074 8302
4663 8209
4178 6430
8504 9589
8489 8928
9848 9906
1798 1929
324 5681
9070 9874
4997 6546
3222 7897
3493 4729
2306 8638
800 1027
9532 9734
6721 9035
2459 4186
4599 9115
7593 8519
1670 2976
4833 4848
6923 9656
7224 9595
9265 9578
2135 9302
5392 8564
6755 9996
2286 8011
123 8759
3765 6050
1056 3501
3866 4280
7119 9529
9185 9917
6613 8325
5550 5928
7834 8514
3796 7222
10 4648
7979 9748
1817 3255
9673 9938
3400 3554
6059 7433
3179 6963
1821 8476
4383 9117
5744 7495
8599 9462
1389 7280
6832 9629
903 6654
8827 9118
506 1769
9543 9723
878 2625
2308 4864
5366 7825
6805 7741
7071 9137
6921 7863
7658 9471
3062 6497
5164 6645
4192 8624
2211 4533
738 3492
3885 9643
9026 9226
8409 9345
1543 4418
1050 5344
7781 7804
4066 6229
8712 8720
3217 4123
1877 9378
2913 5387
3926 7910
901 9565
1283 7047
3539 4027
4978 5992
7204 8778
5148 5944
2902 3377
3782 9516
9622 9638
4244 6924
4073 6190
5319 5432
5142 5393
106 2731
3773 8569
2953 7727
4617 6163
2510 4777
1991 8721
3641 9888
8227 9304
8495 8527
551 8556
145 2066
5584 6493
9664 9969
9806 9991
4344 8019
316 9264
7049 9144
2520 2676
2367 3685
4742 5418
8406 8424
9413 9640
6276 8348
9687 9792
234 4045
5382 8552
9286 9384
6519 7273
679 4686
1046 8388
3826 9949
4899 5699
4688 9259
6006 7055
1716 5906
2295 5008
8192 8680
5370 5930
7096 9695
2403 5755
1551 8410
8368 8943
385 2698
8448 9436
4996 9359
9483 9704
4674 8396
498 5923
2227 5820
8191 9145
7664 8843
2989 4443
1290 2270
8322 9132
8819 9113
2540 4706
7801 8537
2393 3727
711 2687
2562 3188
5667 8258
997 8806
4054 8882
6745 8344
2559 3638
3990 7945
5887 7486
896 9971
3437 6330
329 5453
7848 9320
2368 8042
9958 9970
6357 9913
4721 9959
7390 8058
5267 6053
9896 9923
5261 7519
5025 9987
2144 2963
4025 5326
9260 9951
9174 9826
1942 6738
5892 6444
2276 9289
8770 9415
4517 5238
4588 9209
9369 9512
2338 7527
5173 9686
3942 5823
1160 7041
3730 8776
604 3802
3413 9015
1651 1912
6136 9482
4631 8084
3001 9747
7790 9514
3385 8870
4140 6612
4760 5722
3953 8929
70 1345
4172 9401
7427 9075
5480 6368
1373 6107
4888 6925
6633 6754
2456 3574
8854 8879
1352 3772
1728 2867
3606 8173
3250 6338
1538 9641
5359 8947
3527 4275
7264 8815
7696 8607
2463 9945
5031 5401
6076 8503
1212 2765
4600 4636
8301 9227
8062 9726
3909 5729
6298 8337
5440 6205
6549 8905
1301 8142
2093 8190
4499 6470
8144 8484
4171 6093
7389 7828
2304 6336
1172 2772
4787 9891
7419 9252
7791 9811
2164 4507
5040 6685
4274 7466
2781 5402
3811 6207
7388 8239
9907 9954
4090 6480
1639 9997
8439 9395
2480 4786
1446 7754
7650 8256
83 8426
1972 3331
7557 8145
8260 9341
4127 8659
6138 8566
5107 8918
2969 3733
1746 1846
3952 8338
7766 9021
6088 6575
7413 8150
6021 6438
1032 2205
20 3293
6729 7189
3809 8154
1047 5779
588 7326
8473 9715
5474 5492
3103 7703
6024 7156
3798 9450
4474 7862
7530 8835
1075 4879
5128 9429
1597 8175
1395 9457
5936 8116
2991 9572
8435 9135
2655 5562
6842 9492
614 8760
6395 9505
9569 9626
8249 9824
2941 6263
8224 9868
41 5525
6759 9712
4500 5540
1470 2121
6236 9139
8387 9432
2309 4105
4139 5114
9479 9662
5357 5603
381 2347
7428 7633
771 9018
7769 7876
1182 5020
1321 1802
6128 6648
366 5037
2329 2908
416 2885
9766 9813
6536 6753
7406 8254
2387 3049
7729 9998
3761 4193
7603 9172
8728 9791
3230 5197
6797 9493
522 1977
7886 9832
8562 9125
3256 5203
8521 8682
4488 6525
8303 8431
5507 9701
9044 9510
8359 9188
1664 4179
3374 3602
8447 9652
245 6411
8088 8681
5298 8354
214
7424 7058
3018 1125
1562 1196
5018 1455
6417 2557
7722 4109
7693 5500
9576 3294
418 170
7408 2108
5524 1873
1552 426
2103 1659
5028 225
8113 7309
7146 746
3974 3401
1413 211
6387 3864
2526 1790
754 571
5548 5512
7550 2481
7175 1548
5092 104
9670 5962
2395 1342
1011 791
5241 5219
3089 305
9467 6588
1635 1474
3910 1693
2789 173
2125 1675
3963 1109
4023 573
4625 1465
3069 2605
7898 825
7241 3654
7639 2881
665 151
5118 2412
9817 2977
259 14
4444 1582
4169 2440
1883 1430
2214 2059
2176 1858
483 386
2733 2118
2136 1235
3756 2947
8090 4583
1095 1053
7341 2999
1378 1204
6186 3728
3590 331
2544 1494
5180 3917
7263 5022
4331 2856
755 255
1903 933
5970 4817
7753 822
476 428
1249 190
7579 5864
8137 7874
3412 2411
9088 5753
8267 3200
2578 2174
4313 2838
3314 781
8219 2601
7036 3052
9757 4608
9667 5996
3577 2981
3306 913
2992 1889
937 464
660 565
7699 7423
344 107
831 422
6652 5233
2073 1556
1749 1067
2723 490
4607 637
749 160
9635 7217
9890 8018
1558 1142
2106 782
7783 5969
4088 702
3262 2458
6690 5960
987 568
5851 3281
8820 4269
2443 883
3664 1336
4919 4503
5955 941
7969 515
2427 1218
8663 6547
9295 3671
4197 4117
2740 1042
4194 652
9570 2218
6852 527
965 620
5336 4863
1486 724
741 499
2652 468
3702 2016
217 51
272 65
6410 860
7221 406
3613 297
501 452
6418 3533
5684 3961
1274 1192
3101 1329
6369 5774
3026 1181
7494 1780
2123 278
1671 243
315 286
8500 6534
9193 3968
5602 5206
4020 3648
3152 628
4710 4355
9827 1612
9807 4825
3692 888
9089 4800
1689 1416
5872 3133
9939 5311
7543 7014
7684 2452
5483 376
7078 3710
9582 2585
6314 3318
736 399
1340 323
1024 927
2657 165
9863 563
4483 2878
1269 1185
2708 2637
4257 914
9114 3132
7847 2242
3335 828
7191 2693
5198 3207
457 86
7659 5544
889 817
4102 3556
5166 4927
3302 2284
360 197
45 11
4552 3456
2508 89
9933 2743
9269 2814
4347 3379
8319 5665
8053 7007
4399 924
2504 1939
5658 3098
7509 5522
3303 1145
8399 4508
6837 3194
5100 2248
8074 5983
7535 2839
5856 2151
3233 677
8479 6365
517 338
9391 2896
640 273
6289 2474
6732 3435
3682 2191
2651 1482
7836 1229
3320 2915
1736 1332
