607
2189 3920
7065 8242
7902 8500
9340 9535
4493 7010
6000 9766
7446 7566
266 9384
8211 8444
7051 9503
9128 9301
4071 5243
4386 8516
1261 6105
2276 9358
8017 8069
7927 9422
2789 6874
1964 3683
8676 9508
9676 9887
6370 7511
1664 2751
592 7513
1214 7748
2142 5183
8528 9996
9970 9997
180 8358
451 2581
3652 3762
1711 8320
9537 9561
1007 1423
6109 6343
5394 7213
5983 7520
9404 9930
1622 3388
1212 6037
4151 7671
6175 6271
8959 9989
3482 5189
9222 9471
7097 9490
7647 7860
3016 4281
4211 4295
1764 4881
2904 5384
2666 4108
8125 8863
9407 9554
4721 8024
7792 9640
606 5249
6973 8441
9016 9757
1026 3694
7383 9892
2949 6760
5446 6039
808 9034
6966 7995
4740 4974
6774 8134
3315 9802
9398 9528
9295 9612
5483 7092
8377 8678
1124 6225
2968 7778
6899 8576
8183 9803
8163 9695
4982 6204
1602 7720
1951 3006
1363 2307
2553 4573
9461 9951
5725 9844
4559 8683
25 6496
479 3124
5560 6419
4880 8940
7456 7794
6160 7398
4189 5815
5913 6846
3507 7530
3813 6114
1250 6819
790 6242
6423 7339
6452 9064
485 664
4015 8142
8701 8730
4225 7336
3713 4752
739 1665
7318 9421
2077 7666
1992 9577
5654 6219
413 2083
617 7766
3956 6756
1186 1655
7901 8689
4198 8570
5041 9696
607 8214
7889 8162
9217 9899
1706 7492
3777 8758
4544 9658
7433 8797
5235 7093
5078 8432
6333 9273
5586 8233
8077 9927
3609 7357
8641 9933
1831 2752
7728 8128
9965 9975
2073 7542
9159 9290
5199 8975
1710 3757
9092 9919
5732 8747
5372 7591
967 4314
9635 9957
5711 8838
7581 7877
9209 9346
275 5326
2721 6210
7915 9262
7217 9323
2776 4538
7944 8007
4783 8903
2101 8231
6652 8650
8799 9988
7112 7508
2192 2201
3390 8844
5941 9043
3261 9905
6918 9231
2520 9327
6523 7445
3212 8169
738 9105
2608 8295
2907 8343
6931 9143
6472 9743
2004 2728
2931 5365
347 4554
394 4556
1769 6949
8324 9411
2388 8548
7329 9941
1725 2900
8613 9270
6468 9206
6159 6927
6942 7252
3512 5336
741 1109
581 8671
1840 9286
1247 7135
6169 6864
1075 1450
6046 6963
6992 7704
9024 9776
8754 9086
6797 6947
8011 8935
6929 9148
1849 8409
4876 9634
4010 8858
5623 6723
2626 8428
6279 6844
9315 9552
5831 6174
842 1271
8468 8677
5740 8061
5130 9647
3788 7409
3706 6701
5321 7712
1774 8225
1566 4311
5435 7271
3801 8140
2099 5843
7327 9076
4315 4811
9228 9646
9783 9811
5759 6608
4643 6215
9538 9641
5273 7185
7131 9304
9463 9703
7037 8265
6148 6623
4360 6940
5868 9115
4793 8769
4309 8565
8249 9840
1417 8831
331 9183
2322 7777
6486 8907
3957 7222
7733 9547
90 6778
7068 8905
2030 7189
1215 6550
462 4234
1042 7254
3676 6177
1045 8285
2611 6260
9363 9689
4786 5809
8495 9697
6085 6803
5194 6712
6417 7693
5392 5406
6928 8620
7518 7869
9329 9362
4609 5874
3839 9091
9765 9800
6454 8438
2123 5601
718 6455
9300 9911
7084 7532
760 8393
3642 8439
7099 8984
3612 5973
3380 8961
1452 5178
9099 9914
6897 8825
3115 9557
9936 9984
5652 7349
6744 7961
5048 8842
4003 5638
7412 9111
2664 4756
3493 8729
2212 8098
4938 8446
3033 8610
9125 9983
9437 9454
3810 4929
363 9599
3878 9900
9947 9948
9162 9626
6301 7556
9774 9836
1586 4324
4968 5996
6961 9999
6173 8810
8791 8931
3128 9160
9464 9715
3702 9850
4970 5993
1236 6525
2487 6851
4133 6094
7686 9127
639 6483
2114 3358
5333 7856
8661 9071
6784 8152
369 8642
5303 6878
6873 9600
9931 9966
6953 9234
4845 6651
6576 7402
4618 6590
289 843
7309 8347
366 3761
205 5678
3625 5077
6733 7126
7459 9762
9080 9089
2715 8933
9298 9453
2617 9795
5016 6340
5020 5677
2447 7151
3207 6587
3945 9260
9959 9961
620 8502
6746 8785
1211 2727
9221 9501
2140 4539
86 303
9708 9877
2153 6117
3175 4179
4107 5444
502 8571
2673 5546
3204 5454
4488 4531
4241 9107
5226 6226
7760 9726
6581 8105
522 4425
7246 9151
4566 9203
409 1525
9922 9952
1046 2493
9245 9393
3286 7241
4750 5875
6447 8037
151 7295
251 9483
7505 8632
2990 4727
8997 9565
3973 6907
7567 7950
3544 7355
7372 8243
9288 9440
5722 5921
1484 9372
2745 4854
7214 9940
5703 8247
1364 8904
5389 5594
2772 3565
6889 8423
9109 9467
2601 7201
8488 8872
134 5019
7316 7719
7478 8792
5847 6572
4807 6084
2804 8027
9073 9249
4958 6692
3895 8918
7242 9008
5187 6429
5576 9740
6293 9536
8264 8403
3182 8063
8450 9909
4834 8891
2110 2267
6592 8155
139 4266
4125 8044
7691 7976
7172 7207
9350 9392
7319 8880
8962 9614
8192 9497
7656 9744
2734 3690
8656 9712
4648 5669
473 1609
4763 5071
5697 9693
4900 5738
1239 7600
3072 7481
1661 4249
457 6485
2183 6076
3770 3848
1035 1061
96 8646
6588 7033
724 8832
4574 8581
6284 8397
3573 7892
5968 8985
1986 6013
2408 4664
4949 8373
5436 5482
299 1859
2355 6216
9706 9917
8366 9458
3091 8643
618 9891
2861 4908
207 6453
2054 3743
5209 5840
4656 4915
1645 7689
7442 7941
1380 2314
1906 8384
4896 5247
1064 7614
4045 5961
711 7577
9986 9993
8587 9379
6674 8681
6605 9770
1213 6944
6824 8022
2894 5887
6681 8294
750 6448
6320 9081
3194 5156
1194 1822
5830 9174
2348 6198
9717 9874
6268 7458
2938 6057
8566 9303
1650 1874
7324 8230
4256 4628
3222 6706
6781 9386
420 1117
6218 9102
7506 9141
6047 9785
8210 8257
7229 8029
3362 8584
8307 8886
4565 9956
55 5713
2748 4594
5366 8273
4797 7971
3889 4238
171 4482
9196 9896
7361 9484
3143 6775
1192 4127
3785 6314
793 9036
3337 9120
4670 5517
9193 9751
7292 8452
5781 8639
757 6195
4921 6646
1471 2108
4465 8937
6594 9924
1399 8929
9028 9194
1766 1850
8839 9244
7417 9369
2595 7724
8916 9621
4806 7401
4097 8998
9428 9597
2940 7895
2866 9808
7612 9487
2452 8919
8743 9429
2773 6849
2464 9912
5111 9678
7069 8679
1685 5717
8783 9699
1747 4742
3325 5933
2976 7845
8013 8053
7064 7911
9846 9921
3330 6847
4695 5694
8421 9251
3808 5686
3396 9268
8782 9659
3299 9175
898 9790
2126 5881
1624 4860
9872 9894
4380 5466
1198 7590
8202 9661
3369 8164
5665 7514
2191 2923
4614 5283
9035 9823
5086 8075
8336 8558
4961 8260
3853 7810
93 8878
8973 9445
3830 6741
4077 7330
4772 4927
7470 9586
3918 6354
7940 7989
9949 9964
8046 9371
7408 8131
8185 9408
3256 7607
9405 9436
4427 9044
6960 8939
3363 6604
115 4894
7176 8957
5355 7024
9344 9916
2484 6955
5857 7980
3798 8881
39 5049
1078 5628
3316 9769
8849 9553
4374 8806
3478 4946
6609 8952
571 4839
649 3699
975 5673
3400 9499
3679 5723
1461 6324
6459 9945
7836 8493
5162 5516
4790 7211
7751 9506
14 5317
359
7905 7539
2386 69
5042 2692
9895 1315
2094 1285
1827 1043
4250 2981
5972 5337
5688 5426
6236 5631
8325 7527
8431 6095
238 107
8245 7056
3674 3264
9732 3392
4401 671
1206 1091
8848 400
6113 2220
9229 6785
5878 5864
8251 6116
8351 3685
883 429
917 512
6619 5307
715 15
626 137
30 19
7872 104
2479 2300
2065 150
320 195
8900 3884
4603 226
1700 79
3607 2069
2963 1349
9391 8624
7933 464
9195 4976
5106 404
1786 1244
5573 2125
6286 4453
3666 1544
1813 334
7100 6153
9477 2446
1649 1614
1040 714
66 1
826 459
3378 1999
7141 6422
2343 112
9698 1178
1675 1431
1531 901
9982 1707
3490 3042
8117 4885
8719 595
9893 5036
1241 1017
3599 2920
8311 1744
3803 3237
8256 4141
2050 980
8633 7835
4247 2419
6139 5070
2503 202
2862 2853
7436 2156
4114 2633
1169 274
487 246
7267 6289
1839 689
8480 7184
636 527
1476 804
5800 2369
6524 3883
5595 1603
3192 735
6807 2058
2539 1653
7497 389
4570 1025
3122 339
9094 5939
5982 1402
422 10
2378 871
7904 817
9368 3673
5636 2671
3841 1479
3834 2297
8745 2257
8287 5754
7784 5452
3047 2779
3611 2055
2432 264
6630 2815
5045 4621
4262 4251
7816 5013
477 223
7142 4940
8605 8534
4338 284
7273 5650
6549 372
6660 5746
4428 1957
8308 3488
9853 9738
1668 1528
6867 6172
116 92
3605 2869
6294 3454
5845 2777
2683 2246
4728 2881
3632 3053
6589 4932
2467 2456
4906 4051
9319 99
3970 2656
9049 599
4500 1010
4312 478
1008 496
7089 6055
4762 423
2347 1362
5962 3627
8978 997
4867 544
9670 1816
8234 4979
4478 326
2007 184
5756 5173
1648 1355
2359 1934
329 169
9247 5926
6659 5888
7649 3263
4895 1930
5747 4424
517 511
3009 1228
2292 1245
1070 480
3105 1202
798 656
8019 2181
784 644
2063 768
3322 2925
1282 1122
2426 1066
1541 220
2273 1112
6251 3149
8601 6526
7009 870
3893 1737
6207 2533
5296 486
6007 68
9502 2753
2495 759
7737 3630
4132 1382
6647 3554
6872 1225
4503 4112
5413 920
8203 3160
6360 1872
2722 1879
1925 381
5602 968
5024 2897
9383 6859
902 811
7389 6310
1923 823
4096 452
2217 856
3827 2476
5647 3127
230 21
4116 3616
245 37
186 109
7212 5171
4451 2070
7454 6156
5510 1253
2929 424
4181 3345
2508 637
7536 4644
1777 919
2233 2056
6364 621
8569 2323
3236 613
758 704
1797 1398
7348 5101
4149 2549
290 216
4599 1708
9022 1002
9302 3426
6249 3838
8833 4682
3156 816
9973 7091
7494 6191
3436 2554
861 638
9314 7186
3952 1538
559 332
4902 235
9558 7763
2750 1532
5880 4882
388 359
5231 2599
3119 2643
373 213
2091 50
2135 1795
8520 1049
9845 9450
4548 3619
1582 1551
4817 4507
1942 138
8328 3930
9113 5944
6227 1344
1095 491
4090 1792
4963 4207
9556 2518
6276 5419
6533 3116
4239 1889
5011 2008
8361 7886
3680 2254
2496 1634
2418 2206
2832 2196
2266 1662
3422 1989
6362 6332
2965 814
5068 2746
6986 1058
6669 3597
6298 3532
2893 1492
5261 2022
9027 6513
456 201
5399 3349
4798 2412
1695 1038
6391 3338
5905 4668
6789 4043
2855 1518
6200 3638
3293 1039
9170 1348
4293 2362
6595 1487
876 118
4761 1336
4044 661
7284 1635
7461 6071
521 276
6553 1033
4536 1666
5316 4402
5819 4192
1722 13
6480 3375
8086 560
2165 267
880 830
60 12
9213 1782
2204 1788
6421 3335
4065 532
2688 722
4830 3579
1847 1396
3170 402
5050 1581
9958 1009
9568 5629
3103 2846
6939 847
7863 7588
1054 866
3755 1950
4948 4160
1894 1856
3480 2498
5353 2275
1485 641
6054 345
9154 3598
4138 1031
5157 3336
1201 1115
8497 7935
5159 2812
4525 2301
2521 2459
9667 1761
282 272
2826 371
7799 5565
5453 2146
6280 4722
3958 2061
2394 1652
1542 16
3164 5
684 175
1249 904
7633 6519
6027 5096
7359 2791
9691 7788
9070 4889
1435 1393
490 167
