813
582 6800
9499 9535
9036 9046
9410 9502
1802 9006
7489 9925
3257 5447
3767 3998
4444 8462
4111 9234
1881 8243
8192 9272
3408 7856
4650 6802
9957 9966
1144 8362
4284 8685
1953 3562
2344 4494
2260 6585
2770 5362
7612 8222
3428 9054
7001 7999
3923 6133
9024 9161
5569 5769
6912 8097
8553 9029
2383 7786
6178 8653
3655 5658
7288 8582
9162 9242
4847 6418
7356 9394
8546 9522
8157 9615
3452 5979
4082 7343
1445 3931
1589 7040
6265 7284
2319 4216
1917 5809
6130 9916
4356 4651
5278 5564
9464 9950
9241 9726
5710 9896
8270 8300
6890 8335
4987 9207
8464 9630
293 6250
4390 6557
2017 8369
731 1301
9945 9977
1036 1705
1381 5476
9367 9789
2708 3812
3336 5558
1137 1549
4954 6977
279 2543
1909 9431
5111 7159
4982 5409
2376 3917
9832 9996
1221 8329
7145 8174
57 7004
2481 9500
1839 5812
675 7868
8803 9419
9456 9584
3678 8379
9060 9580
2479 3851
8655 9390
462 5808
7214 9663
2421 2860
8096 8260
7043 7413
8451 9320
2316 9010
4811 6175
3116 7465
8612 9121
2452 7995
9132 9758
8109 8317
7087 9831
850 8549
757 4285
4031 9805
143 8394
2719 3960
8465 9568
84 7101
5755 6621
4778 8817
1995 3520
2585 3563
2535 6683
7230 8209
5938 7031
2335 9585
9665 9749
1420 7409
8255 9892
3819 8330
1025 4664
2272 5110
8530 9989
8675 9732
6617 6674
6388 7601
4934 5716
5539 5599
5796 9087
475 4296
3196 8244
5696 9716
5500 7431
7747 8734
9090 9559
4417 9795
6107 7595
1088 2692
3605 9018
5510 7767
5872 8324
7100 9555
3606 6397
1260 7022
5966 7670
7048 7424
967 4297
7266 7578
7968 8868
3154 5894
8713 9748
6869 7890
8333 9164
5472 8541
6906 8494
2122 6821
1556 9496
4626 8284
3459 8934
9938 9969
1667 3579
5660 7911
9669 9685
1429 1639
5210 7242
9633 9810
1047 7720
7135 9068
356 1682
569 3681
7990 8989
5397 9479
7587 8193
8325 9842
4049 7352
441 7388
670 864
9329 9493
1809 7395
595 3811
5473 7573
721 9854
643 3623
4983 5439
8117 8343
8762 9779
9209 9581
8829 9639
108 2679
4203 6983
2644 7844
5412 8722
4884 6789
4311 8043
8930 9614
4345 8023
7434 9918
2023 3301
7498 8799
6017 8088
3964 6877
8493 9943
915 9558
2164 4460
7010 9868
1860 4019
6524 7050
2951 9513
7235 9891
6941 8974
877 5197
5199 6978
9902 9985
5722 8189
9994 9995
3052 8148
9730 9850
4601 5532
3335 6300
6353 7241
9812 9953
4361 6791
2478 7797
6475 7970
2391 2820
2286 8162
9375 9929
9838 9860
4208 6824
7972 8403
9236 9485
4732 5370
9565 9643
6207 8973
8581 8597
4486 6638
8132 9578
1361 6893
8767 9202
8657 8699
9251 9746
2620 5847
8126 8786
1876 6186
8272 8656
666 8936
2525 7191
2792 7245
7600 9883
6007 8700
1255 5844
2774 6296
8163 8725
6499 8774
1712 6662
6634 8090
2823 7508
4353 6216
8796 8991
3371 8602
8165 8777
6078 7121
211 5864
1793 5185
1357 5544
2197 5884
9388 9623
3512 8952
6187 9534
2547 4030
3934 8084
8207 9176
6779 7530
1167 4833
238 5482
8339 9474
6329 8412
6112 8274
1959 6094
4364 5907
6914 9421
259 2031
9708 9937
6970 9607
1231 6967
5069 9796
9655 9984
2009 2728
6573 9213
9442 9562
737 9117
6819 8859
1653 2642
2699 6088
2830 8008
4665 5957
4385 5910
7078 8159
553 8844
1009 2325
1686 5361
1234 5097
7156 8064
916 8398
3626 9542
1122 5074
8504 9089
4639 4681
6925 9592
312 3863
5335 8476
2513 9240
2548 9602
2422 6734
6171 6816
5296 9747
7542 9973
8949 9376
2406 3869
8011 9567
3799 9171
4547 8340
970 6394
9525 9813
2722 6640
7332 9958
1757 8825
903 9153
4305 8637
869 5291
2080 8036
7721 9498
894 902
1543 3742
2640 3517
7037 8160
1236 4804
4941 8527
1294 3216
8168 9922
8361 8905
3826 4097
9154 9344
7799 9882
556 6405
4509 7081
3679 8420
1312 2454
8887 9541
3585 7931
5414 8098
3697 7194
5649 9239
871 9480
2106 2825
1127 8027
7240 8569
95 4277
9231 9768
9863 9930
7280 9377
7456 9360
2054 7798
4928 7617
9354 9409
5800 7534
7112 7562
2045 7460
5017 7840
8619 8676
1722 3298
5834 8164
6768 7754
1195 6407
2784 8574
2538 7565
6304 6351
3275 5422
4526 9686
8853 8928
9675 9861
8258 8336
9271 9818
953 5182
2114 6827
7771 8746
9886 9907
9385 9519
4986 5407
665 3157
7894 9830
6911 6933
6782 9403
2600 5425
5294 9846
3575 5252
1547 3873
8514 8790
5087 9673
4004 8373
1846 2428
4536 8562
9032 9658
1645 3909
4816 9230
2960 4904
8290 9788
4873 8911
568 6469
273 7891
689 1529
7167 7672
3180 3407
9979 9991
9012 9691
9682 9982
8386 9649
9879 9940
9510 9884
3332 9201
780 2490
5432 5555
5636 7832
6510 7180
2800 3631
1669 4859
9155 9273
1223 9339
135 1763
9539 9829
4966 7192
8703 9736
8881 9356
5458 8701
8638 9063
3859 8987
9503 9645
7083 7322
4382 5394
6755 9256
9335 9449
5424 5548
5258 6027
4423 5363
5233 7621
6298 6569
6632 6981
7309 7411
527 7292
2797 4756
3504 3717
5617 8287
2129 4895
4245 6534
2014 6750
3334 4499
9338 9875
8969 9729
6965 8026
1659 5070
5805 9128
3108 4386
4697 7826
4782 5615
5898 8066
1732 9483
9921 9926
5266 5460
4158 5750
6245 7379
8901 9297
2378 5662
7615 8251
1089 7259
9668 9692
5913 7906
2318 6393
1685 2429
3521 5273
7692 7988
306 4441
9591 9932
6014 8012
4255 9180
4343 9136
5989 7320
1811 5142
2631 9309
6344 6684
2350 9981
1492 6896
1675 3413
2252 7978
2955 6697
7059 8957
6937 7728
7982 8087
7791 7804
9355 9934
1383 7892
1230 4410
8607 9097
847 9968
4881 8428
9043 9802
8183 8501
728 6985
7025 9624
5775 7540
6948 7162
4260 5417
6065 9843
4201 7279
2651 4764
4603 8397
4259 8755
329 3033
2181 6650
4613 9094
9783 9919
8295 8717
226 355
8826 9095
2245 6942
14 2167
3331 8906
6934 9709
9556 9683
3068 5058
3643 4349
1559 8661
6531 8049
989 1947
321 4495
364 7147
7244 7642
9159 9217
2910 7223
834 6541
2456 4141
245 2756
9659 9962
5042 8106
4556 5039
2185 6583
1456 6043
4402 6283
1619 3454
4328 6218
411 6957
862 5600
7758 9517
8961 9620
5814 8299
4287 6301
9704 9718
6837 6849
8498 9066
1849 2557
8223 8389
5721 7778
9274 9696
8363 9606
1555 5883
5405 5978
8880 9980
3330 6501
4185 7807
8831 9296
2305 5655
8311 9560
5584 5970
4918 8636
4015 8024
614 3985
540 5687
6681 8522
8559 8811
2135 3109
1064 9318
3496 4073
5226 8753
402 5891
6494 8793
3383 9257
2846 3077
8054 8120
9612 9688
6423 9701
1280 6615
463 8265
9453 9745
4771 9885
9249 9664
3651 5650
8456 9727
4448 7374
3032 4795
1192 9506
9038 9222
9695 9961
6204 7267
2295 9554
6758 7453
2709 8525
2569 3893
2153 8610
5332 8758
9408 9803
5508 7858
5474 8429
133 6720
5322 5885
241 4435
3627 7385
6193 6314
1996 4205
6935 9276
3602 4372
5228 9379
6149 7403
9773 9933
7218 8577
2667 9050
7779 8871
2607 7119
27 6715
3491 8716
9330 9700
1825 4773
1816 6829
8986 9906
1537 8495
2579 7091
1910 6742
1970 5285
8775 9661
5816 9280
4618 8383
996 8843
8466 9582
1501 9247
2413 9181
2442 4120
6980 7386
5149 6205
4108 7753
5217 5852
4648 5627
7375 8306
6437 9055
1740 5698
9466 9894
3302 9430
624 7150
702 5861
993 1520
7660 8266
2827 7404
2686 9082
9491 9722
1948 7455
2123 3671
2094 4612
5267 9435
1931 6589
7836 8438
9109 9970
8950 8979
8076 8721
7190 9278
4814 6153
1473 6095
7390 7418
4170 5640
7662 8208
471 2419
6325 7340
3458 4548
653 5630
9754 9986
1552 2796
5303 6859
7887 8129
3993 9020
9508 9741
6955 7289
2189 7105
5756 6168
4532 9955
5689 9413
4484 4668
4363 6356
4535 5161
3187 6219
8510 9569
1578 6202
8338 8587
6938 8297
9924 9976
9799 9904
1434 9277
5264 9767
3162 3770
1950 5047
449 9357
6781 8815
8912 9913
9294 9380
4848 8247
978 3630
2232 4817
5782 5829
6701 7977
4457 5384
4050 6940
287 513
1557 4579
5743 7739
4251 7581
8422 9220
683 3989
6539 6705
2339 6988
7384 8630
1929 6542
4978 5925
1237 5020
5119 9433
2450 4598
4565 9152
1805 4619
9792 9804
4371 4608
2432 6969
4570 5352
6856 9678
4247 5767
7620 9987
9744 9871
7644 8968
2952 3295
4047 8037
1833 8902
6100 9637
7580 7901
2610 4068
7093 8390
4542 5145
8748 9365
3910 8286
2110 8198
6592 8651
5400 7693
8474 9777
6034 9144
950 7683
1433 5960
5293 7371
5491 6244
3305 7956
1288 6190
8594 8692
7210 8608
9521 9954
3091 3226
3346 4294
9438 9527
1068 7021
7640 7942
3675 6434
6798 8623
29 1309
2976 4851
7207 9444
6759 8784
867 6682
5354 8840
7444 7895
6213 7567
9731 9775
4772 7838
5937 7975
6685 8181
2493 7923
9275 9808
5157 8477
3988 4286
6776 7269
741 3094
125 639
8613 9417
446 9039
5456 6567
5694 9399
5753 9177
2564 3219
162 2484
3159 4196
8068 8756
403 5880
7761 8917
5524 7425
1180 7189
6818 9244
6247 8819
1364 3532
2503 9640
7060 7336
8487 8666
221 7127
6532 9214
89 6035
2261 6144
7865 8571
407
3395 723
3966 3444
6173 5168
3249 1517
3754 1845
4400 2487
7783 6665
1104 18
9698 2082
5841 2863
5522 881
8221 3549
1579 1103
6073 1091
7392 1436
309 70
7724 4380
3946 1214
9874 7559
1425 748
9720 6626
6379 1878
8101 2673
3115 1352
8040 7593
5272 3995
2035 191
1892 271
9412 1693
1642 21
7547 103
2300 1
1776 926
3731 976
3074 231
8719 461
6053 3047
1508 40
5772 2230
6214 2368
1163 725
5083 4964
5783 5193
2296 586
2211 1940
517 288
1915 1862
9573 6252
1090 591
8153 1112
6184 4334
6850 5309
3004 488
6570 5672
2841 2271
2999 372
5591 2987
9840 6974
5231 4192
7619 4168
794 53
4735 843
3001 2783
4574 964
7841 6822
6256 2095
1470 615
6529 4070
9364 7954
1598 169
6854 1911
204 171
3608 3264
2317 2004
5386 78
4378 1618
8715 7834
688 423
1129 406
8672 8176
5909 3567
8988 3420
859 159
6089 3969
4621 2089
9398 1581
3559 491
1624 229
3060 802
8433 4649
6115 5459
2399 181
6566 2832
4591 1360
4658 3405
2067 1593
1586 1121
8698 6306
9027 8532
6973 3777
3854 3121
2925 1702
5247 3113
3673 1028
4477 510
9197 1575
3253 1359
2408 274
8013 6786
5225 1594
7815 5128
5556 806
1299 1012
9734 8061
563 240
2118 813
7307 6538
3409 2650
8042 7064
2448 1810
8080 3760
1387 936
3182 2206
4922 4894
7415 625
7725 3470
9226 8285
1820 547
1489 123
8690 8359
1958 958
1590 1572
9672 9269
7224 4325
2079 1428
1466 796
228 148
1565 1446
9122 7338
4106 1389
8835 2267
1654 1153
8704 3682
3920 3303
9610 1326
8693 7873
5071 2280
6026 3102
1313 578
7065 4388
131 31
7372 1078
1637 1205
5748 1916
8044 6018
1615 885
5914 1968
5768 4843
9210 7661
9963 1582
480 214
7433 3005
6163 4871
6728 1246
1402 891
962 209
7821 7473
8783 7399
4059 276
2340 1790
3632 2435
4824 1979
6223 2981
4338 3366
2200 811
2984 1344
2002 1993
2412 941
3719 1306
8572 1161
9104 5959
865 249
8226 5860
5246 2904
6328 1554
5576 1468
4946 3693
4276 414
96 51
1859 646
1688 539
7945 7273
2956 2609
6368 2776
6234 5570
7749 4970
6138 1807
4573 1021
1930 920
3756 2397
4291 3933
2965 1016
377 152
1691 1014
6082 5195
6275 5260
5807 5764
3782 1447
649 247
4809 4312
2309 215
5969 110
8993 585
3082 2098
7877 1662
4455 2287
4162 3006
1987 66
1324 848
5727 534
2746 452
5994 2550
6028 5475
9158 2247
8983 7691
2243 184
6191 528
2359 951
7157 4425
4690 119
6997 6055
265 222
5552 3815
2748 1487
2509 1949
6612 2440
7802 1046
5188 1665
9120 4143
8069 3590
9315 5965
8470 5942
7811 5480
870 598
8801 4834
5538 5001
5455 4238
1627 147
6264 574
4602 3835
6188 2781
6580 1969
2843 682
5572 4039
1731 1332
1817 327
3601 3252
1150 1113
8158 341
8502 3152
9441 6545
5190 3124
1741 374
4459 726
9833 1307
6605 5029
3363 1516
1515 404
301 60
3986 991
7920 3450
2541 82
3149 35
8213 2346
6037 2433
6016 4476
9361 2738
8956 7030
2949 1737
5290 2415
1086 150
6504 4156
3312 1404
4669 2733
2836 1020
5178 2753
6548 5659
375 281
5806 3991
2441 526
213 79
7957 612
6274 4920
4198 1229
4636 2501
9172 6986
9023 5930
2324 1070
3300 2392
5927 2188
5911 5116
1390 975
9564 3738
4765 4083
2768 2028
6419 4267
846 86
2183 1001
9282 7560
7483 208
6770 1936
8034 1621
9714 7448
5133 239
650 151
7452 2852
7094 3950
4389 409
4623 2485
758 627
7953 7085
8795 3669
9888 9824
5642 1844
7271 1944
3797 2958
4660 3874
5450 2795
1334 717
3662 1695
5712 4155
4515 1725
8883 366
2282 770
8778 4145
7533 3832
6660 6196
5311 5099
704 268
166 154
4581 2704
4539 2323
529 315
5036 2451
3473 1374
4333 1353
6840 5333
4739 3390
2583 1561
9305 1717
7641 4017
9250 6852
6486 6483
5319 1350
9715 8605
6478 3684
6025 4827
4053 2875
525 187
434 324
6898 635
6183 4685
426 373
940 795
3461 606
2908 197
8903 2193
4067 1065
2381 2047
319 101
7394 376
4599 3546
3658 1743
381 71
7709 6473
8954 3297
7655 4810
182 17
6578 4887
6932 1806
3325 1629
443 357
413 185
4944 3534
105 80
5588 5428
6162 1922
2253 62
9308 597
9327 5946
1716 762
6496 2085
2669 1670
7491 6706
1056 1002
6572 512
7354 1347
1132 826
9801 8072
5019 3794
4779 2498
1145 628
1773 825
9373 1524
8351 5192
5876 3906
7768 4930
