979
5699 8517
7563 9499
3138 9275
4287 9956
5147 5540
8676 9670
8332 9454
831 5901
4021 9178
1188 6474
9267 9398
2200 6286
2699 6239
2237 6557
207 6271
5790 8970
7304 7897
8508 9237
9658 9907
7455 7699
1056 6717
3572 7647
9189 9475
7207 8400
2410 3382
1679 5651
4772 5687
4035 7397
2765 3239
6884 9092
732 9375
1513 7334
7331 8734
4526 8720
3282 4363
486 3781
9154 9260
3195 5665
5252 8654
1357 2662
8998 9058
1017 6990
4853 5939
4584 7146
7263 8575
1868 8179
7818 8379
2434 5277
1899 7855
8369 8543
5630 8259
1427 2811
2537 5129
362 6706
7421 7478
9578 9664
9593 9856
4297 6080
6167 9770
5978 8558
1603 6974
3164 8024
870 6399
5236 7038
9321 9452
8478 9365
9086 9338
7623 9638
6413 8452
2948 3054
7560 9227
1115 1731
9930 9970
2 8693
4452 4993
584 8557
7654 8118
6488 9374
6669 8278
1760 4660
5568 6854
142 3873
3890 7637
1247 5847
6317 8777
4967 5769
163 5276
367 6650
4371 6937
8167 9586
9495 9687
895 2731
1530 5544
9929 9971
5364 6866
2993 3358
8714 9048
4667 8076
3049 3839
5507 9200
9967 9972
5970 7609
9585 9597
9799 9825
3349 7883
5245 8404
9622 9641
6910 7378
5280 7446
5457 7899
5482 7364
7425 9393
8965 9112
5883 9333
7348 7383
3838 8870
4624 8403
7749 9179
1997 2349
2841 2914
9263 9264
7979 8924
8131 8391
7865 9893
2876 9382
2487 4858
1211 5792
9121 9672
3347 8808
891 1864
9996 9998
4105 6908
6201 6693
9941 9965
1778 8271
9238 9966
6447 8839
2054 8868
843 7458
2083 9653
7639 8665
2479 6983
8381 8567
5933 9456
8606 9915
1376 8488
4659 7015
1132 2386
2733 3251
7800 7934
9713 9916
1268 7486
3119 5815
9526 9588
4550 7902
484 487
5365 9865
306 5172
536 8342
8 567
8847 8969
2997 8132
1820 3255
1927 7477
81 8550
5418 6570
5204 9667
5392 9791
2125 8731
5168 6156
6400 7935
4141 5954
9174 9535
2508 6992
4883 7151
915 3832
3357 8181
9879 9963
1657 5905
4245 6903
9101 9714
2617 9543
5015 7491
8916 9767
6409 9432
1807 9491
3819 7467
9645 9961
2415 7253
2095 8330
888 5763
7438 8291
3279 6327
113 7448
9720 9924
5283 7987
8992 9334
8173 9708
6716 7636
1561 4223
9990 9993
7516 8598
5886 7693
5867 6316
3632 6158
7519 9832
6346 6773
109 3418
7894 9035
5441 9679
9921 9978
4728 9507
8725 8869
7113 9023
6435 9867
8000 8854
1638 7312
95 1291
9113 9443
4768 8244
1943 5584
1782 7959
5722 6845
2935 4175
1048 5048
7554 9122
9239 9412
6524 8037
8721 9282
2965 9816
9707 9898
4639 9724
7367 8917
4043 6623
1118 6516
3602 6542
6663 6722
6057 8056
4604 9250
2862 4973
5560 8959
1570 3867
6893 8833
4849 7709
5643 9914
8587 9999
3136 4384
3431 8009
7798 8844
3179 7322
9467 9666
7842 7901
606 1515
3633 4031
9528 9743
1687 4218
9339 9518
7109 8022
4991 8250
8170 9980
8134 8885
8997 9212
1231 6735
85 3579
3028 4379
166 9847
1924 3202
1288 1615
370 7368
2752 8156
4343 7400
4706 5593
7543 9504
1177 2392
1422 4255
9849 9975
7528 8103
8695 9590
2061 4900
9604 9794
2632 2918
2405 8705
3691 4819
4662 7933
78 1378
5536 6575
4676 6427
8313 8539
400 5260
6602 7395
7713 8773
3059 8176
1108 7917
3835 9699
575 3458
7115 9684
8603 8914
1548 8791
847 5284
4308 8650
3428 3583
7870 8707
8172 9994
4603 7689
5369 8230
340 3191
9353 9836
4473 6056
5348 5829
1610 6146
3574 5804
5333 7893
4997 8892
4712 6842
4074 6597
3455 6558
2539 4965
1534 9145
6962 9192
4737 5403
541 961
9295 9727
787 4773
6364 6418
1185 2710
901 6577
2586 5545
3326 6034
6421 7794
2830 6109
724 6984
3549 3647
6938 8318
7839 8243
7289 8158
8545 9810
4419 5137
7174 7736
2900 9465
2251 3003
6371 8830
5366 8216
1736 7075
2102 6620
6325 6508
9706 9901
8438 9703
7755 8155
5169 7608
7357 9216
9962 9989
1577 9594
3025 9262
6333 8560
9665 9729
2282 5440
878 1647
2942 6213
4064 4850
833 1789
839 2802
6513 9271
5071 6282
5783 6026
7727 8016
8896 9461
5005 6803
5816 9107
3760 4221
9002 9029
981 3866
9044 9761
9164 9751
951 6737
9323 9489
5460 9577
699 1862
6231 7226
2649 4884
4083 7221
3879 6514
2517 3894
89 1677
2383 7320
5456 7017
3186 4615
7634 8389
4505 7907
8207 8590
4466 9900
8895 9888
117 6752
6443 8292
6077 8633
8136 8747
3141 7854
3023 9906
8154 9182
8166 9676
2081 2666
341 8410
3626 5952
2096 5312
8955 9001
9554 9809
9828 9852
9814 9839
2679 7685
5315 8469
4855 8939
5491 5653
2964 3402
1425 3321
4654 7294
467 2967
1946 9688
1275 6985
2297 4933
6411 8851
7071 7936
705 4789
1233 7606
9224 9910
6567 9753
4265 9682
923 5609
4815 8499
9367 9575
8358 9370
2494 8540
6805 8031
8743 9311
3616 7508
1461 3653
6736 9789
54 7620
2382 7029
5478 6603
1948 5061
1669 8525
1035 6101
6899 9523
3010 6177
4319 9199
4929 5477
1226 4159
2174 5114
2678 6776
450 2100
8231 9230
4360 5520
6679 7680
7107 8566
3364 3968
9817 9979
9781 9876
8753 9927
2032 7858
6895 8551
8187 9502
3130 6909
8908 9589
2787 7494
6672 8675
5328 7177
3810 7715
9795 9842
3200 6593
5638 8356
9220 9579
2559 4916
2443 9807
4710 8684
4518 6674
8225 9539
4070 8171
8326 8718
3429 6063
5773 8174
6292 8699
2368 4613
2144 4774
5192 7742
2288 4231
4049 8792
3386 5379
2524 6341
4179 7459
3593 4116
5921 7754
5026 6634
8761 9576
5659 6750
1945 9484
441 8697
6331 9067
4041 8145
6241 7670
5246 9176
2970 9026
2071 5466
6430 8202
6997 9380
2421 5915
2498 8889
1183 5483
832 8359
1719 7898
1582 1761
7921 8265
7216 8059
44 5681
4803 6457
3497 3972
2867 8361
5704 7741
8805 9021
7613 9912
2304 5247
1330 3158
3057 7958
250 5098
9710 9947
1661 7843
3576 6401
6178 6847
5448 5998
3967 9215
8226 9158
1942 8859
6141 9958
6002 7757
4517 9937
1855 7230
6309 9655
2400 7941
3325 5358
1182 8253
5077 8724
5257 7852
7054 7497
7719 8589
8246 9716
7370 9325
1321 4720
8995 9634
1553 9462
3582 4596
4346 9422
9821 9913
5823 7635
8127 9939
3077 4560
3163 3488
7225 8653
6329 8419
4609 5174
5723 8049
5742 6287
6628 8375
928 8757
7408 9322
4071 8785
757 5778
2245 3474
6406 7537
14 9361
3139 3864
4908 8712
1262 4642
932 5904
8012 8414
4454 6070
7224 8311
5194 7200
4224 6306
6810 9490
3264 5513
5295 7702
1904 7470
48 2306
3532 8283
3639 7248
8177 9986
9628 9895
5877 9764
5492 8781
9530 9722
2926 7830
4566 8120
6455 8077
3927 6982
4092 4944
4145 8780
5296 7882
815 5092
8907 9612
1084 4166
2552 7428
243 1225
4112 7850
6280 7612
8740 9468
2718 4684
9141 9681
7061 9447
2974 3524
4502 9563
237 3174
3060 6379
5099 5139
9405 9649
1408 4704
8161 8946
2295 2551
2780 8039
4402 6975
59 6135
8631 9288
3214 3756
1398 1578
4430 6008
307 3426
5826 6510
5464 5981
4636 6961
4927 6389
4511 5523
892 9041
7385 7572
5281 7306
4220 8979
3728 6031
1690 7251
1843 8423
7415 8752
8094 8921
3606 9536
2082 3064
1627 7750
4072 9205
8430 9074
9527 9837
277 1620
2489 5844
1010 1663
7744 9381
1352 9892
1154 1278
7768 7964
1930 7530
7661 8958
474 3687
5272 7264
7293 8188
2064 6484
7814 8294
8434 9292
783 8623
7277 7319
3698 8911
1611 6419
4066 8249
9800 9884
3591 6189
3172 8441
477 9032
1024 2264
3491 4780
1748 2864
8293 8987
5202 6469
5384 7488
2979 3047
1720 2134
9648 9945
6995 7511
7014 7542
5599 8297
2470 4188
6689 8492
4820 6848
4966 5494
5500 5818
1747 5764
1042 4276
4527 8147
3922 6719
5535 7821
8782 9369
49 7874
9111 9244
4616 7020
2227 2309
2897 8552
8528 9309
1694 5516
5062 7255
1284 9105
281 2023
3888 4743
9783 9806
8183 9618
6188 9471
4025 9439
4963 9137
5531 6714
1959 6551
8756 8810
3246 6203
1140 4129
3861 9625
3772 7922
6584 9157
829 5226
9458 9926
1642 4951
1283 5352
3769 9815
573 1463
8584 9776
941 995
6765 7567
7621 7787
926 6233
5404 6904
2409 4981
1195 5319
1310 2292
9126 9551
4854 9433
5118 5215
5510 9335
796 1113
1966 2562
8081 9621
1763 5376
9862 9887
1827 9508
4809 8891
7247 8466
698 4497
2941 6452
9742 9872
3923 9596
2580 6028
1894 7594
8894 9704
874 9905
6666 9134
7884 8828
8972 9513
6212 8146
2906 3355
4669 8602
1200 2404
6862 8544
3928 7605
1856 7341
3592 7813
4536 8306
7227 7869
3590 8354
9614 9669
9492 9922
1219 9305
2468 7942
8437 9088
6640 7640
2791 3553
5929 7888
6700 9081
4562 7127
8771 9559
9472 9754
8548 9533
6728 9406
8029 8713
3905 4194
9775 9870
5016 5942
97 3297
6255 9869
2329 9732
7399 9555
772 6200
641 1204
9547 9565
1874 9772
8164 8459
4161 5043
4682 7778
9184 9385
1100 8011
144 9944
8622 8636
2172 3827
6538 8960
7309 8663
2500 6587
2716 9229
7474 8099
9394 9739
2669 5140
9793 9848
8165 9656
7431 8133
2615 4665
1486 3271
5261 9511
1073 7296
8611 9163
7880 8530
7011 8370
4656 5944
2956 9546
2155 3785
3770 7607
2984 5663
614 1885
9782 9940
5106 8261
5782 6742
5014 8112
4503 4942
421 3764
4023 9659
4011 7927
7743 8698
2384 6914
8320 8849
1841 4791
7791 9482
8888 9233
2190 4158
1220 7496
4490 5607
680 5822
4847 9529
2209 6686
3999 8620
4110 9128
9552 9871
907 3229
2177 3603
7098 7765
540 9733
5935 6082
6933 8392
7836 8256
9080 9285
1482 8531
4699 6266
9083 9613
6732 8820
1256 3478
9890 9987
4872 7683
8013 8333
8115 9747
3422 5374
1492 9478
957 9098
7983 8282
6462 7988
2186 4456
230 1975
7747 8555
415 2711
6480 9151
2651 9936
9831 9935
8367 9337
6549 7307
5565 7807
9738 9853
4178 8827
6259 8220
3333 9063
8219 9351
4146 9741
4033 4633
1666 7692
6616 8716
3518 6631
792 3735
5596 6698
2088 3022
2751 7316
7135 9774
9123 9954
6328 9580
5810 7810
7831 7967
2055 7131
7215 8130
2887 8814
2598 3962
1106 6682
1222 5958
5650 9195
3154 4860
6302 7809
4556 4573
3998 9342
8412 9444
1598 3681
2194 3288
2391 3034
764 4975
5271 5409
5227 9097
6972 8985
7094 8189
5291 7147
1721 5625
2231 7681
8538 8943
5751 6869
8395 9823
4509 5266
2483 4015
4133 5589
6770 8387
7677 9768
3600 5167
7739 9584
7745 9143
3506 3762
5817 7055
9749 9833
8569 8671
3329 4325
5940 9219
192 779
5504 9514
660 3715
3370 4097
5059 8157
5443 9062
2169 5897
5390 8879
4554 6813
4520 9779
6137 9834
2244 4591
9234 9542
1128 2478
8415 9558
6973 8153
9692 9721
5836 6647
8035 9131
6180 7379
3323 7714
4547 8619
890 5435
5108 5648
5598 7440
2788 8186
4204 4814
5786 9350
7718 8269
5990 8373
3197 8722
2599 7202
8483 8902
3652 9607
9364 9701
9863 9896
5985 9425
7422 7851
1683 5775
5039 7485
5706 6037
8687 9487
430 6953
6160 7037
3315 9119
904
954 652
9620 8627
5913 4971
8519 2577
4374 3746
2838 1491
856 302
7427 1202
1689 1516
1088 608
7767 2665
8920 3123
776 669
3406 1675
2510 577
1722 997
5186 3826
319 162
410 366
1795 531
1194 517
6859 1129
8668 5212
866 445
4130 3219
6991 3891
8464 556
2840 1955
4416 1641
4356 2427
9643 4685
8865 2150
247 184
9012 6049
6131 532
7986 1688
4677 205
6337 5401
1678 151
3912 2355
6799 23
4670 1893
7784 2429
7945 459
4128 1562
945 524
8614 2203
5926 667
1839 379
5326 4474
5631 2611
4148 3996
5811 5254
9951 3969
7650 4398
1498 1326
7046 1438
3171 2037
1037 87
8284 3805
5070 4269
4 3
3443 1158
1003 242
5197 763
7405 6703
8102 5131
734 313
5597 2624
398 333
3165 2046
3920 3037
4512 2416
1402 110
7359 3657
7947 7121
6248 4960
663 90
1013 706
4348 2076
4397 2767
4645 2607
294 160
1919 1045
1365 125
5693 4491
4896 1454
6520 814
3702 1751
5105 4275
3608 2418
2314 32
4045 2499
3021 3008
508 422
4904 3466
5055 4232
7450 785
8874 1712
7483 6784
5188 4563
4082 2810
1837 741
5346 973
2270 180
2286 834
7655 1426
2518 2085
8065 2727
7157 69
2298 1693
8221 4672
5537 212
4285 1917
5386 3058
1346 748
9421 8750
9693 3041
2424 1265
5045 977
8512 129
5391 2033
5772 5355
1589 696
1978 1968
5657 958
6576 852
2734 2333
4661 679
1368 388
4439 3073
7097 1745
3564 633
6415 1503
34 15
896 349
710 146
2290 1327
4695 846
5434 2775
4084 3786
9583 7565
4389 2852
5335 3373
6023 2225
6651 4946
7641 1811
4694 2769
7657 742
2211 526
2343 601
650 172
4805 2486
4610 3701
9291 1114
6701 978
5747 4309
5123 4747
715 352
1701 904
6642 1206
1749 1394
527 246
2831 2356
9255 4646
8754 622
1093 203
4067 3106
1650 666
3487 2229
1629 161
5406 4298
9140 342
2803 1814
6221 4500
1953 1312
5306 5084
9402 5854
3849 1255
1289 625
9149 7117
7980 582
1167 413
6865 1379
6187 3319
8789 2065
4436 3777
7336 3503
8298 4839
1199 1064
5037 2659
50 28
4088 1215
1890 1296
8168 3356
3571 121
6838 1660
3709 2077
8715 149
8873 6439
4867 2872
3501 1456
7617 65
8511 7895
6601 438
6890 1027
4792 1759
9964 9202
8574 2868
5745 4432
4881 3858
7900 6281
6846 4061
5211 1075
6425 5316
5972 5808
8764 6952
1774 1171
2307 73
502 393
8227 7703
2526 599
8635 3342
5733 956
7652 2337
3381 3313
3227 3208
5069 1504
3480 2999
2591 1168
5263 2555
5666 1674
1980 1956
1384 494
9509 4543
1034 885
6528 4542
4535 903
7737 3741
4653 9
3238 751
6335 645
5461 3367
5992 5397
2796 2746
285 267
8657 4065
6818 416
6117 5857
9428 8502
2777 2652
3376 2812
1508 1249
2184 564
7774 1350
2859 2527
737 196
1636 204
2090 1797
3516 181
3459 2758
7116 13
3979 2141
5911 4723
518 103
9379 6541
919 489
2321 937
2657 1634
4219 1596
7575 286
9556 6654
4856 3310
634 314
2823 2170
4763 2181
3266 480
2108 1996
8562 282
7160 4779
4843 2712
1119 709
2698 2030
3505 2393
2573 1104
8310 4448
9047 6924
3317 150
2756 1175
1523 1163
5146 1072
6632 2213
124 80
3545 2724
6006 2960
1556 488
7500 3327
6295 5468
9629 1903
9197 4414
3916 2627
2772 1821
9303 3403
1263 861
6667 1091
8927 1478
7162 6676
7409 52
7576 1541
1528 1506
2845 1510
3029 755
5558 5126
7240 208
6868 850
1672 183
3780 2886
5294 3977
4976 4399
568 171
1173 626
1484 130
1882 836
8377 1218
4663 1681
3521 157
3528 3116
7443 4349
8638 5947
8476 3133
3056 902
4851 244
7189 2322
7079 1019
5858 384
7513 497
6612 5171
6860 5774
3101 2352
5840 4871
2563 1802
4132 295
8421 3150
3791 2612
6888 41
3389 3311
1713 189
3137 1964
5499 3847
93 53
9401 818
3256 916
8040 1505
4890 4100
5317 2153
8287 2360
1547 472
5019 2214
8092 2593
6299 2461
7862 2944
520 455
496 156
5233 3160
7844 5522
9933 7238
3863 271
38 25
3811 519
2875 478
1335 749
5718 1923
2936 2863
8072 3215
375 133
4307 1058
9027 137
8536 7139
8704 7454
7578 6106
411 380
5000 1886
4193 3658
5732 1340
328 22
8054 4438
3740 2399
4177 368
7793 5961
3896 1870
3711 3419
9175 6154
7618 4190
8201 4692
18 10
272 134
308 236
2603 1
2987 1957
4979 104
4362 3475
4598 1571
949 784
8139 7245
2826 1739
4254 98
2311 170
2613 233
9214 966
4742 449
6114 5703
2235 914
8336 7062
8510 4174
3320 707
4877 4640
1976 863
1252 226
4675 2039
735 610
8196 7282
8093 6217
7916 4172
5050 3353
5658 2992
1514 602
4696 4042
8458 6582
6055 1752
5339 4813
909 278
8523 232
3930 3456
3398 2532
8443 2784
3989 1117
8953 7242
5959 4076
7249 3765
2207 2099
6743 4818
574 461
4266 578
1895 47
5750 5474
5248 1230
2566 552
7701 5340
2671 1614
6009 1480
1631 374
5708 912
4122 2460
4429 1053
7847 2754
4715 2938
759 64
1643 1318
1892 1828
8991 5125
6715 860
6677 5846
7134 2212
8801 1676
2962 2682
2066 132
3316 1717
728 215
3095 2285
3132 3009
2395 1371
5995 3541
1385 1305
6507 1279
119 55
2389 858
7878 7183
9075 3274
99 11
4243 2151
5051 4959
4212 1594
3263 546
5680 2326
2293 439
9737 4142
4582 3308
2035 330
5551 3887
8542 3654
675 444
9671 7194
5158 4486
8717 4238
4808 3981
6075 4978
6614 317
6025 253
3415 2761
9459 5956
2126 248
1423 639
9071 1586
2738 225
7611 6350
7522 2829
2176 1040
740 692
2982 1054
516 195
5442 3915
6733 2436
1830 309
686 269
4827 3559
8790 6778
6739 2515
8407 6362
4296 4247
1345 505
5564 2162
2959 2584
693 56
994 719
5301 694
6069 4197
4388 2043
4863 841
7932 5424
1276 512
4812 3450
7108 2673
656 199
1649 1351
2695 1000
7380 2714
7694 1399
5796 5498
2012 498
9824 1038
8355 7412
1101 569
5199 3766
6986 5569
7628 6595
1872 586
4394 3547
2116 794
2294 1906
9221 913
5724 4969
4678 61
8737 7504
5993 2380
9510 5179
7137 1988
4716 3399
4496 2477
190 36
3898 222
3683 3650
5107 2223
4355 1236
6902 6547
8262 6150
9042 8383
1127 585
2221 1424
7138 5833
2448 283
1808 96
312 7
7502 6035
7030 4199
6945 1061
1343 31
1916 1780
8727 5791
9878 9388
4302 238
5645 2768
7081 1436
8925 4171
8148 1309
4435 922
576 471
3185 2377
9036 6323
2437 420
3820 2342
2331 1074
6690 2846
108 105
3162 991
7840 7114
6574 1673
5378 5072
4229 2149
1120 235
4845 4538
6592 3183
8837 446
5427 553
620 495
4196 1529
9039 5870
3417 62
7473 5415
5801 304
7864 2795
382 288
3721 1707
7532 4339
8989 7035
3716 427
2927 1193
6321 1875
7436 381
9479 6782
769 729
1404 523
9392 3249
5684 4686
7724 6896
1865 1169
305 198
3291 1145
1618 1406
5812 3207
8474 5550
4627 1393
555 141
6314 4357
673 528
7406 6359
300 20
3726 3217
3807 3002
9784 6223
9226 3121
7413 1266
5612 4089
8240 6796
6820 1972
6534 1639
7350 1756
2038 864
7335 5716
7006 571
7444 2128
3278 1490
3394 1157
4949 1710
1411 1178
1626 743
3624 2120
1244 886
7759 7180
4477 1551
6861 3134
8280 3006
1655 1303
1328 481
5714 5600
9605 6879
3040 1097
899 733
259 46
1818 284
1391 1135
1363 1124
5170 1991
2819 678
5652 2163
9389 7439
8032 3554
1685 630
7423 5526
3578 1777
8254 3206
3619 2904
1567 1522
7801 1214
7772 4165
5185 4541
550 35
3111 2000
725 158
8053 5096
712 123
4449 1554
5983 5344
5033 3536
8864 5413
3515 3350
4826 3348
9802 6326
2056 1595
5368 2112
1623 1407
6493 3975
3940 2737
5351 4237
7951 5805
6033 4420
6939 6492
4628 1380
2277 2148
6448 4413
3423 1901
9949 9755
4096 1651
1207 1138
8934 5807
6433 3273
5242 2693
1653 1375
5588 4831
4203 2763
3053 2916
3688 2688
4574 2648
558 372
6140 4679
2932 2681
4318 3774
6850 2495
9136 806
9290 3884
1750 43
8751 1348
2860 1790
6801 6125
2921 1331
1552 1489
5064 1448
4418 1201
8850 2074
6198 4558
6246 4315
6718 5918
5574 4068
5305 2505
9144 2291
177 100
5879 3510
6556 1705
258 26
3950 1983
169 128
894 327
7599 3751
703 355
9857 7048
3674 1587
8518 6678
3375 1254
972 360
2538 1488
6027 3563
5640 716
6268 2159
1383 559
187 19
5094 702
5063 4039
4304 2146
3677 213
1982 964
3088 2428
3852 3069
2676 1092
6030 3211
1910 934
2955 1544
4651 3479
8533 777
9408 418
1347 986
967 744
4688 2476
7033 2619
9108 5115
9977 7903
4537 2361
9438 4334
7962 607
3705 616
224 185
8100 176
6318 3184
1121 1016
6159 551
8060 1838
5396 1637
5976 3829
3704 2497
6741 6503
2590 1022
761 241
1319 717
8215 2692
5907 3814
3421 3030
5416 3110
3846 2807
320 251
7929 1333
3013 2616
8408 5689
6794 999
730 514
432 118
2280 1096
6355 6274
2336 862
71 30
3708 849
5231 713
3544 3504
7212 5885
3363 395
9404 3240
3546 2503
3525 3068
3434 389
800 311
3830 810
7785 2647
9054 1990
9636 336
8251 7579
6545 624
2179 1518
4955 2394
7366 3300
8409 6356
9366 8461
7726 6342
3644 821
7956 5152
1781 301
9639 7120
1799 1788
7192 6797
3213 3005
3604 618
6013 4163
8652 6949
1420 479
1652 57
5476 2388
147 101
1540 738
4272 2439
6479 5097
1245 560
8258 746
8218 6094
9453 2639
8125 6554
2193 754
6483 825
6236 3710
619 513
8732 6385
6319 5447
2168 2110
3066 2481
2817 1512
4861 4240
7525 5307
6661 3729
4522 2007
8066 2452
2790 2596
9363 6343
1250 178
7756 3198
7910 7664
3672 143
6237 3307
6453 1388
6830 2109
3298 2420
3189 2372
5159 4008
2626 2284
4922 1465
6724 1833
7250 3260
3352 2511
8563 6481
9642 2857
7615 6894
2961 2575
8335 6170
7244 3573
1155 644
2570 889
1891 1281
4085 3405
3566 2183
4239 3748
