843
5521 7014
7410 8668
6540 7544
8283 9040
6587 6876
2744 4721
3781 4653
1425 3668
6977 7816
5875 6101
4419 8369
8405 8495
6312 7630
8754 8992
2592 6284
9842 9844
3298 9471
8025 8523
4663 6635
3801 6533
4320 8499
4383 6297
727 4967
2374 9395
2115 6356
708 5534
3854 8982
4755 6211
1172 3597
3101 5141
6651 9656
9779 9899
9765 9993
9655 9991
3046 9850
7761 9153
7672 8686
8968 9985
3223 6238
2338 3175
1843 6076
1238 9487
1316 1671
5527 5623
1808 7614
8266 8383
2730 6611
7690 9168
9717 9951
2899 4389
1156 7839
9080 9586
3565 5140
3889 5873
8021 8806
4474 8858
7992 8902
5417 7940
5662 6828
7851 7899
2829 4482
6352 8745
9115 9917
7921 8814
3513 8006
8341 9551
3948 8173
2260 2760
3196 6068
6390 8426
956 3875
9077 9997
7048 8501
9292 9681
1318 5971
6489 9000
2878 3414
4172 8428
9241 9355
3695 9775
4633 9982
2431 5160
5826 9136
410 6736
9125 9626
2259 4975
1598 5828
6505 6527
9797 9978
4292 8921
9228 9871
9411 9425
5663 6875
3963 4935
2974 4914
7129 7291
2385 7067
5469 6589
7707 9629
9742 9879
2253 8384
1396 9316
1410 9212
6549 7114
4936 5070
3288 3499
6850 9663
2669 5777
4696 7287
7520 8783
8558 9458
117 151
3896 9069
7668 8204
9517 9644
5448 5459
6067 6550
8143 9406
6879 7455
1170 6392
5735 9849
4640 6484
2828 5458
2177 2334
1654 7483
1360 7728
4416 6811
2663 8945
9618 9675
2869 4507
82 7876
8638 9350
351 719
2457 9383
4531 6909
1236 2788
7136 9906
6464 7779
651 6771
2447 8459
9134 9812
9321 9754
7042 7540
6774 8962
4455 9619
2689 6463
6363 9914
6421 7895
4233 6958
7514 8114
6843 8310
6254 8586
2371 2596
4629 6763
6872 9229
499 5976
1737 3713
7021 7325
2615 3811
8644 9185
2388 4114
6148 9557
7229 7948
1415 1709
2479 8793
7923 8877
7503 7696
7700 8443
8819 9033
8224 8971
633 7765
4756 6970
7757 9601
1341 9297
921 9184
8215 8410
4734 5322
7758 8731
3988 5240
6177 6716
6975 7848
4843 5888
6250 9459
5606 6455
2239 8262
5763 9341
9668 9678
3192 4056
7216 9767
4784 7914
8603 9679
3581 5593
9198 9243
5190 6885
673 4638
1378 6986
9884 9898
4814 5447
2927 7846
7747 9577
4659 7362
3185 5106
7678 9393
2465 4848
3479 5957
996 8758
983 6351
4202 4262
7490 9480
2849 5591
3610 4939
6679 7183
9465 9608
1711 7653
3444 3745
7432 8399
5868 7017
35 8532
9647 9889
7524 8621
6117 8827
9888 9894
3584 7966
4631 5745
6016 8449
1105 3121
1135 1364
828 1706
3892 9339
8997 9219
691 3138
7247 8940
2654 7699
6530 9462
6212 8518
6482 8700
6637 8486
2888 8953
1345 9498
9433 9597
6444 7107
6632 8847
1200 1543
1761 5504
3042 9851
1164 6700
8308 8524
8487 9715
982 1025
1877 2327
1893 1906
5309 7813
3950 4813
9246 9554
6654 7448
8106 8472
8692 9240
1085 2641
979 2491
7260 9233
6243 7436
3973 5941
2902 5419
2562 6095
7431 8347
305 5058
7116 7746
61 974
4960 7020
5563 7750
8404 8594
8207 9877
6257 7608
9415 9486
3758 8954
3762 9085
3262 6897
3590 9627
4351 5938
4963 7182
7019 9813
9359 9789
1351 2791
6155 6914
1794 3507
3400 9758
4913 5135
8335 8771
833 8276
9862 9887
9324 9493
2577 3543
8543 8963
1044 2738
4036 9901
650 8415
9444 9523
7092 7427
4209 4812
3722 8581
7307 8785
4129 7340
3085 3575
8364 9579
4467 9333
3667 6050
3435 3750
5226 9923
7303 9449
2194 6911
535 1019
7391 9949
4727 5781
6475 6725
4433 6042
1753 7487
3547 7505
1133 8172
6281 7683
2189 9176
4157 6242
3082 9869
3422 6844
1456 5131
2660 7976
4161 6183
6602 7519
5878 6271
7706 8089
3627 7801
6041 9397
5960 9189
2099 4873
1995 5133
2961 7904
3363 4470
256 6419
8699 9720
4471 4512
8161 9050
7321 9533
4288 6708
6007 8268
1475 4105
6535 9429
6521 8368
1355 8957
1186 4692
6599 7752
7525 8014
2480 4498
7957 8746
4020 5977
9653 9776
6915 7586
1990 8696
9574 9660
3271 8959
3074 5249
3454 8856
7237 9868
647 7254
6846 7331
4744 5774
4983 7875
3495 5760
7029 8164
2958 9008
5894 5993
3867 8720
8371 9447
1929 5794
1563 1980
872 3381
9584 9761
5884 8750
239 5195
5252 9757
3881 4490
7100 8408
8351 9357
7821 8445
5479 8539
9133 9909
7256 7781
9989 9994
7628 9941
6724 8039
9682 9860
3075 4142
1453 7456
1650 8741
1197 3328
503 6339
4106 9404
7734 9875
9248 9342
2919 5010
3865 5679
3287 8593
1235 1313
9784 9848
6320 8129
9930 9939
9867 9932
8099 8916
2120 5703
347 749
4658 8566
1299 6037
6184 9954
7828 7998
3954 4290
9088 9484
5889 6857
5952 8336
9646 9801
3299 4984
1885 9968
303 2677
9613 9937
5943 9018
1595 3424
4710 5668
5628 7318
1426 9277
9539 9603
6920 8742
1409 4293
6829 8357
6215 7882
3747 4895
7601 9712
6541 6901
6834 7685
5176 7619
2366 3554
8748 8976
7083 9708
1306 4793
3236 6038
5898 7795
156 2339
8154 8578
9113 9252
914 8824
9986 9988
1553 4489
6893 7179
1259 9078
8003 9332
8520 8574
8263 9461
4856 8458
3861 7797
3797 4365
5142 6669
6718 8781
1909 9833
2565 9548
3078 8184
5087 5168
791 2312
9794 9865
3286 5934
517 3564
3070 5796
4236 5200
1216 3662
973 8967
1636 6450
3168 7833
3984 7147
5582 9825
1400 4691
616 1506
2233 4096
1277 4739
216 1384
2762 5664
8038 9012
2077 5516
4089 8411
1243 4488
9391 9711
123 5919
7959 8896
5064 6347
2266 5059
6471 8934
7143 7300
1509 9152
291 7578
4932 6388
6916 8715
1279 2469
849 2220
2017 4781
5258 6508
6746 9859
2676 7036
767 5051
2360 4009
4509 4657
1878 7766
9038 9348
6648 8932
9475 9796
137 2353
2725 3515
652 6225
2122 2416
260 2402
944 6192
7621 8504
1975 5667
5899 8024
1376 6748
626 4673
5537 8737
6660 7407
9412 9432
4504 8980
7434 8125
1007 5111
2397 4569
2873 2900
1861 7298
9589 9916
1750 4321
5720 6777
2650 8689
6055 9205
4497 7776
2486 2766
4596 6939
1271 4257
7529 7645
6453 7850
7561 8400
9658 9799
5887 7006
182 4425
9861 9915
122 2821
2421 4035
1791 3385
2501 5408
7679 9052
9090 9570
9945 9963
5282 7854
3413 3805
8726 9280
344 6726
9196 9592
867 9829
6029 8842
1719 9171
9614 9648
8861 9999
6126 9231
7286 8465
8801 9695
5717 8149
1428 6888
9996 9998
3946 4186
3956 6814
8589 8970
4736 5268
4890 7090
4317 7903
8131 8828
2455 5054
9834 9928
8055 8599
820 2844
6228 7285
9319 9771
5892 9722
5243 7916
180 9011
655 1568
3977 7682
3552 5666
7177 7763
6253 8298
2957 6415
210 5587
8035 9065
5683 5723
2124 8157
4541 9381
877 5499
215 8179
2009 4203
2838 7623
7360 7397
7732 8677
7150 8990
3682 6006
4256 4382
9298 9967
1780 5989
6274 6561
8667 8892
8162 8241
7061 8874
9295 9689
6956 8358
848 3967
588 4342
6438 8555
5095 7085
2492 6168
1639 3269
8998 9213
7831 8219
6433 7200
2210 2228
1249 2524
8701 9587
7509 8613
3135 6440
6636 9419
667 7492
1998 6047
2468 5400
370 4417
1346 9264
8373 8540
3489 6723
2584 2597
4210 6133
1022 6494
839 8761
6291 7121
4164 5835
1826 6782
8670 9407
5536 8126
2276 9947
4977 5224
863 4188
3238 4570
6011 8230
398 2305
3940 7805
5397 7451
6368 6429
689 4900
5086 8185
4583 6957
2472 6672
559 4431
6569 8951
3155 5550
9367 9791
8227 8841
8777 9643
1513 7279
4350 7856
3799 8779
1462 4011
8127 9870
9823 9852
8944 9534
783 4018
9903 9913
5279 8253
9661 9726
2589 7674
7398 9818
92 9525
813 6918
4612 8817
7195 9528
100 5467
6088 6803
3990 4921
5359 6375
8648 9314
6260 6906
3119 5857
5191 8166
1153 6093
7543 9442
1903 7473
6409 6896
6547 6836
9320 9636
6241 9918
2497 5829
5381 5728
7363 8481
2839 6922
886 8844
7951 9521
1891 6531
2146 4212
2087 7093
2661 6686
241 2561
1113 8484
4278 8772
7686 7890
3059 8490
9581 9808
4993 9214
1840 7558
7418 8140
4481 5484
2861 9556
8009 9360
3392 3792
7336 9575
7782 7784
4743 8685
4200 6160
5640 9343
7883 8124
9495 9520
5480 8002
6096 8348
8711 9284
7411 9276
4348 5130
2909 8929
6887 8765
7974 8261
7319 7972
3719 6945
8079 9672
2063 2450
8829 9641
7356 8167
4930 5253
1430 8130
2638 6973
286 1570
2306 6340
9322 9987
5026 5212
1083 8232
1624 9640
8875 9780
9910 9934
4369 8571
6682 7452
2129 9227
3406 3473
2875 8913
6752 7140
9034 9053
3979 9748
4201 4396
5194 7662
5524 6141
4494 9370
1930 4825
1390 4942
5468 7834
3644 7364
2059 9686
9830 9897
6513 8497
3706 6198
985 8437
5421 5464
5704 7099
8513 9046
9390 9706
1220 5433
7910 7981
9250 9858
5545 7424
897 2996
6333 7836
1592 2493
1935 6169
4602 9595
4053 4798
22 5823
1230 9518
8299 9926
8395 9558
1203 5228
9149 9730
6944 9289
9732 9810
230 9354
9023 9117
9369 9454
5815 6964
1606 3017
4715 5278
2778 5125
1124 6063
6658 9200
5169 5913
3089 6454
3487 8074
7156 8725
4289 7011
9572 9760
5681 7226
6197 7152
3420 7620
3839 5753
648 7956
3305 3329
4025 6898
159 3571
7332 9358
3665 6001
2551 9206
547 5562
8362 8784
3303 6677
8625 8735
2193 7109
2984 7494
3732 4352
836 2425
8423 9611
9948 9984
8453 9347
7137 7888
9526 9665
8142 8871
955 9855
4881 9815
2940 5209
5788 5926
1551 5367
3430 9128
4660 5403
263 7317
8321 9272
4597 9942
866 4666
1927 7835
835
2671 2289
1503 984
971 135
2476 2022
2536 614
775 358
385 112
4897 1255
3197 1440
2105 1387
9683 143
8327 2622
3656 3312
1805 557
3880 2130
5189 58
2065 184
6921 14
5148 2044
4695 1764
8480 634
9590 4303
7583 2802
3053 1289
2502 2361
6033 1398
9466 7667
2941 666
1507 967
4165 48
2614 444
3705 515
3699 2410
2612 544
8237 4005
513 361
9121 201
573 99
2751 2053
2753 644
3888 1198
903 190
6871 5858
7081 426
7009 6663
1656 1434
2232 1681
6819 3174
3383 1823
9707 8200
6542 6358
3398 2732
5261 4641
2794 1241
3184 2379
279 107
4644 4611
1027 354
9697 6927
2735 2147
1934 901
2207 2144
2141 1897
5747 3116
617 418
7949 3909
7212 6065
3613 2216
9353 5368
6470 2184
2249 25
4412 1134
2765 1806
5177 3022
1864 932
6720 5893
7887 3088
4726 4014
7419 1732
9544 4690
862 41
3838 3739
5525 2962
1648 718
6020 4457
3180 2656
6002 306
8456 4548
4219 3789
1853 480
3617 2047
3669 2068
2683 779
5103 4230
4147 2590
4650 1177
2712 462
9585 4103
7117 1337
9456 5783
5492 5014
6399 1948
9389 1512
1287 105
1705 922
3193 3123
7003 3764
8596 5462
7748 109
7967 621
5356 4664
31 18
8344 2052
3598 1080
7111 5221
3374 2208
992 232
6934 915
2432 1126
2568 26
910 443
5802 1804
5756 800
6434 1674
5852 1534
7159 731
533 436
2484 949
8077 4824
1936 768
717 194
9006 5429
5430 5284
6525 3272
5771 3183
4039 963
8873 6612
2857 1086
7265 3033
4769 3314
6826 5954
8476 2347
2165 1457
8804 1347
6735 5207
3650 3066
8556 5778
2042 27
6912 722
1034 1006
1679 90
1479 302
1745 1215
523 13
9702 3899
847 707
3382 1244
2540 458
8986 4149
9467 1143
6785 3676
1421 639
488 331
1151 630
3189 1767
4530 3712
1734 57
6838 1240
4543 1037
7005 4646
9430 2336
1945 1728
6976 770
8639 2985
8451 4305
4426 346
7665 4918
8672 2057
6684 4961
8328 5235
203 83
4098 806
4594 2016
3808 937
2763 1552
6391 2196
525 11
3939 3812
5555 1125
7484 4060
3490 3436
5711 3373
8120 7054
721 162
6855 1828
755 129
8810 412
3791 2474
6754 1012
9936 2691
606 373
893 801
2307 1290
290 155
6114 496
1629 1471
2 1
7584 3586
6721 3914
9247 2103
1049 753
5072 2773
4324 1182
3544 2191
6265 3568
2028 631
2705 896
1685 56
7643 7553
55 38
3724 581
3573 3221
5157 4836
7381 2747
3885 1996
2717 1771
7602 3380
8422 2070
6337 3114
6996 3683
1352 211
6562 4920
2923 2518
1825 1168
3090 12
76 54
9224 2030
1652 1138
5436 4765
2316 2252
8792 8028
1465 1233
8205 1106
4506 554
7187 3849
1920 1367
3150 1985
9285 3655
8657 5254
1841 483
4059 3482
6656 5199
9402 8880
6992 2285
3868 2580
902 428
9305 4484
4619 2485
5843 1707
3560 1340
9318 2681
8092 6403
4122 3004
9403 4865
8512 4760
9821 6650
3188 1275
2812 176
3987 649
1754 1488
5162 4066
7164 2809
7305 4766
7472 3225
5812 4239
8112 7214
7445 1308
9037 8974
1983 1162
2739 332
1144 387
8757 6230
23 21
4400 1052
7862 1185
4169 1003
946 798
8776 5810
4803 3115
8470 2453
5037 2964
4786 4442
3153 803
1171 150
3320 356
1622 1209
6365 980
2185 629
5475 4007
5808 93
5759 3556
4777 4204
8678 71
3538 748
5584 4444
1202 1092
4534 1444
850 464
7796 2161
564 273
9108 4859
1955 1760
85 30
699 670
1359 246
7892 871
5500 2700
3902 2291
5809 459
8119 2413
2789 1175
645 593
930 435
778 368
6849 6765
6091 4366
4689 3701
1658 556
5455 2335
9101 3832
6997 6693
5658 1699
6125 5044
764 430
3563 91
7078 6740
6711 6488
6032 5069
413 42
5701 2680
5269 3915
1466 272
452 268
4422 2685
9045 6264
661 141
5955 2632
1575 1263
5642 2731
7636 6936
8216 6747
6313 44
1894 1276
237 40
9546 4078
2975 2950
7730 5804
7600 7001
1900 235
2384 804
7135 6233
8005 7772
6427 1944
7430 5264
5376 1272
9503 1638
9170 8632
2553 205
7178 6261
8256 684
8816 3913
9199 6948
5900 4915
1399 67
763 741
7069 4745
1833 1101
4816 3224
225 28
1908 32
6629 3860
4319 700
1590 1500
4937 2505
4294 825
2702 2490
1338 88
500 383
4405 3213
2461 240
2535 970
3027 3009
1582 742
5921 4090
9042 7349
9150 7056
5507 3798
475 416
9234 2921
8854 6584
9959 3759
5471 1304
2658 1655
471 81
401 208
7486 988
6235 1039
3103 834
8600 2911
2256 1800
8101 4167
1851 1370
7310 6647
3304 2296
4694 2046
2186 454
1991 923
378 124
1946 489
7858 3653
6750 824
9273 7118
1601 958
9703 3850
2856 1866
6995 5084
4851 1956
4030 149
4511 2310
4737 2816
6386 954
7555 2672
3274 2790
1294 1173
5784 2015
7798 5158
4515 3894
2166 1526
5481 4081
3323 2127
7491 5166
3330 1458
1635 1199
5389 583
8287 2543
3154 1093
9145 6417
6890 4246
3728 904
4213 3782
9468 7988
4902 3094
5001 2745
6151 995
2701 2072
1036 1029
9230 3124
4456 1966
4447 2004
4971 217
5333 4833
1697 582
9929 619
5959 1495
3826 715
5542 1779
5618 2167
6798 4948
1702 859
672 253
2148 905
3405 2062
4906 4440
4850 3511
375 293
9346 6644
445 288
4817 1997
340 160
7255 4748
5004 3273
6147 3947
2082 1219
9044 3651
8290 936
1324 3
960 51
2616 1334
9254 1418
9441 2697
7154 3725
819 668
5242 2748
3404 659
4286 2603
5882 5062
1132 324
8030 6793
9349 2764
1521 729
1284 337
2243 1354
4678 3345
3011 1042
3534 2075
7094 3642
9137 4125
6056 4291
3417 163
8573 6373
8723 2108
1389 831
571 166
2994 1660
2362 597
9532 7328
8636 6054
6908 5866
3434 1253
4309 3378
2948 2150
8169 4448
460 308
6544 5482
2570 1772
9562 6220
3818 2241
2715 2593
2212 1765
7262 4037
9072 114
4592 4406
3794 1615
7659 1309
3131 1212
8695 6758
9895 3037
1640 1050
1474 142
3334 1572
786 531
7207 3537
171 53
6240 1890
8363 3603
3689 2435
7044 5437
1574 1431
4055 4050
5016 529
9604 9561
3708 118
8052 6907
5386 2038
3631 265
3807 422
9845 498
7447 3579
179 134
5764 1611
5699 1508
3100 94
9081 7753
6201 1015
3862 2437
4207 2784
735 635
3696 2018
1096 450
4642 4065
7919 6316
9701 5700
9309 5370
6439 5589
3477 2080
6781 5344
4242 2783
1283 1109
9076 5412
8717 1046
2495 1643
7350 2007
3882 3741
5581 3200
1232 98
8104 1816
4024 1700
3355 2126
6955 4041
6263 3086
4636 189
5669 1501
9620 6705
747 527
3971 750
4093 1123
1432 469
2651 312
3935 2972
1307 1281
4372 3093
6570 5630
3250 69
2824 2294
9382 6712
3930 3851
6412 697
2997 2668
4705 4392
9428 7859
7080 442
6443 6283
4117 2264
5737 746
6627 6129
8291 7051
229 167
2143 1868
6500 3624
3730 950
5187 3612
9866 9215
4368 1977
1010 278
5052 4476
2906 1531
2395 386
4538 3997
5425 3606
8349 2032
4221 3249
5210 2797
4516 1703
3905 3158
1005 968
8457 7549
5885 1417
8441 6899
7729 6295
1379 935
5292 4208
371 299
4595 4254
926 338
8642 4758
9102 323
1504 807
3199 1982
1436 388
3546 1715
5047 4703
6943 1333
4275 43
2487 1520
4537 101
8534 4830
2949 207
8491 6526
690 563
6522 4150
993 284
9628 6664
986 790
7075 5007
964 249
4759 4434
7943 2111
3673 3128
6080 3558
4283 3726
9637 1905
9073 1344
8727 4649
5015 2675
2375 315
2380 164
6667 2827
7354 4196
5601 4774
6520 4051
3318 1451
6043 4716
3161 2696
9220 7221
5608 1261
4854 1961
3663 3045
4354 420
851 287
5544 550
173 37
3255 1748
7552 1918
1091 343
3921 424
2069 713
9892 1224
5994 4762
5850 5485
4095 2369
9242 6590
7806 300
4175 1152
2417 1858
9743 853
5358 2935
7079 5476
7792 687
576 75
7377 4357
5420 2556
248 66
2466 1644
3844 3393
7793 3341
3833 2673
8604 5139
7301 4735
7742 1892
7376 1068
6512 6121
8925 2955
776 177
739 95
6209 1411
3522 1089
8903 4032
5181 4863
8734 197
1585 448
3134 1159
4587 3519
4885 3966
8922 5708
7334 2548
3823 2726
6545 1907
2319 1163
9120 4322
7130 1468
9723 7609
5498 1781
4794 4034
6135 4723
3300 3259
3632 376
9418 74
6702 3141
7530 883
3457 1442
8146 1392
5227 548
4260 439
9907 5682
7632 3853
3407 1844
3260 466
5613 3357
3765 1496
196 195
5328 1239
4313 3256
2868 226
838 551
4893 4015
9837 8303
1518 537
307 158
7199 4883
8350 4086
3401 2178
3143 2894
6379 906
3208 2023
3486 3209
3110 2093
9787 9328
470 304
7893 7272
8557 153
2227 809
4665 1862
3353 1301
5363 4627
6609 3863
219 65
3493 3077
6354 4385
6049 538
3132 612
2258 751
2409 2274
8703 7965
1712 138
4001 2970
3322 2446
1413 267
4077 3685
9524 108
4563 3910
5863 2035
3922 2581
314 220
516 345
7802 7357
3447 1174
5541 3983
5000 1391
5881 3252
5081 4453
6161 1035
4752 693
2214 2034
5684 5572
327 116
7206 2064
5549 2703
7973 79
6786 5973
7438 3524
2851 888
9727 4613
5032 1819
8882 8749
4070 1924
854 64
6574 5932
4452 3978
4198 2624
9737 5297
5496 2275
9560 2893
3248 389
3830 2142
4808 671
