579
4456 5239
6774 9444
6368 6537
6429 6859
7870 8618
5775 5987
8695 9732
7147 9981
2563 6526
8776 9391
9739 9889
6660 9930
1466 9749
6597 7464
7207 9361
7961 8933
1661 7543
8908 9660
6851 8501
7934 9334
5483 9386
6771 9816
4247 9856
206 910
4050 4598
3376 6692
6295 9390
1587 2581
4836 8863
6943 9989
7740 8551
6454 9069
7023 8376
775 8948
2644 4389
4636 5873
3043 4342
4493 9583
6602 8636
621 7266
4328 9567
9808 9813
405 9462
3440 4532
1522 4003
639 8736
4733 6708
1308 4914
936 2071
5994 8050
8584 9659
8401 9696
1923 9328
5229 9729
8192 9130
5294 8387
5917 9353
7650 7659
5969 8778
5546 6297
8510 9751
8233 9823
1430 2239
2378 5144
9164 9431
5262 6868
440 1768
4519 4969
7587 8315
8872 9160
8013 8393
4996 7711
752 4585
1672 7497
5123 8931
6696 7715
7170 9052
1893 9936
2972 9018
4486 5677
7856 8290
2345 5368
6746 8026
2810 3285
9251 9658
11 9944
9232 9977
7990 8538
6553 6833
4152 7866
2266 2990
2017 6721
9414 9637
5774 7664
2456 2949
5339 5960
1865 3398
4235 4685
9172 9266
4625 7211
9610 9630
7274 9373
518 6736
7506 7732
7548 9676
3097 8377
8665 9455
6945 7971
9411 9603
4223 7838
8237 8480
8453 9376
1514 3195
8595 9158
9188 9507
2408 4920
1541 6912
1693 5724
5021 9970
1746 5554
5833 8585
7725 9511
2935 6456
4363 8502
535 2059
9752 9815
3499 6056
8859 9927
587 7984
3956 4898
1596 9355
5423 5644
9220 9905
9866 9893
602 5301
4424 6606
3570 9332
8119 8794
9607 9634
8771 9132
6947 9289
2196 6697
250 6592
8223 9865
3518 5195
9821 9923
9483 9675
4036 5840
1780 2852
1735 6704
293 4231
4439 7915
2164 7471
8698 9900
5317 9585
1798 6122
4017 8601
2362 3075
9730 9817
3567 9524
3815 9379
609 612
8305 8756
7123 8238
2868 3358
2166 8180
3766 4249
823 7519
5499 7625
1070 4999
401 2962
48 2580
724 7171
6335 6431
2500 9994
7781 8989
8855 9826
2310 3917
8281 8345
2993 6841
6650 8615
3241 8146
8874 9222
7730 9838
4943 5375
8445 8729
3798 9599
993 2789
6935 9985
2608 6663
2853 5282
2078 9622
5938 8650
6285 8248
4618 7410
2931 6744
4638 7220
1402 5442
950 4687
9395 9467
568 4022
1861 9254
3683 7276
5246 9703
5304 5547
8434 9586
5617 5900
3270 3846
1356 9907
2127 2953
1599 9979
4982 6348
9237 9775
1862 6854
7109 9846
7284 8160
7561 9536
434 4926
7205 8390
9661 9954
759 7887
5351 6698
8816 8860
8239 8808
660 7785
5404 8440
7098 9117
8444 9153
1110 3958
5538 7899
4254 8773
8488 8947
6686 7941
3292 6565
2925 3145
7579 8939
6652 9528
5805 7765
520 2422
6974 9331
909 7193
1145 1905
5104 5119
7251 9624
1779 3910
6524 8682
4775 7911
367 3946
9631 9740
6096 7107
5150 9105
8375 9811
5285 6245
7800 8689
8902 9241
6760 8759
5870 6287
8753 8987
8399 9901
4960 7264
1262 9655
3420 7172
5581 9179
9247 9668
9 2559
9071 9706
1547 3516
4349 5639
4174 7594
40 6617
4843 6754
5685 8341
9470 9569
4344 5083
5146 5752
7402 7807
2974 5853
3596 6249
2923 5556
1065 3688
2424 4528
4100 7875
3068 7210
3504 4283
8264 9318
9884 9960
3415 6728
566 7999
489 6531
2124 7503
4867 9323
5403 6560
7208 7330
6443 7368
4567 9784
9770 9983
5824 8716
4546 7872
3802 3829
919 2675
110 6878
7947 8080
1164 3138
6785 8833
6218 8191
5740 5767
8542 8546
7753 9388
2895 6973
2838 3665
5490 7839
9773 9974
1878 2113
2795 8479
6204 7540
8883 9560
6146 6887
606 1785
4004 8465
7563 7731
9443 9779
4453 4634
772 4020
5427 9601
9986 9992
7317 8249
3897 8586
5217 7458
7178 8141
2473 2489
2441 9962
9346 9551
9039 9445
3459 6821
4158 7687
6634 9854
8643 9744
3725 8152
1748 6407
9761 9763
687 8206
6930 8709
7658 7959
8732 9135
5711 9400
6503 9050
8417 8792
6318 7213
2414 9245
6808 8134
3621 9299
1242 7593
6337 9236
1186 6202
8561 9248
1734 4021
8818 9685
6950 8750
8841 8988
8840 8992
3975 3987
5723 8252
7187 7430
8270 9287
1634 7059
5344 9256
2325 6801
7016 9081
7219 9937
6422 7749
7735 8176
3840 8392
5357 7716
2950 9282
3607 4861
1519 6753
6401 9009
3779 6303
3017 9859
7751 9152
9480 9990
6184 8906
4893 6889
5370 6985
6174 8965
8430 9847
9271 9588
9215 9606
8061 9143
7324 9326
5814 9618
8273 9368
5664 6197
3812 6923
4530 5852
4594 4776
8935 9068
9408 9827
2730 4422
4889 6167
7093 7631
8198 8347
459 3800
9449 9726
6259 7708
733 8269
5898 6639
4217 6144
5986 9649
9468 9825
2551 7013
9466 9879
8193 9425
4190 9835
9694 9803
7364 9397
6649 7923
2543 5834
15 3501
3777 9648
6116 8089
3095 8632
4110 5758
7341 9027
355 9709
6364 6590
4529 9407
9802 9903
9102 9285
1982 7649
8406 9167
8854 9951
5061 5092
716 3100
9293 9697
1864 8435
1546 7429
5764 7206
1096 7121
9635 9733
4073 4081
5297 7885
7937 9290
5369 8619
9119 9831
1496 3884
177 3992
1643 7564
686 8033
4656 8590
3970 9087
7406 9234
3729 9908
2830 8070
9166 9809
9369 9438
6047 9121
2234 4691
6977 7424
4677 8154
455 5904
8740 9515
9177 9358
2886 5286
3907 9030
3517 4481
4457 4566
6085 9487
6517 7616
8526 9456
569 3444
6538 8142
9800 9829
6862 8094
7692 8575
9695 9874
4065 8414
5566 8830
7845 9146
6246 6769
8182 8877
5358 7002
6410 9217
8138 9207
3280 3915
3686 3930
6512 8139
2716 3187
4147 6279
5641 6646
7523 9708
1671 2751
5839 6151
2779 5582
4061 6302
4779 9948
2399 4762
7029 9198
267 1584
1001 9602
8589 9206
6995 8388
4778 6731
9072 9719
9701 9759
1472 6814
4784 9103
2039 4263
1959 4353
4727 5863
8826 9056
1473 3731
1010 9912
6147 8452
1425 2026
1144 7026
2051 6003
2303 6999
9479 9620
2619 3467
3833 4492
3119 5379
7884 8497
5154 7385
2806 7457
6105 8309
363 1773
8168 9711
8993 9442
526 3047
2659 6605
9356 9495
7632 9812
388 7858
6609 8018
8610 9174
4714 8256
3268 6208
9906 9999
1980 2227
7821 9880
2546 5890
3436 5830
4552 5995
7741 7815
3539 6185
9404 9673
1600 2052
4087 9203
7477 9381
860 2622
1424 4715
7558 8047
3883 9036
8003 8092
9426 9911
3076 5647
2615 4792
7491 7685
9910 9996
9004 9559
41 3399
9669 9683
4901 6181
7571 8785
1948 6094
9914 9956
2370 9612
2979 4101
2920 4747
3822 6842
5281 9124
3952 4362
2952 8879
9448 9939
1753 4695
5745 8839
1770 6075
9549 9611
143
420 315
8298 2516
6069 3986
118 79
3324 1232
8151 7190
7022 4126
2402 2397
8493 1533
9399 5996
456 303
8367 1193
266 211
5077 1224
8235 2882
8208 8082
7392 305
6758 5335
2875 2093
7736 3347
1765 601
1085 1074
9419 1450
1364 35
1743 1675
4465 1176
9913 6467
3585 3110
9080 940
7141 985
8210 5810
4199 3865
3820 1716
7746 5227
63 8
6235 3588
5440 236
8782 258
1063 235
9212 5116
9830 7179
2512 1831
3139 2135
1166 196
8126 5599
6251 1899
3261 1106
2987 1652
7881 5461
1449 168
5823 4908
7795 2396
6506 30
5279 3834
7382 4213
8616 4027
491 223
3385 2200
3479 6
575 239
7120 4237
5450 2683
4732 4167
8483 5109
2740 976
3225 1436
2068 1583
9506 4264
142 83
9942 2275
7176 5418
7930 7073
959 536
1571 1184
4819 4204
1033 619
6258 2265
6233 5134
4796 1291
4049 3541
4148 2929
3438 883
5618 3231
3314 1673
666 260
2903 968
2297 1792
1873 983
6900 2694
7036 1940
6446 3183
4968 1119
1431 496
2819 1834
6580 1860
8605 2080
7721 4910
5591 1332
374 129
3838 3303
3450 2901
5507 1327
9405 6759
7998 2455
8263 658
8101 4225
6613 406
5525 2858
8876 7949
7411 7337
7690 5551
6384 4224
4822 3676
3679 736
7454 5198
7832 5648
6137 3964
4295 167
4963 1760
4211 3063
5132 3269
4623 2764
6006 2944
6421 4705
4125 1120
9059 366
2368 824
1384 702
6593 5399
7880 1041
5058 1896
2478 2354
9162 4403
8703 3801
1886 990
3176 2360
1669 1278
6855 488
5013 4002
4156 2557
599 471
1906 1705
6738 5050
