625
2573 8157
6674 9977
2967 9254
9065 9481
9298 9779
7862 8943
9671 9990
7911 9304
4608 6611
2108 6375
7672 8741
1700 8433
7581 7954
6275 8750
7218 9474
7019 7822
9097 9533
9763 9830
5370 7989
172 8596
1267 9840
5659 6554
6912 7320
5197 7826
2436 9363
2525 5584
816 3051
6738 9981
4414 7936
9210 9591
3762 6570
9612 9713
2521 8192
5681 8864
9471 9685
4886 6216
7924 9985
3428 6456
4877 9760
7687 9365
1413 6755
5616 6973
8330 8431
8400 9702
2826 4738
4051 6706
1683 2762
2222 3971
3490 8332
8360 9599
913 2478
8954 9798
4187 8620
4297 9007
7028 9401
6882 7837
1401 7339
2590 5460
8592 9516
8298 9510
103 8930
425 2408
6349 8995
1680 9078
6269 9025
3782 7405
5693 8093
3627 4163
1521 3247
9194 9443
6186 9242
5239 6685
9289 9926
8455 9849
9988 9991
6442 9192
9665 9817
4939 5444
3488 5986
4767 5241
1234 9942
4728 9040
2477 3020
340 1795
7886 9006
6664 7675
5809 6090
4596 8670
1994 4379
551 4194
4580 9171
1142 2217
7454 9400
3182 5962
6576 8211
1112 3101
2783 4504
8429 9103
7155 9617
8275 9206
5827 7728
8853 9761
6887 7975
6355 6740
4171 8067
6196 8279
3534 8548
1294 4305
2391 4875
4328 5473
4595 9526
515 2229
9072 9892
1204 2516
5058 5799
4418 4562
5443 6232
4430 7364
3300 9197
3343 4907
3626 9482
2951 5516
3963 4799
1988 2075
2689 6108
4267 5595
8084 9733
3639 8740
5481 9319
3173 6766
1942 7055
957 3698
4188 5532
4064 8014
2568 8414
2305 4413
1935 9890
4036 9000
1151 7322
8274 9349
1215 5586
1125 9699
5817 9819
3930 5381
7448 8716
2174 6125
5597 6220
6654 9941
394 9439
2433 5765
828 3062
4097 5771
9260 9649
9076 9446
5808 6083
2020 4325
8709 8968
1804 9329
9609 9645
5979 9461
1034 5124
4776 9030
1512 3141
9975 9983
6499 9739
8178 9729
1013 6656
8542 8887
1303 1451
9822 9918
6152 7452
9159 9188
6009 8704
3272 8027
3932 4002
8247 8318
7923 8552
8780 9790
9264 9567
1124 5932
1742 5384
7765 9874
2642 2907
6097 7523
2669 8885
4142 9594
4488 8029
9577 9787
5227 6851
1877 7374
3912 4670
1265 6876
3588 6561
7087 9318
7169 7203
4487 9125
9361 9648
9626 9920
5523 6466
9100 9347
3331 6522
7375 8235
5700 6116
9477 9809
9915 9944
2386 9095
3664 4920
2307 9236
5190 7568
2383 6774
6335 6690
8265 8619
2223 5624
6629 8280
3569 5777
1010 9480
2360 4804
7531 8830
7856 9963
6834 9272
959 6790
8401 9200
9492 9517
968 969
4275 8915
388 1148
1213 2933
2741 5545
3448 7821
40 3633
1960 8975
1705 5508
6296 8216
8144 8175
6339 8074
919 2748
6649 8229
2743 9593
7622 9882
9223 9581
13 7566
7489 7713
4517 9251
8335 8598
6938 8997
185 7905
4463 8792
7441 7810
7906 8561
7784 9351
3179 9549
6467 7142
7682 8143
1833 4697
6728 9813
572 4906
8223 9974
8390 8869
9687 9766
651 8018
8814 9692
2464 5352
917 4823
6648 9783
904 6026
2585 5037
4846 9341
9462 9853
5186 7082
4718 8835
8525 9279
5792 6448
5711 7396
7331 9940
3898 6982
8505 8570
8655 9352
9938 9952
2448 7424
234 2844
4186 4588
6589 7939
8030 9484
1130 8396
9749 9829
847 7699
7496 8197
7840 9059
1186 3529
6551 6997
6397 8731
6077 8498
9297 9420
1252 2569
852 2159
7528 7611
2224 7652
6966 8790
804 3212
4693 6547
7313 9876
2683 9240
749 1729
9670 9799
1830 3253
9098 9913
9521 9858
7475 7844
351 2549
494 9042
5510 8375
3181 4683
2944 8206
891 8657
6047 6835
8693 9764
5301 9166
5082 6486
530 7076
8160 9973
4093 8434
2468 8837
3285 8000
5846 7970
5495 9859
3429 3702
1249 8838
7719 8110
2221 8722
9064 9600
8050 8896
35 8925
2865 4795
1191 6441
4885 9310
1166 2060
6214 7077
6010 9898
2001 4696
1494 7976
2017 6884
7314 8920
4388 5000
5816 9751
7805 8953
626 8586
9016 9993
2781 5550
6210 7594
2731 7516
3210 8854
2127 3233
6484 9559
484 4506
4159 7365
8590 8901
3740 6797
6783 7408
8419 8951
944 4154
8161 9508
2923 3885
6133 9268
7464 7796
5522 8942
8182 9306
5728 8494
3952 4058
2126 7731
8220 8783
502 4999
6491 6821
2299 7495
2218 5611
9679 9889
571 7674
232 7006
3846 4980
3220 6885
2763 4155
4764 6392
4003 5084
4027 8071
5776 7913
4473 8260
3662 4298
5293 8156
3320 8377
8272 9455
5938 8099
2363 8612
4335 8775
7641 7786
2165 6532
1091 5601
346 1044
1096 7249
2755 9658
3625 8086
2708 7182
3564 4952
4897 7354
3476 3701
9163 9986
2547 8382
7992 9470
9232 9261
2786 8492
3216 7782
1370 8903
4616 8321
272 894
9972 9989
9407 9631
4406 7257
7535 9249
7513 9999
2982 3225
8591 9615
1697 3457
6679 9013
7139 8331
9539 9816
2930 6244
4550 4904
4306 7490
2027 2530
9269 9496
3567 6426
238 932
9860 9971
509 8588
8963 9212
5695 5826
3919 5025
1870 9061
9136 9196
2422 5541
6003 8073
8816 9660
2749 4733
4854 6455
222 6612
8234 8768
3293 4140
3128 4195
9231 9836
9486 9807
1706 2176
6036 9815
6739 7809
1424 1959
7812 8574
8638 9682
7759 7901
5900 8120
8703 9698
6707 8575
637 9181
8796 9087
7712 8987
4912 6817
3954 5998
7690 8844
8478 8543
9280 9555
604 6178
2235 7515
6824 7930
2702 6413
6379 7683
1022 3690
4304 9907
1509 2490
6713 7457
5278 8058
6173 7860
4570 5842
4563 5921
4011 7640
4266 4913
5313 7049
1053 8305
2785 8408
2265 7599
7537 9459
6389 8169
4225 6991
3845 9120
5561 9096
6228 8313
1511 2314
4822 6872
7061 9093
1205 4299
9620 9978
3044 6267
5205 7092
1831 4867
3282 6362
5738 8880
8196 8519
7904 9178
6106 6809
6224 7240
1899 9916
7228 7662
49 2570
8799 9409
5076 6042
9704 9814
2893 7089
7223 7592
5730 7984
2180 2664
3244 5125
8291 8633
6132 7962
9415 9962
2890 7153
1104 4774
8152 8692
95 5606
6222 7613
7868 9055
4395 9569
6477 7842
9579 9727
4944 7542
7658 8742
5917 8104
6566 9273
1404 6545
6784 8096
1433 3592
2660 7680
8066 8458
5231 9532
2873 4028
2709 9151
5613 8691
874 1054
4246 7158
4771 9493
294 5972
7157 9572
1058 7943
6041 9582
4120 5348
1233 6639
1496 7875
2523 5665
6038 6788
8562 9276
8499 8637
7168 9818
1798 2130
1569 6149
9726 9730
6684 6850
5437 6895
5454 8386
1878 3675
6386 9606
7315 7850
7507 9871
5436 8622
9948 9966
596 659
3780 5371
6417 9130
3404 5391
3729 8031
8471 8652
8777 9259
9721 9723
1741 2486
2117 3717
5944 7952
2954 9551
7829 9173
1173 8461
5694 8631
4222 6438
2561 5907
7480 9305
7755 9216
8773 9769
8055 8472
3033 8355
8791 9432
317 4185
7867 8482
5801 9353
1929 7121
5440 8897
5628 5936
2658 4010
75 1767
8205 9011
7920 8658
5470 8153
3303 3413
5663 6300
4524 5250
6726 7030
5546 7418
4607 5534
4221 7037
9925 9945
2439 6888
512 1160
4366 7206
1853 7468
9949 9997
4008 7458
3478 4101
6947 7481
1541 7679
9404 9522
5904 7760
2240 6936
392 6264
4729 5686
3124 9776
79
3240 57
6123 5020
6644 3052
3312 2626
2473 864
3080 2544
7271 3691
7841 7154
9330 4740
5252 201
1843 1290
5743 2837
8743 6226
6331 505
2061 2036
1709 437
5791 3371
5965 3243
5985 2346
3013 1227
8678 6951
8564 7870
5778 4993
1630 213
650 21
9691 7117
6098 4872
5802 939
1327 771
9937 6805
7982 3031
5672 1216
1605 1067
9372 6745
8023 7254
3924 1695
3836 2956
3742 554
9316 8341
8409 5620
7282 3917
7651 4361
7578 7455
184 183
6864 19
8484 1133
2162 1180
2173 251
6969 712
6798 4162
6535 2554
511 396
8056 1383
3230 2491
8626 4969
2197 30
335 137
1522 220
2928 789
1775 1593
1872 1020
4074 3982
5136 4086
8593 7402
9904 2309
6652 5572
3354 1570
2810 1969
9826 5585
6383 4901
6277 5782
6622 2201
6968 2577
6789 67
895 742
1358 429
6735 4479
1865 582
6716 240
