363
5127 9778
3901 4772
7964 8823
1782 7497
8647 9120
7166 8841
977 2909
6823 9473
4884 9728
2930 9602
4557 8598
5889 9901
8722 9423
9518 9740
3732 8819
2823 8074
7402 8928
3614 8822
5692 7547
3888 8336
8724 9007
7116 7359
8 1013
7386 9951
9289 9489
7680 8486
2416 7154
4744 4840
2010 9918
628 8692
6500 6727
3633 9564
4990 9877
6028 8835
1979 8970
1250 2127
7034 7085
7131 7157
7151 7212
3612 5011
3531 6221
1596 2687
9263 9559
6906 7272
5123 6700
7853 8609
280 9062
8382 8995
2647 9027
320 9113
2444 8855
4522 8949
706 3688
9449 9644
6148 6429
2307 8100
353 7420
2512 9211
7252 8766
8935 9421
4106 7244
972 2576
8912 9169
2766 4024
9612 9674
8996 9366
9335 9737
2928 7805
1432 5796
5979 8005
9472 9909
7109 8674
443 1379
6701 7067
2374 6769
2388 5255
5835 9839
2456 6418
2969 5732
4720 9646
5763 7571
2132 4494
7977 9886
3281 4478
331 4057
6113 9974
4402 9709
2137 9511
9516 9920
9356 9908
7843 8116
9588 9846
7642 8062
5826 9814
5233 9875
5829 6873
4496 7335
3878 6954
9657 9702
9368 9642
8275 8806
359 9723
9116 9221
8207 9353
4545 8924
2558 5522
2961 3454
2065 6593
1750 7226
2903 3634
5879 7269
2950 9562
1891 3676
9351 9757
3140 8399
2226 8434
74 9427
2727 7575
2424 6993
3415 3823
9523 9809
6781 8788
6859 7179
1658 7634
4450 9300
5342 7773
9549 9744
178 5666
4271 5281
6277 7923
6718 9053
5101 9695
3040 8212
8513 9111
4726 4762
8136 8263
4188 9910
4075 8926
8599 9715
6156 6670
9812 9959
522 9264
1836 5767
8372 8456
3915 8648
4300 4809
7637 9958
7129 9025
5635 7441
1710 7764
4380 4428
4368 9317
7218 7957
7365 7982
7552 7578
5735 7516
5597 8280
4394 9204
7774 8034
5430 5746
8237 9626
3405 7092
6773 8907
9651 9705
3826 9144
6711 9665
4228 4455
5618 8367
9031 9259
5315 8575
4157 6733
2644 9085
9086 9848
133 1897
9253 9339
9501 9822
3778 8896
1043 7585
8778 9548
4286 4459
5062 5582
7546 8918
1790 9410
2318 7850
8431 8553
5331 9063
5768 7392
221 8658
8153 8869
1935 9915
3143 7044
8797 8860
9990 9995
6741 7389
3181 3911
9733 9832
5028 6425
7286 9993
8990 9736
2714 5158
1256 4921
1510 5451
8159 9796
9863 9895
5905 7321
426 5742
5730 9491
5287 9604
8897 9593
3885 5020
2415 5486
3696 6793
5939 7653
2336 4208
4105 6447
4564 7947
8055 8362
5100 7346
5154 6547
6554 7511
3839 5052
7199 9696
9184 9480
5963 8439
7406 8656
3325 3783
4739 9340
1805 6804
2937 5490
6532 8637
7550 9151
7357 9851
5691 8790
6961 8054
5886 8914
7737 8412
3090 7111
4640 9373
1442 1759
9354 9890
8288 9106
9191 9386
6533 6862
3496 8464
2449 7239
3863 4593
1015 3292
7672 9749
2695 6393
9977 9996
1797 1823
3511 6501
2942 5600
6060 7203
9522 9892
1328 9136
6094 7347
7951 8246
8261 8270
9333 9566
3609 8833
336 797
1960 9624
6649 8050
9577 9885
765 5709
9507 9542
1793 5426
2363 7999
9671 9759
7173 8095
8511 9853
603 7972
2947 9004
4671 4977
1417 6826
3324 5394
2566 8176
873 3244
5573 7260
4014 9780
8534 9936
7345 9633
8071 8799
7326 9876
2588 9871
9337 9392
3786 3848
4910 5107
3474 3780
5095 6056
5082 7438
1589 7935
5191 6279
613 2350
9150 9725
526 8512
4767 6331
8353 8751
8565 9028
908 3228
4856 6915
8615 9044
6643 9601
7486 8274
5675 7762
3659 5940
8339 9751
244 9095
2032 4451
7485 7591
8960 9828
210 8683
5120 6264
6061 8606
8668 9528
6436 6901
6509 7579
2705 9162
6122 6188
8283 8387
4495 4941
2441 7489
9030 9891
1053 7691
9364 9541
2544 4888
3036 6712
8416 8587
5860 6407
7614 8228
3264 3472
8655 8802
2534 5015
8322 8769
3145 3990
3616 7838
8210 8803
389 3576
7756 8904
8681 8837
2103 5581
9303 9701
1119 2770
986 4363
9308 9558
775 5482
6932 8738
204 4686
2373 8343
6945 7793
8947 9527
2712 5018
346 1956
1408 7146
7897 8754
6511 8265
7450 9944
568 9883
3239 9824
6633 7233
60 5601
6424 7274
140
1421 1171
747 230
8139 2859
8875 7101
3995 1269
7371 1863
9461 4418
8923 4645
8678 1154
2629 1410
7377 3610
8189 1276
5045 1371
3926 1065
4533 790
126 22
8428 3243
587 406
9319 241
695 514
4497 1623
7812 4292
6905 26
3079 1418
7428 861
3286 2238
3905 3870
2011 482
3029 1537
9171 8076
6201 4485
2072 758
3256 1165
7840 2874
2841 2479
9186 5920
3191 1213
829 125
7728 2109
7562 3546
8156 6021
1512 1292
1434 959
4007 2594
3184 1964
9991 4743
6568 6506
4708 2920
6977 4175
9286 42
3795 3227
9706 7968
6483 5116
9864 8022
7336 3238
1941 1044
7959 5698
3399 3225
5960 2846
5790 709
1508 707
3417 2934
214 200
1666 749
6566 253
5878 1544
8669 7718
8481 2381
2354 2110
9858 9520
4242 3640
1715 260
9193 6253
7523 2020
6419 5398
6573 2457
7019 4108
9192 8202
472 445
1702 102
1447 160
6369 4296
7001 91
6232 1918
8725 5345
8063 4853
7650 5959
5510 11
8851 2670
1012 90
2528 2377
3320 1910
7927 468
6209 6102
6739 1958
1085 663
7369 5470
655 452
6138 4902
8532 8326
3972 2972
8316 5373
7505 49
761 190
245 44
5863 4458
3432 2812
1451 1120
5586 5585
2663 619
6653 5294
6659 84
6237 5567
361 305
1327 326
9568 9049
4319 2858
66 62
7062 1788
5529 2248
2619 703
418 151
1928 842
1530 240
532 444
48 14
9403 4930
4655 586
3683 1587
4975 268
8073 3538
350 155
7914 2541
185 165
1155 854
3240 1426
58 23
4337 461
8660 3335
6845 3517
