1000
4424 6008
8151 9008
6607 7196
8198 8623
9477 9996
554 9146
5224 5915
6202 8161
9644 9760
6639 8387
4142 6590
686 7228
2683 3658
1022 9907
4192 5238
6066 6491
1386 7357
7786 9210
8266 9099
3113 8022
5809 7407
2373 7010
9717 9774
9458 9603
4954 5963
6796 8320
3433 4250
8873 9620
7143 9617
2134 2214
4051 7048
2527 7007
9690 9871
877 963
8825 9677
5341 9944
1348 1352
9493 9509
2653 3866
9499 9728
4110 6117
5165 6499
1314 1665
4132 8640
2531 3597
6207 9375
1760 9722
6726 7389
7229 8012
6206 6508
582 7854
6742 7999
8290 8487
6778 8958
1392 4254
4291 5577
5587 9920
1429 8243
5819 6828
3668 7249
9676 9697
5860 6684
657 6764
5605 9696
5795 6936
6476 6633
1703 2137
3489 4773
4495 8974
7837 9447
1714 2986
2441 3510
1627 3580
8904 9816
2132 9178
4741 4882
4138 8986
6979 7945
3372 8244
3959 8162
2068 9673
1370 7074
4656 4953
5168 5847
8270 9304
2579 8430
6061 7791
2761 4223
4191 6203
5196 6579
8646 9070
6181 7592
2239 7116
1067 4625
4016 4665
6925 9225
2949 7534
3468 7833
468 1660
9568 9624
7940 9062
6460 9729
2802 4984
462 2958
1793 2875
5094 9784
4346 9183
571 5287
8627 9514
1867 6323
7747 9945
6699 6972
3799 5836
8734 8869
945 2584
8127 8719
6135 9523
371 2098
11 2936
5254 7510
4580 8995
5396 7343
7610 9201
9464 9577
6395 9778
5025 7223
3716 4905
7911 7921
1730 5486
2894 8841
8364 9827
1523 4070
1005 4663
3423 4893
9935 9960
8960 9621
3191 6162
2368 5863
2195 2424
520 1936
2725 6079
8591 9136
5677 6396
2429 4738
7371 8169
9903 9916
8697 9674
426 450
895 2730
2142 5499
4358 9790
7886 8008
5621 6486
5158 8870
7882 8491
135 7794
9919 9993
2932 4348
3469 6354
4683 6068
3242 9777
7387 9037
4415 6942
2456 4933
1634 3288
1047 1409
1781 6281
3320 7105
2354 7647
4044 9491
1661 2612
8954 9415
1126 5699
2140 5177
863 4001
9594 9742
1021 1947
2009 7750
6353 6355
1262 8213
6584 8545
2347 9693
9184 9846
6076 6601
1939 9202
2171 3939
1173 9635
1402 5197
7935 9294
8424 8824
825 4795
8933 9436
5590 6564
3448 5531
4104 9028
9538 9562
6014 6513
398 9250
7227 7829
4535 8520
4116 9898
1638 8742
8652 9549
4554 5745
8758 8901
1214 4851
6781 7015
9312 9434
3626 5073
1696 8976
8366 8581
149 1635
514 2525
5017 8420
8854 9825
5733 5967
878 5620
2021 7255
1119 6420
1422 5549
7710 9706
9806 9910
2713 5653
2334 2783
1290 4509
682 3930
5786 6359
1162 6431
7684 9120
4220 6448
3683 9451
6366 8803
3629 5530
4981 7787
3711 6858
678 8304
1307 7815
3754 5627
6805 8392
4148 7395
733 7496
9232 9329
5480 8451
7616 9244
2421 7689
3388 6423
3655 3894
9799 9909
5091 8853
1487 1550
4726 6039
6136 7865
5632 6553
1533 4559
5537 5746
1037 9394
9691 9949
3697 8840
4189 5779
6848 8978
9570 9990
1428 1467
3370 3639
1681 1764
926 9349
640 7838
4775 8214
7956 9122
8001 9748
9705 9831
156 894
819 862
1112 5950
1115 9647
959 9724
2618 5436
7095 7401
4003 4680
7645 9213
3979 8166
4655 7309
1752 8149
4537 7757
1860 9848
8948 9589
3788 9879
7613 9576
612 5874
2595 6851
2850 4611
9058 9251
6996 7494
4720 6874
4965 5735
478 2754
242 6437
1708 5042
6276 9595
7433 7502
2274 9792
4125 6125
9263 9332
5255 7094
2833 7220
7597 9298
601 6510
9240 9979
556 563
2139 7742
999 3108
4826 6283
1792 7152
2046 7667
3751 9820
4078 9923
9361 9382
77 6466
9857 9924
4431 6272
4675 6545
5675 7850
3515 8268
1133 7352
8468 9081
5288 5724
415 2799
3110 7335
2928 3444
9681 9756
7936 8814
1019 8023
3073 6695
3169 3291
351 5643
1530 4344
4744 8411
205 616
600 5900
3990 7472
1973 6440
6053 8247
8692 9066
1267 2116
2988 6317
7412 9245
8139 9713
7561 9973
8063 8966
4151 4622
7266 8771
743 3377
5926 9249
2124 9956
5973 8299
9687 9812
2153 9102
8855 9462
6818 7859
5057 5260
7332 9539
3273 7029
5569 6052
8333 9161
8145 9929
5526 9540
408 1146
8886 8921
8324 9793
2396 8762
1325 4374
2083 7992
5454 8372
6595 8851
7640 8887
6744 8616
595 4497
5999 8635
1174 2264
5116 8806
364 1447
5870 6453
3441 4288
6887 7587
7179 8035
6928 7906
1827 5667
9835 9953
5584 9230
7301 8892
6070 8362
5782 9315
5002 8576
2233 6613
1390 8944
3963 6427
6056 6700
1972 8741
3039 6999
3674 6618
2962 3446
7104 7396
6284 7781
9025 9366
9533 9906
1433 5986
1953 2470
9547 9618
7657 9476
3026 6235
7964 8971
2321 9260
1596 6849
897 9578
2094 2533
338 3703
7822 9849
8311 9098
3477 8918
2156 5843
5567 8418
4607 7745
3199 4859
2897 8267
1065 5554
1082 2364
5435 8445
9255 9454
5886 8738
6409 9954
6702 8755
6088 6819
2864 9708
1989 7245
9127 9485
6261 8514
5970 9031
333 8881
9044 9222
5389 5708
4762 6528
7646 8117
4351 4781
4588 8512
9837 9908
1541 6173
1656 4917
4159 5676
5244 7528
8501 9254
3601 3892
4693 7946
1482 9633
7823 8124
5032 8655
7649 9197
8726 9124
528 4936
7342 9029
9536 9863
103 4902
4399 5706
9952 9959
2663 5841
5618 8665
4796 4932
8120 8600
1820 9402
1192 3946
7313 9385
3544 6223
3732 8390
3925 8577
6318 7209
6615 7808
2590 2963
402 3462
2924 4433
9176 9745
6270 8388
2773 3634
997 1006
4521 6408
8725 9675
8894 9489
801 3591
4330 7460
4111 9679
306 3942
8620 9703
3652 9866
3451 6310
9626 9721
2297 2787
9555 9974
3306 8147
5223 7130
7851 8666
2619 5848
4957 6483
9104 9543
9032 9082
2459 5545
1191 5807
3837 7361
3214 6748
6398 6643
9874 9968
7044 9314
5553 7102
3808 4493
1647 3503
9809 9918
3856 6946
850 7311
410 8444
5716 7713
6196 6495
8153 8483
5849 7212
7598 9078
6810 7404
9664 9938
8827 9747
4565 4788
6944 9016
4890 7544
5322 9306
1979 6027
5957 8365
2813 7211
4627 9137
5797 7863
1258 7060
5242 9843
3690 9483
9682 9881
9374 9839
7383 8695
3572 7306
5007 7485
6421 6877
4388 9430
1605 9323
8847 9585
3577 4745
4623 5267
3426 7075
8747 9665
9522 9574
3543 9772
3663 5750
6976 9299
1844 3268
5566 7604
7695 8208
4531 9591
596 2919
5734 7809
1704 3360
4674 8452
7899 9040
5401 8337
5095 8831
2757 7019
4289 7753
6721 9627
8718 9718
9840 9986
8037 9324
3701 8482
9787 9987
1924 2652
8465 9325
7949 8539
4568 9757
4985 5688
58 974
3858 4698
2329 3718
6878 9276
9758 9931
82 5334
6890 7688
2113 6291
3891 9140
3115 8754
5840 6114
503 896
5689 8661
7938 8003
1962 3478
2840 8856
3774 6368
267 8705
5679 6950
2504 4136
8479 8764
8706 9223
3100 6000
9723 9851
8488 9768
5557 8993
6247 7035
9970 9999
3474 5276
3181 9823
7910 9727
7507 9648
1315 8265
4186 8708
5997 8328
3280 3686
7721 8843
901 8426
6755 8564
5738 6069
4419 8402
921 3873
8744 9373
3531 4004
2346 8398
6383 8776
5159 6434
9564 9948
7675 8484
493 7153
5185 9112
6319 8262
8700 9398
2018 9670
4718 8307
2555 5588
4233 5041
446 5783
1197 8603
2108 4785
6266 8800
7185 7557
3499 7420
2226 5503
9519 9914
9560 9847
7250 9239
7073 7602
5271 6415
9171 9712
7489 9711
2972 3693
664 7318
5976 6439
5508 9474
6356 9984
3905 7403
9207 9985
392 5270
4041 9065
7067 9606
9534 9662
2170 6474
2236 5016
943 9525
81 1475
3804 9020
9257 9438
9431 9854
2428 7875
4176 8109
2542 7571
3090 9212
8505 8949
6680 8925
1757 7088
9221 9878
9121 9154
1727 8269
7768 8020
3968 4816
1175 7995
7579 9958
9995 9998
3993 8086
1818 3064
479 3148
1685 4262
1186 7663
6736 8912
5192 8653
418 9482
6636 6885
9157 9814
3361 3382
6622 6815
6993 9494
2032 6405
2309 9084
2253 9265
7537 8605
7275 7471
6062 8014
6199 6333
3068 5463
689 3351
8625 9893
499 3131
8189 8637
383 8812
5828 7327
399 5055
2497 6630
9735 9892
4825 5576
7378 8176
9695 9726
466 7519
2371 7008
1152 1676
5673 6149
3086 4540
5183 7790
8000 9021
8061 8240
7784 8860
465 8675
3514 3620
9947 9977
991 5344
2034 4468
3227 5960
7802 9740
558 7260
2178 2815
8702 9759
3907 9079
4736 5388
1198 3807
4139 7908
3839 4524
5776 5953
120 2526
1801 5023
4327 8222
5565 5719
1722 5665
1270 4915
6602 9067
5188 5697
4978 6627
1516 3329
2848 9033
9177 9980
9357 9911
7591 9571
9751 9942
124 1002
221 1210
7375 8731
3657 6418
1277 8342
4974 5234
5974 8779
8835 8922
7783 7869
2059 3374
670 853
2344 4056
8799 9922
94 469
3249 3787
532 9437
4095 4430
4758 9286
9797 9941
3410 4840
5507 6241
1942 4606
511 2973
7903 8436
6477 7590
8083 9967
2469 9834
4574 9266
9588 9639
7142 8157
8769 9498
7062 7181
7540 8336
2914 8216
7226 8794
6163 8467
8531 9170
9699 9961
3243 9733
8671 8784
6807 7173
7974 8048
2679 3363
7451 8397
3256 4669
4837 6179
7028 8555
9939 9950
8909 9836
8257 9593
9869 9932
8330 9018
3618 9090
3518 7187
1379 9023
1651 9039
2100 7166
4292 5534
5825 6678
2846 6562
1977 4628
1004 6842
3142 5374
5128 5972
2343 3547
6728 7283
6035 6563
9951 9969
4705 7766
1779 9912
4600 9228
6330 7336
1497 5358
3053 3860
8043 8221
1923 2212
4196 7450
8300 8940
3133 8069
4018 4904
8650 9219
8562 9867
3728 7966
9326 9511
5882 8573
9584 9731
4188 4237
3033 4287
950 7563
2243 8521
7959 9168
1587 2853
9262 9671
4732 9150
769 2834
3185 5186
5376 7456
687 1921
2050 5154
6097 7215
3934 8218
8391 8876
7369 7440
2246 6888
1666 8106
1803 4229
9077 9901
5394 6765
4591 6381
1421 5252
5447 6756
8515 9507
5011 8044
5538 8859
6660 6751
1606 6716
4060 6186
9698 9752
8316 8845
4838 6530
5354 6501
5144 9439
7055 7803
5367 6502
6419 7038
8937 9088
6084 7848
1138 6347
6859 7771
506 6026
8509 9109
9737 9856
6827 7811
5770 5812
5404 8369
4401 5728
4926 9844
5906 6133
2015 6378
9658 9861
3770 4120
3439 4672
7298 7895
6449 6550
9520 9779
6934 7428
4403 8400
3284 4842
1838 9749
3097 6533
5426 6197
6373 8454
8678 9982
6139 6470
706 7426
1601 1674
3137 3867
3643 5968
9988 9994
6532 9063
3635 9215
9557 9782
9796 9992
5 29
9076 9661
5910 8414
1564 2808
4081 4482
7194 8359
5346 8371
5488 7797
1170 2012
5594 5661
3800 6228
5088 8955
5949 6800
8711 9125
6123 7053
126 7780
3587 5098
7500 8385
10 6322
1735 2685
436 9019
1709 4168
5958 9303
9803 9810
2407 3270
4080 8422
4033 5111
6788 6896
7702 8680
490 8357
8963 9566
2432 6174
7195 9069
7572 9651
7731 7788
3740 4650
4152 4240
1620 2942
1234 1406
3972 4564
1543 6308
3992 6120
5578 9631
8660 9165
1772 7543
6102 7478
2712 9786
2650 3922
6248 6870
2985 6153
3773 6969
599 2033
2485 2903
2669 2697
6567 8703
6229 7594
5075 9337
5655 7040
2111 7083
1540 8968
3500 5026
3150 6075
937 9963
2037 2995
5336 8874
2043 2604
5791 5944
7386 8287
961 6910
2454 7941
5076 6558
5441 9089
3269 7856
2099 5105
5279 9460
4737 7024
3339 9572
1622 2738
2435 7026
2491 2550
1280 8863
9502 9830
8173 8367
3539 6130
805
1481 1316
8335 4806
27 14
2014 1062
9185 8917
3737 1230
8068 4880
1168 232
1736 230
8050 305
8011 3017
4439 1998
7481 6817
8871 8554
3402 2451
4500 259
1158 1039
7365 2705
7696 7651
3986 2502
1669 1460
4598 3659
4513 2110
42 40
9884 6220
1190 328
2566 536
1574 1469
5615 1107
7409 4052
9433 2057
6884 619
1743 839
9472 3864
2818 2696
500 23
6478 3602
289 265
7191 6791
1565 484
6146 3604
6526 649
4958 3755
6566 4885
5147 1260
8568 7846
1976 1875
7137 4013
5644 2878
405 323
6191 4873
6481 2281
4899 592
5607 5043
89 78
9686 1712
611 525
1431 330
8897 2467
1642 1309
7154 2726
3498 3016
6472 239
1999 107
6101 680
8698 2967
6592 3978
6143 5693
2855 1449
6335 2676
7347 7207
6930 534
2981 1473
4432 1504
568 562
4458 3689
9473 3087
8828 3642
5570 2192
2798 781
8485 3371
2601 2484
2791 1361
6871 4793
6820 5771
4617 3074
3843 1196
4690 430
540 360
8656 1699
5169 1474
7744 7252
5119 188
4829 84
2169 849
2742 1091
8777 181
9449 2216
2148 900
8802 7125
2744 2710
2862 1320
4779 942
3865 1395
8694 2194
4283 2282
3447 1494
3061 2580
3484 3009
1869 1630
7230 4715
1189 122
5006 2899
868 521
4232 1767
914 597
5837 1357
6105 5527
4038 3211
1454 1382
248 31
4610 3553
722 285
8647 5785
2964 2436
6560 5449
6951 1347
4214 2917
8203 3927
1085 981
3349 3160
7792 2476
5455 799
3665 2971
7219 4876
572 421
746 2
782 175
3413 293
4012 3845
8729 2416
575 179
341 28
6190 5353
3067 2486
971 271
1908 904
8207 6787
7287 1612
4543 2164
7071 932
9227 6090
2796 658
9490 7458
5286 1445
4397 222
2209 138
5232 3307
6729 6656
5460 1837
5106 4822
2852 2066
4634 2063
9356 3031
2736 1177
2961 438
2425 1682
609 105
2493 583
2768 1212
7315 4578
2789 2698
3617 650
936 202
9801 6642
7644 625
300 281
1890 482
9684 3653
962 677
2312 298
9880 1907
319 252
7414 1515
1306 1150
1263 567
6949 2624
8227 635
8384 6521
8005 7763
1562 357
8801 2088
9596 6445
1136 902
3309 2120
7417 6446
519 263
5109 3918
4210 2929
7459 5373
6675 4946
5294 3685
3664 632
7121 4021
8621 4855
7624 6058
8542 5162
5278 2994
7819 6022
1602 833
4474 750
9824 3765
7333 7054
7648 3445
227 59
7392 6676
4009 3313
579 412
6465 5923
4999 709
7171 4280
6292 5796
9579 6156
1061 728
1997 1188
1503 1294
3056 817
9237 7056
8572 6170
9380 2144
4077 3736
5451 2444
9700 613
8381 8028
1650 487
7556 6195
4438 1465
6911 5263
8075 3089
9638 4582
7606 4931
269 257
1812 176
7774 7706
3409 247
2376 741
8896 5798
3051 873
5774 5317
5990 3308
1293 400
3821 2071
5864 501
3194 354
1086 570
1940 1786
4657 992
8118 7233
4971 4791
1165 296
2077 1265
1926 1438
5651 2745
7482 128
630 580
1077 940
2267 1795
7611 5070
3428 2792
1808 857
3330 2013
713 220
1694 1110
3694 2613
9471 7021
4173 1591
1788 1331
7224 6480
4414 3661
9913 3999
9396 224
7400 2856
1783 557
5034 859
8115 2036
1440 1295
1569 279
2468 983
1259 164
1400 1227
2005 715
161 36
944 843
4649 3920
6903 2836
3117 327
3936 2831
5483 778
9997 4765
4714 4499
5156 2362
7860 5201
1832 590
3656 1044
9440 52
3516 1276
1916 388
6905 382
3424 550
8879 7285
4546 3094
4463 3202
7652 6345
447 251
6011 2024
7531 2535
7677 4465
2996 1125
753 589
3861 3749
9815 767
8047 2333
5465 827
3295 2301
2413 1030
9807 4594
6017 4616
7927 6733
7122 1852
8405 5391
4783 4400
5299 3508
180 100
8783 5211
7022 5163
3833 990
5494 2133
4277 2572
6825 6332
9027 3712
5469 3757
1740 445
6671 2637
1876 1864
4927 3982
675 434
8329 6250
5678 2322
9293 8518
2809 1686
8297 7671
6442 2247
1906 1411
7295 6735
1181 884
6892 485
7769 2324
1982 255
7316 332
4659 304
6055 784
1545 1040
3624 3136
7872 1996
2186 1552
3326 2755
6662 2072
3836 1031
5264 2501
998 118
6531 4205
5769 5291
5013 1971
7086 4319
8447 185
9685 8102
3710 3632
9006 7119
8743 6704
6386 4089
2141 593
7296 37
8898 8133
3540 366
4624 4272
1525 1269
3028 236
4064 3679
6846 2810
7738 2180
5937 3415
5521 3263
2626 1636
7504 1200
7273 1713
9105 7297
2121 1981
3969 2910
9384 93
6509 3267
574 376
5808 3504
996 57
9902 6504
4325 3731
9359 109
353 234
8060 756
4525 2960
9167 8662
5755 2122
2556 2162
4039 651
1388 424
7448 2630
6977 1692
641 431
8882 8358
6067 3254
1577 1301
920 564
3164 2631
4897 3729
7748 7085
776 226
2638 2123
184 54
4097 18
1468 842
9196 2866
7034 67
7876 5064
5939 2711
874 470
9744 1595
1404 681
9666 3215
2010 1256
8699 90
7415 6176
3726 170
1011 777
4428 1338
5839 3954
1313 324
5630 5416
2822 1544
4174 1724
1096 183
352 295
4536 2490
2311 1104
7777 5127
1043 429
3940 3852
8228 1608
7991 497
9544 2391
5313 4515
258 116
3762 2605
8140 3408
6219 5471
721 703
5115 3558
5977 4264
6929 4297
169 15
6064 730
7234 517
4883 2025
6899 6238
978 102
3342 375
6321 938
5333 3709
5579 2418
2857 1613
4324 2733
6586 4271
3812 949
1470 888
5826 4478
315 47
455 125
4208 3521
4972 1626
5714 165
7820 5290
1839 1246
3998 1496
5636 4819
5911 3220
3719 3607
2828 1317
5961 2109
7635 6876
5385 1213
5539 3985
4169 2119
4776 4390
1199 622
4990 4143
79 12
186 129
7160 6931
885 755
8062 6324
7810 1063
1672 115
813 573
4035 759
690 548
3082 2659
4646 4470
4420 3262
6458 1931
2205 2193
7629 673
2222 876
6693 6692
1697 1599
3057 1855
6669 4491
4886 276
1814 381
1745 495
4907 2689
5703 4248
8443 4316
4892 356
9463 5462
2675 355
1551 1023
8969 5496
4410 3355
2947 2557
744 637
6147 4270
8832 542
6599 5685
117 35
196 141
4770 2262
346 206
2876 1810
1659 791
2735 2495
5748 1080
6258 4678
9510 4942
2038 403
3378 2389
5470 3465
3667 3178
5969 5361
8031 7265
8210 1079
9110 4800
3889 1485
3482 172
8188 3869
9789 7603
4556 1805
4884 2887
334 43
9236 477
2361 2087
1964 1300
6443 4567
6959 5423
5138 4792
712 545
976 529
2957 672
7276 4969
4857 480
6760 1410
8220 1819
1393 136
8902 7612
9715 3438
2998 2748
4224 3250
4335 3576
1365 339
459 167
7042 2263
307 303
1896 30
7353 2166
5561 1670
7281 4359
4353 1566
4774 1823
2208 820
917 913
9193 4630
7862 467
32 9
3003 1751
3538 3530
1243 310
9328 9261
5199 425
4605 2965
3569 553
2041 925
6771 1966
5701 3163
8383 3835
7967 4145
9275 8493
9097 92
1383 1050
3912 413
3561 838
4604 3384
3605 2684
2458 278
7360 2560
5777 3621
5660 800
6077 2610
7045 3886
8327 7041
4835 4305
7251 1377
7705 1097
7741 6253
3027 1036
7835 7595
5816 5407
4739 1029
8928 3666
4222 2294
9156 1444
5504 5049
2488 290
1985 815
38 1
8094 6275
660 68
2155 1412
8128 2150
5309 2076
5744 91
5446 4103
6433 4925
292 214
4629 2004
1879 889
5395 3646
7818 7547
2804 2200
1797 668
7372 2784
7588 3682
9527 7151
6701 2183
5038 1580
2785 104
9783 5434
723 591
9123 8610
3387 648
7871 7514
5112 783
9194 7929
8096 3938
3929 602
4320 3343
3044 2686
8380 6982
8066 3859
7942 977
348 101
6447 1249
8826 60
204 53
3989 177
6912 2461
3542 3032
7758 6664
4810 1929
5720 1914
6724 4295
2781 391
6749 6289
2911 395
8085 5228
4059 2251
8560 5172
6295 2357
8574 5610
6512 3069
2699 1840
7755 4841
8317 6779
1559 4
1131 1046
8394 6838
598 474
2304 1510
5712 4093
7307 735
4542 1128
7683 5110
5092 864
4017 1413
8938 1240
3545 2649
9542 3507
5879 3566
7703 7140
9182 4677
3877 879
6456 5365
6535 3132
2220 1965
2602 1944
8929 2702
6161 2204
1334 193
5855 1645
6257 1611
3851 588
3806 2771
46 19
2752 898
1836 1397
5047 3104
6686 6529
7147 6799
9358 7051
831 614
7506 1610
3464 823
5321 3336
5890 3449
6541 4734
2453 1887
1179 958
3038 2258
6115 3481
6895 1773
8065 2051
3777 2586
4713 1538
2523 1980
8736 7857
3816 1237
8848 8492
6659 2129
645 378
3255 683
1327 1254
9689 1632
9305 2892
2480 1457
8002 5827
1180 768
8097 1643
6981 2487
7782 3723
8558 1573
2330 543
6165 1308
3000 2665
1509 51
4206 1159
4914 1057
8041 8016
4664 2240
2215 1446
2365 2158
5081 5062
9788 6673
1094 108
2880 416
9046 4615
3099 1403
8763 1273
8561 4813
4127 1883
1012 661
8805 385
5307 2054
533 155
8024 6585
6137 1363
5306 3435
4105 2606
5235 3960
4030 460
6557 604
4332 2722
2946 2356
6841 3842
8256 6923
4114 61
3831 1435
7410 931
6708 5625
5314 1904
