105
713 3763
5899 9982
491 558
9205 9790
6658 8136
865 8014
7615 9138
63 8726
3667 6386
7956 9141
9670 9996
684 8719
6631 8413
5362 9504
1204 4881
9667 9692
276 9294
5603 7040
2150 9029
6097 8618
8764 8798
4532 6952
420 3479
9743 9796
9416 9852
3805 8929
3682 9331
8021 8093
3884 6084
4047 5733
2455 2517
316 4450
2181 6420
2468 9903
3052 7268
4804 6021
3164 7936
2118 9210
6621 8652
5534 5802
5190 9990
5146 9297
3616 9133
2740 8564
8563 9428
2443 4497
4882 7431
1490 1852
2865 3484
3160 5887
7107 7593
2177 7761
5780 7736
7261 7507
4344 4747
712 9660
4934 5015
7205 9357
8653 9830
8649 9783
9551 9950
3772 7652
3362 9956
3434 6588
13 2656
8391 8791
8848 9906
916 4212
7147 7510
4681 9115
6363 8217
231 2510
9494 9615
3136 8484
6091 8075
1384 7384
4309 7375
3304 9596
4113 6671
1680 3519
5224 7034
2192 7735
3188 4072
6846 8254
4774 5616
367 3929
4822 9535
9074 9787
3573 7145
1281 6028
1790 4194
8988 9421
7090 8135
7800 9218
2422 6565
8388 9061
6911 7505
6768 8204
185 630
2170 6759
8755 9422
1713 7570
4286 7244
5149 7869
9251 9268
640
9343 1380
4236 1146
8744 6018
3970 1107
4609 2544
8125 5954
103 60
6781 5606
4723 1863
9582 262
6058 4342
7180 1042
6718 4776
9447 7977
3372 105
5301 3520
6445 980
1727 759
3298 1842
9999 8311
5450 3370
3815 3338
5144 3773
4848 4839
7892 2039
7108 1789
9047 3428
6886 5593
1862 1393
7661 3638
1593 728
837 550
7725 3069
5269 3516
8838 5666
1947 1021
1731 259
2196 610
678 374
3101 2141
8226 3168
4611 431
6858 4617
4481 1026
3786 2664
4388 3253
1965 127
150 73
7662 4933
7257 4155
4085 1638
2838 204
7741 5506
4106 3559
2696 2214
8068 7716
9118 5019
9898 1767
6878 1359
4953 3623
2570 887
1366 109
8029 6073
5672 2096
7680 2713
3593 386
6264 5599
7520 1678
5106 3048
6836 1286
1152 648
7349 1845
1875 1089
4458 2605
9770 7606
4899 1074
8481 5132
8296 636
2607 84
6505 5428
3470 543
5725 642
5982 1134
4144 2186
1320 765
6136 3977
4011 3387
6675 1587
6833 5660
1403 11
835 739
5695 292
1557 172
2277 2212
4157 490
159 135
1243 232
948 238
7540 445
8209 7582
639 309
3202 771
1287 768
1818 1792
792 632
5617 1342
7750 5834
3500 254
3148 2079
7629 701
9420 6821
37 30
2732 2668
3162 289
2512 1298
416 32
9239 7198
8986 7801
9154 5555
8362 1165
4108 2537
9336 3474
6584 2316
4637 236
7071 196
464 47
1981 1488
7136 3866
1770 1067
7640 4672
2973 2092
7233 2955
2091 973
5938 462
5226 4416
8339 6985
4548 87
3588 724
8696 5066
2907 2763
4490 3760
3982 718
3981 479
7097 2193
810 303
4573 2424
1552 562
683 39
5304 553
9926 8111
6392 4394
8524 2693
6681 1522
3009 2888
6645 673
9858 6430
8230 2600
8841 5567
4829 633
8816 4873
2306 1494
2913 1291
3185 977
8243 5341
4746 3291
4683 827
4512 1994
4624 1539
4186 4140
8981 6654
8847 1525
44 1
7547 3449
1401 383
5936 3095
8132 6856
3707 2563
9142 6333
7754 4610
3412 3037
8908 3
1944 295
4389 3429
5829 4478
6407 1150
3640 1535
4148 1480
2867 811
4386 71
3397 2911
908 4
5950 5915
8338 652
7915 3218
2569 953
7781 3513
1261 541
5746 5118
6692 3156
2985 1544
6558 5128
533 453
54 10
7156 4702
5197 177
3955 227
8144 4542
6218 3777
1800 1558
8542 4724
5185 2477
5435 3152
8396 2168
1101 277
5968 4301
5370 2876
6555 6237
1108 1086
6494 6317
8806 5013
8508 3510
2644 410
6313 823
2084 1518
7814 6126
3416 880
992 606
8410 1473
2223 467
8882 8221
5933 2843
7779 844
8903 8518
6615 4281
163 128
4310 2933
5812 3739
4714 3165
7120 4514
4426 794
4943 1297
298 202
5448 833
8994 2469
8532 6435
6880 471
9161 6956
4136 1524
174 123
4940 2134
5267 2472
2635 2004
1801 872
4180 2904
2487 2107
9564 1063
5458 5039
3089 2706
2307 1132
2711 42
6093 3120
5022 1671
5554 848
2794 1076
4142 1135
9167 755
198 45
5798 544
1719 1603
8378 5159
4883 1028
7491 583
8936 5163
8504 1974
5911 5692
6483 2129
3129 1158
7960 1984
5694 2480
6528 1033
6398 6062
3551 131
4491 1607
191 142
9088 7757
2463 1276
265 157
2478 1031
3117 2244
7063 5806
7958 3364
8519 3405
8790 7214
9455 4966
8950 5542
3974 3597
722 470
3038 1215
4197 3804
1105 536
5097 4764
5782 3257
8244 2870
9538 664
51 6
80 7
5367 3269
740 697
9089 141
8241 6161
9739 2119
4169 1060
2047 1128
7649 362
8597 2444
9433 7024
2671 1438
1218 585
274 266
4531 1240
2028 1726
2743 1115
6378 5230
8314 2185
9715 2310
8394 6474
5260 1670
5571 747
2207 2076
7342 1174
4347 207
1696 525
9434 6948
8516 5949
3301 1186
5073 4249
8520 2765
690 540
55 26
2009 1911
1700 968
3701 3270
279 171
8457 8
6182 777
7577 7130
1268 976
9398 3303
2408 477
3612 1501
4099 2637
720 222
2787 851
4357 2596
6775 6355
3316 3012
4810 3770
6110 4375
5983 3554
785 472
8924 874
8438 366
1050 446
4094 488
1774 675
1167 622
7927 2521
3649 2862
6816 4420
817 130
8480 2536
6325 5740
6239 2916
2777 1270
6293 5739
2528 641
6260 5488
7091 1119
78 48
867 485
9613 8539
9382 1154
5494 849
6489 2753
7695 1742
1621 321
6531 4380
7369 6657
3128 1012
2875 414
2475 347
4613 3651
5121 4315
5682 404
6704 4384
3098 468
982 638
322 307
2014 930
4961 769
6148 4852
2646 1941
5455 1111
2377 531
2381 1513
8168 2836
7103 731
9841 8930
5487 4398
1077 971
9576 6882
7601 1910
2198 1312
6387 4065
7486 4268
3272 2729
7895 5835
7008 1978
3533 762
3332 2448
498 12
8361 8147
2493 1641
5654 667
8707 8422
1001 575
3648 2219
5773 1844
6235 2691
6789 6292
2744 847
6322 2832
8442 7398
8811 3234
8356 4102
963 422
3828 1323
3947 1646
1104 893
7409 5838
5493 4864
7477 156
8642 7610
3882 2103
8637 1360
3497 1092
6346 2324
8027 3983
86 57
7771 7272
9570 8787
110 25
935 385
4789 4452
5202 3909
2739 1787
3017 1634
8035 4569
2257 1449
5862 4821
6476 919
7824 3184
6230 1213
8760 6582
5017 511
9912 3849
5505 5302
3995 85
7588 4451
5856 5514
9864 3224
1482 795
4043 3756
5205 1819
7227 1782
5631 1351
9140 8074
7236 2813
2780 1080
573 293
8620 721
59 58
9498 3887
7965 4012
34 9
4128 1503
1633 327
3452 35
6757 6202
7452 1315
3978 2298
3766 3014
1439 989
9158 967
7589 566
9352 1234
5839 1521
1445 840
9677 8729
9435 2400
8065 1278
8771 2823
9633 356
1533 33
6755 5888
46 19
1597 915
8337 3214
9960 1620
1791 155
4631 82
3577 281
4959 3539
2412 663
8030 593
7065 6493
1353 167
268 215
9083 4433
7312 180
6082 5240
1650 1605
1836 1534
4809 3133
5111 473
829 789
9497 2338
3076 2355
6887 1006
2840 1786
4183 3388
2266 1550
5497 5293
5105 2745
5670 1163
5427 5058
5101 3837
5192 4543
3895 2124
2406 1594
8143 4298
9550 8548
7548 657
4544 2385
7585 3349
5988 5503
5471 3286
7774 3580
6826 3440
8646 5965
2166 1299
6580 2580
2368 1454
6499 6354
1962 1394
43 2
7463 1017
7630 5511
4003 1569
7902 756
2175 1630
1330 885
9078 2336
8236 8009
2488 2199
7437 4604
5586 3163
2180 592
9059 3469
5515 831
89 81
2998 2779
8006 1658
4676 560
8062 7497
396 148
8949 3758
3518 2280
5311 269
9007 3678
6686 6166
8692 5556
4903 2018
3002 781
938 436
7595 1657
7220 2768
6074 2073
7627 3075
2846 1683
9406 6593
2035 1267
8905 5408
7626 444
5735 615
2041 1410
5530 1358
1250 481
2421 2322
5842 2772
6011 4033
4909 2258
1973 388
6562 3030
8264 4620
2345 235
151 27
6823 1232
7546 1925
6448 5410
1602 634
5726 577
5283 709
3415 2767
4242 1872
9789 3813
9967 7980
5262 3219
3010 2683
5902 2255
6116 2746
1729 1400
4911 3716
7148 6901
2160 605
5701 1982
2523 2011
2587 2382
7569 7503
6196 5402
6799 2437
9947 8768
9592 790
1624 568
7743 2640
3566 3495
1961 1143
7760 97
5286 4987
233 102
