228
797 7269
3851 6168
7585 9158
6648 9017
9037 9925
230 8015
1302 1312
9273 9471
4626 6423
8599 9799
1054 2770
1276 8380
2594 3686
4985 5720
1754 3575
2871 8607
6979 9206
7349 9290
8719 8843
8888 9448
3081 9905
4120 5330
9050 9449
7187 9001
8773 8867
2258 8426
8769 9920
9855 9883
8613 8643
3150 6843
3885 6492
8032 8690
7751 8333
6466 7605
4075 4646
6574 6906
2640 5221
7848 9766
3875 4773
990 8208
618 1270
8882 9713
9765 9804
5844 7815
817 8833
1050 5582
4267 9565
6928 9886
9877 9999
6710 9124
6569 6989
5014 5333
1978 3442
3922 5537
4459 8297
8256 9616
6063 9279
4373 6810
1165 6689
7021 9198
1029 7266
8686 9057
667 1368
2531 7864
4406 4699
38 7472
1787 9985
456 9108
9283 9891
6333 8447
9754 9878
8115 9491
2293 9047
3298 7597
320 856
6716 7663
6074 9951
5080 5598
6504 8276
2906 3294
5234 5439
7488 9475
2902 7931
9892 9908
6852 9122
649 6829
3136 7851
2677 5605
7393 8145
4547 6528
8120 9937
2025 6173
6484 9372
5053 5997
7452 8132
3738 5380
9068 9683
3372 9815
9062 9436
7599 9828
5386 7060
2868 8054
8668 9676
8676 9511
4331 8403
9783 9784
5002 5329
4615 6230
7117 8227
9213 9703
2000 8350
599 5466
2485 4930
3541 6539
6212 6372
6997 9538
1140 9991
5411 9127
6713 7955
2495 2994
7469 8016
5557 6649
9964 9994
4014 7683
7456 7754
5545 8177
6926 8076
4234 7555
8799 9935
8399 9699
8053 9718
1391 8248
3825 8357
4538 5716
513 4197
3349 7050
3114 4682
3356 8605
5796 8180
491 5111
8794 9668
6368 9100
8783 9236
1400 7831
7653 8423
2711 6400
1016 4508
1614 9895
5194 8856
4545 7630
9680 9969
8884 9232
9576 9649
2421 4182
6021 7428
3134 5596
1711 2181
2579 7999
877 932
376 8678
523 1769
4987 9805
3960 9492
222 8744
7439 8709
5666 7636
6379 9647
3861 7217
2926 9427
8304 9288
6039 6865
7625 8907
7761 9242
7394 8033
9020 9751
9976 9992
143 6407
9470 9955
7977 9689
167 4329
8094 9063
9483 9675
2534 5263
194 2306
5254 8411
8742 9536
9957 9963
2951 8854
146 4826
5645 5808
6283 9201
5646 6941
9984 9989
324 9147
5086 9214
3600 7713
4814 7140
3341 3987
3465 4627
5337 7289
4036 8770
7356 7552
3495 6025
1563 4945
3105 6303
8129 8765
7482 9632
6587 9577
1638 4664
804 5055
4444 6867
4741 6927
2785 5075
653 3485
9519 9897
7685 8283
5442 8335
2904 7911
419 2027
5984 7200
8122 8655
9504 9515
6775 7059
4549 9571
5824 9152
5144 8522
6250 8247
6741 8747
657
7621 1698
8864 6644
6964 3894
9342 1990
8262 6320
935 617
5771 1835
2183 646
7750 6624
3180 318
868 511
2149 1284
1278 201
140 139
8371 2745
8652 399
4086 2267
6297 4000
9477 4598
7861 1100
9075 873
2782 1674
3768 2326
8943 7372
2214 2210
3948 2526
4860 4282
9853 5902
5986 5966
6787 701
2072 1765
743 6
170 89
4407 3151
5051 3781
6893 805
3492 674
6352 1027
9827 9374
5782 4169
5400 4438
8764 2937
4231 1271
8342 6680
6760 238
7518 7480
6414 2746
9329 4550
2212 790
1439 1206
36 17
6395 148
9474 3116
9651 7190
2193 304
619 13
7053 79
3075 448
7601 232
6091 5894
3119 395
9587 440
2492 1482
7100 6144
3818 1501
6839 1868
4632 2618
428 179
7030 1084
3687 3061
3311 1477
2850 451
5314 346
7379 827
4301 2563
5391 975
7593 594
995 383
8310 596
1689 490
2956 1306
3087 2086
5721 1607
3280 3143
3449 3159
2655 1205
2251 182
3328 1833
7628 2700
1676 1417
7670 4129
5535 1229
1578 1017
4495 3051
5029 1440
8173 6863
2758 204
9223 4835
5212 578
2054 1947
2406 1972
4188 744
6835 2732
6572 4708
5311 818
9125 7767
3451 2530
333 52
9310 8970
9009 8991
861 500
352 121
2665 917
2007 1937
2829 1861
4409 2708
6483 2032
8455 4142
2015 761
3942 378
5968 1941
9880 4403
2978 2093
9682 6332
1805 833
577 26
2929 678
5260 539
4745 4020
2351 1487
6931 1189
5561 2152
6338 4173
9619 8545
956 858
6367 791
272 74
3277 2739
9113 6540
5034 4084
7486 7478
1688 1601
1593 844
9452 4975
3999 2121
9514 8291
3409 1389
784 266
713 41
5368 1499
7253 3166
1005 741
7545 4655
1032 683
8452 6089
420 371
4529 3976
6922 766
37 27
5010 3919
9285 7288
2431 624
7146 3112
8299 6859
1367 1006
5951 582
8201 361
6793 4715
911 442
5670 4151
8151 6932
8562 3379
5943 2314
9270 6747
7495 3635
886 589
1410 1320
2284 1336
273 183
972 673
5694 724
6433 1517
7440 5318
2180 1940
546 336
7550 887
4177 905
2187 1332
9163 1784
6026 684
3111 1399
993 525
3583 1239
7813 2
9150 1193
4869 3650
8697 8287
7122 4671
7607 2138
8347 2051
4013 1067
4992 840
8696 531
5256 1692
8384 6226
4150 1334
356 347
8234 7254
3645 736
1112 857
2744 1445
661 82
3707 3399
3582 2394
4061 202
8446 7082
4897 3380
7639 1853
7415 2858
1702 1228
1883 1034
6704 3305
5547 3092
1188 423
7543 4739
9188 319
4719 2498
6991 5259
5343 5119
2545 958
9345 8296
5009 794
4761 2352
5927 3022
3814 799
385 132
6419 4786
1087 747
115 84
1565 716
6524 3256
1299 1111
9609 7765
7332 2343
3829 3407
7623 2213
5176 3283
3678 2512
9433 5566
5116 2784
1760 110
6896 4455
6887 1509
2221 1234
3169 2019
5159 1324
2455 284
3977 164
6692 5287
7920 4629
4614 1944
8983 4404
8418 629
8596 2069
8249 4885
3690 2748
643 469
9863 3630
2576 572
8448 5332
7010 2706
1712 1515
8190 4578
2600 2376
2538 2436
4703 800
7333 2480
8852 7990
9003 6143
7682 693
8464 6452
6685 6350
1212 135
5715 2933
4840 2083
9239 1267
872 676
334 291
6093 5762
7749 626
243 99
1884 1714
9046 2697
8155 6631
852 384
1137 610
938 462
4625 4445
8229 6493
760 348
181 69
2215 1779
2760 1208
989 229
9643 1679
3595 3578
5444 5427
280 56
1788 1616
2342 544
4204 3182
706 185
1254 759
7310 159
8787 8028
4342 3990
5218 1549
2098 1631
6225 2578
4024 332
1619 754
3865 2989
2476 1741
3685 2031
9721 1534
3376 3062
3693 1584
4572 4101
9450 9155
7099 459
426 389
268 136
5936 3995
6228 1893
8535 6626
6342 3009
8454 8332
7580 3484
7853 7684
8786 6977
8564 4366
8544 7644
5978 5588
8206 5738
5752 4039
1377 1296
6443 2361
7857 6015
2668 1152
6819 6277
2297 1338
7921 7352
3835 609
6544 1398
5150 2137
9563 2595
325 235
4828 3317
6822 4370
339 189
4852 4620
125 46
6241 621
4380 2865
1887 321
6323 1357
5599 47
1590 1395
2374 2250
5974 2981
9996 7975
5224 3642
1215 541
7336 7081
7689 3160
2899 1943
8302 6453
9061 3965
7220 5141
1240 1108
504 275
7716 4450
6463 5074
7995 6669
4902 519
3330 2942
172 34
3848 554
773 636
5471 3715
8855 2648
7029 4825
72 28
6326 4019
8412 4994
7459 5025
6215 4729
1422 1169
7401 350
6522 2354
9123 1585
745 571
5660 60
9512 7905
1758 1403
1160 723
9756 6805
3580 2171
5546 3127
1556 1393
1627 1457
2822 960
4968 2185
5477 965
6428 3295
322 109
5373 2418
3808 2328
9961 3839
1294 853
4263 862
9735 3468
1582 1380
2008 1256
6937 6325
1237 1041
4451 2757
922 149
1811 102
5895 1104
6155 5830
412 331
6667 1224
9933 9918
3362 1634
3886 2879
4180 2921
9922 5425
2852 2769
4352 2009
3301 826
9430 1687
119 57
5909 3397
4882 394
8034 7170
8138 1617
6275 3994
8823 86
5379 2720
2299 1268
5293 2597
7195 6331
3336 1131
6800 1838
9431 9107
5271 3880
2630 396
835 261
9580 2591
3207 3096
5252 1012
1260 471
4149 665
7660 1518
5037 4589
297 271
4069 1433
7531 6965
8001 5052
1502 1101
8505 2502
8254 3762
3816 642
5476 4439
5123 2313
9629 9335
3815 2437
8431 6698
3244 381
8850 8830
4246 4085
9775 8251
2322 1058
9818 83
2407 1095
5548 2142
3591 2357
9254 4015
1620 1281
77 44
1055 600
6734 2238
9728 439
5349 2257
7791 4044
4541 4457
5485 286
9936 1429
1096 848
4012 2788
7451 842
738 85
4310 4105
5007 4344
7510 2869
8619 465
2790 1056
6502 1474
262 114
7045 1431
3500 981
9402 6876
1967 1374
6402 2499
5564 2840
549 392
3214 847
3021 2231
4874 1559
5438 2905
2128 1461
4189 608
9473 5501
1983 117
3836 648
2102 1613
7772 1951
3011 751
3961 575
1567 209
3528 808
5283 2599
4025 3769
3466 2489
5294 4519
6014 223
5855 1524
5908 5109
3391 2239
3275 2172
6456 5200
5914 2696
3864 3508
7944 4724
2207 1646
3906 2100
8536 4093
6101 1726
9972 1043
6659 5805
5542 1438
9899 7842
8896 7594
2377 1120
9786 2372
3382 2967
8220 2034
7176 7166
7077 4899
1566 283
1950 1252
4785 3193
1236 813
2449 1544
6831 1797
2811 948
4528 2533
4605 4009
4803 3401
3559 686
5244 2729
6758 1121
4486 2518
803 776
355 141
4133 762
9058 7821
9383 5424
4621 2801
3544 3517
3813 3300
7422 1969
6536 5198
9486 4029
1434 1307
1572 62
4654 1144
8899 4378
3217 2076
1569 875
2501 1387
3137 914
865 410
7233 2243
700 484
3057 1475
8308 6199
4586 3361
3130 1180
5941 3853
2881 966
4640 1486
6268 4442
6209 354
3360 390
2779 1874
9666 7017
7334 5662
4259 413
9272 2915
8223 1175
815 239
637 373
603 33
2367 343
1437 726
9840 6537
7530 742
2962 1917
4920 3656
4793 409
4336 2802
2114 836
3454 1915
5685 4235
2742 2572
6739 4961
7260 5639
9015 2162
7005 4035
7148 5450
4613 3714
5177 3501
4622 1322
5930 5574
1704 152
2356 1163
7465 1818
9023 3903
1744 479
507 240
7733 6815
5786 4906
5616 4564
9926 9405
1965 1764
9977 7491
5132 1178
3161 434
595 248
903 68
477 274
2119 1510
8911 8508
4428 53
8986 3318
