431
9599 9828
105 4919
5065 5430
4853 9902
2032 5751
3878 9437
1538 8514
8422 8810
349 6445
6721 7921
953 2346
2143 8364
1153 4677
7176 9052
3560 7228
2178 7715
4585 9671
5077 7748
8117 8855
1406 9460
7253 9949
5389 8874
3361 8317
8315 9572
6110 8126
5902 6874
4361 5650
2833 5157
2439 3327
8753 9627
1317 7114
5439 5560
5649 6459
8363 8565
3614 7043
2954 4354
166 1550
1079 7359
4699 8139
6004 9710
3851 7330
6668 9964
6454 8893
4989 6730
3701 5813
3833 5641
1604 9762
1229 2569
7705 8652
5063 6006
337 6963
6866 9289
4938 8403
4943 7407
2648 9947
9910 9985
5182 5196
8570 9811
4762 4842
9848 9994
3209 7319
6113 9464
461 1906
4270 9365
7758 8034
6504 8038
8905 9392
2937 7468
6235 6626
5612 6630
5565 6391
3133 3642
4685 6356
5245 8704
4935 9541
8895 9217
7300 7563
949 1303
3380 6516
7534 9165
3360 7613
2677 4696
9417 9535
999 5657
9467 9901
7694 9738
9669 9953
798 3030
3888 7257
9665 9794
7713 8522
1425 6250
3178 9097
5044 5368
2972 3615
626 7832
6964 7216
4372 6441
1583 4869
1445 7392
8693 8778
1409 2742
7436 9520
2266 5913
6579 9759
3683 9162
9892 9976
5615 6398
3301 9247
1555 1730
2783 5024
1310 3999
5699 8495
8377 9790
4818 7084
6796 9419
9511 9807
6086 9844
9981 9991
3728 6461
1297 4419
9852 9873
6331 8015
7637 8213
8539 9521
2958 8559
666 4058
3190 8579
8413 9145
2147 7881
5438 9285
250 6640
6014 8050
5652 8372
5534 7536
2361 6527
1673 1697
5744 7786
1223 6675
9302 9326
5524 8109
248 8146
8419 8432
5572 9008
5434 5742
1680 7511
180 2150
3729 6425
9819 9821
7541 7596
6617 7528
3197 3891
2479 8365
6532 8058
2678 7419
7662 8182
4775 7131
6691 7524
2184 8696
3733 9398
5967 7566
9206 9259
3591 7347
4417 6614
8104 9121
2868 8996
6947 7241
4507 8998
967 2219
8014 8393
576 6768
8598 8932
6201 9550
9899 9989
9026 9641
7061 7752
2616 7795
7229 8668
5168 9218
4161 7850
1793 5668
2142 3143
9098 9826
6648 8447
3404 3626
4338 9095
796 8188
4503 9804
3293 4852
8702 9107
1285 7605
1315 4748
6523 7580
3951 5808
4057 8597
3214 9334
4599 7533
7640 9832
4360 8824
6288 8398
2088 8032
5623 8071
2245 7462
2561 6094
5495 7542
1246 2373
8517 9105
8314 9891
8406 9500
2657 6018
227 6375
1132 8128
5552 7274
2476 9933
5248 8523
6031 6089
8070 9124
4245 7612
5070 8148
3720 7791
3094 9081
1167 1607
287 8318
2430 5817
2771 4516
7027 8079
6056 6738
8708 9435
2117 7461
8428 9858
4650 7352
9140 9478
3031 9613
2611 9462
4000 8282
6934 8268
3436 6482
3877 7428
4207 7380
4715 9127
6326 9418
8672 8730
8265 9275
1575 1656
5356 8062
4364 8721
5938 6176
8347 9406
9089 9513
28 5958
5224 8653
4926 9443
6377 6434
996 8689
2343 9203
351 3353
8223 9768
7626 9388
5516 9750
3284 7187
628 4139
7 9080
5935 5965
7736 9522
1326 5597
9767 9829
6087 7796
4868 8748
845 4672
7988 9549
9152 9706
2524 6819
5996 8477
9871 9948
9445 9650
2815 3826
9134 9715
2911 5667
4323 9002
3625 7311
9017 9033
2720 2770
6895 8911
5399 8273
8264 9308
9141 9774
440 2024
7702 8913
9455 9704
197 1561
8176 9675
1647 2329
6586 6974
6352 9155
677 9332
9147 9540
8871 8930
8400 8629
4287 7743
1296 8277
4555 8013
3451 8574
1049 4751
5936 9261
9457 9581
8651 8925
5299 8876
5049 6195
4331 8493
3220 4256
1993 8047
1540 5084
9354 9700
893 3828
8618 9028
3392 6635
1853 6578
5215 6420
3437 6139
7220 9698
8250 8566
3003 6977
4454 8349
815 6472
2066 6661
4795 7917
5023 8739
5815 6836
4189 9346
2305 4022
2614 9809
4078 4973
5568 9323
4148 4153
6077 7133
7813 9491
7254 9057
3535 8224
8212 8297
4954 9067
8850 9093
3423 3765
116 8027
8660 8683
9039 9783
9328 9378
7893 8453
749 7402
7480 8095
9526 9944
5892 7449
539 5312
1832 9937
7288 9696
4991 7630
9338 9838
8786 9731
9499 9959
8555 8804
5425 9763
309 4332
9298 9420
7453 8458
6883 9689
6806 7597
6851 9251
1400 8105
8912 9628
3458 7339
537 6236
942 1984
4285 6870
9224 9725
9734 9963
5702 6406
5031 5453
2433 8303
1718 4690
2445 7000
6787 9668
6136 7599
15 1375
3675 4317
3315 8370
6457 8483
9009 9239
6731 7306
6707 7412
1998 3322
4925 7735
8067 9606
499 4927
2552 5107
8387 8830
8688 9898
5858 9508
704 2620
5933 7357
2146 6680
5289 7581
4612 6191
6452 6460
6103 8630
746 3139
6765 6957
8392 9582
4980 5386
2612 9283
601 4092
7466 7676
6709 9297
2411 4835
5032 8644
3990 4620
9469 9923
8589 9523
958 7650
3742 7635
2475 5254
5249 8947
6983 7028
8042 9470
7691 8582
6239 8772
4277 6542
1270 3211
518 1300
5566 9184
4019 5604
6734 7403
3095 9209
781
8631 2210
1820 487
4464 244
3482 1354
9739 547
7005 5391
4581 2241
7816 2660
1359 932
6584 363
4008 1944
9600 5798
4029 2296
8401 6033
8446 4108
4809 421
1955 1341
9376 4984
8670 4569
4679 1088
7250 5734
3445 73
9465 8866
465 342
4007 791
7578 3028
6653 2968
527 252
2320 1775
9191 7174
6903 6253
7920 6392
4802 647
1618 773
4407 1858
1485 1365
2732 1000
1646 631
1074 115
22 14
915 290
5710 5673
5955 561
9564 3130
3127 2710
7788 2553
4901 1826
1738 1398
3577 2126
8325 6200
7432 525
3254 1163
4121 2173
7697 45
9339 4262
4109 1935
4889 1122
5515 4035
954 356
5378 3466
7710 3346
7348 6674
9649 5019
6072 2052
58 50
8119 2812
9527 4867
488 271
160 57
6305 2534
7320 1468
5106 1475
926 608
9709 3295
8436 5418
4850 2896
737 143
8097 3545
5462 3386
6613 834
3033 1830
401 151
1856 1524
4106 3250
980 478
4594 4123
9074 2053
1959 5
6915 5457
4522 3905
8983 1136
679 196
3232 240
2233 391
5277 615
7928 5544
1546 607
2275 1992
9868 764
8789 5794
4552 1807
6764 975
8 6
6214 187
5022 3248
3134 399
571 44
6571 4961
90 74
6583 5135
5780 1144
3743 1584
9673 7194
4150 600
5662 3026
6020 4459
3347 3088
2359 2331
2107 1950
6030 5094
7734 1455
9626 6896
3819 54
7915 739
398 392
6655 2855
8312 7728
3151 2123
8438 5949
3363 1433
5354 5097
2371 1004
5648 3971
6106 4539
5183 2027
5485 3053
1382 816
6070 5498
3465 1446
5140 298
2340 1008
2816 2056
5698 3779
4344 1978
634 34
6027 3410
2013 1444
3431 1563
667 149
1523 532
8410 3708
257 126
9735 2315
8253 1117
3378 1849
544 65
4446 2058
6417 5244
460 43
7919 3377
2885 605
3721 3595
6368 2421
1428 992
389 40
7409 6312
2483 1760
3991 1788
4510 2413
4151 2447
3902 2628
8916 4933
5279 2352
8851 7474
5943 1112
2298 1411
7583 5319
6329 4050
2274 2213
872 107
1994 1159
4725 3271
5971 2292
2992 224
5765 2550
4028 2768
6891 3817
2935 2015
7767 1512
9337 2835
9758 5041
3692 2125
9800 4567
7740 7625
7872 204
6772 1039
8943 5558
2559 1069
1936 470
5178 5100
282 56
366 129
7350 2212
4589 2602
3676 2805
1130 783
111 10
3177 876
5161 1744
3160 1336
7115 5455
4964 355
2537 1949
8628 7530
6008 5670
5048 672
2706 1138
8970 2262
4799 4745
2157 2092
9537 8204
6164 2367
2624 1474
2577 649
4866 1497
6809 6466
7153 2229
7356 318
8823 1765
1241 869
4305 1662
1448 13
6487 5197
5976 1436
5726 5688
8454 1166
9330 7119
1852 1587
9825 4788
96 75
9479 7226
6984 4851
5318 2395
3165 370
2578 1731
3932 2388
5330 3235
6606 867
4967 53
9593 8330
4252 3154
2293 1567
5487 5346
9186 3433
5211 2680
5898 5678
5697 2073
6775 4888
6064 2829
6778 1092
171 139
9924 3864
7641 7514
838 261
9416 5869
5679 2418
7990 2789
9368 7744
4463 1301
847 767
9730 970
2983 849
2880 1789
9531 4524
9038 8046
9422 5709
523 243
5781 3247
9250 7255
4391 1865
2627 359
6140 5521
6833 249
6631 4843
8055 569
4727 1507
734 673
292 67
3237 3115
7026 6177
6456 4512
9131 1147
6940 2769
6794 3732
1696 293
195 99
4424 3520
1749 700
1093 501
598 87
4095 1308
7389 6689
5167 2811
8537 344
4861 2254
453 21
6362 5087
5274 1764
2110 1652
7328 581
8341 7888
5188 1952
570 334
6409 1480
968 428
7116 2530
5550 2523
6158 1975
788 98
2919 1291
5756 2860
5451 3727
4199 310
4041 16
5741 2270
434 374
4702 2349
5361 2603
9054 2208
9421 7265
3105 944
6597 3333
7224 3731
3803 2892
8872 5293
5191 2180
3014 2818
5407 2060
951 237
4045 1268
2934 2118
1387 259
7441 1982
8665 5194
5824 2286
668 491
8919 7538
4359 4067
7869 422
2365 1571
9835 5535
4076 1011
8486 6735
6428 4562
514 410
2461 1449
1613 529
1811 750
9900 1351
6066 2635
5796 3516
1877 108
4723 3319
7102 442
39 30
8075 5327
8151 1252
1374 641
6790 1876
5301 3351
4780 1594
6745 727
1629 305
6672 1364
9163 2354
9129 8655
8091 1767
2719 618
4597 998
5170 2333
9087 6065
7303 7071
5108 360
3730 1422
8808 7886
9055 3719
6658 6015
9314 4571
2741 2617
5591 4111
7175 2943
2197 986
1105 1005
1527 1221
1030 987
3047 960
4706 3024
9918 564
4087 2947
8726 7189
3072 2781
836 388
1525 1258
1898 1085
8150 1665
7433 4071
9952 6773
3956 1675
846 313
2565 2300
2496 404
1412 681
8746 3989
5020 2729
9468 3427
1100 857
3205 850
2471 2042
1883 1175
7730 4443
7803 3912
8316 3019
3502 2542
7733 2531
2202 285
1472 591
1842 765
4269 4247
8553 472
2227 485
4 3
4413 1191
2007 38
9301 6981
6755 4477
1751 1154
5071 2290
274 246
8904 6830
4907 2401
604 574
9153 5665
8192 7648
4978 3163
6310 5985
4602 420
4916 2800
9161 5680
9426 8509
5057 3543
3982 3345
2718 1355
7842 1435
9256 8476
8526 1901
7489 4595
7938 1792
4001 1169
3580 1597
2589 1178
5083 656
1273 1254
1226 864
8183 3453
4820 3526
4548 2977
5770 5546
5303 2583
1782 901
5355 275
8284 1657
8591 6429
1989 1968
8240 1267
4082 1403
7940 2609
8738 2850
1116 822
266 124
6845 2186
7909 2650
6297 4232
49 42
4457 1823
3970 2798
7615 3530
3108 1041
645 76
4441 2979
4680 3760
6746 4518
7234 5306
8928 8171
5857 2521
7198 2600
2407 2400
2629 2084
245 47
4924 1413
5847 894
6358 4693
4426 2478
4877 3125
383 88
2103 1899
5058 590
4527 2398
6490 3292
2040 441
7442 145
9446 4198
2256 1650
8081 7482
689 32
814 471
1108 438
9787 8507
7987 1176
4509 3700
8435 2093
3239 2756
6370 448
4124 2238
2120 1896
6228 5939
5256 3759
920 918
3168 685
7054 4180
1013 251
4885 736
8355 990
5613 1401
2536 1259
2899 1530
1709 1295
8411 2236
8641 7546
8123 2964
2243 413
8142 2888
2172 125
5336 72
6628 168
6810 5096
5440 723
6615 877
3456 963
4738 2075
6013 3527
8057 6573
247 193
7040 1897
2054 78
5446 4293
5154 3588
6343 5633
117 26
7587 6659
3558 85
6685 5082
8434 3647
794 256
4162 1951
4641 1137
9875 8272
1666 62
5525 1139
5488 2268
2124 112
7804 1328
2389 1522
7914 5003
4394 1840
6220 2271
9199 4786
5941 2108
3507 1810
2364 1625
688 157
5982 4532
9993 9242
9803 9106
4890 4259
1261 260
4582 3494
2541 2459
7982 6759
1228 716
5200 1467
9436 3222
1644 759
962 128
713 289
9450 3428
6360 3935
1067 503
6969 3856
7651 808
7815 7670
708 450
4932 3590
1143 123
658 86
2728 538
5530 4546
9614 475
2116 1848
9433 150
3579 509
711 163
4009 2644
2695 365
1305 328
5239 3432
2004 832
7246 5214
8281 2063
4768 2817
4871 898
4700 2679
860 610
3446 350
4486 3791
6464 2900
3291 2018
8952 3092
5325 3809
4406 2724
1559 411
8246 6149
7077 3758
3959 1025
8646 2391
709 188
4276 1260
892 270
7371 4579
2807 1190
1932 476
118 79
3425 302
4666 4020
6701 1814
5639 4209
6638 4203
8300 7551
7293 4204
7593 3249
7970 4815
4631 4241
2848 2623
6003 4397
2038 147
5039 226
239 200
862 785
9616 6999
1386 1313
1185 579
9235 2867
2104 1724
6347 4955
5121 3509
8293 2673
6741 4912
9992 9049
6495 4470
3400 2215
3349 3259
141 82
5283 630
3149 2480
5931 5481
5376 3330
3813 3300
5818 4845
3085 201
9997 5712
3242 2950
6878 4814
6644 2372
315 23
361 2
9453 7383
513 348
4319 1431
4793 3459
2593 2149
6636 338
7062 4913
9656 6418
8291 4327
3228 781
5285 4838
7565 2717
3299 2598
9908 1804
4240 3613
7827 7656
3306 2871
2028 1719
2709 775
5806 3994
5002 3596
408 236
1813 212
209 119
4687 2918
8965 6091
5152 4105
2856 661
2878 1773
8383 1879
3262 241
3957 1099
140 84
6488 5492
7322 5733
5686 3517
7667 5317
1043 347
2394 1460
5088 4193
4530 621
1361 594
8613 2458
3553 446
5540 1756
6892 952
5527 4015
6284 3998
6865 6381
4005 707
1003 103
5067 4558
6447 5611
158 142
36 24
4460 2477
6841 1626
3820 1466
5192 1974
2584 325
321 264
9764 3889
8639 6736
8634 870
575 510
761 504
7479 4144
6154 5464
6972 4381
2348 1776
5180 2939
2564 1551
7760 2518
5333 4466
7609 1235
4433 1255
2151 2078
4190 104
7343 6521
3381 2240
1862 137
9893 1044
3074 1790
5721 3910
3273 2402
976 839
8080 2503
1358 548
5826 3469
6419 4647
8715 2338
9384 768
4887 2431
7703 317
183 132
3314 1385
1026 467
