673
63 1695
9458 9981
3723 8780
5344 8562
4593 4913
2325 9182
9866 9989
7860 9619
3633 4552
2615 7443
4082 5554
9550 9632
8721 9660
9900 9971
3085 8086
9195 9573
7604 7975
7231 8708
3109 8415
5641 8127
5756 8756
975 9263
3289 3980
2376 6144
7693 8577
9678 9938
8648 8677
7706 9816
3113 3906
1667 4232
7115 9016
5665 9511
5963 7754
1572 9352
46 6572
5826 9941
5510 6353
3716 5466
4908 9815
1142 7044
4336 5618
5875 6066
2861 8674
9931 9986
624 1348
9743 9896
6278 8779
2272 3269
7788 9295
3251 4057
1064 6485
6560 9924
9102 9822
7409 7997
4014 4132
8813 9569
441 7564
2992 5284
4243 4599
3998 5044
1211 1960
2938 6795
7957 8479
9028 9586
3505 6926
828 3504
7099 9322
2582 8197
5063 5758
1655 5855
3849 9377
6094 8554
1379 8363
2913 3142
9892 9990
3882 7382
2948 3586
3761 7119
9384 9913
2880 5274
2270 2672
203 8835
502 957
4351 7326
9605 9613
9366 9695
7379 7861
4160 7328
3364 6740
5656 6490
3627 9217
6236 8255
7897 9335
2967 4565
2997 9214
9988 9992
1433 4463
4459 7842
291 6114
1531 4439
753 6437
9601 9923
252 4790
8569 8790
6754 9445
9111 9391
7191 7602
2378 3879
639 5278
6225 9172
1282 3300
3778 5837
3263 8051
7653 8151
2253 5125
5984 7616
6599 8286
663 5059
517 6986
565 6033
6635 9587
3266 7429
5155 7319
3579 3717
4801 4972
179 3367
3069 9562
7215 9676
3071 3886
5587 7759
6167 8993
4201 9762
8915 9043
2506 4710
2907 8338
6247 7209
1733 8100
8310 9190
705 2668
6397 6524
4746 7556
478 6791
4337 8746
2895 5029
8002 8602
8777 8877
9520 9611
8762 8772
5674 8932
7475 8150
266 4230
5790 8169
7761 8618
7507 9549
9976 9982
1623 7713
236 5181
3928 8303
9285 9526
2437 6983
1843 6687
7941 9307
5357 8542
9820 9868
8957 9859
5940 9819
1442 9633
5217 8285
3796 6848
2381 6059
6198 9521
4629 6255
9222 9430
7141 7628
6178 7967
6907 9965
7380 9131
5566 6372
305 4037
2361 9079
1122 4320
751 6721
488 9702
7067 8280
2793 7954
7934 9041
3933 4326
5049 7902
1810 9067
5438 6394
9851 9863
5813 6987
216 6464
6694 9777
3011 7246
9030 9094
2188 2516
9662 9727
7385 8201
1896 6523
4887 8814
3535 9249
6857 8348
1946 4721
2274 5773
1351 5964
2640 9582
4631 5822
2686 8267
3951 6869
2421 2467
655 7625
6484 7006
7467 7923
3385 5170
1789 9071
3043 3382
1302 9635
3700 9771
3257 4633
3499 7202
4728 9790
1419 7460
5671 9312
5802 9165
7242 8126
8294 8987
5603 6737
7834 8377
5728 5954
3873 5568
8661 9745
868 6162
8057 8270
8054 9113
5360 7611
700 9742
7783 9574
4884 7872
2636 7813
9381 9568
3612 6183
2078 6604
6120 6662
4268 5133
8386 9304
4735 6834
7300 8606
3885 8410
7940 8072
2327 4988
8258 8787
8155 8718
9122 9812
9737 9799
7691 9167
4830 8268
7256 7449
7787 9891
6548 9588
9536 9572
5385 7028
499 8206
329 7042
5650 7359
4010 6655
7709 7760
1540 2302
5431 8923
8982 9294
5184 7913
302 5564
5236 8818
7500 8553
7748 9885
5651 9706
8396 9980
8490 8545
6961 7311
2338 6761
2651 8213
1273 9091
9092 9427
3550 3831
628 7979
6482 9177
7522 9256
3823 6781
1982 2418
3036 9374
6844 8759
6802 8389
1383 6860
6898 8351
9321 9719
468 7225
8309 8965
8228 9072
8272 8320
6674 8322
1831 3033
355 7480
1959 4889
3937 9347
3837 8962
4065 5946
6818 8505
8336 9732
9318 9343
6473 9075
1616 5062
2314 3715
7972 9086
2472 6531
3213 9063
4414 9350
2696 3929
4833 5208
2888 7786
5673 6817
3934 9443
3836 4774
8394 9649
5245 6309
6095 6102
5032 9226
9284 9584
6525 8092
227 285
9626 9864
2982 3941
2260 9598
418 3743
6565 8972
3810 8323
4369 8385
6275 9718
3025 4173
1666 5224
3456 5264
4934 7989
320 752
4097 9507
8775 9591
6212 8402
7523 8061
2255 8372
8605 9303
8999 9959
1041 6536
3949 5187
5574 9502
1528 1872
6388 9431
9800 9829
8269 9663
2067 2226
1907 8070
4847 8162
5901 8523
765 5825
2989 7657
5707 7622
8177 9918
3640 6567
214 9120
6028 9907
4556 5027
1536 4745
7101 7597
2059 6026
2966 3642
7654 7829
6242 7544
6735 9242
9667 9767
340 1012
7168 7341
3539 8181
7785 9677
6707 7176
3349 7100
8447 9395
6763 6820
7146 9475
7442 9013
7079 8616
2744 3341
9348 9798
9203 9289
4444 5281
6699 8229
9518 9703
8424 8473
5129 6238
3797 6822
8250 8511
6880 7344
7273 7364
284 9646
3018 8763
4254 8895
6349 7719
4843 9047
9378 9836
2054 8795
4558 9952
6071 7508
8007 9146
2499 5253
2521 4740
3127 4161
3417 6991
3255 7703
5988 8502
4111 8552
1635 5400
4507 9889
3713 5226
1691 3314
9170 9682
9789 9839
1411 4490
337 1404
5249 9054
1199 5351
8019 8317
7952 9213
6068 7435
6269 7477
2555 3817
9946 9993
148 4673
6887 8637
4729 8986
2303 9964
4293 6982
6497 6760
4940 7250
6062 7167
7700 9508
2396 2649
559 9648
1071 1120
7901 9496
8418 9062
5212 5652
5888 7414
3904 6695
7741 8520
7251 8840
7234 8472
8382 8887
9652 9870
6641 8069
9228 9305
7060 7520
4453 6224
5316 8486
7714 9645
2669 6801
4039 8374
7416 9185
9650 9985
7405 8684
7990 9532
9064 9930
6477 7548
7497 8731
6017 7742
8854 9158
324 5755
9482 9602
3245 7292
4301 4664
1829 6257
6534 8099
489 5035
2618 5346
7056 9843
5748 6396
9320 9607
6925 8980
1035 8050
3679 5570
3389 9740
7981 8379
8392 8902
4442 9442
647 6343
9082 9099
4216 4911
8735 9749
4714 9711
5581 6580
8039 9098
2371 5670
6912 7697
9600 9823
526 1481
9471 9788
3008 7962
2497 7575
274 5890
3623 7171
4607 9594
3072 3820
1350 2374
1360 5569
7701 9867
28 7282
6326 9567
5135 8565
910 2760
8357 8501
7456 9465
4606 9407
923 1956
4886 5858
1084 4803
8529 9341
8021 8691
4617 5060
4655 8558
1912 4441
1931 2021
5638 5884
4536 9291
8611 9056
5953 6307
6204 6469
7696 9372
9797 9862
7953 9106
9618 9655
7182 8421
2824 3685
4046 4679
5828 5948
605 6145
7152 7837
3523 9500
5020 8857
6587 6809
8156 8439
3578 4280
9548 9875
7753 7971
6730 6843
5342 5592
3079 8811
9679 9761
249 9455
1346 4755
6578 9029
3336 4165
7631 9279
6946 7674
4535 9123
7248 9419
2788 9914
2974 4924
8701 9763
4938 8508
3057 7420
8679 9436
2006 7743
2236 4149
4297 9808
4919 5115
5504 7838
6726 8477
3478 5751
8592 8778
9969 9983
9315 9683
4854 4864
4253 7407
4659 5426
3802 3855
5198 6486
6499 8560
7938 8917
412 5776
5447 7092
5150 9898
4749 5851
2693 8082
2879 7438
5121 7192
7352 8262
6620 8304
5517 8450
4109 5292
8000 8705
2317 3419
3662 8951
3449 5314
5805 6387
3546 5636
9802 9953
4890 8210
7022 7228
9429 9544
2060 2284
9861 9936
6158 9232
602 5379
2400 3103
972 5655
2434 2493
1688 6416
1162 3625
1356 6111
4581 6046
366 6003
4788 8753
1425 3725
5329 7024
8089 8157
1250 4612
6488 7354
6794 7542
3332 7920
6676 8037
303 4518
1949 7716
7750 8308
5742 9721
7951 8465
6273 6714
6758 9069
4845 6318
6310 9514
8633 8671
1864 9073
5254 8700
9486 9760
3792 5939
2511 7274
8642 8656
3965 5178
7698 9528
5863 6701
3734 8425
756 3729
2577 7452
6777 9130
3543 8454
3387 7482
6393 9076
1934 4352
8149 8319
8098 8878
1293 2335
2822 5951
7562 8861
1344 3202
6814 9100
7516 8975
4644 6458
5538 6241
3779 8313
4348 4375
2583 3318
1881 7307
9736 9818
8344 9363
3404 7083
2706 5922
8191 8623
6927 8122
1154 9040
681
1214 535
3768 2838
248 60
8636 30
6679 1128
3301 2863
1833 1778
3599 3426
8694 5349
2488 1702
9349 4129
9919 4870
1298 1275
4000 1748
3971 1705
1361 1100
9126 3058
7294 3390
5626 1060
7764 3731
5739 4707
1289 8
8657 5413
2911 794
1470 121
9830 8400
796 563
5433 3348
6854 3168
75 68
1104 256
6489 6259
6358 4542
8929 1204
5997 1703
7893 1568
9199 1935
7926 3669
1149 1016
1036 696
7686 4287
1232 342
9729 5317
5990 2014
7183 6628
3067 1057
8959 4403
4965 572
6948 483
4947 300
3342 1024
8647 4796
3236 2286
1878 1851
371 224
3932 2694
8770 5734
4471 745
9871 327
9278 2343
2999 193
2638 2258
4648 95
5390 943
137 111
5764 4113
3557 2090
4142 3108
1624 1484
1570 462
7030 4865
7988 101
2439 755
8817 3571
1813 1227
7771 4604
7875 4491
237 62
3680 2695
9355 7428
1993 1764
3986 3860
3783 902
1658 1265
7391 4147
5785 2194
830 200
2447 2212
2533 1133
5589 2108
1782 1543
7015 2657
3317 2841
1686 1218
8593 6952
6217 1286
6903 1242
9968 8059
3870 2018
6063 2899
4344 2503
5428 4031
5839 850
4025 3321
6540 4225
7466 5265
4435 3691
4601 577
2017 1239
3637 2386
3565 1184
3780 918
5003 3343
8723 5702
4061 2735
2249 809
9074 5330
6553 2027
8703 5792
6741 3975
2622 1085
4044 3976
4350 3489
3746 2800
4678 2149
6301 1333
1711 1191
5052 956
1834 338
3816 1690
8482 958
8600 2352
9134 8539
7224 5800
6613 4307
23 16
3458 3320
6083 5319
6586 5088
8488 5392
8498 4758
5958 4554
5420 5324
402 65
3077 546
7016 6265
3373 1693
4927 1461
2246 45
1257 603
9561 8977
135 76
7882 6338
7774 1354
1508 1473
1490 213
8222 3134
1714 734
1170 185
2393 81
7728 2066
2070 2010
6511 4550
8113 2631
5669 4360
1520 1519
4818 2046
1847 1193
50 14
4345 834
8557 4688
3327 2591
1364 1338
7000 5664
1497 1278
93 73
4050 1290
8104 2848
4530 1476
2165 242
1760 351
7982 2965
9510 5259
1369 88
2956 1775
2152 1830
3840 640
8640 939
2575 570
1194 744
9540 211
9778 5089
8137 2845
8015 838
3772 2835
155 100
2061 927
5459 4848
3090 1961
2388 599
2731 2644
411 187
6640 3634
7720 1067
5355 5293
3902 2562
2792 2676
7765 7039
3362 108
582 407
2446 1777
5489 2178
7123 4155
4704 4684
1776 1389
4744 258
865 122
1913 1638
7137 3144
8574 6956
2709 1876
4782 2222
1132 679
5799 632
4675 4580
8062 1532
7969 7280
662 604
1765 790
4680 3293
2930 822
3763 1399
4708 1915
3268 3101
4878 4583
2028 608
5993 5787
6379 3567
406 53
5989 461
5925 1786
4957 2037
2111 357
7017 3379
1738 1304
2983 1371
4634 2452
1020 308
7290 2814
743 425
4725 3853
1729 887
4252 2552
7636 6448
6733 1573
7218 427
4110 973
6853 1444
5640 2271
1279 1042
9208 4362
5130 3258
4944 1226
8254 4334
652 598
6785 6170
5480 5195
1317 892
776 251
2718 2397
165 140
6450 3273
1049 949
2891 2265
9773 1098
5977 4051
9135 4417
7074 6516
6082 3256
7490 433
6302 3313
597 20
4276 3994
2623 1965
6689 1641
6833 1126
8690 2825
2600 712
9915 3830
8330 6796
9962 8337
1569 1504
42 2
1136 1110
2155 2001
3410 2542
7678 1249
6143 1459
3084 532
4452 2606
7205 719
6592 2219
6380 2045
4189 1206
5124 2264
8381 5279
1609 931
3605 3156
4660 2799
7381 1381
5100 806
6581 1809
3589 1117
5911 682
5689 1326
8604 6451
3930 3508
4757 1312
4208 2756
4971 1751
4871 788
4996 3880
2775 2458
4163 381
2915 1675
5532 5244
7671 6415
5522 1471
7088 272
3041 2167
4591 2995
5784 3430
2955 2677
2468 2243
1502 1475
5152 3548
2203 153
7361 5754
1264 458
4115 1591
1005 556
3503 1308
3460 976
8341 8053
1891 1027
8518 5436
3502 2934
6239 2688
8282 3030
4935 1439
823 403
3388 3150
8757 7722
1090 937
3752 2502
4356 107
4652 3253
6160 854
1822 1649
9640 4159
767 70
3996 1976
530 448
195 103
567 66
979 600
358 226
2896 2422
9105 3306
6193 3233
6713 104
262 120
6295 3014
8516 26
1168 130
8886 7281
5696 455
2482 2291
5196 2666
1681 812
4429 3298
3561 1754
7125 6861
6279 623
9221 8876
5359 5025
6825 2491
1768 156
5677 1352
3197 1015
6161 4431
8395 6168
7881 1574
1930 709
9781 8380
1138 736
123 43
2077 533
2558 1589
4316 3551
1578 375
5540 1767
8345 163
8147 1221
6047 3887
2569 1795
9087 1580
1582 818
289 40
5926 4114
883 693
6096 2275
8139 7798
7851 1910
9428 7799
5730 1329
4152 3376
8119 1145
7668 6103
6303 4636
5456 921
2773 832
7690 3572
9547 3167
2566 1661
9897 5533
9003 3282
5722 3131
2206 687
4590 3466
4766 817
1936 1228
1892 1621
325 277
2318 612
6752 4202
3826 2602
7020 5371
5723 2173
4624 2945
2377 710
4653 1763
4373 3593
3132 2964
1407 1357
5200 1720
67 5
984 697
6042 3128
8483 6918
2269 219
25 18
8885 7018
5991 1441
3395 154
7221 6775
8429 5276
8599 5043
9932 5690
6732 5093
6008 2680
2909 718
9267 3465
6173 180
7426 3618
4753 388
5612 650
6743 1486
9690 152
3047 2613
8036 3259
1715 164
7870 7684
3212 1900
1598 629
9368 8830
4066 370
2048 1984
7136 1180
5561 4640
9017 6187
1474 980
1083 239
4995 4858
7644 4107
1176 276
5804 573
8733 5565
8457 1548
1836 766
4408 83
1424 695
6964 4079
5204 731
4086 1157
6367 5959
6056 5338
8464 3736
8046 7355
4553 3093
1945 1225
4859 1468
7040 970
2740 926
5478 4134
336 198
290 139
3394 2626
77 31
6317 5034
3874 760
7203 415
9691 7134
1654 1070
4842 2628
1093 617
3533 1296
3015 1860
9007 5463
3274 174
742 240
3194 362
8948 5270
5180 2440
8327 4555
8221 7195
4717 3898
8182 952
1079 1050
6124 114
7310 2926
5644 4148
3451 511
6430 5454
1248 708
6064 5215
6779 4718
221 173
7430 953
7232 1274
9495 7777
5507 5440
7473 1680
1359 930
7106 4305
9107 665
8224 6631
2122 2084
4832 1464
8853 5998
390 49
897 802
4017 1971
2716 2209
6750 4238
8133 6023
6776 1370
6942 4021
2095 1255
3360 2546
2980 1082
2894 2465
2232 124
7269 5418
2069 1095
8349 6902
6420 3335
7605 4520
2851 1134
1337 702
7210 3611
4397 3173
8629 5107
5749 466
778 12
7129 1607
7669 191
1111 74
2559 2399
2339 664
8276 330
8856 5713
4730 474
2548 352
5157 4893
9433 6142
5916 3888
4589 2661
4837 1844
8879 3434
2674 374
3365 3019
84 11
9501 6990
9490 3522
4327 1968
7488 5038
7879 4770
4560 2501
1740 1355
9680 896
8537 8277
1823 1387
6243 2862
5172 4798
3042 2234
8583 1089
9408 2143
6220 3774
3344 196
3868 447
8115 1811
3454 2410
7087 3798
4690 3275
2204 995
1559 1192
9048 5491
6251 3496
4672 1665
292 36
8163 2973
479 44
3183 1002
5637 3749
6889 5201
6100 4982
2743 2353
1940 267
6182 2162
1499 1443
3450 2230
6375 3600
5883 5542
4531 4495
8846 5912
5973 3537
1619 571
619 59
1247 487
6244 4256
7233 2189
9220 6179
4620 3909
2691 553
9253 6200
6151 4820
4267 2975
8960 6953
2139 1164
3386 1246
344 143
5762 1595
9616 1347
4347 1300
5611 2053
9296 8844
821 377
4958 3990
9392 5525
451 356
8584 7502
3201 2529
8209 2768
7733 7126
1557 1485
5213 2858
4078 2058
7002 4377
4013 3688
1427 711
866 131
9629 257
1056 354
9137 8865
5642 4711
1195 218
4605 2242
7825 470
9019 6405
3180 3149
