149
7413 8039
8656 9563
9419 9509
8115 8848
5908 6619
1884 2569
5110 9181
6697 7286
4787 7608
419 9930
3462 4059
6895 8795
4362 5440
8445 9908
5936 6921
1637 3322
2852 4064
5937 9532
4388 5394
7148 8578
984 9105
4143 9567
6226 6353
9156 9169
3512 9114
501 1488
2019 3690
4324 6722
3282 4349
6450 8231
449 5227
1356 7292
5026 9438
9852 9912
558 3967
7297 8432
3192 8256
6758 9486
4405 6122
762 1215
6455 8524
8880 9850
9704 9707
1326 5769
340 782
8572 8668
6138 7660
2573 5626
8214 8391
2336 6169
2358 5532
7634 8714
6608 7165
722 3923
4183 8699
8942 9767
3491 5006
5947 9665
7444 9603
9669 9712
6738 7566
2794 5496
965 3300
2364 7287
2739 6579
7925 8640
1699 3569
8218 9878
2518 7916
9540 9987
2858 4961
9335 9385
119 2735
5726 7178
274 9785
6504 9126
3765 9270
22 1971
4328 5570
7810 9683
8784 9224
681 5639
1957 3443
3025 4124
9656 9957
9321 9761
1221 3090
1431 7226
9766 9797
7948 8354
9995 9996
8931 9012
5280 6886
4674 9118
3671 6254
3406 3736
7816 8698
3164 5696
1643 4762
7951 8970
9273 9960
8476 9204
520 2347
6942 9008
8409 9577
5333 6532
6014 8296
7736 8650
9101 9725
971 1095
4186 8236
6025 9896
9326 9444
1844 4354
5756 8358
1103 3370
1241 4035
533 9607
2762 3646
78 5187
2383 4586
3680 7254
9503 9697
2652 4847
8169 8536
9340 9680
6804 7811
712 5213
6426 8911
7820 8566
271 2023
4050 6900
9525 9843
3601 7157
4078 4215
1970 8203
1959 4890
2700 5032
8940 9737
6069 6646
806 2815
1423 8289
7646 7677
2345 5953
1958 9772
6582 7552
35 7441
2902 3489
6144 8951
312
7474 5393
4195 43
2290 953
8580 447
2944 2308
6881 892
1628 138
636 13
5420 3628
1330 81
5746 1506
1816 1292
5326 4499
8816 8038
311 74
5618 5334
3451 3213
2802 2325
693 182
5794 4639
6847 5714
2377 1272
857 307
3104 2513
9125 5278
8372 7152
5095 3624
5923 600
2475 1540
7711 5834
8718 1022
5667 2943
1539 555
2010 542
752 637
3231 2291
5136 4075
6906 2982
2714 492
4083 3828
3876 1799
3138 800
1809 171
1903 731
9143 1237
769 669
3929 2335
7669 5444
4815 2376
7040 4274
6153 5671
6381 5125
8736 5542
8189 2385
8489 2192
808 86
7260 342
1673 1552
6656 6598
3235 1519
4058 3169
4457 1782
8472 7798
4777 1688
6079 4289
7125 4725
5849 1854
2138 730
3581 727
183 176
2749 655
3264 540
2332 1659
2862 2719
3896 2817
2186 1207
9424 7470
6020 33
8311 5672
5638 4547
3374 2646
3284 2095
7882 4139
9531 7557
4513 4333
6506 5772
1327 120
5524 4541
4356 2555
5144 356
943 127
9017 1852
6346 4238
4902 3689
2455 426
8684 5941
7765 6208
1881 899
6907 5248
9944 3830
5755 3474
6515 3166
6981 3247
9670 9185
442 291
7134 5629
1601 362
1632 1291
5458 5208
4889 561
9734 9325
7495 1066
4906 662
4830 1806
5963 3492
2158 1288
4377 1310
5084 1648
2100 436
9332 8512
6419 5483
6129 5844
4571 62
6655 2954
3561 207
7515 2537
6720 3996
8587 5510
9374 3240
9664 7033
6643 6483
6563 377
6999 4516
8196 7109
1606 534
3790 1362
3444 3428
7276 1798
3308 2060
5012 2533
3132 2228
5140 1931
6699 1516
3696 2751
8765 75
4197 1041
28 23
9304 7509
46 18
3394 1733
4140 2764
8622 5292
9504 1465
2527 298
6485 5147
5948 2488
9499 8504
6052 3518
8303 4348
5376 61
9079 586
2630 2261
7989 3625
485 199
1515 1096
2761 332
1470 628
468 414
4032 2067
2160 1187
3044 2781
3649 2399
1623 1149
1781 591
9966 8637
79 26
8509 8156
6491 1178
8180 6696
7023 1150
925 40
9746 4063
2230 788
828 658
5380 2919
1430 635
1670 1393
7032 6446
3931 2689
1704 4
5064 829
3301 1131
1663 517
3877 3555
1446 924
7565 5504
5826 4671
3589 2203
8238 5843
7672 7480
1891 613
3992 3693
7163 4768
4335 1492
5189 2480
6556 1685
1165 38
8965 1904
2096 1808
8004 6627
3082 2788
6731 1906
5230 4544
85 7
7199 5220
5223 4391
8087 7339
4014 2511
5340 137
6947 416
6356 4596
1501 1006
9794 6097
3825 163
1464 1157
6782 5077
1978 1396
4885 1697
1658 1558
4129 567
5719 1180
2244 1333
8847 5678
6610 5010
8943 180
1513 1384
8110 6350
6912 29
8117 3505
768 497
7084 1831
5442 1042
7268 65
7242 123
9231 4148
4941 917
1693 674
6771 1791
2550 2285
3318 1503
3608 3216
5090 1109
6879 2309
5815 5322
5587 947
4692 4164
9139 5406
2027 1845
1368 275
8376 1263
5431 4684
7503 5059
9638 2970
5021 4594
1750 848
4114 2333
1173 718
8305 4318
5957 3079
6218 1555
5025 331
4925 1745
8281 5865
6095 4360
3477 507
8834 2084
4754 1013
5305 3722
6565 5763
5887 1600
7423 11
3088 1064
9635 8127
4476 3103
8027 2806
5464 1748
1832 273
1017 872
7313 5181
1386 88
1794 593
6256 1528
2418 1557
6904 4739
7098 217
8527 792
4490 174
1220 205
335 132
5203 781
7546 6490
7397 6412
286 84
4920 2742
677 488
5014 3698
2296 695
4117 261
9598 1047
5960 3853
5606 2078
2706 1071
