391
2808 3377
8892 9711
3498 5353
4552 8385
6507 9986
3286 3944
5619 8815
3712 6473
6097 7529
3340 8719
5807 6418
6402 8904
3814 9087
1511 9568
1861 2979
6312 6464
7037 7236
6847 8706
3701 6810
1262 2913
263 5130
9644 9869
3890 6373
563 604
6840 8728
4722 5606
4894 5336
2970 8946
7365 7755
5933 7893
7833 8657
7806 8722
3942 8167
9942 9979
9003 9670
8543 9806
1338 7885
3767 6825
2516 6690
8390 8898
4983 6297
9241 9701
5385 5967
7120 9449
9048 9417
6947 8058
4339 6857
6904 9891
8899 8989
7095 9553
4443 8628
3868 7546
5395 5725
2395 2936
6539 7025
6791 9796
4632 5279
8647 9422
668 9133
4031 8202
7656 8873
3108 6400
1561 3265
5120 6084
5623 5783
4652 7700
9747 9828
3135 4996
7306 7984
1393 4988
957 8077
9895 9934
7813 8074
726 1714
5677 8123
2842 4425
3620 5818
4826 7442
241 8757
8656 8742
250 9222
5860 8007
2198 3705
9428 9816
4167 5035
3007 9495
4718 5504
4189 4623
3913 6989
8003 9603
6902 9791
8685 9758
2500 5025
178 5924
3791 9677
7463 9875
1827 7634
2587 5334
1624 8062
213 8199
2648 9146
377 9506
8029 9510
6414 9748
9237 9294
4197 7189
4942 9980
7374 8303
8845 9774
6688 8585
5445 8921
7134 8515
4560 7635
6000 8752
4428 8085
7565 8284
9204 9385
9571 9659
7779 8985
6734 9951
1985 3758
3203 4360
2110 5695
7923 8369
9043 9954
2551 6283
6335 8487
3538 6355
9161 9185
9271 9810
494 9904
4627 5575
7113 8417
8739 9952
670 6139
7383 8353
2631 4764
8149 9024
2212 9792
495 8500
5449 9569
1883 6391
1678 3585
9139 9990
2852 5681
2823 7588
8379 8525
6896 7511
1698 2898
7758 7946
9074 9141
7512 7956
1009 9756
226 3832
2398 6544
2002 9618
1900 9314
5759 8970
4798 8504
2962 3856
7895 8455
4367 9781
2884 4351
1614 4470
3156 6333
6826 8420
8623 9312
8207 9137
1345 7028
2543 9539
2971 7793
4019 5149
9402 9642
3187 5931
214 7735
8798 9339
2161 4513
8531 9898
5251 8663
9835 9953
2498 4844
6867 9412
3432 6608
5110 5573
1962 7375
5704 5992
8971 9448
5058 7062
5740 9746
4532 9681
36 872
6358 7140
8992 9576
8561 8950
1423 2619
3675 5948
1574 2739
6777 9197
2444 5689
1847 2244
3291 8494
3849 4158
4709 6491
5956 8573
1281 1914
4294 7322
9606 9913
7710 8481
9047 9364
1111 5866
4491 8944
7966 8682
5113 5323
547 9200
4389 4584
6153 6699
933 6371
91 3778
1155 2380
3889 5650
861 1708
8474 8801
8952 9502
4739 5223
8265 9649
8496 8590
9080 9105
8758 9560
8511 9765
2740 6512
5799 7296
815 6950
9896 9993
1231 4636
9421 9587
9572 9961
7627 8528
6365 6368
7535 9341
7584 9581
2099 2581
1356 7702
9347 9509
6713 9907
9277 9351
1940 3008
7690 9552
8934 9369
2331 6259
7275 7878
8246 9945
5328 6965
8405 8870
8066 9427
4805 7969
4232 7968
1882 2806
8002 8710
3456 8360
1717 2102
2985 8709
7580 9929
658 1888
6185 6235
9638 9917
953 7342
4079 8548
1099 2386
2475 3089
3738 8418
6605 8569
1185 4218
4012 4143
3681 4789
3326 5676
8655 9822
2227 5022
2298 7019
3484 6143
3046 9131
5598 8549
1215 8911
5541 9795
7871 8803
4135 5416
8028 8692
684 6856
3582 6405
3264 5157
5738 6763
4008 7644
1139 9699
1896 4931
9258 9880
8664 8707
6520 6936
9535 9739
8114 8881
3275 3451
7645 9461
5310 5863
695 4285
8579 9210
5993 6451
7830 7998
4257 9936
7107 8392
2584 7136
2793 5593
8897 9843
4535 6124
4293 7499
1988 6665
7263 9406
8110 8220
5848 6789
5636 7321
2582 5134
762 5259
4851 9855
1685 7643
5906 7737
5217 6257
3909 5764
5372 9217
8194 9908
7357 8451
9741 9933
2274 4879
8098 9324
7552 7585
8859 9446
9089 9330
5359 6673
2125 4870
2888 8905
2953 6666
5265 6056
5840 9861
1588 1830
8532 8958
4320 6549
9794 9856
4052 8501
1334 5801
2917 9303
4570 9315
6880 6984
6954 9113
9653 9881
4176 8835
2067 6919
7934 8912
1239 5346
9798 9823
6533 7360
8530 9673
7294 8651
2512 6030
5746 7015
9067 9916
1942 3850
3461 9225
588 705
7540 9844
1795 6385
6727 8381
4962 8601
2133 5869
1306 4277
7751 8383
1673 6823
1389 3137
5015 8482
1737 7808
8621 8750
2865 7173
6619 9251
6598 8067
789 4715
1397 7193
1770 3855
6496 8512
2251 8324
959 5344
2905 3854
9601 9789
6033 6849
8642 9018
7659 7746
5479 8731
155
371 318
1022 139
5901 3342
7953 4938
3351 1713
9504 615
9435 2449
7620 4880
5017 4048
3929 2655
5774 3493
7326 1127
6853 2196
2043 603
5851 812
6832 3567
5751 3882
7382 1600
724 465
590 288
6802 1961
9592 7418
2064 1777
926 686
8327 3525
7912 1728
3336 1404
9775 9229
2180 1365
6247 1391
6054 3431
9706 7829
3210 3139
7526 7208
4818 2987
9786 5572
8678 708
9370 2666
846 441
2627 16
7201 1810
7039 184
2872 1030
220 41
5809 4184
4995 672
1871 1264
1500 1467
7133 992
9102 3590
8082 6303
3409 1459
4333 2567
8534 3869
5447 4383
70 30
3650 1804
3990 1162
6149 4328
1270 349
143 73
2397 1934
3175 2223
1817 1248
2210 154
85 59
205 176
9261 7937
9114 1915
8996 8142
7765 1731
6296 5350
1598 274
1746 985
2286 688
1235 204
5042 138
7508 5814
1289 153
1980 191
4749 2078
7549 3717
7269 4499
3953 104
8075 4275
630 521
1272 589
2989 1653
9536 6456
3636 2305
3704 2235
489 95
3831 1709
8479 2575
5371 3875
5603 2315
9938 5907
7625 3317
8345 4030
6452 1779
6398 2926
1142 699
2514 780
7341 6629
4086 3216
8988 5518
3322 3079
2407 6
2269 704
2479 1103
973 60
9095 685
643 19
761 591
7933 3787
7428 553
8527 2794
1234 632
4155 1949
3416 1891
3490 1850
280 38
9378 3786
9035 783
7132 2245
4757 3968
8941 4828
2769 1464
1092 115
8347 3306
3732 3221
8325 3020
4803 40
3845 3337
1903 1483
2026 902
8225 4444
6346 2753
9992 7664
2036 101
8670 3948
9107 8048
7522 751
2 1
1526 242
909 315
6621 1625
9617 403
4599 2536
3933 1620
4605 3619
3144 2194
2532 2406
4066 1655
7709 259
