737
7480 9903
1398 6295
5803 8656
5367 5578
7987 9353
7767 9216
3215 9207
1249 5857
1042 6035
4116 6696
6018 9085
4528 9833
4923 6281
3082 6395
1218 5141
7090 9336
2702 7202
9578 9801
6947 9195
791 2802
3235 4805
2937 8029
8278 9933
7498 9628
2533 6163
8547 9202
3294 7708
5903 7061
2209 3301
5108 6259
7102 7247
1061 4499
5308 8782
879 1090
2397 6627
2040 2715
8714 9942
8915 9421
9129 9436
8022 9491
9749 9886
8057 8404
5557 9338
3860 8951
7963 8384
3080 3476
4021 5257
8117 9877
1468 7551
6692 7620
7388 8380
9366 9982
4814 5270
928 1474
385 5619
7362 8795
4789 6754
6544 8097
115 4715
6897 7593
5219 9846
8405 8409
1609 1979
4399 4561
6981 8383
6262 8204
9819 9953
2366 7277
4888 5350
973 7935
9478 9927
1874 4872
7696 9191
1304 5494
371 850
1688 7174
4862 8579
2182 3396
7716 9079
845 9080
5041 5447
3433 3689
2387 3675
6563 8407
1514 2218
8309 9174
3380 9135
6425 8876
9114 9523
9599 9747
5181 8745
3950 8988
6531 8677
8710 9000
573 9105
177 1198
5049 5279
6804 7402
4997 8789
197 898
9928 9947
6878 9757
6497 8071
3652 7528
5826 9138
1516 8378
6061 9600
4273 9382
8821 9630
3635 7047
3200 8175
307 3288
2303 6923
1354 9661
8109 9673
3899 5416
2572 8273
3945 7625
4314 8929
7762 9092
1067 1418
3554 8987
1723 3277
9029 9739
6159 9766
3650 5514
7924 8799
4430 8941
9542 9613
6221 7177
6583 6983
2061 2883
9505 9636
474 4735
7175 8107
1128 4043
490 1608
1473 3439
3498 9889
3673 9594
5153 6636
9618 9692
7017 9363
505 8845
2112 3324
2272 3494
4654 5309
4486 5703
3125 8461
267 7347
5796 6526
8241 9908
7538 8887
1563 2675
6700 6938
1621 9990
8312 9572
4886 7225
7650 8131
1153 8018
525 9058
8206 8445
8568 9495
4815 5216
13 1103
1832 4752
9222 9596
8570 8952
2599 9346
2066 5059
199 7083
9632 9891
240 5521
6042 7986
9444 9681
1209 7400
9556 9750
9974 9997
6014 8049
330 7996
6063 8249
3075 7890
8226 9428
1029 5975
6611 9283
1252 2728
1254 7863
894 9883
1305 6008
5922 7926
7248 9205
5676 9862
5606 8968
5867 8723
5215 6642
1071 7387
6183 7262
615 3651
4050 9301
2304 7879
8818 9044
5539 9073
3803 8159
3707 4194
8899 9394
3334 3687
8525 9463
4643 6059
9001 9475
3790 9007
6659 8270
2168 5185
4908 9300
3895 7415
5501 9507
6365 7046
6504 9691
2378 6895
2867 2940
327 7171
2478 6535
645 3160
2291 2357
1908 6936
2555 6950
196 855
7278 8406
8542 9390
3444 5882
14 3800
8573 8752
2848 3139
3786 7041
8709 9954
7977 8844
8410 9840
2078 6426
712 905
755 5474
1405 4099
1679 4670
7586 8767
9183 9762
7561 7642
6089 9922
6756 8015
3823 5332
8150 8168
1929 4197
3924 5784
4664 9288
2465 8160
472 7701
8948 9668
6652 8917
9212 9830
6264 6991
1685 9342
5587 9538
380 1521
8370 8426
5399 9701
586 667
3837 7433
9004 9201
5655 8480
598 7130
7425 9088
5463 9977
4342 4565
5464 5487
2695 9778
1892 7834
9326 9946
3717 4384
3347 5236
5266 5298
2907 7646
4398 5738
641 7864
2767 9056
5297 8316
5393 7515
7381 7835
6644 8538
1073 7242
7338 9290
4786 9979
8178 8865
3473 8896
1762 2724
84 340
7081 9127
39 182
3344 5915
7390 7933
3327 6576
9802 9952
8452 9964
650 9539
3059 7201
4428 5289
6086 6181
710 825
668 7843
5323 9614
9369 9703
4276 4761
9433 9551
7658 8764
4555 6332
696 3031
5901 9398
7121 9467
6610 8400
2401 8214
2929 7142
2464 9885
7666 9400
3315 4186
5021 9540
1661 6437
934 2271
7655 9985
6328 8125
4773 6820
732 6715
3117 3515
7235 9376
7690 7928
6905 8626
2974 5732
7510 7830
10 7200
2945 9898
7925 9089
2665 4224
5234 5622
6660 7281
2615 8080
7133 9026
4202 5618
389 1724
5380 9025
7231 9499
7438 8330
6168 6283
808 8292
7761 9261
721 2713
6178 9788
9672 9775
1232 5328
7669 8218
6034 8967
7837 9693
7511 9032
3086 6418
7679 8535
1510 2944
3320 3855
6255 8425
9607 9962
8075 9265
1712 5346
9178 9740
2583 3018
2762 7529
8751 9413
9949 9978
5592 7656
5764 7087
2173 5700
2892 3495
6694 7569
6620 9489
7464 8885
2810 7779
960 4512
5337 6491
1372 7088
1727 9509
8833 8873
2743 8548
6608 7734
1923 2951
1792 6849
4444 9969
4578 6303
1306 7074
4255 7239
367 4279
9347 9823
5011 6886
9848 9994
6874 6987
231 9545
1139 9279
5192 7871
6438 7968
309 1805
3865 5825
8995 9530
3336 8447
1241 6080
8895 9470
76 857
9070 9527
281 1505
8431 8848
2567 4884
9617 9844
3351 3827
1683 6388
2950 5499
4595 8099
6508 8722
2384 3894
5302 8673
8017 8321
3308 9284
8234 8392
3643 8139
1878 4082
5534 8715
5023 7059
5258 5293
3502 4782
8638 9002
1917 8427
3381 4649
2932 8306
3174 7916
5564 7468
2708 8209
7841 8718
9841 9892
4407 6071
3431 8740
8041 9508
3406 3740
3365 5598
9605 9642
965 5926
1552 3035
780 5442
2741 9609
7891 8298
636 5238
2624 4901
1660 4365
16 2088
7228 7653
1118 2669
1408 9670
6906 8926
555 6235
8545 9646
7392 8813
6338 7320
9624 9866
2090 8169
448 5115
8095 8420
6009 6758
29 8473
6547 9849
9606 9851
5898 9430
3448 4945
8954 9751
1467 8766
9368 9388
4188 5002
3629 4294
7847 8459
9854 9919
6773 8872
475 6293
5860 6622
8120 9038
5512 8728
7780 8849
7172 8119
7647 8210
2106 6517
8841 9814
2826 4439
1515 9031
6835 8586
422 4310
1686 9882
3159 3227
7346 9863
3371 8238
4395 9067
4980 5830
7870 9457
2770 3832
3715 4791
2672 7300
9852 9925
1202 1342
7361 8104
3537 6752
5269 5292
7861 9286
6127 8076
5338 8706
3133 9447
7828 9719
2642 5994
3544 5928
5220 5942
6630 7816
8248 9768
5671 9357
9512 9577
8933 9362
9936 9998
6707 8043
9581 9644
5140 5329
9282 9810
3723 5757
4167 8319
4454 9900
4692 5307
9458 9593
1197 1415
8637 9108
1208 4465
2093 6979
704 3278
8282 8901
2171 7180
6499 9297
8478 9516
2703 6011
5456 7570
9490 9708
680 9476
3039 4611
3384 5226
2258 4461
2674 4113
6137 8824
3532 4178
6597 9948
4541 9865
1261 2694
3255 9829
1000 7273
6863 7483
8702 9485
7820 8523
6278 8465
2581 5594
1188 9560
1316 8512
4270 6631
8904 9910
2936 9834
5858 8289
4453 9859
1551 6995
9698 9706
3779 9631
168 5406
699 2499
4775 6856
552 1869
6873 8630
3441 9941
7481 7615
8886 9393
4475 9493
5489 8142
5861 8077
5223 8149
9351 9651
7789 8485
2913 7418
7580 7787
701 5154
1037 3648
4911 8561
7195 8832
9767 9838
4242 4890
2635 7353
3309 9303
1663 9381
7310 8524
5129 7136
9741 9926
5032 8532
8414 9587
7814 8652
9745 9858
6723 7970
3233 5859
2621 6838
9515 9682
3241 9328
4170 8498
5696 7597
7506 9777
3948 9957
7683 8936
1142 7927
2104 3120
2953 8382
7766 8161
3042 9432
4863 9316
5296 9616
8479 9583
6420 7764
6803 9837
9170 9189
9378 9880
1478 5653
2264 7853
3130 3769
4677 8446
6350 7626
3763 8118
2493 9010
3725 6760
3426 7270
8359 8815
6234 8124
3023 5344
7105 7997
5312 9909
6509 9345
5717 8583
326 663
3915 9417
886 6057
873 1797
9603 9905
7526 8694
6322 7609
7751 9639
175 3163
2483 8245
167 245
6521 8003
5772 6916
9553 9914
3401 4205
161 8966
3359 9081
5734 9773
7699 8026
3716 4793
7116 7535
3754 4286
3463 7011
5237 9967
4502 8351
7957 9226
9427 9924
4322 7440
5429 9894
2804 5495
5529 6296
5018 5909
2899 6374
6083 9429
7206 8301
8211 8379
7784 7962
487 5460
1750 9236
6284 7355
915 6224
1732 4987
5525 8038
2787 9626
7554 8205
6354 9811
6529 7584
4447 7169
2337 2580
8348 8554
3225 7576
5761 9233
8020 8182
4950 8247
2971 8402
4610 7730
2952 5927
5694 6539
6564 9770
844 1550
3259 4471
2338 8642
1223 8985
438 2888
3468 3856
8675 9306
3957 8892
5762 7002
5178 7855
1225 8602
8682 8911
7178 9683
718 4013
8980 9206
5886 6012
4754 9477
8607 9209
9084 9173
2917 5687
1446 6345
7157 9325
324 6483
2019 2982
1047 5083
4200 6963
329 4759
7735 9568
3017 4543
1913 9902
9273 9695
1487 2663
9694 9959
569 575
2769 9446
5472 7813
8171 9718
67 7842
5537 9036
679 3661
535
1583 964
1210 1050
9536 5165
4212 1051
4551 4044
7904 3555
8267 4110
9143 254
8487 7108
3036 614
3548 781
515 214
5417 3929
3041 1151
5725 4165
5779 434
6764 2985
742 415
9557 8307
4765 162
2103 1821
8008 7145
541 292
3110 584
1897 1200
4979 2508
2542 2334
7063 1539
2363 2091
8785 3392
4424 4257
4966 3777
7744 4609
8009 5131
4977 1692
1840 1231
2127 1557
3677 3323
2072 1347
1112 295
4330 751
1919 361
8163 5492
4824 2374
5284 3617
4346 1934
3560 360
1744 1233
1689 311
6243 1640
5905 592
2653 1548
4878 3292
9549 9397
4120 2321
8617 8449
3447 2350
1387 807
4369 2855
3249 1074
9229 5755
6693 1836
3711 1518
9061 6119
2600 817
9305 5384
8847 8823
4744 758
5954 2279
5957 5812
2574 62
2735 96
9710 5124
9468 4954
3128 454
5144 4
4685 24
9996 1420
5980 334
1647 38
7884 7209
7512 1253
6403 2057
1450 661
444 60
1813 471
8189 8079
5209 1627
190 32
4602 3253
256 210
1265 443
499 376
3936 3869
558 497
745 238
5477 1717
9779 449
8629 8180
122 23
747 288
1922 1626
7432 3511
7380 1136
1263 216
8363 319
5737 5712
8859 6844
4318 3207
1195 1054
984 551
1407 560
1544 1212
5230 529
9350 5806
5538 1158
9712 7671
4026 1324
9689 804
3181 653
4638 1323
9760 5517
8035 5785
7238 2912
1948 1126
506 395
399 181
7037 1844
4831 4357
5066 2149
8560 4495
8874 1720
6410 6019
4156 2988
887 405
1030 783
3477 1636
4603 4114
6490 4336
8762 4028
8691 7423
400 11
2373 861
8302 1876
9937 5899
6476 991
6226 3089
3705 1650
294 36
9049 7302
9154 8397
722 279
2433 1590
323 72
7179 6335
5546 2022
3506 1669
8565 4841
3480 3198
7164 518
4264 851
4563 397
4720 4403
2587 378
3220 2904
9246 1504
8981 6462
3166 1623
6968 4962
6977 2610
4150 382
169 59
9907 4601
6472 4472
2044 1292
5580 2585
8297 3140
6743 5161
4396 3795
1068 1021
8829 7758
985 398
5169 1760
523 206
1734 759
6151 4083
2634 2369
6990 852
6671 4637
9971 9510
8761 2656
4811 2084
4159 2608
9020 2244
8490 3739
2016 521
6952 1320
142 63
3438 1595
4455 4268
3539 2242
8471 6444
2825 2811
3595 1115
1591 698
2305 931
467 192
891 675
3812 339
6864 4248
1615 25
3300 2446
8123 1536
5037 2450
553 69
7923 5920
4883 847
9835 2814
4758 3912
3352 685
4244 2286
5306 1766
6654 2092
2700 1697
1015 241
1168 201
5272 3694
6607 943
2616 1798
7869 7319
7937 7897
9874 1203
6432 3663
4931 1569
7748 1756
1992 460
5012 796
8994 6038
2878 2507
6398 4450
618 543
6649 4509
338 40
7617 390
1592 1402
2315 202
6222 4095
3893 3188
5877 81
7411 7152
5057 496
1295 265
2474 2314
5134 692
8264 6500
4631 2198
3883 1796
4695 4055
6275 3010
346 83
9732 7009
1649 239
2764 2414
19 3
34 27
3647 3148
3466 1960
5724 2684
6326 139
6065 5989
5007 3150
260 129
3940 3022
1926 1345
1319 501
7218 3189
8749 2519
953 164
8033 5158
4388 1737
2677 1567
7827 6390
6730 6473
4363 4015
9360 3405
7010 351
4394 2285
4158 564
2161 1651
6223 2842
5488 3440
3203 901
1806 31
2261 446
2059 1383
1614 119
6943 6082
5377 3724
4766 2329
775 45
1955 821
8232 7503
6138 2639
3698 2330
5046 3016
2087 1414
2381 362
3081 1395
9793 3364
3340 1900
7903 3978
8369 1435
8243 6256
8721 2686
4833 3713
993 188
9186 5353
9309 1648
3097 829
1970 468
160 22
3873 1399
2331 2097
9881 3009
8595 7527
977 102
6549 739
1123 325
1930 1154
8763 2055
2749 2575
7859 788
136 107
2531 1701
7194 621
1056 420
4086 2108
7509 640
5805 5325
2025 1363
1924 341
2541 1374
7838 2164
4452 1156
1607 1278
4190 1811
9853 724
7267 5889
1680 1382
9752 1046
787 403
6360 563
4777 4441
8335 3551
5540 4306
8672 6265
4006 2245
5034 3194
3289 345
7677 7493
1928 1579
6182 4704
9986 3589
7499 4030
9795 3492
1673 1584
2552 289
411 135
7778 4547
2601 1099
1003 223
8628 1280
4606 1246
6007 1963
830 646
7308 520
2406 794
642 308
6913 771
1843 1234
6482 3625
4016 3538
4963 344
3659 41
8072 485
8162 3318
9383 5855
5603 1830
8862 3943
8689 7403
4928 4162
7545 6120
7710 3372
4681 2864
2980 1920
7303 213
7284 3066
3178 1555
2984 1676
948 723
1251 220
2230 793
876 421
6364 1602
9684 2640
9645 8408
6880 2964
1428 1351
6230 455
6809 5268
3165 2667
3991 2696
3523 1943
917 495
3751 321
2488 171
2873 2352
3014 278
9277 8893
3214 896
4442 1765
1780 166
6528 1787
3096 2919
6739 6705
1989 174
2077 798
5104 3983
4105 1227
4479 1192
6682 3946
8747 8135
947 831
9821 1433
8831 5968
7127 1736
5299 4614
8275 5672
2843 797
8864 7949
5095 2353
304 157
4585 2424
6481 1489
5787 4675
2221 1882
9869 5137
3984 3222
697 298
4024 818
9676 7803
8360 728
9931 5933
4356 1662
3306 2798
4771 2203
3310 2486
7571 1834
5838 2192
3008 504
2902 2525
5662 2528
1916 1389
1968 538
4570 770
1879 1114
4985 3319
3115 941
664 144
8393 4996
3106 426
4133 1327
1912 545
4191 133
8809 4354
9805 1176
2358 1434
5893 913
7051 198
3926 2783
4469 4078
7012 1761
8739 2729
5921 1994
3627 255
5319 374
3489 2846
4856 2030
3885 1835
8229 5035
1484 1469
593 26
715 377
5974 2853
4118 1214
3645 1618
8880 6614
9528 5658
5355 2628
4803 410
9808 5566
7224 6780
5562 5088
4011 1875
6719 92
7592 68
9046 1931
865 848
2806 1062
5837 3331
3353 2796
3631 539
8819 5435
6720 6352
9961 4887
6258 1671
942 459
8836 2141
2196 717
8444 2705
932 15
4992 537
4984 3888
7070 4012
2052 1495
5336 3729
5533 2420
9451 6054
6920 3756
2270 556
2551 53
8733 6989
284 191
1069 939
2901 1630
