18
3523 4532
1505 5227
9426 9588
8616 9490
6223 8947
405 7120
7049 9091
9386 9850
5636 7649
568 2525
6797 9755
466 536
2640 9560
3761 8322
6799 7373
9525 9859
1712 5735
5808 8016
584
8008 915
8602 4090
2008 831
6253 672
5806 289
4522 346
2789 2674
2670 748
9898 5752
1168 345
7 5
6767 1266
9052 8271
7982 2312
2719 1001
2220 1603
7174 6880
2333 809
29 18
6403 1556
3340 656
6780 2211
5362 3034
7260 3565
1250 1024
1849 242
4644 2486
4151 2832
7177 5841
6268 2072
8128 1757
3377 6
722 277
4568 1485
1705 1259
3943 848
8431 5849
2393 1754
7290 3278
5049 3156
9054 2175
956 847
4369 1678
3547 3400
2427 65
135 66
6537 5613
7602 7320
6400 1840
8010 1088
1641 950
3086 2436
352 314
2961 1524
8444 6310
9174 4256
919 394
4666 2048
7514 4346
803 539
7115 4487
4870 4040
7867 451
561 143
1097 760
8442 2363
2564 145
9240 6394
1196 1161
9195 1441
6960 5842
9073 1125
9202 8849
7547 3502
3554 337
9923 6508
9810 9720
4261 4248
8697 4975
4931 3957
6410 4091
3703 2903
2081 1679
7978 416
9245 6200
3972 2053
9419 276
4999 1457
3911 46
4069 2482
3685 1921
8151 2799
2718 2636
7486 1822
870 334
3054 2341
3781 622
9978 3983
56 17
9298 5313
9456 5188
6386 2334
3033 2032
5158 4883
7009 2070
779 579
6506 3675
8226 5912
867 197
7200 5053
696 250
7798 3679
8696 2932
7258 5151
5990 1975
160 11
8984 8078
6843 4153
2318 800
4900 4182
5685 2382
7008 6628
6245 1152
704 643
1019 152
4731 1386
2064 825
1328 776
2791 1308
9155 5026
4481 1659
64 41
2970 2435
9633 4851
9556 1733
3981 3829
3827 3020
1936 1360
7437 2119
1644 296
1085 876
7000 4382
3843 3232
6294 6271
3768 96
5009 1867
8085 3246
6383 6167
5326 5033
379 300
7042 2078
8492 1337
6610 1695
5256 2528
5287 3292
7147 993
938 237
3581 3326
1268 124
5946 2942
6768 6122
9222 3696
7307 6407
3285 1950
5363 3199
4667 2372
682 655
3501 1279
5384 3030
6241 2200
2137 1781
3857 3842
5251 5064
9505 1657
1129 606
7471 7262
4951 4020
1390 305
6910 6682
6236 3865
7332 2112
642 182
4846 4772
6766 4146
9653 4872
7508 5546
6963 5196
2533 607
9308 3653
7926 6494
4947 265
5247 3158
5855 25
3711 2698
7640 86
9880 9339
3782 1534
1734 293
9815 9053
9079 2726
222 196
3121 2473
4660 3666
1752 649
2960 2747
6448 6094
5411 2695
1311 282
4307 1945
4527 4236
8402 375
5539 1617
7433 2499
7785 4976
5704 4982
1219 662
911 468
1710 1614
260 43
814 473
770 610
7107 6298
2185 1482
8875 2147
7461 6491
4874 1451
4238 1255
4404 1618
2198 1747
9291 1834
48 47
2300 651
7679 2548
9443 988
6371 6355
5675 4802
9036 7574
6342 2218
3004 452
8252 2783
2652 575
1715 1101
8310 3955
7184 5448
8662 5827
2739 1704
5955 1942
7779 4126
8199 738
3826 1622
8537 1177
67 38
4996 981
9293 4565
344 118
3456 3083
9431 8855
7429 5594
2434 429
8020 1432
1209 163
9869 8216
5310 19
567 167
2611 727
5824 2845
9676 6700
3202 51
20 4
7393 6186
2034 356
598 498
8934 4427
2944 2866
4366 1175
7530 7314
4216 828
2125 1591
3682 899
2958 55
7764 917
1586 510
4370 2792
5684 3059
3274 2672
9937 7091
7870 178
2071 901
187 31
1875 1417
9488 5277
358 149
5767 703
389 272
5790 4936
5192 2897
2423 573
864 689
1340 127
5837 3043
3821 1135
4323 2196
8892 563
7339 2643
6542 2328
4363 1902
8309 477
9458 8109
1820 1118
9621 3968
281 62
2044 542
2286 2267
2221 959
7515 1049
5228 3993
7984 7717
6751 715
4359 85
3263 3024
9016 2245
3890 2849
7245 105
8244 1103
2460 1316
9626 485
5377 4130
2804 1567
7126 205
5680 2409
7178 5725
4373 1519
9654 8771
1185 545
1976 1515
7387 5834
8879 2843
3465 627
5830 5522
6385 3064
9476 6993
7911 1090
5048 2927
3665 1323
9369 9255
645 549
1367 202
7235 2808
5466 1051
1906 1134
7306 4341
6444 2143
1646 1436
5200 4953
1385 557
700 436
214 42
6723 2148
5523 628
685 279
7665 2509
6401 3702
4570 4284
891 73
2539 274
7236 2454
9125 2723
7905 889
6283 6014
9990 986
1640 398
2846 2325
3787 2710
677 120
1496 751
2706 2027
437 373
7313 7225
7631 2386
2701 2584
8848 3032
6293 4697
1379 371
2954 854
1317 799
8554 1908
4005 763
9420 2612
5705 2230
2326 830
6699 4631
8615 7192
3476 3450
6934 4168
3745 3233
9139 6477
6521 1893
6622 987
1420 26
8088 303
5274 3365
1099 857
298 95
3308 2422
7976 1081
3071 653
4453 2132
2905 2745
2412 1738
2190 340
5780 1214
9485 5858
937 759
7445 4164
6501 199
5951 1919
6185 5818
1610 353
7808 7271
524 203
4663 1271
8754 6782
2969 2899
9586 8733
7468 6304
4858 2041
6042 4316
4098 3533
3044 246
3042 2397
6784 4832
3859 3166
7244 1170
8211 2475
7389 3440
8847 8288
961 259
9356 2314
7711 368
1208 491
5882 1188
9008 1864
9844 4685
7093 1469
6176 2444
6114 5189
9619 2776
1762 1155
7217 890
5344 4594
364 201
8740 4021
9478 28
1452 588
7726 3409
3146 392
5445 2157
3369 3310
3363 3150
1055 204
3489 1397
1275 492
5502 955
3309 3279
6557 5075
7427 3330
7068 713
7652 1359
1597 467
4289 1351
5518 2939
5847 1353
2145 111
3938 723
4228 1005
6209 2996
5632 2161
1821 1176
3290 2116
2800 2037
8523 5640
1784 382
5758 232
5090 2369
6750 4123
2713 443
4447 2279
374 159
9947 3275
4322 2180
8433 4842
2505 818
1666 1631
3714 1228
2134 724
9775 6697
2352 1302
458 318
3412 1642
7089 6543
6399 2566
1473 1458
7137 1555
5543 3580
3660 895
54 50
8435 1399
136 2
249 57
3708 652
8317 743
45 39
7834 3504
7632 7481
6870 1236
2716 1966
2833 169
9232 3706
7162 3195
4531 3526
2007 750
7840 933
9983 4964
5745 396
7212 2802
6837 4309
3191 3162
3509 2191
8882 138
2250 978
7247 3432
9415 2576
9479 2662
6534 4254
7941 2274
4668 36
3833 3051
1491 1481
2740 521
8018 5185
2828 657
6828 5600
2342 2162
313 16
725 414
2870 581
9501 140
1164 737
2165 1445
2607 264
271 34
7842 2264
6362 789
8785 1982
9182 239
4034 32
2269 816
2980 2786
8516 5622
9767 1178
288 209
4147 3741
24 23
663 307
9337 3344
5533 4971
7735 3728
397 77
7716 4583
8815 8769
9076 3814
6606 3230
2608 1732
165 1
1770 675
5816 4691
4926 1996
2231 605
283 273
4792 3361
4419 1500
9614 6147
2358 829
4534 863
