556
8724 9395
612 9475
5917 9705
2684 9890
3372 5390
5692 8763
86 1325
7032 8504
3376 4187
7000 8176
5943 9941
2431 8741
2624 3912
2362 8471
1454 3146
7058 8996
2112 6574
7941 8315
9944 9959
7276 9633
845 8879
4867 7573
9371 9679
6600 7736
7252 9176
1651 6500
4976 9090
8386 8406
2917 5639
2249 5315
3936 8581
105 5285
7636 9702
8588 9824
8905 9742
2533 8035
7927 8501
6445 6462
1280 4146
5208 9579
2530 8393
1932 9269
7801 9796
9141 9643
6016 6384
9186 9736
2413 3499
238 4345
7778 9173
7473 9122
3446 4988
8373 8579
6217 9849
2806 7635
9910 9969
328 4665
4021 8458
8587 9607
2787 3585
6025 7581
4660 6794
957 8787
4393 4964
5277 8696
7509 8153
6355 8376
5793 6555
3857 8524
3625 9780
5397 7806
3150 3290
8356 9353
1363 9088
3484 4699
9302 9459
8924 8988
1700 3882
113 6199
7046 7902
2793 6458
4677 9378
9170 9678
6987 9973
894 7366
4486 6463
9799 9872
7317 7963
4079 5298
9450 9721
711 7492
9352 9598
588 626
4575 4731
7316 8914
6839 9417
5362 7699
5557 8381
577 7048
9553 9729
8566 9629
3056 9868
5302 5480
452 6432
7864 9308
3462 8780
9883 9923
2883 6668
7857 9701
4663 6603
893 1049
2943 3300
2646 8193
4637 7171
1991 2611
2539 8276
7470 8285
437 1946
4966 5063
7356 7760
6972 7272
3219 7361
8399 8984
2759 5209
708 6221
3759 8796
5266 8228
7001 9119
3716 4106
5594 8699
4851 6241
3706 4265
96 5022
520 4535
5607 9111
956 7338
920 4507
6027 7227
3634 6891
2692 9165
6190 7427
5694 5828
185 987
335 6018
3767 8675
7322 9756
547 3674
9213 9972
3685 8516
3375 5914
9131 9632
3475 8082
8676 8946
8206 8949
8628 8854
3762 8998
4852 7953
3351 9877
4860 7844
9530 9540
8171 9751
2879 4882
140 2736
8970 9580
1968 9420
1529 4688
5296 5627
4715 9021
1083 8846
9518 9672
1480 3935
4032 6582
6188 8424
77 1549
1688 9303
5843 9793
9855 9876
4166 6978
1071 8321
6466 9613
6085 7075
9707 9907
3101 4827
3727 7820
3927 4310
9361 9816
7960 9025
5774 6831
8132 9028
3204 7040
1035 6798
5640 8768
8553 8592
1360 7323
5565 7218
1078 3063
6635 8298
2521 7256
8079 9175
7064 9008
7049 8235
3329 6815
242 8708
940 3045
9442 9740
4094 8324
327 9135
3185 7445
7336 8159
8121 8909
8815 9586
445 2258
5964 6988
7678 8405
919 1831
7416 8211
8535 9893
2117 2218
2356 2635
2947 8991
5908 7886
8241 8348
372 1998
3859 6718
5596 5597
9535 9869
154 4057
1386 4830
3842 8389
1270 7948
1356 7395
4544 7139
460 9760
8003 8264
3765 8015
303 6947
9063 9818
1956 4649
6291 8195
8048 8217
3659 7151
125 503
9842 9870
6117 6657
6123 6822
7030 9789
6871 7261
8900 9915
4737 9405
8271 9471
9938 9948
3635 9123
5011 9665
7463 9402
6313 7912
726 8680
8513 9047
3575 6665
6631 9248
8477 9004
3354 8106
6338 7546
2053 8824
124 8415
4199 6261
8739 8994
68 8707
9506 9954
365 2440
3617 7474
9919 9986
3260 3486
9020 9805
4203 8832
7913 9927
6819 9070
49 2735
790 6970
5746 6671
9432 9696
5559 7106
2517 8963
7942 9698
5799 6778
3010 4781
3160 7510
9758 9957
8937 9188
2773 5965
36 6274
1254 8323
9273 9355
9423 9562
4644 4681
2231 3676
5982 6116
5378 9394
1653 7047
6492 7562
4838 4900
4788 9187
9075 9769
3779 3898
9609 9983
5757 9575
2265 4808
5936 6275
9086 9783
6759 9109
5883 6418
4485 8802
7716 9577
8565 8624
5759 8156
7815 8226
8280 8602
9635 9974
9947 9950
1010 5711
775 9225
5264 7015
8791 9492
5483 6375
3380 9035
3616 5761
9159 9337
1250 3574
6273 7145
137 3087
1645 1823
6632 6728
1088 6621
4227 6088
5754 8580
2052 5729
3222 6278
3070 8024
378 3242
1894 8872
1570 3110
5554 9544
3673 8111
3963 9085
2421 8753
2328 3538
6010 9878
573 1929
383 8575
7866 9812
1614 8731
7172 8547
3837 9387
1692 2475
5935 7568
1371 6410
7178 7832
7084 7979
9094 9274
6325 6825
2969 5141
8611 8917
3192 5797
3713 6920
6554 6843
6336 9483
712 6023
4605 7387
3471 5997
8577 8837
2400 9592
7117 9318
3006 7077
6986 7846
7539 8378
2101 2831
7410 8858
7903 8307
7808 9534
8053 8965
1970 7729
4729 4985
4415 8728
8268 8626
8370 9571
4700 7884
9658 9888
1833 4241
6700 6793
6282 7739
3754 6356
8038 9054
6566 9892
2098 9280
5158 9019
3352 9116
1170 1471
6414 7577
4789 9385
1039 4494
5549 9542
9196 9668
9906 9997
1398 2739
220 6436
2450 8320
4573 9003
7418 7826
9881 9996
8076 9444
4526 7063
395 9291
2725 6329
3157 5634
1089 7962
5490 8964
5511 7542
8232 8492
6481 7653
3652 7537
5613 6311
5391 5942
3554 4650
7211 8785
3345 3932
5417 7454
8799 9565
7277 8231
8208 8765
8557 9955
8410 8952
3830 6995
7505 7895
8958 9464
8094 9365
3401 4512
4570 7511
9388 9884
5345 8479
1232 1882
2080 2641
3302 5911
5967 8019
455 4052
3781 4367
7089 7459
587 2455
5684 9556
3086 5393
438 3414
4809 8933
5897 8816
7557 7670
5336 5663
9930 9968
7368 8640
870 6039
8656 8951
8926 9169
2656 3521
1434 5937
223 1938
5384 7285
2869 8249
937 1329
8901 9043
2545 6024
6486 7348
5881 7253
2846 5442
2354 7990
4635 5811
2599 7534
3512 9748
8932 9761
7614 8420
5610 6896
8078 9937
4832 8539
6050 7120
5366 7672
7408 7880
8243 8902
1613 2082
9197 9913
6741 7780
9234 9236
9285 9422
4406 6967
9056 9138
659 7168
2838 4214
2987 3009
4581 8417
4089 9526
4018 5733
6860 8542
3463 9408
9406 9708
5440 8129
7998 8205
5585 8608
3862 7125
4220 5969
2769 7770
476 5605
5870 8631
1618 5102
7704 7761
524 5644
7081 9990
6140 6835
7482 8419
7679 8077
4524 9775
4111 4579
2470 2559
7133 7449
2863 7754
1112 2015
4429 4690
7897 8040
1343 2174
5876 7005
9150 9768
2931 8097
418 9627
7115 7995
6042 7943
3642 5415
3969 7738
2996 3326
4411 6876
941 3179
5915 7165
3654 7945
2344 5245
5530 9300
1012 6218
9962 9999
3255 3381
9746 9830
9443 9794
7793 8297
7479 7865
9069 9124
7342 8646
8810 8845
3693 5907
2179 2715
403 1300
1972 3041
1746 8803
9209 9994
8584 8751
324 1282
8070 9468
8412 8714
6
5819 5488
4482 1669
3690 3688
6626 6141
8049 5702
9455 8426
