473
3733 8013
1551 1822
2458 6381
7436 8157
8516 8686
8574 9725
3607 4521
1520 2569
3676 5798
2492 9617
9549 9770
515 5293
2947 5642
3035 4745
4401 4955
2196 6526
3301 6269
1728 4493
4582 6807
6946 9735
360 2330
7310 8429
9639 9771
3071 9651
4981 9323
5327 6168
7908 9984
3376 6378
8850 9222
2621 5734
4144 9848
9789 9938
1543 5440
8219 9782
1892 2384
5775 9937
1467 2340
3324 6423
6046 6207
4138 5034
2635 9588
9467 9689
6832 8590
8527 9065
4966 8754
5419 9170
5999 9475
2870 9877
1460 8499
5821 8298
8472 9370
5442 8955
717 5331
4585 7326
6685 9272
3247 4496
5420 9012
8453 8508
2159 6601
8318 9675
6227 6783
2012 8098
3671 6846
1477 3668
8976 9876
5302 9492
3537 7347
7755 9658
9724 9936
4243 7847
5514 5877
3307 4350
8923 9240
5143 9709
1278 5888
6605 9819
3611 5178
9578 9584
8809 9363
5235 6714
9336 9650
6431 9484
3183 7844
859 1121
7676 7756
4381 9846
8145 8859
892 6690
4665 7511
8720 9002
1475 7924
8507 9881
2756 3531
1677 5138
8310 8910
4076 7965
2439 5818
9057 9388
6417 9963
5497 7139
9157 9535
6665 8389
1950 6493
6152 6348
8272 9996
1913 5013
6958 7681
7833 8357
1934 7896
2910 8966
1219 3493
1742 4970
480 9023
8172 8908
6144 7263
128 6060
4869 9636
953 4294
3544 3594
7907 9573
2276 4719
6752 8833
3122 7259
483 9753
5673 5878
425 8618
3662 6114
7822 9850
1124 6163
7459 8824
9861 9969
3923 6571
1373 1527
9045 9690
6222 9523
3053 9733
5032 9261
2599 2975
2144 8372
7325 9021
1542 4922
2903 6581
5322 5872
7058 7065
4548 7244
6398 9456
1938 4416
6547 6784
492 4202
9548 9853
2914 7421
6901 8463
3076 6257
6868 9014
3271 9514
4024 6388
8610 8996
54 1382
9616 9743
3610 4349
3600 4892
1818 5055
6201 7514
2902 8464
5707 6011
3556 9872
2758 7547
7119 9927
4711 8795
6854 6988
914 8796
2557 8557
3033 9281
4773 7578
7898 8074
7532 9672
468 4766
5384 7440
4613 6347
9974 9993
2376 5787
1862 9204
7537 9540
3096 4220
8518 9276
7101 7948
184 6545
8781 9856
7813 8052
7632 9806
133 9828
4791 8493
7210 7457
1407 6069
1355 6677
6028 8570
4054 5240
7828 8831
213 1059
9368 9619
9130 9153
9601 9920
9210 9744
8352 8370
7221 7316
1045 2558
9169 9485
186 3701
724 2166
4571 7233
827 8676
4556 7669
3978 7853
8475 9073
1032 8690
6126 9100
9685 9871
9515 9700
4301 8452
3457 9912
3593 7640
2447 8434
3633 6761
5819 6811
963 8117
1193 3349
9824 9875
803 1062
7432 7636
246 1603
905 3878
6638 8155
3115 6159
6242 9430
6051 8759
82 1342
5437 6217
5622 6112
9096 9670
5651 7662
3680 4535
4830 5529
2837 8919
3382 4371
5790 9158
7627 7648
1771 4361
9164 9356
6287 8460
3837 7870
8736 9935
506 4572
9341 9524
1178 7783
6556 8442
4444 7727
2081 4066
6533 6908
642 881
2901 8437
871 7508
1157 2661
2809 5343
4757 9919
6197 6519
3075 3812
3104 8072
4781 6230
6543 6561
8342 9384
6214 6836
6023 6129
2203 8487
5427 5616
6572 9121
9436 9897
8681 9999
2445 8653
8530 9712
3058 6650
6319 9967
9632 9669
1243 6016
6183 9718
1104 4366
2722 6282
6393 7138
6584 8018
5374 7049
1195 6070
2572 4655
8162 9781
1513 7158
2058 4176
6293 6822
5986 7891
8880 9342
2952 9420
2545 3325
4316 9832
5570 6673
6341 7343
968 1575
1832 4250
3734 7710
49 5825
4628 7360
7471 7519
2549 6830
9954 9979
3856 9493
5029 8410
9381 9773
8993 9124
7626 8820
5483 6041
5071 7894
7980 9373
4930 9569
3602 3821
3063 9982
347 3341
3018 8414
7691 9822
5535 9277
5895 8053
6154 7197
8928 9957
5919 9001
9452 9575
1311 2683
1404 3377
7690 8946
6550 8012
6234 7253
538 2770
254 2360
4045 8807
2605 2919
6719 8369
8070 8123
3401 7623
3393 3907
568 7185
3850 9830
2071 9389
224 897
8541 9821
5208 7935
2553 9882
8941 9399
1230 2649
5980 6870
6922 9526
2366 9279
8319 9408
9049 9836
9949 9964
1324 6541
2515 5388
4402 6627
8143 8674
7715 9833
6829 9311
8582 9445
2338 2517
7155 7702
9844 9858
1790 4963
6975 7046
4320 6997
6802 9720
6127 8748
2555 7919
8427 8978
2188 4127
5827 6722
3461 4107
8538 8835
4658 6352
5324 9837
3390 7803
8957 9922
1865 3575
7149 8553
4186 6204
7602 8326
5628 9892
2695 8430
8862 9167
7453 8017
4405 6483
7778 9902
8999 9202
1739 6949
7098 7524
5778 6579
7279 7684
1498 3951
4418 7558
8819 9044
5350 7930
83 1379
7820 8509
8163 9960
5891 9792
6539 8158
2484 6972
3097 3514
4669 7352
4531 9659
4609 8189
6723 8014
8985 9155
6663 7487
7040 8873
3819 8536
9906 9959
7745 9088
9812 9989
822 3869
2588 6240
9655 9813
1440 5880
7961 8080
341 6365
6170 9035
8628 9232
3804 9674
9033 9694
9488 9611
2098 3366
3989 5056
597 7350
7374 9684
9257 9917
77 2230
6416 7029
4696 8243
659 722
350 5953
8823 9133
9314 9321
3068 4441
8104 9867
2442 4315
4173 9952
9491 9791
9434 9469
1374 2284
6925 8252
2125 4478
7536 8500
8201 9218
2383 4209
8035 8371
5589 8868
972 3704
1050 2882
9843 9955
556 8740
464 3379
8150 8571
3093 5244
5559 8391
9437 9980
7008 8643
939 6532
9394 9793
8497 8549
8101 8543
9529 9992
8876 9036
795
9239 3408
5001 4904
6458 5750
1881 1685
723 92
7670 4293
5574 1844
1488 1014
9625 6220
1959 1629
1427 208
3872 1256
6759 3079
3138 1228
7345 5907
8207 1681
7985 7117
5450 211
9422 2736
5481 47
4056 849
2509 869
9372 4788
3321 3094
3518 1489
4697 3002
2175 204
1349 185
4300 2955
284 281
769 63
1823 1630
1173 43
6322 621
7108 4823
4673 2151
8826 5475
1259 252
6332 1001
7768 6261
8301 2235
4900 4816
1394 1092
6180 647
4219 2364
1802 488
8401 7934
5989 3145
7143 5045
1873 567
3287 1665
9818 7956
9538 7951
788 73
8363 7528
4094 3081
3013 2648
6250 2654
4247 1805
9364 5579
528 321
1803 79
9667 4668
6145 2177
6929 6433
4855 76
3110 1747
5466 2785
428 165
7697 288
3601 1903
9597 2444
5325 4342
8981 668
4140 3478
196 168
1082 384
1245 194
8970 6054
2559 582
2498 2006
3659 1347
3945 3061
5504 698
5653 2053
5575 2576
4488 2512
1221 51
175 53
688 466
71 6
374 268
8580 1678
2859 2819
4639 1426
5892 2994
8445 4235
3028 2789
3585 579
7339 5687
5074 804
388 135
1199 673
8982 39
2280 535
6632 4372
2056 74
8137 7777
7725 3774
2905 1760
6464 977
2348 1359
2201 1671
1956 677
6081 2443
4155 984
5146 3150
9451 5817
6818 6597
6825 3006
8362 6961
2842 2446
1951 1071
7073 2741
2609 1484
9118 6914
1209 239
1141 1074
8921 2720
2433 1914
3125 729
8844 7642
8006 2524
6434 2399
5135 1212
6111 2339
6459 6295
4737 625
8496 5285
949 686
1177 167
9860 7196
5506 1248
8399 6911
4999 4430
8916 7056
2251 458
6892 4530
6588 4033
8187 3363
363 102
4059 3251
4067 888
2880 993
264 132
3613 1465
3234 1573
9249 1387
932 742
4581 801
7458 5915
5189 1129
9742 4967
6781 4368
2629 2585
7066 450
8116 7761
4588 656
8891 4318
6692 6181
9027 7371
3249 2002
9637 2059
3359 3022
4785 368
1276 236
9890 3489
4689 4003
3900 3036
8914 5348
5204 326
4775 554
2182 622
3227 2236
3736 2290
2387 65
6020 5791
2980 2064
5410 3638
4635 1753
361 255
8097 7488
8583 2672
7262 6952
9407 3634
8770 6819
7789 1024
1611 703
5113 2300
3240 1770
8465 6362
1979 1578
6244 4809
2313 253
9870 7424
8904 197
7616 1912
6291 4993
2024 93
9070 5692
4470 979
2853 2477
6888 2608
5167 1538
1496 118
3055 2521
3749 3646
6824 1313
3427 3046
5366 3152
487 295
1458 845
2932 519
3483 2795
5312 3367
4017 1600
9664 4497
7414 199
2420 2239
9587 1335
7672 3928
7736 6121
5929 3280
1028 371
4453 297
8725 5631
6680 2440
8874 5025
2968 1925
9803 961
2474 1287
8511 7940
367 30
5814 2820
1472 765
355 90
9247 1546
4946 4505
3998 2877
8068 6017
1297 531
5241 3532
3417 1684
5335 5184
7595 3237
2571 444
4783 971
94 26
3190 2372
9352 5105
7786 3438
5397 861
6058 2937
9386 3529
8565 1315
188 117
6467 2841
6788 4630
2213 1941
1125 755
8186 4984
4875 2292
9110 5153
530 491
5587 620
2507 1772
9250 702
4125 2728
9565 3003
4512 3396
1982 1516
7400 6636
7031 1942
5124 4695
5023 4584
565 446
229 101
5618 2731
3576 493
2410 404
3311 313
832 700
5421 4947
4767 3801
8027 3165
4797 2271
5950 2811
4720 3996
7688 3696
7780 4098
3800 2077
7747 1954
8758 3208
4617 998
7318 120
9751 1319
7180 5353
5890 17
206 75
1712 1447
7039 6805
4278 3720
1223 912
1686 1424
395 276
1777 293
7194 1591
9480 9179
8931 8784
4099 690
9568 2951
1907 19
3895 2716
9306 7876
7074 667
9586 8164
3250 1607
67 8
2437 1166
4782 1165
5808 5762
7677 728
5561 1848
6633 1300
3428 2594
5677 5073
7735 5705
6699 4777
6437 540
6169 3132
2487 1566
2354 2126
8062 5796
8054 8045
9038 2016
3915 1840
3175 323
5080 4787
1052 768
1634 161
410 258
1718 878
8351 5103
4608 2934
6706 3113
4201 3254
7165 3344
4362 144
7883 2118
3843 737
4047 1535
9820 389
3991 451
6959 2539
9227 5409
2105 249
9546 3402
473 216
7685 472
6472 354
8718 6746
1487 1196
7933 1561
9376 6166
8599 3038
3365 1346
4612 3934
2419 385
8577 3917
5548 1651
6950 4540
7257 4638
3828 2603
2954 298
2544 2472
7182 116
3308 3098
779 613
8151 1202
9627 5582
6449 674
1405 490
5425 1358
1255 242
8863 6358
2164 1594
2589 35
6617 631
4306 639
8096 518
3983 2035
4679 3691
6316 5277
3242 1480
7605 5863
7581 4455
2563 372
2778 1709
3315 2344
2350 2099
3802 205
8476 1622
8731 2037
6343 3346
5215 2950
6006 2548
4259 2244
5295 3455
5530 4212
4810 2426
3131 398
1159 327
9213 7200
7862 6593
7979 4803
1761 1588
3888 2538
8649 4901
4860 1998
5380 2301
6265 2794
7340 200
8857 5608
5301 5036
2404 2049
2765 85
7201 3187
4868 761
8900 5781
558 443
1393 328
296 228
6654 1061
8827 1023
1743 1026
2911 890
9198 3502
8255 1623
7865 3230
3059 1572
9676 3034
3454 872
4705 191
7817 3083
4305 1931
4086 2490
5995 3329
6025 359
4517 2642
9412 3906
2051 624
2297 114
916 882
665 176
5402 3470
3336 232
4889 585
7699 4479
2727 1806
8407 2867
4261 3181
5474 4450
2570 917
6582 1227
1843 475
8987 1730
9740 4217
2816 1282
1268 209
8646 5260
2762 2222
33 14
2088 1144
9615 8278
8595 2336
7988 137
8569 2365
2602 2040
3414 1922
3400 230
5289 2655
6681 4637
652 612
2396 544
1744 119
2862 1541
7474 4096
9766 6682
422 140
4013 3510
8606 4031
5595 670
7215 6149
7914 5939
8670 1432
3112 226
1038 160
2886 2581
5423 1550
7324 2368
1714 89
5625 5037
4331 1708
3849 3343
9180 7076
424 407
9107 555
1314 862
2693 1837
9156 4911
3513 645
6851 1299
461 342
6501 2406
561 106
2389 1725
9117 8073
8355 1289
2883 41
2320 113
3577 852
6132 4266
6898 6566
4467 4215
7859 7679
9944 4156
3288 2448
5786 95
6923 6610
454 44
9590 6945
533 335
5405 2868
4290 2106
5495 510
8154 4160
123 97
7377 2021
4314 926
559 553
1172 863
9567 8231
7543 5250
4255 2523
1214 189
1492 1280
6826 4752
2391 1369
9017 4748
6383 4236
4019 3410
1969 542
8913 8790
1345 903
3274 3107
1765 896
3697 346
8106 1108
5060 2805
8732 1232
9019 171
6800 2461
6728 1740
9891 3073
4532 3787
7639 3406
8184 7429
110 105
7167 245
3397 1984
509 494
8602 7902
2893 557
1403 1238
2643 1884
4761 1679
2579 743
9244 8121
9095 714
1836 214
2329 1785
329 158
6463 1412
5238 4980
8837 7510
4388 318
8131 7258
4440 2710
3592 3388
6141 141
3551 900
5544 5186
4058 1773
4642 1528
4802 3675
5403 1080
9125 2463
5031 1627
6586 6040
6084 5014
1444 263
4425 1097
7913 6964
3623 2143
9101 4197
7868 5496
1322 108
4567 3433
1340 646
2884 375
9745 5689
5237 1065
9913 6053
1031 910
4610 1164
471 111
3516 1976
3286 1011
4694 3973
4708 3029
2423 919
2527 383
8265 1723
7191 1745
8704 5972
3862 2243
2288 88
7307 5599
2268 1197
3875 3
2264 416
2355 130
8264 6371
9631 3678
3824 2611
3144 386
9171 8416
2712 1532
2895 474
907 759
9237 6876
2205 758
9512 1169
2912 773
1134 1012
5593 1986
3218 1755
2394 550
4227 4135
2209 632
7007 2619
8126 4317
6372 4412
4175 1
770 247
2935 2414
6900 1115
2755 58
5101 2065
9660 9144
3966 358
951 783
4607 4473
4028 172
1645 1441
6418 6000
1932 357
3327 1563
3586 1693
7526 1184
238 146
5675 3910
9686 6116
2413 736
2136 635
1710 776
6280 5936
4439 1452
2260 1782
2786 1081
1302 1161
2623 974
4089 798
195 56
9762 1175
9680 4032
576 520
6974 3817
6192 5063
4442 4433
9918 2499
5162 4602
1992 927
3912 899
5298 637
694 109
5806 4218
1000 86
595 502
463 84
8076 2353
5269 3512
2331 664
287 78
1376 875
1118 934
9219 4189
6473 5998
7714 503
8490 7774
2503 2411
5318 4398
8701 7855
1854 754
6142 1117
2747 215
6976 5054
2930 1972
2238 1571
6646 453
9294 3130
8244 1828
8678 2092
7485 414
5752 1246
3415 1817
3686 904
1895 1336
6401 679
5065 4962
2325 2214
7912 6865
1200 726
2502 1750
4526 1438
1851 1216
5596 1702
3558 1029
6505 5656
6001 365
731 198
7525 599
8010 4590
6238 2666
9521 2283
5918 2020
8230 5926
2109 62
1203 522
3608 1598
6810 4627
1389 524
6774 3868
2713 2441
8039 6620
9347 3256
9706 5462
2679 1064
4997 2165
1220 757
9784 2995
5030 2398
8896 7553
4063 18
8576 2510
9332 7895
4723 517
6392 2835
6259 2293
8922 2068
5591 4378
4566 3859
1459 69
8051 1883
4326 3243
7667 3120
6218 4232
5871 2669
7380 6407
2167 262
1225 763
3879 148
3160 2455
8973 3268
4407 1094
