644
1404 3621
4830 4955
7353 8099
2312 5338
9946 9995
1432 9724
2684 9050
5291 8178
2777 5757
9204 9740
8212 9706
3347 6552
9565 9957
6164 6533
4377 7676
4266 8900
3831 5695
9518 9560
980 2082
8016 8982
3721 3786
3071 6809
1672 7121
964 8218
4970 5883
5018 9873
8824 9132
2259 6230
5904 6675
3473 8249
6112 8072
5253 7880
3673 5676
4230 5813
2820 6608
235 6003
3486 5726
6725 8705
1369 5797
3532 7826
9242 9557
5200 7695
6447 8209
5343 8145
4292 4884
4813 6185
6855 7340
8950 9545
5769 9207
8336 9285
7065 8337
5157 7108
3354 8951
8885 9375
3729 9314
2096 5017
1330 2029
587 2443
2231 7976
7147 7900
7564 9773
433 6702
4031 4570
1451 7568
6044 8141
513 4299
3166 6687
4390 9953
7635 9521
813 6099
4453 6907
9221 9764
2762 9367
6698 6912
4038 9077
9760 9970
2228 7364
8250 9469
5545 7349
3368 6220
6144 7961
6844 6921
9951 9976
2705 6833
7133 7949
2450 9179
5187 7722
9885 9906
1933 8728
3895 8882
2503 5508
6463 7315
580 9570
1824 4365
9962 9980
4368 8034
8782 9634
6987 8833
8169 8314
8758 8944
7261 7375
3761 4815
2178 9391
637 5110
5352 5608
4121 8820
5549 7438
9447 9640
977 9095
6931 9737
3186 8632
1694 8892
6432 7989
4611 5184
8837 9300
688 5962
7839 9150
7219 8985
987 1616
7566 9177
3930 7674
4936 5880
2546 9851
9136 9678
93 5162
7647 9008
3642 7394
8229 9115
4054 7312
1037 3915
1200 2599
214 4335
584 1296
9323 9334
8671 8930
8737 9680
4744 5818
954 6650
228 6317
3576 5923
4150 6908
1277 4666
6074 9514
1528 5897
4809 7827
9039 9535
2344 4896
8548 9820
8260 9299
6753 6913
5585 7234
6337 9723
6510 9264
8904 9716
1549 5251
1853 9414
5971 6268
5914 6051
5141 5702
1560 8860
3421 9312
2453 6106
7039 9400
3 2831
4927 6270
5980 9009
3226 9145
3776 9971
654 9588
6712 6750
870 5725
2634 9860
9003 9876
5125 8667
3375 6502
481 7688
3806 6845
6956 7753
4202 4931
2789 4347
705 1699
9690 9766
37 1452
7918 8303
1639 4119
281 994
1881 9464
9782 9818
2656 3335
8842 8924
8192 8773
9947 9952
484 9589
2457 3415
5851 7473
1056 9828
108 4981
3235 6056
1585 4026
2355 8421
6754 7249
6215 7748
3060 3869
1974 2979
9936 9954
5854 6795
6682 9582
4304 9674
7168 8870
4239 7796
1600 6377
992 6679
2769 4014
2579 6826
9452 9795
6325 9418
5656 7540
2746 9336
4403 5494
582 4668
360 4114
2945 4094
2524 5290
2968 4656
7612 9664
2942 5213
3941 9002
2603 4991
2309 4396
5443 5475
1261 5419
9859 9916
5559 7687
4700 8894
8056 9503
8298 8839
2874 7971
4408 9541
9123 9153
5860 7116
4519 7870
3769 4002
7066 9187
6805 9770
1530 8560
3511 6959
4010 5305
5553 6796
8505 9501
1870 8611
3800 4192
681 2127
7361 9021
8052 9395
8605 9120
12 4204
2012 6888
3624 6140
1088 5241
411 4006
8523 9209
7038 7778
8323 9592
2125 3438
7823 8716
953 1018
6253 8538
5196 6018
4986 9033
1334 3460
9756 9819
4604 6086
3571 7551
2780 2809
9162 9799
2107 4216
7838 8074
4804 8598
3985 9343
8698 9975
4685 5869
7333 7591
6991 7432
4221 7735
9849 9926
5409 6781
1215 2263
5619 7110
7468 9243
293 9194
4105 7882
6832 8437
9785 9898
1435 9076
1101 8292
2465 9897
6889 8943
8826 9492
8288 8594
8041 9356
7295 8689
2815 4319
3224 9710
1073 9449
4021 9900
5180 6227
7762 9745
8771 8802
7257 7854
4144 5838
6506 8122
227 9332
8093 9878
1110 6906
829 5768
9658 9775
2083 2464
1222 6014
8751 9815
6221 8663
8294 8954
694 5714
9229 9553
3518 3557
5072 9761
5304 6790
3169 5373
284 1015
7313 7504
4934 7680
5928 6195
4526 9063
1087 4907
2341 3872
6277 7614
5593 8098
2713 6576
1787 8721
8633 9616
9412 9515
9333 9472
106 4762
4401 8566
1516 3295
5939 8408
222 4332
3479 5001
4261 7359
7079 9999
7877 8155
4008 6441
7822 9013
2505 3644
7078 7330
9149 9538
8262 8798
7046 7939
4819 5265
6749 9325
1797 7935
6370 8027
8534 9133
2662 5029
9227 9386
7166 9428
5616 9104
2033 8518
3045 6585
8126 8590
6612 7498
4013 4763
675 4591
6243 7125
4520 5746
3887 5970
1409 7578
7873 9670
3068 6934
5517 6649
3096 4952
8465 9754
6609 9283
4627 8829
8460 9350
6381 6697
8424 8896
467 4012
6723 8289
4615 5790
3119 7928
4162 9890
8656 9487
3104 4372
6490 7084
3829 7677
4785 5707
4447 5102
6079 8498
6343 9075
1806 4463
4438 8053
720 2321
5274 5930
2111 5317
5435 6359
8729 9533
904 8315
7177 8008
5083 7026
7499 7535
7193 9941
898 3044
3787 4684
1245 3820
7717 8107
5973 6170
8937 9228
3073 7404
722 7153
1171 8888
1589 6886
9531 9991
5062 8379
6223 6631
3176 8779
2647 7915
2396 2687
3799 4662
2498 5673
4506 4959
5811 8923
3964 8407
8610 8713
8998 9239
3951 7388
2378 6358
7654 9830
4224 5236
4247 9499
3947 6865
2739 3910
8251 8706
4245 7096
5504 5646
5370 8642
6798 7592
7773 9554
3695 7667
2512 2663
1714 6470
6376 6635
6626 6879
2936 6467
1329 3827
7813 8915
7698 8617
6013 7527
529 9722
3344 8630
8345 8434
7887 9639
5689 6187
8876 9361
9122 9401
8300 9699
2816 9648
1759 9609
7701 9310
3630 8287
8581 9868
9437 9556
6238 7526
8381 9981
4057 6436
7062 7986
1592 3264
6035 6210
3260 7197
1766 8902
2641 8726
79 1389
2345 7641
8252 9833
8846 9097
1769 5460
6404 8373
9131 9729
5314 5752
5721 7195
4583 5133
6190 6952
5006 5985
8481 9409
2785 6077
5778 7345
6111 7318
2652 6053
9924 9993
8858 9307
5453 6378
8032 9359
2827 7533
4916 5956
6939 7629
7172 8906
3472 5961
4727 9814
8941 9408
61 7604
9137 9402
9552 9990
2141 7679
8822 9477
4443 8428
4767 8932
715 2483
2324 4072
5777 8835
1704 9453
3565 8775
6674 6701
4689 9184
1354 3419
1754 6412
4515 5858
7384 9442
7661 8587
8160 9413
6498 9373
7371 8723
9695 9739
565 2204
8429 8545
7539 9857
9925 9996
2668 3481
3816 9769
6543 9804
9037 9605
6598 8243
3709 5350
5598 7694
2492 4406
787 3475
8472 8535
7454 8129
8069 8768
2759 4045
408 5054
455 1957
6638 8569
3675 7888
2151 8111
2375 8857
5092 6234
2721 9326
7462 8050
9602 9741
2887 3733
3220 4910
98 1102
7530 9269
1985 4539
1900 9839
6072 9106
5749 8175
8901 9154
3681 6721
8521 9043
4733 7044
7482 8938
3777 9416
9666 9932
198 2654
3639 8965
6676 7251
4284 8106
2420 3566
1893 4436
389 3117
8096 8387
3977 6933
8542 9195
7338 9101
2115 7967
2494 9023
3222 9884
1306 1655
9812 9886
3237 8157
1134 2992
144 3638
6748 7004
3636 6128
4550 8797
2486 6953
2853 7071
3147 7061
8189 8410
7628 9527
9562 9928
3598 5873
9685 9751
9118 9569
8475 9249
3516 6764
3403 9126
6610 7929
2764 5719
5383 8919
4475 6880
9508 9856
3079 5867
4707 8889
3086 4242
2978 4148
5780 8009
2113 9010
1827 3361
8358 9528
4841 5905
6637 9598
5670 8361
4371 6722
7886 8974
9475 9984
7014 7158
7228 8572
2987 4746
7272 8454
3272 8415
1665 4231
3204 5967
1424 5177
8436 9958
1916 4875
8013 9316
9823 9843
5071 8393
9891 9912
6717 9835
4341 9505
3928 6431
3956 4743
125
3492 1128
8146 4071
3785 3580
5522 3513
379 301
329 310
6351 3554
1278 956
6583 4854
8903 2
869 531
9295 4748
4184 1847
8365 6092
9279 6068
2519 1074
3937 1826
7297 1174
5859 4334
3393 1635
9191 4609
451 221
431 236
8349 2630
6116 5112
157 102
1895 1758
2322 1651
7484 6278
2914 361
5193 1231
2536 90
9445 5489
2365 855
4989 1702
8290 4840
2576 2506
2278 393
1365 822
8595 8356
3399 2381
6611 2244
8012 6634
6793 3106
1886 9
9504 8483
7815 4595
241 38
9439 5727
7001 4237
4731 3018
9583 7892
4592 3979
9574 9247
2397 2000
8606 3871
9431 1814
5943 2588
5601 1738
3946 420
8558 7230
1539 206
8276 536
7917 532
345 209
7275 2280
9654 2904
9358 4657
6287 4670
5087 1454
8256 441
326 6
1735 18
4015 3955
5232 4329
2024 1238
6944 3196
731 166
3889 3121
8861 5009
1477 1411
6680 839
1324 74
6357 77
7849 5278
3520 3231
172 24
2695 1921
5101 3154
1300 526
3584 3500
1630 1548
2981 2174
7597 6827
3917 2895
3345 2478
4664 3920
6916 2724
4893 4308
5776 5358
1684 521
9266 1529
2517 1168
8059 119
579 559
2035 625
2984 2698
6488 1748
8202 3311
1986 362
4571 3833
3835 1007
8334 6659
2495 1096
9476 8344
8629 6002
9532 1093
2682 1126
9130 937
4327 1790
2823 2073
1997 67
1998 1185
4364 520
7383 3239
