111
860 4776
1048 4380
1626 5639
2862 8012
8017 9022
6371 6909
3249 3404
9463 9775
1006 8039
6087 8944
7226 8780
2707 8380
7058 9417
9221 9393
9426 9663
8231 8444
4914 5567
856 4952
1954 8427
5554 7754
985 9125
2435 5439
4791 6595
3343 8624
6070 7820
5356 7815
1848 5467
8894 9092
640 3741
8820 8828
9814 9906
8868 9655
2112 8728
7608 9336
6608 6689
2021 2447
9355 9658
3441 8388
6223 7125
2584 7730
5956 8253
687 1039
1248 8855
6453 8485
7445 7514
6607 9819
2719 8556
3244 6748
2063 4452
9818 9862
5368 6651
1127 3514
3666 8410
1019 1558
1051 1938
907 4980
7502 7735
8054 9003
61 8829
8566 9110
1495 5752
1291 7339
2149 2744
2483 8785
7136 9371
1002 1852
5667 6415
1446 8554
1482 2227
1589 7638
2125 5028
6114 9120
3587 6755
405 2323
9897 9901
2090 8492
5161 5709
8065 9358
1067 8297
7493 7846
3557 4951
7447 7827
6195 9669
610 5426
1686 4131
3584 7331
4570 8208
5644 7590
3241 6838
8886 9826
415 679
2121 9265
2981 4438
6855 9430
7765 7993
6230 8273
9713 9964
3469 4247
2674 5214
8269 9563
6051 8580
3761 8128
1823 9921
4862 5519
9583 9947
2555 5201
3700 6539
9084 9548
9626 9696
5434 5922
5541 8743
942
416 310
2730 2438
6890 1918
1796 613
5288 3385
7632 844
5211 4324
9999 9771
9817 8759
3355 850
6169 4163
1775 88
9466 2032
1274 161
7781 6687
2954 2726
8817 351
5432 2002
500 144
6891 4135
3549 2913
1461 326
3396 797
9296 2400
7975 6277
5316 3831
4830 1778
6167 42
8291 3814
1392 1201
8503 3706
889 836
4704 4239
5120 1109
6203 5117
3572 3460
6279 3259
6521 1383
6376 2881
4115 758
7789 3109
6280 272
9079 2325
2860 647
3311 1223
1440 666
1824 377
4549 759
4164 614
4440 2517
8929 406
2478 1969
7389 4506
6823 4158
5738 3614
4769 2122
4027 3883
2837 1414
9865 1762
6065 1707
8640 47
6403 5658
6303 700
7313 6841
7005 2567
4134 3004
1664 151
5007 2546
9675 7322
3470 501
3875 474
4219 1557
5934 3775
6023 2670
2705 930
3069 246
9072 7176
3274 1156
7275 5364
7797 5293
9725 7288
6361 2036
203 181
2150 1669
3665 2286
4394 1517
6078 5266
4073 2829
9700 2865
152 56
39 8
4212 57
6940 2260
1165 765
3979 2723
5777 3068
1966 1802
9712 4501
8041 7943
5561 2598
134 108
1286 1116
1606 323
8462 4871
5687 2850
1808 169
8625 1100
8203 1798
1189 966
349 27
3848 335
6272 1379
7585 2604
5283 3006
5614 1112
575 214
5852 2982
2258 1960
8956 28
1926 413
1628 513
5600 2042
9839 6477
3867 2624
9544 2185
3675 2321
5090 4309
4989 1083
2655 80
6840 3411
1332 1240
2612 1145
423 384
6485 4200
1932 1677
2341 1353
2728 1661
7634 5659
3626 436
7220 6142
1746 678
2944 1073
1434 1031
1671 3
9719 2103
1011 787
1126 51
5327 3828
5661 671
6991 2871
9445 3080
8680 4820
8227 5391
3994 3218
224 155
2167 1895
9970 8564
8796 2524
9917 9891
5862 4348
9579 8333
986 582
4420 1469
8243 6916
1951 508
8074 4470
6778 3673
7942 127
3951 3869
5314 2237
6426 6353
6560 916
9469 7618
1512 979
4778 3051
2012 1462
1595 1303
8192 2560
9151 6
8414 4437
685 427
467 422
6265 2557
7809 1809
4687 1511
4346 1180
8540 6530
6275 5518
6422 1041
5365 4122
8378 2983
9498 3615
390 307
342 172
2574 1973
9915 2940
1804 566
9231 8359
6941 3790
1940 188
7835 4750
7343 5277
6494 2952
7012 3047
8858 3853
5373 1881
6288 1505
8767 1478
2978 2104
9117 2675
114 60
1952 754
2183 1052
5505 1373
6520 5209
1544 1296
8932 5539
8590 2069
99 13
8221 4213
2295 408
2370 885
5755 2686
9820 6682
3826 863
9008 6436
292 247
3651 964
9414 2239
2387 768
7692 7062
3267 3261
3502 767
7823 6534
899 208
1231 749
2561 1812
3672 2162
3272 2431
9659 6164
7403 6488
6517 5254
2947 2911
9627 7607
766 142
8238 5938
1632 543
2254 690
1687 243
8532 6540
312 46
5330 107
7458 5407
973 260
2667 1846
3130 1456
3332 1215
6640 380
2956 2288
4141 396
1216 762
5705 3448
6837 887
6406 3767
191 136
5540 3888
1910 982
4801 4056
5114 1233
7934 2576
4977 2948
7139 160
7283 7173
2531 1996
8754 5063
9986 3121
3322 2596
4121 3197
2357 1321
8320 6637
9111 8396
8306 1968
9273 4062
228 63
4789 4295
3911 184
6074 3703
1055 58
9549 3430
5791 2639
2636 1795
8601 4915
8750 1134
5854 3308
517 50
9299 4216
8000 3772
3566 1246
1617 569
4375 2398
6567 6451
3492 1575
6259 4008
8419 10
4421 2704
6959 1721
3052 11
6988 2906
2089 1959
1148 463
9090 4865
6971 6286
2799 720
8071 6173
8957 1450
6262 2401
5756 4023
3963 1961
426 317
1050 268
8725 1266
7703 2968
788 480
1987 634
3585 1770
5118 545
3179 2955
5223 3704
4120 1659
9751 7475
1092 264
881 256
7981 6781
9174 5424
7446 4199
6927 4999
6276 2015
7900 6421
8089 827
2074 518
554 530
9344 2582
1936 452
1122 654
9323 8495
7684 2075
3097 2990
8591 893
9735 2038
6824 3611
5301 4988
6359 532
3561 73
5989 1399
3497 311
7648 6299
5463 2013
3993 2708
1387 407
9105 3834
2613 737
7615 4917
2545 874
3021 2934
2522 2439
4098 1049
1496 1058
5375 955
9808 1647
5988 1370
2099 1079
2462 1413
8921 4507
6931 3158
7861 7391
6932 3395
5413 5347
4683 2767
4929 2768
8159 1320
2168 316
3335 883
383 26
9124 8871
5148 3150
3086 592
3643 430
157 132
9518 2777
3473 1724
3516 3185
6727 121
8782 8375
8360 6443
8085 5719
1235 38
8892 6612
5026 4137
3157 174
7049 493
2448 2251
6529 5619
7278 5700
6215 600
8751 6569
2514 2351
4238 1472
3349 1780
9369 6433
4580 265
7449 4209
314 284
5149 4696
6393 4022
5153 3931
6407 106
8470 2152
6110 3543
6770 1152
4684 164
655 186
1694 637
1807 912
1254 1010
3653 2035
5957 4967
8197 4269
7668 1655
9247 8406
1384 933
723 536
6111 4886
5793 2272
219 215
3699 553
327 83
5668 4900
9389 8865
7198 5537
2822 2428
8974 7911
9319 8304
7373 2228
6902 6093
9588 8442
5565 4638
2117 1386
1551 433
1466 488
4182 502
1174 504
4679 2897
1365 1121
2513 1108
1146 959
6619 3351
5056 3212
7129 2379
6633 2485
9070 2406
7544 7142
5165 3841
5043 1128
7582 1573
5127 516
551 245
792 706
5477 3200
9699 1129
3269 2783
8189 3101
7456 5677
8183 6357
1120 660
1218 84
173 35
4340 2666
2495 1458
5309 1026
8695 3041
5035 3880
9872 734
7672 3196
7393 6316
2207 392
4317 724
7806 5953
7865 7169
6779 3403
7218 651
1034 200
7230 6121
8346 3285
1719 713
2642 295
1629 491
1799 1596
9779 2443
9943 1236
8954 5557
8156 7556
4609 1331
6080 3805
7427 2780
6127 1190
3019 1601
7817 1204
8447 611
8982 6836
4425 2052
707 344
4477 1947
1298 1110
9298 895
6139 3586
7222 6174
5380 1213
5455 814
112 7
6141 4625
2338 1184
1062 343
2086 1243
1253 818
3552 1833
2214 953
2449 64
5200 315
8600 5306
2712 1855
5192 4633
3519 2813
1307 944
9728 7916
3588 3458
2362 840
4887 3762
9693 1191
4936 4730
5400 226
7601 1368
357 222
8655 7039
8709 3628
5479 4251
9795 6017
4424 3898
4852 1609
163 116
4923 1007
3768 3022
817 564
8565 4909
864 146
8639 1864
1378 806
9929 2635
7263 6243
1942 1820
1352 546
7983 6063
4773 2306
7285 6125
2993 2355
5020 2774
3288 2776
5637 859
7063 2727
563 154
2661 2234
6475 848
1234 625
4541 900
6735 3913
1816 1138
3712 3033
5245 4355
1817 1197
7604 4899
5749 3057
757 580
1518 938
670 484
176 86
8241 7766
9015 2377
4621 29
7244 695
1271 341
6697 255
1827 1439
7296 2061
204 89
143 87
1925 960
1851 1843
2108 237
4994 4766
6244 3319
8753 8610
838 507
8927 3764
258 19
4937 3186
3153 1117
608 34
6251 3940
4057 3605
9421 2147
9483 3484
6803 1085
2651 2001
9589 579
4794 2006
4864 3946
7977 7653
6759 3731
6186 5138
9914 1348
3874 2302
2498 630
4401 330
7390 4563
9060 6129
7541 1801
9515 6304
3301 1717
9953 1784
2928 240
2916 1285
8390 5116
1844 871
8317 3369
4108 2797
6020 1222
9106 1404
3600 3334
4991 3590
7134 5811
9425 7571
231 124
7406 5383
2603 2314
9439 4414
5724 3346
2451 1565
6486 5461
6715 3254
7891 2825
4392 3929
5385 794
7189 664
6707 6435
4661 1890
8480 6420
1991 1425
48 36
9660 5077
7185 4884
1483 1036
6780 3671
8020 1388
4821 4613
5868 3964
9276 5274
682 140
18 5
7166 5110
5417 2746
2601 45
9767 2216
367 201
1624 130
6254 2820
1681 117
981 711
7953 6331
2422 1914
6177 2267
5326 1971
1773 556
9759 7305
8809 8077
2392 1866
2045 1627
3127 2753
7354 1618
4228 2915
6848 6402
5420 1188
2137 1989
1757 529
7211 2053
6264 6008
4519 4003
7083 1257
395 276
3719 570
6315 790
6019 3531
9242 4499
1974 535
147 85
9863 9480
6728 943
8450 6225
3632 1508
6061 5710
8960 2155
2433 2113
527 93
5925 4379
9859 7609
2826 2585
9888 6917
2043 1729
5899 3066
1046 1015
9910 3995
4547 1680
2695 1395
6191 3796
9009 6919
7248 686
920 668
560 549
1361 1089
466 354
8818 6004
5334 3276
785 448
460 167
9210 3744
9087 5504
1480 1396
2621 2232
7205 2578
6465 3518
5004 1360
6937 1538
2641 721
404 332
2751 602
5969 4308
8679 858
4337 3477
4770 3738
3952 3546
7396 2894
8704 12
8296 5074
7976 4461
9189 5616
4306 3773
3025 1750
6885 6308
7899 4343
5369 4381
3721 359
3028 2741
7568 6915
7888 5180
2541 1662
2224 462
2030 1364
6226 3694
8490 5737
544 387
4947 2537
360 218
9272 7805
1170 590
7184 5105
1261 194
5191 2490
230 59
1473 1203
4018 441
6257 5830
9259 8862
1346 968
1255 689
9562 8145
6504 3560
5973 2493
4198 1792
4992 989
2345 1904
3782 2335
8383 4429
4410 3428
4700 555
5273 511
1919 490
9028 2068
8348 5873
7291 1835
8756 6159
7410 3606
7455 6239
6587 1477
9253 1183
6175 1154
9178 5068
1560 684
6906 3372
5847 2235
7784 5055
4 1
5097 972
9464 7807
4305 1288
3625 2866
8898 2552
7053 4858
4531 2238
6882 5146
6385 3284
394 286
6326 1454
9828 7137
7698 4835
6334 1939
8487 6788
8768 2419
5569 1722
5947 3596
3119 1736
7836 4296
7398 5640
5441 4496
4409 3884
1760 337
2077 958
53 40
4050 3996
386 209
5571 4564
9952 4966
1294 672
7999 2597
9227 1710
5606 2192
3189 3145
135 74
4140 1416
4926 3512
6131 5030
1317 540
8928 3722
5342 1262
4581 667
6724 3325
1683 31
3487 3353
9407 5353
5099 3986
7673 1818
6798 2988
4024 3504
288 229
8622 6965
5012 375
1380 1270
7207 3757
4822 3258
998 365
7199 4242
7635 400
1803 1733
1252 479
803 420
8139 4717
3713 1977
5558 4334
9900 709
2025 693
832 363
3154 1164
5489 277
7503 6399
8529 1725
8857 2268
8830 7235
409 221
7448 4168
1460 770
2800 2491
1194 622
2071 1451
3618 1723
9739 6349
815 705
393 261
4883 2195
1256 929
2564 568
6472 4653
388 281
599 305
6414 3917
842 593
2808 1574
7923 7465
7969 3245
680 586
2016 283
2650 1791
5835 1468
5396 775
8771 4068
3896 1276
5823 626
4800 4074
7650 3736
6398 645
4795 1211
7357 5236
6094 2098
6412 5625
5574 3569
4377 4221
8519 779
3871 3795
8789 6088
7869 6983
9644 9556
6751 4368
7790 6760
3338 3037
5842 997
8984 3422
7096 3578
1727 291
8468 7655
4344 3507
7425 2198
9892 7056
9787 1491
7957 5152
5234 3522
66 9
