999
5612 6972
738 3075
6033 7742
893 5167
8571 8775
7908 8913
2220 5215
1561 3871
4776 9797
7749 8625
1539 6734
7512 7769
7892 8111
4231 4689
4155 9684
9148 9728
4957 8946
7732 9791
9924 9945
9842 9851
3323 5299
89 8401
1885 4995
5757 7426
6476 7870
3630 8036
8002 8957
7234 9971
8339 8378
9760 9839
4985 6503
2899 4014
7632 9141
3935 8259
3925 5909
6424 6469
7891 9399
4050 7913
9699 9937
8876 9280
5396 7159
3411 6638
7751 9120
5676 6828
8537 9357
9737 9989
5724 8962
2093 4577
1488 7437
1383 8844
8664 9555
6546 7528
4168 7191
9639 9720
9464 9694
751 6990
9045 9365
815 7851
1495 5527
3228 8346
5839 8720
329 8141
4282 6725
160 8151
4858 8515
8421 9381
2358 6157
5129 7046
9465 9551
3752 7855
3753 8367
150 7691
9103 9578
3478 8940
8115 8860
8238 9288
8030 8971
3688 5551
8545 8958
1222 4573
8475 9327
7973 9240
9355 9809
3861 9020
6098 8357
7834 8173
7002 8907
43 5102
4080 4895
4046 8863
6908 7971
5223 8283
3369 6554
6644 6950
6817 6991
3098 4513
2317 2720
8692 9608
2564 5461
5684 8666
8301 8359
4832 9316
5041 6438
7202 7890
6175 8279
328 7556
51 6987
1401 9658
9294 9905
2376 8117
7272 7522
2152 8452
9353 9426
4274 4310
2454 8595
9561 9860
132 698
4813 8661
9865 9938
7814 9833
9084 9275
9992 9999
7244 8877
5778 7069
2444 4993
6709 7960
1454 9710
2525 8150
6680 9221
621 863
2708 8322
3110 8683
6663 8351
3089 9764
4881 6174
9289 9959
1800 4950
6816 8261
6494 9972
3944 6445
8381 8857
553 3573
3987 8714
252 5899
9731 9766
9086 9176
1365 8166
4190 6029
1226 6735
2827 2937
4828 8688
6387 7648
3914 6577
3742 5080
4188 7100
5751 9299
9771 9961
8064 9261
5908 8158
9511 9599
9231 9825
2691 4698
907 1820
391 6358
2963 3717
5421 8651
6856 8432
9243 9620
6909 7167
1553 4824
6309 8995
3683 4865
6236 6971
4734 4968
6806 9478
8922 9223
3609 8314
7903 9136
5797 9075
6548 7630
1025 2621
2867 5117
6335 9428
3147 9553
6480 8564
7810 8966
5582 5624
9079 9613
4682 5937
8388 9859
9743 9949
3173 6574
8956 9965
5115 9170
3041 7625
3189 5687
6824 9309
3931 6405
717 8075
7367 8212
3849 6276
2271 3305
9993 9997
9156 9969
5929 9966
3850 6279
3646 4426
7755 8702
747 1324
7902 8021
1756 3586
3216 4512
2348 4677
9522 9871
1964 9744
6049 6072
9922 9996
6103 9590
1668 6223
6084 8420
4017 4280
3979 8383
2229 9680
1059 4230
8869 9814
2926 8735
4095 5232
4204 5271
5535 6314
6197 9881
2678 4099
7321 9910
744 3832
3321 7215
3959 4712
9204 9732
7573 9610
8119 8327
9605 9807
6707 8983
9539 9696
5238 8594
7640 8415
5074 5982
8745 9730
7844 8428
4790 8078
1957 8474
4331 7270
5257 7931
7178 9044
7351 9717
4371 8209
9069 9189
2138 3644
4729 6287
9337 9406
5336 9984
6000 7416
9607 9892
8431 8555
7953 8847
2096 2247
623 4363
9862 9947
8648 9748
6346 6700
6078 7054
9669 9872
3927 5731
5399 7578
7867 9514
4288 9496
6584 9570
4908 9404
937 9450
1350 8985
2763 6899
678 8704
7252 7972
4232 8668
8760 9040
3263 6045
9389 9460
7637 8623
3220 8560
9812 9894
1395 3258
4620 8768
6234 8531
2244 7620
3572 6186
287 7947
1163 4775
1278 3320
5820 9477
6489 7402
7010 8839
2983 7125
2301 9456
9729 9819
1839 3645
4621 9948
6896 9936
2034 5373
6614 9379
5322 8672
171 4170
7831 8053
2767 3176
1204 2647
73 2919
2880 4607
2251 8799
4167 5785
7813 9266
7479 8394
3077 9125
1743 2834
8181 8679
2221 4755
2975 4316
7775 8352
9444 9849
4335 9188
8268 9302
4959 6246
2124 4106
7032 9611
9421 9953
4105 5901
7358 7909
4488 7146
1776 4347
2440 4307
7025 9697
9604 9654
4008 9991
8282 8443
2940 7638
418 5802
4421 8112
5275 9140
771 9880
1172 9615
5234 6280
5549 8180
8609 9126
686 5541
6852 9513
5097 7793
1481 4276
9105 9462
3852 7102
3371 8490
1108 5350
1751 4339
6754 8529
1205 8426
4728 7174
666 5166
198 1184
1356 7441
2339 7555
6510 9066
7857 9529
3132 8866
2996 5279
1745 3270
8430 8473
911 9793
9670 9810
8988 9642
6507 7700
1562 9596
4848 7050
9088 9222
9054 9646
3984 7314
4037 4531
4219 5392
9594 9606
3355 4152
1023 7247
2602 9695
1755 7792
8574 9264
4724 5101
6055 9153
12 7494
9154 9489
3337 7285
5171 9692
394 4875
8619 9667
7201 7941
8407 8925
2347 5076
8374 9152
1531 7642
9147 9466
8689 9630
3351 9217
2552 2616
5346 6383
5364 9051
2111 9062
486 7086
759 4864
1741 5679
1713 6836
4569 8376
3341 9435
4206 9445
1624 2722
3913 8947
3824 4432
8883 9967
7842 9632
2280 6009
5172 5304
7782 7803
1514 7767
2277 3682
6061 6850
2411 6232
157 1066
8747 9171
1315 6328
7664 8320
6728 9476
7408 8458
6338 6830
477 3584
5267 6126
982 3981
6696 9005
2579 4652
1447 3140
1372 3912
5121 7595
2215 5606
3615 9146
5819 8399
8818 9908
6702 8429
1187 1571
4441 8790
5755 7730
4692 5433
81 1615
1337 4825
100 2249
1058 3651
9432 9835
8366 9324
7574 9882
8278 9742
8936 9291
214 9004
9958 9987
1117 4038
2725 5278
3504 6846
56 9690
2086 6542
5230 7521
3518 6012
5156 8108
8646 8981
5954 6608
8754 9824
9634 9803
8273 8618
6135 8548
9129 9488
5498 7724
1485 2378
8592 9413
3493 5947
3405 3545
4295 7612
3418 9420
3723 7817
489 4314
9876 9920
3604 5926
928 1544
6842 7207
6448 9459
9036 9779
3804 6517
2962 5135
2817 8510
3244 8020
9349 9915
8434 9408
6601 7659
8935 9449
3407 5235
3226 6277
6541 9315
4947 8331
6730 9208
6993 7509
4759 5719
7332 9122
3757 6670
6074 9746
4808 9907
4963 6356
5642 9588
3675 5957
3302 7009
1952 3893
1182 5754
9128 9159
5420 8593
3731 9269
7807 9234
6499 8091
6978 8804
8172 9758
5833 9780
6649 9431
5843 6442
7080 9226
9202 9350
446 6278
2232 9800
3550 4722
6151 6282
6826 7466
7901 9867
5007 6071
756 4057
4116 6527
9360 9712
7983 8263
9674 9802
4761 8963
1439 4811
4234 5155
6857 8496
4065 8014
683 2030
580 6769
7650 8699
4853 8546
4072 8724
2970 7672
2218 4662
9132 9895
323 8242
5227 6721
5597 8843
8043 9247
3013 3776
9795 9811
832 4088
5038 5675
3040 7848
2028 2507
3710 8829
1169 6947
3146 5565
1781 7849
7350 8206
8138 8525
165 1237
1819 9190
6290 6316
8739 9508
4844 8319
3474 9886
8706 8762
1939 3558
2497 7655
9740 9741
8272 9232
3148 9801
3358 5618
1883 3743
4298 8362
5098 8240
6498 6771
6611 7301
7989 9855
7681 9685
1990 6973
4403 8354
3614 9864
5865 7061
5697 7997
3061 9531
9770 9891
3778 8419
1992 3618
5448 6394
1991 8395
1230 2148
5379 6639
1639 5391
6028 7553
7389 8281
382 778
6938 9013
9783 9873
7264 8713
7906 8767
8746 8755
3698 5359
7613 9323
9850 9934
3974 6674
6715 7784
6761 8716
8344 9014
9962 9986
6983 7248
7658 9963
4026 8576
3532 7137
8460 9362
6841 6877
4110 4162
159 2950
5246 7929
6368 7717
3599 6425
4921 6229
2457 4946
488 2257
7481 8777
6117 6272
3591 6302
6621 9281
8337 8976
8934 9627
3130 5596
2050 6333
940 5454
3372 3955
8547 9123
9693 9772
7916 9877
8265 8771
9595 9973
5882 9734
2225 7541
3091 4303
8251 8637
5014 5017
5991 6783
2431 8393
2757 6664
9405 9494
5602 7469
3982 8538
1932 8698
2814 4019
3117 8085
5412 8916
5414 8587
1522 5487
5032 8600
9504 9566
5450 7928
8605 8848
2986 6531
209 5486
2943 6024
8068 9673
3152 7694
8396 8569
1328 2211
8691 8709
9560 9981
1003 1877
4603 8478
5211 9473
3467 5292
3192 7004
9548 9563
2730 3249
5082 5852
7463 8133
4829 8390
6885 8288
9373 9964
6956 7368
5583 9591
9118 9509
6774 8307
515 9111
892 1762
2044 4686
210 1256
7119 8017
6168 9689
3934 9001
8816 9497
3810 7324
3288 9995
3567 4770
6506 7671
4428 8610
5720 9675
4196 6848
503 1281
8176 9832
337 8929
767 1679
3620 8586
4327 7702
3316 6591
8846 9954
7352 8208
8404 9200
7656 8974
2593 8321
6137 9718
5938 9645
9322 9345
8861 9951
6185 9532
4324 9073
4704 7232
941 5157
3466 6248
7532 8003
9403 9481
1078 2379
4404 5956
3515 5274
9015 9094
9161 9211
3490 6789
2859 9205
4194 7145
5366 6262
3194 5940
4696 7809
2881 4386
4798 9688
9831 9888
3579 7164
4803 9028
8448 9452
4664 9530
4537 6667
1517 9116
7355 8292
8798 9296
7665 8765
2121 2958
4588 9260
467 6008
1821 7591
4062 8225
3461 6936
5520 8109
8630 8734
2242 8812
861 5590
7605 7869
3557 9856
7761 8029
4992 7748
2060 5857
93 4260
9902 9985
1236 1866
1206 5185
8503 9065
9644 9903
106 667
1701 5776
7457 8202
1302 3847
5289 6976
494 4480
1465 8607
2333 7157
1291 5207
9412 9994
3180 4602
5889 8335
1178 9968
7930 8518
5296 8921
4285 6683
3613 6916
2369 4245
5748 8267
7993 8684
1758 9533
6455 9186
3957 7861
4140 4484
6481 8416
6919 6975
8889 9453
2451 8144
5130 7743
99 9705
6646 7490
7386 8950
8788 9592
1339 1707
309 9569
6917 7465
8040 8820
4054 5767
1934 4132
8232 9624
5103 6593
8239 8256
4927 6953
6256 9167
6500 7688
5394 7340
1436 5859
7435 8360
3587 3659
522 5878
6377 8214
8937 9535
3311 3758
9392 9470
6780 9668
1379 1411
5034 6296
2414 6495
745 9701
6819 8477
7429 8909
8749 9437
2798 6058
2766 5533
3561 7394
8325 8643
5591 9790
2005 2476
7120 7604
272 7209
2164 8336
6954 7015
2754 2815
9070 9889
8826 9434
6729 9209
9576 9706
1977 4796
4063 4976
8276 8583
1605 1852
4112 5306
7644 8565
5871 5890
449 5174
6974 9297
5229 9341
2718 5505
3034 9282
6837 9638
2916 5885
8915 9505
7957 8514
1425 4843
4774 7299
6155 7327
3166 7057
3281 6415
366 2956
6060 9424
5496 8353
9631 9769
7124 9117
1830 8102
1107 7397
5067 6050
5403 7390
111 5252
2131 9306
6017 9927
4173 7006
7249 8004
8627 9293
9933 9979
9162 9391
1818 5665
8402 9482
4823 8542
9544 9897
9000 9179
5141 7438
1929 3503
5036 7362
7037 9033
2119 4367
4647 5978
5367 9852
4683 5134
3999 8953
544 7016
7326 8933
1884 1917
3988 8449
2594 3704
2194 6397
9751 9755
1433 7984
4676 4990
2144 9442
7716 9100
6207 8437
7621 9830
6559 7081
4884 9423
5202 7729
7302 8414
6719 6933
6792 8296
1962 9301
4820 6080
9629 9827
1747 4471
3307 6867
5798 9255
6142 8639
7166 9252
2449 7791
1393 3983
200 4552
6988 8938
5404 5538
412 1355
482 1863
7001 9032
1157 8886
24 9822
5736 7079
7615 9726
1816 8371
7356 7434
7226 8403
5683 6564
2250 2630
9214 9765
5786 7317
7914 8719
1090 2117
3977 5609
2949 9483
1028 3596
7458 9225
7845 9498
2380 2523
8298 9185
8685 9534
4007 5233
371 1104
6809 7304
1951 2069
5116 8058
3085 3671
5862 6925
5524 8424
2356 5826
5024 8140
5781 8554
6392 7526
276 1426
2733 9401
307 4631
914 6864
4630 8073
1181 1993
1771 4487
3035 3419
7646 9343
8563 8687
8052 9433
4926 7141
4119 5151
6301 9012
9245 9329
1731 1764
2192 2438
339 7187
6665 6977
7661 8535
5883 5887
4707 6597
6511 9616
955 9008
4742 8887
1683 6491
665
7199 3555
581 507
3299 6
4373 1307
5319 3540
300 127
6913 3
1893 791
719 346
5437 3608
5112 4634
6890 4991
4077 1132
2785 1366
535 203
6409 6211
8463 3745
890 169
9471 6679
303 174
2987 1386
279 217
8408 4345
6773 5692
6847 2070
1331 1196
4868 3790
4091 1098
8628 7410
5439 3600
8841 5061
3265 1216
3310 993
434 205
7738 2066
1735 1590
2711 2528
4710 3017
6359 5806
2471 1879
8930 8425
5313 262
3377 2295
9127 998
7213 3730
5388 5186
7349 452
4544 2147
734 66
9165 8055
3568 2334
1412 1388
5231 19
5213 4035
6607 4075
9215 2780
9602 2400
1687 966
9474 2915
4965 1105
6255 4273
6220 4619
3296 3287
6228 4003
4657 1068
3923 3134
2046 1409
541 509
6323 6104
6671 134
4502 3449
9499 3009
5543 1549
6482 1909
2636 1527
2821 2713
3652 1211
2405 900
4036 2565
8235 8184
2496 741
4351 2939
600 350
5867 2441
808 469
4804 4114
1166 922
3571 448
413 292
5397 2597
1334 1131
4618 714
2724 130
869 775
3257 1768
4802 595
9358 6865
4006 609
6154 5029
153 69
140 17
4870 2876
7963 1847
8952 3300
7660 3260
6204 5033
4049 2049
1724 176
7554 2007
9549 1831
9703 8649
6451 4783
8655 991
2452 1921
6860 5
9407 2252
1304 197
50 7
6300 3032
8676 1579
2197 1632
4222 3290
8856 3229
6440 5688
459 4
4348 327
1997 1050
4249 4056
3023 1631
5352 3797
4233 564
2494 417
9229 2363
8705 1019
7094 6532
7568 5293
4672 1901
2475 406
2998 2680
7647 1457
2651 226
1907 790
6703 6523
3799 939
7954 3306
7236 2895
3565 575
6299 40
5993 4444
5085 1924
567 215
9386 5822
2151 1750
1483 626
2872 2188
9145 4912
3357 584
6855 6306
4144 3575
6457 5985
2263 1878
3295 1297
4987 909
1959 220
4805 932
258 155
1432 431
4919 4192
2338 1790
3654 118
3475 2891
969 429
6803 4329
2392 884
3674 945
1006 336
2824 813
7078 1174
4015 2902
6015 2982
2014 1484
7956 6657
4359 1246
8436 4974
8864 3437
9721 5537
1886 281
4142 3647
3143 2013
3175 865
1814 1030
3802 3149
663 611
6082 2605
7417 1876
2753 485
1935 1061
9083 4885
4594 2071
5340 2058
4414 426
6750 2078
2930 501
5187 4270
8110 5451
6629 1912
2043 1536
7894 6884
5894 3516
4247 3703
8162 74
7153 2856
8875 7155
5753 184
6056 4744
3046 811
6048 1431
5841 3994
2482 651
9060 1464
6851 5514
9197 1475
821 352
1385 151
1215 444
6594 246
5734 4127
5389 5113
8912 8669
5973 4406
8901 2080
3789 1320
6468 968
2843 1772
2938 769
450 107
6989 4392
8241 1904
4107 2239
4944 34
3029 1732
191 58
3413 1677
3158 888
2755 1607
5641 3348
1311 396
7705 2816
4791 3834
1925 687
6492 3363
5645 5370
6159 3765
2402 400
192 65
577 546
8049 5467
1265 1114
3121 2054
1283 986
502 194
6322 4446
5501 2372
5866 2450
7911 1642
7040 5737
2592 305
7538 2861
355 54
6704 6166
7020 4215
3607 944
7498 3551
801 753
5812 1836
5633 2140
7575 5752
6575 4429
9640 7670
9724 3642
6685 2133
7760 4509
5581 354
997 492
5965 5562
1155 320
335 11
4701 4203
8540 707
3510 3093
4989 2094
7143 473
5377 2260
2855 1810
4812 1063
7832 6496
3217 665
405 381
838 720
5844 2001
8892 7628
1865 374
8005 5904
1509 1428
7778 6165
4646 3973
4910 48
9475 4469
9308 8018
9340 1905
4503 3900
4464 3687
4510 1881
2744 1937
8499 5164
331 269
7710 532
161 88
3585 970
6450 1908
2319 2118
3006 2803
2726 435
4514 3702
7219 2455
1559 1018
2262 1711
5139 1303
9108 468
7677 3985
3785 1695
7666 5577
6087 1160
4357 1613
1558 1550
8997 1420
5834 3590
8550 2055
9253 853
5054 2136
6018 4181
6337 4028
3350 2788
7683 4118
7309 3946
776 682
2401 2398
3945 1696
8179 4817
706 294
4384 290
4133 2877
6741 6625
5479 15
5604 419
8433 7084
9390 9104
2291 1043
9788 3161
952 125
7492 390
7966 3938
8216 7907
8070 2918
1119 828
7614 4239
4405 1040
6653 1074
6376 1918
8262 4649
4785 4378
1942 41
3805 1983
5485 5363
7409 6533
5345 1689
1938 1620
612 117
3783 55
2535 2423
7055 2501
4420 2885
3470 1310
1218 961
2302 2095
8519 5446
9048 1466
4705 976
3648 1843
5924 4571
9057 128
6600 2761
6330 1487
1052 525
6931 6488
4632 1507
3624 548
1954 61
2491 63
9396 1162
8500 8345
3354 2633
6942 3808
3204 1250
4961 2308
5249 3069
7753 3706
7866 1093
1602 1384
5111 4058
3535 2822
1636 1480
1795 1290
5039 2560
4532 3118
3867 2097
7493 3932
9361 3543
643 586
5385 1763
83 60
1091 28
3528 1530
8740 7860
7895 4476
2769 798
2236 1656
362 243
2165 988
4098 2806
1394 1079
6217 1122
7739 22
3083 2412
9422 7794
7378 3495
451 401
8492 2756
6928 6266
6437 296
7066 926
4700 75
30 14
818 543
7451 4085
7135 5320
3150 2201
7643 6342
5742 4380
9647 7442
2382 1717
1567 625
4321 3206
82 35
8183 8126
653 649
5572 3969
7290 6400
7221 6776
512 407
7194 4597
1450 711
5685 990
2025 873
6787 4838
7076 4751
5761 3033
7424 6063
9427 5955
4022 534
8851 2911
9584 3693
7546 2261
7802 6216
4839 3716
5579 2818
4047 2125
7811 5494
2053 1203
8365 1254
742 531
9944 9411
4474 879
5050 3961
8652 4334
5945 5851
6544 3164
4074 569
6365 4344
4578 274
3018 266
1880 455
1360 562
9180 2037
2802 1441
8146 3366
4625 233
6599 5511
7445 1646
3863 2309
8297 4778
5574 2343
8379 5277
5508 3294
2074 321
3965 1541
6799 4478
913 855
3169 1084
3724 774
1264 438
8783 3494
7342 253
5184 3422
2085 627
3835 1793
5768 3487
9587 2714
7122 5125
6906 6821
5674 5243
1041 605
814 397
572 324
208 175
5847 872
8717 7543
8557 3823
9982 4081
9366 848
6121 1910
8808 3239
6416 332
298 240
9753 3172
1240 29
1832 1563
3603 2545
7770 1789
4709 2654
6903 4171
5378 2845
4691 3840
1340 173
655 349
985 370
8543 654
2617 1799
5105 3293
1849 1703
7945 1994
9492 7698
2601 2296
4614 115
1860 1667
7639 2142
8800 8635
9430 6927
2045 1118
5654 5152
4816 4086
2027 793
2672 2038
7132 6477
2889 2762
7978 1332
8870 6172
139 13
2968 1318
3513 428
3417 713
6399 2917
7395 3748
2681 2430
204 59
5607 4641
3922 685
9286 5643
6619 6516
7942 7529
8822 3842
8483 4218
4703 3811
7308 4389
4002 2542
3014 1958
3201 1623
2624 2599
8727 8680
3506 18
3552 267
4694 1871
1628 1381
1652 1101
2413 472
9398 3885
6046 536
9443 8794
7268 6213
5287 3170
120 71
4220 1322
8654 1171
6483 3592
4252 1737
6238 3800
2796 2352
6878 4092
3346 1478
6935 2235
8786 6893
8831 3658
4240 3318
4225 4223
5552 1551
3520 3364
954 638
212 137
524 148
9371 3099
589 1
8013 6485
116 79
1156 310
5661 3735
5949 5568
4025 1012
3183 2892
5935 1739
4940 2694
9582 8406
2012 836
4719 504
766 671
6460 3182
6880 1759
5338 5089
9919 7118
7062 2429
5051 2679
4931 2340
779 454
7868 7172
5987 5946
516 143
7994 4980
9547 4505
6100 4242
9950 3285
1081 523
7701 6430
3207 1329
2666 817
4202 183
9283 8731
9098 8135
9524 1197
2208 1363
5163 316
1660 938
5707 896
5069 2764
7150 230
3822 358
3184 3044
