69
5185 5197
7230 7444
8074 9500
1408 9772
8208 9379
5770 8730
6057 6469
1468 3517
644 5570
9363 9658
6570 8124
4763 4954
4458 4750
3382 9179
4746 5638
8955 9662
9439 9677
4624 8099
9372 9535
5628 8736
902 9408
3611 5477
8580 9960
2633 6415
8688 9572
6933 7822
3766 4761
5762 9245
2414 7050
5802 8502
327 1579
6729 8547
3596 6066
7343 8106
2649 3911
3971 8634
6538 7555
8702 9851
1295 7977
9844 9873
2827 8682
1103 9396
9273 9685
2455 8312
7508 9357
5845 6439
4980 6969
3135 7324
3194 9628
6796 7763
349 637
5697 9746
9129 9969
3289 6454
6660 8799
6226 7965
9870 9986
2881 8311
781 8843
2402 4680
141 1568
3095 7609
186 7590
2289 5088
7200 9962
291 1934
1143 8607
4008 6521
798 4366
155
2164 1847
9197 1541
8293 74
6490 3567
5281 2192
7342 3974
2074 203
7810 574
4919 4011
9759 117
7770 3512
4575 2208
5218 2254
8829 5344
6214 1420
2534 607
4671 3111
182 104
1301 998
2252 2201
388 134
8257 176
699 378
2676 2081
2041 826
6159 5254
7083 3282
72 23
4481 486
921 874
3616 687
9570 8184
9200 2691
2758 2572
281 212
9502 7000
1512 1417
2359 42
4128 1321
5312 3490
1368 894
7868 2802
2871 2199
8172 5145
2851 78
3776 313
7379 469
3272 1135
9825 6810
8307 890
995 347
6627 6096
6653 5072
6912 5776
4934 4587
6215 4360
9092 6535
8064 4638
5167 570
6574 4594
3133 2794
1799 915
7351 762
8286 5328
4619 733
5774 106
1643 893
7427 1611
690 92
517 143
2696 2156
3558 1759
2535 2109
6720 5115
432 150
1234 643
3703 2309
8752 4836
2124 1447
6202 3610
9284 4697
9758 850
735 116
5009 2864
4888 2584
9760 4766
8278 5832
3205 123
992 697
2450 63
5285 722
7350 2875
5400 4407
1328 713
8209 5446
9474 6619
7998 3139
7979 1017
6277 2267
945 89
1061 872
1134 647
462 351
5439 2685
4301 2417
2086 210
5756 5237
3725 1090
2692 2314
3121 2859
9614 5098
5564 4774
5820 3459
334 30
9542 6067
2989 1348
6911 2768
6270 1897
4783 2952
4669 683
1014 731
6042 6026
9401 1777
9599 9327
5541 4617
2999 2472
7044 2554
3664 2502
2369 1179
2433 1395
1092 101
7578 1107
183 3
1337 221
6663 2787
6420 5157
8738 6423
7402 1424
2929 712
5318 5064
5698 1223
5856 4857
1885 1073
9841 1213
1572 223
1182 316
1403 1093
5286 4964
768 688
8709 4172
9763 8012
3890 3572
754 122
9464 2933
3313 1488
