631
8377 8582
9074 9248
9369 9557
1113 4518
9831 9961
1900 7614
3229 7032
9056 9976
3712 4420
1511 8734
4941 5220
653 2028
4502 6141
1700 7170
8246 8491
19 3851
9887 9930
2632 6378
7824 9651
1070 5564
672 1920
2977 6040
4475 9960
1940 9106
5365 7374
2878 4580
1411 9804
1210 2565
1785 7106
2952 4181
1971 7337
6248 8654
774 9688
3621 7248
4688 5681
2444 8247
1412 2442
7751 9692
2858 8290
7447 8287
5847 5935
9299 9635
1958 6631
9762 9993
8729 9359
8694 9644
6481 8880
8439 8508
5164 7521
2372 4870
2150 3018
4579 5796
3032 9202
4030 7273
5111 9457
1559 8909
7944 8514
6289 7849
1427 9245
4372 7858
5788 8469
79 1121
8942 8992
4250 6170
2306 6302
7294 8774
475 4843
340 3125
2321 5213
1289 7709
7513 9932
758 3736
8523 8781
750 1274
8298 8515
3684 8344
2151 3996
3971 5360
8058 8357
5484 8436
9662 9933
1386 2109
4189 9262
1652 9747
6114 6678
2847 6662
642 3505
8538 9754
5661 6599
6218 7688
9451 9904
8302 9193
497 9261
1687 8950
5014 8047
4394 4963
9178 9372
3427 7718
4170 6333
5978 6842
4550 8267
7181 7477
8396 9360
3606 5650
6449 9296
9476 9825
8718 8979
540 6129
8579 9123
6024 7626
7452 8888
1724 4603
1738 3901
8227 9806
3895 5759
7091 9608
9140 9556
8472 9158
2356 6198
1586 3593
8043 8943
7347 9198
5958 7966
8644 8778
6036 6596
9402 9923
5931 7267
1431 2702
4129 9748
630 3031
707 4112
4232 4314
1579 9589
7092 9897
8361 8492
531 2024
9415 9530
8072 9389
6020 7083
3195 8562
6515 8583
3999 8770
9270 9771
1527 6000
6185 8431
8590 9363
891 7894
897 4774
3375 7117
3176 9049
959 9442
3296 9604
3849 7459
1030 2664
4646 9473
5529 9253
1897 9051
8648 9165
8411 8984
1012 1046
2043 2640
6458 9613
9587 9996
3517 6762
1848 8056
5361 6587
4367 4913
2463 8071
1267 4613
2822 7822
9875 9968
9670 9752
8109 8332
6085 9874
2285 8259
3922 6726
8044 8320
7038 7062
8238 9394
2755 3148
830 4115
1466 7816
9931 9957
6525 7843
111 8745
4822 7973
8333 8997
1423 4269
6689 9636
7167 7355
7707 7943
6208 9433
2318 8828
7444 8349
875 1269
2848 9003
1720 7630
4182 5273
6023 8347
4034 4791
4837 8268
4016 9758
1276 7504
9599 9890
4342 9714
5129 7281
9203 9514
8118 8274
2438 9811
5180 8626
5093 9295
8348 9181
6910 7147
2754 3304
7889 8730
5389 6215
9168 9623
8754 9620
245 1977
9236 9397
5304 7866
3628 7329
6918 7954
5473 9486
974 3899
7552 7975
9524 9708
2951 4939
4638 7330
4415 9683
5100 9596
36 8593
9763 9877
1678 2908
3631 6268
465 918
723 7667
6393 7305
865 8494
7642 8533
9226 9869
4292 5972
387 6511
4193 5287
479 4166
8148 8691
6450 8217
4704 6860
2505 2657
3185 7819
1519 2054
1144 7800
7669 9778
6591 6969
2592 4210
7443 8879
2083 3706
4701 8412
1921 9125
7540 7865
5954 6200
2967 9437
6178 7025
9079 9540
1509 3549
8855 9780
844 8413
4095 8940
8364 9676
9977 9992
7863 9970
9430 9906
3915 4102
5109 9652
5112 9263
7569 7860
7491 7719
5687 9047
7880 8678
9857 9995
2274 3830
2990 9936
2180 8935
2282 6932
8592 8773
2257 7486
2799 3563
7525 9689
9899 9948
1438 1632
4981 6628
7775 8735
7030 9271
7587 9853
1588 8230
9407 9744
8897 9972
390 4807
5010 7505
8552 9335
4196 5477
3861 6397
2741 6135
5463 8163
4777 8503
7883 8440
5938 9266
5046 5286
3769 3935
5858 7501
5175 6063
418 5188
8101 8398
9537 9649
6841 7269
8488 8970
2616 5192
6046 7361
3277 4464
4188 6613
9179 9185
771 8329
9086 9736
125 7353
972 4089
7012 7578
1887 8557
8564 9199
4385 8076
4054 7900
2099 8586
395 4667
8177 8519
7986 8235
4881 7796
8131 8511
5898 6196
8257 8495
2601 6964
4607 8616
7327 8509
58 6804
2137 8403
2809 5703
8281 8900
1611 5291
5702 6774
5942 8655
6443 9734
6399 7784
6464 7408
9808 9889
9314 9593
565 8187
8690 9641
4958 8112
2675 4592
2433 4655
208 4558
1660 3261
8449 9041
505 607
2533 5850
6319 6437
912 4298
2027 9135
6244 9441
1361 6558
3740 9404
553 1120
9483 9574
9663 9697
5406 8762
8802 9694
9436 9997
2726 8401
2184 9865
8868 8963
5214 8630
736 8919
9862 9975
6687 6698
1538 2378
1354 6193
9956 9965
3912 9661
2330 2969
2734 5500
2447 3142
7275 8887
8371 9384
749 3038
7060 7837
2495 3047
6905 8865
6775 9209
7429 9861
3599 7308
1099 7458
6771 9738
2310 5057
9424 9675
6223 7009
8787 9535
9009 9833
1599 5674
4226 5153
9149 9495
498 5131
1052 2659
368 9033
4891 9088
5367 5768
7637 7684
7803 7916
5876 8453
6391 6645
3373 6403
2200 8234
1573 4209
1762 4451
6243 6715
3051 8928
5362 7738
1756 6797
8284 8423
8715 8794
6987 8716
561 3001
7043 8702
2635 7483
2606 6592
3523 6358
3729 9952
7383 8445
9187 9393
919 4761
1582 5819
3091 5807
2120 6585
2910 3537
2195 8021
9122 9799
1420 7407
3675 7892
2815 3409
6610 7441
3676 4826
6126 8670
8418 8425
4927 5386
1581 3335
8023 8499
3671 9549
9905 9919
1713 6263
1418 5425
701 5619
8747 9735
2268 4582
1309 6434
3542 8207
7298 7325
4122 7613
1964 2484
6287 8815
9428 9543
7072 9099
3802 4408
7526 8134
2911 9077
8147 9756
917 7773
9206 9893
7828 9325
2696 5874
6858 7906
3014 7187
2104 5750
2960 4396
8885 9115
6144 8022
5936 7366
5475 9974
1846 2811
2108 5675
5645 5780
4805 8180
2851 9828
9313 9894
5873 9462
2889 9422
2689 4799
7857 8567
3853 5514
741 1949
8351 8549
9588 9888
3166 5440
7756 9606
5835 8299
5523 9142
4590 9013
8837 9834
1929 7760
3241 3770
8599 9579
3509 4136
6979 8485
3870 5875
2837 3896
1385 8331
3270 3389
3043 9311
2751 4820
4224 4476
8462 8971
4874 8932
7081 9306
3782 9241
5993 7045
4217 8121
1989 3466
313 691
8078 8156
9021 9215
7159 9427
2867 6228
9647 9983
4661 7160
7752 9487
867 3225
3340 9856
9515 9878
8688 9256
7421 7921
3396 4322
1348 3254
9019 9182
6396 8066
5313 7439
432 7469
8892 9657
1056 8728
169 7157
3607 9127
1734 6746
3311 9307
482 1338
1658 2926
3100 8724
9881 9942
202 3738
3376 3797
4481 9902
6578 9218
7064 8282
1726 5953
3307 6976
1487 2769
5138 6660
6761 8301
9455 9640
7367 7981
8873 8891
1206 2746
8317 8748
4782 6405
9392 9882
5606 7566
6284 7835
2176 7646
6042 6519
3060 6477
8236 9586
7155 8847
2208 7115
3441 7306
430 6191
3445 5495
604 5603
7923 8989
9577 9716
3988 5091
6946 8682
2340 9494
8710 8809
9479 9790
3269 3568
8144 9501
8563 9729
6401 9378
3071 9609
6821 8845
5375 9723
2363 7017
6078 7027
9781 9829
9153 9317
6817 8432
2542 5861
8775 9350
476 5215
3248 6545
4971 9308
4428 9151
9356 9903
1976 2134
3916 8475
7621 9759
1553 6143
573 8925
1537 6204
4257 5917
1320 3316
5827 8186
7001 7930
7239 7322
80 6934
9793 9796
1077 1378
5340 6359
135 4527
3228 9567
1520 7493
8133 9204
6992 7051
5448 6756
7080 7753
6183 7423
4402 8209
100
8676 6415
484 285
2305 550
5724 329
6927 381
4490 2309
4334 3526
3378 2532
1462 874
4010 2479
2302 90
1995 1308
4417 2782
6435 651
1158 295
8746 5760
8500 7666
4627 118
2914 1428
6323 655
3877 18
3507 1750
4427 3237
9671 5605
6665 6282
7519 4315
4584 166
9638 4040
222 158
3108 511
7238 5000
8272 3553
7154 5089
1322 544
6382 748
6467 2641
1344 77
6010 3082
3319 789
5320 508
332 98
3498 1305
6451 658
6556 2884
693 572
9341 7357
714 299
6999 4435
3919 1646
6299 2921
947 92
3271 1301
6491 5033
7359 4687
6759 3931
2376 801
8381 1228
5648 3503
3866 2215
4840 1014
860 217
4641 1403
892 455
1045 534
6891 4344
1357 715
5420 1663
9590 7397
6425 2048
3604 3124
9375 154
4877 1706
8740 1627
6274 941
6593 551
7909 2030
1190 794
6674 4907
1789 1394
304 114
6219 4588
631 237
5880 3624
1598 784
3328 2455
5035 637
5633 2568
8340 7055
8857 8338
1746 197
3255 1146
4967 663
9846 4337
3756 537
6654 2313
42 32
6810 6414
1547 1382
8882 309
6743 4447
