862
2389 4904
5242 7516
1066 8328
2759 6263
7134 7764
1965 5570
6417 6547
686 6233
830 2670
4826 5135
6609 6662
3536 4888
3656 4378
6504 8618
8955 9885
2238 9400
9555 9829
1196 5051
3615 9826
4815 9841
3342 9024
35 2679
1503 3135
2531 2749
6135 8362
9122 9608
6853 9390
7953 9787
8942 9318
6141 7651
5663 7601
9624 9842
4182 6580
534 3132
4949 8311
4917 9487
1805 8894
8403 9383
4575 5412
2251 2536
2068 3245
1833 4194
9338 9721
2793 4574
848 7309
1362 1541
9194 9911
5131 5419
210 5201
1180 4109
4186 9973
7460 7652
9871 9873
9909 9913
8471 9754
8316 9790
2229 8107
511 2638
689 9983
6612 9045
1183 3619
5459 6613
83 9313
6886 8363
4497 8977
1063 3357
231 3632
7735 8370
7826 8021
3384 8771
4145 5495
3175 6185
6985 9603
1133 9640
8585 9202
5270 6198
737 3378
7816 8484
1397 3677
2994 3710
9816 9831
3928 6122
8091 9179
9632 9941
8096 8709
9567 9682
3268 7856
1540 3824
8889 9619
4807 5413
3229 8393
1997 8307
7776 9081
1097 1975
342 809
9814 9936
7731 9616
4018 7053
7291 9250
4689 8461
6327 6981
3607 8559
8602 8648
6619 9569
7624 7691
2279 8094
7882 9163
464 3956
2264 3074
8334 9998
4220 7214
7006 7773
6934 7592
6267 9771
8548 9287
7275 7580
5947 9545
982 5177
4963 8482
3376 4958
2693 4573
7286 9448
7606 8336
4362 7157
127 8809
7598 8554
8516 8865
5675 9642
919 9474
2133 7810
3647 4702
6291 6990
4698 8547
8123 8692
9424 9662
7301 7686
1169 4260
3983 7025
374 2928
5928 6390
7544 7807
4355 9501
8506 9234
3879 7156
9131 9214
9357 9498
8020 8995
7892 9992
3590 5824
1156 9322
3776 5280
5325 9782
235 567
3877 6301
8835 9957
3052 4019
7733 7793
418 9906
6533 8961
5699 7400
3333 4112
4608 9410
1339 2993
8002 9238
3336 4676
8228 9604
6755 8384
9670 9880
6259 7172
6888 7413
845 4537
6124 8800
4655 4838
6495 7736
7235 7402
2001 7612
2926 6074
1431 5100
1499 5265
2343 7101
1227 1687
6492 9733
3039 6859
6461 9418
9593 9740
4373 4978
702 5261
4526 5142
9243 9774
8963 9370
6909 7626
7556 8673
5850 6359
3549 3925
7358 8302
164 9709
6255 8812
4756 6142
1040 8238
4755 4789
5236 7488
6878 9761
5380 8007
3368 6225
9049 9977
5908 7669
9464 9519
9031 9712
4105 4484
183 5544
6003 7515
1969 3167
6070 6178
2013 3789
4882 8444
5473 7737
5897 7519
5552 7660
2712 4657
1303 6936
7149 7520
7416 9602
7645 8392
2735 3210
2311 3158
4387 6002
9335 9568
4020 8521
4434 7408
4103 5568
2599 7141
9499 9758
6346 9352
9027 9150
789 2515
3727 6869
2501 8111
7609 9029
4504 8118
6244 6281
9006 9951
90 7002
6601 8570
3811 9184
397 8845
5743 9848
4965 6826
7902 8668
9428 9781
9351 9985
892 4429
2743 8312
3019 4208
2701 8379
698 4942
7120 8066
9180 9203
1049 6802
6559 8871
4360 8946
5365 7846
2798 9139
323 6163
6600 8330
4584 9429
2573 7999
7334 9675
433 5964
2663 8277
6037 8922
7253 9801
3578 5900
1179 2153
8687 9401
4054 7697
7427 9416
7983 9394
3890 6836
523 5696
9350 9817
6793 9591
9930 9937
2378 7932
22 970
4718 7109
2464 5313
6321 7497
6563 7555
4974 5643
4282 4361
3848 8166
8371 9648
6894 8704
6403 6544
3559 5535
6410 7639
2806 7723
6873 9935
6922 7116
8604 9113
5760 9708
7424 9100
5453 6744
4683 7513
5197 9828
1677 7482
5237 7698
997 7467
7931 9507
6994 8292
3926 8555
2271 6181
4168 8758
5615 8368
9231 9976
3370 6347
6335 9293
7900 9284
3693 7819
1300 1685
3267 5800
2583 8706
8295 9967
2668 7952
4492 9070
4835 6659
3812 7418
9165 9981
1957 2918
9247 9963
5001 6907
5794 7589
7306 8203
398 4513
5557 9660
5939 6382
3548 6551
5674 6050
8404 8514
7485 8338
2020 4313
9063 9970
2245 9823
5381 9093
8907 9819
8059 8900
727 8589
4319 8314
2106 7514
6329 7183
7796 8486
2812 6582
9720 9728
747 8061
4913 6000
249 4372
588 1845
9905 9953
974 3232
9821 9866
2563 5092
8697 9722
8749 9594
6598 8901
4343 8847
6256 8822
8395 9161
1101 6917
3767 8998
6663 7042
7065 9974
8130 8611
5858 8597
9043 9845
2718 3081
9087 9380
6278 8183
1111 8681
3760 5955
1912 4169
65 1915
5444 7545
7596 9495
4432 6722
5065 9544
6303 8465
407 7787
7243 9328
9446 9590
6723 7392
700 7604
6805 8802
2843 5806
5491 5840
7665 8053
623 1743
5719 9538
2202 8891
4022 9492
3575 4914
239 1935
9385 9944
4997 6804
9824 9938
4495 8147
6406 7145
2403 6164
2972 5907
9327 9931
4446 8290
6919 9289
8385 9143
4864 7114
9274 9324
8058 8917
1689 6527
8569 9406
7756 8141
6694 9215
2747 9999
7923 8633
2393 9612
5349 6165
2978 7798
5614 6954
3104 6882
9898 9989
8818 9151
2398 2639
1735 4245
438 3800
5573 8397
6237 6757
7046 7434
7524 9997
5057 7155
9365 9933
107 3939
6737 7891
7281 8858
8440 8762
5175 6679
6147 6480
7202 8235
9914 9968
9533 9807
5620 7420
7743 9521
6257 8583
9934 9952
4447 9072
4617 9583
4074 5378
2564 9188
7004 7879
4173 4364
3650 4668
6522 6843
1395 7772
5243 9440
4603 6186
4045 6127
9928 9946
7326 8870
9212 9750
5726 6219
4877 5649
6143 9414
5799 9438
3697 4333
5281 7320
8112 9221
7304 8225
8652 9561
7465 8115
7375 8171
2076 3998
9613 9789
7640 8968
7908 9291
6864 9792
8574 9162
118 6608
6543 7303
9267 9509
988 5694
5886 5923
8535 9623
5011 7495
4078 7918
3610 5151
9278 9971
5542 8899
5393 5957
1135 3851
8114 8784
9549 9987
3622 7036
7719 9469
5406 9055
4278 5187
9945 9949
5395 5828
3598 8004
8153 8747
2511 3515
6289 7355
7608 7616
4273 8011
9701 9879
908 4128
3451 6222
6262 7012
7562 9190
9825 9926
3459 8119
5903 7161
8929 9277
3247 8651
5124 5605
2984 4076
797 2631
4576 7395
8206 9560
3409 5624
7075 9246
5312 8057
3151 3821
1881 5599
6966 8048
1863 2268
6488 7622
9502 9645
167 8434
802 4365
657 7425
6867 7383
1041 8683
2314 2953
9260 9689
8593 9634
869 8511
5973 6532
199 7127
1764 8902
6199 9475
359 2895
2025 2265
952 2090
2756 8497
3758 9343
3497 8137
2160 4681
9297 9316
796 3361
8638 9434
7381 8760
8003 9797
8754 9419
4712 7138
3257 7757
6441 6486
9382 9635
7354 7466
1208 1209
8275 9517
645 1892
5958 7325
6120 9208
7257 8701
4734 8216
3128 5390
3430 8218
6260 8441
8868 9808
5026 9488
4180 5463
6189 8637
4983 6227
9148 9939
5415 6897
3077 6072
8667 9245
4727 8948
8941 9786
1152 9661
8480 9028
4551 9290
513 7251
3143 8062
6271 8772
2770 9306
3666 5650
9908 9988
1668 8156
2191 2784
2131 4281
4126 7627
5422 9023
9004 9503
6670 9379
3603 3725
2981 8841
9491 9578
7207 9155
5078 9916
1619 6490
2057 7871
1732 7282
4143 6387
4127 8278
2375 2390
4662 5984
3231 6332
5942 6772
3652 4189
843 2003
5901 6130
486 9140
7582 7884
961 8088
2894 7634
677 1746
8227 9103
6825 7231
5119 7391
188 7247
2139 6337
7935 9217
6815 8240
4357 5767
1414 1610
4236 5504
7848 7881
9756 9994
1289 2044
5608 8451
8424 9177
3181 6345
5013 5375
3596 5288
5695 6203
4995 7963
3082 8331
5228 9460
9470 9674
6016 8415
9558 9585
2801 3959
1225 8473
2973 6008
5817 5952
3601 9461
87 592
7873 9025
3473 8808
3777 8916
4154 7351
4559 9332
8070 8224
4631 6414
4421 8529
2891 7797
5866 6794
3518 3984
1564 3913
4277 6850
3312 5417
85 7249
5929 6211
1003 7508
4009 4754
7762 8202
7619 8205
8269 8712
9927 9966
1787 5331
5889 8400
4814 7724
8545 8976
3 5284
1916 4162
5083 8663
6352 8437
4871 5712
5623 6681
4715 7074
8139 8154
1801 2048
6970 9086
2888 3775
3915 9869
9520 9528
4116 5922
7814 9864
6071 6412
2006 4331
8993 9696
1818 9715
1210 9714
5454 5810
646 8215
278 2797
948 2120
6675 7696
6146 7364
1748 5997
1064 9147
292 4195
9359 9426
4679 5130
8499 8750
1605 5606
6160 9799
3489 5902
329 4784
8479 9271
4693 8731
2739 9311
384 1508
1385 4422
5429 6195
9339 9457
1319 6875
5482 7029
9423 9524
8595 9308
2777 5458
4552 5540
7767 7995
5892 7492
2500 6106
1322 6912
4312 8198
8250 8300
4101 4972
6370 8488
7940 8813
3923 5938
7090 9855
7258 9368
8232 9744
6669 8546
8245 9080
4359 7454
5030 8460
1555 1806
7968 9013
8987 9258
7921 9001
4596 4959
209 6530
7346 8867
4851 6769
1240 9120
3033 3279
8272 9813
774 5486
2570 4607
1506 1529
7658 8672
9067 9399
1830 2206
6622 7082
6564 7909
8350 9478
4730 7744
1551 7655
94 3000
5022 7720
1422 7869
1467 5666
6015 7747
827 7476
6724 9242
7040 7410
3523 7840
9600 9770
3982 7695
1683 4034
5435 7984
4577 7085
5656 9950
6977 7069
2624 5746
1223 3814
6965 9562
7019 7129
3161 8213
3506 9917
4821 8401
2529 3159
1841 3498
4471 9785
3635 9042
6420 8502
4160 5080
2294 3439
1808 2325
8016 8599
8466 9033
5028 5780
6482 9527
6633 8947
3109 8967
6719 8412
1301 7564
4403 8071
4597 6672
3375 5508
7979 9893
6539 8413
711 8015
7067 7463
417 9015
7338 9570
1092 9888
4390 6236
6945 7230
4164 4599
831 8388
8657 8828
591 2086
8627 8707
9990 9995
385 5671
9038 9085
3729 5693
6948 8447
7486 8644
2820 3876
1122 1834
431 6577
4071 8068
4179 7842
3709 6075
7860 9411
2101 9409
5664 7001
3294 3802
8542 9742
6451 9500
8319 8343
6062 7839
4941 8719
2931 7193
9889 9969
3319 6979
6066 8572
1017 1402
8685 8710
8892 9566
6149 6995
5853 7062
3463 8085
92 2383
6096 8978
8566 9226
6247 7103
6283 6628
571 3678
5064 9525
82
3895 3275
8131 6035
4556 2610
5628 994
555 103
8244 517
8268 7096
3670 3293
3542 2306
4802 4098
1083 665
639 476
8364 2799
4232 2574
1034 367
2703 1784
4503 870
7831 2239
8005 865
1785 1427
9511 1129
5095 276
660 120
9685 3406
4007 3084
198 24
6893 860
4659 4600
7536 5787
7472 759
2488 2050
670 211
1768 459
2475 1740
2504 2408
746 541
8824 2641
56 26
8606 3491
7241 2461
237 80
7431 2623
6754 3206
9034 4
738 373
3055 2341
6865 5507
5344 3153
3423 791
7642 6375
7474 5465
887 710
6892 3806
2244 202
122 19
9134 2541
5586 184
3757 3613
8951 4918
4830 1006
4211 1523
7290 4970
2722 621
3643 3108
4726 1887
2967 2811
2016 920
7870 4490
3699 2605
9187 7880
8414 2676
3835 1850
7451 3479
1350 1189
6900 1134
8716 4085
6856 395
8190 2736
3637 310
1194 724
7357 5662
4928 1075
