817
6351 9076
1243 3506
9422 9619
6711 7841
170 4746
7617 8867
7357 9999
3947 4447
6515 7805
6241 9905
1720 5679
4487 7286
8501 8706
8609 9278
9195 9887
9171 9585
1785 4060
8490 9936
624 3648
550 8917
4586 8849
7073 8896
6121 6938
5441 5574
5365 5795
3209 9315
6091 6499
1807 7301
3100 6115
8820 9889
3110 5880
9580 9604
785 8429
2789 8691
5410 9564
5176 5944
2534 7526
4334 5980
6514 7332
8470 8618
3609 8350
6975 7300
6465 8270
2155 4482
2440 5093
5544 9469
1538 2010
9024 9636
3451 5888
755 9411
4481 6114
8789 9200
41 9090
6151 7809
5084 6484
6057 6116
2833 9683
7150 9831
5717 8962
977 2674
2409 5977
1769 6040
2125 5407
4911 8719
492 6482
4921 6943
9850 9935
7763 9783
7589 8559
8021 8617
4778 9127
407 6462
9016 9663
7280 8581
8909 9712
9726 9878
1353 8077
3304 5690
6548 7790
4154 7475
7906 9404
6152 7043
2119 6107
7215 8438
2929 8700
8444 9409
8996 9025
4610 9015
3642 5252
2277 4561
7947 8509
5702 7444
520 9255
1327 9313
9189 9287
8940 9723
1654 5113
5313 7167
7739 8734
6245 6616
9108 9234
4946 9428
9944 9988
5162 7632
8163 9675
3807 9011
6252 7347
816 6448
1054 3976
3360 5886
5740 6896
8473 9089
2047 9529
3934 9488
4960 5769
6663 7426
1543 8986
9181 9425
7047 8357
7678 9548
229 268
817 7211
2223 8530
2692 3716
1173 6000
2520 6690
3554 3883
3196 6658
667 2603
4976 6024
6988 8822
3826 7304
4671 6493
727 5080
3113 5420
9968 9997
8392 8939
3746 7824
1160 9496
8114 8972
5786 7886
8445 9835
3471 9230
9405 9672
6948 8033
600 7436
2921 9288
4086 9086
1282 8793
3613 8586
1596 6276
8359 8423
5872 9318
1468 4326
7519 7575
6583 7383
8900 9730
7675 8293
6160 6596
3027 5608
4398 5020
8048 9894
4587 7536
878 1167
2073 8321
6828 8620
5015 9222
8441 8603
890 6228
5620 6317
7118 8405
1161 8806
1642 9004
9818 9970
5588 7745
6103 8008
4182 8343
4414 6980
7369 8196
5172 9492
7162 9588
4472 8161
3838 9453
5379 7412
580 9715
468 9996
2385 3245
7374 9811
2121 5959
501 4126
4967 6244
9981 9990
1859 5372
6186 6712
8452 8907
1445 2657
1581 1708
2484 3424
3038 7828
6538 6985
5972 6219
4831 5841
7928 9037
8519 9661
1728 8525
8506 8643
1384 3610
1828 5643
6904 8743
9373 9396
4810 8469
1283 5236
9021 9246
566 4338
9795 9932
2722 9485
8908 9140
962 7741
248 6298
2905 5257
5609 8107
7503 9281
9203 9724
8847 9269
2364 7648
4529 6727
3459 7302
8708 8942
6510 7716
8287 9237
5605 7031
8 1179
708 5661
9765 9892
4533 7419
6222 9294
4232 9589
5616 9655
1918 5221
1507 8416
7962 8503
1340 2064
1863 8836
3097 6111
7570 7887
347 2029
9732 9971
8486 9949
3143 5781
5456 6146
2499 3489
2656 7237
9960 9963
833 7826
9912 9964
4822 5353
9799 9919
8403 9067
2590 5319
362 2936
7582 7621
906 9302
3089 7630
6416 9838
3316 6468
7155 7963
4177 4551
3752 3836
2987 8520
9069 9790
7427 7476
9182 9526
1265 5374
1569 4378
6770 9460
3843 5128
8194 8595
2098 2999
3840 5904
8283 8395
6519 8722
5678 5734
3705 4523
4098 9272
2623 8897
3264 4978
9618 9705
7039 9340
6279 8236
8044 9561
2653 8795
9454 9468
8145 8965
4364 9327
1087 6309
164 3644
6836 6875
16 3922
7914 9606
1932 3748
6166 7348
1904 6423
2823 8781
2821 3573
6193 8970
3830 7335
2592 5169
409 2473
7683 9142
2844 7450
4947 7643
1690 3848
4654 9472
8775 9049
917 7101
1424 7518
5358 5871
5050 7384
5060 8507
7217 8616
8456 9538
761 5822
4384 4898
2773 3410
657 8969
3996 6082
5719 7498
8080 8994
4408 7421
998 6357
4009 5367
635 9893
3062 7290
3706 9464
848 9497
3645 4133
8983 9950
1887 8551
6123 7468
9923 9979
6410 8166
4062 9150
2379 7578
9757 9844
2349 6313
1668 6679
9550 9858
3068 8254
9533 9903
8995 9687
971 6573
9276 9505
9475 9860
5618 8632
1953 2778
4197 5552
5890 6979
147 8209
230 5572
8535 8898
4443 9268
2168 6291
2840 4954
4332 8511
5533 7636
6037 7639
4339 7273
7836 9775
8764 9088
4283 7652
7318 8733
3917 9573
166 2056
146 677
548 3537
256 3201
9145 9921
9875 9983
1511 4944
3686 4344
8602 9656
7831 8015
9124 9437
2028 9170
20 9082
5065 8417
477 1321
8138 9976
6567 9929
8172 9346
8106 8633
1474 5728
7200 9220
2420 4808
8831 9708
6229 6424
4147 4290
4971 8051
6036 8019
3616 3918
4240 7620
7627 7713
380 5003
4189 5462
7767 7948
735 7941
150 3798
9870 9995
452 874
2374 2604
3891 6686
124 3366
6090 7223
1099 9449
4415 6331
1239 4035
7400 7558
4048 5868
3009 6640
2069 8344
9599 9758
6811 7522
7055 8128
8092 9563
7796 8752
1700 7352
6217 7954
3486 9910
5631 9954
1470 1802
576 8229
5818 6138
5280 9001
7548 9027
4874 6302
7285 9877
1101 4860
8859 9501
6175 9863
6333 8124
7108 7865
3369 4475
5960 9406
582 7685
9782 9794
2816 9984
5893 7889
5589 7758
9648 9823
3319 4598
7799 7888
2588 4683
9384 9489
123 8328
2135 5929
7242 9511
2019 2980
2185 7706
8641 8964
4019 5350
2287 4239
5440 8829
8892 9251
3004 8419
390 8533
3724 5178
3739 6767
5251 8072
7765 8937
1532 9522
2300 8885
5543 6856
2219 9366
9335 9728
9787 9982
7313 8192
4208 9201
3335 5998
4102 5933
4387 5677
9075 9403
6872 8345
3150 3178
5339 6650
2733 8642
4158 8060
6201 9798
2502 2963
2740 4861
3635 7378
5815 9957
6077 6633
3547 7743
1583 5290
7033 7728
1984 9467
8276 8545
4444 6926
867 1146
3141 7173
8687 9815
8817 9051
6981 8561
2423 9328
6754 9309
3463 7274
9282 9567
7358 9260
9918 9924
3054 5450
7184 9727
3124 6579
6113 6184
4843 9686
8289 9379
4005 8144
2020 4073
7287 7330
6589 7803
6804 8587
6343 8726
8122 9514
8853 8903
7158 9383
7523 7677
389 2582
5467 6163
2431 6718
3342 8838
342 5101
9955 9959
7424 9055
4987 5894
8690 9420
3021 7186
8679 9848
627 2356
8102 9165
1697 8255
1263 8725
1261 2246
284 4002
3572 6435
2927 3117
8989 9347
2547 6991
9579 9827
5124 7801
1401 3223
9125 9156
2232 4468
6335 9688
655 1373
369 3219
3197 4500
483 5958
2161 7189
4716 9083
5208 6992
7657 8534
2296 9253
2111 4676
7651 9304
1777 9880
1041 3682
647 7089
8540 9833
3578 7837
3130 3599
628 5475
15 5085
1742 9886
7462 7561
9624 9766
2396 5531
7326 8721
8494 8508
2529 4114
7159 7812
2731 3801
3374 3400
5733 9568
2690 8127
9351 9583
1698 2146
839 9398
2101 8012
7530 9646
5384 7730
1293 3339
6612 9154
5946 8925
4916 5279
6209 9845
7178 8639
9386 9836
6574 8571
6972 8672
946 8774
3248 3605
8702 8984
3982 6079
9136 9598
7495 7658
1083 3242
9828 9853
9168 9696
6963 9354
5649 8839
2532 9702
9694 9776
1832 9036
645 3105
6987 7282
2743 3580
9092 9153
9657 9953
9631 9676
2549 7606
8183 8667
4580 8239
6850 9637
4491 7068
8982 9367
8787 9620
8886 9586
5693 6520
5966 9510
1636 7458
8311 9692
3744 7959
3280 4024
1816 3791
9370 9670
4744 8521
8730 9846
4984 5955
1062 8342
5683 8396
1587 9163
7334 7644
6433 8818
3513 6841
6731 9252
6447 9214
8556 8803
5348 9324
4790 6367
1467 2259
854 2839
6194 7131
7251 8978
3780 9250
8224 8791
6046 7827
5289 7599
2018 6071
9502 9711
3052 8605
5901 9050
8372 9084
181 2225
828 1246
356 9080
3058 5324
7634 9473
9587 9986
7171 8104
625 1088
6372 9500
5553 6546
1260 8931
487 6857
4617 9275
4738 6934
990 9937
2777 8659
1609 5010
5945 8269
5708 7925
6654 6905
6869 8226
8591 8645
7298 7552
3044 3681
6781 9665
9364 9582
7757 9110
1590 2645
6670 6940
6212 7711
7403 8262
1712 2753
1415 9289
3831 8418
561 3853
4760 8922
3779 4660
127 5053
7695 7859
7456 8901
554 1281
6521 8785
7142 8769
196 9590
2398 2815
3504 6792
252 1376
8070 8431
4376 8864
4777 8447
3393 6768
1584 3213
3503 4254
3003 8096
174 4936
7119 7206
7876 8495
1042 5001
9087 9349
892 5167
6629 7619
7631 7924
9967 9991
5062 9180
542 9204
6262 7978
243 8529
1857 4464
1577 9534
8335 9993
4702 5644
5328 9741
3073 4718
8139 8153
9527 9751
1000 8884
869 7707
4363 9791
4250 5183
1622 6330
2013 3207
4347 4465
7564 9980
9581 9855
2490 4489
2086 8935
4964 5491
7939 8054
6344 8492
4914 6960
4732 5995
9667 9814
6766 6844
9033 9772
3683 5206
4399 6001
6052 7272
3804 4571
6626 9770
699 5256
9265 9430
5326 7753
4787 9678
5881 9267
5399 8671
5262 5383
5637 5739
7703 9256
6628 8038
4775 7775
3700 6233
296 7912
4199 8171
709 6584
1916 5527
2625 6406
940 9733
1613 4342
8414 9341
4579 5114
3656 5108
1186 2414
8580 9557
1898 7635
3868 4838
9896 9909
9536 9645
2453 3550
7751 9812
6924 9756
5577 7360
884 4274
2275 4157
2472 9486
2960 6119
7717 9160
6480 7929
3590 6264
6638 7148
5581 7595
986 6042
8208 8920
7771 9530
8136 8220
963 6221
1531 2183
8123 9597
8398 8675
9649 9729
4441 5451
944 4768
5560 6557
2546 5676
1453 3844
4242 5750
2587 5969
304
5247 4103
5097 2928
1991 99
2114 1134
8990 6263
4440 2511
9477 6553
4410 3615
9319 364
2257 74
1875 50
7916 1812
3865 2201
3827 359
7995 474
8558 2404
636 416
9059 8241
3465 3120
7958 5948
2407 717
4834 190
9421 257
228 205
2966 2226
2859 36
6381 4770
2741 528
3646 417
8624 5357
1880 1360
4894 2703
8911 966
2971 157
5664 1903
8714 4470
9837 5511
3654 626
1196 860
3972 3317
6389 1472
8023 880
7981 7572
4435 2785
6136 1249
6093 2822
2322 1262
5238 2609
4794 4606
6691 214
1032 639
6798 4309
5710 3367
6551 6150
8544 5214
1005 543
9506 4359
780 247
4080 1357
8286 6860
2116 1894
5277 3318
4666 2918
4742 3519
8727 781
5412 200
7567 4852
8263 3669
1758 1554
8407 3911
911 687
5048 4693
3861 3690
9392 8731
3352 3305
3087 405
8170 2333
9972 4460
3002 1976
7084 5720
8697 8009
7440 514
8916 2482
6564 1038
2803 185
1277 1204
1620 941
9822 1981
6345 5352
5699 4863
2699 2573
437 182
19 10
6855 1550
2713 24
1069 486
968 159
4301 3876
4312 2015
9992 5111
642 560
1184 260
7435 6339
5147 2988
895 410
9662 6892
9481 4725
7999 3864
2088 329
1657 1599
2586 1301
9928 4558
73 42
8751 800
9737 3253
163 13
2208 1586
545 535
2804 1001
6994 6588
6460 6312
7808 179
714 44
3272 3172
4105 3786
7618 5077
8635 2444
2247 1764
2382 1487
6533 620
7853 5122
8046 534
517 443
5633 3398
4052 4037
6224 3378
7020 310
4164 1706
7508 3890
8446 7364
2302 1664
2446 1884
1582 462
4022 2948
1670 570
1966 1183
2138 1431
2501 525
3035 1814
7991 6803
8081 4001
1375 993
8783 3271
5263 2026
593 589
3850 2522
6807 1128
9311 3819
979 120
6063 388
7202 4903
771 395
9427 2763
7022 2612
8303 4647
984 255
3637 1756
5961 3897
1721 232
8959 6747
5900 2600
177 122
1058 1030
3591 3406
6028 4369
2082 1726
5580 1279
4033 2260
8622 3395
8369 2357
4755 921
9091 2220
5645 4077
7058 1798
4705 3995
2118 425
5272 1228
7650 5510
9070 7935
3251 926
7075 3241
250 222
3291 2751
7422 5227
5808 3878
3728 2150
2217 900
641 276
3298 1867
6642 5137
3149 729
6848 1545
9310 4488
7872 7032
6685 148
7230 6266
856 834
7233 3741
3389 852
3533 199
6764 540
1602 1149
7434 614
6932 6165
9101 5395
6751 6743
4963 744
9207 3987
7844 2530
6197 1617
4846 4789
6286 2033
5565 4324
4772 1521
8454 8074
5784 3603
4227 3050
2767 1244
3075 1201
8977 2238
7442 3202
9755 3520
9806 6838
2628 618
9424 3191
7122 893
8410 3334
3422 2445
1598 209
2176 1954
5732 3874
8001 1247
3277 1749
1142 930
3232 1952
733 289
6849 3017
9797 6500
3582 2719
2189 1372
5314 2012
5417 3633
1365 799
6730 6145
1910 1655
2464 466
2285 1377
2172 849
5752 5499
4211 4112
464 450
4622 4493
6081 3696
9035 5621
8204 841
9974 7747
1772 459
6030 5639
6653 4108
9834 8489
9926 8557
4083 3182
3912 193
4909 2867
8809 909
8205 7789
7734 1564
4670 3652
9965 1205
3079 3039
5845 2938
9444 9303
3952 913
291 249
3664 2848
4908 3157
8741 1731
9151 9095
9162 2370
2888 2264
9830 2764
3981 1406
3871 3574
876 603
5480 2163
5435 4920
6719 3333
5932 2083
8932 6889
5970 1460
4509 3620
4917 3306
8578 3183
9690 9329
