651
8732 8820
3983 5694
6982 9451
5976 7429
3441 9560
7617 8437
970 2161
7887 9823
9596 9833
170 4170
1590 9729
8773 9000
4376 8309
6079 9046
14 4942
6430 8679
1994 8903
2776 5446
9267 9668
7776 9447
8095 8948
5894 8473
1979 6021
9932 9992
3609 8527
7404 7487
7312 9975
9009 9665
9558 9691
2265 6366
4496 4963
6493 8843
7680 8559
1359 5143
9542 9911
1258 7775
6648 9154
679 9537
2950 4423
4901 5722
896 3682
6046 9030
3287 8802
6961 9865
3366 3950
1018 4990
879 4531
1732 3636
1323 6437
1066 1332
2390 8784
9760 9939
2630 3588
4328 7364
3533 9056
422 1307
9233 9478
6131 7087
5479 6978
6604 9674
81 5798
1890 3341
7154 8610
4153 7372
6904 8973
3265 9471
1496 3830
9613 9958
7118 8890
8928 9419
6471 9996
5187 6375
5693 9051
7915 9721
1849 5054
8353 9692
7931 8078
8436 9430
9113 9286
9135 9926
643 5689
8335 8990
916 8654
6664 8070
8158 9409
1491 4678
8941 9002
7548 9903
177 2041
254 5857
9480 9685
8943 9006
1431 5960
7387 9220
5809 6316
5939 9214
8994 9134
307 7718
3436 6718
6379 6670
8538 8738
9841 9907
2456 4038
5977 6836
660 2569
935 6761
1881 5815
5651 9711
7368 9320
7140 7167
9479 9761
420 1551
5385 8846
4920 8799
3914 8828
3017 3650
1603 6108
4453 9801
4211 7844
1406 9973
9604 9634
394 1706
3298 7842
2575 9526
2707 8170
999 7354
3062 9045
5255 9980
2539 9512
1025 2439
5321 8056
6056 6905
3015 5521
682 5893
850 1055
340 353
4380 4862
2860 7473
5513 7545
6242 7432
8071 9181
6855 8701
1815 3795
9096 9472
9633 9898
1034 3715
7177 8744
3510 8295
7634 8303
3912 9411
2365 5568
1382 7877
2149 8624
3665 7668
8033 8067
5176 8326
5821 9104
4395 5881
1898 7262
6147 9709
6754 7652
9145 9318
6252 8693
2180 8674
844 7677
9866 9984
8500 9816
1069 4295
2202 8428
7706 8723
1017 7403
1391 8382
1997 4220
97 2985
1540 4742
6778 9776
8616 8823
7480 7669
87 2471
6245 9385
4538 7451
2944 6613
2266 6152
3353 4754
2165 7806
3851 9637
62 1046
2752 9431
5240 9652
2029 2505
7920 8244
3848 6606
4452 5963
5066 7223
9125 9821
8097 9828
529 7910
3476 9026
3216 5882
1822 8294
6883 9751
2300 9735
3751 6139
3247 4665
3996 6527
3335 3999
2014 4733
3684 7322
5238 6636
998 9827
9035 9297
219 4403
90 1775
2987 4589
2010 2926
7493 7999
8417 9366
1170 3989
2125 5167
8545 9918
6289 8366
638 939
23 5818
2054 3644
8177 9595
5560 7152
6809 7141
5034 8751
3022 9066
7012 7991
6597 8904
243 6111
3296 4779
9818 9954
434 4788
8117 8848
3896 8681
5386 6643
642 5172
7233 9695
9514 9780
8968 9657
9215 9415
3763 4703
3030 8540
2190 4650
6655 6990
7439 9597
1599 5640
8090 8427
5331 8572
1099 1498
3802 4509
7019 8643
325 462
9226 9698
921 7128
2568 4910
2959 9360
5452 5937
3273 8584
5335 8529
3834 4637
8304 8829
2193 4564
489 1214
370 1814
7420 7856
5997 8042
6284 8826
5593 6399
7893 9384
7129 8035
3639 9146
246 6947
5009 6140
6576 7818
7916 9885
4529 6349
3877 7901
7492 8842
31 946
1064 4545
9854 9950
189 7268
2498 6441
8741 9953
3717 3793
9763 9778
291 3901
5358 7536
1869 2333
3328 5582
1818 8073
6680 6981
779 2996
8947 9817
3637 5313
4387 6874
5979 7185
1726 5945
6058 7110
8145 8926
5151 7436
1880 6460
9071 9502
7264 7602
7705 9622
7905 9737
5984 8987
4776 7306
3782 3946
5711 8200
4470 7940
9516 9822
964 7554
3435 9644
3567 7666
2397 6600
8166 8778
6619 9784
7875 8564
8983 9061
6442 8412
589 8447
2291 9620
2979 3873
278 3970
9703 9786
3769 8310
4883 7094
9142 9381
3402 5713
9050 9376
2541 7892
3680 4504
8084 9663
7695 8963
8420 9617
6940 9959
5679 9448
357 3317
3018 3449
2877 4652
6222 8525
759 8798
1036 5851
9870 9876
5943 9511
9755 9945
1072 7464
4524 8416
3725 9769
7760 9283
2158 5456
4346 8220
4743 6425
8640 9510
2650 9527
5077 5126
6104 9319
3787 5182
2288 7241
6017 9875
4933 7570
4294 6397
6732 6910
9872 9955
9501 9676
4881 4893
2729 6279
2514 7235
7985 8885
2172 3875
9807 9965
5165 5351
8493 8638
1247 2497
9186 9886
9231 9378
2221 4588
4488 4578
8958 9934
2526 8660
7726 9675
2192 7543
8030 8692
4821 7532
1012 6492
3109 5304
3211 6391
3801 5179
9331 9756
8451 9887
3997 9292
9730 9916
930 9185
4701 6145
6739 8506
4442 6130
2826 8402
8231 9157
5951 7703
1633 3960
7594 9591
9568 9666
1835 6181
9552 9874
4261 6059
3354 5346
3383 5055
9655 9860
823 6483
5954 7088
1409 5073
4026 9928
384 1398
2828 7670
1985 7904
9554 9705
7838 8796
567 5807
6262 9313
650 5962
1014 4473
4329 7307
6217 6408
351 4635
4032 8193
3205 6352
2063 2780
5887 8565
9328 9569
6898 9968
9802 9979
4431 7327
1870 7355
7653 9364
9200 9379
6959 7195
2811 9989
3375 6827
1005 4594
8115 8181
662 7108
4566 7282
4687 6267
3472 4773
2099 8657
1325 6168
6043 9087
56 877
9819 9862
9018 9263
7104 8734
9525 9565
4152 4878
4051 4115
1480 4292
7946 9244
5775 7890
4417 7383
1261 5413
2399 6019
4447 9577
8018 9201
1846 2735
4576 9775
3601 7868
7011 7251
1153 3347
5216 7453
7143 9808
3397 4771
9541 9991
6710 9742
7700 9623
343 5511
4646 5816
8854 9594
3583 7279
5440 5641
4303 8780
4679 4911
6627 9840
6050 8617
5401 7405
8539 8606
2603 2901
1087 9580
8771 9765
3148 7441
817 4332
7304 9218
8501 9140
2624 4206
7771 8556
7091 7114
3666 9496
8370 8430
5053 6421
7623 8852
3727 4768
9168 9740
7541 8579
8113 8360
8708 9747
4632 7925
1460 4316
397 4954
7125 7878
661 6219
8356 8788
8618 9797
7659 7972
1405 7485
4005 7450
665 5823
4468 5607
1598 7881
6734 8285
1165 8385
5826 8757
5674 7047
9785 9834
1067 4076
8690 9093
3063 7148
4818 5130
9326 9638
544 1696
4373 5590
7620 7793
2656 7922
4212 6719
3602 8445
7454 8017
3701 4435
446 3330
7198 9867
8229 9003
9732 9830
9031 9369
7674 8458
6288 9767
5462 8150
2567 9744
859 7866
601 9856
414 9349
9159 9815
3640 4810
9707 9967
7698 8099
2890 3771
3151 4628
3790 4985
7005 7672
314 5392
2107 9340
6444 6478
3059 3672
7330 8514
7886 8275
4256 6053
4969 5831
6482 7095
7629 9585
3819 6337
5601 9161
4819 7852
1929 2199
6773 7476
3980 8028
8573 9266
345 4165
4896 9173
8870 9017
4480 7296
7456 9592
7017 9892
6098 8699
7513 9179
7216 7813
1797 4498
7026 9240
6361 7728
7396 9317
8733 9211
6474 9311
1648 4285
9298 9648
6253 9960
4280 9334
1031 2357
6344 6914
3351 8641
6094 8800
460 4210
8006 9417
5059 6322
8440 9249
6810 7995
4243 8984
2675 9616
3376 6847
6869 9781
3719 5538
8827 9044
290 6683
286 500
855 7951
1652 8906
4331 5384
6852 8411
7419 9435
2942 3433
2166 6449
7248 7422
9848 9851
8330 9455
3455 3903
2834 6264
8345 9795
8007 8039
4945 6394
4617 8300
3136 7831
443 2205
1299 7349
8135 9753
8874 9084
5434 8403
8567 9178
9262 9520
3619 9223
8853 9032
5428 6769
6163 8783
1557 3077
7912 8358
8996 9300
4313 5264
8866 9257
3316 9888
6857 6878
7610 8406
6192 7630
9151 9295
2334 9219
8936 9863
907
6187 3974
722 376
5455 4508
1863 1667
7956 1503
7390 6903
5421 764
9927 7397
1479 271
3968 2991
1353 1306
4459 2279
6575 4437
9949 9418
3434 1914
765 35
4967 745
6128 6096
1580 520
3031 1913
4661 2468
8593 6086
7239 2956
5705 5050
5359 4980
9606 6164
5756 857
9948 767
4787 1810
6912 2871
4391 3256
386 74
5104 1841
8753 2018
8882 1773
1016 454
5520 430
2044 265
8479 6930
3597 2999
7562 2331
3180 2661
5051 2908
8834 996
6384 1402
7568 6617
1687 1548
6540 484
229 17
8953 2349
7558 2545
3128 756
6018 5390
2510 1558
9897 103
6798 4056
1423 102
4436 292
3484 3021
9368 3800
693 560
5031 463
3489 525
9852 7452
6593 4394
6472 5907
7324 1470
8698 3004
9489 7649
1415 608
5647 3866
956 117
6558 3290
7762 2114
7973 1290
3019 2136
8448 3888
8980 4432
274 76
3564 1070
1253 893
3409 920
7755 1465
1358 1061
4875 1614
9316 4340
2048 755
6381 241
4168 2207
1123 1048
1631 1377
10 5
2067 536
8949 5106
6143 5936
3141 2706
2600 2285
3984 2100
3539 1612
651 553
1366 313
680 147
1968 548
8631 4515
3699 795
2623 1097
571 447
1684 217
9549 2546
8608 3836
5437 2116
6336 2692
2450 309
6595 5504
2531 111
3868 3698
7459 5909
475 221
7156 4843
3862 709
6791 3540
4309 751
7889 5737
7716 5712
6704 3323
7275 4155
7469 3029
5657 3460
7462 5134
3388 1617
2703 199
6207 4966
5629 955
4778 1122
4692 2329
1079 110
2718 2610
507 391
2494 994
166 112
3399 2790
9694 514
4052 1349
9183 6190
7867 2075
3036 2612
8517 5072
3509 862
7458 6805
9232 3446
7159 6969
3291 2868
2177 1905
5485 2362
4062 677
992 821
6327 2747
2274 2140
8422 2238
4028 983
8526 1877
4365 3241
2604 1083
1032 705
7181 120
684 670
6967 2256
878 728
9481 2815
2142 613
2301 746
8622 4722
4925 3923
1589 522
8164 6184
5829 4182
2391 698
6263 4464
4467 1289
6193 3398
3845 63
3307 2524
7157 6249
4757 1485
1999 1095
8805 7113
5425 1653
5869 3928
7171 4669
9277 3610
5518 4158
3779 802
7064 3147
9251 132
8923 8720
4560 2740
4483 1587
9147 163
4606 3839
9540 6272
262 197
2036 504
2952 388
1606 308
2071 506
2737 1813
9971 8740
3227 1284
8456 4100
8395 600
813 232
5635 37
6532 1028
622 160
7870 3078
6473 3671
7078 6609
5125 1966
6545 4023
433 146
1789 247
7067 5594
7416 6571
9772 3553
7573 7516
4486 729
4419 1363
2626 1139
2730 257
3427 1875
9012 4856
2551 45
1915 1584
6689 1941
1365 64
6844 2754
8560 4563
5221 3424
5089 1222
6839 1974
2131 1033
818 26
4590 2363
8670 5918
6614 1286
6834 4366
7142 3532
3190 2746
3103 2263
1427 85
2464 1921
5811 5004
518 78
1620 1254
8583 5602
8060 3634
5503 2255
8312 6535
3527 2721
4685 3048
792 564
9908 3591
527 114
6677 5208
5484 3087
2631 88
3081 804
7250 2188
5376 4664
1148 725
7787 5598
2434 2381
4446 1610
2433 1717
8468 8400
7482 4054
5792 3181
4009 2087
839 809
4651 4109
4759 1899
6487 1131
3925 1250
3910 3643
4636 1927
9195 4867
2965 669
1861 332
686 301
1801 1555
2466 1848
1505 1386
6610 3964
3829 1151
7472 6973
2534 927
2133 367
9108 845
6802 6681
5448 3879
5037 3469
4608 3174
9422 6044
8021 3086
8072 1178
2024 281
8151 1177
7727 6550
7193 5010
7099 3113
6438 5022
1515 358
2897 1156
6281 6124
2129 1585
8453 4162
1908 557
6308 371
4156 2167
2659 298
9909 6356
7497 121
8995 4240
1644 744
8705 2127
5403 2621
8201 532
8347 5320
7300 4324
6509 1312
3156 1216
6270 1624
4801 3869
4899 4238
7058 3111
2335 1742
4214 1474
8318 4796
5270 505
1260 723
8421 4935
6328 4769
3645 2879
5901 2186
4101 2929
6237 2080
7621 5929
4553 1705
4812 3120
4807 2372
5742 4001
8088 1685
2164 1876
7408 1300
5871 3343
9150 6787
5645 4251
4489 4250
2764 300
5108 1224
5269 1203
8415 1811
8719 3450
4424 3526
5780 931
3886 2931
8298 6703
2277 637
7220 3677
8045 6073
2622 263
5782 3313
5036 1569
2233 1524
4216 1231
9983 352
9782 98
3462 3342
5900 2582
2019 515
5864 2246
2401 196
4514 4337
6562 5409
2715 2284
8133 3259
2047 441
2765 129
1840 235
6936 363
1654 1345
4025 487
9163 8510
8974 8247
2924 2315
9344 6513
5573 4522
2272 1902
5597 94
6290 5638
9309 1174
2724 631
450 268
4923 377
469 349
6523 5131
227 28
8225 1704
453 240
8208 3362
8704 7608
1184 517
1837 380
4699 555
3789 1117
3657 3076
4245 1906
5663 718
6632 3745
2695 1799
5915 1655
3269 2110
8407 1297
5671 3723
8836 2111
5382 883
6136 727
5772 2134
924 251
5168 5153
482 211
9546 270
2995 914
4000 1808
559 283
8324 3142
900 150
3075 892
8578 5522
4190 3500
4827 2098
2302 2154
3952 1531
2712 2503
7412 820
8833 4059
9485 8463
3578 48
5061 874
3420 3324
4658 2374
7076 1288
3575 1255
1408 1027
717 540
8302 2970
9484 4720
3796 2649
9873 7514
4944 1023
6508 2667
7599 7257
159 51
4982 1379
3522 814
2325 1577
7766 1764
5649 3939
174 127
6806 1044
6280 2893
4802 2821
8581 4673
5738 2307
6713 5789
5265 788
8775 3283
8541 4946
4882 1866
2472 1342
8061 6112
180 144
8590 60
2304 1357
1105 942
7229 1823
8313 2031
6248 1591
8109 5700
5584 1008
3007 2932
3454 2065
5654 5316
621 324
2056 993
8077 89
7699 4640
9506 9382
5087 785
4421 3158
8867 2230
9390 5044
7340 671
2684 344
9440 1855
1487 1331
8916 7547
3098 2851
7754 5726
1596 6
8286 5800
4596 2368
8478 2694
6304 2275
5926 4494
4557 4388
6879 6294
3679 2954
4458 2461
6309 6182
1539 1013
1197 509
9314 1215
8750 8287
7187 1963
2033 909
5941 1074
6695 5655
2195 952
7165 4429
223 22
8512 1183
5121 1771
2570 70
2150 648
9746 8116
3930 1230
4533 4128
8707 188
2606 1309
5724 4555
9029 2679
7189 632
3740 2122
521 176
7174 3312
3856 776
4341 3253
3685 1821
2837 2485
1983 570
5439 4242
8290 4892
3355 3070
1467 834
2791 1267
7305 6121
334 200
2710 1175
2364 1618
5556 2994
2176 1368
2711 1473
6915 4619
1410 811
609 583
8419 5288
3485 2144
933 715
6235 1456
8677 5872
4205 3995
5526 3118
674 165
2517 1457
7010 3714
3416 3405
4698 2404
5838 5295
8190 6536
4630 36
6504 3953
9704 5580
4852 2772
118 105
2394 341
1666 84
401 162
3693 267
690 79
7742 1556
3780 1355
5431 3134
5068 678
1928 687
6983 5293
9119 9068
1650 977
4312 1834
5992 5948
4307 3909
1171 346
1611 860
1646 706
6965 5086
3617 1949
7642 1812
3757 3466
9708 1757
8257 6888
1630 640
5808 435
3154 1715
9346 8782
4626 3991
5033 4416
3080 1212
137 130
3144 1077
5967 579
6736 1725
5433 2191
2234 1051
7758 3152
2581 628
9505 9434
9228 1774
154 9
1825 1501
5574 4783
8822 8074
7607 575
5766 3456
6669 2090
9571 7853
6407 3496
3443 1615
8405 7930
8262 4644
3348 1452
9754 6401
6729 2535
305 12
8612 296
3223 1910
1235 209
7533 4532
1322 184
6247 5228
126 38
1282 523
190 115
4445 1882
9124 7667
2314 2104
4889 2971
7636 3579
1933 1372
1422 259
5418 2769
526 168
4823 2215
7072 702
7798 1091
8472 2442
9912 3514
2070 797
354 338
3101 2252
1313 566
1736 215
6709 2538
1720 787
3407 1413
4965 2899
7947 7736
6162 4441
8878 4539
6194 359
6635 594
9607 3577
9449 3695
8174 2723
5699 4604
3396 1746
6377 611
5878 2079
6894 4904
9583 6946
9302 4968
2797 1879
1021 659
1722 1430
6671 6183
6766 6451
8365 2910
9236 4089
5040 1959
1804 395
192 143
9367 5429
1173 899
754 264
5730 2481
3365 552
7226 6423
1119 710
1004 871
4816 2770
7914 2809
9462 5146
1486 917
7382 6849
1011 142
3616 807
1376 775
6185 5755
8282 2602
2598 2299
673 138
9120 8252
2945 1552
8480 3267
3346 646
2803 2599
9825 3926
8051 6661
378 222
6075 3762
5687 1296
6175 5499
3566 872
7782 233
4393 2156
3524 2346
6541 3784
5545 4838
6476 2583
7281 1689
9347 30
2558 2543
6255 5886
1945 294
9020 4347
1499 1208
3368 1078
9963 7965
8659 7979
9457 4482
1645 675
6277 485
1147 134
6742 1859
4218 3488
4247 256
8594 5197
3977 1477
2392 1089
9136 4472
4847 618
9055 6599
8086 4762
8628 2102
8821 2287
4070 2278
9535 7121
7876 7619
4074 503
9545 7969
2961 2755
1424 20
347 34
8284 3415
3690 3663
8110 2817
4572 4035
4645 2941
7434 3992
6353 2008
6963 4301
4611 3622
5715 4605
7805 4485
5725 3088
289 68
8668 3207
8562 4530
6512 2093
9599 6216
5219 1851
1417 148
7569 1512
4068 1259
5473 3140
9590 4972
2802 2480
1748 321
4359 1443
1662 597
362 342
6566 2812
8651 7747
8547 4084
4513 3978
4518 2611
1656 1291
602 99
6285 789
389 50
1782 1445
895 186
5830 5148
1414 741
1826 1750
747 287
4656 4163
5343 145
7627 2376
2281 201
6631 6142
7837 1778
6014 2477
2930 1943
1360 973
1783 1609
282 25
8993 656
8305 7280
8147 4022
4131 329
822 457
8930 8314
9718 6083
3764 1425
3367 2533
4484 1954
8251 7606
1285 385
4884 3478
9981 7207
8080 2704
740 348
3777 3099
2530 2168
7900 5469
5489 4839
3542 2962
3306 1374
5189 5043
6085 1545
9832 4273
3708 2430
8043 1672
8141 5301
6396 1857
9229 6170
9764 6307
9162 1616
3867 1373
8742 6197
6201 4885
1101 438
3468 890
7363 5867
1429 1093
9452 1295
3251 1740
5723 5399
390 44
9475 3492
5394 3900
491 237
2316 1522
3899 3000
7732 1634
5758 226
3821 3064
5805 5311
7345 5459
2096 908
445 183
6630 4660
7660 2257
3384 2034
326 83
8024 1673
902 763
1116 116
2361 1115
6896 2242
7431 1334
8048 3972
6259 3988
9166 4499
2424 52
2271 1932
4806 383
8507 2579
8667 8639
889 738
3735 1601
6378 4335
5944 304
3121 1516
1946 815
9982 7851
8344 1179
