258
6081 6938
6830 9626
6465 8843
2819 6356
814 8771
1807 2127
3541 4583
2551 9725
6883 6899
3615 6437
1812 1982
4981 9887
5133 9745
9309 9744
6111 6810
2555 3207
5735 6364
8603 9171
6327 8235
1566 9927
294 6273
8584 8623
394 3376
1220 7560
940 3678
1515 3590
6234 8703
2877 4208
2141 2839
7378 7941
963 6103
3201 7626
7318 9164
4549 8693
6250 7818
6320 7227
9472 9488
7934 9452
9769 9797
3573 7082
1491 4590
7638 8861
4326 6529
4705 6756
6034 8316
5895 8765
733 9476
5946 8734
519 6212
3711 5211
7046 9946
9526 9807
2587 6094
1521 6755
2484 9907
5941 7784
1789 5048
8074 8277
3069 9854
587 2160
8729 8892
2310 5751
337 3270
136 7707
8213 9428
4006 7901
5465 7362
1225 5486
5351 7126
6515 8682
1209 2288
7498 8652
8270 8354
386 9066
7867 7918
211 5550
7043 8925
6369 7619
5016 5392
1384 7027
3330 5591
8059 8922
1367 2941
5848 6172
3336 5454
3443 4932
5041 6924
1121 5424
9391 9407
494 9095
7497 8179
9816 9979
6626 9813
3197 3673
7689 8158
4841 8796
4444 5394
2565 6565
9133 9194
9236 9670
934 9929
4850 8820
8576 8767
7240 8928
5564 6693
7211 8025
8651 9669
1277 7852
7012 8172
5070 8986
3871 7912
445 820
1448 8756
7730 8430
646 3773
4100 8435
7981 8944
9922 9999
416 6013
313 831
8555 8921
3675 4189
6022 6483
3504 4394
3983 8238
1838 3008
5365 7564
7566 9182
738 7061
6671 8645
9935 9957
8384 8554
679 6404
4881 8851
7050 9065
9281 9798
5774 9285
2601 3901
4540 8776
9073 9307
3191 5976
1202 6129
5482 5887
5772 9205
1075 9939
761 9079
3839 7439
114 8595
9102 9195
806 6409
5664 7775
6080 9692
6163 9829
4510 8784
7610 9906
5625 9343
9753 9895
8479 9660
2738 6646
7395 8600
4306 4874
1104 7125
5146 8607
9332 9761
9377 9970
7058 8008
23 2034
9581 9836
7067 8049
4832 7417
6622 7425
9528 9687
7695 9678
430 3036
7496 9218
8687 8692
5232 7513
1719 9166
8755 9091
1257 1431
7644 8673
3681 4511
105 3287
6222 8485
8010 9814
2998 3564
3790 6664
9314 9324
8329 9395
1721 6008
9926 9992
8512 8596
4398 9054
4483 9995
6640 8837
7596 9991
6971 9673
3318 9189
7589 9119
9787 9843
1383 4402
3742 3906
7116 7451
9423 9537
1778 8332
2365 3695
8282 9177
7083 7325
8285 9981
2199 8552
7574 7879
2111 4352
1637 8131
5581 9625
5582 8024
3439 6572
6102 9871
8543 9715
4804 8480
5987 9603
4864 6358
664 3727
4759 8255
2999 5702
1934 4093
7190 8671
8352 9809
6885 8413
858 4935
6355 8473
2475 3561
776 8283
5623 6860
2494 9976
5744 7232
2217 2242
3691 8634
3925 9431
5359 7418
7128 8155
7829 8518
4181 4551
5733 8206
7813 8253
6725 9263
9751 9864
5097 9827
4206 9517
269 7109
9724 9893
4167 4809
2970 6993
8735 9088
327 6417
6064 8060
585 8244
5117 5389
9001 9705
845
4422 3852
6772 63
7713 2323
6995 678
2392 1470
8071 7930
1186 478
3855 2183
9659 4317
8896 2037
8159 7676
7427 4728
6832 4758
4295 2876
2225 1295
7268 6534
6361 617
7764 3832
468 332
752 140
7807 3783
6053 2778
9931 4133
3633 2673
6887 4171
7645 1994
7977 6763
6485 1605
3618 2401
5604 870
1958 459
7746 3826
986 132
5335 762
6578 2174
1023 217
9170 8841
663 329
285 196
5580 3606
897 392
9451 7221
7942 6339
7963 3067
9116 7685
9085 8775
334 15
5303 1264
3734 76
3828 2397
4329 1477
1679 299
3413 735
6910 3933
5130 4994
3642 3548
6056 1576
6085 2895
5181 523
1814 1510
457 365
2619 2371
8813 3533
8483 3429
5660 5354
7584 4519
6342 1346
9178 151
9320 4407
2544 1008
1685 1002
8562 546
5488 4508
830 19
5753 1908
6932 4647
2027 1856
4331 2453
7535 4408
6139 4126
5787 4697
7430 4042
6985 3211
2943 2180
4979 1837
3585 2981
4845 916
6502 5560
8112 366
4597 2223
5503 2717
3680 2473
3936 3487
2759 1055
7599 4640
5391 1590
7296 1601
727 380
825 418
1166 499
1047 431
6020 5028
1331 1088
3510 1165
9325 4584
861 358
8187 1959
5268 720
656 633
638 215
7158 3498
899 451
2491 2083
9327 2279
8422 3760
289 109
8806 6717
6054 3589
6754 3616
2325 1873
441 10
8792 4940
5505 3489
7553 3927
6677 338
2369 750
2931 1655
8929 4475
2659 2137
1390 293
9556 5800
5826 2937
5525 3970
7686 6927
4599 1459
7181 2833
9544 5979
8302 2278
1288 345
4002 2458
4136 3596
7329 5749
2468 381
8840 6926
8620 5299
9729 4135
8091 7833
1439 793
7306 4177
9 8
2821 675
1823 270
279 177
8931 8180
4694 3992
4555 3425
4529 3020
8829 5258
5422 2168
455 390
8424 8397
3514 1320
6811 422
3480 355
5799 4072
7502 1595
1030 311
7828 3427
9169 1660
396 349
3516 184
7178 5453
3655 613
2817 742
8715 4063
9703 3646
7139 3512
2446 758
2368 2076
9677 9505
2622 208
4283 3068
4051 1759
516 38
1887 93
9052 7400
5897 1307
4847 671
3631 3422
2049 1548
2311 135
4789 3438
2558 2296
9081 1285
2402 2273
2751 2304
5726 5111
4761 2595
1857 854
9125 7947
5441 874
541 164
6537 2639
9875 150
9090 1865
9376 461
5695 2548
4736 453
1432 239
2013 1542
4824 4277
1457 888
9150 1802
1159 272
249 243
3232 2361
1249 342
1259 261
4464 3494
1246 454
9082 651
3733 2973
1751 1711
1755 1518
5125 5044
4810 1827
8513 1374
2022 1322
7341 2380
1867 1671
1155 1052
3471 260
5493 1562
6700 2503
4273 2748
3866 221
5288 652
1427 773
5971 4848
321 277
9527 5885
3431 2634
7858 1446
4410 3592
7455 183
212 60
5779 1764
1665 608
1650 674
4833 887
7773 2281
6586 4687
5402 3028
3127 83
2032 1989
8497 3166
4915 2688
348 266
2360 393
6478 6316
9390 1659
7989 3311
3104 387
9080 7651
5241 2788
3693 1120
2282 1776
9657 3985
6360 3755
2386 2306
6224 569
8920 8568
1347 27
2478 739
71 34
8367 1821
2068 303
754 434
8347 4218
163 26
44 6
1057 1009
6115 4153
6542 305
713 152
7130 2628
2328 573
7518 4020
5588 4447
7793 4580
6268 2940
4737 4082
2035 1779
6379 3730
3570 756
8295 189
5959 2069
1968 362
6653 1420
1451 1163
955 142
1967 1133
43 33
9379 3644
5731 755
1352 1276
1927 39
5443 3834
7076 4922
6507 5674
7778 7771
7205 501
7095 1137
1341 75
6996 5905
7167 5168
4209 2497
3349 2790
6198 4637
570 528
2452 1486
1181 891
466 154
7662 6783
6851 1351
2956 2091
7929 6390
8005 2570
5833 3705
903 40
6884 3089
1478 975
1385 1188
7132 6137
7038 5502
5521 637
7679 3896
5926 3999
6239 2120
2182 701
6193 4632
8219 7264
4350 763
2672 1078
195 194
166 36
8541 7063
3728 781
2517 2454
7841 2820
958 709
577 558
5968 828
4870 2604
2336 567
9264 2145
3703 991
1287 665
8451 6319
6881 3016
6841 6796
4474 3511
6338 890
5165 4228
6293 178
1211 278
9222 4723
5629 1306
7105 2016
1386 723
1324 729
4252 1752
2954 433
1924 1140
7856 6559
8368 8085
7183 7146
4416 1086
281 61
1212 487
3942 1050
6933 1686
3922 1695
9912 8153
5032 2177
3103 3022
2859 248
4682 401
3323 1797
8773 7092
5862 5801
3476 275
147 137
7315 2995
949 312
8128 1482
9156 8120
5352 4663
1095 702
5517 3569
3767 1716
6882 917
1208 491
7510 2881
2721 2665
4353 1642
725 5
2949 1817
2000 1001
6729 1283
6079 1639
49 22
9067 5405
5834 1549
48 35
5832 3859
4671 3242
7118 2682
465 30
2061 1641
6901 6083
7834 354
4664 3062
518 378
650 331
764 710
7570 2905
357 222
3299 2132
1625 328
9605 2200
8544 935
1629 1315
5755 4077
4659 2871
6678 3385
1366 89
8884 2650
3110 282
8303 3280
1648 740
5994 5185
9493 8881
5141 4695
6570 2755
1852 131
1999 346
5822 1436
1980 1885
8989 6613
7844 1947
554 51
8015 3898
9631 2637
3003 1194
9848 5544
1573 1547
8360 5630
4347 2731
3905 1382
9373 853
2250 1069
7749 5295
3029 2024
8314 7084
6889 6798
918 818
5952 3892
9693 4604
213 155
7406 5719
9460 6373
2542 1230
9732 855
4538 1730
9216 8604
2845 235
4629 2886
2972 1321
122 74
7022 4121
3394 3231
1678 1670
5489 4178
8697 8336
5292 2680
1717 1241
5023 3303
1294 985
2676 1308
4908 4899
2476 1511
2897 1653
7316 5795
7469 4744
7728 812
8127 5817
4706 250
1743 1339
7951 6621
9062 2670
4366 3800
7945 3250
8098 7490
9127 264
9121 7450
6782 4491
6802 4247
3356 1635
9633 407
3701 1473
7527 2317
5708 1782
6245 1302
959 200
9293 5339
5233 4412
8752 6323
6504 1406
2448 1742
540 191
9950 2706
6739 795
2806 290
6963 1335
4013 1296
705 424
9319 1633
6292 749
3848 2715
3172 808
4494 201
1608 1060
4675 2344
8410 2244
7550 6124
2385 771
7151 4579
5420 3653
9076 4512
3421 2007
6707 4755
1458 1336
1022 669
2341 2233
4097 2652
7293 6929
3810 1854
3192 3096
7449 3764
9120 3148
5037 4231
9680 5366
6775 6049
7437 3258
8606 180
8323 4336
7866 5171
2655 2623
9401 8507
8178 5992
8961 2230
6249 5399
8138 647
5908 1575
7369 6180
8889 5293
5261 1855
9204 7375
7016 4026
966 247
7279 3114
3928 2888
3957 1894
1051 974
3598 304
4853 2138
5859 5225
1687 942
4234 1666
8617 7731
4985 3157
1066 860
2322 254
3426 263
6345 2957
7756 1503
1129 160
3378 3070
2198 1858
7355 2078
2801 1061
4227 582
9368 8970
7889 4592
6317 5803
8315 2869
8769 3244
4793 943
8264 7757
4860 4696
1863 199
2321 681
4383 1362
8476 3622
8917 5541
3552 1344
7573 4183
9233 1644
4969 246
8063 2301
5757 549
1300 840
3135 1468
3420 1615
5853 5759
4953 58
8169 6506
7098 6229
8533 6767
5635 470
4193 3527
6858 1172
5999 2018
6583 6144
4791 2779
7597 3722
3630 778
5115 1248
7758 174
4010 41
291 73
2932 1041
3057 851
3844 1870
8339 6179
3825 3663
7345 2289
1921 1800
6721 458
2577 1475
5046 838
8093 252
1223 589
4559 4303
9573 7715
9348 5182
3312 3186
8122 3304
4497 658
936 482
3142 562
8704 1691
4838 4130
234 219
3491 2550
3689 16
4499 1487
8763 5636
2065 1839
1585 1004
2249 448
7382 5147
3799 2093
361 188
3972 429
2535 880
2154 227
2933 2675
411 4
4975 2366
5052 3667
7915 2669
7803 6469
2389 898
4378 977
9860 8022
3225 957
214 193
400 124
8870 5763
2561 2541
94 55
6584 5320
1156 1106
6685 6466
5138 2422
9614 452
7466 2870
6493 3281
8197 3753
4321 3531
230 123
4460 3252
8677 2686
6242 4730
1376 133
1668 529
2202 439
3726 3153
7588 7457
2124 398
7017 5170
8633 5129
5701 4111
1466 1377
4535 4280
6436 3416
2887 2393
8707 6072
2100 1706
3352 2770
6964 3973
2747 13
9286 2625
8571 4829
3254 2485
480 228
7621 6780
9260 3116
5903 3301
2350 1990
4713 53
4431 687
1193 866
2104 852
865 24
2447 774
6486 1906
7926 3260
2116 635
1606 170
8271 2257
5534 4297
8727 5340
1713 1233
7587 7301
8566 7741
6488 2974
8113 5139
6406 2919
4239 4230
2783 308
9971 5765
9291 4714
1872 1244
2319 551
9780 9202
9339 9305
8739 4232
8327 4699
7081 3509
2245 1740
3779 1481
6269 2741
8362 497
662 175
481 126
6380 1801
923 680
5368 684
6227 5598
7111 4382
9773 5231
5174 4677
4667 505
5542 2425
5873 3241
9616 8947
3763 2074
770 67
8531 5991
5922 3292
8994 6992
9523 8011
836 159
2090 965
8289 5510
7751 3285
4701 4254
2851 2797
6284 6052
5750 242
1775 1364
29 28
9448 3823
6473 3470
8231 6440
1195 1183
7005 4134
4524 1937
9901 167
7344 6751
1791 1299
1766 1640
593 17
3322 1083
8177 5760
4929 1944
8101 5522
2451 1297
8417 1114
8287 6331
7529 2921
6847 5867
694 209
9036 7523
6192 5670
7282 474
7164 4423
9885 3517
3593 2327
5123 4916
7367 7248
9051 6799
1594 1369
5084 2583
1741 111
6050 4661
3403 2188
7669 7056
8511 7860
258 78
876 379
5456 1664
8565 6880
7716 5849
1796 447
5157 3452
2578 642
6568 4294
4507 2203
419 104
3741 3641
9857 4269
9256 2364
9174 1387
2620 2140
8066 128
4263 172
1952 1900
5690 5194
7857 479
863 620
2302 2274
