262
3404 8442
6331 9616
9223 9482
748 9826
5654 9255
6160 9726
3319 6762
7448 9067
4315 7456
6939 8096
9775 9960
9018 9174
9705 9855
3506 8627
929 4079
926 7976
8135 9477
9984 9995
2127 2777
5721 5941
6108 8408
4493 6938
8920 9636
7200 7775
9670 9994
9740 9911
1260 1501
9806 9873
822 6547
8004 8548
2312 2801
993 3822
2416 8212
7100 8455
9706 9940
2027 6786
5085 9191
6771 9192
5434 6432
6647 8163
7129 9631
7052 9957
9551 9915
4366 7798
2701 3504
7538 8237
2854 5386
8251 8289
5237 8628
9276 9916
2252 6965
5558 6027
735 7997
3051 8285
3176 5223
9171 9891
2058 5400
881 4542
1684 3146
1290 3734
3553 6410
2626 9845
1037 3056
5006 7080
3904 8242
9690 9907
6070 6262
8684 9755
6660 7924
5046 8457
5730 5884
5820 9077
2692 3640
674 3579
1383 9689
3713 6583
4759 7898
9787 9810
370 9385
7989 9791
3540 8334
6527 7464
819 6763
306 1991
9175 9200
2625 5943
7499 9400
783 6396
3216 7611
1929 7245
4412 6431
7216 8768
6421 6510
1112 3488
5960 8454
2955 8263
7956 8472
3637 7823
5035 8083
2464 4076
6198 6862
7433 8583
3756 5228
9296 9934
6481 7062
5020 6623
3612 6847
4005 6550
5148 6045
7520 8350
1818 5698
9481 9761
9550 9576
6796 8033
5534 6507
8099 9623
7822 8312
5029 7690
763 4200
9005 9692
1054 5641
7580 9262
4910 6136
3762 5571
3325 9649
3235 3247
722 3063
2435 2792
4197 8087
2742 8574
5496 9614
5967 8310
4368 5724
3494 7618
5318 6923
4857 9856
7377 8201
8764 9163
5425 6362
5648 7015
549 7230
7481 7572
8430 9792
6259 7190
5975 7337
3587 6459
3916 8823
9021 9147
117 1569
798 4040
3461 8390
5779 9471
6172 8845
8001 8723
4066 5483
7830 8824
7874 8897
6191 8711
3314 7544
2725 6716
5125 8934
6315 7540
7530 8647
8826 8926
4899 7450
6702 8541
2047 7494
3728 7199
5108 5263
1889 4679
7907 8014
3532 4083
3369 9643
4733 7562
4487 5823
3045 3263
3648 7469
5750 9582
9453 9606
778 5731
2304 2794
9073 9506
403 4483
8073 8349
5310 8270
3786 5362
2439 6538
7516 9734
2529 8029
8984 9082
4056 9452
5981 6101
8668 9547
2743 7126
7983 9004
2613 5101
2470 2865
9591 9597
9472 9800
2490 4050
6879 9267
7887 9961
2446 9330
6690 9573
5942 6711
3961 7771
8771 9216
1380 2795
3074 4625
1212 8494
620 2065
3425 5901
2510 6281
6381 9804
7957 9973
1599 5294
1774 9998
5347 8307
7037 8570
4491 6895
1473 8807
5333 5366
886 5436
9075 9628
448 2856
4157 7412
6409 8343
858 1799
9586 9850
895 5994
9167 9494
8517 8933
91 4719
3858 5357
2007 7276
2194 2935
8850 9819
2346 4293
2722 7256
6014 9309
6820 7894
8739 9316
4485 6327
9716 9796
3188 8849
9739 9758
5041 5406
7189 8526
5947 7634
8456 9438
2188 9959
5824 9029
3850 5537
2253 5676
2939 7373
3040 5787
8643 9488
5856 6801
2343 7012
7523 8360
5309 7321
1446 3646
716
3378 2369
9569 2431
6244 509
6597 1343
3978 3001
3493 1663
5293 4205
772 26
5412 4207
7027 3619
1977 1880
426 250
8644 2160
5055 4688
2230 224
6731 5974
4531 1592
1634 22
1068 212
9334 4296
7660 522
610 51
784 498
2541 1417
5007 3877
3402 2341
1130 371
8052 6611
9971 9732
5391 1777
6494 5498
1541 354
3485 1683
6462 3022
891 760
6904 406
4340 2147
493 141
8649 6894
761 227
1191 1025
7610 6279
3446 3254
1759 767
937 505
1214 258
7088 2615
562 121
9019 3751
1643 1615
1004 171
5401 2033
9440 1271
6970 687
1102 163
3970 541
3342 90
7136 5748
456 436
3500 2578
1012 637
303 242
4618 2391
4524 2870
9710 3213
3550 3290
3339 2073
8450 8292
155 36
6825 2645
4302 483
295 61
9903 9320
9817 8558
3723 1547
8983 3826
1612 808
9169 6573
9221 1815
4012 954
9798 8565
2366 947
3525 635
6605 72
1910 1285
5123 447
9178 3476
432 167
2322 1637
883 193
3262 1208
8188 5821
5290 3037
5099 2357
381 164
232 87
9270 4680
5604 5596
1096 552
9558 7958
6155 5105
3641 1458
3739 1911
7904 1549
9232 4810
9463 6644
732 42
1475 315
566 418
536 492
9610 7220
4151 2855
8146 3573
3475 1363
2361 707
4287 1200
8672 4403
774 574
2281 2096
2940 1460
7485 405
1963 1801
294 45
5147 2572
2421 1419
4863 4541
1505 355
9500 5474
5680 5378
5621 1517
1609 438
7525 6246
4619 4503
3187 812
4020 2494
5771 1926
897 238
1115 514
4626 3295
4800 1915
8681 1139
6352 4845
1781 664
1790 451
2290 2283
3471 3298
2881 1374
9563 8985
1721 158
1412 206
9888 8856
5166 2447
1195 1138
1167 606
3491 503
1296 944
2605 2601
6456 3223
6493 3273
8922 4766
168 1
5781 4928
590 342
7382 6971
4916 1292
316 192
8988 4949
7543 6166
2647 940
7665 6685
1210 4
8543 1955
1510 888
6794 1722
4893 4037
7836 3562
8594 649
587 52
2752 1143
205 17
9451 5173
6134 2657
1155 1011
2767 1084
3701 3286
8538 855
787 424
2285 394
3792 340
7855 1985
3405 2133
831 325
264 37
2952 2321
5575 5111
4196 3815
7258 4917
6472 4654
4313 2434
6383 579
2826 1163
1616 870
5538 3944
4154 2338
6502 1763
5488 3347
9870 7953
4602 4059
4821 3226
8105 2427
8511 6723
9992 3305
945 7
5299 3933
2984 984
9688 7181
6333 1325
2355 848
9941 5594
253 196
8899 6030
3055 2790
1398 550
3086 733
2715 1217
7345 361
9638 7940
3379 2726
129 84
8940 6999
5128 3004
6001 4786
7375 6063
3657 2772
2737 1710
2612 390
7137 3853
4966 643
7123 523
4584 97
9235 6805
7865 3159
81 2
5486 1299
8154 4029
2840 823
9422 9087
757 408
5383 3995
7078 4065
4001 3179
348 305
8392 2597
6317 5332
8650 6114
8357 6274
6466 3896
8293 266
4697 680
2016 1530
555 477
4360 2172
4954 4907
7676 1242
5467 1221
3882 40
9524 2003
9526 2838
2656 918
6671 5896
6375 1632
3039 911
5346 4959
8254 3807
261 110
534 44
2075 1968
7192 2006
7155 2889
2797 1269
1009 345
1303 83
9120 4103
5876 4270
7998 3302
8081 7076
1987 140
5662 1816
4225 3293
6521 3007
941 362
5201 1716
8157 3702
4137 1168
4533 32
444 5
7810 1098
9256 6639
2044 1786
1391 13
7470 7170
573 12
2012 1945
4383 2412
3315 1897
904 70
1946 1345
8729 5689
7657 3071
3356 594
6593 3749
8204 4635
746 259
7357 3203
3946 669
4458 3084
5234 4549
4698 1276
8407 3164
276 156
1059 255
949 319
4193 4014
7743 2523
1835 1449
795 260
3027 3021
8095 4498
7602 682
9136 2974
11 8
2804 2634
8658 8076
6636 1908
8618 2711
6678 2353
4526 3724
8874 5139
9811 3879
7616 4122
489 367
8177 4166
6475 1007
7713 3676
2417 697
8091 5494
9042 2136
6305 1015
8857 4945
9333 5446
577 195
7877 464
5815 4519
4082 1000
3943 3664
5945 5789
414 160
130 55
7086 5874
3034 358
1540 1235
9489 2220
724 526
1083 970
7539 2946
7197 4243
3777 118
1440 313
8660 8291
5440 74
2553 706
910 41
6866 5373
2138 38
8989 3249
484 217
9836 2828
1259 291
8273 2858
9490 5189
176 9
5965 53
3106 2989
382 116
6587 4195
1378 280
4977 4506
8280 5350
8510 7478
6875 3908
8365 2665
9151 6642
4630 2486
2491 1128
6949 2306
3395 2559
5358 5153
6579 4671
5269 1330
4134 429
463 185
9640 6735
1049 640
9149 6387
5751 5133
3069 2475
3663 1689
2894 2678
1875 608
2094 148
4943 2992
3545 3129
5564 5054
1418 446
7896 956
3303 3163
6981 2021
7742 2339
4248 1469
7064 3076
7797 6871
6411 6303
2771 481
2574 1333
6509 665
9621 8072
459 292
2231 1535
6021 995
6316 4984
4754 4019
8056 704
4736 1263
6556 3375
9103 497
9092 8108
4062 648
5197 4858
3716 2999
3135 1080
5780 1338
9305 8089
3910 2254
5069 4569
2847 2214
6668 3143
1238 871
4146 365
8719 4260
4415 2614
4964 3538
2233 513
1323 335
1667 283
6697 6220
9580 2558
8012 5339
6276 5692
4026 903
9852 4615
2493 1551
3156 1373
6116 2977
9979 4091
7063 4439
9901 7541
9759 5475
8470 2676
7259 1518
5899 1185
8023 5928
6821 1853
504 78
6544 4622
5924 4471
4393 736
1465 430
2618 1766
2944 2095
4426 3597
4390 1876
5808 222
9853 9652
1045 824
1207 14
4627 3028
1216 792
4815 3548
5437 1900
3844 434
5377 1718
393 377
3469 2351
3267 1904
6476 3973
7938 901
5528 2651
6804 3994
5557 34
2055 1872
7353 6193
1579 1331
6112 1657
9981 7033
6717 3891
5602 3331
7866 6461
3127 1617
5935 3011
499 159
2915 530
5554 5065
7188 6891
3260 1744
9300 5816
6513 3885
7231 77
487 220
2836 1624
8564 749
3873 2002
8580 2557
379 302
747 270
1940 588
3962 2481
4960 1854
4216 3767
8664 1893
2242 768
1230 501
2769 711
9974 2092
7513 6095
8947 3193
1861 265
2163 2082
128 108
1602 1069
9665 1819
4631 3832
8720 5871
6237 5972
3191 2780
794 287
35 16
5052 2185
4147 3081
614 82
5121 4356
2480 647
1377 1319
2196 254
4303 2154
1497 1392
7736 5178
7452 359
4592 1445
5064 3391
1687 268
3243 517
4034 2168
8708 4349
3353 209
2961 2122
6444 2156
8124 2819
4472 1181
2925 1388
8603 6951
2810 1313
5797 3433
2903 2796
5199 3166
4775 511
9872 8524
7755 7675
2815 376
5556 3692
2190 636
8239 734
4583 3818
4086 3565
9234 6529
2373 1118
5510 3068
9066 2788
7595 2174
4363 502
5428 3505
2776 1614
4604 580
4324 3894
8611 8227
5348 1403
8363 2206
8332 7814
882 837
4343 3568
6943 2479
2693 2413
9927 178
2758 1433
1728 1056
5532 4477
2610 1538
3892 814
9480 1680
5740 4535
2566 339
721 398
6832 3624
5560 1443
6576 4406
7390 7238
3283 1046
15 3
7003 1761
1701 844
8234 3383
3738 2873
4935 2781
7841 3118
7531 3682
237 96
8128 3272
1899 364
8970 6250
5317 4663
1748 1482
5079 2384
89 39
7609 6219
6319 2031
7767 3524
4430 3766
5796 4436
2507 630
9405 4823
3413 631
380 147
3541 1881
7409 6567
8180 420
8260 5421
8978 6995
1713 1110
6216 2098
3761 2350
4647 4236
327 241
8782 1283
4988 4764
3520 860
9003 3394
1293 1095
8773 3788
1675 407
1145 203
7573 1673
6265 2116
1590 478
5561 4507
7860 2949
3672 2533
4246 595
8656 1843
7048 2170
4778 4706
6779 3801
2202 907
6234 1020
4713 4130
5092 4372
7927 5447
6883 5270
4578 2173
391 79
2023 1504
1972 1463
2542 23
6920 2876
4704 200
519 363
5997 1930
6290 2409
6282 2562
2590 1532
7653 4727
3349 1950
9925 4685
4369 1826
8364 7608
8410 4753
4033 1121
5180 3816
2508 1196
9838 6525
153 136
6257 2317
2302 1092
1655 727
4160 1043
1772 1277
7761 3972
1998 225
9060 4516
5741 293
1692 49
9644 2063
7021 5468
7796 3144
1750 211
5869 598
1948 1649
9964 8861
