346
2829 7248
9191 9485
2963 5153
1634 2489
8296 9115
2557 9984
3202 9154
8076 9631
8716 9407
6429 7981
7361 7922
7530 8382
5028 5817
5330 9734
5761 8980
9319 9901
2002 7563
7056 9506
5494 8047
7445 9626
8326 9347
2345 4424
7646 8840
4397 6710
8232 8335
8433 9637
9954 9981
4215 5521
4615 8487
6394 9377
3275 8266
9005 9282
872 6064
2189 7908
871 5255
5508 5928
7299 9123
2536 6105
9707 9770
5539 8973
8888 9680
4132 5263
3155 6541
3236 9035
816 9119
1939 3921
9556 9932
7442 9886
513 1922
3448 8660
9923 9939
3735 7043
5519 8161
6770 8130
2661 4613
7090 7923
3307 7172
1491 6149
1503 3416
215 2053
3958 9526
5149 9436
4389 6276
8966 9116
7146 9190
3370 9737
7694 9934
8221 9063
1771 4425
4638 7668
1281 5631
5700 9269
8553 9131
2861 4071
1518 6929
4988 5217
9874 9926
7483 8026
2762 7308
3277 4217
52 6178
1754 5624
5851 9559
7244 9148
1018 9438
6273 6917
3436 4019
7302 9593
9320 9857
3395 7884
9461 9997
8166 9135
1936 2872
1019 9229
1268 2526
8317 8666
3695 5003
9364 9833
1458 5490
4748 8535
6719 7240
8401 9294
2395 9730
6344 7875
6867 6941
5252 9988
8771 9772
4710 6295
397 2244
590 4844
3669 4586
9213 9585
4298 5001
7112 8921
7863 9258
6419 8823
4048 6458
382 8905
3103 7397
7903 8295
6470 6702
505 9774
3914 5945
1034 5911
5229 5896
3467 4687
6966 7560
947 5646
5583 6596
4814 6507
1111 5793
3278 5936
4619 9582
6107 6781
7693 7755
6991 9960
3766 7568
4188 8283
5855 9225
4829 5786
2914 8744
2890 2917
9214 9428
9365 9549
9808 9839
8997 9863
6234 7008
5850 8567
4580 4633
6283 6584
3847 8133
3444 6060
2152 4183
3373 4455
500 6106
3133 8703
1816 2133
8275 9778
5180 7574
3148 6570
799 4601
6623 8247
5500 9632
9791 9913
5054 8409
1016 6007
3138 7628
822 7279
4796 9222
4481 5788
7809 9354
3522 5360
3685 5657
3310 4486
3810 8241
1135 2464
6311 7773
9193 9497
6896 7366
8877 8898
7159 8842
5706 6522
4543 7131
5953 9012
6443 8933
8257 8923
813 8368
2137 6940
6908 8825
3579 5190
7194 9173
4900 6319
9179 9587
5683 6688
194 3836
4692 7155
9704 9970
5932 6294
394 6037
3037 8573
4301 5344
2927 7269
706 4358
1289 7326
66 1467
7444 8751
5808 7506
1911 8866
7164 9458
7242 8151
7788 9664
1583 4315
8067 9841
4137 4993
7144 8976
6454 7499
9302 9779
1691 1945
1209 2400
1087 9604
8766 9931
9410 9917
3065 4138
1626 5451
2264 6951
6000 8340
2246 6711
860 1259
8281 8795
9138 9645
3682 8515
6513 7644
873 8041
4750 9093
8094 8192
4767 9595
3276 8256
7316 8932
6174 8729
1235 5561
6312 8947
6097 6390
6047 7722
1890 9785
5031 7162
1457 8307
3213 8495
8566 9094
5230 6078
7622 7817
3818 8276
3768 6871
2028 6548
8426 8561
9748 9949
2628 9539
3853 4929
9421 9800
6278 9422
2975 4989
8360 8603
8385 9679
2852 2949
4502 9008
803 8765
334 6977
6563 6669
1028 2880
7784 9702
3336 5188
9944 9993
1437 8481
7374 9311
491 3781
3382 8250
503 7962
9455 9550
7786 8489
6543 9873
6666 9721
4101 8885
3107 8611
8115 9480
4974 5779
4412 4977
1211 3622
8859 9174
4269 7322
754 7303
9211 9893
8746 9150
1237 5029
1357 5645
1669 2197
220 5428
9753 9930
293 9249
6724 8949
841 9331
3651 5113
888 6846
7362 7892
2490 8438
7894 9657
4670 7075
2334 2640
8981 9198
2900 6686
8723 9100
709 7210
7315 8815
1383 7467
5745 9601
322 378
4480 5701
5446 6124
2210 5246
3407 4746
8451 9406
7790 8184
9087 9340
1159 2588
6949 8819
262 2190
5380 7381
8083 8750
8399 8776
6013 6963
8752 8901
4642 8577
4403 8847
8150 8560
3997 4523
8651 9460
4408 5407
9322 9652
7355 9769
1183 2186
3759 6875
1606 6140
6704 6936
2066 5833
1118 1296
1527 2278
6469 7387
9482 9719
511
547 473
866 251
2677 1899
1921 227
7179 2541
2767 1687
9412 1227
5800 2639
9228 1415
428 37
3895 2227
4027 2292
2315 639
6249 605
8251 3555
7226 3791
5058 4263
7118 404
8397 6564
8197 2685
7478 4730
7010 6080
7979 6947
8517 2959
7349 2923
2648 2090
3701 2378
3953 120
6948 6171
6504 3517
6614 1264
8636 1376
2323 575
2650 2119
159 67
1317 954
2888 1664
2370 489
2 1
6299 6127
7001 3867
8990 8202
7965 7730
7729 275
2938 2251
8349 6488
9806 5670
4347 3156
2866 2705
8228 3977
9532 4381
324 65
5867 1014
2886 823
1813 59
45 12
4039 2982
4200 1453
5888 2118
180 119
1556 593
9608 1666
1165 18
2350 1271
9469 1303
3462 1963
5875 610
4936 3918
2945 708
253 219
7294 796
8549 3561
2737 1058
8861 1288
6649 2289
6502 3782
7803 897
42 19
7647 2129
1082 935
1060 131
852 479
436 287
6802 1602
901 698
313 295
6992 6281
5104 4760
5475 2527
9275 4264
4864 553
2777 2249
9675 3442
4901 1676
6269 5863
5226 4559
2235 1447
745 62
7447 2598
5373 4325
7457 6694
8525 7363
3859 1781
7125 6441
5066 4935
5653 1889
9741 63
9903 5540
4018 1712
7045 1719
395 98
1024 443
6745 1356
1959 846
6678 5709
106 64
7401 2314
3690 2075
4221 4131
2658 303
4911 3673
5967 1236
6461 351
3786 1497
6805 2801
5776 5661
7957 7811
221 74
6640 6378
8742 831
1850 1846
3987 2789
7209 3589
5322 1308
4654 3520
8035 6111
8953 2273
248 95
1084 277
7632 3983
556 509
4404 3855
4010 3550
3922 3215
5393 4937
5614 3560
9195 7067
5734 4427
2739 1703
636 333
1417 113
7780 5371
7494 6229
3313 1001
1884 1124
5485 2503
2258 2224
6410 6168
2563 617
5035 2753
1351 668
4354 429
9887 8604
6381 4081
7993 3009
5129 141
9843 8162
4088 704
4819 328
4309 1214
6351 5637
8244 4288
3815 2848
7398 7351
3374 1619
8354 1410
3344 3067
5792 1721
7084 431
8476 4165
4718 4102
4998 1113
8816 3906
7624 3404
8088 2205
6433 2196
5711 3929
4541 988
2796 1562
9161 190
9668 9366
7098 1181
4351 1969
8692 4575
937 882
3166 746
6252 1704
7551 2567
3178 28
4214 492
5283 1740
3689 369
5669 1421
7327 7114
5482 449
3502 1422
2915 2786
5165 4801
1478 596
1133 140
8411 1797
1791 418
4205 1077
8912 4524
6241 4342
4763 4522
6314 3169
3201 1292
1695 11
544 388
8886 145
9176 657
4570 1537
8748 880
4164 4139
8805 1600
97 47
6765 2212
3316 3036
2326 1365
6656 2624
8697 4491
7205 2165
3314 6
9853 1128
9661 2525
2698 879
266 80
1059 978
3516 1886
2873 2141
4282 317
5386 566
2847 2209
9399 3251
2191 535
3991 312
4846 130
579 149
8051 1336
2010 1588
9028 693
1502 962
3783 1739
5607 2260
269 154
2094 1587
2605 1147
1757 890
4673 1812
2154 828
6930 2077
3688 1522
7035 4696
1738 794
7544 7540
6842 965
9848 6225
1620 1232
7642 1896
8758 8060
6056 534
6638 1742
9900 9763
1901 763
6879 4387
4068 1153
5531 2268
703 342
1172 272
6435 4056
2644 1412
5302 786
3758 597
7564 4614
7763 1174
3885 3881
185 115
9299 6027
2106 1329
1552 1521
9817 6301
3723 3346
1789 671
1337 1234
4134 3901
7643 3752
55 46
7767 1386
3074 189
7833 434
9577 2176
8961 1161
6629 148
4882 1182
2092 1450
7111 3807
3959 3894
1564 167
8420 3553
8331 7543
2832 589
99 70
5213 3601
5347 3032
9658 2918
7138 1341
6800 6052
8503 1823
930 350
7651 470
1178 430
5042 112
6296 494
4256 1535
9974 4441
5261 3950
8735 4400
7023 3020
8509 7212
795 271
5598 4802
8511 6161
4685 208
9533 5918
1186 953
4063 889
9725 6578
3160 1533
4996 1157
3665 3565
2630 2237
9180 9172
5267 2144
1780 446
1063 839
6208 3862
9717 4136
7412 4925
6009 3064
6754 6450
3343 1569
7847 6700
9963 6798
69 20
9085 7470
2597 1400
8790 6437
4476 1318
7797 1348
9112 3460
4394 3209
7402 1492
8593 2754
238 8
1343 401
2316 1793
9854 6322
4086 1152
9212 6010
9263 315
9991 7690
2274 1197
5973 3420
2436 1119
2409 168
1725 975
4590 2364
3381 3153
4960 4114
8357 7192
5818 5336
3904 417
3229 883
239 169
5447 4714
105 3
6303 4999
8736 6336
1821 573
9381 4646
1224 780
2277 858
4887 1015
1112 752
4883 138
5972 128
8927 4062
1062 624
3510 1597
5664 4185
1802 1371
8803 5630
8777 6467
5560 1955
8105 5654
662 205
4785 1915
1909 1586
9219 6090
7396 6979
8091 3841
1724 68
3474 3033
8291 1629
9096 8983
9490 2011
5865 902
650 523
1033 447
9518 8044
6068 1628
5853 1284
5231 85
6486 4237
3287 1355
5737 4717
1541 1154
4744 4661
2699 229
490 289
9306 5682
408 218
1056 537
2123 1957
6757 1933
7866 3248
1136 750
4451 2717
9957 4664
6091 1650
2955 2641
6819 2780
6661 1814
8706 5557
9018 8353
1042 286
9323 8743
6796 5101
5274 1555
2736 862
1327 848
9333 380
695 612
4133 1320
1557 564
649 146
3269 2676
6188 3514
7595 7305
2204 1250
6778 1391
9000 7452
6473 5942
5061 3264
9905 1498
6251 3274
2355 621
7002 6676
9425 4736
4087 867
8518 6824
3699 3668
184 21
4549 2483
1640 359
8753 4360
7200 3749
2302 1382
561 103
6023 4832
2810 1245
6718 5551
1560 1314
3739 2058
3861 3329
50 17
6681 5100
1342 637
1807 144
2447 135
3637 2604
7516 6310
8165 5139
2695 758
3803 3578
2906 1475
6900 741
9635 3571
193 88
3000 233
5085 1700
1148 775
5887 4053
2921 445
4257 1054
8269 5323
2707 1488
2321 2179
5158 4594
1758 1655
