384
6015 7794
8295 8796
5622 8757
7073 8034
6211 8786
7506 9794
4824 6618
2594 5941
9879 9933
5545 7334
3613 5749
6972 9394
2897 3076
3139 5243
3008 5246
4886 8115
5020 6519
1075 2366
247 5335
2933 3669
1770 7876
9225 9588
5031 9418
7729 9706
3246 6883
1216 2691
9485 9962
2748 8507
7356 7764
5705 9680
7390 9536
2141 7023
8670 8713
2109 6397
1807 6739
7254 8163
2684 3547
352 3144
9826 9981
3932 8195
3648 5982
7149 7202
897 1173
5143 8041
6282 8785
7576 8055
3680 8771
3625 7850
9347 9611
6311 6728
5219 8052
472 6163
5808 6465
8389 8571
1331 5752
948 1355
4529 5349
6177 8136
2919 4735
9325 9984
2205 6168
8687 9517
5086 8534
6766 7315
258 6273
4337 6525
9449 9541
1211 4857
4481 9412
6196 7534
5440 7954
7586 9210
3863 6104
4443 7692
8780 9244
1731 5217
8903 9216
5027 7357
3919 5935
662 2995
4233 7979
1666 3732
3146 9712
4876 7908
5592 5914
2844 3909
7649 7870
598 8221
1146 6737
3071 5655
198 9644
2275 2525
271 3182
3926 5043
4710 9853
3267 6951
2727 4316
1192 3033
1530 9642
4385 5181
7186 9612
5750 8588
3906 8924
8849 9707
3956 4901
6434 8542
4616 8014
3447 6121
5551 8005
8863 9823
5485 7208
6532 9523
624 6215
453 9667
1034 1756
7158 8031
9009 9490
3074 9401
7343 8218
7694 9176
7711 9363
2490 9887
6542 8795
6481 6634
9596 9695
1345 6095
4144 4607
2489 4602
5351 9430
5030 9661
6848 8476
4924 5011
993 1401
1224 3438
2841 6551
2310 9473
3543 6904
47 1687
6364 8268
98 504
9020 9445
5271 6278
2017 4598
7256 7615
813 3256
6489 7528
843 6699
726 9851
4871 9135
7026 9271
9455 9627
2118 9785
4448 5993
4296 9406
3303 6235
1267 5859
7701 8553
7825 8311
9419 9548
7260 8206
3336 5478
5701 6603
3652 7568
2191 5708
3046 9052
1758 2481
2024 5562
2857 6666
8100 8474
9427 9713
4832 6837
9530 9758
1848 3772
2304 4866
4799 8484
6936 7459
4883 8262
8248 9096
3048 6896
3790 4907
5678 9937
1131 6929
5891 6696
2399 8497
1918 3580
6342 9017
7523 8499
5837 9741
971 4255
9987 9991
6831 7129
7157 9072
5992 9672
9103 9942
7366 9722
4190 4335
8351 9973
7406 8660
4218 4275
5857 9906
2615 7355
5266 8378
7822 9895
7664 9831
6811 7622
6385 9198
8965 9776
3954 8618
9451 9825
8166 8417
6099 8356
7046 8673
7197 9283
9564 9884
7564 9034
7453 9778
5177 7349
9348 9963
4111 5387
654 1612
1551 4208
4354 8677
9196 9874
3331 4855
4294 5460
8635 9634
1717 2672
1583 6243
5776 8952
9477 9544
6669 7261
5624 9834
8091 8959
9462 9528
7482 8848
355 5369
7187 7567
885 7617
2839 8240
1463 3632
8179 9560
2801 5687
4150 8629
119 5909
2268 7498
7820 7929
4363 8182
7989 9903
5089 7827
1328 2824
8274 9245
2828 9256
1636 4985
213 8038
1002 1907
3961 9186
1226 8675
2239 3043
2854 5591
5994 9221
6041 6944
9185 9552
2177 2220
9691 9865
1298 6866
8207 8689
6447 7475
4403 5938
5813 9574
5729 8381
4445 9343
3893 6484
2054 5900
7591 8651
9600 9769
5401 8500
9639 9913
1605 9337
463 3763
7439 9257
6557 8371
7924 9860
6543 6941
7048 9339
4430 7249
8862 9229
1744 5472
4258 7790
4986 8258
8080 8320
2208 3726
4712 6879
2770 3156
135 9577
9890 9961
62 1649
2953 5542
2051 7425
5194 6698
968 3180
6116 8398
1106 6993
8921 9389
9132 9791
3061 9255
7743 9966
6647 8010
9803 9867
9077 9998
8079 8512
4795 5843
7422 8566
5257 8338
7751 9169
6084 7578
299 5210
2719 7657
6093 6604
7471 9902
5215 9060
4903 7290
7268 9386
2523 9669
7016 9278
8513 9864
7678 9630
5968 8883
2805 4634
5003 6071
2638 8821
8480 9145
674 9802
4861 9944
7399 7931
3152 5911
3552 7906
7190 8120
5239 9421
7054 7783
1772 9668
5447 9235
4827 9686
9478 9607
7697 8912
3068 7301
8682 9830
2119 7817
1070 5166
4970 9696
2853 4312
4469 8045
5249 6927
3247 7007
2070 2728
1976 7372
8706 9031
9208 9527
7546 9038
2992 7899
6635 9117
9793 9822
3287 5267
3337 5856
148 4462
7868 9510
849 6166
9263 9673
4068 9522
9898 9986
8982 9083
7851 8923
8348 8412
5810 7560
7957 9970
3200 4203
5375 6430
913 1933
4049 7812
7888 9515
4398 5145
3595 5695
1514 6649
5675 7923
1159 2398
373
5637 3974
9460 4564
2509 1407
4642 2562
2041 1444
1783 361
7009 3963
6751 1532
9005 1320
6053 1369
4884 3851
7700 1248
6493 3825
2591 2022
9960 7640
6456 3429
8870 6923
6025 5077
1647 1599
156 52
7668 3141
4361 4078
212 106
3249 383
5323 1678
2020 683
7598 3471
8803 4096
771 372
8222 1745
3518 1373
9313 153
3116 1475
6195 4428
6758 5735
5963 497
6114 4817
9362 8017
3713 3501
2847 2171
5617 4875
9646 5897
5148 2082
1057 229
7057 1893
1178 629
506 382
8772 736
9746 6558
1068 470
5710 2861
7234 2918
1826 836
2444 97
3443 248
8521 2967
3231 3219
9292 5871
994 745
6157 5009
8286 2357
2964 1927
3380 1263
7997 982
3663 1008
1246 697
9516 6368
7469 5666
9697 1501
2241 85
1585 474
6855 280
804 374
5165 1125
8914 1811
9061 1900
1365 217
4421 4072
6895 1467
9632 2324
1381 1164
7872 3324
9410 5743
768 617
8828 5682
8001 2565
2695 573
4297 384
1986 359
4306 1489
1506 832
7123 2662
7137 883
509 381
2515 522
4422 3888
6703 6595
8910 1972
7205 1855
1451 676
6474 641
2097 1359
2145 273
4887 1205
6531 5094
8727 1555
5409 4226
8012 5173
3796 1732
2793 831
2307 1133
1663 1314
8896 5072
338 113
5229 851
2546 2538
3775 278
7110 189
4788 643
8155 3866
1614 1324
3651 1681
3293 1924
5736 1290
5501 2531
377 121
7474 3490
6287 1284
4736 100
34 17
5278 1837
6871 5747
1384 209
7467 5943
1299 201
5235 2720
386 228
4454 4207
9850 7223
6330 59
3538 82
5455 869
895 21
5754 3912
1446 615
9615 3829
9566 6680
8143 6192
7636 4495
600 84
2309 162
3385 1005
3388 1023
3804 3629
3362 1698
9943 231
3205 1595
5621 1357
2251 1906
882 842
6183 3459
6496 5106
9934 3454
4519 4289
7060 915
908 478
9629 3904
9714 8403
5393 3240
6347 5142
3811 1992
3444 936
4318 3014
1561 366
2466 2200
158 112
5153 4796
4333 4051
9964 1600
6062 3411
2392 327
8086 5538
7107 6872
6678 4364
2903 978
8114 1502
3111 2209
3389 1834
631 295
4632 2043
5923 2320
4442 1554
761 260
2868 796
6874 766
8019 3678
4592 970
4252 2939
8424 7308
8678 7513
4707 671
5318 4082
6862 3414
8033 583
7965 2001
1724 1481
852 846
5838 5352
4374 3428
4906 4236
594 490
2794 1288
8898 2104
6193 4046
5918 448
3741 2403
2213 1582
4000 3616
9469 4809
9138 2882
5730 5286
1265 99
4644 2713
5573 3214
2135 1362
1240 1147
1270 935
3099 144
569 141
7716 2821
1203 194
9024 621
4956 4629
305 235
8064 1706
9816 656
2590 707
4709 3551
2127 1484
8695 2495
8820 7151
7030 6555
1813 533
3466 2365
3318 589
1648 604
8990 1323
8406 2374
3503 3285
6741 4045
5097 2322
8563 7017
9488 5216
1718 536
6761 855
4687 1462
2085 1422
3110 2162
5457 4958
3822 3511
9131 5141
2091 668
1550 757
6308 111
4753 4291
6380 675
4579 234
9941 8631
9281 7074
8088 2292
8585 207
4997 2797
3727 13
8734 171
1685 1524
5881 3799
9938 681
3130 2664
6231 2994
9227 290
6257 568
8947 822
3175 1968
7239 592
8269 6743
5395 2524
9390 8161
1483 722
1291 1185
954 357
748 154
7730 441
7178 7141
2527 1609
7326 751
4394 2363
6175 14
2149 1200
7101 5093
6399 9
1719 746
4485 4212
7726 7455
7642 7504
9537 9107
6094 316
1640 888
7091 471
9277 8525
4254 3492
9369 1674
9108 4153
2673 1763
9286 931
7496 3382
552 458
8889 7394
2368 529
3038 1025
1708 1044
4019 1891
2406 1346
8463 2701
5553 4935
5258 3204
4200 1742
6075 5260
8187 200
5870 3845
1030 210
1689 226
8852 475
2046 225
1615 538
5159 4522
679 146
4658 1221
858 680
3272 785
1728 588
3671 2361
4295 1191
9511 2951
2963 1921
5123 2390
5576 1394
5427 1715
1808 1733
3901 1833
1236 599
4754 2385
2863 1351
4630 487
3440 2607
6136 66
8408 8396
3488 1293
3590 2690
2584 8
542 270
4272 698
564 368
8330 6973
9184 125
6772 2671
8095 3993
6757 4718
7532 160
7497 4960
2945 2871
5781 3554
8411 3966
6734 6204
