451
7545 9744
7261 9634
3911 7010
3973 4105
8838 9564
1567 6112
5158 6130
1865 2053
4368 6680
4165 7382
9418 9662
1261 2989
3964 9227
8409 8916
4427 7127
7269 8319
1490 9138
626 1035
765 6111
8550 9429
7915 8397
5917 9174
1813 9234
5355 6176
4689 6666
2155 6296
2617 7792
4147 5659
777 1210
452 7183
8291 9687
207 2284
4272 4528
8697 9133
9598 9624
3753 3882
1855 7388
5308 8948
6335 9508
1011 9479
4529 7730
3084 5014
1094 4357
7107 8363
4633 6428
6356 6379
1774 4217
2867 4537
9658 9830
8598 9547
2865 3586
4996 6973
6511 9322
3844 4186
7313 9173
6016 8040
466 2467
1251 7841
9914 9965
8999 9892
814 7827
121 3846
8055 8210
2330 3082
1203 5692
8482 9343
6300 9119
3013 5065
5715 6258
8101 9659
4973 8422
5093 7612
7365 8680
7756 7807
8634 8950
5923 7422
3059 9864
5417 8718
1682 8079
2934 8454
1518 9640
1607 6200
3335 9891
954 1489
8049 8245
9844 9923
8892 9633
5295 8491
9017 9137
1359 2801
4653 7065
8337 8765
2745 3815
9765 9771
3135 8979
6757 7461
9666 9910
1219 4956
2886 3321
8647 9853
5026 8009
1230 3963
446 3764
9486 9497
6165 8563
9570 9810
9023 9471
3646 7501
8709 9218
7060 7891
8349 8915
5233 9222
4716 8768
318 4216
5937 6485
3087 8086
7438 9150
6135 9239
7668 8302
390 588
4397 7265
700 2873
7996 8502
1334 9728
6082 9001
9649 9696
4199 6992
1978 3899
9390 9664
6616 9967
4922 7217
8815 9512
436 1986
6354 6651
8406 9098
5640 5712
7916 8821
1241 6308
9004 9438
5540 5954
4207 7481
4379 5493
6342 7877
5457 8213
4886 9635
8613 8878
942 3961
8343 9103
5436 8617
6783 7277
4281 7482
7139 9907
3297 7518
9626 9743
8461 9976
805 5662
3737 9671
953 8781
4340 9611
4524 6635
2669 9294
3262 6009
6937 7319
8295 8623
5127 7707
9587 9801
3914 4175
9522 9753
2982 7472
1231 8002
6136 7024
4570 7617
6422 7304
8980 9683
3031 9217
6421 8036
488 8881
8936 9474
594 3415
737 6924
9961 9972
7762 9709
4713 8326
3853 7639
7918 9370
5215 7456
4099 5988
7396 9711
8012 9178
4448 7013
6116 9529
2356 6918
1028 8763
4839 7860
7293 9922
1597 3267
9823 9881
2502 9660
2651 8964
2132 3574
7888 9308
4499 4950
3926 7276
4310 9803
1913 4941
2334 5883
8547 9029
1481 1639
8478 9895
2094 6835
5622 5940
3430 9156
6522 8992
2772 9966
7872 8988
1296 8578
8947 9249
451 7206
6520 8267
3115 6732
6674 6731
1803 9866
5839 6983
8334 9313
3427 5299
1664 3461
2321 8658
1919 8077
2803 6894
6700 9101
1527 3925
2679 2935
4041 9862
1151 6648
7430 9328
2572 4504
1663 8641
4880 8105
3889 4812
1670 4674
258 743
4574 4786
8013 9410
6677 6980
2322 7119
482 5541
4309 5424
9998 9999
7338 9364
2869 4988
3825 6337
5005 8423
5749 6118
1318 1524
4901 8318
9344 9702
4991 7375
8151 8173
5700 5780
8371 9295
277 5464
7614 9644
6315 7063
1962 8393
7648 9593
1643 5214
9192 9583
431 8934
3606 3849
8038 9689
7544 8284
2301 9790
3800 9238
4919 7129
9521 9940
7312 8271
1742 7216
1580 8068
6904 8799
5116 8593
1943 3009
4890 5066
6497 8678
3777 8499
4181 6267
3640 6306
2494 8000
4612 6810
8600 9915
1521 6245
3468 3785
6946 8720
6702 8820
2999 7311
9216 9791
6099 7718
1984 2336
938 7818
1142 5448
5647 7052
4341 9854
8609 9319
6627 9407
4110 8123
6271 8566
7026 7941
4755 5496
3731 4957
7706 9528
5841 6684
180 4640
6801 9291
4576 8244
6952 7551
6338 9445
7832 8455
7368 9887
5305 5657
6387 9183
7794 7825
9489 9531
1858 2583
6749 7440
4745 7191
6838 8301
4627 9584
363 9359
1265 2404
6858 6929
3001 5646
6000 9361
4398 7434
6388 7772
6725 8754
6107 7286
8635 9941
1520 9377
9516 9749
9024 9847
5589 9638
9122 9270
8579 8633
2251 3252
3211 5853
7395 7401
3389 7464
507 2178
9745 9822
9541 9806
7432 7519
3655 9759
4019 8986
3576 9622
9788 9808
7845 9048
3972 4657
1980 4056
6766 9021
809 5451
7675 8823
3525 9527
2221 9046
3291 4353
4676 5393
4949 8834
7041 9939
5307 5907
9088 9396
7593 7864
2464 6190
1625 3200
9573 9954
9264 9710
3617 9076
9618 9959
9867 9958
6383 7282
6182 7184
9815 9863
1884 4815
5273 6667
4 7620
3276 4150
3295 4638
9208 9597
5139 7091
6758 9007
513 1541
9449 9668
3153 7321
9882 9992
5021 9652
9962 9997
8727 8998
1211 8569
9425 9925
9977 9984
4860 8592
772 9601
7363 9841
518 3583
4348 7583
4126 5465
7437 9386
5377 8928
2313 6989
3907 7919
1186 2379
2538 6984
6697 8015
7862 9697
1213 7883
661 6741
5153 5221
4136 4743
7534 7587
582 4486
3589 6970
1367 2573
926 7337
3884 9201
2261 4785
2115 9435
694 1449
9077 9842
7369 9406
1321 1711
4489 5482
9355 9720
4705 6509
5996 8456
4776 8844
2051 4211
7322 9110
7373 8954
8278 9226
5639 6140
4342 7257
4766 6449
3770 7387
2107 9041
4803 9086
1512 2200
3388 4801
9726 9917
3822 8448
1769 8521
7018 7823
7781 9068
290 4100
6370 7165
341
9127 3657
6104 4652
4197 3605
5595 5534
1554 410
1654 1045
7112 6164
6152 4070
1199 888
3567 2346
4931 145
7606 4496
1278 43
7329 7080
3299 2834
4535 1361
5518 2804
2444 263
8554 3239
8831 2966
6631 4177
8342 3035
6555 475
7885 228
919 704
6100 5327
1036 839
9352 1009
1780 752
5029 2048
7159 3710
561 65
1391 505
5312 632
5345 3837
5636 1854
3686 2540
6018 2661
2429 2423
5711 3183
6560 4251
2703 2168
2648 332
9437 5773
6225 4951
9203 5812
82 24
4654 3602
952 449
4346 1699
9501 738
5896 1088
3886 1556
3316 2790
566 186
473 46
2840 1297
160 90
2600 2508
6583 5428
5198 3672
2994 2433
2511 2491
6034 5924
1346 820
6324 1947
7328 5343
803 598
8737 534
5643 4966
9978 6571
7652 3705
3820 2619
9084 976
7442 4751
7283 3647
2373 962
4659 822
4626 2855
9615 5210
4249 1424
7736 2262
1709 472
2214 1646
8006 7549
397 164
1608 1415
798 190
7433 1195
4269 312
2832 900
7391 2215
6317 3370
768 663
1875 967
9180 3806
6484 5028
6126 5376
9983 443
6705 843
2938 1172
2186 1163
8966 7913
5249 3741
7878 5802
8725 1845
5250 655
394 324
4389 3151
7371 97
5274 2437
5863 3528
5052 2652
8842 3226
682 490
1939 1579
2781 1244
1031 810
80 28
2202 384
4581 782
77 39
9052 683
7232 87
1167 549
8465 2485
7297 3497
8035 865
8900 8237
2791 2721
9924 8506
5131 2483
5379 3351
1993 832
1836 621
8646 8380
8080 1330
9719 3219
51 34
6166 5511
2396 280
2082 247
2469 1996
2700 767
8322 2716
5167 2911
5693 3691
8732 7030
6377 3772
278 53
444 222
1487 940
8192 1273
4834 2754
6504 2582
2458 610
4565 3998
445 354
547 22
2131 931
9714 4314
8570 2552
7515 6451
1673 1283
3462 2691
212 161
364 78
9293 6625
4151 811
5886 3867
5982 5108
7731 979
9261 8776
6424 3503
5936 2298
4347 3235
1946 341
6691 2250
1882 52
2951 2633
1998 1745
7695 3416
7004 2287
8885 1282
5080 16
6960 3392
7325 3573
620 535
4447 3544
3186 1249
4855 3958
4079 1569
3697 1828
9430 454
3063 2591
3832 3548
1353 835
5550 2953
1098 890
2128 1129
1286 525
5769 2726
4572 369
9062 1975
3639 2645
5850 3676
9731 7117
8234 4780
7735 1755
1081 376
8887 6418
9269 9142
6895 4190
4392 4059
6203 302
3627 1169
904 845
1624 849
6450 1319
6711 5625
3569 1537
3037 2088
939 800
3255 1655
1452 1395
5975 3387
3110 2266
8809 6808
5861 388
8612 5502
5740 1369
7662 778
8819 5685
2769 1499
852 592
5565 1393
977 705
7279 2341
6619 3434
6707 947
7635 4575
647 214
6723 3739
7189 2856
5732 3869
3743 1335
6753 3745
127 99
3863 3007
4562 2525
385 38
2814 785
5124 1808
1696 459
6073 1979
4660 3897
3845 2112
8941 3246
6972 538
9515 2145
4511 1311
7417 6786
5255 4748
6694 3028
2020 1253
3169 903
7410 480
8628 3374
2175 430
2357 1844
9506 2158
6197 1380
8498 21
5915 1337
2181 1066
1010 232
6406 3900
1533 120
1928 1553
1940 1505
9518 315
4782 1068
881 308
3413 2749
1653 319
7663 874
3249 2421
6879 3523
2143 825
9539 7106
3942 623
6939 3132
4902 875
4512 260
8315 6063
6724 5204
1091 435
1515 281
4323 4039
5694 209
8668 2281
8142 4696
1176 91
5151 2796
400 266
362 9
1234 1189
544 542
2615 1445
7923 4867
6671 4738
4898 1835
9848 9003
7638 5828
2278 662
9279 1638
8021 1212
6275 116
619 200
6359 3134
8574 6554
3549 2946
3041 2807
3168 48
1471 721
6403 6105
8379 8336
5142 916
2922 961
8477 6926
885 395
1371 55
6909 5829
8277 2793
980 238
9504 9318
3079 2225
5570 4252
2684 543
7548 4910
279 33
