74
2269 6682
3045 6905
7104 9368
9528 9713
1170 4479
362 2211
1189 6932
143 9688
7377 8058
4907 7970
5782 7382
3072 8901
7472 9032
6293 6972
3375 6702
6470 8060
3786 9646
8972 9742
5009 9859
4846 6987
2987 5087
2870 8540
3513 4319
5195 5847
4706 7873
9612 9973
523 4896
7398 8861
152 5229
504 7654
6596 7911
6122 9509
2182 5001
4816 4876
6037 9997
5464 5553
3428 3527
6930 8946
9622 9845
8988 9029
8784 9314
5095 7205
4942 6558
9857 9938
1972 4477
8582 8750
9 1669
3932 4774
1790 6482
7591 9264
5103 6929
6089 8260
4308 4395
6939 8899
9673 9885
3408 8428
8262 9563
4246 5603
7476 8701
7841 9040
4108 6149
4392 5178
8459 8844
9253 9298
1283 9017
739 4340
4641 8768
1673 8516
2919 5605
838 4044
4536 5726
2942 9385
7665 8438
1502 8721
621
377 316
9963 6393
5323 4018
6233 3898
3084 1494
6242 2271
7837 2937
2517 998
7072 6489
4304 326
7357 1773
5313 1716
4800 4530
4247 3514
3145 2992
1762 1482
8075 7345
5910 587
5771 4332
4329 3862
4080 2391
2961 2813
9334 5029
7454 2021
4965 63
7890 1830
5539 3903
8308 5293
1560 952
6114 2577
7288 2020
4381 4063
5122 3541
9677 6070
4076 1718
2795 1528
5512 1458
5599 1776
7847 7192
7232 4599
9165 5235
7884 4989
9909 2525
4558 2554
6128 2137
1733 903
7012 2807
7956 5314
5044 2602
7135 5220
8310 4363
8631 4868
5901 5866
6947 2639
8462 5595
4375 4229
7084 194
6629 6158
4819 87
3302 2052
7368 1566
4765 3176
8803 3783
3459 232
4101 2622
9712 4718
7561 5030
7574 5232
9116 761
3540 878
324 144
1276 895
9626 1562
8273 5786
3664 819
6720 5017
2491 422
1670 704
5578 2228
7751 5014
5445 2341
168 114
7692 3528
3211 386
7514 4545
7594 1326
1651 922
9840 7178
9586 8229
1455 171
687 258
5438 3587
5002 2695
6259 5533
8224 2121
6633 2371
1978 448
138 117
7013 1994
1475 966
792 142
1011 237
3114 3108
2587 2063
391 83
5995 3993
1852 84
4591 1414
8676 263
2706 1588
802 175
1111 127
6620 82
9593 7114
1860 969
2306 1919
8076 3472
9814 1273
2608 644
3823 2019
6612 4242
7874 2354
9228 1275
4849 3327
841 571
5033 3279
8001 3754
4498 3409
5325 203
519 36
5046 3098
6707 170
8957 7407
4239 426
2080 1270
8269 3934
1768 777
3926 3586
3182 1009
7418 7283
1726 1196
8688 1107
5723 408
7940 4160
1352 627
5582 3755
6581 822
9172 8588
2590 1304
3784 3139
1277 1078
1478 871
494 169
3088 2628
6141 3086
3507 461
5155 2838
2297 246
6200 3265
7466 1984
9656 5949
5077 4847
8618 6434
6563 577
8780 8011
7977 7889
6066 5518
8383 6571
9497 4024
4881 2186
4236 1430
8073 6010
6889 489
4130 195
821 264
4699 2523
5481 976
7393 3419
3461 3385
7985 7728
8226 5149
6269 5056
1156 746
3417 349
8620 56
8918 8167
6143 1840
3462 2164
7813 4202
2818 708
218 209
7705 6743
2949 438
5268 2219
3479 3357
7980 7270
981 846
7172 6389
4318 3142
9205 4407
3605 283
7949 5132
3384 1
8580 7403
4659 2821
1258 709
6257 4105
2722 580
3313 3041
7219 2131
9454 954
6156 3759
423 365
3672 1679
1935 1711
1812 1712
4111 2890
3233 2332
6872 1757
7342 6806
7062 1474
795 96
3070 2359
5773 1301
8193 4154
7067 6313
3082 1979
6448 6175
5615 1100
4688 2390
1051 887
1586 151
1451 1200
381 357
9438 2938
6176 2563
827 317
7220 154
1178 463
2586 1966
1549 1313
9744 7606
4940 4622
8745 6172
6465 767
4103 1400
7082 3091
8468 5937
7346 5283
1954 200
2444 1845
7255 2350
7733 7445
148 139
5351 953
4974 579
9074 6409
8492 3679
4805 1141
4370 4293
8399 7822
5381 1335
754 287
3827 1452
2824 2465
3267 2316
8521 1761
6306 2365
8155 5594
2585 268
3019 2307
9479 9206
5905 5315
6538 3728
9486 327
4897 4168
6591 1218
6750 5826
9836 1989
3908 2839
487 136
4744 2469
2915 2177
4212 4086
6189 2009
4756 897
723 481
6542 4128
8630 3877
3637 2140
4268 3222
9665 8925
5909 2023
5617 2180
6454 1316
3051 182
7588 6219
4019 2842
2027 1152
2567 1497
5930 3229
7233 6877
9821 6970
6324 5575
5136 2473
7051 65
9631 88
9706 8280
3453 928
8573 5564
2856 1250
1378 239
6401 3922
225 99
4312 2703
595 234
3663 2593
9627 6677
5463 2432
6758 5942
7058 5902
7200 2276
437 192
2266 1416
8685 4518
3585 2347
5276 2744
1570 410
1013 840
9581 7429
2731 1113
3439 2822
6360 683
9483 7501
5590 2886
5739 1936
2672 28
9818 5266
7324 584
5644 1737
6630 5442
1680 1591
9957 8706
2720 1609
2683 2166
2217 1815
8825 111
1279 213
7462 2999
9669 3489
2505 2493
187 15
5895 2285
9763 7595
9274 2876
8327 1347
2610 600
4611 3303
4840 3247
2650 1029
7272 3560
1404 906
3639 1086
208 149
2765 74
43 39
511 2
4037 2124
3504 751
8817 3867
7181 5032
5084 5023
5750 3994
1543 973
8285 1595
2369 843
2584 147
9948 5362
9122 4469
6786 4297
1397 304
5353 3264
2960 990
4986 4728
6069 4217
5118 1063
2261 1715
3356 1816
6307 2421
6178 4167
9446 2196
3474 399
7162 3864
3614 1082
596 284
543 260
4482 3368
1303 212
9934 1354
1849 1021
2396 1008
2783 1393
8085 4994
8124 5587
6138 852
2681 220
115 62
1392 286
2361 1696
8464 7744
4698 4226
1473 278
3159 1520
508 137
370 350
9686 1026
9102 8523
1227 302
9635 9012
1413 1374
3522 280
6686 5922
9359 3800
2913 1240
3083 86
1804 839
3295 568
6780 5105
1135 899
9030 7475
3820 1117
7401 7257
6206 3416
7905 6839
9168 2032
9369 9146
7029 3667
3942 3488
8938 4233
4468 1001
7278 4655
5406 375
3793 597
5867 1253
1153 353
9054 8415
9067 8659
8384 4959
6723 5673
8818 5705
8763 8538
7810 356
40 34
9350 1910
8481 6884
1631 403
7055 1271
2859 2580
425 415
763 196
9009 7427
2989 558
2796 1813
4396 2201
6228 5187
8637 1095
9614 4685
5900 649
8302 8250
9086 6959
9537 1797
4915 297
9170 5407
7424 1589
7523 6893
4494 2024
6727 5607
5558 4580
6840 2716
7339 3829
3413 3244
2346 1652
7929 3103
4093 3625
6989 6492
8021 1445
9079 930
8949 7796
3436 2553
9719 3511
9147 4809
9521 2058
6876 2492
7303 4484
772 105
9797 5844
7973 3907
1725 368
9847 1039
6996 407
8451 6202
5281 3502
3954 483
3322 862
4432 2284
4215 1369
9384 2060
1675 1230
7437 4208
3543 2323
7615 3175
8809 4255
3410 3287
4066 2929
7381 5308
4796 2181
3290 1420
4860 300
6329 3297
2161 801
8740 8666
8984 1895
8587 6495
5091 1386
7627 3465
4936 3789
7835 5793
1000 78
3972 482
7083 6541
9514 1844
8992 4157
6186 1225
9288 4007
4924 3626
1263 216
1694 1521
9759 7628
6413 748
5082 1149
9704 3162
3569 773
5946 1690
9569 1479
6296 937
4769 4012
1315 665
4069 3656
1346 1338
8366 3324
7099 734
2138 1831
8732 7972
5008 4300
7966 6272
8373 8222
9989 945
1398 898
3608 1934
2188 409
101 89
5319 5166
9888 6464
804 662
6390 3262
7331 3321
1224 128
7517 7080
3043 2670
8687 1382
7295 344
4913 2405
7306 4339
2280 1843
4210 3301
7007 5412
184 27
5316 2282
8489 3206
8867 2981
3369 77
6688 2501
6096 5861
1288 122
8826 8096
6975 4692
4677 4109
2415 1926
8038 3023
7150 2735
5722 5345
5718 5456
4121 2596
6683 6467
8794 1853
6359 4472
6820 864
1020 809
9489 4899
984 22
8170 4522
3935 2945
11 4
2829 2510
4755 1028
3446 2718
8767 7470
6835 6763
2002 1351
8506 607
1902 389
3980 2771
6490 1287
8268 4266
6032 2947
7616 2833
9184 3740
8979 172
612 550
9599 267
1747 640
