156
7053 8361
825 2750
4850 8508
1820 3482
7245 7383
2455 3136
5765 7633
488 9570
6906 9075
6000 9490
6158 6728
4453 6144
8550 9639
4837 8043
4956 5338
5687 9426
3345 9549
1128 7516
6710 6750
749 3589
3780 8010
6463 8127
8654 9172
7175 7720
81 6809
4344 9110
8635 8636
1521 5584
8477 9006
951 9873
4564 5101
1319 8236
8381 9755
6241 7161
9156 9324
5443 8582
3520 7030
1333 7214
5937 9073
5410 9145
4432 8774
2798 9089
9074 9932
9263 9926
1481 9655
3849 5008
1163 9557
597 2706
3495 4998
4130 5260
4880 5709
1837 8569
931 4965
5355 8148
9988 9998
2432 6008
2920 4802
7335 8420
5894 8524
9986 9995
8147 8456
6273 7859
8913 9863
620 5785
1566 2537
6885 7966
7541 8874
1853 3262
5614 8175
9349 9610
9182 9786
970 2082
9572 9880
2808 3906
922 5391
7051 7414
5282 9291
6972 7512
5871 8901
9870 9925
3917 4088
8789 9633
8808 9250
6230 9609
9000 9673
1294 8423
8544 9049
6287 9443
325 4518
9803 9960
4676 7795
4823 6172
6220 8903
4092 4422
7467 9121
7523 8130
2387 7543
5222 9098
1938 9767
8804 9687
5565 9775
893 4531
460 5174
7132 7300
300 2498
2425 2737
2461 4267
3431 9678
3192 9858
9405 9973
8517 9683
4421 5061
3918 5661
4461 8910
3710 7265
9469 9638
9088 9181
8398 8538
203 5538
9571 9906
8077 9903
7927 9530
5986 6711
2576 3999
6331 8149
4623 6768
6088 9062
5521 9738
7220 8058
6648 7561
8167 9752
1554 5106
3373 9735
598 7059
6196 9011
1071 6924
348 8750
7008 7200
2774 3307
4394 7098
683 5345
8576 9915
1788 7465
3128 3897
66 7058
6810 7555
9474 9621
1260 2303
6816 8851
6955 8602
3093 6413
4764 5251
3543 7193
3867 5331
4603 9282
5876 7921
984
656 322
5491 1229
2097 613
2968 1990
9603 3087
9748 1865
6450 1031
3724 3438
8731 5629
8930 7045
9227 8984
2949 2690
1749 662
8382 4718
3568 948
9545 2134
5250 3692
4561 679
8134 2641
9123 8591
8937 3518
4596 2858
8221 3454
2896 2205
8294 4340
1631 969
886 237
448 4
4080 3701
9527 3810
5910 3239
4769 17
1413 1387
5850 3432
4377 788
876 94
5690 2619
8304 567
1209 438
360 190
4182 3115
484 389
4281 1556
7589 3577
4164 762
3240 2290
1885 978
3604 1054
4612 3834
5129 3753
8220 4853
1299 402
3517 944
8722 3416
8829 5170
6346 713
5982 1769
8233 2332
1826 1438
1312 1282
8556 8407
3811 2209
9500 332
6279 5497
1170 246
9335 8946
604 550
2383 887
1135 549
6529 548
2964 2220
3636 768
9800 8659
5580 4313
745 643
3825 1020
3736 3277
8651 3919
3804 131
4424 4257
1653 615
1568 276
571 440
6599 4572
7802 7314
2119 1511
2595 1038
7249 2483
9647 7586
8209 906
8370 5653
1495 752
655 285
1234 553
9624 5046
329 263
1306 974
5236 4613
4280 2269
9367 3398
2273 2022
6607 4470
5987 4299
3143 1376
2178 1223
6108 4589
9392 8033
4640 665
2346 1497
2859 1193
8983 2781
4971 2756
9521 9207
3950 1860
1082 126
7832 11
3219 1771
2336 1269
832 45
230 185
2309 1678
479 89
9444 5604
8411 2830
7529 2593
7310 1908
1936 1103
2664 2444
2876 434
5744 798
395 206
5121 3971
7935 1491
6532 6180
128 25
2454 2217
1093 179
9317 3177
4213 157
511 63
8270 7210
5211 5125
5187 3161
2740 2550
6664 495
2524 1206
7445 3814
2472 775
6257 5930
293 183
8673 6890
3119 1247
8601 2002
6313 3899
2164 2077
6719 4901
3331 1173
8855 3007
138 8
3244 2263
1383 718
6863 2538
7449 5947
815 162
1004 913
8661 4807
8758 8064
1156 648
501 98
2407 1690
2037 562
3618 90
3843 2311
9095 7517
319 258
5325 3744
8366 4246
220 22
4026 2166
7736 6423
6943 1159
2159 1276
1399 273
6394 4663
7054 4668
3470 16
6502 1608
5946 5326
352 97
7672 4992
6721 2072
4841 3070
621 423
4828 4571
9257 3791
2692 1846
21 5
8897 8566
1928 1783
6858 3276
9146 6453
2507 2374
5459 541
6460 6328
3360 1003
3200 773
8387 4356
3585 2728
3481 2008
195 42
2065 1659
4632 3800
2645 2079
8622 3614
8909 3857
75 60
7569 6656
8947 5587
2566 446
3821 531
2757 164
6646 2824
1444 1325
9168 471
6247 2086
6746 2589
7037 3571
2321 363
2135 355
3020 644
4075 703
374 109
1897 1037
1796 699
1979 1334
8472 3818
5353 2223
4357 3940
5378 1602
7560 2212
4907 4216
7600 6766
1461 304
9493 7369
4815 1589
7244 2059
2959 2053
9018 7553
9758 7493
9885 4707
4331 2211
9251 1284
8945 6905
9957 7400
5030 2575
3225 2673
3751 3509
5670 2453
1911 447
5295 3074
2803 1030
5072 4519
7256 6822
9362 6544
1430 860
2354 463
8140 233
4342 3955
5879 3233
3211 250
7166 6329
4914 2395
3420 2840
657 144
3511 2753
2640 918
2841 83
6976 6877
7217 4034
4391 2850
6897 1760
4925 680
4696 3473
6525 4142
6387 4389
9377 4988
1955 1661
9779 7475
8962 6221
9874 8669
6504 4783
2327 1446
3817 2017
1150 726
2521 892
1880 1330
1808 1081
9115 8824
4774 1450
4096 1736
4341 1869
8786 4775
9840 3630
3575 1538
9658 1509
7753 4227
309 59
8485 5172
6085 176
5720 4020
6697 649
6170 1110
4963 4554
7137 1272
1627 1151
8249 12
9355 5379
1377 349
991 393
5436 3669
766 234
6184 3321
8026 3596
7261 3891
5313 5157
7866 6366
861 23
4219 2636
1013 86
7825 7083
2207 1166
9132 115
8872 4615
4798 4305
2088 2080
168 57
6283 5592
4206 3291
3613 2379
1292 841
6438 2668
3092 509
5534 882
4251 2287
1637 1183
2901 911
574 339
6330 1715
9316 6045
9686 9654
5731 4592
5248 3659
4448 4322
6784 4999
3337 3145
9053 7558
7208 2812
37 1
9055 2637
5951 1286
8496 7426
7822 5647
274 223
3702 3185
3829 3505
6903 6555
5932 5453
2517 556
9010 7609
7160 6326
7568 2583
1427 502
4975 4047
800 425
5003 1360
9876 8443
497 114
4942 2700
1931 959
6426 2584
3006 257
8274 4333
1524 342
894 846
2160 853
6099 904
7032 6084
9910 9082
2897 761
3281 528
6096 1412
8857 561
1216 646
5390 2185
8071 7379
394 96
3254 2187
1042 639
9325 2767
7582 3386
1535 166
1111 754
5964 4752
5117 3404
2057 429
1108 914
9401 7706
8345 1236
9979 9892
3215 1877
2421 667
7334 4929
5082 4371
6871 2970
1277 269
9784 7646
9259 5087
7637 2149
5835 474
414 149
56 9
7598 1617
8621 7322
1748 1009
9725 4849
6623 1694
4533 2908
7452 7009
2786 821
282 248
1918 1298
6115 283
7492 1432
585 40
9189 1991
516 510
5708 830
817 380
4521 3964
8278 4103
6017 135
1782 1014
5843 4042
158 133
1549 579
7085 4106
3547 340
8158 6757
2358 1844
180 160
6176 4961
7466 6434
4275 2184
5931 4587
8259 5790
753 357
605 568
8122 7938
6886 2158
8090 6901
589 175
7536 1900
9940 6421
9978 9050
6062 3263
5969 2443
366 30
8917 5857
4720 1390
2482 2365
9322 5873
6818 2771
9040 3372
1882 1471
3687 1434
3717 3191
2174 2128
6606 3598
8839 5908
431 229
6014 4560
7332 4791
3540 1340
5343 1747
1145 35
1079 608
1022 139
9376 6300
9427 7186
1378 939
8777 7133
301 72
4414 1726
3375 1737
2547 968
5891 4599
3536 3457
6988 6467
9516 7477
660 461
6941 3679
1328 1119
2388 1370
6912 757
869 226
4795 4570
8240 4366
4291 2306
535 470
8600 5601
4349 3250
3588 3497
9543 4781
3366 2691
3352 24
2923 764
4593 4109
9473 6902
8141 2653
5841 3930
7168 7015
2023 1870
4429 3549
2687 1651
9487 4873
2323 2300
9981 7539
7774 4084
9600 6452
8351 5817
5122 1729
5956 789
5088 1219
5493 1901
3199 2485
4210 4039
1843 172
5263 2369
4108 32
9898 2565
4348 64
1065 558
7995 5278
8097 6975
2206 985
9206 2243
4018 1023
2251 1827
6749 712
9002 2828
8190 7617
3140 1208
8427 3384
3970 719
1019 465
1656 916
7144 6406
4223 1639
6533 3343
6201 1640
4883 4491
6510 3017
3426 2182
7784 4359
3427 2284
905 311
5132 725
6391 4156
4859 1534
6248 4145
6851 1317
693 182
9287 8074
3318 2406
5984 1591
6740 3430
1993 1604
5045 1863
4759 3394
7238 5051
6923 5080
7062 4500
739 564
6267 5858
4083 198
7450 7174
1449 771
8961 8814
6950 3117
7554 7346
2353 372
7486 5822
525 245
4471 1271
5258 5198
7223 4930
4702 221
8685 4082
2791 1536
7095 704
6004 3573
9569 6031
6349 286
3158 382
1479 741
7502 2842
8870 435
7090 3824
7577 7073
8933 281
6707 1706
5164 4204
7152 4793
9290 7807
3227 1670
2935 2155
3004 623
806 566
3312 1210
7797 4040
4869 2167
3077 1293
1494 1199
2667 2627
9114 5292
606 104
2950 140
2278 1100
6195 4638
9030 3952
3138 1645
9900 2339
6880 1501
1182 371
4488 1809
469 383
4921 4315
454 407
4755 1373
5451 5017
5542 5062
6984 4003
6588 288
3292 31
9851 7021
7075 5672
7564 2424
6080 744
4010 3621
6127 4790
952 337
5264 3645
7127 6928
4172 3794
7521 1181
6594 1510
1026 489
9462 5386
7421 4788
5831 2559
6774 4062
231 41
999 947
117 111
6700 6050
2404 1347
4068 2962
3043 2111
4595 99
8057 7548
9828 5005
9148 5090
9555 3635
3477 2775
5131 3565
4634 3085
9636 7148
565 449
2769 321
3754 3368
1143 848
7670 781
2961 441
2333 1141
3879 3854
6164 1832
2863 1291
9877 6659
733 410
8290 3657
9977 4981
9339 4578
9113 676
3738 2548
7884 125
6264 3683
5473 3409
8264 2976
7187 5479
5561 5452
232 218
5318 2511
3908 1856
4979 4133
681 326
306 213
9340 759
4191 3428
3011 2972
7524 3506
2233 1577
9150 4022
4743 313
3395 197
6922 3755
6492 6238
4284 2108
2196 1941
7584 2526
2660 976
9948 994
6454 6109
6513 782
1064 917
790 716
4974 130
5166 3139
4093 1700
275 159
1686 308
3160 2845
9026 8283
9258 8845
1207 292
919 901
7179 6255
8929 2299
4712 4380
3100 2071
3947 3335
7531 1731
2437 1657
7824 3644
5948 2678
8238 1136
7207 7089
1366 653
377 214
9212 1361
1525 1125
7754 1520
3960 312
9303 5536
333 13
8078 6493
6776 6210
3958 2352
8877 4361
9455 2587
5466 2514
3695 2095
3218 3059
9439 3872
4897 1246
5217 2068
492 403
2152 2005
964 577
854 527
2651 1757
2208 464
2993 957
9044 6503
9714 6813
5448 1010
8329 7549
3566 1407
7134 1550
8325 3458
3282 2275
4052 1358
8949 3058
9061 2921
7717 4345
2721 7
2359 396
5465 2516
2132 867
8335 2705
9615 1158
9821 1684
2248 1273
1725 583
6805 2310
5869 862
8908 77
7932 4150
4541 2606
9370 1350
6146 3328
201 55
520 344
697 328
1102 934
1326 900
8768 3424
8311 7483
1810 840
9138 5977
8277 7911
8179 4989
3863 2520
7622 4870
2941 530
5746 5440
4300 2341
1477 1087
2474 1698
689 592
8617 6960
2121 2051
7641 1874
4435 3662
6969 3358
4857 2811
5620 2230
1644 121
8389 4818
8260 2083
2147 551
8790 3836
2656 2639
3861 611
7246 5105
6862 153
5633 5252
4543 3471
7104 3525
9353 8336
4166 926
8318 3355
5407 4347
103 92
3696 517
2463 1966
6350 6074
2397 1845
8306 591
8397 2762
7988 6844
2423 1945
3611 2063
1588 601
6194 1947
3548 1425
5607 3929
843 801
6971 5254
8094 4037
9936 4833
462 95
8095 7378
4395 2644
7990 7251
5494 1612
1541 596
6321 2253
6162 2796
1213 256
178 136
7791 4594
6398 4373
6432 3258
3016 467
1793 392
6618 3860
217 142
1091 1062
367 132
2991 1283
1816 1349
4215 2599
2931 2442
5367 2688
538 379
1218 405
4217 2758
8462 7723
3673 794
422 260
8365 390
1909 1578
5809 428
1144 373
2616 1765
6507 4525
9528 7088
1364 953
6642 727
6917 5842
2052 368
2551 1442
3760 2289
9941 7785
65 54
5603 1447
9253 7556
4409 2411
4370 3564
1344 544
6431 2109
1738 570
387 93
4201 1457
9402 9318
7125 1327
9684 6271
5123 5044
6865 6012
4960 3322
9568 5346
4934 1329
4401 1230
1557 238
8921 3881
7327 5743
1570 457
9913 5450
9177 4290
6516 1716
2535 443
1595 659
7607 3721
6662 6286
5214 1609
7759 7732
9068 5756
9374 6125
3012 1445
3851 1033
3155 297
2852 2752
6964 1628
4248 602
4721 2684
3839 1623
5866 4522
5621 946
5999 2629
7490 2804
8230 3125
1007 249
1459 829
1776 1742
1417 896
9534 7436
9201 2715
3113 67
7123 2807
2422 1059
1456 106
515 330
3667 2541
881 271
6780 2464
5583 3647
4826 3820
5856 5093
5989 5802
244 39
5053 2494
1575 1492
3795 3274
9634 9116
747 49
5388 3968
3578 1780
1896 192
1671 804
4895 227
2487 1981
2582 476
1382 1338
2867 2099
