550
5749 9957
281 3649
1810 7063
9875 9934
6234 8975
8267 9367
6746 9975
1048 9937
8318 9685
1267 5524
7690 9164
9985 9992
1205 9776
1057 6838
1993 3630
7596 9559
9881 9898
3704 9116
5122 8563
5188 7696
6323 9181
6334 6655
9012 9135
507 6704
3009 3806
4112 4643
4976 8622
3689 8154
3432 6774
611 1161
6953 8942
377 6347
338 4174
9130 9504
6883 9577
9676 9856
560 1413
9073 9889
2904 9208
8626 8706
8989 9582
6400 9368
6209 9162
712 3822
4166 6965
7776 9045
4634 5152
8926 9773
8131 8602
1669 6480
444 6058
9833 9909
5508 9188
7408 8043
8670 8852
266 882
7650 9038
4995 9277
4493 8517
5094 8526
7041 7541
4589 5725
1366 4245
470 9493
7943 7981
4891 6674
4021 7273
6898 8862
3126 9024
2308 7866
4508 5064
2637 5492
7065 8321
4000 5105
3029 6350
3174 4451
9201 9775
5702 8110
2111 2211
3204 5368
8256 8633
3213 9675
919 9279
6574 9097
8886 9674
8537 8727
7021 8878
776 3854
1308 5107
9021 9519
4664 7067
2503 9721
6169 8614
9854 9896
4904 7353
5006 5721
5091 5130
6640 8451
9580 9749
2239 4948
8557 9868
5034 7558
6699 6942
2219 9539
4473 6709
848 5957
207 5968
9844 9935
2008 5712
7380 8770
8860 8980
4243 9699
720 6577
594 6503
5194 7111
5559 7383
4758 9804
142 484
1723 2259
8693 9465
3118 7277
2361 8058
6729 7187
2466 6322
2945 3535
753 1887
8585 9350
5928 6880
3653 4925
3852 5347
9198 9778
9238 9253
9399 9401
194 1630
3022 4463
8334 9340
306 5117
1975 3081
3811 6810
3127 4762
4896 6178
3100 6634
938 4850
1295 1315
5219 8203
9275 9964
6430 7467
159 7078
7223 7825
2865 4718
3638 8217
4739 6637
9490 9623
9933 9947
4545 7309
3681 8213
3844 7670
5862 9160
9075 9378
2610 3418
8168 8881
8482 8996
4391 8640
6045 6764
756 6457
1626 4724
6912 7742
571 1258
3743 8072
6692 7419
2084 9774
7763 7843
956 1169
238 1634
9690 9949
4058 9787
8146 8760
1733 9480
6026 9194
3531 4722
2776 4289
6259 9762
4577 5489
8348 9812
6660 7917
1992 6196
4514 4943
9453 9839
3436 4856
7758 9452
1623 7271
4148 5709
4432 7752
1719 4138
1489 1784
1130 7621
7347 9811
3242 3509
9986 9994
2266 3375
6559 9969
5715 8708
7119 9028
9171 9250
8691 9050
9659 9983
8841 8871
5331 6537
6273 9950
3927 5441
9501 9864
6262 9351
2602 7815
9077 9155
5745 8237
9371 9702
4600 7563
8944 9575
5829 6998
214 4347
6174 9475
3469 7177
4614 8257
8910 9085
2720 2851
905 1648
2699 7659
9374 9536
9491 9649
2736 5567
1323 3693
8822 9151
9845 9998
8674 9026
9004 9616
4360 4731
3992 7746
4169 5884
3613 9101
7181 7976
459 3338
3960 4048
1080 2117
4935 8413
4687 6076
4782 8698
2989 3835
4281 4384
8547 9405
1363 8484
6801 9307
3735 4154
1803 9669
4596 7422
9203 9517
150 9646
7811 8496
2371 4340
7295 9123
5518 9422
9419 9538
9740 9745
6377 9717
8511 9388
4777 8061
9129 9995
9355 9585
6795 6896
3590 3677
9144 9271
8478 9507
3741 7261
6221 8832
3347 7800
4861 5995
953 4202
7701 8574
5129 7731
2872 5533
6706 8885
3708 7916
8137 9527
999 8373
6101 7092
493 1829
3463 8475
7630 8020
1655 8924
7919 8111
476 7358
2538 7668
7597 7680
9706 9967
3390 6315
6780 6831
2399 4382
1536 4278
3291 9564
5537 6659
1612 4208
5389 7525
2842 7477
3694 5259
255 9818
1973 9478
6445 7286
7167 8050
7506 8012
5103 7973
7753 9543
5483 7432
5366 9544
209 2552
3313 9157
3712 9314
5226 8179
9583 9929
9820 9902
6664 7398
3667 9339
3255 8533
5014 8077
3103 8651
5540 6331
792 6092
9872 9940
2725 5561
8223 9890
2181 3901
8796 9133
5724 6501
2849 3674
2684 3878
1032 9153
7031 7524
8434 8799
3333 5351
290 7796
9298 9747
6243 8102
3362 6705
3987 7300
7439 9642
5939 9228
7194 7990
9058 9542
6897 9602
4538 8125
2705 5048
9212 9546
9948 9972
8662 9496
7494 8604
6920 7719
8282 9294
3673 3759
3763 4974
8779 9897
5402 6878
2113 5548
5669 9111
286 5342
7773 8968
7813 8317
4884 9080
2148 7829
552 1265
3639 3828
1351 1695
8429 8843
7595 9679
8025 8115
8821 9306
2165 6748
6560 8477
2954 7992
6470 6603
1272 4259
2964 4317
1972 8440
8899 9971
3957 7203
1837 2075
7227 9767
1303 6017
8266 9722
8901 9102
3534 4447
7932 8149
3706 7498
4147 9249
5296 6816
7097 7920
909 6467
6240 7834
8702 9141
5436 5498
833 8066
7137 9068
585 1567
7955 8364
1171 1391
8855 9500
6668 8402
3511 7833
8892 9965
3624 6848
3618 9360
4710 5278
7492 8464
8446 9973
7405 8076
789 4956
9344 9780
5183 5606
3723 7634
6525 8889
3393 4311
8335 9154
8466 8839
1368 6625
7899 8792
6078 8977
1307 2490
2636 6057
7207 9625
2487 2590
5603 6455
4420 9597
3560 8922
1880 7518
9716 9987
7388 9095
6809 8192
7387 9385
2909 6284
7986 9853
6097 7009
4280 9043
910 6214
4073 7619
2571 4314
9200 9634
772 5379
2806 4756
530 6154
8790 9145
167 4734
3876 9862
1878 8083
2282 7084
6934 9630
8709 9989
367 4071
7069 8861
3178 9093
7783 7950
6239 7564
1525 3994
5550 9380
4885 5138
4877 8724
4531 7232
4637 8165
945 9460
8350 9416
6115 8716
7123 8189
2021 9662
7468 9641
7531 8624
7059 9999
2950 9639
13 9560
5787 9528
9906 9956
5496 8260
4661 9320
3646 8897
2124 9060
2002 4475
7683 9327
6252 8134
4657 9303
2014 2723
9578 9784
8929 9229
3453 8606
1617 3948
3159 9015
7963 8455
800 1735
4595 7679
9276 9632
7364 7452
4448 8457
8814 9821
3061 8299
6649 8573
6500 9099
5147 7879
640 1423
8354 8867
9822 9916
5655 7046
9541 9863
3692 6029
6087 9167
5167 5350
4119 5099
8703 9335
6839 9156
1164 8107
7475 7903
2550 3109
5372 8644
3096 5280
2152 9627
3824 6806
4327 8666
4852 6686
3501 6808
4712 8015
18 4671
385 4655
4681 8221
3448 4210
5633 7576
6153 9361
4558 9088
5468 6685
5264 8616
7569 8362
1806 4908
3334 3930
741 6345
880 1302
4304 4829
6886 7142
7025 8276
6787 7208
4707 5032
5522 6321
8623 8842
344 760
4393 5227
5197 9865
2860 9104
6155 9243
5542 7101
161
2402 806
2536 706
5192 3146
1912 1488
9633 2941
6278 971
4186 488
5308 2431
114 10
2938 1771
3978 2244
2281 477
1475 989
7037 3941
9192 7403
3981 2632
2205 1008
840 188
1967 851
7336 291
1827 1381
3316 2477
4565 4406
5974 3561
252 96
3710 2789
4486 1812
1314 250
5544 427
3604 2543
4642 2058
9207 8806
4571 4499
8921 5072
6994 4302
6185 1211
6736 5385
2892 1309
2544 24
6412 1907
7552 4551
3271 2995
2510 1778
5408 1446
5717 3
5865 5686
9463 7988
8406 2986
5214 2508
1182 968
5990 3115
9899 6182
2593 515
6767 1384
3037 1830
729 502
7461 804
878 80
7489 1835
9112 1153
3991 3476
7855 4036
7821 2354
3142 416
3718 3540
3632 186
565 319
8303 7170
7076 4732
8002 503
7199 2595
4206 962
5267 2000
8293 6968
4341 3200
5873 5270
1828 781
7448 4425
2486 1757
7540 7352
38 36
5783 185
7270 6066
129 52
2667 632
2193 154
6324 2763
8838 6545
1440 978
1560 208
6633 1854
113 112
3687 1375
7039 6072
4196 3897
6566 1012
4339 1620
4 2
6576 2781
2858 2258
592 300
2924 1814
7152 4444
725 91
9147 8833
5189 2421
9925 4961
4821 631
3161 1400
9567 6628
3644 2689
4137 3240
3696 1652
8352 4623
2666 934
6941 1968
8226 4501
1082 179
7068 2224
1769 1527
4135 3136
4899 4610
1273 1119
2028 1817
6845 6399
3049 2933
7905 3175
8054 1578
695 689
7812 7788
4183 2480
8501 7593
4335 4235
3221 743
9096 8473
3043 1998
3457 1333
5155 3340
244 29
6793 1036
2160 424
8970 8161
2975 2750
3880 997
12 11
2703 1229
6382 5144
2433 2086
8982 8551
5516 2253
797 200
5397 3252
7718 4630
1943 1244
5361 1743
8655 5882
8636 1187
3218 2709
787 318
4089 1344
5467 5030
