627
8084 9133
8686 9450
537 9679
192 3235
8625 9353
3031 7617
4555 9526
1904 8154
3113 9257
6734 9997
2716 3005
2242 3218
9176 9869
8410 8760
6164 8210
7850 9122
4963 9899
2312 8546
6795 9747
5841 6858
1341 1949
9873 9971
8105 9968
2796 5519
4773 9079
2824 7777
151 2671
4518 7193
8381 9495
931 5765
9871 9956
1226 4759
5923 8123
3142 6360
2985 4306
6200 8694
3487 9977
8838 9510
6772 9935
3607 4364
8818 9281
203 8733
717 2641
1937 6477
3912 6422
2500 7948
3026 3932
9848 9913
7524 8431
5924 7414
1840 2877
5112 8004
3071 7120
3132 4814
9936 9985
4894 9338
4861 6903
5565 9187
426 5778
3771 4979
9755 9938
857 9058
764 7038
8414 9520
3214 8723
2717 6074
2653 6207
9259 9415
2209 6663
5398 5900
1650 6395
5039 8777
202 4672
8205 9820
5951 7883
914 9020
4046 4440
7551 8077
478 8132
6078 7044
8641 9006
9266 9991
8078 9662
1260 3684
9410 9812
3041 8843
6052 6810
772 4351
2905 9798
3493 8347
5681 6151
1802 7345
5191 7529
8897 9408
5168 8798
3343 4628
2614 5147
4468 9740
8806 9499
801 7941
9061 9719
1066 9890
4920 6096
1236 4343
6804 7262
2064 6606
6121 6248
5588 6556
1012 9002
2033 6308
8885 9801
2335 9931
4117 4807
9373 9683
2171 9509
7295 8534
8321 9702
1476 7572
1855 8445
9830 9910
4272 9532
9769 9950
6345 9707
7287 9912
2085 8417
4071 8518
1517 3551
3614 5543
4996 6279
1597 4663
1584 2135
4757 4901
3977 8649
2131 9228
9661 9790
9515 9606
2553 6634
1725 7708
1657 6866
6314 9675
2967 3640
2471 9980
550 787
5533 5632
319 7523
1924 4173
5970 6149
5715 7031
5727 9975
9613 9984
124 6839
2449 9143
6335 9162
2263 2906
5159 7876
521 5107
4246 7076
9729 9963
2705 5370
8488 8635
1214 3118
4591 6204
8535 8800
1732 9714
3569 5774
9239 9961
1439 7969
4604 5706
8597 9286
6283 8734
8933 9898
9438 9663
9146 9559
5425 6029
3616 6554
4705 9003
7761 8920
4564 6198
3972 6559
968 3486
9877 9934
8062 9757
3570 6758
3993 6579
6751 9459
6344 9670
4623 8460
4612 9311
4798 8896
6432 9711
2587 4324
6186 7860
8909 9208
9622 9631
5840 6988
6242 7129
1161 5564
9726 9762
7134 9104
2159 3894
3285 9449
8021 9881
7748 9900
4585 7169
41 1048
4811 4904
9888 9922
5124 7702
4093 6302
6618 6905
9114 9394
6251 7558
8577 9751
2904 3070
9703 9906
3784 8097
6780 9396
108 7489
858 9903
3327 9247
366 1457
912 7235
9545 9845
112 1520
2626 8719
1665 4527
6194 8959
6598 8544
6722 7800
4780 5967
5821 8008
8400 8942
4140 4684
4101 9556
5916 9955
5982 7456
5388 6109
4184 6119
3834 4439
4438 7460
1558 4525
938 1070
4313 6497
7269 7406
8253 9493
926 5379
321 5359
468 1498
7042 8035
4060 8754
8040 8514
2785 7799
2563 7458
7407 9658
9854 9876
8680 9795
924 1305
7664 8934
7475 7743
657 5726
4611 8644
404 3015
6346 7668
8038 8464
4138 4670
7957 9159
5665 8583
4049 4084
7745 8850
3225 6067
7833 9513
2030 8941
8034 9472
8239 8845
382 2002
1282 2193
976 2988
2448 8628
7073 7973
9642 9744
9409 9908
9151 9565
7534 9905
1668 6275
9393 9655
6326 6468
3354 7361
9383 9458
8300 9096
3715 6473
9170 9385
7279 8539
6462 8653
4982 8771
6044 8646
5203 9672
3971 8174
8596 9915
6787 7659
4238 4741
1892 8861
3743 9853
3610 5441
8767 9455
8159 9838
3558 9301
4483 6500
8671 9843
6453 8922
189 6738
9841 9917
4712 8442
6650 8329
6157 9099
8268 8349
4404 5958
2685 3922
3134 9960
7678 8122
5116 7905
940 5655
30 7706
7787 9032
2679 4362
8632 9077
2750 4650
2233 2898
4548 4642
2390 7673
6093 8373
2153 6386
1745 5666
6327 6525
118 2113
54 2198
3832 7958
345 6144
831 5935
3149 4639
5037 9062
8634 9269
7244 9165
8561 9148
8506 8554
8426 9794
9013 9376
918 7356
747 2411
4521 8275
1932 3458
3363 9503
292 1382
2593 7433
7765 9501
2065 8405
2081 9624
268 4557
5444 8801
239 7247
8581 8946
684 7353
910 2102
5762 7387
9654 9666
5093 9918
9941 9962
8360 9297
4872 9481
1287 1385
4718 7306
5294 5740
6232 9536
8971 9987
2351 8830
4337 7822
9700 9815
4490 7839
2876 9051
4428 6711
9291 9362
7161 9567
8839 8935
656 5626
469 6225
2505 5046
4509 6757
9086 9280
9198 9302
3025 5349
1879 5716
7195 9364
9022 9330
5051 6448
6191 6593
8894 9590
2276 5478
6178 7944
8342 9108
6371 8278
9724 9857
7172 9932
6389 6417
5016 6602
567 8603
5194 9347
2625 6939
662 4523
4538 8074
3231 3268
6290 7775
3806 6364
4702 9215
6948 8261
9514 9686
1081 7320
3364 5781
7724 9818
9659 9705
2989 3405
7304 7554
1166 4359
3247 6306
7980 9037
4397 6385
2608 9674
9713 9926
780 7949
5747 8493
1826 3525
8107 8201
681 8856
1101 2830
9217 9548
3945 5874
9901 9923
4025 6272
5477 9309
2531 5420
5401 6419
238 4797
3385 4526
4009 8399
6806 8609
7043 8131
1483 7263
5555 6890
2164 3793
6392 7242
7670 8018
6338 6768
4813 9630
9427 9586
7608 9637
694 7873
7227 9423
3527 5184
6965 8195
4264 4631
4379 7322
7216 7732
8520 9875
7995 9292
8272 8589
696 8512
1149 3721
5082 6437
3422 6862
5831 7689
5057 6990
3655 9323
6666 8243
1833 9332
1056 4905
9555 9945
9833 9836
1757 8883
3848 6391
2137 6877
786 6702
8377 9572
640 4001
740 3978
727 9785
4758 6330
1748 9070
539 3681
2676 6727
7647 9154
6112 8433
781 1288
7001 8264
8633 9694
5741 7218
9431 9868
529 6063
5210 5609
6460 7878
5796 8101
303 5894
1103 4435
4423 7935
7785 9525
6002 8588
1772 2861
1430 5643
2299 6467
1485 8563
4754 5901
2892 3621
2406 6671
3975 8630
845 9791
9804 9872
9422 9600
3465 7145
1824 4862
7907 9699
7118 8753
1628 5138
8678 9322
7016 8923
7991 9678
185 2282
8418 8785
4471 5963
4845 6350
6304 6848
9243 9680
720 7835
3318 7984
2385 6455
158 7875
5937 7027
2210 2561
1450 2569
8704 9068
3399 8787
4632 8066
4130 9129
7725 8532
5099 7419
3324 7573
761 3472
2400 5404
7480 8526
6399 7657
166 2470
3727 7696
5979 6319
1796 2402
8726 9967
8117 8915
3609 6095
9669 9933
7892 9982
1243 9953
4640 7303
1120 7399
1291 2952
9147 9919
9599 9920
6068 9268
3976 9614
7373 8052
6280 9428
7742 8461
8570 9333
7211 7392
6475 9019
386 4697
3524 3758
13 503
7254 7714
8192 9927
9706 9878
2467 4063
6628 9698
9580 9800
9954 9974
1828 2474
2446 9640
9030 9253
5469 9570
3316 3986
9690 9937
2732 5590
1337 4910
624 2674
5259 7802
1381 1712
2859 8252
6522 7092
7542 9810
4661 8465
7106 8600
5465 8879
4645 4815
3502 6809
8908 9343
2700 7964
9250 9303
4667 7899
7093 7571
604 8651
6963 7121
7384 7485
6548 9027
2908 6540
8395 8469
504 2820
1040 5544
1248 2800
4447 8613
2621 7487
4520 5263
876 2462
4148 6517
3577 7735
9316 9889
5695 7631
462 5440
1152 8568
8974 9461
9180 9829
7648 8985
6127 6139
4881 9627
489
160 85
6627 3538
1661 67
3712 1632
5395 3172
5805 1927
8889 6300
7369 4052
2042 1027
9574 6424
3590 2525
4369 3011
4317 436
7979 5856
5994 1857
7294 7013
4296 3619
5301 3692
184 58
5525 3606
7872 5975
2201 2101
8358 5806
2529 1545
1948 110
6830 3631
6672 470
919 32
8413 7083
2836 1237
8665 7553
127 33
2548 2509
8036 2141
128 81
2677 1300
5162 2031
1311 742
1687 1122
4863 4211
2294 411
4941 3271
297 122
6696 4790
5584 3418
367 310
8670 7498
2189 1057
7084 5231
2910 687
8427 3924
3764 3707
9943 98
7266 6312
8470 7408
7357 768
7366 6928
2197 1727
285 20
1550 559
3839 794
2421 1392
3628 3238
4116 2297
3728 1110
3450 2610
1729 889
8692 3133
2157 1280
2719 1003
6680 1697
1059 520
942 807
4891 2762
8587 5570
3902 1505
5455 444
6337 2361
6450 3507
7887 5117
9492 4311
6816 3588
5333 4058
1605 388
7971 2651
3156 1390
3062 532
1403 1395
989 232
2484 962
9571 2240
8016 4387
4924 3854
403 197
8607 2542
1813 391
3659 1797
9111 8508
3698 2969
8803 1275
7339 5436
8905 499
4903 79
1416 1021
7500 661
3478 2230
8972 1158
1723 961
2588 2094
6493 5413
4053 373
3257 3154
4334 2343
4242 2014
4789 1160
8318 2206
9758 3308
2185 1106
7925 2773
6846 5419
5860 2879
6111 3265
3879 363
2456 1176
5932 4603
1080 646
4953 2613
6009 1618
8053 3375
5173 1564
8031 6076
5098 115
4196 324
6824 3807
8 6
4899 2457
5758 3861
2600 659
7095 1128
898 139
4887 1319
9657 4459
1068 949
1284 364
1494 541
5226 3226
2354 566
7646 7265
7171 4498
7764 4679
2948 2849
5550 3159
4231 296
4746 3943
7479 3197
3750 589
7769 7665
9244 829
8650 6584
7814 1206
6401 2041
7490 5481
6756 820
893 573
4821 3211
3756 3059
5534 4709
9480 7376
6589 1321
9475 6778
8991 8578
6441 5403
9124 6274
141 78
9350 9053
3085 2851
2944 2704
5625 1061
6884 4836
839 721
1823 1510
498 359
7155 5273
3367 2105
4418 2883
2632 2476
9197 9009
3547 1961
3749 2324
2923 1804
6020 3120
6943 5718
6574 5027
7162 3330
6122 2261
6301 4949
9232 5475
7607 6654
1603 680
6823 4911
8872 3769
8403 4874
6034 2062
2259 1071
3523 342
6342 600
4327 3757
3123 1064
6315 5201
4425 3033
5578 1437
1356 11
8531 6683
7029 6050
2742 1365
5001 3703
3516 3039
9083 5795
3835 2270
1540 867
6125 502
2539 1689
3956 1456
2673 1693
654 420
6137 4114
6749 3815
2396 279
26 3
5248 1714
5300 2823
7794 2557
2746 1469
3000 477
204 193
4802 226
7367 1393
8178 1679
9874 8249
6837 3841
1559 823
7871 2618
9335 9287
1085 1030
9433 6153
4627 625
4624 1509
6212 3579
1123 981
6640 2922
8841 3252
668 97
9359 7060
6057 4003
4478 1445
6515 3186
2352 1310
6561 4394
6421 2636
1576 103
6852 2780
7308 5704
1405 48
6079 3245
380 7
8385 6482
9619 2865
6347 6297
2488 433
1926 546
6625 2706
5031 3886
5660 1952
4562 2035
8979 8041
6601 2068
3578 3064
9722 8689
9073 8571
4070 3411
5411 4153
1387 173
7680 2767
390 205
17 12
4139 2567
5018 5011
5517 3754
7968 561
9727 1375
1875 1827
6783 2643
3125 1593
2236 1360
3115 594
9717 587
6982 1542
464 167
6901 6657
300 253
6687 5224
7313 2149
712 531
2057 443
8054 1083
5014 1097
1092 738
1664 685
5327 2082
5576 3221
9750 4739
1630 576
4532 3215
5843 2759
9348 6931
3822 1018
3347 1246
1680 1037
454 64
6284 6238
2175 1885
1676 43
8471 3625
4601 4287
16 10
6588 6336
1313 1273
1222 129
7441 1005
5849 4325
4859 2869
4984 2782
1075 535
9406 6293
5736 5730
1882 417
8821 3880
5059 3314
4363 988
755 483
3816 3275
1386 496
8601 4467
3648 2454
5851 5492
9576 1047
9310 8752
441 125
6766 3173
5330 4201
1982 1139
897 635
463 410
9084 9043
6236 2656
7496 2072
4215 357
3783 1775
6133 3676
4282 60
2373 2348
3048 562
1340 711
3765 597
2850 2136
7651 939
177 170
8336 5968
9892 2078
4416 243
1135 431
7526 855
8931 6490
1205 737
2167 1474
2709 429
5734 105
6882 6340
3829 913
8683 8061
4487 3329
2745 2264
2510 394
4066 2292
8355 1647
8121 6271
2202 760
8969 3921
6053 439
5684 1495
3455 3078
7347 2756
8538 2770
3686 3342
7047 5649
1929 1352
7624 5616
9647 7921
8371 5496
63 42
8030 5884
4794 846
2622 1671
8258 3895
2722 434
3561 214
7939 186
3742 2930
7141 1912
2176 51
1497 622
4174 4104
6407 3309
4666 3946
1516 1342
3786 1979
9132 5438
148 24
7253 799
9533 5171
2787 2362
6566 1933
7589 5926
672 245
1546 284
1095 62
6591 4099
2779 1335
1751 378
6952 3583
4575 3237
3179 1716
2663 2214
7577 4730
4128 719
2527 1655
2960 1909
484 25
1425 241
9484 6463
5065 101
3260 3104
7655 2522
9227 6976
8924 6287
3518 730
8593 7239
2754 385
3210 1183
4312 4057
1072 707
3682 1611
8137 7066
3920 1670
9964 5457
3371 2813
6431 4843
9909 3875
3083 2814
5448 2313
4895 1329
1688 188
671 579
4929 1009
3046 1440
6103 1965
6807 756
6199 1698
1482 1348
7574 4177
1779 890
4542 2955
4399 3321
6332 5295
8515 7481
9537 3647
6325 169
9277 52
9395 4273
3532 1951
5242 1216
6158 992
3598 2739
2917 414
4433 1758
7439 2801
4393 3738
4607 3685
5485 3407
