568
8934 9554
7510 7583
4071 7154
6987 7152
4816 5979
5070 8683
3029 6686
6256 8146
5545 7039
9270 9569
6928 8370
4407 6506
2494 4857
9164 9955
7517 9176
475 6169
8412 9008
7139 7285
4256 4885
4856 9857
6187 7996
3268 5121
5557 5725
1923 6538
5740 9665
4172 8284
4444 7976
1455 4023
3767 4179
6505 8562
7124 7398
5444 9945
4570 7435
4660 6082
3848 5075
7816 9080
8819 9284
7067 7539
2681 3605
5215 8185
3127 6067
6555 8863
4345 6319
6017 8143
6931 8399
8333 9542
8071 9198
1406 8129
3402 3779
2953 5146
7012 9231
4329 9493
9397 9900
2906 9255
1730 5914
1428 6660
1237 3320
8933 9417
3430 5190
3450 5777
2055 5800
8122 9325
2385 8224
58 6639
8237 9218
8770 8969
9611 9841
5806 9442
6556 9963
7301 8575
3639 4458
8312 8828
538 7507
9579 9654
1254 3097
8303 8814
9767 9784
139 7535
8297 8643
7215 7492
3158 4269
9875 9922
535 3218
1349 7985
9675 9804
4463 6178
9335 9901
4797 5445
13 509
5519 9667
1852 8121
9281 9320
3882 4638
2273 5917
8561 9836
9480 9531
5484 6472
2740 2743
9962 9968
943 7632
2007 7095
8163 8227
9535 9620
2744 5430
7393 8573
2258 8378
6981 9457
539 2622
9420 9725
6746 9063
9887 9983
6631 9340
1452 5791
8846 8967
1149 1552
7338 9313
6596 6600
7231 9919
4803 7050
6352 9558
6740 9160
4741 9753
7612 9427
5982 7287
9473 9650
9347 9595
416 5643
1854 9223
2138 7506
6180 7277
5542 9026
8711 9455
2231 2619
9098 9788
4353 5149
4213 9436
7084 7574
3899 8540
2797 6913
7832 8441
2382 5151
7703 9373
6405 7401
7265 7671
2783 8191
9817 9823
9555 9949
3040 6771
2493 4891
7508 8035
9035 9047
8488 9000
1408 1820
2383 5526
8213 9194
4581 6673
2968 7174
6940 9433
5286 9142
4774 7190
2907 6418
8198 8911
7503 7686
2402 9077
6283 7469
6988 8017
6277 7912
9249 9876
9947 9959
6326 9400
7556 9357
4786 6454
713 5186
740 5420
9826 9965
9185 9735
642 8364
9854 9966
23 2903
8065 9658
9702 9984
9049 9879
3790 7877
3420 9710
8031 9596
7962 8252
1705 7358
2943 8549
6772 7609
7097 8565
9933 9994
3082 3565
8781 8821
2771 8313
2621 8304
4938 8262
7794 9494
8580 9268
4798 9849
4153 8362
5661 5775
6363 7020
3599 4520
5446 7701
2815 5852
967 6741
299 9583
7135 9902
9696 9903
5448 8898
3729 8628
9481 9525
6616 7432
5745 6661
7898 8639
8783 9489
9356 9711
8226 8939
1594 1717
4210 5578
9661 9689
7561 7585
4394 6115
4266 9551
6499 7282
4037 7961
2256 8204
3731 6214
9207 9742
7982 8529
9365 9616
7922 9246
3685 7038
2214 5196
9095 9314
2869 8342
7651 8287
4066 9926
6427 7256
592 9829
1555 6040
6670 7330
8531 9488
4306 6271
3518 3663
8999 9118
203 4731
7969 9224
1057 4370
5087 5527
1486 4145
9328 9921
6105 7049
7588 8128
1463 6587
4138 8945
4318 9065
9312 9369
9150 9930
5447 9469
2810 7349
1539 2849
5100 8809
8929 9648
3987 8183
1268 5662
6589 6856
902 993
2630 5350
8167 8973
3332 7890
2677 7121
3760 4807
5240 7013
4860 7804
1038 4297
977 7423
3214 8822
1687 4104
4187 4571
5565 7011
2941 6322
2911 8997
9865 9981
6650 8659
2204 3227
8481 8785
8176 9189
8049 9925
7873 9412
6109 8171
4157 4447
9403 9809
3725 7354
7892 8713
2729 2951
2076 6732
5757 7728
1435 4022
9440 9729
4382 8622
1015 4566
7953 8436
1050 3282
4591 9859
6065 9690
7275 9483
6594 7812
4789 9302
5846 5981
562 1284
7613 8543
7775 8470
339 3468
2820 3485
1985 2895
8764 9053
2275 2588
7460 9196
7815 9546
1005 9495
2062 6386
8111 9990
9432 9810
1146 4751
6492 7682
8274 9260
5848 6120
7920 8288
4873 8653
9468 9669
8824 9598
5937 8667
6134 6415
4514 7849
3072 5976
6793 8633
7415 9465
4895 5073
9257 9640
328 9174
3314 6980
8927 9428
2420 7696
6852 7006
3513 8405
3159 5455
761 9629
102 1497
3581 9280
8558 8638
6753 7840
893 8886
2239 4949
2614 2894
9774 9838
7357 8682
9636 9791
2905 9740
5849 9639
159 7809
4928 9798
3958 7569
281 4175
8972 9790
6800 9258
7261 8632
9550 9909
27 1155
2299 9327
3173 9261
8117 8702
9891 9931
7137 9517
6922 8724
405 7141
6486 6881
3511 3809
6953 8674
5679 7106
2012 2443
6632 7974
1775 7480
6420 7364
1510 5764
8867 9867
1870 6549
9329 9832
9361 9509
5776 9888
83 1893
7381 7599
425 1198
5163 6231
7031 9505
845 1780
1380 3079
6944 9353
9451 9881
5328 8743
4218 4270
9287 9575
2359 9574
8687 8834
6206 7887
5195 8794
7786 9219
5724 8569
378 8954
2538 9477
3254 6760
1881 8271
1442 9513
8665 9853
5082 9452
6968 8242
6734 8752
3819 5524
5991 7637
792 7323
2188 6858
2974 7580
5763 8909
9705 9864
7538 7903
8170 8403
2265 6590
6717 8379
6801 7604
4118 6950
9502 9678
61 3338
5254 7128
857 9883
8434 9399
2149 5597
5695 6378
424 4716
7386 8457
3208 5053
7182 8075
141 5256
2429 3716
3235 4038
5148 5398
7534 9115
6991 7153
7681 7866
6201 9272
1286 2814
3263 3775
5832 6264
6618 9019
4338 7105
1526 2631
1962 5459
4708 7412
3799 8308
5978 6814
5192 7485
3382 6045
5291 8201
3313 4486
7176 9808
5289 8208
6888 9186
7958 9733
2419 4287
8247 9827
7344 8051
2289 9734
7428 8372
6627 8880
6679 7824
1829 2330
9237 9478
1218 5904
3973 8630
5131 9274
9102 9664
224 5823
2833 6850
4556 6564
5540 6248
9058 9700
2461 7147
7571 8442
4450 7221
7118 7166
3109 6245
63 435
686 4221
3349 4876
4360 7059
3183 7532
6878 7876
1121 5097
8409 9538
3781 7198
2389 6111
895 6974
6581 9154
6092 9638
1619 7456
453 6882
8579 8765
9830 9941
8414 8621
9571 9656
3794 6047
3424 7263
9845 9964
6831 8360
8797 9064
4403 9752
6218 7869
2669 9709
8068 8474
4502 6547
2562 5024
6133 6815
8000 9803
9431 9951
1971 4146
4754 8314
5152 7884
7871 8119
8278 9860
3046 3601
6368 7325
6314 7240
8359 9980
4327 7044
4540 6490
6128 6718
1766 6823
7675 8976
5790 6112
9448 9491
8350 9527
246 2500
2551 5715
6000 7260
1252 5612
2804 8993
2329 4850
6362 8019
8944 9906
3151 9943
7798 8431
4020 9736
8273 9825
3783 4796
491 4790
2643 7845
7366 7619
6694 7271
5065 5417
8860 9679
7410 9992
9116 9441
5905 9145
2723 5648
7294 9777
9567 9693
8759 9818
5952 8184
7751 8576
871
6952 1161
1213 198
1288 826
4136 242
1811 1403
3099 1815
4505 176
5663 2297
1956 1828
1743 1104
799 104
6640 3531
4841 2715
3593 2366
3695 3474
5616 2285
4051 850
8508 6557
323 127
953 928
4512 2733
6923 2560
7893 4809
4605 741
3624 608
1250 1009
1924 1339
325 194
3454 2058
3856 503
6289 6262
1527 481
9738 3433
6849 2450
7148 1726
1715 1546
2499 1041
4957 3482
4089 1438
3085 470
6754 5646
1105 968
8014 4283
2296 71
3606 3328
3081 376
4371 1246
8587 3723
2853 1846
891 117
6049 3995
8315 7443
5118 4296
720 291
9745 7990
6791 6575
7631 2071
2092 1219
2048 1677
8062 4712
4376 3410
5282 2009
9456 8072
5697 2502
9863 5099
8530 1502
984 489
8489 8020
4386 3591
5035 2967
2270 1611
8594 5584
2760 1053
8818 8609
6961 1004
8946 3094
9088 6395
1235 421
7489 1127
4202 705
6778 1589
4200 621
8658 454
1303 610
6276 1226
5393 1308
3980 2931
8485 1119
4280 1314
8735 4402
3673 1668
9594 9086
5520 1065
7426 2133
9467 8827
3475 1917
1379 383
9969 7582
1979 344
3785 3026
7645 5157
8216 7921
5319 4324
2184 111
4341 1839
3088 2187
7756 613
1409 1061
787 612
5573 4242
2313 1569
6306 2861
6311 3319
4878 3166
6057 3261
7199 7030
1827 727
5548 4795
9501 8328
5153 516
929 765
4641 4129
88 79
3635 2985
6529 2457
8082 931
9936 8357
3826 1986
1294 784
5389 368
9300 2391
8209 68
830 218
5620 4105
75 10
6044 4586
3774 44
3216 3025
2318 81
3600 2842
998 131
7504 1973
6602 1770
3517 2817
579 225
3368 2866
8585 1385
9560 468
7658 5704
4281 4165
595 412
3195 901
2292 703
7192 1160
1039 214
4620 4392
4985 1066
4128 2554
220 21
1695 1291
3786 3311
8200 2819
4532 701
2707 50
4021 1446
6691 683
7241 1596
7914 5857
1900 1099
7944 116
2545 1223
2579 1741
469 366
9541 2
1399 1253
4102 1690
4926 2870
4696 1767
1557 271
725 721
5829 1703
1211 974
3353 3289
7718 659
8317 3440
8202 5923
2255 1736
7346 4723
9618 270
7025 6997
3509 177
6029 1117
8977 6945
4292 1109
3481 1228
4597 2101
2702 2563
3884 3754
5945 2927
8345 5115
4357 2718
9079 7320
3292 2635
3009 2230
4684 2807
2963 763
7079 4388
7090 1243
9814 7724
1311 563
1021 190
210 51
3153 2982
7268 428
7967 7611
4578 4170
3326 254
1913 596
5773 5173
4224 3006
5820 4654
128 19
9632 1805
6820 3972
9017 7195
2070 1323
1716 1639
5611 1396
9670 3930
7472 6809
5908 1966
5956 4390
5615 3206
2580 2401
5651 129
8302 6921
5859 2634
6764 5140
250 121
6983 6279
4331 4305
3098 76
9717 6113
5413 2993
8694 6985
6543 1903
3976 1597
2676 2109
130 92
6789 189
1143 658
679 574
1205 907
3508 1348
5271 1972
4080 556
265 29
388 143
7930 3421
1760 1749
832 229
95 42
3445 2421
7144 1981
4711 1548
9576 4968
8742 7733
2178 1725
315 243
5203 2475
1037 1018
3548 1999
6903 900
3419 975
7788 6552
9866 1479
3013 1060
7926 3146
8645 5028
7378 6220
2315 288
6185 3036
1567 617
2431 1080
4721 1359
5842 2666
6516 4967
5314 2796
8677 8025
8033 745
1242 237
1107 657
1631 546
8048 7484
38 1
7621 5533
3778 1804
8666 4123
4409 3759
8400 8229
1841 735
8856 7735
9515 4300
1669 1651
1279 577
1273 109
8092 4481
1377 948
3808 2940
4801 4766
409 305
9637 414
173 22
1531 311
1764 347
7101 3414
67 9
4599 946
736 356
8472 7451
2558 2117
4144 1909
3204 1387
3120 2177
2287 207
7531 4352
9288 5120
6507 1721
7312 7052
3186 731
434 351
9739 6462
1135 154
4479 726
4061 649
6350 1593
7187 7076
6447 6286
5331 5094
2656 386
9131 7151
8709 4671
4677 4011
3744 3178
8513 1861
8602 423
4002 2527
3265 494
7445 1895
8964 8277
7217 4518
6769 4821
7486 7243
7210 647
2699 1833
5546 1307
8196 7223
1371 1189
7390 1261
4778 2142
7787 4355
5062 30
1622 1070
1612 1369
7900 5934
2038 1260
6747 2913
5959 5495
2180 1843
9389 5357
6964 4958
7819 3377
9916 8356
337 236
4553 18
3030 2518
458 144
1751 80
2387 335
6706 1996
7024 1528
1195 786
5440 2528
2945 1652
9771 3529
6937 5770
3270 239
9852 4257
8424 8174
1090 599
3970 2472
3162 1414
160 146
3364 889
8223 6387
7784 1362
822 702
1201 771
7895 1353
2510 508
9273 4378
8381 7853
8369 980
1182 1097
1431 287
4771 971
9171 6524
5308 371
2801 707
6265 669
523 464
3622 1867
4808 1947
580 415
2617 2460
7371 3163
5322 543
1684 517
2332 1344
3870 3306
1610 1153
8347 5112
881 716
7547 876
2224 2098
5437 1745
2672 206
839 264
5872 2766
7649 1203
2205 1969
2483 1473
5245 2144
9152 875
3142 1739
3008 2648
5966 4426
8848 5570
9139 8037
1911 1584
5387 5327
9559 7928
9861 2534
3825 3603
3923 2798
7488 7007
2543 914
91 47
6337 140
1666 164
3291 2372
5796 3049
6008 3176
1778 1748
9097 5925
2354 496
1027 660
7116 2225
7276 7189
7197 6527
6353 1840
7562 5587
3170 303
4614 870
8145 7782
9557 8656
1944 1659
7172 631
1493 439
2257 666
9960 8605
3764 919
9235 2131
9539 3765
1866 1162
4260 651
5329 1390
5975 1609
3245 1462
1305 399
212 87
1513 515
2395 1255
6003 1077
5247 4121
5323 3285
7201 5427
8340 622
5865 5005
751 455
7391 4976
1656 32
483 320
9815 2806
7697 7126
66 15
8620 6832
6170 5124
7085 4762
7205 6402
5275 4589
5467 1076
5013 3758
8985 3318
2515 2211
6404 5501
4391 4030
2531 2089
3400 1907
9950 5782
9834 7813
3707 3456
1720 700
3715 1776
4719 3757
4776 2350
7498 5927
9439 8796
9052 2336
5988 4951
2166 540
4191 290
3633 1880
5734 1756
205 167
3747 2569
6955 3222
8766 5521
1192 670
6075 4720
6817 1735
7408 5638
8016 6167
2123 1537
8395 3829
1124 644
8478 5162
9805 427
5216 122
4358 14
4838 1040
2973 1147
6711 1453
2547 327
7699 1492
2264 1816
5813 2790
5089 168
4076 2263
5774 4952
9946 7370
7074 1822
8079 6787
170 11
4235 4152
1095 261
9184 565
57 8
645 90
4592 2836
8458 3347
6223 5994
482 69
3525 769
9604 1632
4699 1322
6338 2140
9528 2147
4282 4248
3091 1543
5406 623
1928 1130
3038 878
5381 872
4414 350
5425 4379
1620 1221
4722 4045
1488 256
1575 1210
2652 317
9792 4673
8108 6830
1430 312
4384 923
6275 4001
5049 1175
3563 3024
3762 3713
9608 5351
3886 791
8806 4770
3547 2006
6607 3071
3871 1899
3140 2301
4749 1123
2561 183
6421 6024
5468 3961
479 413
6781 5974
4273 3385
6242 3894
9645 1159
4162 33
2504 2373
6267 5860
9755 3994
3926 2454
1388 1285
72 4
853 411
3728 1337
5239 395
663 449
5061 3408
1315 719
6889 4100
4576 619
4752 52
504 284
3530 2509
8938 8509
3023 1023
6011 3838
1270 933
8590 7915
3219 759
4665 3947
9050 2179
2756 1713
6446 3407
3437 2758
3128 3126
9599 3730
6911 821
7387 363
1069 748
1758 1169
2700 1774
2789 1768
8953 118
5270 3872
9390 2446
5103 3749
6947 1167
6936 3852
6266 6130
4332 426
5272 1507
4935 678
2309 693
6458 1318
2923 828
2661 2415
7350 1265
8968 2102
5058 3507
7191 444
7310 3145
5607 2277
9842 4236
5449 5199
9321 1425
4794 4193
1556 1532
583 514
3315 2624
2451 1757
9266 537
7656 1461
2349 226
2213 1234
8758 2653
7155 2093
2674 463
5953 357
6579 3505
6425 43
676 346
1454 813
4093 1819
954 135
909 548
7156 3651
2655 380
2552 2441
6737 221
9668 3584
4920 4462
8962 3992
5898 1101
7642 6894
6511 4963
3981 1047
680 614
3259 3087
3333 1642
1963 1585
2115 1925
8891 2788
3461 2540
1400 1229
9746 6466
4315 1319
2519 1466
5586 467
5266 4069
8930 5987
8568 6066
3473 1042
8559 7860
4954 4681
5085 1306
3378 987
9007 3252
9915 9323
4736 903
3452 2764
4272 3959
4406 2732
584 258
4124 932
1028 289
3502 1910
9191 5141
2753 2345
1849 1113
7639 2779
4469 883
5664 4477
120 25
348 59
4363 3325
2644 94
6151 3427
3691 2459
196 74
3169 2685
871 155
2886 560
4625 2348
2741 407
4781 744
4608 295
1184 638
2730 835
915 781
927 474
2032 1777
5802 1868
4161 3671
7891 172
1157 433
8168 6518
865 796
3631 3202
4243 3089
8497 4321
6071 5054
471 266
842 743
7770 4811
3989 103
2749 1340
6251 5825
5631 4890
5129 2736
4114 3881
6762 137
2584 1094
5841 3991
4099 3922
6886 6099
5252 3059
1389 506
1797 742
8523 8248
8299 2600
8631 6510
4433 1591
3618 2855
5930 2202
5411 1220
7802 4833
2908 664
147 56
9908 5595
7120 2053
7986 7181
1908 1724
6437 3021
7348 6216
1968 1440
7726 4424
6899 3694
1031 994
8086 7063
3686 2439
3787 2388
6052 1091
6168 5677
3727 2381
5785 1166
1142 1116
3298 1645
6244 3404
1670 1204
1698 1648
9020 3242
1341 1304
9006 6901
4844 3428
5922 3906
4209 4042
4429 3239
8059 6727
8408 3598
3229 2036
3835 487
918 807
5251 2384
3567 966
9471 1289
9682 2087
926 165
2306 1351
4886 593
3999 133
8698 2114
5096 2521
4584 4249
536 282
3092 2933
7077 1940
2052 219
2221 1621
3147 1404
1140 961
4413 706
5762 3968
6227 2878
6295 3225
8940 2737
7200 4186
4609 3103
8790 4008
3935 2748
8553 7799
2333 785
9896 1456
5689 723
6131 3788
4443 4062
5336 77
8650 691
5676 2039
2157 2066
3897 2491
4143 1799
8591 5235
2269 1367
8786 2172
2481 2374
2433 1212
1484 941
2503 2455
7872 6641
899 555
4683 3064
