73
7121 9798
4989 5783
8687 9137
2988 7634
9640 9668
860 1181
1072 1481
5709 8363
2806 9071
3546 9850
3362 9799
5545 7617
7608 9441
5163 9471
3914 7585
8222 8906
5022 6340
3454 7720
2820 3676
6151 9606
9077 9986
4779 5367
5290 8243
5461 6004
2088 5583
8852 9645
1064 1594
6895 9794
8457 8843
7064 8383
7845 9430
6748 7650
3559 6875
7991 9942
6052 6476
4206 5770
3698 8693
1209 8474
3348 9969
3353 5232
220 5095
8262 9045
4021 5028
931 8367
5988 9696
9682 9869
1897 7917
461 7012
7070 8193
7723 8151
1472 8436
2650 5506
9611 9904
9394 9519
6104 8092
6734 9616
6337 9158
6538 9933
4792 8955
6886 9288
8595 9127
7890 8445
9136 9376
1963 8250
7690 7921
2165 5493
2242 8208
4723 7587
3850 9891
631 8325
1065 8792
6057 7599
5350 7735
827
6059 3589
4836 4336
6130 3560
6406 5732
471 366
9355 4177
1900 1261
7666 4174
1227 1053
9224 9019
2021 1393
8813 8377
8456 2659
2532 1017
2920 234
7186 612
12 10
2289 225
7809 6211
774 346
2169 1058
2581 350
4321 667
4794 499
7002 1268
9112 6299
9450 3381
1911 1640
4017 441
4250 150
8913 1635
2567 863
9623 8182
7584 7309
3844 1857
9916 2655
1204 957
6133 3742
7813 5716
4129 638
2049 851
9222 4515
7789 5954
9580 191
6272 5690
2442 1146
5753 5254
5112 3767
7313 2545
5817 4402
4881 1629
8732 8566
1241 797
5564 1672
3064 1254
617 398
8978 8308
4903 3609
8338 1474
3433 880
1673 95
4553 3132
7294 1395
9585 4620
9915 790
338 132
4764 1771
2310 909
9683 6890
4127 2269
6848 4372
467 179
8537 4507
3331 3259
8332 7130
7827 1111
9555 1084
9264 8857
1826 103
7177 5240
1666 228
1551 434
447 316
4386 3736
1758 219
6618 5736
652 607
3304 1234
8019 3818
3390 3363
4044 584
9423 4814
6311 2939
3725 1221
1494 71
8069 3761
1992 1004
436 186
2120 1174
3814 1308
5668 3346
94 14
2146 1523
8040 6927
6972 6549
2560 2214
3382 138
1098 1042
5684 5113
7970 1778
7604 6772
2419 56
5139 4345
9829 4882
4435 1942
5772 4459
110 11
8068 7008
9567 6667
855 712
5989 5175
1033 286
2687 70
5305 73
558 180
2633 628
6845 4926
2490 1571
5466 1662
9175 2353
3683 1050
475 414
8071 2385
8055 1943
113 106
6446 3893
5480 1965
319 96
8284 6934
7586 6976
6494 3194
8754 8045
4108 2160
8729 4026
8416 5052
8829 5952
9309 3228
4414 2846
3575 2207
3294 852
9405 7572
2589 1173
9032 3075
6112 3349
1012 25
9843 164
5829 5793
3521 2620
531 509
713 5
9380 4453
6244 3029
8982 8644
8508 1927
3418 1377
7297 2542
8918 6701
3642 2435
2355 1836
2525 1140
2710 2329
4775 2826
1228 629
74 28
9697 9607
7952 6444
432 188
5792 3158
6639 6531
7667 6962
7214 3957
1274 670
641 600
3545 3441
7880 1498
9587 1503
5356 655
4706 4337
1229 731
7129 1668
6294 356
1333 93
5514 3321
9618 3677
1028 771
3379 148
5566 972
6019 2144
2576 1483
7011 1587
4367 807
8033 7479
7511 6007
3373 2556
1667 532
464 31
7861 1851
6894 3612
9457 3440
8229 6725
255 53
897 336
7208 5336
5155 4853
2787 2361
5301 281
8591 4504
7740 292
3217 109
1646 408
511 391
2327 369
1313 497
4009 482
4409 1501
8895 4413
45 3
8791 3473
6060 548
3884 2294
6631 3293
593 421
6871 6348
3661 2711
3355 2943
1006 799
3105 2975
5853 1867
2835 980
5524 3237
4432 1669
2175 1923
5419 304
2177 215
2042 659
6797 2191
7077 6069
2075 1240
976 917
4231 4151
9638 7261
3584 3245
711 573
4329 444
8964 2104
6678 143
5047 2911
3324 1343
2209 1161
35 18
9625 1420
6589 1935
8141 2605
2967 161
6532 474
7049 2522
5365 1191
997 17
6688 2039
4784 2656
5517 2572
4241 165
3931 2495
5865 2809
2159 1693
1259 1220
6830 6650
6672 6619
8161 2069
6178 5459
5978 3406
7739 1353
2922 658
2341 1807
7319 6170
9080 7415
7826 869
6733 719
3279 386
9711 6855
8137 4807
2462 1555
6257 2300
1572 1270
688 671
4160 4143
6950 2883
1334 763
2511 479
1352 615
6122 2834
7291 3673
4850 1620
8609 1936
6731 1725
9522 1518
210 89
7564 7035
382 77
7676 1737
3180 1829
7185 4077
4274 156
3367 2948
1073 894
8048 1588
8680 7733
8885 5453
2730 1496
6496 6334
5046 1848
7873 7589
556 67
5215 3764
5581 2266
7935 5962
4876 1282
6508 4378
6933 337
1186 808
5588 4383
6062 6035
175 38
2431 1947
7288 6440
567 254
4556 642
4536 3345
1831 1792
7 1
2358 425
376 162
9367 5934
4475 720
3522 3018
5751 4519
4596 3492
9483 1623
8465 1991
1789 824
468 15
8812 152
810 403
6454 2110
7682 7470
4326 1953
7734 1690
5823 5339
6442 4444
5490 4590
6471 6291
7174 5187
5958 606
3329 1820
9 4
5152 22
6719 2302
7062 2745
5616 4279
5146 4998
6548 2157
9925 7542
6517 3309
9975 3879
5405 813
9014 6872
5812 1998
5592 2062
7162 1828
2950 2701
5644 3152
8032 7152
232 230
5039 3753
6111 2383
9707 3935
6241 3703
8851 7931
3094 1577
9889 6674
5645 3793
3652 1890
881 217
4000 1556
5532 2501
8172 3601
1100 309
4953 520
1616 2
8972 2517
9087 4397
4616 803
4700 2747
6330 5782
151 40
8806 3235
6954 1262
2074 622
7983 136
4107 3319
3916 293
6784 5974
9106 1182
2465 1297
6468 3599
26 20
1593 727
847 213
3314 1137
1257 844
2106 952
1346 1196
2338 104
2348 1117
321 21
9763 7381
7224 6289
1546 679
2914 2040
4893 2024
7176 6769
1817 1473
3762 3748
7882 7295
9204 3260
8292 4897
5280 2488
6431 4678
2394 2364
2152 1155
7993 4487
8897 7640
167 58
856 92
7812 5379
1418 967
6832 2057
9508 7796
1379 445
5410 2724
4355 3667
7347 5031
5209 5104
7428 1135
3651 226
9892 1534
6102 83
7483 6498
2611 1636
7254 6628
2951 1972
7558 405
6888 2519
5541 298
8122 2658
5811 1691
1437 722
4285 978
7810 760
2587 2573
4861 1185
9770 9094
6040 2400
9593 3983
1339 1335
3496 2097
8326 3116
9042 6831
7974 4458
3368 2645
3258 166
2954 2822
3219 62
8431 1269
8024 751
8683 130
7354 438
3463 450
4879 4421
9292 8487
7897 4599
4032 1920
8173 7488
2232 400
3558 960
1167 935
6722 6312
6557 4615
1486 780
6246 2854
9928 9897
1408 500
4716 823
5589 2793
8215 3111
470 360
2842 1716
1874 1861
8970 504
8771 5664
9242 4754
3904 1323
4099 2642
8139 6528
8491 7529
7467 961
6386 1243
1611 875
6224 3358
4811 2763
2534 1451
1946 1036
8230 1342
7155 3551
3298 1290
8621 6597
5348 4663
6630 5983
7541 6389
7524 993
9665 6714
8450 4280
7794 1814
9050 2438
6155 4820
6451 2432
3623 3305
9182 2445
5512 2682
7526 397
6762 530
5261 3037
3882 170
9788 7940
1578 821
6711 4466
728 102
7043 3233
5135 831
5883 948
5335 996
9384 5981
4141 2528
1128 895
5964 595
8625 694
981 732
2568 951
2117 1469
3190 3161
4180 3347
8542 5318
1642 1302
9396 199
4960 2170
846 527
6640 1188
1674 1321
3459 2973
945 944
1910 1608
2473 1929
1764 205
3445 443
8076 3016
8293 1524
4574 3965
3300 1093
2500 2045
7500 2789
837 630
8231 3539
7815 889
5850 3088
19 13
5878 3313
2551 418
3122 1201
535 404
5412 5015
953 328
8886 7937
9044 5407
7642 2034
8944 6172
6061 4532
3082 2700
1330 355
7084 5911
8585 8492
5381 1590
7700 6637
8301 7857
5489 2555
6000 4485
4264 3999
1283 956
2315 1213
7477 5511
2193 1383
1918 825
4801 3297
566 552
1766 192
6077 708
7333 1289
3508 3046
8736 6037
4448 2792
9810 5425
3389 1484
6716 3409
1765 1208
1711 312
4330 2251
6593 1189
8572 8546
4244 4096
8985 4549
6049 4957
8025 4735
8515 4671
8200 7906
1768 1696
3830 2768
6363 2875
9759 4234
9637 4069
601 343
5526 3734
3302 1816
4875 1908
236 47
9964 814
1763 1406
4216 2626
827 371
4495 3048
4819 3489
2359 1513
6278 2662
4214 1697
5482 2936
8724 2288
6262 3484
3724 526
8631 1989
3115 2068
9649 2378
6968 4420
690 493
9706 8620
6066 3148
7662 669
8209 7565
5627 4088
1790 1075
9750 1684
8098 5816
4698 2204
6201 1133
495 453
9997 6835
6868 685
1678 462
4278 2942
5228 1604
3658 865
4004 515
7706 5825
1374 666
5820 3779
7430 5788
6651 1294
7219 2403
6051 2243
7836 367
4721 654
5413 2122
2801 2795
4786 3851
9564 5238
4570 2814
7701 3740
7744 7090
5841 3803
8189 7085
2268 2205
3564 2235
6369 373
5991 2486
8426 290
8789 8395
2506 269
6883 2412
5836 2774
5701 5474
8295 7928
4963 2898
7544 5030
3946 2938
6996 4366
7657 5122
1619 1071
2416 1859
575 87
8116 2166
2190 440
3685 1099
1884 342
3907 1893
3574 2303
9304 8384
46 37
6378 3694
3156 1129
8600 4316
2346 305
4822 3704
9833 4949
6513 4578
5426 4932
8165 7400
282 200
2575 1956
6643 1916
182 108
8079 2093
9020 4162
2732 270
2965 2833
4237 862
939 50
8785 5049
3263 1311
9043 1404
6951 6521
9377 1909
2032 512
7923 1687
4576 2466
4863 2930
2603 344
4295 2614
4191 2636
8411 3493
1748 1419
4521 3142
3477 907
3121 1068
8147 6462
3513 2783
4945 2167
4986 3901
8008 2926
6096 4482
8798 689
218 211
743 389
9445 4225
9225 8517
1552 1388
2052 339
265 30
6443 4646
7010 4281
1280 915
5462 1695
5580 637
1366 636
3252 1069
5357 4266
4467 1507
2594 1753
9579 4374
4911 3699
1869 1727
5141 2905
1070 1067
5596 1967
7840 2307
5973 540
850 539
8705 4849
6383 3548
7058 4733
2559 2073
4895 2817
8957 8237
6213 842
4606 3635
7846 6626
8167 3077
4015 3249
3836 1025
8057 4676
6547 5946
7412 1355
1721 1244
7596 2583
1338 415
7697 6033
2186 141
1944 975
8645 1452
7054 5091
4696 653
3996 1464
1252 459
4841 2336
7167 3829
9329 7790
2439 1434
9479 721
7384 2818
773 707
7966 3092
