639
7966 8043
539 7566
6847 6923
5518 8333
2951 3627
7730 7736
7541 7940
7284 7787
2405 7323
66 9581
58 2460
7990 8130
1242 2449
9693 9709
262 6262
6799 7493
2234 3300
3404 3461
5663 9910
3640 7266
2977 7136
4651 7516
409 5610
6193 7918
8533 8939
798 4806
2954 4899
1431 6714
5956 7621
3168 7515
4934 5015
8278 9430
3905 5577
1217 4633
3250 9663
9699 9780
1389 8338
4103 8293
1441 7995
5229 9464
1876 3106
9319 9721
3321 6414
4964 7710
5503 8570
5651 9082
7138 8211
5890 8840
8971 9403
8401 8961
7666 8958
4692 6585
4873 8395
8397 8569
9627 9945
3841 9374
42 6673
4575 6832
5656 6305
7043 7829
5814 7616
7133 9337
7796 9490
3862 7071
6581 7210
534 1673
3656 5619
1186 8820
3091 4505
3867 4749
5010 7178
9975 9977
1086 6910
6224 6309
8420 9297
1413 9791
3703 5217
5500 9368
1318 4922
4335 6255
4662 6939
2057 9470
1490 3392
2345 8708
1005 2421
6769 8490
4410 5978
2502 8209
3254 4088
549 7888
2451 4519
7499 9718
3315 6332
5127 8861
8772 8883
9104 9939
7854 9781
2806 3818
2929 4457
6445 9390
2250 3421
8988 9723
5714 6780
3835 9560
3061 6282
9716 9759
4995 8564
207 4285
4472 7229
6623 9421
9207 9790
3709 6326
5581 8100
5315 9587
5768 6090
3007 9972
1268 4671
5428 6616
1373 7976
9538 9839
1326 2699
6403 9330
1397 7859
6874 7994
5698 6762
3784 7505
4593 8310
8053 9941
2359 8440
3117 6708
7191 7243
6173 8499
6980 9116
2657 9857
9572 9922
4909 7353
9310 9514
9273 9951
9907 9938
6294 9070
813 3612
3248 6057
3713 5009
5676 7833
615 4476
3641 7939
5785 5906
4953 9429
4125 9650
4815 7253
756 3016
7999 8387
3823 4793
5592 6717
7857 8644
5932 7808
2910 7675
1702 1922
2326 4475
8452 9365
9970 9989
5550 5744
3550 8159
2793 6152
9090 9215
980 6214
9912 9927
1802 4385
7130 8023
3187 4041
1085 4022
1141 2352
3409 6632
3567 8614
2821 8374
6417 9198
4601 5711
9447 9754
9610 9766
8551 9349
6034 7328
1084 1479
4819 9431
4170 9472
8137 9795
9295 9588
1276 4740
3518 3727
6156 7804
3960 6261
8836 9914
7623 9853
5065 6718
7716 8841
1190 8277
5077 7219
2180 9146
9293 9785
9591 9859
2131 6259
886 6096
5353 8471
6137 7595
2239 7705
5887 6425
5664 9786
2494 9793
9346 9824
5730 7275
6486 7747
2500 3182
2795 8704
2904 8045
1801 4893
6575 9983
2648 7486
3844 7817
525 2676
6638 8922
8862 9407
5553 7367
5442 5504
7934 8223
1092 2568
3749 7893
9019 9094
4876 5520
1081 6122
1962 6781
7953 8091
434 1324
3071 3672
1133 2520
6782 9106
8695 9684
8018 9380
4798 5990
8170 9895
2270 5476
4284 9304
2605 9428
1965 3876
2465 9475
8243 8356
2125 9444
7095 7611
8340 8648
6467 7221
9220 9577
5338 6497
1711 8359
9228 9828
5617 7645
4763 8383
382 2896
3679 5007
2578 5268
2123 8423
3190 4394
770 5976
318 3760
2965 4182
6412 7701
8785 9343
4060 9230
7656 9562
4858 8685
5282 6643
8230 8305
2013 6557
4154 8903
6793 9580
1351 4310
5968 8115
6067 8886
1523 7449
6474 8539
3124 8470
4062 9776
9419 9453
1820 7895
8619 9309
2921 3340
1156 1913
441 3614
7923 8459
2947 6004
4187 7869
9502 9523
7696 8281
8626 9984
8942 9249
6139 6149
8259 9373
5170 9889
9126 9516
7944 8054
4702 4788
4659 5188
2572 3325
6539 9629
9250 9384
410 6501
9489 9525
860 7255
1699 3946
2940 6066
4582 8377
515 3377
4980 8849
2341 8099
7331 9188
1764 6017
9317 9326
8642 9157
584 699
8467 8743
3050 4181
8285 9005
2625 3761
7558 7797
2111 2515
4906 9182
9694 9835
7778 9300
4148 7975
1248 3538
1984 7440
9968 9987
8759 9634
4887 5874
2644 6560
6586 7677
6544 9222
6941 8517
9639 9648
6707 6836
6062 6105
5211 6911
8828 9802
6859 9032
7431 7733
8799 9214
3247 4141
9467 9843
8669 9673
2313 2690
3000 3320
3261 4293
7135 8174
9270 9733
8718 9171
6151 9622
3431 7312
2737 5067
1498 7471
4634 9199
2966 5832
6932 9420
1259 2002
4537 6148
3732 4395
4136 5749
9661 9761
8761 8946
4480 6408
721 2878
8746 9257
5303 7755
9285 9775
2797 4145
3802 4354
3748 8813
4685 8607
2696 9576
5368 6053
4528 9160
3118 7300
4368 7460
8012 9543
7337 8399
1169 6426
2996 3654
1882 5559
1657 4228
6503 8548
5803 9626
7991 8231
1516 9879
9149 9595
3754 9792
6959 9637
5327 8216
4494 9099
3198 8019
8560 9038
404 8502
6093 6561
8586 9388
6737 9908
5027 9064
7270 8957
9339 9425
732 4839
8865 9990
8474 8985
6458 8280
3015 9880
6301 7707
517 1292
127 428
1903 2728
7065 9865
4916 4979
7033 9982
3375 4791
1363 4680
4718 6063
5214 5606
9441 9507
9280 9846
6183 6651
5630 5966
6642 9137
8956 9482
9299 9847
292 5542
1343 1385
40 305
9134 9930
5458 8579
4757 8784
206 2138
1183 1252
1402 8113
9597 9947
5524 8613
9350 9364
3574 4241
5459 6161
4217 7554
1768 7768
9340 9500
9155 9342
859 7754
946 1282
7708 9940
7361 7867
7308 7376
9825 9903
1152 5868
33 4728
1106 6608
8864 9807
7578 8792
3282 4369
6012 7639
4180 5884
2916 3139
2276 8973
6875 7785
2061 4034
1894 9012
7250 7491
7550 8966
1112 1996
8655 8764
6709 7832
7084 8617
4400 5983
231 5907
5297 8498
1391 2083
3342 9966
7650 9794
6702 9646
3743 5173
7309 8268
6916 7339
4758 7831
697 5923
5945 7543
3895 4061
1966 8189
6559 8801
8047 8439
8038 9695
9143 9348
7764 9674
5483 7559
7224 8735
830 5680
1630 6576
7021 9381
2118 5813
1703 9118
137 7903
2386 9479
9110 9505
8547 8975
3088 3137
8346 8433
3389 6593
5935 8429
2700 3098
7527 7892
4279 5140
2442 5743
5732 7364
4072 6463
480 1672
7947 9174
264 735
924 1280
5989 6052
5739 9167
7426 8385
5061 6574
313 6999
8659 8816
1598 2693
3209 7137
951 9965
2534 5165
8627 9124
2842 6206
438 4370
3266 5422
3539 4121
9422 9700
1677 2506
445 1082
3555 5101
3140 5695
8354 8873
913 8260
1142 3766
1776 9352
4792 6516
9680 9751
1646 6867
3457 9003
2201 3280
4163 7742
5102 7800
8017 8625
2454 6835
7002 9679
4407 7321
3083 5035
1335 3489
6451 9950
5337 6219
9855 9886
532 2390
4581 6035
7626 8544
1340 3442
432 4621
4842 7415
6367 8167
6323 6964
4097 4444
1671 7344
9016 9510
7726 9148
8597 9135
3239 9379
3125 4194
9150 9387
3685 4631
6634 9240
5892 9804
8264 9713
3339 8618
5595 6424
1375 7247
7877 9668
3174 7599
3561 3790
5178 8856
1600 5992
8712 8947
3752 7774
8732 9564
7378 7387
4257 5603
535 8800
2934 3303
2620 9434
2869 4816
6881 7813
7951 8296
1590 8055
3831 4701
6071 8068
500 519
1639 2298
8754 9770
4355 5897
5934 8674
7239 8430
6892 7204
8147 9088
5496 6537
5036 8352
1125 5314
1664 7374
4660 6011
9640 9909
2242 2855
7615 9027
5580 6384
5113 6970
3891 4789
8473 9290
7091 9495
6468 9539
14 9837
2491 9170
103 1558
8389 8500
1263 2452
6312 6443
910 3360
7467 9913
7691 9172
520 7214
6742 6814
3787 4343
3782 8365
3262 3645
6887 9821
2862 8692
4321 5859
204 1448
5846 8096
8601 9460
6961 8256
78
7746 4794
9131 7522
7882 3090
5119 4221
5276 2583
3094 3069
3475 2743
8199 5068
8050 4574
4077 1364
3994 3657
4158 548
3783 1560
3647 2126
640 274
8770 4777
989 781
3103 3017
2661 2432
8438 7359
7734 4925
8662 1307
3163 1203
1791 1674
4527 690
1162 1023
4852 1823
8758 5560
4100 2018
2361 265
9237 8006
6119 128
189 67
6777 1341
1495 1220
4924 4359
8919 1738
4738 3913
5833 782
681 521
3065 2196
7237 4868
7481 4563
9292 9144
6669 257
1892 1536
7177 6532
5461 2134
766 104
296 72
6770 1062
511 375
2443 49
9897 5501
7031 4073
8694 4035
891 481
4849 2095
5169 4755
1157 999
547 536
9561 130
2812 2782
415 94
5405 4289
8740 4714
7433 3214
6430 5516
2626 2113
5357 165
4813 620
5151 3894
3172 1706
6448 2995
970 749
3067 745
2754 1813
6879 5841
