10
2575 9136
1196 3372
5735 7048
2365 2676
574 3999
242 4464
7870 9004
4627 9533
2849 8950
6747 6901
726
2380 1374
8079 4188
5421 658
2104 934
2257 2131
7063 1843
7741 933
4288 1439
5666 304
4789 220
3135 469
1800 383
8714 2234
7814 3147
3493 2823
4520 2066
8584 982
7491 6208
4999 873
9578 3734
9771 1751
8977 6032
4927 1067
1730 1234
3959 3839
1503 713
2805 985
6108 1474
4416 1969
3894 1829
2237 1264
7869 4136
6632 2693
566 419
5958 1580
9334 4944
1640 547
8992 1040
771 310
4936 1711
7433 6960
9825 4047
8844 2406
1259 994
2060 1296
3229 2149
3550 2072
5882 5047
9173 5391
3992 505
1102 250
743 170
226 144
8991 3096
2135 630
2291 644
9120 7914
6821 2093
4150 3035
1280 110
1759 1207
1990 1090
1923 828
1634 468
5108 2233
1844 938
367 204
5986 4042
3870 1096
4187 1353
3993 3737
4272 412
2432 1201
8581 1944
6689 5603
3221 13
3111 1268
5731 3977
1895 401
1362 62
9779 7604
379 374
1261 3
4966 3544
5568 4023
6841 4373
9814 9668
6640 5444
5737 1077
826 531
9654 2414
2071 736
3890 2117
7750 4640
4500 154
2648 2496
1232 666
8001 6622
3305 1715
924 186
882 214
1470 330
4912 3864
8200 4719
5746 3252
2340 1529
6826 5920
252 205
9656 6597
4579 130
4970 2784
9029 3652
7060 6636
6054 4663
8528 3527
8444 906
6011 4468
3164 1435
6358 2694
8379 7615
3817 3077
9440 7867
7284 6675
7936 1543
1882 437
59 1
3138 2088
4623 2074
3088 2547
565 271
9280 1591
7788 1165
874 302
9727 6530
9264 8632
8848 8233
8214 6100
5956 5503
8641 3676
1819 1501
3556 3261
4649 4304
4045 4014
650 113
9534 5427
4346 3629
5453 447
4159 2183
4526 4279
7142 5364
9995 1065
1434 41
9121 5122
8668 5133
5903 5657
3859 1956
7377 7164
812 612
564 203
7733 3934
8636 4318
4610 620
1780 42
3573 2164
2896 1612
3309 850
904 721
5198 4667
363 164
2502 2383
9320 6174
7642 3277
1745 1521
8507 3790
4778 1984
7554 5358
7763 2893
2633 1408
58 7
4489 3701
2243 326
394 6
3103 1997
9496 7834
6468 3002
8448 4305
3226 1875
6446 5912
6193 4357
8254 5716
1287 603
2703 1535
4558 3244
4919 1265
1337 556
4174 2282
3851 2304
9455 72
1732 1131
4682 1776
7959 2531
4922 3038
1629 360
824 197
5768 1173
5409 1961
1703 1359
4653 3816
9732 3529
6103 5179
8683 63
6090 1415
7984 7638
1570 169
3871 344
9928 1674
3199 2298
6231 5318
1648 1619
7610 1681
5937 4079
1214 539
8470 6025
1048 423
6164 1871
8570 2319
6815 4360
7524 5732
8381 3937
7560 6548
4798 541
3623 2769
9205 2082
7731 5604
9743 5984
4791 1388
2817 1810
9931 4382
5962 609
1566 554
2847 91
1253 1075
117 17
7115 4876
356 20
368 16
3835 508
5698 3201
8755 3213
7929 3570
4206 3345
3024 679
7253 703
9565 1498
3080 180
461 213
4457 4300
1900 668
1639 1352
4340 3179
9316 7864
3334 536
3145 2216
7717 2696
6438 2356
4601 1243
6190 3054
5417 5266
3784 2960
6529 2463
8956 8494
8609 6412
2932 2328
2288 1863
9023 1721
9354 3466
6110 1371
4298 2423
6532 5966
3025 2190
8760 660
9568 7158
8557 6360
4800 3706
7020 4131
9508 581
8118 1036
4935 2989
1888 1825
9349 5485
5977 3750
5377 2460
2174 1846
7247 5567
5550 2728
4892 501
952 920
1300 278
645 345
9178 841
6371 884
3878 308
2389 471
4756 3903
9422 7911
6353 1455
3976 1727
7510 4877
1297 225
3725 2170
2241 519
6868 6417
2084 715
1813 696
7698 4196
3022 2943
879 299
7943 1695
1918 78
1510 997
6869 1582
5833 2439
8640 4823
8599 5627
5067 89
5374 2606
4168 1299
1141 932
9014 7056
5637 1720
7821 949
2161 610
74 33
8213 2505
8546 6763
8916 4636
1425 5
3776 2431
1678 376
7280 3729
5345 1411
353 351
8996 8783
2043 83
5051 2549
9979 1145
8049 2532
6653 3414
7713 537
8904 6494
484 262
5997 5518
7792 4362
1100 1093
5694 3434
7619 3804
5299 749
3106 2273
9129 8975
6794 3432
6744 5088
3944 2461
8958 3420
6288 651
4036 1005
2411 953
4194 1080
9603 3827
672 647
4960 2781
6589 1140
7074 6019
2224 135
6595 1980
3380 1920
6246 5924
2141 4
8084 844
440 402
6850 5697
2920 1340
452 56
9221 5074
8711 5087
2701 1044
483 105
5834 5615
2613 235
7267 2758
7860 2285
3117 381
8046 6301
5558 3308
2107 499
6401 3910
8154 156
4619 2011
6382 3722
5618 2025
2831 2665
4120 2201
7035 3653
5940 361
5974 3765
8412 1761
8480 639
2686 827
7819 6552
5331 206
6712 3241
1499 1483
9691 8264
4532 680
5457 1395
3183 1974
4632 2314
1613 1329
2709 2057
6795 5556
9228 3533
8955 5992
5907 3467
2544 1150
4557 1847
265 158
8667 1344
1271 834
1702 486
9159 825
8358 652
5094 5036
4650 915
2118 455
5361 4661
369 277
7007 3638
9000 533
5680 2313
8488 3000
9290 322
8144 7274
5533 562
1901 30
8945 1424
8211 3757
2818 2157
9735 6171
4140 692
3347 2021
9993 7584
9144 7855
7438 5260
9365 4968
5175 1099
445 80
6403 1497
5747 3144
5050 300
5194 4681
6537 2458
3330 2950
4081 3187
3882 1083
747 161
3608 1834
2934 1266
8279 3350
5189 2127
1849 546
4058 1130
5365 2236
8423 5382
5899 2325
9355 8009
8414 5084
9242 4035
3678 1502
2276 2267
7833 4055
7197 1947
4482 3280
9080 2669
8158 5705
4886 298
6018 3089
3738 2301
6290 4386
3336 3105
5477 5235
3952 626
5181 3823
2159 1129
6777 5131
5293 865
4971 3531
1290 418
1153 905
4487 314
8868 7457
3194 2670
6421 1601
741 710
9329 3647
6739 5463
821 504
3298 2014
1216 734
4833 1546
2840 2263
2238 1625
9179 7239
6963 4432
3558 2673
5500 968
6575 1213
8119 2515
9313 7957
4467 1892
1053 248
4982 2833
114 99
3739 1436
7718 4072
9085 5247
2807 787
1240 1009
9787 8101
8512 2852
5174 3359
44 43
1919 1379
9646 4274
3872 1737
4404 477
9437 9368
1604 182
8693 5842
5692 2327
9677 4164
6811 307
9609 21
3758 1617
4252 3142
6111 5563
7784 6713
6200 5160
8776 3429
8884 8540
5963 4276
7086 4114
1237 690
8875 5269
8396 3234
6137 4193
9865 2191
6599 4186
635 208
916 96
9915 4181
7654 5544
7278 4427
9698 1423
4384 3829
2199 641
1227 446
6447 662
1495 872
1177 102
9372 4838
9286 6390
2677 889
7644 7458
9094 7105
3958 2786
2012 701
5829 4378
9412 9265
2821 1982
1852 732
6643 2536
9036 596
2384 781
3748 3255
7916 7102
7830 5756
4906 1624
5592 4309
7884 7418
3056 1662
7651 3259
8925 1679
1293 347
4733 4105
6488 5107
604 422
1782 1465
5064 3939
6911 2392
947 729
5034 4092
8368 5969
8712 7908
4860 4841
6802 1836
3316 2429
4902 4461
492 341
1000 443
1144 222
4530 731
18 14
3905 1120
8252 4824
6941 1457
7476 5153
619 362
9027 4236
4160 2254
6337 4173
3875 3193
5836 5414
4997 2754
3275 3251
2729 2555
3269 1599
9267 1544
8985 7925
7205 4749
3384 1945
4240 3726
6220 5187
8939 7168
5221 2556
6052 1602
4924 4134
3595 1507
6719 1908
9872 4759
1187 489
1010 605
3411 790
5330 3551
332 128
9957 2280
7113 3071
3759 1963
254 145
8341 1659
6502 4769
1868 1777
4550 1031
7822 2155
9853 697
9110 403
6079 6003
1756 490
7469 855
395 290
5571 5548
8409 2358
9384 5564
3156 2444
3995 3858
1378 780
1467 638
4694 2538
5664 3954
4994 2215
1400 681
881 819
365 275
8006 1149
8402 7220
2402 146
831 339
3791 1669
2013 1592
1148 219
8206 6484
6639 4980
5237 3627
1116 32
7231 3543
6644 6476
9487 5479
976 384
4354 1257
7573 4436
7616 606
6940 4600
7483 586
909 636
7795 5875
3052 301
9520 9458
6969 1628
2912 1363
2341 352
7139 1082
3410 2599
8510 190
2584 1413
2069 1219
3576 579
7021 1645
6418 3643
5077 2176
526 496
9473 55
4350 2342
3685 3385
9084 5815
2518 1454
520 467
6828 3253
6497 1729
6427 6376
7185 3641
9899 5595
1336 195
2320 121
9529 7567
8105 2962
772 476
1210 1189
3818 2856
