982
5893 7588
1877 9523
5744 6105
8956 9758
4687 8187
895 4489
5217 9169
2559 8453
1725 5908
1784 7302
2731 7655
4728 7237
1176 5818
8374 9733
7100 7691
6889 7245
6970 7018
8695 9159
4914 6647
2965 9231
4846 5054
5454 7194
8176 8515
5881 6629
7664 9208
9142 9221
993 9790
9801 9906
2096 7788
8848 8977
8120 9806
4377 9564
4438 4526
404 5745
843 5756
2860 7929
3325 7153
6916 8929
6613 8117
8944 9435
4140 6709
7969 9232
5120 8301
6852 8371
1381 3210
5532 9766
3541 6584
8615 9707
7496 7533
9485 9499
4986 5583
9291 9562
7933 8337
7321 7791
1184 5012
587 6042
4685 6612
3359 3755
9738 9745
3246 8628
5253 7530
8209 8491
5585 6755
5080 7662
4982 7826
3592 8233
6097 6576
8861 9014
5687 6092
5829 7056
7987 8583
4788 6427
2361 8428
3593 6928
7144 9743
7486 7746
9191 9797
3985 7344
1169 8039
2516 8651
4424 7882
1313 7159
4040 6332
9656 9824
6055 8506
8127 9252
5725 8238
9017 9511
4809 5338
3563 3960
5805 6312
660 8520
3492 3524
1166 4707
2365 9377
9976 9990
6875 6886
4861 5670
1344 8226
3534 4755
6379 7090
8665 9741
4625 8445
2433 5307
9156 9697
3439 4180
1846 3022
2864 5347
2164 7409
1347 8388
1766 9701
7408 8077
8554 9263
9675 9947
7236 8921
8315 9204
5586 7248
6814 8024
4613 9717
9841 9999
3682 8173
8198 8655
5987 7163
2284 6135
1787 5822
8874 9382
1577 3763
1920 9638
2883 8622
6688 7070
1387 8941
8739 9857
253 9045
3342 4088
8475 9126
2470 5842
1083 9347
6227 8996
6033 8595
4099 9309
6197 8602
4144 8724
5300 5989
1836 3631
8876 9506
7085 8539
8246 8513
1321 4420
3469 3742
7582 8854
1932 8942
7103 7775
9676 9695
9715 9959
1351 7824
7040 9896
8664 9820
6710 8147
779 2782
6002 9218
8218 9229
9141 9893
7454 9118
958 1665
8903 9548
7519 9732
8032 8597
4753 5059
8871 9554
5386 6423
3054 3828
6082 7220
7950 9165
6541 8219
6849 8102
1798 2963
2452 6242
6725 7293
9598 9979
4224 8011
4811 5379
1054 2051
3896 4127
4692 7722
4467 9895
8053 8158
4686 5799
7384 9355
3886 8919
9590 9671
6120 7179
413 2023
6000 9847
5458 5721
5309 6509
6859 7230
2755 4721
8413 8878
3587 9585
6410 7473
9011 9063
2332 3776
6061 7546
8983 9560
224 501
8199 9262
1475 5405
1342 6666
2126 5613
4061 6222
8900 9937
2869 7883
3810 9021
3481 6674
1406 3197
3616 6125
3396 7737
6334 6964
6234 6275
7677 8802
2076 6837
811 6397
1918 3624
4151 4912
6175 9891
5557 6519
3090 5089
2398 8640
6927 8155
3710 4748
539 3946
3990 4739
9543 9768
6787 9613
4182 6853
651 4606
2790 6718
3062 3792
6442 8322
4417 4492
1299 3466
9871 9929
4038 4368
3968 5851
8721 9894
7796 8072
3802 6093
3448 4766
4287 4431
2173 4641
2300 2439
1364 3073
3066 6687
7204 8438
3346 3925
2519 3048
7366 9834
5734 9555
8048 8972
6626 7779
2274 6341
6351 8045
8256 9269
5576 9127
3808 5193
3761 6827
8129 9654
595 1396
3288 8685
7735 8732
9135 9553
1735 3914
4689 7693
272 3027
4807 9175
2315 5117
2747 4883
9447 9691
6676 9468
9536 9876
4988 9510
1519 7161
9469 9488
5537 6724
227 1330
8738 9072
6028 7495
4483 8213
1281 2514
1253 8690
8275 8473
1531 3199
9002 9734
7441 9652
535 8031
4440 8340
3520 5867
8546 8927
1158 2391
56 4923
2793 7071
423 5995
1482 7196
6439 8103
7274 7395
7994 9090
2719 8375
9056 9092
4255 5911
304 3283
9996 9998
8808 9775
8243 9081
2768 6947
6121 9316
5722 5960
4744 4790
7707 8744
3964 9167
1293 5792
3843 9957
333 6845
7255 9921
1913 6007
7955 9518
774 7288
3148 5564
1302 3231
8180 9145
6504 9978
4034 7535
1922 3519
6539 8020
4837 5009
6402 7600
3016 3814
4114 7938
4462 6129
4653 5018
2941 8236
2863 4816
5086 6177
5154 7267
8406 9104
9333 9408
1490 9597
5318 7038
786 8321
4206 8888
3678 7368
3322 6667
4081 5841
1894 3676
2512 5181
9594 9788
8385 9702
2733 8763
1385 3240
3236 5982
5131 7922
934 6723
9884 9948
3969 7246
3426 7226
8887 9143
6956 8167
7673 8287
7809 8006
1139 9205
6273 6934
6931 7169
5737 8191
1058 9115
7033 7593
3133 9522
8978 9265
3837 8090
7464 8302
5056 9950
2682 3216
8673 9559
6149 7420
1555 5078
9479 9620
3334 7210
9839 9953
6004 7424
5374 8172
1314 9360
3884 5885
7475 9108
825 6193
5510 7165
3430 3972
9313 9318
1853 2842
2527 9563
793 1182
997 4764
3489 9264
4910 7669
9498 9672
4969 8360
7151 8410
7748 8704
5320 6233
6101 9971
8057 9015
8334 8907
5667 5702
6385 9786
1878 7623
5868 9004
220 2567
7594 8010
5493 9225
7857 9230
2707 7396
4359 9020
6587 9475
4427 7772
6854 7361
4188 9729
7559 9611
4954 8718
2479 7774
4805 9981
6995 8118
8505 9330
8556 8743
5436 8820
2720 7599
8754 9174
8748 9239
8270 9736
1621 6030
6239 9803
3591 9846
7167 8441
6904 9512
7349 8540
3980 6803
1849 8711
967 4635
4057 5262
8354 9635
1092 9785
8612 9085
2372 5058
6171 7614
7067 7847
1078 2588
6083 6555
5686 7421
1812 4836
3517 4399
8116 9591
4019 8501
4305 6217
4486 6173
176 4153
6963 7784
435 5390
9212 9471
2736 5100
1530 1571
8459 9463
8017 9442
9969 9985
9569 9955
1256 2609
732 5782
8757 9359
9575 9742
5844 7176
6361 7956
5147 5228
4903 6557
1952 3079
9079 9124
4381 7115
6062 9187
7328 7817
9678 9863
7756 9689
4548 5814
858 4680
4961 5946
4341 9203
3428 3774
7714 8599
1213 5418
6505 8110
9028 9632
9131 9967
4226 6632
102 549
252 8144
1785 7352
3725 7896
4851 9306
8989 9321
5707 8123
8175 9042
5967 9885
1332 9113
3672 5067
1824 5929
2098 7974
9296 9859
1819 3981
85 1411
4520 6205
1413 6558
5828 7011
2584 4249
4792 8524
4877 9194
9466 9662
5477 6072
1152 2057
733 8842
6076 8497
4186 4968
6720 7780
1112 9584
6529 8387
8637 9391
5638 6921
3549 4095
4616 5025
6713 7007
9653 9939
9445 9748
416 7799
6839 8049
6452 8361
4868 5317
8469 9903
3749 6063
4056 4267
257 7967
6241 8484
605 2065
2967 7339
6279 6948
8040 9068
5453 7878
7292 9457
6959 9206
7191 8594
7228 9052
8570 9956
7225 9188
6503 8788
8731 9663
7006 9851
7378 8916
1592 2018
9802 9860
410 4106
5157 9900
1220 3202
4571 5727
3764 8030
8609 9097
6152 7171
7493 8386
1025 5011
9379 9387
6924 7476
2672 6914
1075 4958
1677 9735
2163 4157
1118 6881
8422 8859
347 1315
8650 8890
2820 3213
8610 9312
8081 9688
2241 6573
4549 6915
4217 9256
2493 5209
6895 9474
6623 7684
9093 9103
178 1717
8746 9919
3663 5479
4690 7044
5640 7979
4332 5773
9259 9655
4544 8866
2406 9098
3652 4522
8286 9813
2681 3184
260 7553
7981 8381
5554 7978
2836 3932
5922 7948
1038 6209
4590 6100
1993 3564
8087 8526
6785 7904
2775 5683
9867 9940
6975 7860
2489 5203
208 1148
2560 7632
5796 9917
3223 9494
1141 6254
8223 8282
9508 9986
3101 9034
8764 8768
3350 4059
1444 6143
7073 8075
6077 8139
146 9456
3978 6373
5299 9459
7740 8707
469 6783
4398 4787
1127 5658
7205 9437
1140 1727
5914 8530
2352 6993
2188 8904
1893 9030
6001 8450
1248 5070
7525 7851
6560 8811
9247 9530
8063 8182
171 593
3491 5127
9037 9192
9625 9933
5000 7769
5970 6405
1408 9624
8563 9888
6346 6879
2725 9800
3217 3788
4283 8771
2340 6703
619 5225
3794 5173
6144 9215
1095 3345
8840 9550
1388 6648
5547 8613
2922 4435
132 1223
3895 9257
386 3773
4253 9641
8858 9831
6155 9266
477 8766
9650 9722
2726 7458
4509 6122
1974 5402
21 7607
2080 4312
7029 7308
1016 8221
9419 9773
1437 8376
3887 9044
6677 9497
4400 6392
4782 5068
6271 9420
5639 8201
6939 8033
6057 9099
2802 3567
8325 9972
1046 3385
8800 9461
2182 2660
5550 8479
8419 8926
5674 7445
6685 7867
9054 9162
3220 7514
1320 5449
8137 8535
3167 8877
4097 5507
8467 8541
8608 9031
5934 6159
3013 5028
2613 3259
2194 7172
8949 9941
3637 8088
7777 8647
3158 4778
752 2313
3963 4213
5943 8604
4358 7126
9615 9909
2621 3700
7385 9640
580 8355
9533 9907
6064 7277
4834 6012
1670 1956
730 2887
5464 8278
3801 4942
7676 8626
9390 9521
965 6830
5333 5795
9614 9706
8794 9603
7198 8064
4515 8204
4015 7268
1134 9838
3661 4907
5371 5643
650 9005
2223 3493
2490 3588
2765 8507
4123 9281
2034 7961
6327 8630
3286 8954
7341 9639
8710 9882
5728 9526
2686 7231
8787 8908
6595 7375
4390 9781
5230 8481
930 3812
3805 4066
2552 2952
6421 8780
4325 9465
1998 5183
2589 6276
6651 7712
332 5343
3880 9651
4372 8826
8457 9153
6301 8402
5498 8363
8687 8735
7371 8910
6958 9503
8458 8985
8969 9024
6593 8975
2476 7294
1540 6333
4365 7728
8641 9756
5281 5354
8538 9749
2285 8965
5665 7412
568 844
5899 6638
5962 8178
4640 7305
6387 6468
3910 8590
910 8804
6115 7575
7873 8947
2515 5910
8955 9433
4023 4838
2053 4596
9992 9995
2259 2381
239 8328
2855 4482
8000 9196
6167 9668
2673 4633
9626 9664
30 2739
4219 4274
297 923
9674 9942
2172 6103
7583 9295
137 338
7710 8806
4568 7168
1178 5736
1773 8276
3418 6086
4941 5472
710 9704
4193 8339
1276 6473
9358 9415
7436 9117
9357 9977
591 6741
5286 7548
7009 9048
4460 6011
225 8257
7743 9753
5824 8262
7538 8815
5802 6309
7646 9601
2674 9305
7266 9464
9763 9823
286 4806
8716 9782
4446 6800
5016 6699
4087 7713
1062 4617
2306 3194
5214 7798
1278 6640
2386 7350
2410 9660
2380 5918
5985 9855
4619 6795
8853 9727
3072 5438
2074 7030
597 2351
4842 8283
361 2169
644 5935
5135 9128
2834 8576
1106 8206
6804 8913
9219 9450
5996 7999
2823 6158
2017 3198
7611 9008
3384 5232
6600 6625
5013 8851
1496 8007
8109 8192
6909 8973
1667 9410
4360 7759
3850 5524
5112 8770
5766 9705
7783 7942
5229 5926
1942 8992
2110 5963
9636 9856
4263 9000
5747 8225
6338 8482
2627 9852
7465 7930
3293 8781
5631 6954
8333 9161
2898 8509
4746 6289
6646 9089
5339 6221
3759 8179
3594 5741
519 5588
6432 7638
6079 8708
1185 7181
3598 9769
6511 9866
4356 8943
3572 8314
3957 4957
1049 5233
7681 8642
3601 8946
8476 8547
3820 4698
6553 9076
8672 9150
5139 9574
2558 5075
491 6066
9586 9794
4258 7440
4756 5555
7280 9016
4997 7119
7812 8699
6520 9369
3923 7374
3102 5976
2487 7162
7949 8145
9273 9441
9125 9386
1485 1740
7815 8635
6074 9580
3733 6822
5570 7829
1126 2839
1527 7466
5291 5327
7542 7945
139 3609
1962 2116
2030 3059
5050 7502
7672 7770
3150 7488
6179 9242
3135 8662
2179 3214
9810 9945
5319 9395
8500 9298
2786 3740
880 6846
3008 9123
7107 9588
1000 5788
4666 8165
8918 9943
4110 8345
334 524
1642 2146
6543 9861
6382 7386
609 8793
342 8558
9140 9290
1821 2828
939 1525
4995 6978
4395 5847
8432 9770
3363 5237
222 6922
6240 8298
2822 9066
6833 9904
3119 9294
2189 5977
249
4821 550
5287 761
952 46
1575 1236
6481 4740
9436 6014
9927 1903
6009 2932
7233 1676
7283 2396
3306 325
8756 6048
4557 4205
5997 2243
2918 2492
3690 702
2509 1022
6776 4601
9994 788
1104 244
8393 3692
6303 1001
3696 329
937 614
6290 5659
436 419
5380 3070
9798 6808
4922 3613
4646 2833
7580 26
7868 2590
8112 3846
5715 3498
3615 2764
2959 2230
7131 6656
4345 2576
4832 1254
4380 2668
7587 263
7793 6716
776 494
6694 4536
1323 262
9157 3983
3819 1367
452 385
1195 837
4566 340
6668 1099
9628 7609
3723 401
397 306
87 75
6087 158
5007 94
9422 4005
2983 1161
4021 500
9913 4104
8249 3326
9912 4487
3746 1393
4651 2600
7781 4644
2934 1837
3204 3089
3139 1751
8296 5646
4077 34
7427 532
5387 4503
1668 1415
4135 692
2269 384
5712 4723
5264 3967
6882 2838
9403 8536
3047 1840
6930 5505
238 151
2152 360
4631 4242
2145 974
8922 364
1151 128
8002 5456
1457 1362
8940 2395
5368 5152
763 3
7619 1628
5978 3905
3848 2409
5653 3098
4588 1697
2677 2384
6191 3010
7768 4093
6458 1476
5757 736
3511 2550
3063 37
5316 1858
5373 279
4309 701
4289 3351
8934 3500
229 93
1260 495
1041 828
1662 1343
7705 3333
3765 1754
4708 4638
791 684
7448 5937
1967 1882
3918 1969
3849 1747
6601 4266
109 45
3790 3304
5572 2262
7497 4029
529 409
8105 6910
6199 2411
4673 2307
2544 1690
2158 18
64 43
894 73
4930 3006
4001 2913
3620 2751
3144 2455
863 632
5754 5695
1550 234
1188 970
2891 55
5905 4268
5813 2968
5790 1953
8037 7760
590 215
2966 1329
1522 274
3912 906
3875 363
1216 415
6738 6556
14 6
1117 771
5004 206
594 310
1701 1620
7482 5994
4955 688
5475 2789
8674 5704
4563 915
2837 565
4966 3007
9178 6435
1080 464
2622 438
9501 3025
237 148
8574 3547
1114 318
3227 138
3297 2175
6994 1806
3660 10
9845 3201
8205 7190
2852 2263
1816 1282
635 424
2620 1633
4761 2596
1129 377
2688 2469
8831 2445
3291 2203
6780 6499
6751 5649
8320 5023
1397 755
2144 1678
1242 815
558 368
8835 3432
4992 1480
3277 277
6363 4353
7160 1110
873 27
7372 3397
9755 9692
1150 441
3996 928
7149 4831
9324 6400
4925 2073
3011 1258
7992 1208
1669 313
9938 2358
153 124
4210 1428
2545 866
1854 784
9931 4582
691 298
1269 1250
3134 2670
6581 2528
9581 414
1014 514
8349 104
6165 627
5980 4569
7536 2808
5108 5010
3026 3005
956 546
6026 4145
2737 322
851 502
1724 157
8066 5603
3701 2502
6154 4124
8042 399
652 101
8300 6878
6204 207
7653 1772
4600 1990
2089 1514
782 366
3374 2683
5748 2446
9308 1741
