489
9565 9644
3279 6224
4279 5478
5181 8321
3672 8522
7256 9288
2592 2594
8421 8685
5964 9216
1611 8932
3302 8465
8951 9809
2258 6785
1429 7583
4590 6210
8447 9660
8739 8840
8114 9317
6372 9453
8190 8649
7513 8524
4363 7508
5112 9351
3360 4278
3564 3851
778 3473
1461 5814
2474 4042
4927 9032
7511 7836
8636 9248
4167 5955
354 5723
4302 5879
196 923
5444 6371
5537 5577
6238 8191
6925 9566
5360 6295
7899 9404
141 1335
6759 7166
579 9684
3159 4998
6388 9514
4101 7970
8458 8659
3857 8342
3408 6825
363 4811
9654 9817
9197 9927
421 6234
4571 7668
1228 4402
1559 4199
229 4917
1696 2962
6012 9966
7322 9971
5325 8337
9953 9972
9749 9959
3792 4179
3848 7124
9832 9976
552 5615
7206 8417
3630 4703
3312 6379
6632 7535
4339 8928
85 6005
3670 7158
8073 9113
3985 4494
1012 1768
9331 9601
1883 2798
3378 6963
8661 9249
9537 9987
4580 8575
5437 9128
7850 9018
4994 5808
6831 9290
2557 4095
3223 9843
7627 9754
5995 8645
4263 9127
863 1748
6391 7792
7000 7395
8990 9046
7598 9612
7354 8247
8602 9715
3386 7644
3446 9739
6227 8966
3595 4705
2251 9977
6470 7892
1847 3931
2635 2705
777 7262
3474 8376
9633 9763
3739 5044
609 1691
5155 7079
8094 8605
1317 7063
2376 3219
7981 9509
6138 7412
1293 4835
166 9675
7146 9005
7900 9258
755 3084
3910 4912
5327 5951
2370 2650
7901 8363
1140 1578
4823 7356
7271 9888
8818 9130
4752 6099
26 1878
4098 6170
2559 3623
2496 6497
875 9499
5281 5876
9694 9839
13 8356
3674 5502
7425 8148
4362 6465
4450 9478
5922 8529
9584 9930
9638 9974
8392 8705
4307 9094
1894 4033
9945 9991
4237 8809
5095 7214
9819 9998
6486 6730
1382 6841
4470 4931
1091 3706
6520 7055
6042 7567
1452 5378
3967 6538
6103 7569
228 4011
6324 8846
4952 8457
4760 6645
385 9326
7178 9189
6448 8414
7690 7926
7817 7823
4458 7439
1988 9915
7229 9477
4610 6017
4598 7545
3627 4351
5656 9484
1939 3673
9402 9765
8234 9719
6514 8478
6760 9465
6962 7603
3957 6289
6577 7674
5958 6691
4187 7830
4932 9474
7623 9710
2130 9009
5632 6477
4516 6557
8686 9546
9620 9855
3496 8896
2916 3411
7407 8093
1718 7813
8493 9645
664 9841
8530 9320
7411 8338
824 3035
5938 6046
3531 3586
7793 9918
5986 6257
3956 9725
2485 3796
1187 4492
1431 6298
7072 7479
5962 6086
2834 5180
6624 9191
2447 3675
3259 8227
4050 8532
4755 8821
5765 8681
6780 9807
6833 9482
2 4031
6636 6706
9787 9934
4510 5307
5646 8390
4222 5251
785 3807
530 6456
2551 7349
1910 6143
2545 7500
1680 2791
6161 9205
2199 2988
4614 5687
6779 9755
4951 7076
490 6441
2491 5878
5032 6808
3510 7424
3855 8784
4418 8718
9674 9870
6534 8136
1386 1495
4960 6671
6993 8186
345 6212
9421 9825
6162 8580
290 895
8982 9616
6616 7945
1287 2938
1133 1496
1130 1246
2731 4867
1116 2088
8250 8577
9267 9623
8516 9097
9672 9948
6778 9246
8828 9099
2287 2643
387 7921
5988 7872
3982 9670
3128 7729
7293 8095
5678 7426
1417 4412
1234 3328
3080 5223
97 9806
6747 8678
4636 9014
7638 8948
1978 5402
1345 1746
8741 9289
4099 7249
6967 7665
1331 9831
7807 8155
5355 9378
1701 9070
9920 9958
5894 6660
5566 6604
9556 9937
5749 5914
7618 8346
3859 6076
697 746
9661 9983
4459 8797
544 8771
173 3130
6128 9114
7096 7268
7864 9897
6549 7574
2029 6195
6232 6484
2039 4342
929 2350
6855 7563
3111 6336
4394 8430
5520 7549
1014 5698
6958 9369
2727 8727
576 3936
9225 9500
5826 8903
6132 6668
6474 6556
8794 9308
8413 8832
9764 9885
4125 4775
2168 9582
7995 9124
4292 5864
20 107
83 6884
1671 5909
3898 8384
7967 8238
7677 8993
8578 9045
1850 8242
2674 5763
8944 9826
922 2904
6331 7042
8448 9255
3477 4082
144 7021
3847 9939
784 9593
5600 6647
3247 5807
9206 9218
9952 9967
3422 8691
7149 9663
7572 8663
9175 9195
7548 9523
419 3268
6719 9082
2103 6896
6907 9583
2610 3750
750 9613
6279 8149
3478 8437
7822 9445
3347 3447
6836 7052
3619 9275
3342 7368
8255 8808
6988 8030
8775 9625
744 2891
6308 7367
4508 9181
3242 7540
9545 9857
3783 8010
6941 9364
1362 6554
8817 9279
9950 9968
1633 4411
3314 7019
6280 9243
3476 8662
5918 9003
5393 6518
944 2393
7547 8581
4815 9435
1325 6165
4980 8904
3184 5102
4472 7252
2104 2963
6084 9517
4944 5396
7415 9433
4934 7876
4372 9440
1346 8978
7814 8947
9303 9619
4270 4924
98 8249
9801 9814
7430 8609
6644 9135
6957 8985
1199 5936
2351 8899
1919 8274
8999 9107
7164 9434
5409 6903
5927 7925
143 4382
9696 9803
2252 9004
2093 3394
6613 7917
9611 9695
2701 9299
5702 9307
431 4666
7630 8695
756 5506
8269 9163
4675 7815
7758 9469
2354 4328
3131 7377
487 8924
8859 9187
3150 3696
553 4871
7782 7878
8279 9907
3745 4391
1902 9166
5140 7380
2105 3303
7799 7909
1456 3975
1214 5329
4126 5201
6578 9553
575 1463
9231 9717
6772 9833
9871 9901
2419 4430
7499 9816
3520 5775
9257 9448
3437 9924
182 9281
5881 8003
7691 8680
8178 8395
5363 8453
1874 7163
4671 5386
5454 9690
7980 9078
3332 3977
9835 9877
4856 6248
8484 9665
5177 9173
4937 4953
5152 8890
4645 4768
659 5788
6595 6817
7861 9040
5668 9210
716 6584
9224 9647
521 9483
6504 6585
6036 8514
2085 6795
2159 9172
3280 4978
298 9371
203
7588 6956
1955 607
3050 2654
1668 1584
3625 563
4804 1960
2438 1305
7421 796
3591 288
3776 40
5635 271
2263 99
459 303
632 622
1498 224
3390 1897
956 773
7111 5388
4662 4413
6975 1804
3157 836
2587 510
5740 5365
9158 3720
1841 986
2049 1235
3122 2290
262 176
6968 4113
7047 2914
768 10
1573 811
7826 6251
3092 1327
4390 2137
1414 221
3396 3152
4482 249
2514 383
6856 3497
7253 7090
2372 1085
2825 1829
2413 1095
8791 1025
7953 2463
9711 219
8667 2346
8209 892
2513 958
6906 3335
1125 53
741 733
5524 4718
1552 1353
5136 3267
6022 1105
9341 9164
9812 423
9165 8340
9649 2595
729 125
1551 329
4441 2504
2295 2009
4347 2868
6380 6064
250 92
5798 3588
3250 989
8693 5258
5046 3448
7313 6987
5805 5039
3831 175
5889 1086
894 542
8696 5856
4727 692
7522 3330
901 731
914 146
7067 4253
676 572
6091 3925
5661 4699
4622 1048
3087 1312
5971 891
7624 3115
6373 876
4600 2846
1373 514
306 300
4882 2534
7085 118
4837 1836
5733 3188
1181 950
5189 947
3179 2862
1450 94
7863 5390
1442 235
5486 2052
8757 7477
3367 2951
2739 1942
5241 2477
5047 479
7228 568
3245 2154
9854 6972
6442 4556
5441 3825
5359 3806
8166 7719
8118 204
2802 730
5097 1280
1383 474
3291 911
4260 3821
1489 823
2388 2276
1612 485
6092 2194
6640 55
7474 2274
3365 760
4315 1663
6816 6386
9052 1222
4997 1520
7932 4828
4553 447
5008 1490
8420 2773
394 60
3995 2958
8812 1082
7841 4284
8169 3304
7326 69
829 36
3624 497
1278 180
4793 2028
1887 1306
8627 2494
8037 4730
2244 1233
8820 3121
7696 3018
7543 16
4453 3577
1009 169
8781 7373
6498 1815
1226 64
4153 546
4918 762
1502 732
9188 6814
2917 655
5288 3858
2709 827
422 315
4877 2744
4668 711
8650 3372
2506 520
6237 5813
9507 2732
7978 3866
1704 994
3052 2532
284 223
1425 536
5688 3393
1750 1004
2985 1774
9758 1292
4968 101
2725 1728
4227 2994
3232 1018
6499 4909
5972 4233
7493 7235
7115 1521
1466 636
3662 1221
436 189
5981 2201
7753 5717
3204 348
2296 201
5907 4389
194 49
138 82
4195 1929
3207 2089
