653
956 8364
4048 6581
5515 8400
3248 9712
8529 8831
4115 5822
1932 1998
4808 5052
2376 7765
7274 9131
8585 9955
7070 8168
4934 9026
6299 7255
3717 6516
8934 9495
8181 9530
9002 9906
7162 8139
5970 9178
355 6884
5721 8355
128 8890
1863 2023
6454 6611
4661 5562
5420 9078
6649 9288
801 7471
910 2175
6250 8398
7903 8641
8544 9627
8134 9543
346 4006
2822 3397
3457 8571
9085 9661
3650 7645
7560 8554
4206 6655
1908 4849
2999 9463
9050 9449
608 6200
5265 9857
7318 7356
2429 9154
4909 8137
7452 9974
8234 8931
8037 8972
3242 5159
9158 9812
4717 5002
9638 9644
7836 9888
9313 9938
6261 7728
5447 6464
6973 7388
9006 9042
5870 9088
8174 9926
8593 8922
1641 6064
4333 8413
7640 9921
6182 8530
3618 5248
614 1976
224 673
3424 8692
8543 9791
5272 8866
6478 8825
5152 5499
9611 9686
4089 5434
3522 8016
896 2701
2510 4771
3316 7020
1960 4894
9219 9489
5443 6689
7047 8331
4878 5812
9507 9616
3075 9022
5935 8647
6700 6827
7780 8958
3394 5454
1137 6586
8245 8680
1940 9973
4030 7660
6668 9106
7615 9256
3374 6087
8690 9370
2198 9061
2700 6497
8557 9963
3419 9924
3966 9014
2560 3402
1286 6134
6950 7946
5833 5972
3631 7848
4195 4339
9975 9981
7221 8941
4519 5843
3030 3191
6874 7006
6262 9874
5633 7707
937 6076
4209 6969
2259 2533
8578 8819
9180 9281
3276 4848
3160 8336
7871 9972
4908 8783
7680 9965
9365 9430
2128 9018
44 1469
2746 9400
4552 8187
8872 9949
874 9166
2299 3257
9352 9948
5139 6504
5284 9873
9108 9301
3466 7992
5759 7927
3942 6851
4147 5699
9160 9719
2676 5303
6468 7587
827 1879
7962 9741
1896 2609
2237 6179
3666 7752
7071 9844
7823 8929
4769 5692
6779 9703
5094 9434
4972 9852
4453 7248
5322 6743
9854 9867
6476 7099
3307 6675
687 1261
1453 7451
1449 9942
5977 7659
7966 9380
481 7776
267 9291
4137 5293
3693 9334
1324 1681
3378 9977
9202 9613
4718 5871
3492 3903
5824 8834
5090 7097
3965 5969
1604 4915
1070 7411
2466 4576
2973 8975
714 9600
6085 7581
4946 6429
4278 7847
4423 6785
6380 7717
6991 8943
7275 7664
97 3306
544 1455
924 8035
7652 8768
5371 6405
4259 7603
7171 7887
6742 7433
4575 6823
5756 6382
6529 9328
9124 9695
8942 9034
5760 8764
6532 7168
9654 9876
5400 9447
6140 7104
9439 9478
7693 9575
2313 4269
2996 7917
6536 6782
9113 9746
3119 4126
6354 7436
979 8296
691 3897
5947 7363
9689 9764
2031 2471
4560 7646
5817 6304
4038 6092
6821 9404
5945 9442
5376 7207
4914 7306
1563 3422
882 4373
7881 9560
7338 7730
569 4800
5659 9126
9268 9465
4945 8249
3420 9675
6176 6361
1882 9287
5329 6248
633 6078
4053 9990
8539 8686
6906 7872
8202 8362
9656 9801
3104 7897
5136 6885
5491 8840
2195 2802
6241 6349
4244 9212
2496 2823
9354 9824
8637 9762
9615 9730
9878 9891
8350 8657
6595 8520
7459 8632
2476 7050
5675 9230
8909 9470
2112 6920
5737 6935
7445 9544
8533 9533
3886 4252
1856 4571
9806 9889
9464 9527
2593 9300
8892 9019
1889 8195
438 4948
599 1885
6415 8030
7482 7902
2662 3213
5646 7925
4738 7340
4510 9883
3915 6597
5642 6408
4075 9402
8300 9715
3652 7514
3912 5060
4867 7201
1329 9305
62 7526
3851 5665
4189 7285
7233 9226
6318 9788
8788 9571
9048 9742
1569 1694
3814 7502
2317 4866
6020 9363
4191 7951
2863 8769
565 7827
3003 3508
1022 7290
4492 8821
6195 7028
3072 7266
242 6184
9120 9820
4828 6886
6828 7043
7873 8261
6139 9646
2019 9424
189 1701
7673 8534
3611 4258
8193 8966
5109 6226
786 2239
2860 6592
3954 8507
4959 7297
1367 6830
6177 8618
347 8598
1828 6903
3926 5067
1372 8861
1212 8684
5012 7253
901 6681
7676 9360
2843 8019
4162 6491
4208 7140
402 7607
4059 5144
3910 4591
2169 9524
7405 8836
5506 7605
42 3916
3396 6997
674 1854
8855 9165
6337 7172
5630 9532
5156 6835
2413 6027
5983 9608
2962 7031
6998 8123
6538 7244
3209 8391
9379 9772
506 3404
7719 7883
6373 8935
5219 8877
6527 9162
3702 4248
4779 5285
6634 7751
3031 6892
4550 9423
4002 9589
9554 9804
6219 9196
4843 6167
6048 9845
8199 9936
2009 2490
9858 9922
2886 5427
6642 9585
6432 8676
7639 9769
736 2577
9505 9754
7081 9459
950 2879
1388 5437
8895 9324
3639 7924
2408 2578
6881 8760
6467 9710
8649 8965
1530 9559
8337 8701
1015 3444
8781 9996
4097 8876
578 9693
9068 9401
876 7947
1852 5356
7330 8354
7238 9699
4609 8087
4291 5796
6128 9130
2142 5934
1588 6426
117 7159
6015 7653
9541 9779
8343 8955
2766 3986
1843 5730
3288 5098
3314 3676
4865 6861
5473 9390
2204 9338
9597 9887
7406 8056
568 5292
4650 9357
5611 9951
3640 5769
9666 9885
7895 8773
9780 9810
9155 9318
6275 9628
7950 8310
1721 6215
2284 6315
8616 9803
1616 6447
4922 9278
3951 4766
929 9307
7312 8896
3093 8528
9964 9982
1408 4375
5591 8468
9333 9980
3612 4585
6784 6897
4 1871
3385 8794
1668 5323
6350 8673
2815 4811
1936 8561
5639 8279
4321 8206
9911 9995
5604 9296
1419 2694
8526 9251
5609 7084
6740 6891
7826 9086
5899 7260
4100 7824
6210 7284
4483 9033
807 9409
945 5707
7665 8956
361 4425
9147 9358
8361 9623
1119 2425
2083 2703
3132 6741
9398 9912
8393 9607
5514 7421
3880 7545
4711 5671
8771 8899
8192 8759
7247 7783
7183 9624
9279 9714
5466 5828
4768 5257
797 5555
533 9636
5912 7310
3768 4727
760 9027
1964 9897
7210 8010
6452 9456
7864 8923
7001 9998
4017 6792
1515 5803
6690 8101
1510 6113
5236 9427
8455 8717
2859 2948
1930 6374
1412 7675
9472 9503
4847 8075
1911 1948
4163 8761
6664 9121
3859 9266
9991 9993
1296 5160
779 8550
7011 7543
1222 2171
530 5651
6342 7378
5243 6229
2921 8655
9109 9280
2348 9882
460 4225
2783 6130
1711 6505
2309 8197
7604 8131
1583 5429
6026 8041
2038 7704
7996 9513
2744 4965
2432 8559
2088 3088
5831 7738
1981 4624
7884 9192
6738 9359
2518 3025
3989 7937
1612 5351
8921 9433
5806 9471
6107 7174
138 4824
3244 5907
1254 8200
3170 4424
2592 5495
819 7602
637 919
5859 8915
3494 6285
5792 8976
1146 3304
6352 8124
8570 8882
9221 9953
6739 9273
5402 5628
7241 8715
4524 5863
3955 5072
5307 8218
5731 8018
9944 9986
6220 8397
1371 9153
4261 7975
8237 8382
9413 9957
5527 8885
8823 9884
7521 7882
8865 9484
2720 3893
2550 2963
6356 6636
9909 9989
332 1162
6490 7800
1773 8084
1198 3086
8804 9245
7911 8407
9833 9841
9671 9988
7700 7904
6119 7296
7857 8506
4504 4678
4741 8265
1533 2368
3724 6712
9572 9952
4057 7420
5999 9662
343 469
6656 9406
8348 9060
5308 8469
3226 6029
9208 9657
7541 9731
915 6769
2241 6213
5056 8257
2199 4675
1471 9821
4593 8523
7580 9847
6967 8675
2616 9743
5901 6778
9114 9680
5819 6877
2288 8881
843 6537
2074 9372
8522 8638
497 5513
9079 9910
7 6276
2484 8810
2140 9984
2967 5207
4957 9348
3134 3628
6956 8483
8297 9557
4664 6175
8758 8898
2995 8911
2184 2612
5175 7046
2388 9057
4872 4986
5781 8610
173 8157
3829 8605
7749 7837
3567 5626
6146 8910
7666 8579
2347 8874
2677 8789
2743 8003
9645 9647
3580 3596
1105 3898
997
5165 4331
1310 933
1644 352
6323 2722
8165 1158
989 542
8664 8394
4745 2957
4188 496
3451 2788
9468 4034
9894 1327
7906 6345
1910 1708
2516 37
8069 1316
4764 2569
1380 1154
3384 3198
1907 1584
5075 3751
3888 545
5548 2579
8281 4198
8706 3711
9 8
1052 230
4396 412
1578 761
541 195
8122 6206
8171 7655
9199 1383
7491 6038
4619 913
1704 1293
2311 1913
1808 241
3900 114
7429 1406
9748 856
4536 2468
1088 205
6428 4005
2600 914
7945 6303
98 35
7257 6970
6193 859
6651 1713
6169 524
2155 829
5280 4693
6425 1627
1129 60
6672 4378
867 389
3979 3978
4399 953
2832 2071
3617 2380
3850 1215
6371 870
7697 6958
8432 802
1732 203
723 650
8334 5892
5636 3663
6192 3050
4352 651
8674 5791
4226 2857
7041 5186
6488 2575
8099 5423
2439 2018
3395 886
8875 2920
4753 3009
2821 990
1702 589
4267 3892
6098 2874
7096 3452
383 271
2952 2467
364 199
386 49
7601 46
8117 1658
1898 215
5898 3357
2665 1312
8661 597
2726 2693
842 183
999 304
4834 4697
1120 1090
2301 2100
5785 4805
1302 810
7519 6157
6489 2437
2974 1400
5856 1080
14 6
3041 708
2279 976
3844 775
4687 390
4577 1358
8765 8114
2632 2059
4417 284
5343 2669
8932 125
4923 1782
7462 4292
8330 2754
1626 1363
5615 2520
5787 3901
5697 5362
6186 2928
5647 2436
3946 3788
7395 3638
4219 3924
539 200
3347 1997
1544 1152
8423 7527
5498 3514
2394 458
5556 3977
9234 8320
4384 344
2980 136
4472 536
5225 1034
9129 455
7634 830
3525 2959
5064 3556
3765 623
7163 6357
7223 4762
1464 34
5874 2183
5982 527
4886 2660
6744 4418
8560 3091
1779 440
4950 4392
1153 552
1107 234
4474 1190
1411 751
6383 5602
8291 583
5944 51
4353 2724
43 24
107 61
4337 254
105 15
2314 737
8502 3594
9864 2502
8926 5145
6838 292
9457 6246
3060 2568
4736 814
5373 4173
1784 1160
7346 4174
8659 4348
9387 1123
8784 8705
99 91
606 95
4183 2958
4982 1101
8068 1084
6474 3291
4580 1768
7294 2138
2733 360
681 318
3836 2503
4503 1851
8164 4223
3026 1480
4467 1167
5107 987
3381 851
6344 4856
1259 508
8081 5575
2465 1770
90 77
9017 3287
659 521
5990 3982
4388 1086
1639 411
2908 468
9036 299
1944 1609
510 158
8286 6929
1345 1134
2735 2633
9917 1241
2941 1942
762 511
6729 2808
5764 4446
6227 6100
557 135
3108 2305
3507 1437
4942 1679
5432 4921
2918 1348
2373 625
1151 643
1973 333
3109 315
237 161
3623 72
4406 2492
2081 466
4121 2585
8061 5955
8466 5240
7242 3600
6470 2013
1065 543
1256 1243
1857 721
6598 1188
247 208
8207 3260
3077 869
8167 2960
9508 7259
6621 4276
3168 1061
4372 1421
5758 3576
582 193
5166 2936
2223 1750
3146 2473
1251 103
2381 754
4101 2876
59 56
212 108
9322 2378
4012 3870
74 3
629 301
1727 1307
7876 5668
707 300
7278 528
6599 893
4500 782
8835 3797
2631 243
9898 2919
7002 1267
6297 50
8573 4228
9332 8839
5472 1523
6843 1231
8427 5979
1776 1096
8691 404
121 106
1277 1237
9386 1458
5403 563
3344 2774
5500 2914
3665 887
1246 610
6687 4479
1054 373
1678 116
4514 3540
5281 3622
3182 482
2012 1650
307 19
1858 852
7365 5778
622 382
9807 8229
3548 1529
1173 586
150 126
8093 5478
7678 169
743 104
6871 4377
8352 484
858 118
2903 419
7968 5771
3578 3265
7737 3135
2589 1625
8405 3582
375 84
5740 509
7764 2346
287 168
9795 5691
9498 6860
5895 1359
5214 5135
8020 1218
9396 4317
9045 5031
3595 1945
7976 3178
2330 1923
4735 832
9904 3386
1513 595
5148 2500
7224 1540
9902 1992
9054 5923
9326 8588
6658 1413
9112 9111
8700 4902
167 71
1074 774
7216 2123
5366 4729
2238 766
7475 5706
1444 757
9189 219
9725 387
1633 884
8211 831
6152 1834
5679 2383
6090 5877
3176 547
9726 3174
143 75
3214 550
9074 2826
6928 3839
3501 577
5826 4369
2156 1352
1011 935
4489 663
4070 3546
1516 1482
310 68
5482 3181
4363 1195
22 18
134 86
7565 7533
8083 4797
2007 982
6035 3103
9775 1814
4601 2052
250 23
305 163
1803 630
9441 8517
9790 7381
427 111
8138 8051
7152 4069
210 79
4013 2820
8615 2441
7387 6086
6786 1468
6234 1226
4845 1695
7829 4239
3295 2124
5010 3695
2904 2642
1442 1349
7542 2435
391 306
9419 6922
6863 1526
2270 1258
5069 4079
2102 1832
5676 628
8978 81
5529 2424
5600 261
2231 961
8830 2098
6194 2150
2190 1564
9271 7939
1066 823
8973 7916
2538 1186
7858 1710
875 684
2929 973
9555 6483
4104 3735
7246 4778
3826 3056
8012 3044
7245 4000
378 29
3446 1947
1265 682
4987 162
4677 3345
2207 758
3232 1180
1127 415
283 273
6934 2421
9182 1902
1676 841
2158 1809
4525 483
1457 1375
6940 4470
1075 413
2431 151
4426 1182
7130 3841
7380 5511
2606 2508
2041 576
3584 2258
2482 719
771 649
9534 8143
8369 6868
4315 1136
4734 788
5129 2841
6214 4285
8145 5742
1881 549
2812 1980
5674 437
3740 1001
7488 7322
480 276
354 314
177 119
2629 2371
1432 33
3992 1179
9137 2939
1693 1064
1840 1497
5404 5312
1314 323
1306 245
7586 2077
2263 864
939 297
7970 724
2670 256
8897 1274
5227 1465
5474 65
9523 1292
3142 2149
833 48
8969 5445
2205 377
725 47
6363 4760
5029 3867
277 180
5040 1527
8363 2322
3299 2186
9452 4157
2559 1880
6566 996
1373 76
7589 3163
970 800
564 142
5222 5127
8505 6653
7478 3835
487 222
443 73
3753 977
7178 6635
9718 4164
902 517
8893 6180
7467 2448
5193 1787
3577 1662
6719 2636
5297 5039
2377 2185
1008 500
7204 1969
8446 1250
7143 2034
6676 6039
8596 3215
5593 5211
8357 4644
8745 8121
2638 1448
5793 3821
406 385
9083 6919
9967 8582
693 490
1504 670
1823 1040
1094 1071
7110 5496
5000 662
9195 1522
248 216
2639 680
7627 182
5379 4815
9052 1100
1554 983
1629 556
9315 4775
5861 5459
1085 756
9367 4615
6541 3570
5618 2982
1484 1233
6531 4638
1636 1165
1607 57
1487 602
7379 3085
3123 705
2091 695
9580 1893
8436 448
2105 265
1189 187
2210 198
3562 894
6952 895
6420 3876
3429 3140
6549 3830
8853 1131
1831 1264
3238 16
3699 1685
9091 7250
4827 3062
5247 3011
8473 5215
5795 5335
6498 6102
9549 6862
4665 4582
5251 3112
8146 1842
8205 7317
262 190
9028 7350
3090 350
6300 3279
3262 2671
5230 2972
6618 4168
4347 3856
4051 1443
1705 918
7035 5640
7122 6632
4142 981
6736 3998
7651 1543
2567 164
7293 787
5802 5489
5361 2193
4910 1116
1058 906
2598 798
9351 5113
9828 8047
2619 573
2755 110
3736 417
4817 1594
6295 5316
4193 1059
8826 3672
3923 1805
7121 2354
8639 7805
5522 2096
1357 1142
8459 2406
7108 2367
7851 4007
4578 2644
6761 5622
3105 100
3883 1313
6622 5077
7727 3300
9335 6077
7355 2292
6715 2901
4521 4344
8494 3101
3362 872
9881 8725
9024 1712
2303 1780
7913 6937
9411 1868
9454 3081
8490 3716
626 278
6196 5818
1585 279
6840 3152
1793 984
296 94
3159 123
3343 844
5974 4573
580 264
3927 700
6506 2221
8317 7331
5306 4176
9721 3700
3803 2882
8307 4706
6605 4599
5933 4822
4960 1801
1298 634
87 25
3450 2401
985 146
1698 1440
7971 3289
6109 793
461 39
1117 593
1759 1255
6422 3245
7957 3585
1697 1031
7328 2617
9211 1423
9976 9029
7079 948
357 244
9617 3818
7454 6755
3033 1309
9169 223
6915 2020
1169 1030
3572 865
2541 2246
6707 3474
3049 2611
7101 6721
6918 4288
6181 513
7496 5808
4639 2687
7618 2447
840 127
7060 6101
4579 3630
8472 964
1147 796
2089 1235
4701 2506
5782 2653
9397 5714
5279 1288
2984 2562
8255 5695
1888 1245
4794 3911
3172 966
9493 3117
1674 1323
3660 204
5887 3220
4400 2099
4316 3102
7674 6306
8367 8092
5016 3399
2282 1300
5239 3697
3973 225
8511 6412
7754 1252
7236 5407
9000 1614
607 421
5169 4497
7815 5121
8481 102
596 149
7185 3095
1399 235
7358 6663
6602 1839
5036 3432
8088 5658
5845 1797
4035 2779
8937 348
5638 806
3121 2998
5112 3884
1975 1470
9329 1962
1959 1353
1326 698
6301 5597
4702 3512
1716 1097
3034 2558
9622 4535
2028 1566
2029 818
4064 441
5471 4911
1271 1032
9816 7690
1217 396
4247 1682
1736 1227
2699 2548
6976 2615
9163 4379
6588 172
4091 340
1918 1915
3827 3739
1433 1332
9391 6484
6709 2151
3784 1176
7090 1987
7342 3615
1643 160
6409 3375
4870 3819
9012 2456
5890 3018
414 309
3504 3476
2992 2194
1691 1690
5399 4791
6533 4481
9184 175
1836 70
6728 4235
905 12
4362 609
4140 1541
3971 1846
9487 8743
5216 1545
7351 1862
954 298
7161 522
848 654
5205 3939
4597 3587
3593 3441
9428 1492
1556 112
5700 286
3199 726
6000 2951
845 778
2232 2048
2664 661
8521 3649
3048 1860
7999 7571
9553 525
8951 3139
1361 618
8667 2536
3463 1864
2294 2187
3487 2044
316 28
7816 747
403 326
2594 2134
3079 944
8775 3252
9701 5249
5171 4405
4204 302
8386 5886
4324 1053
5533 5342
5617 732
3757 1689
2795 2054
444 176
3400 949
9382 6185
6954 3921
6477 1733
5649 2176
7105 1642
1628 1050
8046 6103
1922 1524
9294 8792
9340 4296
8217 1483
4029 1428
1903 1887
2076 2069
3004 1735
2016 1350
7128 3691
4509 1026
424 257
9905 8687
9677 2797
9469 6522
4932 2566
2994 1121
430 369
804 32
4139 2798
5038 3327
5365 3687
2682 805
7886 4312
5767 446
4705 2773
3709 3415
9727 1203
5558 3583
1435 570
8709 7289
3162 2485
688 69
8989 3591
3239 3076
7021 2027
5582 2975
6793 4623
5336 2271
3840 1875
1514 1033
6596 4488
4781 1476
9785 2552
9771 2323
359 101
6105 3461
3100 192
8371 3997
1804 1276
5539 2356
560 266
8267 1355
5663 5320
6683 1956
6626 394
1214 113
1347 598
1315 951
6436 967
7986 6770
4217 2382
8070 1955
5173 3133
8392 7518
6508 4952
3667 2412
6662 4695
5747 1078
9135 4643
1456 1369
6513 4823
2828 2459
3173 1417
9834 1000
9069 453
5885 5862
769 252
6163 4621
3059 2514
2267 1555
2916 1886
9134 7830
3654 862
9146 4131
3664 1794
7796 6065
2509 748
1761 994
8089 3266
4654 2757
9480 488
2690 1665
5687 697
5486 2033
5475 4632
4062 572
2117 201
5118 1401
3418 3249
6423 3376
6173 3758
9270 4360
9458 4439
1206 741
2581 2352
5326 2066
8430 5641
9722 5780
672 601
9510 1812
9956 8749
1546 1234
6457 6328
8829 6260
6202 1225
4956 3773
291 239
9269 5338
7120 5100
4733 2771
6913 5667
381 115
3860 2125
4447 2717
1219 604
5318 501
7787 2181
718 58
2275 1865
9461 6268
5142 3605
6518 1172
7138 2264
5033 4242
8597 7973
4437 3747
3533 3064
8623 6764
8421 2442
6228 5201
8000 5435
5339 4065
1783 285
6060 4456
