927
8872 9934
7471 7854
2886 8840
9795 9917
2237 5699
8736 9486
2845 6106
5846 8241
6108 6220
6296 8664
6151 9776
6945 8381
6482 7325
7517 8750
6185 7600
4058 7230
5546 9770
2070 7561
697 6709
99 2580
6287 8133
6611 7089
2301 9720
5759 7695
9369 9977
6681 7014
6493 7087
5077 9075
9601 9754
2513 4167
1331 1632
8197 9088
4985 8557
2554 8462
6648 9869
2536 7877
7275 9657
5617 7931
6697 9217
9070 9140
1072 6132
3748 7178
8998 9533
1720 3236
6959 8898
3937 4134
4449 4942
7751 8490
1619 8131
6567 8908
2477 9234
3580 5328
603 3464
8112 9619
5733 9086
763 9412
5450 8852
8988 9872
6513 7044
8955 9006
2711 5525
1124 5452
796 5109
2876 7969
2858 8511
3798 5710
8729 9953
8951 9906
810 1756
4834 8922
2558 3767
1503 5735
8525 8624
4423 7261
5825 7562
3941 7344
2843 7094
4343 8521
159 4005
5562 6559
7893 7976
2919 7143
8783 9429
9538 9585
3864 8240
4231 9843
2307 2677
6836 9145
5292 8357
391 2990
7648 9128
8945 9517
9521 9914
3924 9473
9668 9877
6649 6807
221 6406
645 8373
5726 9258
3687 7130
7749 7983
4160 9851
2932 8222
623 8903
2259 4654
2805 6416
4874 9600
4415 8526
8457 9807
7208 9297
4461 9350
7727 7952
3756 3987
9106 9413
9240 9793
224 6895
2387 5305
5663 7452
3203 5723
1051 3355
986 6222
7190 9035
3067 4403
6609 8425
3509 4537
438 8225
7117 7215
4152 7015
7526 8747
2903 9099
3678 4488
8546 9050
8169 9410
1239 6454
6603 7821
2840 5299
9418 9811
9474 9750
6962 8528
2359 9431
2684 7793
6398 7928
2959 4253
3650 5535
7509 9385
904 3550
882 1951
3014 9828
4353 8520
3095 8230
5364 8912
1511 6343
1839 4604
6173 7059
3444 4599
9662 9990
1688 9095
1713 9282
1310 2446
4314 4953
8728 9349
6490 9248
1155 7310
3599 6940
8158 8893
5082 6866
9177 9966
6551 7033
2071 8551
6918 7746
177 4893
9992 9995
1368 2240
6246 7864
7920 9708
5521 8768
6128 7080
4729 6364
3899 6165
1415 7234
6943 8806
1519 5695
3974 5947
5236 5743
9370 9737
2180 9503
3862 9270
888 9121
9278 9615
243 1870
6197 8199
8629 9311
5940 8125
374 5443
2918 3453
5823 7527
752 3564
6745 7027
1171 2670
9579 9796
2968 8316
9972 9994
3327 7239
4818 6715
3996 5567
3809 4770
2705 6532
1989 4803
8514 9825
4601 8367
1789 8231
1899 9496
7327 9840
8322 8562
2189 6800
5660 8118
7011 8662
7026 7273
6174 7090
4528 5186
2038 9341
9530 9557
3158 4676
2802 3723
5720 7028
2692 9702
9696 9824
36 421
7061 9700
6409 7238
3246 3534
4184 9048
1028 4367
7175 8631
2561 5448
6869 7786
233 5517
9993 9997
8534 9704
5692 9010
1037 1708
2744 8157
1846 6595
8289 9910
4458 8442
9285 9718
6362 7005
4653 6644
7712 8906
8221 9449
805 2221
3778 6376
7497 8803
3771 8784
4344 9652
5237 7825
524 2960
7109 7764
3982 6361
8958 9384
8141 8929
447 1450
7041 7818
72 8352
9539 9610
9985 9987
9259 9562
7910 8776
7217 8832
2952 3814
2000 6914
8489 9923
735 4793
280 719
8283 8537
6234 8092
3683 5116
6250 6561
8809 9422
7878 8104
4495 5852
4258 9802
4846 7522
4336 9627
5746 6892
7483 7832
2701 2909
1678 2674
3023 8448
6587 8247
4574 6432
917 7225
6367 9367
167 325
6788 9933
8251 8786
4337 6952
6272 9440
483 8239
384 8637
6120 8265
5104 9018
4595 9276
649 2695
4390 5407
9588 9808
6379 8022
4066 8835
8102 8539
4785 6686
3943 6180
8986 9547
6731 9372
7498 8099
28 425
8967 9525
2463 8773
393 1587
2977 4791
5064 7852
8684 8749
2989 3506
7490 9464
8983 9305
9522 9651
4205 6303
8184 9955
7733 9961
5050 7420
503 8583
2816 8305
8761 9273
7925 9182
5117 8248
4221 7897
2508 4662
7402 9320
295 5134
3288 6384
5652 6231
2389 4513
5860 8965
6510 9810
1290 9636
6591 7726
4049 6803
1749 5916
2866 6257
4903 6199
8335 9529
8031 8510
7189 9184
1934 9930
8802 9113
7603 8822
9471 9680
8701 8930
8327 9515
6770 7855
4850 9571
4581 7850
7485 8378
5298 9572
8536 9227
5006 9437
9848 9925
7162 8589
8689 9049
4661 7805
3626 3724
6967 9534
3606 5029
8997 9544
7096 7248
631 9573
396 5440
7188 8956
3094 3345
7591 8911
5849 9102
3036 3637
7671 9207
2033 5732
2136 3310
6134 9912
1108 3959
1020 5384
6370 6509
7212 7676
4041 8454
3936 8100
8671 8815
3022 4050
1933 9904
8819 9690
9747 9797
6903 9087
2369 9456
5395 8639
6286 7650
1594 2837
6484 7093
2492 7450
6159 6358
3357 3462
7070 8923
2234 5566
1780 3237
3889 6955
594 6274
3377 7781
2089 6602
3598 8071
2591 4487
7799 9179
8963 9645
361 1011
4524 7171
886 6111
3412 9895
951 5053
6710 7872
7245 8341
6517 7667
7678 8614
6133 7961
6158 8284
6629 7642
9028 9198
7379 7590
8527 9703
5119 7384
8204 8570
4349 4709
3576 7658
8318 8497
1676 9815
4178 7944
7412 9092
699 3922
124 4318
1046 4347
3387 5862
7024 8036
8276 9850
3404 3853
9768 9857
8088 9299
2633 7154
1213 3681
3302 7226
6363 9414
6140 6680
5834 6028
7514 9327
9019 9133
4473 5672
9787 9794
1906 6901
3831 8524
8658 9634
9132 9605
2629 8558
5740 5929
7670 8600
5052 6877
3449 5853
7369 8880
2497 9045
2349 5107
2280 5755
7901 9251
709 8674
4392 5955
8451 9172
6466 8473
6382 8074
3785 4594
222 6837
4399 5745
7106 7939
9479 9564
9165 9237
8503 9321
7748 9772
4813 7323
5369 5871
340 3256
8017 9628
2900 9984
5354 9388
5280 9707
2971 6787
5185 6693
8370 9144
7481 8008
4603 5380
5010 9964
9839 9962
2199 7709
4687 7152
1793 8055
9188 9996
8010 8515
7332 7607
7272 8269
7142 8382
743 6003
5770 9698
5325 6494
2771 6455
5501 7669
3272 7214
1811 5792
991 4177
6765 9108
5272 7531
4358 6198
7809 8053
40 3597
848 8763
8037 9130
4018 7409
8253 8636
7948 7991
6924 7798
9975 9998
7987 9898
4459 5094
4234 5347
4708 5269
385 4932
1615 4118
683 9096
7610 7656
6886 9379
227 4925
3689 7131
4797 7739
3898 9337
2880 3130
3229 5716
8437 8713
3933 4471
7377 9663
5277 6440
663 906
7588 7989
3424 9611
6339 7268
6820 7998
5673 7977
6932 8145
738 2864
4742 8619
2722 7285
9265 9736
4289 6573
7576 9859
7761 9168
5508 8720
1788 5087
2526 3484
2500 9209
8807 9008
1311 9362
2343 3532
543 595
6427 7967
2292 8594
9767 9860
3696 9746
8568 8574
4675 8403
3753 4541
5938 8312
3891 7102
1212 3888
7885 9574
411 9726
2441 5266
9558 9582
8694 8781
5484 8745
2297 9059
6879 7539
3294 5337
7763 8094
3166 4069
4873 7346
8984 8995
8295 8978
2553 8902
6101 8708
2702 8679
3325 7706
5070 9676
4837 9578
1119 3480
6802 8566
948 9187
1264 3083
9506 9599
5312 5708
2315 8286
1138 8007
7577 7595
2904 9965
3168 6872
6471 6495
5049 6956
7164 7816
6546 7167
426 7568
3917 9714
4908 5137
129 408
2394 5083
676 9943
2304 9713
3993 6870
8839 9724
4171 6905
2937 4865
7185 8608
9329 9542
1835 6162
759 5750
9352 9427
9298 9454
7386 8532
7475 8935
8932 8989
2495 7036
7018 8243
6919 6974
9027 9971
2300 3510
1955 2193
6558 8436
8853 8950
9420 9821
6408 9559
1959 3667
1896 3923
4991 7740
7338 7387
3815 7135
5607 9881
6888 7528
7755 8149
8688 8865
2836 3438
8245 9845
3939 5556
514 4251
2808 8941
9622 9756
8242 9481
9671 9837
4778 5376
1097 6676
3210 5453
825 8359
8810 9269
1252 9507
8985 9306
8220 8563
3400 4270
4530 6434
7086 9908
8308 9417
203 1365
1946 7846
7500 7734
6911 9155
7752 9012
3973 7728
6654 7499
9275 9813
2427 2893
9348 9602
5214 5779
8864 9319
9215 9294
3285 4691
4310 9328
9257 9374
7470 8739
1939 2842
4237 9386
1833 4352
8578 8980
737 1473
4241 9960
3376 6047
6399 7868
460 4591
3739 6768
4726 5841
9134 9800
9023 9443
9890 9999
4867 5201
5020 6380
5442 6706
3737 6021
6927 8889
7335 9036
1727 2141
5152 7440
2944 3660
5650 8319
4463 8590
5231 6374
1504 4085
398 4589
6987 8567
266 9263
3401 4704
1841 8392
8817 9332
7034 7507
2688 4362
2611 7467
4054 6949
1717 5952
3751 6717
235 8668
7973 8405
3458 4142
5669 9014
9536 9924
1890 8643
5372 7494
1654 7013
3370 7585
1821 8030
9166 9338
7269 9264
1280 8185
4316 9712
5075 7605
4944 6378
1721 9834
1428 8484
2144 2827
667 6321
3505 9466
6828 9383
5588 7880
8445 8507
5360 9792
7204 9432
6492 9284
4531 8931
4560 9618
777 1966
3316 4268
2841 3492
5816 6909
1337 2734
9738 9806
4948 8939
4872 8723
2021 9016
8915 9791
6263 6616
1216 9150
4958 9174
6259 8255
8226 9062
4844 5420
9204 9927
6980 8458
3163 8882
4486 5357
4848 6534
5256 8554
6396 9342
4957 6295
681 5225
2860 5812
1033 3482
1575 3491
4523 9236
2815 8097
442 8153
42 8778
3081 3766
5329 8339
1968 7660
3855 6156
9281 9728
2761 9502
2287 9518
5882 7879
8595 9382
1249 4652
4212 7139
2907 6124
5606 6329
7216 8499
1557 7092
6548 7909
4287 9289
7004 8787
4820 9717
2323 7857
356 5758
3326 5076
1074 1893
1137 7411
5721 8673
4340 4747
1094 8628
3359 5810
3504 6125
9487 9755
1350 1356
4206 6585
2719 4859
3034 3847
1985 6764
8885 9937
2403 7342
8748 9939
4690 6229
6057 6355
9156 9822
8487 8805
1849 3222
819 3351
7800 9630
9693 9730
8959 9083
4569 6883
7552 9743
3437 3631
7197 7867
4226 5251
1709 3313
1552 5215
376 7611
4104 8426
1413 7810
2940 4225
678 3452
4779 5856
816 7863
8785 9173
1932 9221
4239 6606
8353 8519
8307 8992
1591 5891
9260 9635
5422 6305
3668 3682
9488 9687
596 8937
3551 4588
95 9893
7784 8358
8422 9212
2131 3214
3470 8692
377 1100
3826 8894
232 8652
3710 4916
3969 5046
9267 9970
2026 6016
6928 9105
3507 6543
1586 5028
8976 9073
5608 8552
8555 9498
1009 8331
6067 7788
8122 8218
3604 8143
9950 9967
1686 2084
6856 7627
1050 2108
1315 6369
9678 9901
1626 4188
1994 4305
704 4592
2698 3836
2203 8881
55 1295
828 2927
4836 7035
3487 9152
8209 8384
1854 4443
7975 9683
2145 9470
3566 7565
7905 8277
3621 4191
3454 5884
4597 8535
3596 3824
5135 6815
4682 8390
942 5199
6819 6922
8447 8464
5631 7601
56 710
3630 4247
4357 5609
3033 4324
4967 7647
3754 5618
7391 7940
2404 4149
8947 9816
2879 7639
3186 4232
632 4095
547
9123 5630
1190 566
3061 2365
1779 1321
48 29
6475 448
8012 7343
2718 135
1436 495
6651 2400
9524 2377
360 10
4004 2439
8214 688
556 439
5668 867
6718 3612
859 635
4516 2431
7319 1401
2314 949
9117 3636
454 298
1646 1486
9916 9902
9364 5285
3868 1828
6521 5945
702 339
6163 1464
4983 126
901 215
3430 136
9262 8605
5250 4425
1126 522
634 516
3905 198
3720 1244
1604 1061
8292 1744
7950 1515
8632 7776
4633 3144
9477 4913
3694 379
8877 3436
3624 2898
4669 355
4901 4175
1079 628
262 120
1895 1366
1197 652
3644 978
9300 7442
5545 368
3703 3194
34 23
8495 4857
8161 7974
6209 5585
9375 6690
5159 531
1165 207
9380 2623
4533 4424
2933 181
1104 502
2517 179
5866 4700
3610 213
8612 4445
3672 1261
6732 3209
2507 944
8288 2930
7487 6221
4133 2111
7375 1741
7182 1236
5900 1659
5907 4804
330 199
1380 1069
369 123
5731 60
1952 208
1263 833
49 12
1248 910
9313 4444
3180 2263
7399 2683
8238 6144
9945 2762
8041 7756
1426 669
7954 1078
1912 407
3172 853
9438 985
1385 1064
7383 138
1613 1235
3481 2774
5477 4214
3013 131
4866 2249
6992 1643
5653 2979
7111 1674
5429 1117
5436 100
3191 225
6707 3303
3792 1092
1534 1246
2814 1206
8108 3827
939 178
4087 527
7783 3100
1316 151
291 200
3986 1240
4542 192
2576 2372
93 62
9098 5639
1467 485
2312 1475
640 512
860 74
3514 1589
9022 870
6264 492
3446 3336
5248 4757
1885 550
7768 664
751 583
1765 1140
9171 2652
416 397
5284 3770
7732 1460
627 564
2738 772
2946 1530
5599 3469
9946 5370
1639 742
8940 5528
4038 2213
6512 1118
4328 2878
8816 2951
2763 2386
333 104
732 726
6389 923
6208 3107
9516 7622
1328 212
186 156
9566 3122
4161 842
6754 6218
2102 321
7754 7553
1283 139
1628 1228
1220 1184
7744 2949
4515 689
3812 3378
5446 1746
9093 786
1671 257
6569 2104
3139 420
3664 1429
1210 650
7773 908
5177 3876
2087 1274
3147 2342
4636 1109
8517 6248
9820 1377
1757 277
430 25
2170 2154
5912 1257
8494 8069
9061 5487
1579 373
6998 5704
1058 862
2571 1822
7200 5855
1763 1243
3087 520
5441 539
1471 32
2479 1026
9111 1348
577 6
1783 1288
2664 761
1770 2
3539 2590
7979 4812
9091 2731
7137 5803
3417 707
5221 1580
9788 5774
8888 8213
4646 4169
1452 717
3398 452
2408 2351
6824 2051
3897 2765
3976 2139
1059 532
620 529
8642 4042
4571 2938
996 7
924 246
809 160
6547 3051
7141 4036
2214 1941
5335 2107
6989 615
1697 925
3584 2066
4598 659
5829 3050
1840 1200
3038 530
1251 885
1635 785
2450 324
2391 1167
5809 3072
3583 2883
5645 3618
2875 1884
1186 838
6313 3715
9071 2832
3985 130
8274 3238
3774 2538
4360 1371
1734 695
1260 995
8851 4033
8604 5749
5796 423
4278 3651
1544 1273
9469 6356
494 372
7767 6898
7869 2962
9021 6642
5990 1937
1002 504
4039 1512
1748 1608
4138 77
6127 4934
3688 2844
8246 6020
3760 3714
605 567
618 331
6995 3044
7742 7240
4730 4271
1287 205
6289 1574
3374 684
8075 3810
4780 802
8660 2636
9442 4462
3239 1672
1584 125
3616 3241
5688 2587
1529 30
362 149
7700 1398
9545 2624
3320 406
7623 3902
490 388
9673 6646
4384 3369
2897 655
6645 3479
1012 260
9866 7007
5304 1601
7351 1411
7157 3543
4721 3198
7847 7641
6338 5581
7046 1443
2251 197
941 163
2911 2821
7082 5489
1629 1062
3820 2117
2172 141
8355 8181
8107 2867
7436 7192
6845 1101
4059 84
3017 2322
4968 932
8715 3901
269 70
326 202
1522 284
1479 327
1598 1364
2016 1614
8159 4044
9351 2324
7050 4978
9752 3887
6730 2686
6148 4215
5571 4420
4235 3202
5164 3652
9001 4022
7582 5045
2063 1193
3871 2337
8170 7019
4284 1967
5690 3911
9603 3432
3408 2575
6500 1474
4088 849
473 122
307 226
3207 2166
108 57
1702 1637
955 107
9670 5985
3199 3103
6529 4030
7597 3515
1093 880
2868 255
4203 1772
5021 3137
7258 3461
8408 8137
4578 183
8034 35
3159 2996
1560 462
1354 9
6446 2157
66 15
6467 5093
6906 5424
14 13
2651 1860
6071 1143
5578 5113
2961 2480
7374 150
5223 2503
1693 110
7747 5766
971 952
6377 6187
864 558
1648 1325
5927 115
5454 3984
6761 3547
788 679
8834 5592
6142 4426
3589 2457
4751 3091
9162 2665
8234 5346
5239 2185
8128 6214
2375 811
7719 2483
4007 449
9900 5702
1798 1449
2452 1823
245 101
884 757
9126 1498
6747 3120
6520 3179
7352 2010
3860 2646
9097 2862
3363 1417
9920 5342
559 258
989 405
8491 5166
1360 1192
6860 6670
4192 2787
6769 6544
9191 3184
7938 2099
9665 7978
6929 1256
3193 358
6594 4279
8972 4285
5074 4686
4106 429
6863 3267
5587 5154
4320 3591
5288 1495
6868 3475
1901 1829
3805 2901
2891 2796
7053 1816
2129 1457
3472 350
5580 5245
8873 6413
5970 4090
5439 97
5257 1962
6504 5922
2080 1195
5577 1250
9484 4716
5488 914
5015 3362
3105 1909
1533 169
1487 302
2448 581
261 148
6542 3698
7282 1476
8610 5605
1599 696
9762 6563
2382 1144
4264 2471
3300 617
3928 1864
4698 478
6535 4823
389 5
7042 5643
6155 5583
8506 4782
9633 8018
2049 1203
2681 2004
3528 2528
744 575
1484 311
1217 480
3842 1903
1521 365
3645 2987
4173 1695
5994 5097
4882 3297
6938 672
3729 2281
8693 7078
1577 297
1728 1319
5217 3990
891 765
1812 11
5757 919
7434 1638
1566 682
2978 2364
9218 5394
5944 4450
3632 841
3565 1856
18 8
2582 2413
5457 1651
4641 3385
9931 9192
6975 6307
2276 1701
7985 4826
3070 1729
9157 7187
8232 5934
7883 3287
145 94
9334 2279
7511 5748
9452 5024
3800 476
8044 5290
5088 1603
7303 142
9164 4202
9261 1225
8058 7894
4385 983
5240 2740
1553 1194
1040 644
3535 1550
6565 813
4121 2543
1106 445
7151 1163
4112 755
6060 5445
9682 6698
8845 3397
