588
3900 8531
639 3584
5618 9883
4716 9564
2224 5193
7015 9296
5964 9561
223 899
895 4561
6523 7678
3414 4680
1239 1777
191 2720
5367 8216
3655 3936
6687 7623
9788 9939
6692 9937
2234 7192
1409 4419
4164 6216
4375 8772
3879 4617
3228 3382
8508 9916
286 2792
9796 9976
371 6099
2774 9693
9256 9445
8121 8192
7801 9156
2970 9144
8701 8794
1510 4589
4486 8708
9850 9904
5507 7317
3975 4672
6345 8678
9022 9208
8423 9447
4654 5724
1610 2123
2683 6966
1408 6862
2078 5373
7343 9423
562 3839
9463 9961
7027 7563
3256 7846
3809 6976
1509 1584
6540 9035
2110 2980
5384 6062
5960 6902
1257 6126
1337 3716
5232 8070
6714 7893
367 5290
3999 9101
1376 4131
9148 9619
1921 7105
1587 7481
8179 8545
9321 9427
3581 4837
6957 8827
360 9605
697 8517
6542 8747
7435 7526
9892 9952
7700 8110
5829 6464
406 8773
7744 8654
5278 5823
1024 3210
468 6825
8105 9701
188 9286
1151 3986
7735 8509
130 5929
5163 6974
3007 9676
521 9241
2966 9996
5907 7116
6574 8753
5922 6318
9397 9705
2545 5677
4711 9533
7262 9005
1142 4875
4667 5153
6108 6194
4814 4836
5522 6098
9528 9592
2830 3218
8439 9040
903 7643
5329 7907
3186 6442
669 8264
6759 9752
331 1757
9177 9182
1625 2435
312 9473
9012 9745
4001 8843
672 6223
3595 4598
5097 9724
4433 6052
3189 5562
5175 5441
9261 9565
9689 9986
7340 8180
8557 9560
3994 6996
169 3600
453 7674
6536 8086
4864 7570
4056 4905
8777 9131
644 3044
5230 9957
4465 4862
1477 6376
1822 7708
6249 8111
6777 9637
6587 9087
7862 9417
1104 1520
8983 9062
7555 9337
2770 6274
7527 8675
9289 9291
2680 8164
3062 5408
1027 8333
1039 8514
846 9595
9990 9992
4082 5375
5529 9688
5689 8117
8634 9431
6105 8988
8097 8448
9886 9941
9350 9449
4925 5659
7381 8271
8025 9244
7374 8498
5871 8480
2470 4845
1987 3359
1268 7755
7462 8078
7232 9032
5144 6482
2729 7361
3567 4526
2142 8024
2813 4700
8976 9126
4819 8350
4163 7887
38 3410
1854 4292
3808 6364
4078 7506
1624 9325
7445 7789
9277 9638
3224 6640
8409 9753
4218 8187
8661 9572
4142 5044
541 3951
9751 9824
6058 8532
6586 9115
7750 7798
4884 8568
597 5506
5810 7973
7588 8741
8656 9072
3100 4861
907 7900
9856 9968
6484 8349
8605 8801
5599 5974
6563 9906
4693 7291
727 2696
5756 8948
9263 9472
1626 2330
4994 5414
4168 8933
7136 8726
6103 9672
9205 9525
3926 6316
9940 9989
162 9425
4369 7142
5692 9998
8464 8608
6279 6404
3906 5179
9510 9738
4859 6734
8201 8452
3438 5425
1255 5942
4550 7670
2817 3350
621 5246
9476 9524
6963 7183
7004 8811
5258 8023
5537 8253
6047 7590
240 6997
9863 9970
8420 8492
4259 7115
8403 8578
3576 6564
2806 8917
190 9767
6955 7081
1602 7586
1957 8391
7693 8055
7918 8900
2054 3823
8346 9139
1330 2487
2737 3920
9157 9635
7653 9398
52 2348
5168 8174
6646 8323
9930 9949
8274 8754
2218 7164
5201 8022
3542 7385
1717 4019
3287 9748
8646 9664
5385 7698
3610 4525
6154 8950
4811 5945
6232 9586
526 854
352 3577
2306 7648
7103 8469
5646 5747
6998 8077
9769 9859
8150 8418
464 726
3769 6588
7711 9728
8653 9580
2192 4571
8028 9588
8521 8922
2010 2212
486 3213
1485 6910
1608 3966
8562 9073
1537 2460
2746 7476
6005 6020
1073 3738
8495 9802
6691 9481
5443 6738
2975 7396
7886 8899
2147 3286
2984 3604
6712 9356
3504 7927
7185 7560
4196 6295
8126 8265
5484 5908
9501 9959
8628 9858
7677 9839
2427 7240
2829 3135
2965 9639
9973 9994
1166 5336
7567 8443
7336 8623
2904 7685
4522 8138
5458 6300
3776 8369
4100 4805
1934 2229
6438 8132
2745 5438
4842 5524
9293 9633
2849 6333
3099 9934
4655 6571
8004 9668
2543 4033
9165 9566
4145 4238
3819 9997
9741 9855
4381 5910
2397 5322
1614 7292
940 6570
8062 9280
5224 8946
4770 9666
4372 9926
9658 9977
229 3407
3024 3871
7869 8076
3508 7356
3737 5935
7751 8490
9335 9462
2744 6748
2356 6142
8124 9833
696 4236
2934 8733
7433 8263
6711 9246
1739 7543
1106 8142
2757 5200
3691 5915
5222 8504
60 1799
5171 7598
7420 9884
2196 7078
2256 4269
8020 8224
7223 9784
8825 9026
6127 7844
2910 5776
4147 8089
926 6535
1108 7521
645 3747
4887 7762
8331 8889
2787 6261
9699 9862
5963 6656
6496 9809
8647 9846
8370 8906
4764 8012
5 3244
3611 5870
8621 8642
8982 9746
6903 9407
3215 8465
3910 6206
5732 8684
5653 7384
2758 7030
1658 3249
8407 8822
8220 9817
9302 9365
3237 5437
2084 5743
8670 8723
1671 9434
2302 9404
7765 9011
4350 9614
4626 5098
5048 5093
4220 9470
5271 9718
8203 8217
7258 7599
1984 5358
1402 5636
6710 8597
3047 4689
3623 7758
620 5543
5105 5432
145 8240
1460 7933
7784 8245
8344 9747
7331 7980
802 5587
8728 8847
7171 9803
1325 9052
1353 4267
4290 8645
5068 8548
3658 9153
3351 5402
6995 8629
2963 3645
1457 6642
6516 8233
1478 6750
5138 9036
3804 6241
2180 2441
6240 8251
4324 5554
3204 3494
3337 4344
77 2447
9311 9532
8903 9070
9740 9887
7818 9485
8956 8973
2791 4015
2107 4697
5883 7778
6830 8309
3506 4206
1560 9554
6589 7659
5686 8961
7924 8966
5748 7429
5081 9622
5189 7672
7955 9274
2922 5712
9931 9956
1442 9925
554 5521
9316 9421
6584 8673
4972 5848
4193 9443
4084 4616
6282 7968
399 9590
3510 6512
7330 9604
8737 8925
9309 9537
1345 5035
8485 9080
5984 7727
4332 9893
958 8447
7761 7833
1210 7135
1803 6604
54 7179
4428 4992
9578 9878
1964 2414
8908 9467
2119 3857
6931 7619
8588 9831
361 2930
3429 4352
858 3561
5051 8205
4161 9732
6984 7710
5832 9979
6066 6818
7556 9801
2087 3797
3536 7990
3451 8755
2668 5961
2607 6828
103 3415
6325 8182
3416 9538
7583 7613
9242 9598
3067 5711
9530 9928
1710 7503
5623 7971
7126 9507
4562 9181
3613 6107
1923 4751
3361 5978
5787 8083
9955 9978
3040 9016
7401 9207
9529 9675
448 9178
279 7604
3549 3933
6713 8384
2131 9203
7221 7786
7085 9409
3460 6006
7497 9786
117 767
3065 8250
7615 7984
4190 5091
6399 9313
7286 8850
8173 9155
6253 8112
955 1853
5568 9808
4040 6025
8680 9051
7754 9089
1776 6698
4124 4512
7621 8302
8261 9292
1754 9161
3798 4652
4989 5578
2822 7354
6921 9158
469 2469
7315 9734
4684 6892
2185 8131
601 3343
600 3027
9584 9816
9267 9750
660 6299
2533 5597
5951 6749
3643 6321
8461 9124
8392 9248
4937 5060
7997 9725
7608 7870
365 790
998
3520 762
6336 3940
6447 4339
3039 309
4768 351
7704 4824
2870 1611
943 65
9922 6235
2466 2011
4446 3362
8503 5839
901 233
6867 2824
2290 704
6283 2179
4603 4491
9641 1565
2052 623
3566 844
3802 2850
5328 5208
7967 2920
4297 3036
1652 738
6783 4329
6674 567
3404 2768
6259 3446
9648 1196
5803 2722
8909 4874
2 1
8619 8007
3031 2663
2236 524
3875 2341
5449 228
6354 1275
7644 6611
9088 3598
4132 1374
2651 123
280 3
2630 750
7603 1736
9439 5661
1179 841
4544 3763
2989 1188
5885 770
2506 1439
7274 244
9444 3552
6639 5662
1801 956
102 66
5495 5130
1670 1066
4027 652
4314 555
5351 1513
6297 2154
9867 7911
5501 636
3238 175
5195 193
6915 269
5071 4037
6301 5487
2524 53
1779 1659
4945 308
9521 1989
212 40
5540 1410
1363 1028
2369 344
7037 6078
2856 1742
4530 3962
1593 719
8298 7127
3112 2881
7552 7383
4715 3991
6766 4450
5595 3295
608 266
2073 318
484 248
9890 7077
4601 3528
4360 1561
3718 2854
7998 2538
979 10
9616 9086
4410 2559
7799 4278
8785 1679
7576 1697
9562 1251
3390 699
9461 2682
9245 2695
599 259
691 668
9487 4980
62 58
8422 4547
3607 1115
1085 1022
7516 5594
1773 1343
3631 2390
1618 1158
5867 107
8292 2719
9075 4187
8968 6561
2842 1037
4438 689
6934 1674
8516 800
2383 379
6819 5352
628 63
4580 2350
9223 7062
2382 2028
4010 2004
267 151
8759 5758
1307 135
5962 5213
1220 1020
2170 1302
8841 4080
5991 2297
4981 2354
3886 2495
9395 7658
8357 8065
3588 1573
4379 1358
6546 4988
1636 1329
8437 3275
9405 4720
6715 28
8322 6378
9575 482
9310 4170
5769 249
4007 197
5085 3710
8314 8095
7312 1909
4009 2701
5627 1269
8147 6811
3203 1817
9180 3698
4300 3679
4938 3176
7629 969
9270 2951
8435 215
4385 1491
6534 1180
3720 3117
4674 4646
7068 1898
9526 7745
364 136
494 265
1821 1360
8130 4796
8186 4052
7267 6786
2657 835
6752 1568
6815 838
2006 1000
1628 1352
246 32
1838 1395
5389 3562
1175 1128
3987 905
8742 5176
6908 5889
2799 1768
3731 1805
4942 419
3288 2936
4280 1711
1187 998
5251 951
6949 3473
4665 2198
2351 1170
4155 1690
9761 363
4454 4373
1562 1373
9478 3496
2376 751
3753 629
5927 167
9039 326
7427 1747
6708 3803
1993 1585
89 86
8622 329
2943 73
765 732
2725 252
2690 1842
4271 2640
3171 3081
2359 1317
9009 6149
1103 48
4111 1603
9772 7839
9266 7569
9657 8792
7397 241
1999 218
9535 290
3664 2738
8507 278
5733 785
5010 2899
2282 153
632 317
6197 2677
8151 3537
6212 3849
36 20
7066 5270
8832 2503
5834 517
5180 451
8719 6883
5055 4067
7834 966
6635 3938
4950 2676
3620 1806
4224 1856
8198 5702
6164 2380
2588 2584
4676 888
1458 500
5946 2643
7203 5300
1238 14
8104 5465
5941 3881
1539 1455
9947 1518
5100 2339
2697 587
2221 1099
7288 852
3096 2068
509 441
1730 110
7130 5124
8341 1044
2418 1728
408 121
8453 7662
6019 3174
9765 1126
3242 2526
6707 2422
8406 6820
6248 4036
6373 6227
2927 2410
2480 1256
216 176
8616 1133
6262 4209
2823 2594
8748 5669
3741 565
7018 721
7815 1713
7849 4406
3780 3608
9209 7300
3912 1240
2362 1942
410 380
6426 1911
3976 2669
4195 688
3868 460
1673 1123
3079 2708
7419 6445
1336 133
1733 1143
7224 1594
5550 821
7535 2827
2801 2649
6855 1398
5173 3214
7764 1464
2627 701
3311 2080
5298 2862
5496 3965
4735 4320
1303 577
6185 92
1130 497
8631 945
3015 986
1947 1206
2716 1159
6617 4336
8036 1703
4746 2241
3722 3583
4228 3128
2733 744
4499 2994
6096 3221
1637 1532
1117 553
7689 2035
6595 1172
8434 695
4050 923
6704 4546
208 118
2549 590
9773 746
390 179
7951 7866
289 283
716 146
4200 2674
9067 263
8866 952
6539 529
9508 624
3700 2091
1486 1429
232 100
7935 7146
9184 7048
5127 3921
5267 2434
2374 673
5420 1661
5842 2251
4668 2416
7954 5204
4839 3500
5491 3538
6960 6341
646 207
774 598
5709 1505
5650 3847
297 253
6320 4012
5464 4107
5032 1171
7406 1951
6826 1889
9966 2892
1962 723
2329 302
5340 2831
1523 1314
9860 4882
6575 6002
2755 2751
4138 3522
2023 637
788 431
4741 4183
9060 5719
9218 3089
4669 2574
4729 3703
9320 7525
4364 2411
7880 1341
2059 1265
8154 5192
2472 1879
4870 4554
7318 2602
7794 1643
37 30
5228 731
2182 890
535 91
4976 1228
6756 2235
8885 1647
8159 1559
2895 573
1004 492
5914 1501
4927 1928
4456 1960
3661 3074
2548 1168
391 281
9281 7810
33 27
7125 3663
5359 1959
8603 7718
6272 2186
1474 566
5794 6
35 13
3138 987
6124 5423
7 4
8415 4724
3785 647
2373 443
9046 6567
4712 2474
3172 2165
1446 1193
2476 51
8589 1434
7562 1816
4483 4063
1971 490
4833 3778
6605 5815
112 24
3266 2718
7913 4803
8290 7441
9214 8355
6755 3907
6084 180
3759 1145
2407 1619
3690 2781
8672 6870
711 542
7442 1880
303 184
7782 6217
6699 6172
4869 1034
9136 1732
6621 4657
7683 5924
5030 2437
8386 339
1704 235
8658 8239
6969 2081
4440 3231
2394 585
1542 706
722 293
2552 1758
827 382
9760 5480
2317 95
6999 6123
9387 8030
1487 957
6809 3775
5103 3889
936 198
5967 2173
7901 6286
8085 495
3116 1385
4182 1397
3181 1629
2782 1775
8729 8564
5678 122
4363 832
2311 805
5223 1534
551 68
2412 686
98 75
4249 3037
9454 7461
9033 950
1091 1033
8665 2855
879 583
3524 3212
2972 1412
1780 1120
455 76
7741 4023
6173 2271
6958 5592
634 322
8388 7005
85 45
7770 6184
3333 2529
3468 3450
5596 4306
2293 618
6245 5770
9192 1118
6720 5911
1183 973
7520 3908
2544 1969
4481 2331
4558 1137
942 485
1236 1167
7832 4117
5468 4923
2885 947
3069 2820
6506 4215
1895 576
2567 663
7202 614
7372 471
9520 1948
9147 3197
6980 4659
1682 369
3874 3456
8243 6303
6304 126
5781 714
8113 648
570 518
1243 666
1769 1493
6681 4933
5416 3439
2519 2215
853 21
9759 4437
8558 6409
6348 4460
7993 4309
5687 386
1939 1499
8958 3773
5207 3328
1740 282
8911 1503
488 366
7094 2514
1415 1013
3750 3164
9844 7923
450 327
4507 2022
9112 1271
1230 533
2946 41
2334 422
9558 546
275 84
6178 3503
1011 557
3014 2368
6077 1122
6510 4939
7680 6631
9518 5879
1792 1227
7746 5400
1201 580
3512 226
4856 3873
1640 913
8686 5475
1387 588
6398 5000
7235 4932
1872 298
9276 6936
3151 2858
1693 475
1127 71
967 910
9550 6572
6498 5569
1554 1119
1615 1598
1651 1274
7279 6007
4265 2133
9341 7796
5020 2209
4574 3509
489 57
8416 7931
7970 7934
8657 7612
6672 6653
3541 343
2689 681
2451 2121
1225 340
4127 1441
5250 4094
5452 1052
8335 8171
3767 1081
2264 1162
5831 5293
6375 4303
2395 833
9889 6357
4134 2576
9897 4357
5609 1097
665 563
4266 3831
511 34
3619 1427
224 16
6260 3754
2357 335
604 59
8120 4391
5672 5349
6000 64
3914 472
8172 2536
9383 4931
1836 1361
6700 4501
2754 1851
5406 4286
4757 4189
8300 4368
2711 424
9585 8318
473 109
996 612
7721 2617
2726 1454
3402 1512
7948 3453
2067 1980
9913 1986
3393 569
2944 333
9183 5528
8555 7940
3109 2175
2144 2122
8869 3932
7299 5872
1339 944
5474 4782
1237 1109
2452 1527
8664 3830
687 114
99 39
758 603
9743 1401
1694 163
9450 5182
7208 2702
2158 1252
4257 2759
2798 2455
4261 892
4503 4470
4854 2349
2076 1569
8050 707
3644 1813
4743 3992
6502 1249
1468 160
8579 4394
3017 2889
3511 1582
3651 1445
4073 3927
2181 1794
8879 3064
4399 1080
6785 5721
8552 4888
9260 8980
698 101
2750 276
8084 5046
5750 4237
6430 3018
9599 6835
6468 1975
5440 617
7173 4841
5807 3924
7194 6140
7663 5970
6125 1778
3688 2291
8659 7186
8687 3694
2065 116
4114 3963
9119 6626
6147 6028
5332 1494
5326 1169
1284 137
5226 3518
9902 1819
254 46
5356 4281
7234 4098
7304 5492
799 737
1861 440
3125 855
8951 1708
2134 1902
8166 5273
6070 2285
3495 1967
1273 147
5674 5516
9243 3958
8752 2897
1291 502
9993 5040
9841 6175
1979 1366
4135 3642
1580 358
4092 2338
129 128
6037 631
7129 6439
8146 6798
9396 4113
8157 6792
6151 4427
4570 581
4523 2335
6218 3356
1876 1556
1808 941
5479 3347
3923 2400
682 501
7415 4806
8032 6036
5291 1950
5154 4675
3842 1932
8268 1025
7737 7109
1702 1102
491 258
4835 395
287 132
7263 6965
7422 6081
7691 4447
8812 1278
6340 3622
236 72
5715 4214
3498 1148
7607 5248
238 47
9870 7638
3322 2878
4017 1791
1988 196
1600 919
7826 7774
7559 1875
1601 432
4609 3946
8663 8320
9653 2793
4477 596
9879 786
1433 1431
1026 653
8479 532
574 49
2083 2039
807 127
5318 3110
6041 3211
6508 3695
7107 2496
6717 4880
1186 883
5315 4703
5508 2130
1135 654
5292 1290
6397 803
6143 735
5188 1223
7652 1504
2316 383
5366 4181
886 724
2438 1489
1394 1350
949 764
3744 467
316 231
1915 808
6868 5875
9626 6307
8177 3687
2491 2314
4636 3789
7667 483
544 353
7550 2924
3982 1927
2672 2097
1185 842
8790 5682
7057 11
4852 1216
9081 5786
2902 270
5036 2747
4002 1823
7075 5342
6860 5754
7925 205
9551 2797
345 55
8033 3514
1929 1470
6822 3867
9504 9251
4642 416
2353 2101
3960 3787
4347 543
7756 3639
1752 530
8380 3670
3408 1835
9686 1281
4638 3272
2814 2037
7013 3544
5043 203
6762 6677
6337 2767
2420 1848
6244 3021
4097 1946
4921 2919
3179 2378
9491 2945
5026 609
3848 2258
5253 3790
7010 1899
8476 6242
7490 2620
5022 3016
3076 2875
2986 1607
9660 5956
5583 2086
3235 1824
6031 4656
3455 2499
8413 6823
3233 2320
3227 2621
9894 9010
610 211
2303 761
5453 2732
2222 1221
2172 1328
1040 760
6790 1837
6669 3779
5793 81
1331 891
2242 1443
3003 981
748 506
7504 4797
1623 1316
3556 1294
9342 1566
2839 2494
6612 961
6973 4488
1475 548
934 787
816 773
5864 359
7528 5860
1982 1544
2402 2164
5519 3918
7883 3353
6457 1417
8237 7538
9829 6962
4651 1874
3201 2060
8542 50
9327 8087
2307 1465
9104 2116
6824 6781
9503 3383
5257 3480
3348 1992
2644 2444
4915 3483
7242 6382
3757 1323
768 664
6009 5505
8306 3485
5428 4028
6735 304
7699 5374
8527 2275
6049 3727
9489 4977
330 250
850 202
3205 1657
3363 594
5557 2160
6191 4250
4737 2273
2564 1030
8577 7823
8978 8441
2821 859
2363 2137
8206 3442
6067 5001
9456 3283
6513 3157
5694 3316
3692 3296
3527 510
4985 3290
2308 906
3012 685
9874 8494
1882 820
4731 291
2323 830
2025 192
4678 2443
1829 1577
1008 44
3861 3569
3387 3071
865 354
6353 4405
2184 589
6177 2906
3325 2233
5566 5122
4288 2860
4432 306
2710 2018
4418 3954
