506
872 3654
9525 9951
7663 9460
7454 9442
4537 6200
488 4082
7066 7267
4474 8798
2262 8578
7223 8900
2137 6391
1651 7591
3130 7779
9793 9821
126 8644
4960 9424
4361 6752
3436 7954
816 1322
6436 7474
9113 9707
8617 9740
5043 7227
101 3992
3270 7057
138 937
2298 4091
7338 8890
979 1597
809 3328
1346 9715
627 3046
4505 7131
4005 9861
3984 6966
4189 7546
6059 7815
2156 2286
9946 9994
6864 7577
4695 7101
6238 6871
1738 8271
2166 6917
2183 6881
6943 8601
6179 8164
4690 8928
471 963
8555 8629
5718 9901
2033 6923
6007 7192
9869 9918
3073 3539
139 8086
4467 9595
1157 7177
3575 4297
9592 9784
1232 1434
5906 7380
369 3728
3308 6107
6569 7093
4672 7844
3358 9407
4901 7592
1058 4257
3086 7417
8945 9011
4506 7077
2341 3285
5077 7586
8887 9829
5228 7886
7089 8296
3224 6043
6529 9065
3225 4765
4175 4269
7580 9393
5495 7929
526 9976
3442 7922
5709 5933
5758 6049
2869 5003
4055 4834
9346 9982
7426 9224
3437 8631
1124 8063
5448 7047
383 9827
2995 4971
8326 9638
5974 8843
5731 9817
6285 6879
8873 9365
8242 9917
409 4697
8519 9738
4913 7163
4676 7482
8002 8157
1377 2306
320 888
1005 8783
1712 9326
1706 3656
4019 8858
5278 6442
5243 8425
8777 8957
4096 8401
934 7738
9589 9986
4470 4657
1518 9676
2441 7439
3211 8805
7509 8627
4400 5901
347 4051
201 2451
5360 7120
1947 6493
8458 9321
2690 9159
233 6193
8110 8518
5395 6054
3520 9698
5073 5899
7761 9105
8978 9720
8440 8998
9408 9472
8860 9696
3753 6161
200 3733
4376 9351
8441 8501
5882 9809
6833 8455
1940 4845
7064 7307
8596 9345
9748 9898
1511 5127
6701 6984
9217 9483
4807 4832
9053 9103
4830 7760
3580 9256
1979 7560
9341 9557
6428 8315
8821 9600
8517 9353
1160 6599
2721 5663
3620 5754
2249 8775
149 7405
1391 6048
6217 6771
9510 9649
1777 6730
8101 9134
3366 9193
9769 9825
9566 9977
4171 9198
3623 7126
3160 7623
4286 7470
1793 3241
4904 7567
7491 9538
4246 8318
3277 5093
3630 4069
2037 5526
7156 7948
1262 8000
9112 9906
4359 9808
5024 9082
5562 9263
9753 9760
5012 6150
1170 2086
3091 5112
5121 5988
6989 8588
8252 9975
5878 7934
1101 1660
8051 9526
5094 8210
6094 9251
8430 9899
841 2047
3742 7212
4692 9559
9036 9404
613 1415
242 6561
6108 9072
9932 9989
2366 7514
4693 7068
1349 4277
1092 2225
2410 7633
2525 2980
5954 7574
2170 5359
3697 4088
4512 8229
4511 9703
2218 6407
3322 6388
2662 4477
5057 6385
4981 9076
5876 6540
6539 7742
6826 8535
9444 9777
8526 8781
9997 9998
8590 9810
7762 8975
9985 9992
1833 5840
5864 7906
236 452
2476 9968
6743 6787
3296 4706
4443 9383
3254 5530
652 8414
6802 9245
3493 5836
4988 5897
7856 9478
9032 9479
2142 6417
7176 8772
4413 5162
8482 9515
7578 9629
5729 7659
9310 9665
1165 4177
6600 7438
741 2897
82 5722
508 4327
2979 9107
7214 9247
5691 8835
4883 5940
3536 8281
1388 4638
6776 6783
1935 9235
4491 6715
144 1899
5148 9905
3711 6185
6010 8987
2193 8449
2879 6280
252 3131
8354 8720
4776 5088
3170 7544
2751 5254
914 8787
4066 6589
3641 8098
3265 8144
522 5664
2683 8348
618 9276
9799 9871
368 4272
8953 9104
9733 9863
7473 8268
3559 9003
7153 7961
84 8156
2001 2619
6627 7634
9319 9851
3014 3899
7895 8980
5481 7671
4742 4775
534 3029
4393 6498
2606 5980
3095 3233
3188 7896
8174 9371
8279 9130
3139 5496
9555 9944
8557 9624
2507 8832
5198 9654
2196 6769
1810 3573
7061 8478
3070 8032
7912 8508
6201 9682
2002 2811
7382 8983
6756 8107
4463 6403
3754 9660
3042 5246
8614 8723
3542 8112
780 2201
3476 5472
2884 8256
3624 6588
6352 7737
4584 5136
286 510
7849 9175
6341 7523
6283 9282
8429 9907
9086 9285
8571 9493
7069 7626
6973 8241
3179 3403
1123 8527
4917 7305
5500 6906
33 8589
210 8804
8808 9191
6131 8605
4752 9252
9933 9983
8901 9786
8346 9094
494 7646
7726 9188
9888 9971
8914 9844
1585 7707
7198 9758
6401 8940
6448 7874
8116 8312
808 7109
5829 8766
804 4623
2984 5356
5357 5612
3523 3601
7827 9152
628 3622
2780 7048
5920 6196
6308 8138
9785 9954
8993 9328
7175 7933
2180 8424
4954 5993
328 2233
9628 9694
2038 9747
4531 5846
3724 6618
5016 5948
1425 1494
8378 9457
1040 7628
8688 9609
1103 3588
4132 8363
2579 7850
7833 9412
6209 8956
9449 9939
5887 9577
5109 5656
8333 9995
1719 6186
647 868
9534 9841
619 3411
4720 5294
4684 5607
197 2068
8132 8553
7973 8687
4158 5905
8985 9620
1667 1811
8774 8830
6971 7384
1063 1741
4882 6955
8153 8447
6097 6703
8546 8936
9041 9410
7084 7392
6936 9051
5486 8052
9453 9674
7256 8096
723 4020
8650 9941
8214 9095
7400 9111
491 8566
2826 5568
9074 9413
7879 9838
3841 7148
9208 9554
1981 3815
3996 4626
2523 4659
6999 7520
354 9270
3443 4541
9801 9868
6866 6905
2454 8619
1216 8100
1057 5297
3675 9711
4577 7666
7892 9541
9228 9792
8658 9882
7940 8522
3364 3793
4347 5537
2303 3775
7944 9120
9178 9987
3972 9233
7088 8285
2018 5973
4184 6829
8371 9042
8282 9291
4896 6109
8031 9000
1076 4815
3365 5790
6317 7790
3515 6860
8834 9772
2340 6495
2206 3016
8330 8584
9719 9726
6083 9978
5513 8172
4737 9303
2953 7678
2314 5263
6837 9323
4087 6749
679 9883
7449 7478
3079 6521
2402 7852
321 6367
7687 9244
9632 9639
3879 5406
5625 9806
4824 6745
3427 6021
1788 6363
1757 9938
2448 9482
3812 9741
3419 3572
5417 9216
5783 9848
955 3655
6699 8406
5255 5488
857
4446 122
8412 4522
2753 1658
4600 3981
8280 1411
8520 3816
5902 4237
7436 797
5284 3860
8161 7374
9088 2934
4610 3958
9125 5828
3238 2074
8053 5408
9414 2272
7023 1006
1901 1266
3813 2295
2939 850
5276 1369
6604 5807
4249 8
1835 54
1852 1117
9225 8019
2862 1130
3468 881
3249 2279
9126 7583
2062 2026
5174 3608
8570 2179
7695 6547
1358 429
7302 7108
8314 1379
1220 57
5742 4881
5886 3967
6856 1429
298 256
7352 3888
8903 5603
5873 1426
6707 2571
7209 885
3508 211
5667 3830
5780 4637
1768 913
6741 2550
9797 3762
5686 4869
8198 6002
9467 7848
705 687
7816 7013
976 135
367 225
5422 4990
3037 1889
3835 1527
6359 1403
6284 250
2452 775
2241 1869
4494 3665
5517 4064
4133 3401
3045 919
5522 1069
8385 2096
5309 3932
9184 4023
1830 132
1927 733
1599 215
8228 5700
3112 839
734 476
6219 5159
970 796
8979 915
5059 4293
5274 4660
3616 1916
8735 3219
2006 520
1095 567
2905 1037
4493 1705
3993 2174
2824 1903
536 159
892 208
5113 1731
7716 2805
6667 549
4791 4715
1229 395
7758 7654
5811 4909
2708 1300
7888 1591
6775 2359
6350 1324
9305 2435
7377 6297
7665 2792
8958 3477
5400 1496
1084 1029
157 77
9339 9329
5155 2554
9001 5460
815 113
64 41
3744 2396
2959 1413
5511 5070
9535 6310
6132 1583
1397 282
8930 2632
1270 709
386 134
5260 117
1116 670
2799 2497
8230 198
8859 1702
7999 5204
2362 2069
8663 4995
3360 1622
3116 355
8765 5923
3928 861
2013 532
1371 1213
4654 2993
5534 2159
434 166
9909 5020
8240 4196
317 106
6453 5982
1263 785
3971 2613
975 120
682 442
6665 3850
6163 2727
202 78
2039 1055
1698 37
7555 3017
8373 3353
5645 240
2130 251
4254 3735
2470 241
7366 1104
4233 3554
4723 4149
6406 1876
650 359
943 170
7004 4758
9238 3458
9732 9712
8865 3935
4651 3174
447 387
4607 3743
4348 3948
2672 2292
6294 5130
1638 745
6519 5035
3171 515
4731 1132
4028 840
7903 2822
911 340
1567 585
1802 12
4258 2294
3799 1536
4975 4232
4264 4107
829 822
1987 736
6847 6673
2713 402
1867 285
405 111
6959 5743
2560 363
912 231
5580 2860
3937 2732
362 245
3245 1620
8849 7866
5314 3564
6844 2485
360 47
2421 2339
5627 2438
2328 1454
2028 1686
554 420
663 451
5555 3272
7589 3494
1544 601
7775 6967
5418 2000
7297 1217
9574 7576
1328 529
4962 2643
6333 5806
5279 2145
4198 3774
7600 2312
109 35
4563 3068
693 79
1195 588
1515 257
5570 5133
4308 4166
4709 1028
3528 3266
3348 1351
8724 4795
6913 1819
6797 3759
5739 3946
5191 255
449 427
3273 125
5464 5207
7103 3637
13 7
3678 3586
7955 4862
4479 178
4661 4126
39 27
1728 390
9929 7986
4378 874
275 237
9737 1366
4498 4337
3713 1105
9496 5018
9581 7298
7907 6552
6175 3544
3432 2493
3734 2420
8778 884
2163 1608
4658 1724
3550 291
6424 964
5554 4855
3504 678
9250 4802
1697 609
9435 5845
8721 2060
7205 1471
1072 292
8310 6927
2614 2176
1941 45
6264 2475
450 385
8323 4176
6279 2215
7873 4043
9031 3239
3666 1785
6155 4105
6691 3344
8316 8064
1314 129
6364 5324
8497 2878
1844 1826
8473 5291
1737 108
2972 1049
3829 1147
5160 14
7162 1342
3543 2994
4908 3893
6918 4084
2698 1954
1498 1260
2469 754
8366 6112
9603 6312
8516 1662
3776 89
5967 5100
1308 897
71 23
7142 3664
5147 2886
3351 9
8476 6065
9814 8162
1549 378
9685 5373
4411 1212
2712 2321
9468 2545
2446 1054
3478 2049
6557 1902
5799 2254
1734 1221
2985 564
7402 6740
6903 3832
8023 1972
3746 1343
6130 1753
1389 1031
8211 6851
9756 7418
6074 2622
7766 7375
1273 541
186 128
2717 1860
8167 798
216 162
528 147
1339 1254
5398 2829
1564 568
1578 773
2534 1800
4379 1464
1801 1653
6162 3418
2975 1581
3464 2265
9630 2859
2052 1523
6584 6499
5376 3326
4671 467
9108 645
7584 2100
593 131
6842 1864
2739 1961
6318 5392
276 130
1275 906
8295 4700
6953 1601
3453 542
6605 1283
7450 5172
3689 2936
9796 3940
8148 8069
1854 1288
5312 5206
2711 2273
8320 603
7045 4586
4578 3064
2029 923
5817 5787
6751 4526
4476 4266
673 523
7608 2147
3136 2991
917 246
3823 3784
544 234
5346 3795
3425 1877
7007 738
7768 6390
3990 1359
5438 2825
4894 1306
5638 3247
6091 5435
5120 3462
6960 5017
6501 5011
1034 774
4384 1519
3281 2089
4437 4106
7497 2246
6148 1542
5267 2522
6128 3192
4829 2658
7291 1486
7656 4647
606 146
1964 511
8976 7166
9834 1227
456 307
6692 3519
6020 3783
1152 94
9445 3944
9500 5111
1201 587
4247 1110
4441 3900
4868 2707
4060 3964
7413 6357
7904 845
5002 4100
2688 288
1837 707
8757 5065
6129 1150
9148 6573
7920 412
3082 2965
3321 2214
6451 5300
8905 7082
6827 5652
1355 795
1409 1319
1071 22
5037 4346
9507 153
7991 294
3426 2648
2918 506
1193 5
3276 3134
2127 475
5984 4652
2848 574
726 538
4018 425
8472 1821
4777 1422
2898 1172
7792 1460
8895 4471
9350 417
6708 1168
2384 931
2237 2012
7371 1905
4891 289
4736 2669
2154 1824
3589 2778
5516 1980
581 300
2136 1967
9265 7025
3206 2889
1218 1021
3621 3023
5794 5222
887 787
3311 1341
7715 2401
2308 591
9757 6888
8474 2581
1331 1174
8139 4157
8744 3331
3868 1879
3325 1219
6273 2157
2790 493
6497 4007
7022 3558
4770 3889
2429 1121
6337 4880
4420 1108
720 272
9548 8442
4186 1551
1418 21
7455 6838
4397 3422
8762 8703
5375 1529
5104 188
3562 1991
9202 8350
9204 6515
5597 2045
4677 490
6485 3026
7979 6444
8633 1064
5193 3153
8585 7288
6661 2318
8609 4274
6575 6522
3740 304
3472 2527
9749 1701
941 455
6154 5022
4999 2630
6100 4173
8311 8206
8254 5062
3056 2270
2015 851
1596 293
9077 6889
9691 5879
4382 3999
9943 8690
2797 684
5369 3072
3469 2793
8321 2963
7617 5772
8600 2024
4395 2364
5591 516
8836 6714
5622 3066
7139 5170
6919 380
6702 1718
8854 5292
7321 1563
4213 3930
8990 8082
6657 3230
8655 1144
3883 2148
4314 2465
4751 2098
273 30
8258 747
5796 1436
9955 7245
7572 5224
9839 9129
4747 661
1318 965
4510 2940
5584 4858
1789 1307
2584 1059
3725 19
5979 5504
1354 312
5337 4275
6031 5976
6122 5619
7693 2484
5748 2961
6203 2681
5983 4390
2702 2392
3113 2907
7428 495
1253 1200
4743 4499
3947 1259
6228 1808
6532 5542
4152 3505
6468 2075
2266 91
1573 1008
7370 3729
4885 4708
594 583
4430 3496
9572 1438
5240 908
9308 8709
2750 907
6645 2521
7459 786
7085 3828
9259 4155
3712 3289
9484 1962
2129 1166
1182 863
1828 997
8186 1457
8120 4090
4438 1547
653 123
169 99
4468 323
5107 3619
1893 1230
4259 499
5702 3384
1198 634
7240 704
9071 2365
1079 871
1640 507
9231 9078
2234 2230
3492 3391
7670 263
9622 6462
8718 756
5536 1590
4156 2839
7487 5833
8496 2144
5877 5479
4655 3141
1556 1532
4059 2547
602 595
2842 2762
3133 873
81 66
3361 1751
8102 4109
6263 5380
561 437
9292 8003
3215 479
3314 701
6165 5971
2467 952
1089 31
5895 4388
6381 4903
2511 689
7857 3435
2746 1533
6603 4842
4958 3123
1336 584
656 155
8820 981
866 396
2807 1500
3919 1969
4760 2017
7794 1589
1856 177
7959 464
9610 5659
9802 5364
2056 400
1553 1416
1410 1016
2059 666
7522 1468
9625 85
3447 1760
1211 1131
6471 4130
6460 4011
3100 706
2432 1871
3198 1176
674 604
9856 4328
3808 1948
1975 1481
6450 1723
6173 5505
2455 1228
4783 2804
1483 38
7447 1048
667 470
4540 1023
4945 2301
2566 2352
7942 3030
7036 6293
5327 5218
1257 306
2418 902
3109 2057
9385 9030
1717 569
4757 3680
1297 879
2258 1432
1649 1126
3845 2004
5592 5072
5650 223
7483 2276
855 172
6009 3444
6345 6223
430 303
8968 5963
5825 2716
598 414
5096 1857
5947 3727
4455 29
3413 1754
4914 2375
8877 8740
9789 2949
7550 1419
614 428
7525 6901
4433 916
3163 335
1393 729
5595 998
7340 6748
6426 3797
4811 4281
8652 8403
5990 3959
551 299
9893 3540
7952 3395
4552 2371
847 305
4619 3659
3140 1764
4231 1982
6754 2289
1395 858
2433 2336
7083 4197
7655 6458
8111 8046
6092 4488
2731 1192
7984 2231
1284 843
5643 2116
2756 1479
7988 5890
7826 807
4484 4022
1082 407
7098 1386
8313 4977
6789 5798
8304 748
7524 1838
6400 4565
4135 1490
5687 2767
6029 3806
8680 2604
6247 1017
4568 3553
6056 5277
3142 1186
7619 6893
4148 1169
140 26
7389 7261
4696 3164
1696 767
8067 1574
1809 757
6512 5695
7194 5138
2043 1752
7096 3305
9886 3480
9124 3392
4735 954
280 143
6747 512
2538 361
2530 229
2595 2430
6587 4154
6142 2677
893 659
6576 4207
5396 5036
4653 3687
3467 150
3 1
8004 5617
4121 1508
3500 3124
9279 4603
8446 8334
7503 5465
7863 6564
8081 358
5461 4131
7594 2330
9324 5851
4004 2003
1243 462
2968 1663
9550 4898
5860 5535
3212 1619
9673 7346
5347 5281
2734 1727
3611 1070
7043 2456
3482 3049
8926 5384
4202 1235
6241 5404
2570 75
6326 560
8342 6929
1641 325
883 238
789 749
8160 6516
9459 3454
1561 633
1951 1039
1677 115
9362 3093
819 676
6709 6232
3975 616
7479 1711
2754 1593
9931 2850
7660 5487
1505 142
