397
7803 8991
114 9657
1667 3019
1757 5614
6309 7498
6948 8409
3436 5059
4094 4650
8400 9674
159 5704
1218 1585
335 9292
9659 9796
193 6939
7868 8895
4307 6427
8757 8961
1999 9646
863 7258
1161 5245
7826 9877
1372 6127
8046 8521
6038 6377
2333 6984
782 7110
9140 9353
4642 9489
3430 6576
1575 6432
3499 8752
174 6353
9182 9272
7092 8827
157 1569
5800 6382
5028 5045
1547 7734
2126 9343
8105 9822
809 7286
926 5004
4427 6280
7401 7628
3619 3648
5422 6994
4517 6324
3907 7557
8284 9462
5935 9864
8648 8754
6273 6668
1210 8512
8116 8690
6974 9673
9745 9788
4895 9160
8373 9512
8364 8721
2594 7034
3244 4974
5552 5968
9774 9910
8338 9208
8835 9168
4870 8836
718 9639
2470 3921
8603 8668
5147 7970
4668 9010
2085 7485
3210 8790
4275 4793
3492 7171
895 8634
4318 9162
9025 9915
2490 4408
5255 5379
9533 9666
412 613
5611 8198
4901 9733
341 8560
9265 9266
6573 7388
7175 8298
2506 7111
8073 8865
8640 9630
2859 6387
2625 9197
7544 8004
379 9295
8216 8419
2167 9571
6882 8141
4470 8368
2461 9398
4904 7241
9558 9897
2394 6694
5361 9727
9118 9305
1113 3111
5309 5482
6225 9205
9012 9064
1034 1279
3001 3783
9668 9950
9629 9947
496 6901
2448 8886
8625 9931
650 7937
5104 6623
3620 5590
9060 9466
1803 9656
5793 9972
6683 8755
1088 5249
2259 3291
1192 7518
1509 3478
6953 7134
4809 8374
8181 8948
5790 6812
9853 9870
9861 9881
5758 9324
2033 2064
6496 9609
1533 5578
4718 7668
3808 9057
7193 9024
1315 5531
8481 9497
2264 3616
3332 8565
9289 9647
7353 9938
7611 9694
1499 9601
2699 4563
2559 7407
7944 8528
3363 4458
8702 9185
532 2584
8517 8798
9443 9885
571 1257
2511 4701
9119 9346
2117 8365
2466 6577
2271 4385
3935 9964
8478 9391
2541 3298
1576 4435
6005 6902
7270 9929
2803 7227
3085 3477
6128 8499
3206 8118
1054 6284
4117 6699
5510 9441
8677 8938
9095 9643
5893 7330
8782 9527
3817 8890
424 4889
239 3703
9860 9997
3665 8989
7885 9008
5936 9224
2696 8626
5971 9518
1385 7004
2576 6634
3412 6513
8736 9721
7294 7541
7735 9196
5364 8485
8238 8881
1120 2798
461 5897
6608 7443
3293 6191
1422 3622
5269 6840
7442 8973
4078 6711
5396 6727
9362 9507
5460 7274
8511 8778
6480 6536
3054 7809
9847 9968
231 6156
7321 9996
9704 9981
3581 4037
8545 9863
1680 7757
8975 9145
210 5562
1292 6751
513 8077
9081 9949
839 5514
1591 2758
9905 9980
487 8078
4883 7311
662 2058
7744 8087
1971 3034
19 2694
7396 7901
1584 3633
9505 9924
3411 7174
9904 9978
389 3814
153 4380
3259 5634
9068 9318
402 9313
3554 3694
8348 9135
4813 6508
5316 6917
6097 9636
2325 9370
5909 7988
4568 9247
1564 6376
5733 7249
5463 8334
8841 9215
3889 4227
9544 9792
9274 9906
900 7679
602 6467
995 3406
4995 8002
8106 8291
6311 9810
1205 2628
7971 8451
5787 6194
6809 7118
2770 3288
3966 5070
8014 8909
7962 9899
8175 8534
3896 4582
2600 6785
4826 9876
2184 6855
6500 6866
9872 9951
4737 7823
9991 9994
3613 3716
462 5253
1381 3204
4577 9433
9849 9976
9766 9816
2411 8941
843 4498
3234 8144
2349 5848
3823 8160
6079 8028
7839 8636
9566 9658
1048 3905
6702 7365
6048 7251
6192 6734
7638 9116
2790 7601
9117 9886
6456 8584
6428 8323
3893 6656
4349 9879
7248 7586
4210 5874
4624 8671
7558 9174
7701 9786
1708 5805
5018 9050
9410 9750
573 9534
1703 6574
7456 8240
5317 9880
9187 9620
8479 8834
9561 9970
8793 9946
96 4487
9667 9715
9793 9890
728 6770
3365 3913
5133 6210
1489 3279
6244 9590
6754 8063
6954 8012
2993 3117
4861 6031
3839 6000
6859 7700
3139 7973
5920 9593
2012 6261
8670 8869
9530 9957
3788 5689
2620 6360
9855 9955
477 2746
9349 9826
2672 3304
5788 9403
8294 9728
2176 6372
7033 9555
5161 5450
5527 6762
5203 6566
9113 9151
1686 2400
1270 4475
5669 6554
3789 5097
7107 7624
669 7837
6368 6393
1555 8641
2654 8950
2986 4542
163 6959
8206 9448
4893 7135
7545 7806
3090 5991
1275 8806
5919 6413
5580 8959
5786 9691
3872 4677
5806 9671
9622 9644
4684 5188
5555 6380
4135 6949
9437 9595
4193 7272
2664 7909
6966 7981
4795 6753
1290 4663
4601 9811
2564 8328
6819 7220
2851 8308
5330 8179
1809 9390
1984 9283
7742 8861
5342 9183
2981 5419
346 6531
4843 7774
2204 5513
930
8939 8242
1929 324
3890 224
6212 4628
9959 6236
1627 714
5735 4634
3671 2761
9829 8108
347 35
7598 4425
6511 5337
7749 2603
1658 1581
845 589
4308 3605
4990 2879
185 95
9779 8589
7687 1400
7020 4576
9631 3539
201 126
3381 2498
1446 823
5573 3797
6001 505
8062 272
1943 152
6838 5430
3260 1779
4163 2339
517 385
395 291
82 51
7872 5694
2670 2616
8773 1247
6832 5127
5484 961
8312 8102
5122 1074
5810 179
9702 1951
929 767
1855 580
5042 3121
6168 3761
3916 3410
4607 15
1863 1474
4119 1865
3007 1876
1236 1093
6227 5230
8660 6304
7640 1942
6137 1324
2265 369
9038 7804
618 564
8086 1738
4527 4177
4179 2834
5981 4204
9618 8030
9338 4978
3329 191
2011 1060
3167 1077
2153 361
3356 691
9708 9594
440 282
628 200
3433 2323
6356 1653
5256 3929
7195 490
6101 1022
7721 4396
6246 902
279 258
983 770
9823 7056
1836 293
2780 74
49 25
8703 5906
2321 1272
8022 6765
5728 3048
5261 5135
621 18
3318 1523
3844 913
9423 4390
4939 327
8593 3404
7168 1780
600 348
9685 3028
4261 3918
3042 2083
1156 556
6219 3533
3970 3394
1592 1460
955 616
265 70
4707 3183
6556 1316
1408 584
9372 6476
3860 2424
1729 1660
7187 1148
3228 240
8557 5931
4702 4420
5386 4580
2970 1169
7381 1232
3362 2151
5424 1901
4419 292
2214 1949
872 830
4681 1404
7481 6534
2762 2215
6189 3024
5305 757
7840 3689
5687 3568
3144 741
7430 3869
4184 3299
6430 5480
2523 1758
2538 1800
6301 993
9233 1061
2963 1822
2434 563
8266 8104
5420 359
4410 1153
5241 4481
8321 1921
8448 4751
5302 1552
3219 1815
6457 4777
7691 4744
5658 3885
1028 170
9017 6176
3988 143
7119 800
8005 3690
7232 7165
5478 2216
305 102
6777 5761
5530 59
5046 4277
8967 2601
55 8
9358 4732
6622 1350
8802 5421
9547 4606
2583 507
2692 1171
9565 4647
5234 756
3150 2977
8965 5706
6705 150
8195 1021
1883 575
2467 1562
3016 2306
3446 1351
2881 1838
3209 917
87 12
1304 407
1913 1604
4602 2540
4115 214
5561 1108
9814 2049
7602 1764
9513 3731
8390 4755
259 145
2854 60
3464 1473
8277 6163
6844 971
7739 393
4132 2163
7464 7359
142 22
1389 438
7284 4192
109 53
6915 4516
9770 1176
1519 790
8724 7924
5155 2884
639 131
408 396
9619 3200
1158 31
1888 746
5606 3036
3741 3584
7002 1823
2967 534
2172 1746
340 323
9453 3438
6529 3634
9683 9287
6891 5711
3508 415
3490 1927
4361 1214
6421 1384
1112 325
7238 3109
747 280
3191 2748
7032 430
5682 1553
8596 542
1378 721
8132 4585
4232 522
3726 1537
5498 3951
3608 950
7936 409
8031 3212
1684 1163
2850 1196
6489 2548
5213 4444
9195 123
1354 1308
8748 3242
4686 249
925 268
8201 3691
3373 16
2169 1468
799 751
6740 1338
3262 1542
8438 6039
9588 6165
4811 2883
9013 1220
3879 418
4696 957
3142 309
3269 1938
7963 5515
146 30
4074 921
2647 86
3838 2946
1605 873
6991 6418
7186 5014
8830 7836
4047 3173
2300 1659
8145 4661
3686 2801
8722 2410
7873 1953
4096 2861
211 155
481 454
5134 4653
520 196
3824 1566
2923 2122
7573 3481
2592 1131
1432 1379
4805 4113
314 76
8874 2817
1341 704
6029 3561
899 820
2314 2170
2878 160
8711 1295
3115 2984
5221 4920
5312 991
3296 69
6509 5334
7594 2253
1833 727
3663 944
9041 2713
8870 6669
3642 2948
207 156
5455 4638
1761 1517
3899 789
2104 914
7145 4290
570 46
1110 420
2293 1992
1760 242
2838 603
9807 6441
9290 1740
351 232
2479 850
707 298
7592 1043
9625 4155
1899 328
9368 6094
5270 2
9379 8888
7896 7319
6007 4455
7364 5884
8659 3277
4648 1333
4583 1886
3081 1826
7931 6239
8572 8074
7047 780
8644 5406
9019 3178
9189 7634
4697 4334
9901 5189
311 133
5244 4803
8231 486
172 28
4892 740
6615 5015
7109 1721
3208 197
8768 3552
9213 6545
9169 4622
256 199
8393 7883
3978 2272
8122 2802
4656 766
4856 1497
5036 1666
4839 2938
2529 1099
6291 3124
2503 1959
9975 2133
184 50
4373 2739
3509 633
7588 4354
4348 4276
6922 3340
4330 2693
4694 935
321 313
9380 6484
2940 1101
2781 875
2131 204
6063 492
1277 277
72 61
7984 3706
3897 2688
2634 1852
6514 3331
2031 1673
8653 5915
8758 7355
1794 1431
5408 2128
7664 73
4819 4017
3443 3105
2183 1429
3682 255
6180 3355
1665 1361
8455 6706
2318 853
1174 663
832 773
1937 1175
4089 1397
263 215
3617 867
7194 7130
6152 1255
6769 6515
1706 1115
3596 3440
2889 2182
536 502
4006 3660
6528 5341
4529 294
7285 4350
2818 1005
8304 2034
2378 959
3574 1390
2437 388
9417 7459
6202 5812
7767 6406
6743 5781
495 458
8229 5726
5594 2273
4654 1307
1787 1104
2945 2290
4871 4207
1962 558
7846 5604
2019 499
3337 41
1532 1036
4153 4070
6626 6559
6930 4305
8672 2197
737 24
9112 3345
4660 2070
8527 7072
9221 2334
6416 2985
4280 3324
8471 7452
7778 7692
2360 1068
4029 3010
8464 2704
898 194
734 711
1212 1049
8549 2556
6055 1997
1582 565
7671 7230
1756 246
5499 3185
9688 525
1040 605
4109 2903
6140 2742
3981 1752
5802 4964
3833 1355
6265 5783
6945 2335
4695 1299
7618 2069
9932 2121
2062 386
8127 3437
5660 373
7181 946
8713 919
5654 3238
5645 1939
1811 1030
7434 2799
6158 3730
969 77
2337 1966
1648 1116
7964 7021
1293 1172
1563 1274
5119 3249
2374 2105
4464 1850
2206 206
4794 2345
6641 976
220 189
6596 807
3192 3003
8520 4569
7659 6141
9455 2140
3837 725
8652 5582
3942 2824
7035 5077
8268 2213
1799 245
5143 105
4079 1221
4828 3302
1759 171
8356 4401
6909 2708
2328 1624
5512 5064
1445 64
9908 6684
7261 1249
8680 8171
7160 2565
8415 4673
3931 690
6109 3846
8926 1819
7201 6796
5688 1006
3400 2918
869 815
2416 414
8154 2463
6726 2226
3680 1783
9065 3749
4062 4024
8349 970
9369 4997
2298 1472
8658 3636
3732 229
4157 2356
6530 2679
964 687
9456 1874
1621 45
3131 2836
3695 17
2219 1915
9052 127
2232 518
7216 6660
2435 949
9641 975
1732 1479
1331 332
491 205
8579 8281
2561 1018
1181 267
1127 870
6517 1314
7079 4333
5542 3
2207 1271
3670 1685
3510 11
2659 1449
1806 442
934 680
6472 2617
5437 4041
9988 8018
7696 2756
5734 2453
1616 1356
1244 1241
5057 4065
8421 4776
2727 2433
778 506
7120 2823
4932 226
7475 3810
5773 1041
2591 1932
9314 7136
6238 1391
4211 844
4018 2877
9979 5557
8740 625
8117 694
7649 2507
4357 1458
9984 5389
7315 878
5099 5068
9280 8911
5946 659
6555 2734
4575 909
7495 4209
3122 1190
6492 736
5283 4154
2650 1812
4338 828
2785 1755
8786 5115
943 656
9406 5607
4704 4363
4220 1707
9257 8258
5672 1668
8647 7022
7189 4225
2531 715
1594 705
9757 8689
248 65
8336 5974
7732 5516
3089 1340
8259 7750
1596 1029
4362 3311
7069 2168
5979 1507
3088 1160
8280 5913
864 437
6987 2038
7865 3980
8935 7506
755 537
8654 6739
8299 937
7370 3714
3868 786
3086 310
6783 2844
1632 837
7663 6646
4258 3387
3426 1741
7157 307
8901 6232
7571 6632
1689 181
5650 3339
7766 3110
7017 1019
266 188
4824 4311
4749 4434
6056 4213
7538 3197
9874 8974
1027 848
6011 2343
1425 401
6533 1910
2422 1262
3834 3681
7225 5729
8562 7269
7759 4195
5471 1035
5651 1861
7008 13
1435 547
7124 5676
21 6
7647 6139
2389 866
9851 9735
3597 1366
6435 2403
4262 2833
5003 3911
8292 4379
6772 1124
4212 3687
9206 1000
3637 3233
3328 1941
6445 473
8262 6471
6870 6708
3609 3327
6308 597
701 529
7715 4572
7996 4001
6874 358
4160 3984
4521 758
8746 8193
7267 3407
5551 3550
7387 5997
5440 4221
3372 1767
936 450
9993 8924
5754 5592
7182 139
9564 9255
2287 357
6831 5707
5554 586
5537 244
3798 861
6857 1134
3536 3018
7769 4092
484 316
20 7
1957 713
856 748
5587 5044
9672 1374
9686 7149
5769 5705
1317 668
4287 2205
9214 2926
4456 1219
6686 622
257 234
8889 4623
8763 7235
3525 1057
4507 1285
9002 6802
2445 791
9550 4256
9971 6685
3659 699
9701 1443
2733 783
1631 966
7608 237
6880 5323
3130 120
5632 4387
4867 416
4557 3854
2983 1525
8775 4617
3862 3282
4173 2860
7297 6313
543 227
3245 1296
3014 2377
9898 6805
8096 6286
422 362
7902 7762
4465 1363
7463 3515
7834 6255
2246 948
5809 3964
8080 6942
338 173
6278 1321
7290 6479
749 306
4447 463
4488 33
3493 423
855 763
4850 709
3250 52
1725 9
1180 775
8157 1972
6375 1123
826 503
2164 1437
6295 2702
8980 3567
3702 1132
5353 4841
4476 881
5852 2718
3473 2240
7520 601
4478 978
8622 6748
9228 3641
7825 5313
9227 9106
447 134
4125 1328
8384 7892
8375 370
6788 83
8042 530
8919 5477
6044 3125
716 175
2722 1091
7039 6072
3631 3218
9285 7694
7751 7231
1728 1126
2906 1791
3816 1975
562 166
7077 645
5467 2769
1291 717
5709 352
2210 1245
3791 1870
9765 2609
8488 6532
6639 1204
7209 4075
5601 3772
1586 1505
1540 512
1284 363
5040 1522
4022 233
5638 4345
2893 2392
3450 2187
8734 1530
6784 1438
3220 2505
9705 2947
6526 6043
9460 5209
7087 6522
1683 1538
1100 677
7990 4561
2537 719
6911 5340
1935 1705
7214 1496
9532 4676
1873 1309
6675 6537
9459 7554
5382 1393
9098 4100
2346 124
2822 1506
3455 1231
5308 624
8697 2831
8929 6934
7534 3488
2097 1357
2302 615
9045 3186
2473 927
5295 3013
7454 887
138 1
6054 858
9093 4524
634 168
7335 5778
2102 1612
6224 3000
7427 5969
9542 5236
2053 1502
9888 241
3638 2830
3069 230
4010 2060
9334 1695
2379 355
4993 1839
3527 1162
5643 3710
5329 1211
6319 2665
4412 3874
5174 135
9048 5818
3126 151
7530 4807
1008 498
548 456
1239 647
8064 3894
4299 2530
9393 6647
2288 365
2007 1406
9253 1370
2719 1918
6315 3135
3560 1568
9014 7317
7308 2149
2635 550
6003 1902
3933 3409
3143 2125
1020 594
8561 6869
5627 1222
4884 3096
6103 1459
6420 6354
5338 836
6300 2352
6854 5403
