520
3370 6331
2436 9791
688 8619
9687 9696
6705 6973
2381 3507
8276 8566
9588 9886
8333 9251
1642 4299
1132 9835
3242 3313
1694 2979
944 6531
9380 9845
1752 4436
7027 7722
8776 9162
4351 6777
9963 9969
9751 9986
7246 9228
2653 6474
6751 8482
4466 8708
6726 9642
8248 9416
4475 5896
7513 9477
9916 9955
8080 8568
2596 5254
2083 3951
1142 4905
44 4752
1347 6803
1855 9284
1895 3404
428 9035
8050 8815
9656 9917
4886 7280
3080 3465
1597 5118
5027 6604
585 5746
1255 8060
6008 7038
3717 5137
4592 7412
3411 7488
9561 9783
2482 2724
5037 6311
9085 9888
8488 8505
4435 9711
8271 9342
4618 4697
2663 3376
6781 7274
986 4762
4322 5266
7109 9255
2256 9959
2399 9006
7446 8413
4471 9210
1163 5119
4721 4758
2086 7083
2479 3983
5174 6344
3979 5736
1520 8928
6838 7389
1056 4859
7695 8503
3396 7023
2609 3488
2928 4667
8597 9165
6245 8260
5225 8149
7288 9141
5924 7453
845 2266
3903 5507
5721 8771
9750 9867
3702 4434
7169 9704
4323 7837
8226 9878
2901 4531
5611 6941
2404 7401
1486 7247
4580 9077
870 9444
4286 9394
7941 9052
3077 5138
3858 9517
2412 3774
7972 9361
7819 9274
1395 9357
6943 8475
5767 6569
6551 6837
3403 7769
3005 5154
5062 5160
9391 9849
9732 9982
9782 9894
1993 6346
296 6677
1742 8332
5205 5214
463 3211
9180 9605
2641 3235
8785 9786
452 9925
2293 3163
9987 9999
5178 5966
9480 9529
1557 5552
3092 7736
7284 8967
6905 8467
694 2664
427 2097
1578 3560
5723 7499
7542 8737
483 5516
578 5397
2113 3682
1502 4318
4746 8362
7884 9370
1828 9143
6351 8159
524 7944
2534 8138
4598 8625
8004 8822
5420 6983
9267 9325
3336 3915
3487 8626
8832 9822
241 353
2569 2974
9537 9838
1948 9895
8305 8958
6271 8135
3085 7494
9368 9981
6702 8976
7052 7888
4365 9614
7316 8455
8526 9865
3180 8736
1467 9164
4414 7199
6666 9067
6650 8880
5700 8414
7458 9470
6294 8784
2823 3768
7160 7463
4132 8064
2888 9660
7158 8571
6235 7659
1889 3265
4539 4951
646 4005
4341 5051
2545 4805
179 5183
8512 9417
6012 7327
3470 4495
5421 6027
9082 9647
1997 9041
9742 9996
9762 9871
908 4025
9823 9884
4407 6639
5825 9848
3750 3957
6981 8284
9985 9994
8269 8509
4143 5492
8444 9050
3579 4748
288 5527
533 2881
3737 8468
7070 7718
9153 9690
416 1394
5810 9230
8052 8584
7302 8554
1767 2088
6707 8023
9212 9602
6701 9310
5907 7742
7666 8225
1574 7267
1822 3412
4003 6638
8598 9168
3612 7681
81 653
1328 8192
6472 9932
7377 8348
9206 9313
3152 8952
7334 7584
8045 8760
7657 7968
7864 8274
1891 7194
7439 9151
9882 9976
6689 8823
7363 8311
7740 8078
3101 4081
8838 9907
2709 9675
9739 9785
135 2285
2680 9706
9535 9858
2425 9695
2981 4224
4038 9857
7907 9523
8320 8980
1684 3274
3069 8825
6314 7560
7285 7396
6896 9347
5014 5253
2511 8765
314 1674
4659 8985
2054 6864
7496 9864
2055 5839
7721 8499
5096 5480
6243 9191
6795 8230
4268 7809
7191 7411
8324 9110
802 8313
164 6246
1866 7407
1313 9627
5452 8235
7204 8390
2671 4253
3759 5263
9951 9964
4787 7961
1451 8986
2116 8756
9229 9744
3110 5386
9510 9524
7904 9314
3882 8937
4729 9362
2350 7234
4209 5331
5744 7658
1954 5994
1776 6783
7227 8827
988 7404
2236 6317
2783 7975
4917 8493
2902 7179
1112 5385
3047 5257
7348 9689
9827 9863
3827 7299
9872 9992
1354 4173
4480 8800
3022 4631
487 9990
9010 9581
2239 7225
7270 7306
8530 9181
5185 9282
7832 9761
3817 6982
1932 5690
6251 7039
7607 7729
2443 7013
3621 3843
3553 6859
6659 7561
7553 9399
2932 3714
2552 4090
9021 9748
2740 7248
9420 9633
1939 9869
2539 2957
2826 4744
2310 6150
6601 9971
8529 9013
6979 7859
7705 8850
5080 9496
491 9241
3175 3767
5260 9817
6720 9664
3862 4671
2476 9653
2942 9723
3108 4087
6712 7114
396 7365
5506 6261
7758 8095
5518 9618
1835 5638
6208 7276
8442 9268
4565 9531
4806 5687
2030 9224
8658 9293
9532 9856
3448 4085
5357 6598
3303 4305
6632 8145
1782 9697
6230 6640
6802 9378
1496 3015
9607 9998
4349 5033
323 5145
110 471
889 6735
1644 6886
1724 6500
191 2094
7431 7966
3840 8870
1908 3351
4972 6229
4561 7520
3319 6953
1813 9545
8860 9597
41 3127
9070 9966
8667 9079
4162 6223
9676 9758
1801 2654
5789 6390
9700 9950
8385 9691
1107 3433
1676 8668
5132 9557
3742 6473
9008 9546
3649 8489
4289 5949
4577 6706
4208 5344
1017 1849
6272 7788
2225 7088
50 7613
1075 4089
2729 9332
3909 7527
1386 6469
6036 7823
7675 7768
9978 9989
6995 9548
892 6581
3921 4240
8753 9854
5340 9591
8137 8890
7430 9708
2363 3324
4739 9051
4778 5384
4030 7421
6969 7755
4425 8635
4728 7814
8127 9281
9654 9837
7012 7118
9280 9630
7987 9726
3240 9795
6867 7748
1573 2372
8580 9677
6991 9289
7632 7804
9752 9779
2935 6610
7860 8968
1312 6050
4901 5383
1870 8474
5613 7435
147 5807
8865 9382
3004 6759
3667 4042
951 8599
3044 5842
3811 5637
7265 9968
2458 5095
9641 9844
5151 7454
27 3647
3148 5747
2906 5031
3322 7893
4643 7912
9839 9877
1961 8243
6658 8209
9185 9247
7708 8527
4602 9371
2713 3012
7077 9038
3601 4368
1710 3038
5315 9640
3931 4336
5270 7080
5858 8665
6073 6727
4656 5781
747 8292
9447 9678
138 1131
3194 9295
4018 5414
8432 9705
6879 8514
3426 9222
2407 8306
54 901
5777 6775
5901 7487
3845 3876
683 9566
6460 8275
7738 9961
4197 5477
7037 9326
3307 6178
4903 6573
1408 7497
2049 4868
9899 9941
3094 3539
9383 9993
3137 4875
8457 9802
7511 7522
512 5774
8602 8653
8011 8164
5853 6015
496 3769
5656 8726
4175 6564
4836 8539
476 5658
1668 3762
2158 6633
110
7811 1702
1833 78
3632 3187
2795 531
3980 598
480 25
3694 3018
5085 1127
3099 369
1815 1672
2781 6
1760 1466
1429 439
4714 3594
4437 549
756 398
9216 7772
9553 7763
614 364
5582 113
7887 7320
3813 2527
9754 1798
7834 5780
5011 1320
5587 5508
526 153
2071 1035
3622 2977
7932 530
762 421
950 576
2338 994
482 442
2378 767
2662 1405
1269 962
7479 1399
7367 5553
3635 1246
9755 772
8117 928
4723 82
8646 4468
3859 2200
3666 2658
3330 2685
2947 2371
3093 2349
3392 1043
1765 1511
3792 3620
5641 4814
3164 2005
4563 2206
3907 2543
9497 1196
3681 2541
2110 367
5862 1350
6115 3011
8406 2684
7730 634
1656 1599
5358 1414
6175 1561
2718 1245
5871 5458
799 547
6003 618
6057 4427
2585 1682
7065 1247
1789 891
7937 3406
9479 2064
6852 1687
9076 9004
613 397
4345 3352
7970 4830
155 95
1412 942
5248 2589
3208 777
7266 3528
258 116
844 219
9568 7015
277 2
5148 3607
1817 122
8244 485
6799 882
3394 740
6935 6628
9897 6624
4858 3716
5962 5849
4013 750
3734 3453
3966 2155
3141 1701
6501 5294
9637 9526
2858 1471
3252 1177
7960 6412
2033 554
4 3
