662
9589 9901
7381 9704
9637 9738
8618 9070
4966 9628
865 2427
1532 9695
6322 6497
767 2092
8864 9723
1817 5261
5049 6062
3399 9343
3707 8327
2914 4425
3807 7441
1798 3871
9612 9952
2695 5509
1595 5619
137 7078
3324 8186
4116 4640
2654 9911
3093 9261
6681 9998
7190 8757
2647 7070
4625 5639
2088 9372
1115 6821
9469 9832
6771 7218
7578 8235
8560 8815
4518 5945
3469 5594
8553 9967
9483 9656
5383 6978
4798 5485
5607 6952
3750 8581
9258 9563
7296 8699
6687 7940
4176 8968
3675 3778
2731 9510
2933 6751
9220 9338
1091 2912
3786 6682
1877 9447
3887 7951
9890 9962
5800 7429
1329 3602
2011 4827
7821 9242
390 8383
475 3839
9558 9593
5245 8771
7937 9143
1544 8871
4652 7400
8165 9018
8853 9265
8924 9769
9466 9536
8123 8179
162 1015
2578 9287
7865 8139
5622 8427
5569 6901
254 7860
7060 7088
9145 9749
9377 9836
8363 9016
4412 5744
3526 6378
6386 7646
3417 4335
9460 9516
6267 8240
4017 9422
704 8006
6145 7382
9578 9623
3154 5750
8296 9355
117 1275
991 3517
3373 8132
9579 9996
2203 6900
6232 6241
562 9140
4225 6592
2560 3340
7898 8347
3059 7820
685 7913
97 3414
3467 6077
3199 8744
8650 8842
7495 9489
4012 4638
1122 2151
1184 2326
9731 9762
8157 9178
3979 6348
1076 9756
2891 6802
4663 5840
4025 7685
7802 8409
6634 9925
4523 8552
7605 9044
972 4859
4042 7629
9807 9898
7811 8239
1319 9574
6433 7866
8085 8519
8172 9791
3851 5978
1101 5341
1051 4448
6121 8925
503 2074
8096 9115
9575 9938
9635 9788
8174 8264
9109 9896
5297 6432
7876 8798
5907 7537
6722 8663
8621 9825
4766 7758
5300 7514
7302 9051
3291 8397
5399 8731
3611 5783
7660 7828
603 5283
2545 7970
2892 3319
4784 5280
5068 5187
7331 7680
9698 9735
8453 8652
49 5922
2038 3906
5728 7723
2779 8831
5904 8404
3036 9860
871 8346
8485 9087
7004 7263
4341 5672
5007 6407
2641 3495
1590 5109
2221 6740
5760 9083
931 2130
1913 4868
2409 2556
2041 4557
2994 5154
8180 8856
2349 6083
1274 4107
4944 7140
5962 6857
174 2836
9752 9941
6103 8558
9093 9321
1702 4024
607 5285
3660 4886
5751 9491
4603 8850
2239 9425
4399 8554
3214 8813
8113 8796
1969 2116
305 4876
3599 4804
2453 9118
5204 7493
5329 9549
670 1965
4436 5571
667 2281
8456 8913
8195 9299
1034 1866
5584 9748
9410 9543
2528 9541
6231 8714
5710 5968
6539 7529
4357 6039
3445 6010
1526 3702
39 3521
5468 5917
7643 8064
3509 9916
3532 6735
4622 7542
4148 6169
1446 1570
9477 9690
699 7733
1371 9659
1593 8058
4476 4994
7406 9147
6409 9235
2398 3198
3580 8050
170 4681
6683 8365
4140 4920
3582 8993
6318 7602
7335 7788
6104 6382
8911 9492
9417 9959
3795 6189
5824 6897
1333 6744
1195 7671
1686 5255
8418 9197
5189 7073
6783 7967
7840 8162
3051 8154
2431 8845
7306 9779
4146 7410
3642 7209
5604 9675
6331 6760
7628 8337
4800 6632
7906 8270
1222 8812
2829 5843
4323 8147
2137 8472
8432 9693
428 2997
7387 8960
4098 9851
1800 3329
8770 9734
7064 9253
5277 6235
4901 4905
5987 6445
7882 7981
2017 6388
658 3170
3870 4714
5884 7648
1404 3689
2432 5480
7667 9570
1208 9463
8542 9289
6417 7189
4356 4696
5024 5492
2751 7268
485 7893
6005 6847
75 4153
5781 9331
6987 8603
4689 8312
9833 9923
7043 8142
869 8608
1844 7447
8481 9350
292 6284
3960 6801
5587 8477
683 6750
384 6983
6483 7953
6746 8343
1483 2056
8901 9800
5832 7233
5865 7527
2964 5470
4531 9736
1459 4299
4776 5506
7538 8482
1736 5293
8115 8359
7401 9603
7474 9317
8253 8316
3957 7962
8585 9602
3254 8138
2534 6590
923 6017
5564 6778
7128 8736
2650 7756
267 3476
6360 8963
2190 8339
9131 9732
864 5916
561 8982
1816 2918
315 4047
6910 9352
431 3007
2890 3986
2318 8390
7510 8806
4735 6442
1135 2312
1711 5906
8786 9366
2681 7847
8416 9737
2146 8966
5340 7517
8848 9461
1774 6396
9017 9702
7490 8912
8277 8303
875 7343
433 3191
3402 6094
2213 3643
5929 8628
9655 9903
9966 9993
4782 8319
5353 6988
85 7023
1582 4029
7342 9677
6099 9797
410 2559
3725 9616
6 5827
7653 9812
1114 3438
1045 1612
6006 8637
8273 9149
3831 5333
6873 9560
5306 5698
4343 4895
8110 8514
4378 8556
726 5764
9358 9824
2853 8233
9708 9713
8030 8540
3911 9989
626 4161
7085 7157
4509 6071
8259 9347
8922 9729
3026 3160
2565 3881
3248 7800
5851 7523
6063 8336
7693 7892
9150 9620
5473 9191
5374 7728
5562 6493
467 644
6563 8965
3671 5862
6684 8528
7729 7869
8135 8461
6412 7911
6245 6295
2872 3420
7297 9089
6921 9341
2159 7631
5308 7075
4665 7316
9495 9864
2098 2356
7440 8475
1373 9964
947 6714
4945 9075
3073 6165
8027 9875
2805 3470
3926 6753
6434 8994
7374 8690
3547 6904
8784 9267
1617 3529
3450 5565
339 5718
8219 8886
1264 1886
3321 3511
3890 4576
1121 1983
1177 6652
8676 9936
9944 9986
8510 8677
2826 8069
8973 9320
1723 8268
5190 9926
7419 7580
4891 5002
6674 9815
5228 6635
6100 8317
3615 4651
8768 9319
1840 4707
1801 8687
6941 8263
9722 9844
2735 9823
6395 8807
6187 9045
5997 7634
7664 8808
8090 9872
2008 4187
8222 8956
7000 7850
4114 7290
3977 6612
7691 9420
8229 9036
9778 9932
6918 9014
5640 7741
3210 9610
3084 8909
4377 5948
4919 5238
1374 9524
5770 6050
7179 7415
5476 5520
1323 6144
9236 9914
5377 8467
1505 5538
3247 7807
6838 9671
3874 6092
4623 8609
3355 9176
8573 8754
560 4989
7217 8425
9104 9816
5601 7650
3367 5549
4687 7505
6772 8576
4466 9374
951 5419
1395 8782
123 8741
801 6419
9837 9953
8282 8962
4956 9161
6020 7575
7037 9006
6345 6781
6603 9535
2278 9820
9298 9828
6884 8578
5440 8170
7137 8820
4580 5394
3845 5697
2720 8375
9557 9636
7823 8153
6404 9742
5805 6272
5262 6916
9718 9802
2709 3627
2546 9397
2543 7238
4961 5924
5178 9451
4281 7046
8152 9293
8417 9568
487 891
5644 9661
6415 8202
9308 9679
7394 9134
4828 9041
629 2170
7022 7562
9112 9840
4915 7373
1687 7540
3100 4751
7806 9371
9042 9935
674 2505
6507 9613
7536 7947
4582 4910
1996 3570
593 4731
9523 9960
823 3972
3934 5630
2085 4455
1944 6093
3753 8291
6387 8151
3299 7924
440 3810
5936 7550
1194 5878
5118 9440
8520 9621
5365 5834
5511 7512
2473 2586
3258 7133
4287 4819
847 6733
126 5023
2246 9771
2516 7277
4937 6456
1999 4219
3893 7327
824 3731
6152 8308
3148 4109
5647 7214
2303 2614
3862 4942
5659 6045
3140 7095
802 8479
4744 9249
2510 3654
7122 7363
1916 3264
8661 9330
1930 5530
3327 8368
8811 8995
8984 9759
1531 6844
5235 5705
5734 8341
6312 6990
5763 6602
100 9353
6368 8486
4592 4732
4295 9375
3827 4050
7124 9686
6808 9367
5923 6697
6827 8166
3175 8250
595 3812
8684 9063
2328 2673
7564 9035
6846 9641
9175 9368
2235 8049
1906 7005
272 5239
902 6237
2738 8214
337 6177
2820 3980
9434 9584
7768 8354
9672 9673
9951 9980
5822 6469
1537 5911
4452 8534
4540 6135
6950 8399
8882 9712
2523 5801
9902 9919
6275 8839
7126 7568
3633 7211
9847 9963
7012 7498
157 3815
4053 6126
8200 9905
463 2765
3043 5354
4502 6343
8275 9329
4418 5695
3106 6594
582 4781
124 1477
5445 6786
6120 7066
579 7933
4290 4610
242
7539 6260
3172 295
4879 2868
4511 3261
7449 4145
4113 2883
3403 3207
4810 2472
2502 1656
2653 1396
1128 220
9237 2004
7750 4065
5364 5041
574 387
9384 7026
5388 3235
9870 5402
9437 4348
9438 5707
9200 1312
3477 1722
1740 1056
9882 3693
7123 515
8508 293
1789 1281
9883 4890
3781 2740
6895 6601
3886 365
456 59
7991 5931
9567 570
7379 2808
915 781
180 50
8866 7583
6362 3354
3946 2459
208 119
8189 4813
336 251
7901 1609
60 20
7948 7368
4036 2277
6957 6724
2527 857
3396 713
4834 3579
2767 2207
6934 3560
6007 1667
4835 1024
5642 1224
1705 271
3187 2138
115 105
2075 1737
2100 1215
5211 3013
2942 2133
3507 2619
1030 420
3439 1298
568 430
2549 646
8793 7662
1487 406
352 205
1552 707
8932 3460
2503 2407
7957 971
8029 2661
8490 8217
4545 4337
2847 219
6969 5600
2174 181
8448 1976
7344 4628
407 200
2595 751
7879 242
9199 5389
7307 5289
3726 3276
222 103
6596 3723
4492 3559
7557 1200
6648 4820
62 26
5146 3835
1336 676
1260 196
2732 1580
5422 2678
789 311
7168 7039
470 350
6236 1614
2581 2115
1351 924
3030 68
1739 396
349 308
3825 1331
5425 3793
7896 5126
177 168
90 58
152 2
957 573
4486 2818
5092 2705
1765 534
4428 765
5846 2492
2400 1719
84 63
4082 3524
6461 3686
392 319
9804 6110
2205 1022
2873 2634
6532 3967
5965 1468
5898 3976
5641 4558
3434 285
9503 1873
3708 944
8844 7740
3669 3610
9238 8976
7114 4986
4160 4060
1439 896
1960 1572
8225 4338
4456 592
9342 3412
5887 2105
329 298
5973 2160
9177 7651
2175 2042
7385 1859
6659 6351
2857 565
9601 7739
4420 2795
8723 8635
6924 6455
9464 6729
4479 2729
4980 3284
5568 2766
7127 6919
7242 1431
9608 2977
2557 2297
2421 575
191 37
692 230
7186 2156
8169 4871
6860 3085
7173 4565
5257 318
41 3
4133 3618
7516 6349
5803 700
2212 2047
1922 1157
1688 816
1119 668
8364 3362
4261 1632
1540 86
8821 3996
6608 3383
1712 1547
2802 1301
5028 74
2656 2035
2422 2148
7946 1497
8018 4785
6457 2329
7281 101
5864 3483
1213 794
5451 1573
8836 8555
9416 8667
1245 638
4750 4654
8970 2204
9694 3568
3688 3040
512 234
8961 1694
2005 1028
3804 2768
3212 2295
8899 8859
9049 8897
5560 1475
5386 331
3984 389
5937 5828
1889 507
7161 1790
3683 1696
4179 2521
9985 3323
1815 1130
2481 572
8185 346
2245 1148
958 698
6510 1008
1664 651
1881 1304
9817 9007
1365 185
7392 5670
4769 906
9772 2948
186 113
5106 3682
3940 399
3562 129
5030 3774
3844 3407
3385 468
