555
9810 9927
9912 9974
7806 8833
8125 8366
6687 8900
8094 9645
178 2832
3627 8543
1589 3695
3606 5593
4396 9725
2513 2542
4685 6775
1567 4864
7647 8985
6740 9579
2403 6882
1674 5060
8852 9426
424 8277
1139 4901
418 3145
5211 6533
5476 6780
2492 3247
5081 7224
7187 9869
7010 7852
584 8648
7534 9446
2201 9712
7524 7795
4476 6282
7815 8968
9640 9703
5884 9837
1863 9500
8905 9751
919 8422
7829 9398
9408 9422
3699 7854
182 2824
1111 9913
2816 9717
3759 5217
5048 8297
8111 9350
6744 7360
9925 9943
1607 8347
5720 8337
7092 9429
5128 7490
1152 9013
4797 7762
8709 9460
7393 9549
9428 9888
2370 8254
7892 9976
6924 9035
5858 8103
8372 9856
6389 7141
2418 3352
4972 8652
9377 9420
9079 9282
1822 9978
6716 7126
7041 8806
2561 4736
8127 9012
7232 9089
6815 8075
516 5201
5891 7682
7969 9562
7299 9875
3349 8170
4032 8508
569 8936
5642 7338
2286 4442
762 1711
9004 9182
8678 9850
2021 2507
7086 9296
759 4761
8804 9200
3399 4412
7219 7556
5260 8958
160 3963
315 1620
4622 6134
4361 5980
7602 8894
8876 9750
9741 9812
2577 2762
5094 9944
1845 4046
8373 8777
7889 8792
8507 9214
5989 8115
6461 7398
3151 4842
4447 7746
8542 8721
898 4270
3913 4087
5117 9185
9170 9259
4732 7030
2980 6473
9094 9586
6765 8939
2614 3966
9811 9929
9112 9537
8421 9596
3880 8215
7445 8963
684 9642
9235 9859
915 2692
6725 9665
3601 7108
6957 9348
7134 7530
8514 8871
633 6884
6022 8570
3036 6883
5193 8205
4884 6829
7396 8942
2306 6287
2008 4487
2565 4871
1871 8982
376 5811
5003 8240
6952 7732
8105 8962
2084 7244
8528 9709
7645 8761
4618 5771
6881 7585
3327 9187
5842 7623
4969 6520
631 4875
3769 9582
9940 9961
4973 8124
1325 3133
9901 9955
6165 6352
4496 5125
2484 6536
4720 6117
2825 8568
8179 9508
6931 8836
9551 9914
7118 9152
3029 3374
8143 9062
7827 9140
3531 6817
5877 9661
7079 8739
3270 5267
167 491
5580 8476
3553 5227
562 7865
1219 5814
7614 9064
8768 9193
5830 7195
507 8602
4715 6245
9785 9867
9387 9778
413 9894
8995 9442
8862 9697
9415 9505
6915 9622
7023 7140
9666 9687
1583 6865
1761 6529
3351 8843
173 2986
5270 9180
5363 6694
5613 9481
2530 8533
4123 6666
3027 9194
1080 1646
5895 8574
7676 9629
8901 9206
9903 9905
179 6468
2206 2938
6722 7327
5661 9053
7729 8176
3816 9360
4174 9202
4034 6903
3935 9031
7243 8429
7811 8164
9857 9918
6866 8510
1537 7883
3004 6930
3382 4903
3174 5029
4885 8303
9921 9953
6132 7505
8524 9699
367 6554
6501 7101
4085 5364
2575 4190
9479 9621
4052 7119
5525 6337
5078 8613
8772 9546
7630 9863
3346 7891
8680 8928
8902 9109
7519 8531
329 1924
3407 9414
1259 5885
4870 9123
5418 8132
9120 9463
1655 5342
7792 8160
5999 8442
7033 9864
1310 2224
2239 8630
5086 7681
4573 6728
2280 2873
4208 4360
6237 6758
4137 5368
5548 6185
1329 6798
2770 6401
9470 9989
6670 8246
2416 9819
3867 5512
9767 9784
5741 9132
9009 9261
2150 2766
2821 9226
4812 8636
6152 8559
8395 9639
8827 9723
9984 9990
2681 7847
7718 8354
9733 9839
1191 6655
8338 9818
3438 7355
9283 9349
5274 8063
5309 6816
7679 9919
7799 9458
279 3485
8193 9456
9058 9113
7142 9828
235 2172
8185 8411
6311 8440
2205 4094
377 5336
4329 6783
3615 6454
2639 8713
6290 6887
2059 7962
6369 6698
7565 8561
5028 6435
57 165
7136 9851
8669 9892
316 9899
1721 3765
4494 7251
9644 9910
7668 9050
8025 9485
3248 8451
9002 9675
4020 8904
6222 9598
8301 8918
7422 9558
447 8738
7483 7779
9039 9972
4710 9117
5705 7284
986 2886
7968 8513
3180 6021
262 8903
596 6483
1647 6111
3123 5320
7929 9063
3587 4962
8651 8890
1211 9427
2216 7947
126 8363
7786 8775
3220 4051
6904 9554
2837 8831
102 6496
736 2181
4222 6177
6579 8516
3525 8640
343 5333
8455 9898
1788 5398
2123 2386
2423 9686
1323 9676
3810 7793
3934 7356
9550 9668
1704 9435
8475 9257
3201 9753
497 3535
9700 9738
641 7222
3637 9774
606 5822
1943 2449
5061 5139
2454 5978
1447 8807
894 4392
2153 5314
1640 1716
5331 7171
9450 9525
9891 9967
6465 7521
449 7823
7277 9294
3555 7295
7621 8564
7502 8676
7498 9590
3186 9403
3011 3234
8892 9192
156 3023
2703 5035
7225 8822
5924 6497
4465 6886
5691 7461
2598 7742
8586 9165
1848 4986
900 3840
4770 6202
5536 9603
8520 8810
7879 9633
6845 9134
6264 7517
4831 8581
9212 9293
9577 9816
6946 7590
6630 7788
6947 9116
7266 9266
5724 8497
107 914
6441 8137
3131 5196
1689 8629
7204 7908
4110 4267
2699 8362
3219 4279
557 1318
4699 7991
356 1514
1648 6975
5649 8751
22 5345
4090 6517
7066 7442
7437 9382
4446 9244
1026 4790
186 3458
9788 9797
5067 5134
7635 8072
6332 8994
9876 9993
441 2710
181 2909
3000 8232
1075 4231
6408 8615
1292 9532
646 8731
2708 4228
1413 5868
6429 6823
7573 9099
7031 9634
9169 9378
5457 6537
7440 7853
9511 9600
9486 9620
3243 8172
5518 5723
7735 9330
9916 9945
9215 9498
3213 8668
1979 6414
6371 8993
7074 8418
3809 4503
4168 4419
7 1529
3161 5263
197 8592
861 7188
8888 9826
8838 9093
6838 6895
6297 8565
3331 4729
2978 4960
2589 9482
1423 2996
723 4598
1256 6448
4150 6842
730 5800
8255 8299
6305 7400
2343 9681
299 4294
643 4730
3299 4101
6037 9803
9324 9351
3127 4063
1742 9871
758 5409
4614 4977
6109 6885
5522 8549
6072 6107
7932 8218
834 8864
5396 9616
5432 7402
1642 5059
8454 9670
1676 1829
8813 9896
2945 6711
8100 9095
6450 9072
5235 6342
213 903
3383 9727
5074 6912
8190 9689
2717 3348
1456 5245
6994 8544
3629 7182
3849 3903
1342 7933
2737 3972
2933 3353
4059 5929
701 3996
1662 9655
8147 9280
6394 8026
4470 9501
3842 5623
5737 7787
4210 5116
1934 5026
7065 9088
7213 9969
4721 9394
6982 7700
138 6348
6940 7617
9968 9982
9690 9728
1968 4671
8891 9854
3212 5408
7890 9345
5410 7096
3647 4484
8237 8706
7719 7967
2297 8405
7922 9404
1834 8794
7660 9371
1058 2604
8158 8470
760 8536
26
1352 910
6849 4997
3611 3486
6927 2289
1874 1068
3182 1095
184 134
2636 2495
4562 2077
7616 1755
1349 587
3554 89
6690 6026
4937 3795
9534 8811
8638 6411
8037 8010
6703 4505
352 216
4932 4753
4552 2151
7179 4293
45 30
8847 1304
1077 218
9151 16
