232
9366 9399
9398 9864
4273 8884
4246 9389
3948 8698
7967 9876
6826 9160
4165 9214
7500 7549
4771 8896
2737 3721
1211 2423
7921 9590
2496 7180
9304 9958
8264 9788
1641 7004
8973 9051
8108 9898
8439 8879
4709 7877
3262 8591
5253 7935
7771 9815
1991 5200
4225 7467
2731 4991
2706 7486
9718 9804
4470 9178
9037 9892
1272 1402
3694 6783
164 4572
5771 6528
2864 6522
505 9571
8239 8479
6437 7883
9278 9761
4825 7245
6369 7432
1500 7706
6721 7514
943 6558
7968 9461
7814 8589
2936 5825
3002 8162
8016 8914
9341 9953
6397 7246
7391 7886
4865 8227
1386 5598
8603 8732
2501 5172
6121 7790
1861 2850
3725 8481
4760 8490
5808 5919
8885 9333
2397 7947
5966 8631
8084 9983
3622 4089
8931 9536
4938 8784
1824 9237
1923 2754
3091 6779
6742 7874
4345 9016
9696 9826
2847 4334
9765 9856
9213 9703
8150 8996
247 7347
6914 9873
9091 9167
3880 6103
7960 9313
5578 6523
6364 7210
3893 5899
5018 5432
4876 5941
4427 8639
4767 8176
2878 5298
6842 9728
2867 4288
2911 4145
6204 7890
8633 9691
2046 2094
8251 8450
1240 7280
6192 9482
8984 9394
5531 7581
9107 9179
8757 9097
506 4847
6824 8128
1381 1699
2092 6807
1443 8562
8213 8357
6697 9406
6623 6988
2108 4377
9768 9769
5849 7988
6380 9839
3489 9217
806 3190
9985 9988
1449 9206
2861 3269
9569 9820
1250 7920
6661 6833
1722 4987
6532 7899
1479 3528
9904 9920
7557 9128
1343 4899
4399 5350
2871 5451
1954 8454
3172 6871
4831 5837
6722 9021
9739 9740
7693 7972
8241 8811
1951 2475
7970 9574
7833 8643
4248 6993
1349 3343
1565 6374
9281 9602
5926 6689
6188 7647
1467 3785
128 9183
2585 4851
9227 9862
7707 9814
1011 4020
3594 4886
766 6754
2204 8947
2074 7614
6525 8634
746 3897
3388 9626
8006 8661
7147 9075
9877 9896
6907 6998
5731 7592
5295 5959
551 2293
2789 7847
4936 9903
3902 8760
6101 6228
3579 8889
5822 8280
9357 9853
6565 6841
5499 5997
3741 6452
9644 9733
3818 5390
6588 9241
4293 7017
5234 6630
9413 9430
8767 9419
4303 5555
7475 9667
9405 9582
2650 9940
6330 7521
5442 5744
7015 9327
6524 9734
6787 6815
8557 9514
3464 9307
5807 6449
788 3599
8544 9942
4971 6323
4571 6786
9041 9263
1835 2018
3687 6795
2429 3983
4125 9525
7643 9512
2551 3735
6963 8921
8493 9810
3363 7708
1533 4944
5796 8203
5141 6965
1925 5550
2159 8458
7515 8825
6644 8336
1642 5079
3263 6732
2841 7857
5702 8955
7239 8421
835 8785
9579 9796
6392 7123
2399 6149
9474 9789
3318 5529
2288 5599
6775 8590
466
2488 1777
9707 8412
3856 392
565 356
5767 3412
1752 1105
5383 2379
3657 698
5937 1000
4532 2294
721 498
4456 2556
9992 4333
4631 713
2186 496
1062 922
5786 4056
6208 1045
4186 1418
7711 4718
8326 2162
8923 1506
6703 2361
5145 2814
9554 5265
4284 3375
1447 1201
272 118
2178 235
6146 3125
7683 5594
7190 1522
463 137
872 693
4555 3601
9889 3040
464 444
7259 378
7333 4243
3545 2768
6365 5347
3292 710
5518 22
5821 4301
1367 1192
3264 2145
6261 4311
4640 2394
3780 2493
3813 3038
2568 64
8353 1765
7651 2933
9797 3112
6997 5027
4259 2304
2340 13
9439 5197
7102 6236
8496 2854
486 94
8115 3784
4080 2657
8102 871
1520 1508
8869 8676
8851 4292
5582 2900
2611 138
9489 2916
9548 5850
4787 636
7753 7091
1901 594
66 46
5414 290
3543 3017
9320 8270
964 643
3709 1989
1389 1328
3185 3067
5023 4620
3053 1976
4181 1081
8451 8372
328 62
9440 9165
5342 1292
491 259
7095 4346
5994 4004
9484 5563
159 81
3617 1204
6939 1692
3167 1098
9972 799
7420 7074
8645 8190
2432 29
9159 6596
6788 1975
1390 220
4602 2984
4898 2812
4151 3208
4505 300
50 19
7304 3282
1647 285
5270 3223
3724 261
665 423
6060 3595
2728 850
7192 6450
2500 2077
6659 1251
1195 815
9483 4407
862 539
2673 1099
4688 998
1942 516
8302 7284
3621 3340
246 55
2264 106
1913 114
8487 3372
8881 1304
9542 1477
3195 1245
5682 197
6958 3829
2835 1223
5921 1957
5778 4587
5182 5068
8055 5039
1802 1
5461 26
5588 3655
7258 4249
7146 4344
5355 854
5685 4036
7281 4567
9755 5085
1526 1154
5878 4482
7417 5052
2708 1960
7624 4390
9236 1476
4280 1666
6308 5960
3093 2371
1358 798
5237 2165
5724 3311
8891 4455
1619 970
3445 2756
9129 3981
5554 3885
4458 1431
3355 144
7812 5800
8126 4522
5124 3920
6216 402
2147 460
8611 1850
9077 7186
2663 789
24 6
1637 1257
6982 3867
5865 4628
1595 1512
6285 2410
8341 6931
7323 4316
5694 1079
3373 1721
1807 617
3659 3245
1232 134
2683 1483
9182 370
2837 1277
3297 1841
4235 1404
9354 4457
6869 5101
8164 5944
7745 5621
3790 1104
494 254
6780 5527
421 207
4878 2347
6719 5633
5438 5225
6124 5981
6738 3615
7136 5329
308 173
3511 1553
2928 395
9221 8109
5348 4807
7014 3392
5780 3446
5013 2839
7962 3238
1917 934
4255 2135
2045 1103
8814 6589
4866 2512
8261 5258
6529 2039
1158 110
4872 2262
2725 507
802 630
411 339
7312 1567
5891 2355
705 429
3989 830
9857 1021
2927 1092
6698 6506
8257 5462
8940 6554
3055 318
6021 1528
7076 4881
6819 4943
2208 1906
121 48
438 306
8521 1008
4065 1462
3058 2169
901 417
8507 4374
8878 1309
6646 4764
6491 3310
8941 909
6790 2313
9168 6203
5334 977
3265 2111
626 577
8856 8136
1020 130
5081 2910
8071 1792
4294 778
722 471
3986 3678
5045 2274
9095 381
3531 1945
7296 5987
2758 1645
8076 800
1216 942
723 10
4194 4108
1560 743
8828 6222
3430 1561
8535 8298
8573 16
694 521
8763 564
2375 408
4839 848
5798 2035
6419 967
9226 6766
3042 2849
211 143
7218 6867
178 5
9370 7341
5206 4714
1943 9
8712 1527
5300 264
3500 2230
9871 7670
2902 497
8901 4245
7005 2282
4285 4118
6070 822
1191 504
374 251
6905 5514
7087 5664
7854 983
8135 3072
1578 608
2525 739
8572 7120
6687 4274
2389 333
6651 4094
5917 2824
2223 2076
1030 651
3589 1669
7746 1670
2057 941
6167 847
4213 2210
3483 2664
816 206
7204 3219
989 696
7537 1422
656 452
301 289
7690 940
7324 3054
9314 5111
8520 2179
805 754
5642 4691
428 253
8918 2873
9930 3107
7058 1174
7686 2283
6642 2141
8704 5864
1688 1248
4704 256
6049 440
6540 5804
5856 5035
8137 227
748 196
6494 188
5351 716
5649 233
3969 204
9369 6245
7224 5053
9907 1485
8020 475
8777 5874
1616 1493
6729 3362
2848 461
6679 5575
2687 1368
6868 4511
4450 3408
3243 1172
4579 4122
6669 2233
1795 1685
8209 7783
7326 5558
3956 1468
6487 3097
6585 4793
2118 412
4712 162
8836 3147
276 123
7895 3377
8356 631
2098 1643
2658 1638
68 45
3076 2297
3695 90
2942 2407
7490 1445
562 394
8993 3702
5224 1502
7376 6938
9452 5589
7621 2102
6610 2477
3431 699
9040 5458
6336 3171
6713 3896
4981 900
1149 817
7149 3402
923 427
5142 2800
7820 550
6875 5340
7270 47
3743 364
6296 1690
2945 369
7273 2700
7751 2384
1209 966
6075 2596
7232 914
7901 6281
2324 2152
5748 5240
1244 627
5119 597
7369 2651
3253 2207
2815 1376
7065 3260
5812 4171
2670 1657
1888 660
3857 867
574 177
7685 3603
6504 4792
8662 3521
7511 5033
7402 4394
7427 7348
4129 2176
5688 5551
9664 8840
6251 3849
6339 1672
3769 589
5629 2782
5631 1387
4017 1796
6231 5365
7837 2586
7327 5485
6899 2742
4646 528
9609 7428
3089 171
2051 1326
968 310
8460 537
2787 1894
7801 7504
1662 1654
2113 556
5701 2398
6633 2986
8034 6225
7494 3761
1324 383
7182 6078
3939 73
