246
1948 4152
6879 9951
6112 8953
4155 7728
8660 9311
7966 9163
8554 9453
3758 4953
9740 9873
3976 9250
2652 9569
3168 9872
4387 5939
492 8592
5010 8750
7634 7695
1021 4347
8097 8999
5428 8159
8169 9322
8299 8761
7205 9905
7354 8469
2122 4090
4006 6224
7271 8879
5641 8075
3980 8054
1897 2061
7980 9157
6820 8164
2364 8395
8355 8519
2878 6675
3727 5802
8829 9292
8658 8877
3614 3720
7949 9942
5307 6949
9236 9849
4541 6570
5290 8551
5098 6451
585 8996
1503 5801
4196 7971
9577 9687
6400 7718
8675 9007
3078 6987
9466 9783
9512 9899
2816 8918
7036 7910
8632 9279
8016 8765
3361 7649
8357 9267
3354 5480
8878 9386
3449 5060
562 9400
3706 9234
2741 8661
9640 9728
6002 6837
7638 8988
4971 8426
8865 9183
2637 6405
7843 9968
8636 8971
1294 3634
8366 8667
3941 9235
417 713
2772 7283
3960 5325
3967 5540
4305 6559
4444 5707
3134 8851
9571 9820
1995 4584
4559 8031
1334 4619
5560 8777
4134 6655
9214 9858
8132 9425
7244 9603
9957 9993
5902 9525
7453 9926
8619 9720
2952 8339
9894 9931
8374 9459
6657 6852
9210 9742
1151 6809
5724 7472
6096 6372
8520 9752
9226 9338
1737 6156
7761 9500
920 8946
5001 7207
5973 9634
3689 7751
8043 8415
4508 9105
3513 5654
6681 7870
1582 6742
5527 6236
3485 9009
3366 7046
811 1008
3809 7238
2448 7572
4465 9429
4592 8590
1631 3737
644 4206
5603 8143
9880 9996
8560 8745
7929 8255
6020 9487
8650 9933
5621 6649
1806 4569
9889 9991
1989 2269
6121 8192
711 2461
3075 3726
5943 8728
6535 9395
1269 6536
9604 9997
1300 1572
1610 9036
6140 6723
2171 8447
9088 9814
3428 7845
4925 7587
1245 4849
7892 8294
6184 7519
875 6745
8608 8690
7410 8850
6488 6955
9184 9898
1898 3219
8792 9746
5139 9903
1514 2482
8232 8963
6468 8182
4382 6355
4818 6429
3856 9535
8594 9164
109 9011
9945 9967
3171 4453
8610 9204
9558 9807
4471 5369
7779 8306
9680 9956
1612 5007
1303 2686
7360 8934
8732 9215
3535 9757
7852 8735
300 8657
7070 8141
6928 8967
1980 7309
5059 9201
1698 2021
9948 9989
9630 9795
2898 3267
4969 8648
5848 6132
7635 7665
1255 1741
7414 9526
7600 8978
128 6175
7698 8979
3088 8275
7287 8905
722 3457
5173 7176
8313 8713
3651 7400
6586 6687
915 9627
214 306
4295 9976
8137 8391
9243 9696
2203 6159
4072 9209
3058 5725
5483 7868
1424 4653
686 2619
5318 5601
8233 9928
4750 8303
994 1416
7259 7996
2746 3400
4489 8107
1913 5204
5755 7515
6896 9233
7819 9185
8292 9813
4160 8787
6997 7517
6926 8977
3418 8340
6445 9543
5153 6329
6045 7218
519 9038
3383 8875
2525 6748
3380 6526
3104 4517
1014 5614
1121 4832
8891 9033
5116 8341
364
1611 452
4409 3592
8211 7177
8030 4271
1967 1403
1197 35
6942 6009
9716 8788
4033 3730
7723 6229
7506 6195
5267 4429
9058 7707
9055 759
3557 3399
9065 8781
2829 750
9879 1136
1672 598
7052 6123
2633 1349
9789 1152
5382 3772
647 432
4169 3025
8280 6616
5254 2540
9673 9412
1555 1076
4296 3055
6036 5178
6375 354
9300 2941
421 338
2249 288
5742 5685
2663 2068
7298 3558
3479 2825
7225 4397
53 8
6830 4520
8816 4755
6632 6625
4697 1189
2508 665
2795 1896
314 221
6777 1522
6083 586
7441 764
8271 4899
9874 3548
6495 2542
4794 2693
1484 844
7150 1570
1246 43
4866 745
5617 5386
1260 605
690 178
2697 1314
702 339
6473 262
7067 1298
3300 1176
3483 196
3739 3527
6402 66
3953 507
5194 3890
4624 910
2050 705
2959 567
6696 4571
5564 697
6919 1492
9464 6145
4733 2896
2112 1725
6573 1798
9137 3496
7527 4378
9074 7216
559 39
3992 1277
5980 1079
5184 5103
3307 1387
3631 3107
9402 4468
6157 3973
8318 625
7574 630
2078 126
7829 2557
280 274
9556 6898
6423 5159
5243 2465
9646 6085
9394 1862
1722 1177
7776 3541
5037 2784
4856 4055
7522 5046
399 84
6160 1833
7863 4677
5188 3744
4968 1651
2806 2367
3530 175
3994 2460
4537 1361
3970 2857
8741 7182
9750 9122
407 308
9238 7501
4457 1482
5278 2245
6885 438
9413 2692
1515 1031
5511 4108
2109 277
2368 660
2876 1821
149 97
5442 911
9676 2563
7992 2169
5349 3520
9586 2518
2254 440
8680 7924
7235 537
4666 3019
6208 5638
5310 4987
4374 4257
156 61
6004 1134
2977 2895
8687 3217
8430 6740
5394 301
444 86
4485 75
6855 4433
1603 52
4182 2940
3438 535
2789 655
9431 2328
244 120
2433 1223
2808 2767
2146 841
9490 9080
7412 1710
4967 342
3783 3325
6138 1092
4447 2425
9089 984
8277 5543
4320 3242
4385 1688
791 254
6881 851
5388 228
8509 2363
1140 237
4766 2130
91 81
2120 1173
4961 384
6516 4983
9255 1311
4391 2915
2464 828
3082 2921
5211 5049
2248 419
1708 790
8290 2536
2847 797
1906 370
7995 7777
2360 824
5836 5493
7217 5671
9489 1194
2597 455
1438 730
2724 2359
4617 2753
7127 5495
3759 2599
1864 974
1681 465
561 226
420 362
4989 2570
1418 1401
6759 5144
7056 202
1231 1005
5664 861
5292 2111
4823 4282
7858 6932
5819 2737
7812 5769
8401 4803
6629 2561
8057 6722
3046 3001
6761 3301
1084 648
5762 5482
2302 1733
5951 4329
9922 3439
1748 1653
3126 2928
4853 4265
8216 4649
1192 1010
1893 652
1272 327
1146 459
6952 6439
5378 4963
6996 1729
9662 2490
7710 394
8867 4085
6491 731
5817 1802
2762 1256
3597 229
8440 2833
6406 2188
7181 7024
6654 5398
2658 2352
9468 4032
9590 7851
739 424
4312 2666
4593 4428
7789 5416
6068 3886
693 645
7220 2922
1423 341
1273 772
827 529
7169 548
6100 2735
3229 2039
79 36
3379 1799
1764 663
2831 2127
22 1
2406 1505
6163 4313
6877 6347
9937 4404
6602 3639
6931 6030
7100 255
5281 1825
2820 2506
6795 5807
7060 3386
9796 8491
8384 305
9092 7585
8985 1602
9381 3891
8274 268
2094 1521
6866 3070
9000 5459
737 185
6331 4510
1803 169
5190 1749
2828 1207
566 198
4656 115
4475 2151
4050 1713
6047 3948
4553 4498
4732 843
2602 2069
6147 2110
1345 299
5591 5506
5117 1842
2314 517
9309 6334
3195 1973
2797 818
4604 3660
3806 685
8420 1545
9878 4062
7264 5739
298 236
1243 1029
667 358
876 100
6807 4392
5324 5
7500 6528
3077 691
3254 24
5681 4533
5148 2625
4914 2573
1617 1270
7984 1477
938 922
7633 1865
6803 1855
1016 669
1190 931
7784 1180
6875 6392
5657 5070
5695 4654
2868 2042
6798 3626
7012 5126
4362 600
1265 485
3271 1458
678 241
382 33
5756 5008
728 636
9220 7
3950 701
9961 5020
1295 1116
9678 2695
9521 9293
5743 5625
8821 3497
8402 4122
723 16
2553 1024
5783 1712
3565 1113
6925 1054
