500
295 4554
6241 7148
3015 4913
7842 9838
1778 2741
7514 9945
7567 8929
5422 6115
3922 3964
2329 6161
9702 9888
2252 3899
2063 8992
8106 8231
5298 9709
8345 8667
4294 7427
3156 7693
82 9475
1945 7564
32 4721
8622 8878
5559 8525
4614 5334
3391 7929
284 1028
6104 7464
257 6795
4354 4927
1834 9171
5489 7912
2546 5774
8103 9359
3844 8163
7629 9674
665 7644
5718 6731
1894 2857
266 9886
3637 4008
3804 6257
1527 9829
9535 9744
271 7038
637 6396
1567 7299
7995 8821
3350 8517
8067 8374
6203 8132
617 8535
81 1729
6003 9288
2452 4094
9863 9953
3102 8953
3424 5948
9155 9950
7861 8422
1315 6105
2589 6215
2802 6093
2567 8392
9156 9228
2018 2651
926 2858
152 6910
9764 9784
8432 9034
6469 9998
3463 5244
3872 9195
315 9729
9261 9282
1247 9419
4528 7767
6935 7391
5293 7977
96 8969
5202 5353
1534 6814
5504 7420
6724 7096
3268 8529
2189 2379
8707 9736
4263 7576
7074 8293
6376 7424
5037 9254
1244 3129
2040 8636
7279 7303
7046 7275
1766 2779
9175 9839
6870 9277
133 569
6285 6524
8962 9053
2089 9191
4023 6591
2648 8643
3571 6142
9694 9734
5227 5735
2649 3183
2122 8952
5852 6318
9302 9718
9909 9959
3308 4664
6485 7837
1393 2623
9005 9608
1884 4507
1113 4692
2808 6576
1410 3894
1074 7618
1859 5503
6745 9270
6829 8368
798 8397
4717 5175
4793 6824
6647 9596
3410 9298
8982 9800
5415 7994
3723 4869
5065 5517
1193 3005
936 1561
4860 8927
6222 6448
8892 8899
5326 8499
2756 5787
229 1444
5594 6189
9677 9699
4882 9383
966 3445
7817 8739
9248 9503
3393 9340
9278 9719
7159 8460
7645 8335
2747 3627
8179 9345
4759 7802
4332 4384
5537 6020
3928 4665
148 6770
2838 3563
8000 9850
2616 9949
3980 5360
8139 9371
8990 9141
7779 8409
7885 9748
4312 4469
5999 6971
4942 7600
8705 9652
8064 8715
5451 6155
6967 7262
3315 4054
1284 4077
214 2489
7175 9587
9029 9830
1242 3060
5549 9494
9559 9783
4851 9691
3519 4921
6029 9060
2775 5174
1197 2259
434 2047
9339 9821
2798 4267
4559 6748
3381 7930
5012 8135
8227 8898
2525 7137
6577 8838
4691 9728
6658 8321
1344 4407
159 3473
5686 9732
8851 9143
78 6353
6065 7511
6511 9203
1312 9354
1635 5218
6696 8801
6747 7276
2904 8208
1889 4288
4153 4395
6198 9851
3999 4147
8396 9889
8504 9076
1362 2057
2845 7900
8137 9083
810 2328
4296 4951
5292 9502
8299 9911
4984 6567
7676 8447
1324 1826
1107 3247
1980 7778
3440 4889
1543 1696
5083 5477
4827 9578
2025 7364
6224 9006
9922 9956
1128 4034
4755 6943
2185 3339
4201 4911
7721 9033
2289 2410
6972 9616
9172 9770
5085 9759
9879 9955
9461 9685
8160 8520
767 4680
3291 6085
9373 9664
7489 8046
9004 9404
6597 6689
7793 8405
2417 3967
6537 7957
2171 3408
1687 1809
6024 9001
1718 2080
6124 7524
1466 4127
3698 9102
5150 8991
5567 6356
1882 3137
7907 9791
8196 9446
7626 7892
8079 9712
5712 7306
3597 7756
5316 6561
7284 8933
5673 7253
7499 9433
3651 4496
108 4115
9121 9761
5563 6739
2115 4169
5048 8327
8045 8665
5822 6533
4993 9120
6652 8615
3661 6059
8724 9430
5742 6581
7067 9667
4269 6769
4783 4831
9409 9585
9050 9151
1123 3679
1262 7478
1671 6904
2529 9356
2160 3121
2443 2998
6049 8854
5581 5808
8987 9817
6578 9804
2704 7086
2962 6070
8404 9472
7234 8527
4338 7635
3641 6856
3157 9704
9111 9513
7545 9327
5407 7718
2987 4557
1246 6183
4068 7403
8653 9982
893 1192
8688 8794
5 5721
6624 8115
8111 8994
2426 5219
5981 6493
4573 9984
2776 4730
185 4579
1641 5222
3024 9386
3988 5593
6420 6986
8754 9806
2437 3110
2526 8486
7422 8349
3531 4237
7227 9837
1612 9848
8452 9995
4719 5856
6152 7628
3553 6263
5059 7838
6752 7638
992 4297
6602 8753
9481 9862
7940 9320
525 7309
6980 8367
7525 8302
8147 9131
4856 8795
6487 7397
7975 9295
213 8542
2274 6661
9831 9853
4956 5709
663 2693
990 8861
6023 7264
2497 5492
5441 6553
4606 6618
2606 5221
7475 7849
292 9865
50 3012
7631 8015
8873 9330
6179 6741
769 1326
7684 9615
1658 9553
1500 6333
7225 9080
1568 3198
2084 8549
9466 9530
6344 7537
8148 8996
7027 8150
1287 8936
1370 1726
4195 9845
264 7192
1064 1617
8294 9527
6709 7308
3595 5839
17 5229
9201 9570
6649 8066
6038 7765
8656 9589
2739 4061
2724 6022
8924 9508
1548 8804
9846 9912
9231 9751
4285 9750
8031 9971
2297 8822
5577 8388
2197 4445
5704 6193
3418 7125
5810 9514
3655 7952
4202 9822
8214 9189
9363 9808
3942 6869
2843 4102
8386 8848
6236 8371
8083 8904
514 4217
9952 9964
7329 7377
7978 8575
8563 9199
9663 9785
5287 8122
5915 9360
2013 9895
4583 5990
3055 9026
7505 9192
5579 9543
1361 2716
5902 9876
1903 9726
9104 9281
7456 9140
4052 5597
2496 5960
4219 7447
3057 5283
2715 8596
2906 6234
5254 7441
9346 9544
1712 7287
1447 9558
9379 9867
4631 8937
272 6580
163 4137
3850 4012
9921 9940
9400 9402
1528 2530
421 2607
2757 8893
7769 9590
5569 9474
9647 9975
5038 7816
1083 5437
6858 8359
7292 9550
796 4855
3582 5979
9680 9797
7093 9148
3843 9260
5975 8722
3730 8767
1876 6375
4966 5241
1087 7954
6515 8255
8225 9054
131 595
7219 8930
8731 9329
4810 6734
336 5942
4624 9597
1522 4975
5706 7924
3358 7751
8631 9644
554 3527
2770 6639
4015 9428
6791 8816
4651 5730
7897 9025
4044 7198
7092 9635
2211 4628
9946 9969
2914 6682
5051 5349
5703 8020
9051 9701
3221 6320
797
4777 714
9629 7188
7079 5388
6096 5828
7298 7050
1125 530
8785 8109
2256 2030
6648 490
4286 2037
2465 1492
8253 5612
2728 489
9459 8434
6303 1849
4359 1391
4649 1185
3361 1251
4404 455
4766 4145
9598 6008
7717 2900
9476 6427
5472 3813
7346 4397
3446 1997
4226 3952
5173 1346
4508 1690
9600 1755
5021 3947
5710 4590
4878 3957
3177 2481
9842 3545
4262 1855
3799 182
9311 6583
9649 513
8697 7460
8265 6468
1142 379
7881 2917
5408 842
4821 2486
535 399
215 106
9179 7739
3232 327
1415 1291
3920 801
687 574
6354 2580
4613 2165
4361 3550
2532 1504
8716 7438
5906 2164
9745 6432
3018 94
3684 3329
4963 4409
1175 403
2478 616
345 165
7455 4391
7784 7068
3104 2633
5265 4881
3454 2139
3328 365
7996 5069
8770 3848
1861 931
8947 1307
3954 3453
6549 2346
2158 1926
7998 5067
1408 1378
5781 1805
1045 544
1745 552
5138 2631
8454 5446
1747 1573
4047 3750
7688 3202
2950 708
3740 2258
8142 7380
6136 320
3910 1208
946 312
7331 960
2973 1496
6037 2667
4958 2901
8240 8030
6496 1223
7170 1235
2605 484
9884 5079
7445 2700
4655 4171
2228 1511
782 443
6593 3880
2559 584
9455 9044
212 3
5801 57
2727 2222
1298 1166
357 42
4884 930
5580 1278
7414 4431
4151 20
2214 1211
2832 2424
2312 854
1052 922
8483 5575
7069 2826
7446 3551
5976 5768
5513 1570
1901 125
8087 13
7699 2842
8165 6733
6018 432
7134 6938
1852 1488
8006 7045
1380 419
3638 1892
4091 1526
5211 2253
3780 1925
557 177
2660 289
3223 2268
1276 79
607 367
3346 2042
6882 4740
5841 3196
8858 1953
4192 3646
1662 36
3259 2790
4144 668
4835 1785
970 405
5396 2377
9552 1586
319 293
2795 2619
8009 640
9082 839
8480 5491
9923 1875
9023 8192
24 16
4472 3376
3061 124
7607 2862
2407 1187
8068 6223
9681 2153
846 268
9037 7129
6326 991
5507 4298
8514 6413
5257 901
7719 4216
2792 1257
8216 1431
6507 2971
7603 7521
2140 492
7927 1441
9581 6958
9710 3396
9187 445
9124 4442
5231 4556
5365 820
6884 3406
7138 6755
439 202
6635 1793
6937 2725
5541 3586
3536 139
5488 2762
3276 1424
6315 1661
3677 3168
9423 581
6041 4465
9733 8412
4244 3833
7934 1525
9342 8425
7258 3976
5604 4331
2004 1296
5756 4650
9416 7101
6880 3214
6270 4697
3585 910
1506 147
955 621
360 274
2703 2495
6708 781
7410 1306
7668 6035
3085 954
553 467
4385 466
121 19
1830 232
2124 612
7501 5475
236 226
62 26
2833 66
4621 906
3708 2935
7548 279
5103 1240
6771 4669
1141 867
5842 753
3115 48
7231 1990
5529 877
5901 1798
8926 5370
1602 481
2722 2456
6106 2705
8720 4434
5214 4311
9071 6548
1345 722
5796 1948
819 765
3619 2531
2464 1196
262 126
9387 4920
5169 3098
6239 1965
652 72
677 11
2856 797
1609 1301
1924 1480
3435 588
7426 6289
417 210
9365 8373
3441 307
1352 743
3504 3367
541 49
7823 7177
1303 328
1413 750
719 316
724 453
5939 5310
6828 3428
3853 353
2563 2107
8682 3990
656 118
3139 1439
6306 479
8415 1191
1698 1049
5496 3555
6898 3722
5212 4574
2975 2721
1867 1425
2932 759
9856 5384
4747 3693
9492 5028
2024 1486
7471 3682
7679 1316
9299 7288
3697 2493
6932 5337
2494 2436
869 503
2349 1873
7569 7164
9181 8206
8850 4088
5946 565
6794 958
1266 1072
7469 2919
9833 1384
5523 2275
692 562
4654 1021
8326 1563
2340 1971
1026 889
2293 817
4122 2665
7301 6389
8723 7785
7841 7233
5333 4861
2817 1579
9215 6001
3837 3565
5568 1560
7220 4981
1423 450
8141 2414
2536 2460
1469 331
3394 3113
243 178
9412 5198
5607 2877
4315 915
1992 980
4562 2781
3726 99
8342 7829
8626 555
999 275
6715 5827
4716 2876
9188 8014
1846 1815
1850 1328
5234 2627
227 7
5837 3159
8538 2450
7704 3831
478 366
8751 6914
469 191
144 122
9114 5275
2519 1333
2881 2317
2323 664
7584 5036
8935 2854
8712 4637
4136 1580
4419 2706
1150 251
4443 1950
9825 6628
8104 2353
8925 742
1472 1338
3891 1749
6813 54
8108 4070
4025 1302
1629 1218
4456 3141
7178 7104
5137 486
9467 7515
1648 1497
1501 545
8186 4534
2032 1591
5206 2966
8598 8292
8676 4411
9575 710
5737 3227
4908 1541
8946 1885
7263 5547
9358 2091
8576 2508
7465 7180
2774 43
8758 2737
3237 2969
8238 5584
7690 2308
5004 2698
1767 491
2249 1772
5124 2528
892 814
7737 2744
6480 3983
7981 7722
7781 2597
8426 2250
3680 1047
1451 402
2245 259
7421 5728
7601 3618
6121 783
7596 2954
3568 2709
41 23
8431 5423
3217 1634
8250 878
9043 3283
2617 1459
441 52
6056 1866
5606 2110
3189 1084
9094 6535
4640 170
1905 1019
5237 1342
7372 4323
2822 840
8533 7730
7161 4282
5026 1518
9377 6176
5562 2944
4393 2831
5167 2654
2925 2148
2979 2440
3320 517
3622 3470
2168 404
5635 5502
2690 2218
3163 253
6079 825
3961 416
8069 1116
4611 2430
6471 2226
2286 576
7791 749
6150 390
1414 1067
4218 1940
2861 2850
4362 2860
7773 2448
9000 472
6421 4440
3426 325
4996 3624
4242 2082
5695 675
4907 2418
6849 5368
9219 9087
9599 1751
9828 6082
5825 2127
1465 384
4737 981
6621 4867
9623 1046
7395 4987
2604 1277
7350 2985
879 739
2527 1381
8931 73
7105 4632
7766 6147
2847 703
2248 974
9643 2671
7055 5538
6276 1365
6730 2868
6546 1219
1869 85
751 741
415 247
2003 986
1216 523
8092 6987
2255 1991
239 183
4564 2535
8921 228
2650 1349
5773 5509
5282 3042
4844 1708
6317 1174
7024 6966
2243 326
5654 4477
104 100
6159 1893
1493 1161
5500 2351
5777 5086
4041 3733
843 470
3883 2167
575 181
4388 3549
6653 370
4663 201
8410 533
5826 3387
5280 701
2780 2507
7328 5479
5035 1403
1650 1406
9812 4885
1684 1519
7762 2990
688 451
5724 3570
2306 2071
5364 1865
9086 5398
5473 2370
4815 868
5636 3877
5375 5020
1935 1804
2033 803
252 27
2087 510
7415 5350
5936 25
413 1
7186 446
9229 5633
6208 1167
9390 5023
2318 609
8375 4818
5312 1154
5642 3635
7942 3269
9473 7647
6744 205
4595 1037
254 145
425 184
2751 1477
6158 1000
7763 6646
2044 624
7003 1082
6004 4772
1651 779
3031 318
3423 1448
9931 7692
6939 1179
3278 2405
6178 2174
5833 4836
1416 680
2899 1309
1478 168
7016 3165
3284 1313
1124 756
3292 1253
3390 550
7502 5739
8271 1152
8226 4383
8971 1699
5747 935
8120 3593
8040 7269
3201 2931
5561 4333
7090 6192
4538 3336
8802 4164
5165 3683
2624 620
7417 898
7794 5711
6084 713
3493 2820
8876 6978
310 29
8573 2611
4600 3578
7742 1180
5510 1695
5859 644
2447 1829
155 35
4319 2588
4356 3049
1874 1367
6190 9
396 86
4829 3335
4271 1162
9698 6054
2576 1115
883 764
9125 7905
8472 2135
4764 2940
1750 593
9030 5232
8065 3901
8408 7565
7736 7625
7348 5647
9211 3820
8764 6625
3789 1011
300 224
6014 1355
3347 1221
2079 1308
5356 1814
9176 3633
2948 887
4307 3601
8747 1206
5228 1494
2311 566
7015 6563
3784 2442
3991 3321
2099 771
9917 9860
1982 1692
38 33
1430 987
4945 4570
8886 3457
6950 6850
2794 2111
6319 6312
1896 71
5030 1918
5783 1765
3835 3752
3225 129
6907 1987
3720 2120
9641 6248
3174 2680
7828 7337
3559 2278
4328 745
9109 1463
1919 1886
2514 2302
4357 2738
4995 3025
2321 559
442 171
5671 4279
1471 430
9991 3774
3916 1911
6857 5531
3905 1091
8049 3192
392 114
8450 8134
3692 3092
9668 6017
2745 1385
4711 3009
304 285
7245 3266
7888 6526
649 211
1288 339
8298 1899
8617 8550
9163 6250
7353 407
4618 1820
7110 6685
6488 1730
5378 2062
5644 3038
9257 8501
1754 1611
8726 6058
380 146
2206 120
5203 2398
8320 7310
2768 2161
7344 6918
811 249
3995 2303
7250 1669
7966 6092
3100 2789
894 138
9611 1598
8641 7941
5776 4789
8331 219
6968 3064
1914 1068
6513 774
3041 2695
9039 8100
3236 3218
3420 2324
6522 3016
9016 4353
6449 1224
9999 6908
7390 6930
1555 153
8511 4482
5903 1363
1715 1429
3375 3014
1056 141
5250 3384
6737 2937
3145 896
8497 3825
4862 1841
8670 6664
5093 2859
9724 6660
3434 853
5861 2190
5793 255
4280 4006
6983 3794
7686 611
3613 3510
4857 2796
6598 2056
7171 2006
343 92
9794 5876
6310 4520
8792 8340
4433 1954
7047 3628
1740 260
6219 5359
8843 932
8635 1657
6390 6160
1169 270
3366 1002
3081 188
7876 3096
1701 1137
5027 4513
6050 2205
9024 5133
1502 461
7542 5166
4866 4636
3212 2220
9263 1888
123 69
9431 7182
8436 1040
5799 4509
4026 2891
6929 2121
5324 4452
3741 1857
61 14
9470 5779
