336
5747 6762
1571 7786
2236 4821
1748 5649
4256 4814
8939 9682
6133 9300
6062 8411
9447 9787
2082 8230
8904 9527
9729 9965
9162 9366
8783 8920
9595 9840
1112 2006
9295 9878
4532 6176
7191 8217
4517 7237
8697 8977
7182 8231
6517 9216
4164 6294
4009 7603
9242 9533
8538 9839
9559 9924
3763 7750
7206 7452
4696 8792
5218 8706
8437 9402
2974 7597
6914 9905
88 1066
973 5552
8979 9901
425 6756
3845 4749
844 925
3162 3497
7940 8182
6896 8840
4770 7994
2829 4792
9555 9955
1776 1822
5279 7495
9790 9946
6127 6935
3265 5041
5149 8200
9961 9993
6360 8947
6692 8490
5914 7993
6697 8158
2900 4869
5143 6587
8632 9730
4051 5410
9817 9913
3049 8148
1495 6877
980 2731
1568 3569
1225 6094
7285 9686
9963 9997
1347 5593
5827 9580
3431 5485
9069 9727
279 657
6788 7935
5119 5408
445 4169
4613 5785
913 6804
8685 8781
9350 9641
8228 9043
4927 7336
7108 9588
5052 9190
3301 8536
7581 9102
6721 9462
6815 8513
7280 8518
9861 9880
7104 7464
8472 9725
9424 9472
363 2371
9792 9983
7731 8672
6403 7316
3917 5070
1385 4723
1781 9195
497 6246
4485 6854
4521 5977
761 3353
1392 6929
7905 8434
6866 7862
4606 6916
2119 4335
3457 7065
6023 8106
1627 2739
1313 7326
1083 3247
5217 9777
8808 9791
3522 8903
3939 8015
7867 7911
3239 3351
6185 9829
7813 8547
3682 3949
8984 9093
6487 6733
1763 8062
4028 8633
5329 5725
9399 9834
1497 6706
8627 9678
2255 7942
4474 4714
644 2901
8157 9572
3818 8330
8877 9245
2886 3958
2151 9653
5360 8966
9764 9812
2444 9671
4925 7552
1178 1460
5005 6542
3332 5077
1832 6488
6352 8609
3433 5786
5417 7347
9758 9988
4360 9784
7388 9553
8336 8546
7256 9740
827 4653
9851 9917
3920 6353
737 8527
7394 9810
3114 7245
8815 9528
3108 8584
8520 8705
1535 4782
3891 5662
4566 5852
2940 6851
2534 7366
772 8349
2604 6718
3655 4032
7969 8400
325 1640
6381 7700
9326 9734
9940 9944
7304 8022
2146 2920
367 5049
9178 9286
5157 8545
2802 8975
276 8008
6196 8356
4970 9331
3761 4658
155 8068
9975 9999
6421 9490
8484 9761
8457 9255
6472 7466
5419 7702
5322 5873
1779 8971
5624 7770
8805 8915
9809 9919
9886 9994
1512 9041
2994 8417
1353 5170
8824 9862
5269 7766
4508 9735
924 5555
9128 9968
1928 8893
5876 6722
1537 5561
1594 7421
296 9521
475 7405
8488 9210
7954 8305
3752 6850
9717 9830
5892 6664
1865 1921
9806 9930
2056 4379
1109 4394
8101 9293
1805 9171
6979 9002
7424 7853
6898 9236
3793 5328
8797 9556
3701 6397
6879 8630
3586 4353
6967 8300
4222 4589
1148 1498
6776 9181
3782 5645
272 9570
220 3065
7137 7937
9302 9666
9704 9938
8639 9807
3676 9936
2233 3369
4526 9524
360 4113
8957 9825
6194 6256
1552 3143
385 4480
9651 9925
6051 7765
9458 9958
1296 9066
7390 8732
7635 7943
9109 9910
2831 6342
8377 9174
5984 8711
5378 8219
3432 4823
4466 7290
6646 9275
5139 5893
3311 9950
5069 8983
6101 6318
5601 6316
9024 9907
4557 5089
6803 7211
1425 2841
3040 6777
6199 6892
6427 6438
3200 6619
297 589
2296 6032
6241 9461
3874 9557
9201 9243
7543 9196
3903 8396
9605 9874
9284 9539
1475 4744
677 3543
1785 7440
7964 9032
2681 8059
3014 8992
3606 6202
7463 8978
3427 8599
5210 5572
6913 6931
8765 8952
5745 6326
6063 9389
7559 9352
8314 9038
2430 3365
804 8626
7881 9673
2864 7444
5216 7427
5503 8296
4260 5923
9384 9545
1756 4455
8775 9603
5231 7262
4269 7446
6056 7810
1315 4117
4158 7805
2899 7616
5720 6255
8607 9263
5087 5513
519 8340
6207 9514
9948 9962
4801 6499
5075 6268
9453 9454
8298 9089
865 4854
7146 9742
6618 7536
6673 8553
565
9707 1807
8175 2840
9762 3030
1420 354
7775 6818
8653 4244
8525 3610
1542 20
8464 7745
5118 3743
4419 70
7948 2713
8542 1721
1423 114
7569 986
8280 6394
1531 1273
8020 2231
7619 1397
928 838
1753 579
3066 2735
4581 2369
4509 3831
7647 6157
7071 790
2512 149
9125 5814
3753 1489
4287 3748
3291 69
1082 12
9819 7656
1210 16
3972 651
9400 7351
4044 3157
3574 2109
2393 1528
6853 1545
1679 1000
64 54
9047 2880
9832 1863
686 249
4932 4186
6865 2925
2872 1786
1508 1233
8126 3059
5305 4183
5174 1840
4711 1516
5701 4424
8756 2052
2631 1665
6222 2587
6152 1859
8361 4600
6252 3043
4499 2915
4686 1257
9668 7834
3156 1625
8227 6971
1704 866
864 630
214 78
5225 368
5609 5265
3772 3459
2326 189
556 393
9117 7374
4372 4152
7879 2269
5393 2091
9685 1649
2924 736
1507 312
9805 8863
9051 1041
1102 861
1910 193
6901 6771
9770 3847
4617 2044
221 162
9319 1256
3343 3314
5568 453
72 66
2237 417
3794 3638
4758 829
5152 3524
5588 536
550 282
2547 1555
5883 4712
7748 4146
2603 2456
8260 7153
5105 2810
7618 6098
4969 3926
15 6
9642 7163
2773 265
7432 742
1026 300
1213 144
168 23
6918 4950
6959 6082
3994 3961
150 75
957 256
9173 7533
8988 5400
477 1
6432 6181
6408 1103
3278 284
7724 5324
3051 910
1883 374
9469 1453
6684 3378
3639 2427
6569 1517
1247 1217
9511 7987
9584 602
5242 2354
2536 1079
4598 1983
6968 6279
2455 1157
2860 87
2053 39
4141 3705
4881 4067
1187 109
9633 8761
5467 4216
5755 514
4624 1615
822 223
6900 4931
1754 1698
1765 1259
6486 5300
5942 1801
3197 987
4878 4105
2016 448
9055 5859
5944 4276
849 578
3390 3074
3194 1811
9336 3087
5653 2377
4022 3173
384 95
9071 4840
8155 3101
6655 2130
672 381
8301 1636
4585 29
7420 7305
9659 3141
207 117
8161 4109
2641 2217
5234 691
1567 1169
5863 2634
8749 5734
705 19
7689 2698
513 326
4204 127
7286 5571
317 3
6323 2718
4223 2140
5063 4657
1929 803
7398 1151
4386 1975
7795 6550
9640 1261
1671 40
3523 1644
5319 4544
10 5
1569 936
1525 1459
5173 2616
3274 819
9785 2024
5650 3981
3214 947
3111 1783
1220 1128
5001 4556
9894 952
4855 4058
5812 2302
145 63
9980 8271
6035 4560
985 585
7074 5358
8366 7927
766 663
5246 2280
1044 580
8550 2117
9594 9498
7658 5540
3945 590
7370 5130
8497 4192
7133 5898
6405 2605
2503 194
46 35
4179 2472
687 370
3134 2666
8509 1831
2575 293
5415 3861
1720 1014
4171 2246
8149 6621
4020 2343
4543 2252
9695 2001
5325 3711
7101 273
5960 1335
5680 44
3183 1686
9265 398
7579 3408
3668 1029
885 288
7491 7319
7322 4633
188 147
4053 268
3025 2200
6016 5053
8342 5377
7980 437
1752 449
4615 1847
3192 1817
6425 3012
6473 3122
4831 455
8692 660
8171 7771
2755 791
7554 6166
1576 612
8747 2775
4478 2335
8616 6548
4133 3537
7407 2434
6006 2219
506 126
2708 1767
9723 9676
1829 120
9960 2287
1073 294
9036 4072
7965 3746
2891 404
8389 8156
9737 6514
2162 1468
4738 4168
567 59
2137 295
7365 4879
3756 2816
7346 4700
4376 1680
3312 625
9992 6285
376 232
7774 2729
5432 1134
2396 2017
3896 814
7782 4206
5262 2139
5560 4817
9478 8628
6374 4471
2756 2564
7017 5909
3740 2798
3568 1022
1305 441
1055 182
3446 2957
2766 1195
7131 1364
5844 4688
9123 7401
166 113
2706 1861
1291 186
2351 1003
2543 1167
9067 4614
6189 3151
3113 242
7115 1655
9535 6835
7094 1015
4570 3466
5871 4682
8306 6919
7112 4727
2902 823
6274 5993
8743 5890
2982 2309
8835 275
3983 3387
6617 3163
7541 3648
9701 572
6187 1426
4056 2768
4125 1828
6012 5128
904 900
9945 423
8762 5948
4201 2595
5940 303
4553 3821
2015 1691
931 24
4452 3052
3564 1501
2223 1657
1383 534
8522 6984
3924 154
5690 3182
7921 5935
7848 4987
2996 48
7413 346
8990 7080
1964 1168
695 100
8423 5145
3345 1913
9288 977
1356 1040
8717 8410
2152 733
4506 1327
3594 1879
9044 840
5468 1380
8446 3410
4912 1046
5615 3299
837 481
1418 1238
7082 6530
7979 4579
6950 5060
2474 902
3943 1442
3598 1540
7158 6116
3824 358
1245 176
8092 532
8767 6693
271 97
4539 998
6271 531
2904 131
2154 765
4639 653
1993 1613
2419 50
8773 1548
3503 2435
5562 1580
6581 402
1091 708
3006 2972
638 96
7404 4864
2068 379
7042 6882
9517 689
3687 2985
192 26
8549 98
7318 7193
8679 6320
1139 890
8663 5754
3136 1063
1502 1193
1730 801
9198 6695
1732 527
8133 2120
392 175
5799 3128
7910 2251
410 233
3915 2413
9430 9388
7167 5295
4390 1413
5321 926
2570 1939
1488 834
3230 988
2203 462
1061 649
2499 1001
6484 945
2846 2794
7576 7218
3819 3313
9736 6013
3257 2823
9612 8725
76 37
8159 4597
1642 713
6270 4755
494 443
1901 406
7912 6938
9523 7652
8090 2186
5080 1123
2101 1952
47 14
8275 5462
8456 1365
4995 1849
9504 82
2174 1427
8708 8444
8030 5675
2283 184
7043 688
6114 4699
7110 3279
99 51
2169 676
3836 2743
2050 1154
3064 2774
3539 3531
8806 3193
4833 3380
8103 5671
8802 2602
6433 3371
6936 1077
3718 1899
2073 1272
4316 1235
938 353
31 25
5655 4909
9022 8909
9157 2392
4610 355
2401 1312
1570 770
6400 2930
842 645
5387 3039
5228 1724
7595 1890
9645 2851
4094 2649
7608 3159
7524 5385
7377 4906
3242 2048
5395 3041
7073 134
7238 4487
2046 132
6894 5850
8784 4780
1606 1047
7588 1787
1579 206
8076 6787
2338 1417
4177 622
6471 4092
3038 1156
4759 1699
5480 4637
8800 4082
8324 2606
7260 7111
9330 7538
1021 330
5108 1778
722 685
8897 5885
8572 7487
4671 377
1038 576
264 218
6764 3955
7669 5453
6698 5514
6226 208
656 492
6042 5670
4550 853
1716 1224
923 528
3260 1412
9081 6314
3116 1927
6457 5183
9943 5558
9471 8139
2436 1023
2720 1409
4203 2318
8084 6251
1174 478
1039 855
8654 5936
7683 6106
6291 5627
8755 8004
6440 4119
8483 678
3180 1534
1267 1114
3984 3665
1880 362
