198
4488 7446
4513 7286
5030 6289
700 9425
5553 9005
4028 9868
6433 7782
2044 7966
1471 2879
1084 4287
1131 2782
6326 7840
6539 8833
838 9749
5242 9706
2541 9939
3040 5016
8352 9810
4418 5561
7657 8150
3831 4788
8038 9020
615 7704
7083 7331
7098 8854
1467 1662
5972 6862
7960 9708
1381 2341
343 8082
100 9505
7841 8934
8798 9775
6928 9365
6996 8650
4751 7051
6665 7059
809 8784
4842 9447
3 1844
3992 9918
6577 6778
6878 8089
1202 8418
2915 5055
4394 6490
7579 8189
8252 8525
5791 7308
7608 8276
8756 9985
6114 9790
9732 9959
8700 9011
9762 9872
8989 9096
9370 9515
1036 3935
4103 9536
334 3107
7663 7712
1347 7733
5279 9218
913 9953
6298 8473
8409 8952
4828 4881
4925 7972
3467 7095
4580 8194
1224 8911
3198 9598
7325 9503
2338 3816
2412 6033
1518 5875
2485 3888
7888 8422
148 7481
4974 8056
1523 7397
4566 5780
622 5304
6283 7748
1446 2777
3431 4722
9086 9315
6472 8278
5593 9149
1107 5144
3913 7508
2210 3528
3662 5610
7544 8253
7037 9437
1911 2976
23 8343
5531 6237
6037 8175
5939 9787
8861 8868
3145 8524
5141 9937
5440 7957
9084 9495
9412 9527
9528 9760
8475 9717
4589 9925
8231 8607
3231 3232
9690 9746
6747 8077
786 4432
6514 9313
2938 5083
2024 7147
3728 4485
7176 7272
2195 5765
9400 9627
4926 5276
8137 8550
7917 9444
7159 7352
3227 5441
120 8902
4937 7373
7698 8358
1361 9630
6167 8589
2336 4610
1823 2994
2643 3768
3079 3451
5294 6395
6152 6153
5997 6844
4272 8238
6722 7701
40 5952
1512 4071
9661 9807
6738 7370
5011 5062
7102 9539
9633 9731
1803 8644
2016 2093
4481 5354
5776 7662
9874 9994
4669 6854
8054 9712
9015 9243
2996 9593
7539 8041
2891 7902
7476 9559
7061 7814
5313 9912
4176 7121
194 2925
7735 9385
3399 9533
8499 9963
1193 1334
1620 6194
4619 5686
3637 9051
8942 8986
6505 8213
4896 8788
3699 9866
2112 6805
9414 9761
6458 8785
2500 6198
1463 6345
2154 9933
8337 9245
7680 9734
9143 9147
2910 6592
5280 9908
5429 8028
1083 5632
5005 5401
9614 9676
9739 9841
2978 4776
6226 8543
981 5641
419 3531
4143 6903
7824 8875
4326 4391
7932 9921
66
2528 1902
3098 1245
3618 3354
9001 7167
87 56
6073 5235
3310 316
1143 225
5767 1151
2194 1957
3655 1320
8176 67
712 358
8072 2568
5815 2622
3737 3060
8523 380
8275 8261
9986 9678
4532 226
3806 486
6563 5092
7543 2693
7632 5217
9010 3085
2846 2254
1341 803
3482 1271
8351 632
7430 5944
7673 5971
1384 386
9182 2079
5061 2944
1427 790
1572 507
642 199
5908 4767
1355 665
9743 6268
4961 2322
9171 987
1357 417
6850 5208
2597 2539
917 423
1576 167
3622 2453
3222 1532
6519 4910
4381 1164
9698 7949
7254 3742
9992 5726
3692 2593
261 80
9339 3100
8395 6936
6942 6629
224 200
4010 654
2021 571
8901 7804
2008 1507
1179 1152
2949 2308
