544
1988 8069
1268 1986
2512 6956
7236 7738
61 9771
9873 9950
8141 9775
110 6976
1421 3435
5709 9657
6106 9660
4019 6310
9151 9692
1710 8198
9525 9858
2708 5139
3525 6619
8129 9766
152 3754
7682 8534
5539 8887
8561 9797
9628 9825
2210 4981
5187 9682
7261 7326
7959 8115
8968 9804
9653 9939
9656 9856
7363 8366
6591 7251
3465 4539
4869 8598
3287 6641
8079 8707
929 9048
1917 2129
1228 6866
1063 8000
530 1106
9093 9375
4248 8973
9477 9683
8093 9169
5937 8688
6665 8315
2540 7808
2353 4495
5306 7435
6269 7673
468 5543
2395 4655
4884 9481
4763 5601
7284 7893
5100 5917
987 3598
2348 3847
5782 6389
6496 9047
9284 9967
9271 9680
9032 9423
6297 8469
5167 5333
4755 7022
2811 6683
6408 8433
4312 9096
3904 9462
9693 9925
8764 8793
6321 8805
399 6224
2155 6471
6060 6964
1675 9120
8963 9782
5488 6373
8167 9031
4498 7394
6477 9017
2469 4356
5079 8723
7574 9476
3355 7786
6711 7717
5774 6278
6089 7846
9616 9827
6909 7092
1066 6378
22 1974
7376 7440
3398 6096
6296 7203
3396 8064
3390 4910
783 6127
5925 7815
7829 8986
3422 6778
9757 9996
5754 9921
6063 9357
8523 9551
9844 9876
1231 6309
5698 6728
7995 8480
7404 8390
4962 9299
5313 7996
3693 6848
8052 9282
5171 9548
9459 9944
2373 7944
1037 4221
3582 7598
721 8275
5316 8589
8511 8867
8915 9749
9659 9743
4158 6901
2761 9086
8452 9979
2898 9663
7456 8600
4798 5192
3203 7809
4501 9506
7810 7977
5546 8076
9388 9466
4073 4269
7050 7476
3573 7219
9366 9882
5582 7676
1951 4322
4089 7323
4227 9128
7632 8550
1552 3346
8857 9081
3730 5219
9687 9806
1885 7019
672 1790
6488 9911
7754 8920
8752 9794
1686 3695
8414 8819
7787 8195
9386 9401
302 1649
69 9084
5516 7674
9685 9958
862 4843
7515 7978
9703 9831
4697 5237
91 9778
740 9941
4100 4132
3610 7068
2507 4776
3363 7981
3401 4938
6187 9150
3608 9494
3641 4556
602 1814
3384 8993
9322 9708
7938 9390
9248 9516
5950 6413
4622 8884
2186 7895
9740 9815
4519 7027
9635 9791
5264 7041
8365 9371
5687 8326
1706 3507
8692 9574
4841 8487
2097 8942
6708 9728
8726 9285
2739 5590
2993 8094
6500 9355
8731 9705
1796 4483
1958 7585
3192 3630
2990 8571
7324 9193
7620 8952
9819 9933
7024 8255
9751 9864
7736 9140
6752 8128
1227 5524
975 6608
2752 4403
3271 9665
3879 8535
5894 9318
8813 9584
1159 3041
6812 9987
7926 9900
8080 9278
6660 8003
1043 7402
4923 7608
9099 9276
8946 9479
3838 5489
3318 6418
6291 7119
5788 6357
1943 6094
3135 6865
4445 7430
6198 8798
8570 9824
2874 8629
9049 9202
1636 8355
1064 8493
6392 8218
8344 9863
652 3972
3600 7044
4770 5780
7980 9201
8388 8682
8021 9641
8159 9851
5674 8748
1045 5401
687 8310
5880 6253
1919 5910
2574 4261
4386 5606
502 5703
1433 3046
2406 5104
8971 9444
4596 5024
4612 7577
7502 8847
8098 9611
877 5530
1525 7901
484 8120
187 9807
9937 9942
7896 9332
5392 6464
4550 6029
5398 9463
9890 9956
8090 8396
4259 6633
8773 9670
1532 4934
7354 9218
3415 8323
7381 9267
2682 9999
1560 7678
9314 9644
2037 5117
4289 7199
2824 6780
9253 9556
1191 5090
5942 6427
5660 9655
5681 6469
4490 5776
6462 7695
2446 6525
247 7006
1728 8642
1585 8898
9376 9429
729 1905
1339 3088
6308 6891
9065 9288
3148 4504
1432 6232
5050 8303
6703 7925
4966 8016
9461 9746
3619 4907
2564 3255
9399 9436
4608 4953
1205 2676
6688 9615
8838 9874
4756 4906
5789 9981
5846 7870
8740 9236
379 9037
2583 9922
1973 8470
182 3606
9776 9802
9527 9735
3205 8140
7409 9543
7797 9329
4853 7438
1074 2456
5200 7312
1624 5919
1799 5088
587 7680
5707 7191
2414 4057
7526 8238
1922 6754
2466 8638
5454 8201
6737 9372
9215 9891
683 7760
6918 9658
3409 8284
9425 9591
5807 9840
5365 6709
4913 5293
5173 8608
4760 8951
9855 9988
634 2776
8212 9607
8547 9580
452 560
4199 6990
279 7484
6801 8222
2884 4055
3290 8329
1815 4290
4191 4893
3117 5061
7940 9365
2239 7806
756 7037
8261 9498
3725 8203
7626 9690
2184 4855
4354 7610
588 732
9623 9974
5028 8165
8183 8543
5314 7285
4448 5978
5265 6685
1708 4968
7742 9225
9765 9912
154 6545
1453 8687
3867 9194
4431 7458
5352 7286
5957 6923
2490 6467
5132 7169
6534 7932
2138 9998
3334 8564
386 7424
6122 9668
1924 2493
2177 5224
4465 9412
2941 8508
8840 9079
41 703
616 1487
3296 3553
4475 6348
5571 5844
7211 9573
1112 6592
8984 9949
8231 9567
5981 7933
4226 9114
5279 5372
6410 8338
6324 6371
2259 3085
3836 9496
8981 9910
8825 9044
8839 8943
505 1092
9976 9983
4357 7826
3660 6765
9565 9581
2190 9467
2741 9207
9564 9880
4664 8254
285 4903
723 3827
6572 8210
1730 4592
534 2199
7392 8368
9295 9297
6631 8941
7187 7877
2567 5639
8443 9203
3229 5275
1380 4042
6172 7845
1082 2917
4392 5026
4515 4663
3785 6091
8330 9177
1113 6919
4617 9360
2079 2182
1805 2300
682 1944
4220 8758
1816 9103
7086 9541
6813 7659
2004 9300
181 8314
7501 8040
5610 7238
2401 9110
5809 8967
4340 9020
5747 6380
7372 8812
3537 3569
9011 9054
1863 6504
330 9962
6532 8477
1830 3289
4872 5298
4930 7116
6474 9055
5512 8204
8517 9651
1409 9382
9847 9907
1124 1282
5162 8502
5157 7839
6442 8612
631 1006
2470 9960
8544 8575
9664 9704
8620 8849
4964 7310
271 5124
1601 9012
1150 2205
8132 8593
7317 8719
5705 7449
6884 8277
3417 3845
7124 7973
1077 5841
9661 9816
4492 7567
3878 4757
1362 3007
6564 7922
669 1566
4153 6358
3758 7776
184 5577
2332 9846
697 7420
1305 1634
7036 8240
6742 8312
9716 9785
993 6938
6033 9162
8627 8709
8387 9002
6195 8236
4409 7857
749 7171
5210 7687
4394 9991
2244 3470
6615 7338
255 7530
4976 5838
8792 8991
7259 9361
1308 9293
4654 5556
6095 7856
7387 8775
4117 8371
8698 9240
2114 6947
5820 9722
131 1076
2440 8836
9384 9434
758 5384
2957 9517
1192 4740
941
7457 2772
7957 1865
7344 1595
7206 5752
571 75
985 605
4572 1743
6885 2630
3277 577
1465 911
6191 320
6657 3810
6451 2093
580 290
4321 1853
6930 6067
8506 4036
2785 853
9513 2156
3168 2257
7602 910
5859 5716
7220 3832
150 68
428 372
2537 673
8683 6128
6902 1343
9559 4509
9885 3576
5625 2342
5836 1759
2386 1131
5574 1423
5440 2664
5664 3862
7899 2327
3165 1881
4685 1505
5737 5257
942 205
4728 3518
7560 352
2352 272
4148 495
5857 2057
7820 3513
2826 1417
2334 1831
7701 5645
4083 1918
536 462
3823 2864
3171 1580
5122 3254
2820 2106
3268 665
2007 1495
9805 8078
4951 1031
6650 6356
7301 612
1952 961
6850 3968
9868 8716
332 140
8565 2407
9458 8982
7472 5548
4637 390
8491 2510
134 47
7621 3981
8878 2017
1791 590
4395 3388
2073 108
4943 3875
4308 2707
1001 508
5908 1283
5744 2000
9930 9726
1180 538
5383 3946
6299 2773
5231 851
8579 3385
1463 712
8592 5165
6445 4648
5431 741
849 401
9339 4522
7177 4677
6484 769
2844 1906
5609 563
5518 2031
192 113
7732 5988
9695 7953
7299 570
4534 763
7844 4542
8182 806
1475 606
7341 7163
8024 5913
5159 895
4626 333
3991 3579
5560 83
2582 1647
7015 1360
9854 3540
2727 1089
8801 916
5183 512
3249 1437
1425 11
5235 398
6057 874
9837 7854
3343 1061
9277 1329
4866 500
2996 2443
3212 101
8861 4151
4120 2308
1067 802
494 29
1436 761
9792 902
6271 348
5685 5369
8918 7519
3114 1677
3152 2030
3807 2459
3126 2566
5522 1469
9637 7546
4027 1913
3531 3259
3222 1630
4925 4665
1527 25
4091 3378
133 58
1222 465
8479 5358
7544 2888
5511 2775
7442 670
9153 781
5125 4084
1446 972
1643 969
3130 2355
4328 598
4791 1733
431 38
7020 1378
9795 7290
6704 1638
6285 3521
4066 2520
5023 4131
2800 2240
3668 1493
842 269
266 128
7058 6854
9521 8548
6325 5047
5708 2136
4993 4691
1523 997
6730 4175
2849 2006
5409 3743
1807 1562
8400 6174
873 176
7374 3240
6925 5659
2021 1276
4892 223
6550 343
9391 7245
981 854
2610 1375
1837 1551
2663 2489
4033 287
2732 2304
5721 5600
3988 2668
4101 1907
9638 120
6552 5271
7948 171
9577 2141
305 218
1016 539
6078 4705
9972 8662
4681 1731
9779 8281
3208 2631
4241 1998
850 770
2966 666
7135 6965
8670 8430
3896 3620
5794 5597
4116 1737
3269 2555
3075 2694
750 34
8091 1389
7807 5865
2091 1876
3905 2912
1778 10
3724 3210
6889 1445
6499 2869
481 52
7911 2165
5156 364
5898 4623
8684 222
403 207
1665 1273
2830 2271
1763 1377
3458 3216
1040 625
9019 2678
2621 2550
1172 172
9571 5471
4457 3281
6374 3476
4660 3345
7580 2321
803 30
2780 1908
2368 1784
7112 3887
1850 1243
8623 7351
8333 6368
2589 1280
7970 4341
3669 2399
4868 3151
2681 736
3902 3659
4887 2032
2229 1707
8551 5743
8160 4944
7881 4744
8907 2704
8121 1337
1047 932
6524 578
8750 520
2658 643
2647 2488
8149 5014
7633 2978
2379 872
8846 6853
6298 5871
7582 6540
2422 2166
1569 747
2158 1109
5427 885
4908 4529
1057 486
6649 2896
1288 1155
4235 3611
9674 6873
4214 1410
2333 1873
7947 444
5037 4404
1695 935
3970 65
2745 568
139 21
4085 970
7520 1548
5994 5541
4689 3002
308 237
549 73
2429 392
9008 2526
7927 360
9550 4275
5786 5656
4765 531
5982 1693
1415 664
6659 4173
7150 4709
3092 1721
4702 843
4113 2380
7028 2943
3011 2236
404 270
9062 2274
1430 66
3032 956
4283 2997
2940 753
8690 6478
7247 7032
9572 2861
6008 344
1990 92
820 194
2412 1396
1852 994
3713 510
3657 2152
4891 1565
5089 4006
4646 267
8468 681
9249 3882
3705 60
6115 5474
3922 3621
8582 2611
4584 1616
7393 4950
1526 190
7878 5185
2041 597
986 684
6598 5189
2179 160
9989 9246
4954 1641
526 31
7134 3340
9418 3063
6997 2426
7160 3324
3497 1682
2289 490
1536 1004
71 48
2915 2842
9906 2394
3280 1751
9170 1618
3682 2396
3691 2147
5569 3372
8609 1522
6966 2105
3605 3577
6311 3333
477 105
9217 7371
357 339
3982 3095
4560 145
3162 337
7467 4257
6523 628
6456 608
9400 256
4429 2822
3951 1056
2750 1286
6388 1821
459 280
5258 2784
9102 5581
1279 1107
7162 4526
5599 2650
4801 4286
9866 6713
3098 622
1090 1033
9040 7272
7 6
1829 1671
159 36
6640 316
4895 4181
6154 472
5338 3501
4635 257
8035 4484
1135 382
654 456
8189 4177
5051 4031
6007 5816
5391 3128
9338 3767
8488 2496
4353 2758
4961 2461
8339 8216
8427 6533
6476 980
6400 1889
9439 2866
6483 5882
7508 4662
6823 3072
1761 1740
3174 1949
3570 1358
7555 3978
1492 589
2794 197
8262 6617
9524 7528
1948 1658
1370 471
9599 3344
6168 4
1051 447
1123 123
3472 1823
3894 523
5620 35
7148 4180
5295 3322
2254 1510
7190 6626
5290 5056
3204 1087
1602 318
1258 1086
5996 2737
5278 1340
1610 1025
4718 865
618 186
5230 2282
7077 3550
8347 4319
2215 1909
9046 5170
915 57
6350 4970
8006 7332
7613 1115
6632 675
790 480
6537 6004
4553 883
3211 2523
9258 1297
4629 2061
4309 1198
5875 4044
2989 1977
3177 2104
8437 6423
5790 3883
1877 947
8618 6216
7713 7491
660 242
1833 1760
840 317
4316 2598
4552 3927
4074 1023
1223 396
5956 3185
7145 5570
3080 1058
231 191
5835 1609
6861 6112
2377 45
5378 4575
825 771
2889 786
7675 2599
3330 898
3586 365
661 177
1068 848
4696 718
3014 1179
5860 5193
9195 6184
2248 1901
4973 4491
1757 501
2083 1036
6117 4986
118 104
8464 5420
4346 331
7562 594
5428 1880
7427 3028
9333 6372
7094 4373
5244 470
153 95
3019 2806
4949 163
1719 1367
6419 6293
8039 2095
7729 295
3490 3013
6996 6814
39 9
2738 894
3155 692
824 755
7012 6001
2863 2287
4408 4196
3837 2686
1252 522
1142 268
6627 3482
8209 1785
2100 276
4473 2920
3637 2923
4743 2256
2696 2264
2027 1316
5288 1694
3360 2164
7569 4437
8761 6822
2084 856
7949 6719
5426 2474
7990 5576
9221 4109
6393 3842
9689 2265
1640 1381
8922 951
8320 6398
2140 59
6774 4037
6013 2854
4686 2503
408 368
2430 2393
9216 391
8336 8166
8004 7110
6810 5931
1010 225
4894 4863
1847 1775
8490 7318
1989 600
8245 3265
4974 1839
7838 5792
908 648
5955 1984
6577 4119
9124 169
1937 1158
5930 377
4075 2810
4920 2056
8753 768
9954 5447
7428 3350
6952 2491
8256 5784
6535 1927
9373 1571
6651 905
7658 4695
2278 1250
1715 1461
4381 3065
2782 1476
7002 4021
3015 2527
1081 179
5540 550
5559 5161
4569 454
2919 867
1568 525
8408 2723
7724 6818
8881 7828
2529 982
9464 2731
6629 6204
827 116
7224 1916
2054 321
711 375
6758 1138
5935 2238
9590 1435
4049 2011
4371 3275
6082 4900
7791 4918
4277 1896
5300 613
8316 356
3684 244
8382 7154
7213 2804
8465 699
6788 6138
1178 193
3200 795
5738 1994
1893 1817
8298 832
8381 1202
9522 7406
1662 311
4634 3557
4253 1793
2285 2098
6729 6261
1550 1042
9617 6773
604 84
3924 3613
1041 127
9903 667
2879 983
5921 5110
2495 1577
4304 2679
1120 513
3050 2680
4610 1516
5584 2870
9021 2974
1145 434
6802 4094
4764 1163
547 20
4454 3361
4034 1975
7794 1441
7889 3527
8431 6567
2821 2318
8174 7723
1798 1716
4458 2568
9030 3746
3818 3666
3866 294
9889 5091
2126 785
6009 1294
6740 2040
3321 2454
7093 4410
3855 1015
6415 5345
4372 2819
5741 4162
9378 658
9928 5282
209 157
8677 3260
8976 4737
9523 813
8164 999
9083 8972
5895 1849
5395 314
3284 1447
9984 7172
5549 4401
8192 7968
4773 3057
204 114
4745 4225
632 307
6010 3552
5934 441
9172 6662
9920 6176
1306 80
9531 4727
5450 1403
5745 5579
2501 1851
4323 1825
6003 309
4729 3723
8896 1422
3123 2447
7306 7168
313 240
9187 4355
8693 2614
9948 3139
9289 3357
3023 2117
1654 1314
5190 3977
8155 4256
8961 6167
3848 183
5682 1946
1238 155
757 227
2233 745
9182 5554
5832 1197
8911 2435
3727 2197
9275 7089
798 345
460 394
2883 1900
4186 4136
2072 1591
9534 3549
2477 2157
8796 3784
5968 3745
3615 1976
2161 1239
3428 2018
727 706
8581 6580
2178 265
9753 6463
220 211
7942 6391
7985 2231
5717 2763
5307 119
3559 3056
6351 3629
4690 1162
8914 8786
5904 445
2620 1062
489 202
7161 1780
2937 2926
7670 1460
6505 651
3127 278
122 28
949 438
941 388
7509 2693
823 485
9405 5920
5943 2506
6751 5065
8249 4206
6943 562
5552 63
2887 141
7008 5027
2922 2692
5006 3749
6803 3078
2295 1818
5111 4533
6214 3217
7051 2303
6715 1267
4883 934
2928 1257
6468 4258
869 168
6722 5485
9982 6676
9796 7955
4535 3787
6163 4011
4523 3008
6759 2600
3689 115
3898 751
1528 464
4376 4363
4766 2385
2272 2245
8213 1270
9808 5748
8900 3945
6173 5829
1578 32
1586 656
4396 792
6510 3763
448 142
8481 2325
4638 4035
6492 2736
7655 6931
7615 5724
4268 2450
7907 3760
4264 2936
4388 1771
7964 4561
3446 1676
4237 2101
4338 2487
5795 1579
213 62
7014 6252
3562 3074
3536 2604
4380 1556
2046 74
9561 1987
1820 1762
5178 3444
4788 4010
6777 2685
492 284
2174 776
5867 3985
5470 527
5648 3199
4975 4618
3274 2987
8496 7892
5768 109
7747 3588
7939 5578
6286 42
4193 3685
1211 572
7382 1846
5633 3897
2460 544
4307 2624
2234 1678
5245 3776
3520 1426
8451 5566
5242 2877
9075 6250
3156 383
9901 7104
5416 4627
9760 6071
6183 3994
2744 2026
7571 1084
3778 3530
4956 2530
6485 912
3429 2228
8243 3913
1459 33
385 103
1085 553
3915 1702
1584 1397
3961 3304
3566 2465
3861 2439
4730 3084
3921 2471
5813 4982
5229 1245
7913 5796
3839 1738
5711 3326
3272 1931
4676 50
8520 387
6835 5310
8393 5580
1982 847
805 442
8270 4154
4427 4335
8085 2134
9377 6808
6888 540
7347 6908
7561 6595
6768 6199
7969 1698
6600 4719
707 300
1166 111
3930 3772
5526 1395
5781 380
5055 3483
4082 1451
705 292
4350 1925
1372 1048
6800 402
2198 1804
9917 1549
4924 1700
906 702
2175 1226
2902 424
8031 5073
6834 3459
3698 3450
9811 6782
6384 5828
3047 1588
8334 2185
9320 1263
3857 1312
2900 2112
