520
2523 3240
8598 8807
4423 4835
4716 8427
5903 9974
2280 3531
8360 9393
1171 9860
5089 5210
2142 9099
8544 8718
9297 9656
5696 7921
4846 8226
8093 9455
5062 7348
5238 8274
1382 7357
5896 6685
7429 9836
7982 9085
2328 6804
9715 9914
6925 9163
7851 9109
8362 8672
2425 9941
1467 5432
5683 7204
9184 9518
2172 2698
3117 7722
5676 7818
406 6271
5782 7476
4382 5070
2499 7710
9545 9937
3609 4062
9841 9880
1477 9761
713 8470
3569 6943
3475 8758
2263 3662
3079 7028
1686 6634
2647 2710
6429 9188
6838 9536
2827 6712
2480 8887
9367 9579
1188 5977
6046 6956
2705 4255
1275 1454
7579 8406
2210 9743
6535 7042
9609 9612
7531 8715
5384 8203
2390 4289
8420 9705
2767 4293
7252 7668
8347 8870
2233 4277
6298 7003
356 7259
3962 9953
7436 8455
721 1973
4631 4851
1013 7498
349 2605
5248 9732
840 5376
6476 6942
6858 9857
2397 7321
952 6059
4934 6563
5127 7914
9824 9861
2265 5177
3039 6610
4772 5430
7810 8685
1729 3668
5187 9381
9007 9525
3206 7407
6400 8634
2940 4344
2191 7946
8071 9720
64 963
6887 8597
9098 9689
4841 8432
823 1693
1817 4315
6631 9574
489 9473
8655 8849
5955 9145
808 8704
2686 5314
9965 9996
3877 8255
176 3021
1608 3194
6353 9739
3290 8686
9413 9994
3545 3625
449 5673
6135 7400
639 2327
58 100
8257 9283
2237 4666
8618 9757
8897 9698
8823 9939
4287 6865
9781 9812
5630 9442
1464 4028
3747 5164
8662 8757
7016 8129
2646 5950
8465 8726
5874 6686
1695 5333
2450 7381
2484 9721
6081 9291
7746 9710
9192 9334
1063 7575
4032 4047
7659 9403
7896 7917
9810 9822
2266 7346
3421 7897
8796 9652
880 9828
4803 7798
2505 9153
1113 8840
3644 7184
8225 8932
1090 7812
8252 8282
2220 4159
1759 6344
8489 9033
7926 9161
3548 9058
263 7559
2356 2917
3614 9862
5472 8995
6892 8052
5629 9571
7309 9053
584 5559
1056 7125
1065 9280
6337 8923
7704 9433
5724 7963
7757 9503
961 2132
5287 5802
4515 5347
6697 6826
771 6753
4936 7880
5517 6701
1380 4793
8862 9750
6060 7684
6105 9386
7300 9094
4296 6231
3424 3611
315 2005
7592 9627
9397 9931
1475 7771
3856 4243
2135 5158
6552 8044
6132 7959
1138 1362
7478 8869
3020 3427
3887 9210
8019 9300
9696 9740
2926 4808
7833 8279
8727 9887
1000 6542
1809 6962
1976 8365
1268 3265
6423 7092
5381 7682
8606 9728
9272 9978
4739 6090
6204 7521
3211 8079
1126 4345
8990 9029
777 1621
7182 7985
6541 8766
7642 8935
8014 9524
8245 8516
4524 6003
3648 5355
2253 2887
4788 9006
9726 9790
1516 3643
9328 9484
6056 9522
5211 7240
646 2556
1251 6467
4348 8103
7919 8676
8853 9901
5554 6883
5386 9647
4814 6035
846 6854
8222 8529
124 5665
6054 7566
3784 8263
2959 9570
8731 9889
5827 8631
896 2066
5255 7243
5509 7403
8418 9375
3830 5258
3140 6227
7089 7504
9132 9654
2447 8482
8389 8668
5028 5335
2379 4677
4801 4880
8831 9252
4888 6446
6993 9814
3972 4248
6511 6988
3869 9279
8997 9166
6551 7215
6931 9758
4331 7404
4857 9821
1176 5533
850 9590
8533 8659
8308 9422
696 3672
6529 9827
4552 6935
9601 9825
3898 9900
6596 7988
5904 6389
3302 8206
1308 2611
7345 7859
5793 6459
720 1418
5289 8694
7905 8286
6763 7999
6080 7008
7956 8392
3344 4614
6999 8966
1902 1944
9514 9991
7443 8847
5037 8683
4239 7605
2332 2625
5841 8547
3153 3411
8633 9269
3976 6914
3959 4645
9877 9885
8300 8368
8675 9580
2730 6564
3683 7551
8864 9532
1511 7172
5395 6437
8235 9475
1153 9275
2414 7908
7514 8857
2262 3029
3442 5590
5382 6089
4055 4093
6745 9394
5074 6357
5762 6074
9819 9846
6786 9388
4154 9290
9544 9754
9610 9920
1782 3682
1322 5887
7665 7740
4873 5310
8645 9141
2824 3650
5647 9651
3071 4871
1276 7121
5328 6262
3575 8746
8512 9065
420 525
3708 6748
5700 7637
4989 9147
6015 6525
3407 7785
5262 8037
3369 8626
8773 9949
3164 7396
6510 9742
7939 9606
8294 8945
6966 7747
1230 3372
5050 6937
4262 4576
8223 9226
8782 9315
6453 7343
6793 7755
1626 9258
4617 9012
7584 7614
4004 9276
5081 9293
9263 9444
1089 3793
1784 9724
4418 7895
6485 6528
6171 9595
6674 9766
1245 3633
7646 8745
7160 9378
6399 9659
2495 7558
5339 5925
6980 8220
1871 9369
2590 3598
281 4615
9820 9895
1923 7494
3952 7124
6125 7552
3903 8504
2522 6121
5897 7068
5358 6318
1610 5417
4140 6122
266 2301
5854 9285
2098 6463
7486 8152
9805 9951
6443 9015
5801 8775
5283 6479
476 9227
7218 9236
8657 8937
5573 5735
9217 9588
4789 9894
1573 8522
3714 4929
3217 9251
8198 9070
7333 8179
9233 9521
1911 3183
5837 9597
6557 6675
2109 4427
916 2962
9897 9908
1213 3158
6255 7823
7480 8741
4918 6531
4517 6462
492 9019
4100 6475
6406 9669
9041 9060
1143 5423
6609 9247
4075 7707
1581 5646
236 915
6218 6803
6339 7839
1844 6367
8859 9834
8671 9616
2100 5888
4829 7173
7318 9200
9267 9641
3782 9642
9476 9798
5980 8015
5969 8839
9556 9923
7906 9799
4057 8777
4234 4484
8026 8725
5455 9359
3131 8963
6758 9600
6959 9736
3468 3552
3703 4561
9773 9775
8479 9967
7193 8326
652 8332
4743 9723
1428 1495
5083 9191
212 2929
1685 3232
8099 8134
4675 4877
4786 7606
2979 9635
5532 7442
8750 8914
4543 9080
9909 9929
9321 9539
7156 7505
519 9091
8410 8736
1772 7964
9354 9697
533 5212
5680 7567
358 1704
7015 7268
2460 6317
3746 6111
8319 9744
6085 9183
9467 9680
6698 9090
9912 9959
487 8703
4992 5449
1439 3203
5457 6427
9681 9960
7662 8064
2385 2555
509 5320
5886 9843
5231 9357
6673 9778
4001 9170
6482 8956
714 3642
2032 6879
3373 3867
1324 5162
6020 6807
6607 6860
4790 5445
4264 4680
2656 3068
638
8271 4430
1411 876
7472 5016
465 66
359 337
8701 2092
6324 2546
2268 946
9366 8785
8049 3935
4864 1291
6356 1294
1053 264
8005 2497
5813 3934
3135 672
8723 5020
834 607
9303 8828
5442 3080
6742 6667
3104 1071
8123 6694
9628 1521
7465 1713
6173 2753
6295 5228
300 210
1173 163
2310 1246
2703 1664
3769 1806
22 1
6302 5561
9424 5393
2073 79
1254 923
9512 8133
4051 2501
5260 4560
3744 343
7205 5029
4148 2307
3216 579
1639 974
3763 3393
90 84
8630 2780
735 151
9676 7714
2250 883
3813 1724
5805 4310
7250 6498
5090 2256
9083 87
17 14
1775 1104
9238 1395
1146 1136
1259 1007
1978 1868
4521 2709
7782 910
6527 2548
6062 1928
2687 396
6811 558
7005 2855
2785 726
5721 756
1184 102
8302 5705
5815 4774
3826 184
8211 5678
1821 113
242 181
138 126
3041 574
5511 2406
9585 7674
1192 996
9294 290
1387 573
2841 2243
1710 1262
2234 461
5718 3415
2125 895
35 4
5862 287
9519 4619
9868 8611
2913 760
1642 1068
1430 256
6264 4362
365 364
8989 5113
7175 4157
3234 2352
7741 1002
4477 1707
1311 156
7117 551
5713 1582
5527 4261
9701 6366
7074 1005
2641 2138
9180 4820
4426 730
5033 4717
5614 2701
2870 1240
129 50
5932 909
6282 2810
4641 248
1116 1069
9488 6611
9317 6438
128 67
6168 3544
9024 2215
7867 37
4365 3018
2977 291
7993 6784
5757 3508
8855 875
434 328
4278 2444
4222 2802
8006 4520
9063 5563
1029 407
2696 1267
4756 457
4152 4063
9013 1016
5375 1692
4120 4109
1561 183
4839 1568
5754 192
972 937
203 16
2814 572
6401 480
2004 1212
3820 56
8369 7162
5234 1106
1127 78
556 310
9470 2169
154 107
7875 2903
6886 1500
5443 1779
7581 1443
7962 3857
1674 1565
4158 3093
8973 3635
4910 4548
323 274
9123 571
2361 1682
1924 72
5264 4987
6549 63
7814 7036
985 701
1785 60
7306 1836
2333 718
3596 3089
6688 3375
2189 1743
7412 4305
1718 663
3556 1721
2082 1557
9879 7883
9942 6297
1378 959
4876 3294
1159 18
253 211
7276 5157
1189 1031
6397 5253
467 285
4078 628
9495 7611
8 7
472 410
7338 3788
5360 2436
6372 1041
712 424
2074 1323
3209 2358
7070 5933
9304 8702
2453 1825
9434 5085
4048 772
3709 1076
6657 6579
5706 2491
7600 6590
5922 2335
9432 1211
779 452
5341 1950
5136 4493
8772 7543
9255 7836
4606 4321
8663 2174
3176 1876
5526 2877
3493 1482
8804 5810
8699 5181
5066 687
6960 3422
9101 5816
2485 1299
625 350
1142 520
6700 4447
999 161
5124 4330
1814 1725
9112 4988
4597 1410
3520 3262
2723 2192
8124 1097
5602 2196
4708 591
2321 2257
1733 540
5737 2412
8341 7432
6891 454
6915 577
3122 1848
648 605
4256 3894
3113 1671
9402 8877
1219 819
1702 1099
645 269
1433 1024
4896 3954
7846 2102
1590 1057
5975 2795
9353 5786
8890 6354
6769 6130
3707 1822
3059 2619
4328 728
1659 101
5522 528
8359 6730
9370 4985
8613 3963
7952 7473
2520 2117
2288 2159
612 371
6022 4569
1717 1632
8468 4703
1215 736
1755 493
8025 5651
3277 2459
1783 40
1787 758
3873 1691
2193 1265
3608 1794
4410 2911
7958 5284
2604 860
9632 2418
1234 622
928 675
3403 2895
132 119
2648 2583
9657 159
5963 4531
8593 8289
7510 4528
1367 857
1108 546
7040 6958
8183 4972
7622 1625
3448 1419
7658 4349
2862 19
9633 8809
1359 83
4013 703
8101 3656
1887 1095
2207 524
8500 147
3156 2309
8710 845
4791 4404
7873 2279
9694 4117
7545 4359
2063 69
7082 1624
7694 2239
9672 6021
7441 1875
820 501
206 76
3171 1591
5650 4998
9331 440
7709 1301
4847 3473
3291 3120
1238 1227
7171 4205
8652 8526
9979 6466
6184 341
1148 125
6573 6417
5726 3012
8909 245
4179 42
8881 2509
9043 1021
3257 3149
4945 3966
9125 5584
8742 442
8454 169
6569 3819
7138 4976
4827 4420
4760 1860
4379 2500
7425 2176
4664 1678
662 439
2030 1437
3987 411
3502 1611
2512 778
4928 2882
2286 725
6488 523
5795 3843
4818 231
1008 534
5252 3307
2427 1425
4163 1383
3329 3299
3199 1271
4482 1347
4279 62
4746 3991
7085 2748
5958 4532
3143 3138
118 93
8788 744
5953 1972
5220 1754
3434 1615
6923 5383
843 691
7366 5340
2964 288
5108 2822
9439 7114
7242 4355
5835 2552
9461 1509
7200 3251
3603 1765
9878 8053
5759 1525
1877 1757
1296 431
4734 1043
4866 2622
5821 4200
1870 1595
8051 6096
6846 1874
8401 3181
8732 3764
1274 77
8916 1039
8879 512
4665 2364
7928 2663
3692 1112
8955 3460
498 31
6304 2467
899 531
6161 4635
239 149
7849 7617
1769 1209
2415 189
8338 1620
3983 2719
7269 2839
3734 2596
8892 4119
6622 2277
6654 4352
3719 2388
1999 1453
2623 1760
1893 1558
2634 1413
5160 3543
9089 7344
8856 5684
9362 1151
1132 186
7241 3835
4218 792
7050 1904
4932 68
8010 2296
1829 1340
5988 295
914 508
7328 7045
6087 4161
5921 1006
6352 2407
924 268
9212 3751
3316 784
9886 9
4429 748
1643 811
5080 3845
9228 2217
3467 1085
190 148
1981 1307
9565 7035
7151 2951
4211 2627
1614 271
6114 4169
1697 559
4610 3188
8393 1886
6154 2582
8278 4475
8543 3231
9639 4479
8394 2671
6447 5331
5571 3446
6840 2008
7367 3152
2248 836
7094 2012
1837 881
8016 5392
8377 2881
1792 1392
3220 2872
1888 1124
8588 1673
4180 667
2809 2808
8707 7526
9626 2916
3560 3060
2312 459
1538 513
8976 3175
8843 5717
7930 3451
5414 2317
9982 2434
27 10
2997 1222
5273 3182
4604 4596
8185 2302
3735 114
3004 2655
8178 6882
4965 4089
4419 4387
9598 2971
9530 2683
2843 2326
6830 5580
9213 6101
2028 1677
2391 2344
9614 5169
53 11
9305 3119
613 473
2443 575
8656 6402
296 20
1107 765
3488 2496
5205 4796
4082 835
5749 4872
9268 1781
5638 4439
5412 3842
9344 7980
562 136
6623 2033
2734 2105
7111 2213
2740 1542
4137 1427
4981 4892
8315 1589
2236 1857
2936 2094
7278 949
5609 1125
7188 2812
6141 2355
8458 7010
6749 2628
277 204
2429 397
6492 1408
200 116
6791 4534
4523 2746
7960 4230
6848 4766
2114 2034
5716 5185
4901 4480
6269 1805
8632 4726
1602 1391
4935 3389
6103 3774
6303 1741
2848 2845
7872 2294
1635 1350
2609 1813
1937 732
1780 861
1662 302
864 802
2461 1289
3828 3458
548 29
7997 6073
3924 24
5972 4461
3766 1931
182 134
6617 4541
9119 6412
4657 3509
3034 2413
8097 4954
8860 4114
5677 1343
6164 2440
43 15
3431 1903
5038 3711
8993 7414
2300 1023
9250 1498
929 152
1574 1564
2591 1179
8291 3292
4907 2667
8808 2368
3847 3062
8876 3353
6669 2272
8312 1774
2850 2365
6538 5204
5270 309
6715 4722
7871 3994
4882 2070
6214 6026
3886 3244
4176 1507
3169 2126
4749 1305
5321 1930
1737 601
1701 564
3874 1655
3731 430
4653 780
6588 6331
7541 5551
9884 7761
1688 1033
7493 3501
2626 481
30 21
4295 1164
1745 388
