259
8847 9731
9883 9920
6263 6422
6154 8767
382 5431
1465 6506
8234 8538
1682 3866
7377 8893
1080 1864
6512 9933
9229 9844
7752 9822
5082 6118
8861 9561
2637 7105
8135 8303
9696 9929
3593 3891
1163 7742
3156 8601
9317 9649
4074 6324
8998 9922
4119 5837
977 7647
806 1347
4213 7610
2149 3799
9503 9567
2693 7625
4354 6706
2830 6280
9297 9944
5194 9568
5495 9431
8006 8954
7177 8128
7324 7343
2016 2084
5913 8836
785 4308
1876 1953
1344 3483
2433 7874
7523 7998
9154 9771
9102 9557
5911 6752
3012 4627
2679 8543
1635 7079
6892 9437
1998 5808
7910 9881
8867 9047
5934 6973
9378 9683
9192 9959
201 3059
3647 4879
9383 9730
5916 7097
7449 8248
3470 3491
2240 8881
1691 4521
8023 9245
4883 7484
4679 8228
1277 4579
5479 8794
5623 6881
1399 7164
2831 4482
8170 9723
1786 7455
1515 4491
4591 7375
2645 4328
3875 4000
7189 8519
5257 7219
4056 8962
2204 6811
6960 7017
3246 6889
4888 8853
5588 9857
9969 9977
9801 9827
5277 5281
7418 9000
4510 4772
2700 2924
5647 9569
2526 6335
7599 8290
4809 8109
350 9244
3661 8011
9566 9976
9376 9586
6004 9795
66 3850
8293 9745
7264 7631
4873 6545
1252 5515
1030 6798
2476 6945
1061 1489
9507 9573
2228 6235
6700 9733
52 6640
8938 9306
2899 3658
6375 9067
4183 5358
9884 9997
8746 9256
4688 9354
9669 9790
7166 9670
802 3243
4296 4763
9685 9845
2095 5701
9742 9938
2599 5818
1468 7543
7504 7851
9167 9405
9522 9954
2695 5554
9066 9350
9098 9558
4289 5034
6639 6659
2768 5941
8701 9357
7935 8206
1952 2730
1924 9718
1308 3049
8399 8984
4578 5484
8992 9422
9905 9943
3213 7494
2469 4453
2224 6372
4980 5741
3883 4693
4223 8685
591 4666
5057 7028
3350 3632
4084 4334
913 2256
5181 7008
8576 9087
3396 8757
6679 8806
5037 8985
4427 7853
5032 7812
1740 5221
6789 9483
985 5087
4373 7772
9009 9490
5273 8283
7700 8065
2441 5227
4596 6649
4366 6957
6923 9141
6452 8229
5052 5952
5214 6115
4907 8342
7557 8287
7939 9125
7797 8961
8618 9695
887 2318
7945 8063
2033 5093
3976 5147
4226 8505
1438 3307
5651 9010
4882 6192
557 6013
2356 6716
1743 8195
3624 7800
4918 9334
1883 8131
810 4694
7917 8393
3847 9033
5044 6769
1933 3789
8340 8910
72 7182
1396 8577
7277 7376
3043 9292
8096 9127
2594 7146
6124 7281
8709 9885
4841 9123
6257 9778
2002 9331
6365 8315
4216 7791
2430 5347
3540 9316
6771 9454
6549 9269
7118 8013
9333 9543
3994 7332
7591 9763
9980 9992
7783 8259
3251 6221
8116 9593
7359 9888
5171 8816
360 7331
1745 2936
5367 6103
4648 6793
9765 9892
1802 4757
7089 8837
322 4613
7668 9800
8224 9246
8239 8592
4018 7927
4609 9397
7826 9906
6537 9450
3164 7544
1662 2691
9012 9200
5 5079
7080 8687
1779 6100
3551 8869
2592 7727
4936 9617
2369 7341
638
100 82
9322 5333
1369 115
3387 2216
2488 1454
2297 1161
6740 6105
7706 1453
5478 1000
1185 820
2555 316
3627 485
8500 5028
6859 3217
9546 6227
9652 4603
2264 466
6781 3013
5510 1029
6433 5108
2643 1463
3744 921
1113 859
3478 1213
1275 578
9417 1749
4204 1772
7558 469
1036 915
1101 699
4898 4232
2571 852
9356 7158
141 99
457 150
1412 18
461 88
8759 4260
123 105
5527 3895
1266 443
1491 173
70 4
7796 7477
1136 480
8446 6166
4345 1748
7027 2203
3009 725
5058 3433
9724 5137
4814 2388
1978 1922
5767 2478
6710 4839
8875 4933
7948 2865
6069 4635
5241 5178
3052 2866
2328 822
871 783
9979 4780
8207 6542
4272 4249
4612 3795
8328 5335
3381 861
9676 7161
9940 4361
888 296
3025 1670
7427 380
4799 2371
229 22
5042 2386
3547 1688
7370 4341
941 271
416 106
450 156
6194 6021
7076 6751
5533 2358
7703 7214
1977 278
114 112
1383 413
5871 1090
1916 423
8294 6476
117 29
5683 5645
2467 1547
3729 17
2460 1022
5546 5165
8073 1737
6682 5700
3922 320
9157 6879
8021 2439
9353 5644
4435 4371
101 35
2105 1820
9662 942
5071 2788
4552 2868
2347 1333
978 378
4049 501
559 398
2479 2243
7854 4447
5508 3117
3499 2115
7336 3139
8081 5719
5016 3539
3488 2101
6306 5483
8022 792
5879 5201
7103 3110
9983 8777
5682 2158
489 96
8732 3610
9475 7012
2274 1599
8717 5263
2137 1381
7025 2273
6496 5075
1456 242
1371 673
846 695
7624 4749
9556 2660
5271 980
3023 863
4881 1283
9985 6067
388 207
6421 1972
9022 819
8948 3208
9542 6268
8562 3579
6885 4700
6108 4265
8422 3193
6557 2732
7134 2285
5394 1985
7660 6307
4107 893
8408 7104
1432 750
8825 288
6271 5918
2026 1427
9648 1605
3054 1128
7536 3731
9048 5244
1005 264
3594 3253
2324 1494
7170 230
200 144
1879 661
6808 5793
6737 6020
4550 3596
9425 5308
301 38
2609 2199
2841 2714
2566 680
633 494
2723 363
7026 1236
7215 2034
5345 3633
5078 2884
9315 4622
4767 2393
1123 1002
8514 6843
8609 8418
5902 2275
3584 3409
8629 6705
6830 5843
2516 651
9321 522
7639 7083
3135 1069
9756 7848
3573 2209
8957 8913
6208 5816
2065 1020
69 33
5664 2127
8074 6750
8235 4103
2888 41
9947 2860
5649 4961
8510 8028
5365 202
447 44
1460 694
739 525
4867 4862
5674 511
5237 3808
523 404
6057 3860
1725 353
6465 5665
908 602
8635 3679
1525 273
3576 1447
5216 3675
8168 5714
9411 3448
9115 4033
904 777
147 61
2952 2073
3195 1641
1709 573
5177 3361
3560 1196
6858 6086
3296 1345
429 358
1278 424
1758 383
6935 6043
8750 1444
420 409
554 244
3033 1355
1792 1114
125 51
933 14
5254 3116
3182 2670
2680 2284
1751 896
2623 1509
9412 7638
1754 909
6470 2277
8443 5468
8341 6300
6930 2804
9966 190
830 122
8747 4291
9023 4129
6322 4299
9769 4765
3408 2381
955 315
9759 4278
4360 3289
790 613
7813 3046
975 857
8045 2450
1316 79
8727 3388
3233 1179
738 64
7230 2579
6298 1896
9072 1965
7503 133
1539 875
4699 813
2272 1855
4015 3406
9436 9003
867 140
8483 3628
2842 1220
7193 6822
533 241
2834 239
8221 7221
31 24
6177 1686
6788 5536
2618 853
3727 312
8970 6314
5666 4834
697 530
5606 3102
8153 76
9345 8512
5997 5259
5047 215
4072 1732
5228 2134
543 84
2517 81
5721 5462
9443 2236
4177 1795
9918 1543
9050 8338
7938 7113
693 520
8640 2961
6188 3717
7564 3559
1943 1699
1794 687
2361 528
5846 4742
7200 458
690 323
9505 2614
5736 5684
6524 5239
1992 1606
9056 8190
6522 2779
7849 7629
4376 3915
5885 992
3190 2802
8016 1995
4903 4116
5022 4801
9713 270
3493 509
6212 1269
477 403
7208 2991
6338 5392
80 30
2024 328
3255 1380
8749 7367
7163 4924
1685 1602
9448 3545
6521 216
2894 719
812 8
7556 7358
3907 720
1359 1320
3508 2322
9919 3223
3874 731
7234 3263
5812 5560
5709 4228
4269 2336
8594 3670
7129 2716
2339 293
136 120
9599 4067
4245 4148
711 682
3516 415
3226 3187
3905 3518
7823 2537
3147 2708
2563 1860
2751 333
1138 95
7389 5592
914 832
3681 2973
8918 4754
7887 7765
7106 1171
8181 1762
8247 5563
1586 422
2232 1441
484 291
2937 1329
3722 1719
9791 8053
8721 8123
2490 1300
1766 1214
5660 2606
7066 1649
8104 2461
8904 2006
6135 6034
3641 290
5617 4569
6734 556
8652 5310
1764 816
5030 67
4586 4348
4915 4202
2665 2648
6909 2138
172 164
4082 387
8066 5805
1082 714
2998 48
2147 425
5730 5456
8444 7542
2786 2561
740 419
7268 4409
6201 121
538 198
3913 2731
9095 7562
553 151
4634 1862
1248 356
4989 2828
6748 440
575 476
7713 6920
9342 5080
2629 1778
1452 449
4493 3684
4600 2189
3112 2474
7263 1084
3383 840
8162 5505
394 188
979 947
8217 6420
6592 3678
8802 8646
2712 287
4198 357
9161 2806
4121 2559
2042 1287
3601 1724
6941 6559
713 318
5322 3494
9304 2642
505 395
3737 2617
2348 1875
2198 748
808 401
2967 1008
5782 3719
9560 5405
5303 2286
7569 1221
280 194
4745 116
7743 7462
2155 355
8600 8111
263 28
662 39
6240 1207
2569 868
3042 970
7354 1232
1426 956
7640 776
155 12
4199 2558
1723 1439
5102 934
2538 1932
1443 1428
1557 75
2392 351
7787 1700
1259 545
5525 4459
3752 1339
2248 698
470 211
3318 1482
499 283
6622 4397
6429 3650
995 87
1504 1276
4558 1223
9811 5188
206 3
6611 5850
5595 236
1941 1292
2094 1445
6500 5390
3524 2403
2098 152
8038 7628
1884 1473
2121 1168
5000 4976
611 274
8470 2085
3503 1192
1133 1121
5819 2585
5421 1297
5593 4419
4897 2223
7233 3726
8486 5157
5774 3265
8887 6427
5286 3419
5049 1245
9153 3821
5287 728
2675 577
6638 4895
4457 2690
4704 171
8385 1679
2957 2330
4605 374
3087 1886
6130 5123
631 567
3715 2486
8212 4986
6666 4423
4876 1757
9288 5629
7428 2031
4151 4045
6053 4620
27 11
3053 1341
4921 3399
5436 1568
9109 2500
1616 259
37 20
4738 2096
1545 737
4115 2133
9681 6458
3313 186
3577 1622
9406 269
9609 5184
7329 7048
7737 4908
3982 3235
2178 1619
1739 166
9026 5329
9618 1267
4830 659
490 389
9004 2327
5852 2953
7996 3829
7676 6495
9320 7672
9832 9714
1239 1116
632 183
4383 3753
3288 2048
1730 1608
1235 406
4728 3831
4652 2663
6905 5304
6820 2475
7747 4105
3837 2858
9130 2749
1560 742
1335 1115
4628 488
5692 1315
6854 4454
5998 2207
7404 2406
8738 4035
4294 178
9706 8774
2796 1572
2045 1370
5361 146
4592 4385
6986 1250
5496 3705
233 6
1866 1321
5393 5060
3007 196
1996 2
1652 775
8661 3842
2288 495
2748 369
9398 943
7989 4842
3776 1487
2744 371
5626 4340
7622 6992
9570 3122
385 157
6071 2427
6862 2215
973 773
7366 2801
4541 2506
5094 2184
6520 4311
5828 3872
8101 7530
