251
9163 9311
147 7364
5235 7460
8844 9426
8855 9312
5216 5829
2295 6157
8904 9889
9010 9248
4886 4897
4792 8204
3411 8504
5828 7109
1469 9917
2664 6810
8016 8614
504 6231
973 4441
6876 7023
9725 9881
1825 4723
422 5811
7404 7803
4061 9726
3413 8548
3795 7849
6299 9098
6954 8966
8310 8616
3527 4324
9387 9457
1907 2992
9273 9720
8091 9711
4340 5019
1977 9851
1828 8135
6387 8714
7920 8920
557 4552
2642 5930
9877 9887
9209 9256
7639 8248
8609 9674
8499 9130
4765 8476
1422 7584
419 1331
514 9029
9748 9864
9698 9875
2909 7776
2775 9563
1621 2404
6649 7343
8726 9590
4430 6445
8277 9096
3278 9351
4547 5706
9946 9980
3359 8571
5005 6009
706 2423
7909 8913
7955 8242
3993 4808
8256 9929
5623 5796
4460 6688
7527 9579
4806 8124
8827 9543
8840 9839
3229 8104
5170 9655
7680 9787
7189 9301
2312 7211
1323 1453
373 7925
6791 8429
815 4939
7433 9972
3013 4228
4946 9247
3659 8355
3690 4313
7886 9960
9183 9541
9678 9687
4041 5267
5550 7020
7994 8771
4604 5509
2020 6013
2704 9777
6037 7080
6997 7910
6429 6784
2349 2382
1533 2585
2847 8873
3632 7384
5641 5673
8407 8740
3695 6831
2004 5708
9043 9827
8223 8232
5678 5744
4016 6488
5992 8859
2734 8720
23 2469
3706 8472
1318 9428
6611 8939
4119 8417
4329 6606
4498 9688
215 7328
9465 9721
958 3134
5070 8465
3891 9281
8222 8909
6434 8318
8588 9202
8062 8537
689 910
9880 9930
6998 8500
2438 5244
9971 9991
5771 7690
6813 8615
4774 5053
873 985
1670 7692
5211 7572
2938 8848
1958 7033
9218 9374
8937 9923
1634 5826
76 7852
6194 9145
3549 7666
1947 5722
4809 9681
3287 7747
2485 2530
8392 9860
9409 9638
3583 8549
2611 5525
6633 6854
6371 7662
1291 5730
7618 8746
4196 7228
1486 3238
8692 9591
4514 5925
7475 8430
7884 8357
2288 5261
9185 9963
3371 4088
9104 9433
3595 9559
3288 5309
4120 8243
3393 4565
8804 9804
2374 5732
1016 6154
5213 7482
4797 8045
7975 9345
3884 6656
7943 9830
1483 8690
9724 9743
2743 5721
9475 9999
1443 3402
2223 4842
1477 5109
4052 6327
4225 4672
1781 5435
362 7660
4745 6840
6837 7205
8577 9444
9005 9386
3244 5156
2013 2970
1659 2395
4367 6990
4791 4867
2083 8976
5154 5437
3317 8962
9485 9514
2934 3749
946 5604
8453 9984
1451 4717
3985 7417
3000 9732
4804 5695
2505 4092
1580 4387
8606 9162
3946 6097
8847 9041
7652 9616
6727 8797
60 6793
3031 3370
1549 3210
7175 9967
2518 7585
8459 9742
2240 4903
5380 7612
6889 8948
4598 9071
5847 6106
718 8309
3784 6571
7743 9454
501 3720
1885 4134
7208 7398
6280 9601
8312 9964
9141 9207
7770 9528
9265 9495
5269 7740
6746 8195
3060 4616
8672 9734
7595 8894
7235 7504
2865 7319
467
7772 5916
840 109
5298 3395
9268 2435
3062 2062
4526 3449
5032 838
9883 5751
1464 1212
9347 8418
2822 214
3471 2350
6631 1356
1002 695
643 568
3448 423
47 45
5142 3754
5558 5415
5636 1955
4169 4018
4179 172
8390 3154
6076 5693
7936 4606
2000 379
219 166
8354 2073
3626 2269
2065 1411
962 336
5582 4170
6781 4929
3023 760
2300 2157
5160 1578
9819 9176
1083 862
1432 1305
3366 1099
1116 914
7453 3280
4372 4275
2192 1302
6092 659
1982 1796
144 81
9178 6083
236 216
3267 2461
3997 3446
6569 6263
870 538
4581 1587
190 78
7646 3461
3465 1269
6396 177
8258 4003
238 12
394 59
4108 3437
1525 688
2666 2201
5177 1463
1152 753
6872 573
5120 3349
691 77
8961 1803
5117 1989
2377 1142
3860 2098
4602 3841
9356 1556
5381 4027
3815 580
9524 3386
1084 981
7412 7250
3629 3620
5422 2033
1290 717
1855 407
4488 3861
3665 3653
1773 1216
3464 2285
8442 3945
8613 7951
5887 4813
7106 120
8925 8002
35 20
9998 9352
492 263
593 368
1751 1381
3250 92
9956 2522
7184 6885
4662 3586
1105 249
5226 1482
2636 2353
5638 2264
1010 481
3699 2684
7559 2950
9317 533
6397 3493
6234 4577
2944 2906
9343 6456
4011 1008
1393 554
6322 1854
7555 6110
7358 5910
5234 3295
4539 3077
5143 1455
1534 319
9054 5589
1873 337
4220 1284
6894 713
7565 6900
4725 3373
6123 4821
4389 1577
7373 918
2232 1125
8883 1522
1387 677
8088 7484
934 834
5133 293
2005 1225
6790 2905
5310 4761
1640 4
5823 702
7272 5284
5200 5021
5874 2441
3715 2162
2418 1077
5428 1470
8097 7045
4817 1167
2420 926
9460 5227
6643 1727
770 621
7554 3360
5969 4069
5979 5658
1048 949
5377 4269
3896 1691
3735 824
7374 3820
9338 8063
993 597
3142 2267
8605 4596
5853 1766
9255 9187
624 341
8121 3120
9680 3947
4918 1579
4381 458
3341 1254
9987 3724
7763 5819
4253 1480
9160 6435
7976 3309
5703 2532
5952 4999
8866 8811
9735 7930
1041 381
3232 2047
2465 1508
8068 3467
730 137
2389 247
7605 5243
9836 7704
1457 323
2631 259
9491 7897
5528 5163
7779 5257
5563 2414
4250 2904
8490 4738
2436 2271
1501 563
272 107
4347 3342
1333 927
6557 1951
5912 2854
6901 2277
7193 3407
4671 4150
6162 5903
5194 5042
9818 1034
3606 1494
371 338
5473 2143
7128 4142
9033 1697
4492 1807
3928 239
8230 4677
5786 1601
294 275
5840 4783
509 508
5281 256
6979 750
3261 2406
1582 1479
7823 722
922 229
8053 4023
3498 1262
6684 4617
9308 6675
5119 2196
7531 159
4124 3180
494 176
6574 3144
6584 4928
5702 3361
5023 2329
8090 3272
2671 1706
6519 1228
4619 1887
6365 5595
945 805
3559 1695
5471 34
8861 1299
7601 1235
33 6
4847 2778
5350 2023
271 105
1936 499
3769 2795
385 58
2589 1512
3466 3003
3974 550
8875 7518
2280 1918
8329 540
353 111
3460 2841
9407 8470
5230 714
754 744
5603 453
9234 6198
2804 2188
3550 1378
4822 2587
6121 2941
5843 1139
5317 1830
9237 1950
7173 2729
663 512
2239 1021
1836 1332
1750 1682
644 253
2236 2077
7795 2619
9172 6491
2516 987
7040 2566
4494 3462
8591 5514
9897 7873
5035 3164
6446 6325
1000 889
5073 1366
2050 1757
234 57
6748 5245
3902 2688
648 567
1092 488
7144 3263
6481 4851
9079 6311
5521 3116
1628 478
4355 1559
2810 1382
716 570
9896 2614
6505 4754
8345 6336
7415 4417
6424 5183
8197 3696
5030 832
885 201
3763 1384
6564 3614
742 129
724 546
5376 1391
479 396
1850 1358
8371 3647
9430 6980
1653 265
7893 3421
3495 2800
3726 1300
9269 3212
6926 2095
552 418
8162 5014
3640 3519
578 309
6731 2390
4131 3732
4148 2629
4358 1495
7821 4343
3179 3012
3761 3328
2605 2132
711 627
9246 3063
1712 162
2498 150
2965 1822
9309 1826
3512 1686
4736 3137
7101 3900
7841 2590
6304 4945
6272 2037
4799 3343
3609 3169
3874 1876
678 518
1257 261
6495 5640
1768 397
3248 2388
9289 1931
8071 106
6807 1209
8906 4655
9392 8870
4970 1285
3262 145
4289 3540
8460 6293
4990 3270
8027 7979
5860 1862
1340 37
8244 737
7393 486
7512 5020
1266 63
399 192
3604 2440
99 27
2199 1163
4921 884
9667 7261
9044 7232
1993 819
7932 1652
3008 2784
7997 2298
8290 2765
1921 1808
6078 5890
1485 475
8795 6047
3649 603
3098 2497
8832 1816
6402 245
8170 2945
6532 4479
727 227
6796 5815
4339 3842
8125 2340
4687 2263
675 598
4089 1351
1617 758
1197 679
553 211
7674 1891
9222 4060
4227 1274
2831 1233
1898 366
445 383
9439 9219
793 279
3236 2222
117 85
3457 3176
7552 5358
3591 3242
8293 4221
1861 1317
2338 64
3619 299
7850 1845
3506 1641
1818 470
8698 6847
6989 121
9874 2927
1627 1341
9139 6486
2292 1204
6420 6259
2184 1611
991 435
2988 186
6502 6072
1419 732
1901 932
5449 683
4553 331
2635 2190
4393 3554
1354 447
7056 1374
9625 7217
4975 3103
5496 5064
6549 4715
7303 7265
2616 2560
7900 4462
6144 1519
212 90
7048 4594
4933 356
7619 4763
