814
7916 9966
9456 9926
7677 7959
5862 8134
3717 6517
9755 9941
6293 9355
9316 9379
2974 3671
9817 9862
7676 9357
9348 9863
1131 9154
5980 9141
2744 9710
208 4023
1871 7536
1724 5305
5121 6910
4928 6297
495 6764
8621 9812
1456 4620
1315 4981
6321 9384
413 6002
8512 8946
713 3315
8976 9771
9510 9891
9614 9660
2814 9081
4903 4974
3087 7393
1655 9979
4497 6370
9513 9904
2743 7731
1604 9927
2852 8289
3283 4191
2168 7627
5469 8417
9177 9512
3676 4792
5196 6671
6514 8895
5436 8345
6333 8778
3244 3377
6271 9578
3198 5218
3669 8170
5165 7747
3252 6991
226 3612
5697 8367
2498 9072
1856 6949
7854 8939
6096 6291
1101 7007
8365 9129
248 7345
866 3097
5939 6884
411 2899
3269 7425
7448 8251
1406 7915
5937 9191
7395 8047
631 8075
7331 8306
2979 4984
8824 9938
6255 9247
6505 7894
6539 9403
4817 7684
301 6253
8136 9843
4924 7977
1003 7645
6867 8081
441 1046
509 8784
1555 6205
5299 8646
2572 7934
5584 6558
7268 7470
1434 4986
2103 9306
8247 9257
1766 7982
8799 9364
2476 4340
9877 9880
4397 9168
7650 9239
4183 5605
6099 6900
9053 9634
3763 6575
9666 9741
1187 1559
9130 9602
759 1340
9693 9878
7773 8035
2208 5702
4513 6914
2726 8810
1541 5619
9647 9893
8654 8785
5114 9365
2115 7099
3485 5353
8190 9569
2251 4364
72 9897
2417 9431
2519 5082
9831 9868
5443 9905
563 6795
3468 3545
8597 9587
5855 8358
8529 8741
50 1281
1466 5235
9430 9995
2228 4445
4960 9461
1047 8964
4019 6008
3752 7111
3402 6383
9924 9991
5879 6203
3856 3915
9319 9354
4235 6724
573 2659
1774 3933
5803 6069
4375 6358
3178 9916
9374 9806
5468 9625
9571 9957
3546 7447
2272 6105
3245 9537
9748 9953
8349 8759
3473 5283
4646 8248
6918 8509
941 6775
9234 9291
5271 9875
2603 3483
2956 8515
857 7986
8751 8974
9912 9984
286 719
8518 8634
1876 3624
7472 9712
503 6986
312 6030
1220 2394
2064 5110
2647 3084
4707 7407
2364 8648
5216 6537
2650 4929
5338 8084
1285 7817
1032 6636
979 5711
5479 8076
1601 6591
7691 9152
4063 6543
4665 5918
9870 9965
196 8687
9742 9860
1912 5902
3299 5389
1091 9983
726 2593
479 8869
7845 8484
720 8880
1274 1280
8999 9284
7147 8600
7768 9246
5634 6876
4608 5615
2248 3067
3566 4553
5718 8579
1706 9547
7762 8620
407 8809
1962 6213
2680 9711
6989 7033
5844 6932
6649 7634
8383 8768
6344 8379
6650 9167
6679 6828
9529 9665
6295 9165
2080 9394
2416 5231
8054 9303
9715 9945
173 4681
9159 9467
5878 8904
9217 9332
3325 8828
6455 8206
10 915
1805 8566
7720 7732
5111 6142
8197 9788
6350 9277
7351 7361
188 9294
1580 5243
461 7629
4738 6953
3490 6225
4469 5213
1256 1592
8480 9992
6154 9902
6367 8278
274 1977
2666 4166
2212 2523
6085 7122
2941 6965
4806 9839
2887 6952
2475 8506
262 3565
8209 9474
9197 9200
7382 8113
3587 3964
4616 7018
9344 9536
5988 7562
4230 7329
530 1696
9667 9700
7258 8429
9487 9643
8861 9148
9065 9313
959 5175
3974 6025
2804 9322
5873 9046
3601 7816
6046 9000
649 2152
1491 3237
707 4444
4369 5784
6127 6560
1270 4543
3562 4793
9482 9906
1100 7349
7416 8443
2735 3332
2906 7584
1494 8286
2867 5757
6245 7531
3944 9442
1610 2860
847 3988
1266 2372
2249 8262
5478 7883
6673 8240
8145 9229
4822 9190
117 4147
6607 7461
1964 3967
1917 3486
7946 9112
9005 9024
4983 7185
8277 9824
9509 9516
6011 8805
686 5447
4836 6118
7630 9142
7838 7919
5260 6843
9954 9968
2651 7328
9052 9254
6395 7891
8068 8216
8150 8561
336 1676
5049 6004
5495 8576
9596 9598
2473 6179
7130 8691
1125 5774
8834 9091
1823 7441
664 723
1606 5558
1531 9574
7045 7818
7493 8910
4287 9171
9049 9825
3057 6283
4795 8483
9967 9977
7058 9852
3662 7172
5012 5421
2935 4569
3203 3321
4454 8307
5048 7069
4138 5952
6974 7736
8063 8795
4212 7899
4849 8779
225 9292
3135 5899
6772 8740
337 1760
1928 4345
1300 8327
1441 4834
7658 8109
6831 8357
6692 7521
2109 6459
8859 9826
9338 9450
5173 9206
9988 9993
4466 5328
5170 5579
439 9102
7217 8087
5459 6606
746 1932
269 4865
6572 7423
4101 6801
5813 9850
7047 8588
3510 7522
984 5670
4478 6338
8701 9973
3271 9567
6076 6887
2181 9565
5995 7214
7241 7459
3567 6850
8884 9969
3993 5217
8822 9089
1734 1884
89 6958
983 8838
8947 9557
3540 4111
475 3622
6457 9175
4040 9551
234 4190
4730 8392
3489 5056
8096 9503
7178 9521
1470 2611
5487 7363
4355 7196
5059 5871
2665 5320
1133 7288
8244 8820
2788 4912
8866 9760
7866 8189
7190 7819
4744 5791
7293 9073
2701 7064
179 9051
6552 6805
3414 7093
9524 9722
7911 8103
8225 8245
7444 9758
1057 6035
7476 9928
6001 9391
1349 9248
2708 9266
7276 9350
7011 8283
48 6101
921 6994
8050 9188
4609 7420
869 4532
6550 9396
223 7573
1905 7218
6770 9127
7660 7799
213 6366
6980 8131
850 8878
1128 5987
5726 6532
6047 8782
4124 9999
5222 7378
2939 4275
827 4661
6181 9886
4784 8644
4717 5215
8700 9263
4901 7626
9325 9801
140 7371
882 3598
6493 9311
11 3324
4796 9243
8243 9763
3371 7611
324 4623
7291 8173
3992 4538
2670 7779
9642 9747
2597 9182
3611 5678
329 7750
4421 6335
7019 7279
639 4471
7110 7471
9834 9836
1940 2527
6943 8073
4309 9629
8747 9848
2822 6061
2295 6171
6614 7008
3149 7960
7177 7905
3435 8585
5333 7914
2167 4859
9068 9669
1183 7878
1678 6220
4917 8992
2667 5348
5620 7376
4325 4997
3416 4373
3337 6330
5303 7673
8887 9500
8888 9994
8396 8926
7869 8855
8161 8516
3880 8032
9439 9670
5655 5724
5748 7150
6328 7313
1196 5754
5645 7176
2375 4234
3977 8629
24 6180
1838 5534
9041 9201
757 8563
7950 8249
5184 5311
9043 9256
2832 4039
9478 9593
340 7464
6041 7094
8835 9002
2465 5133
3512 7264
5004 6437
993 6652
4266 4281
3505 6300
4210 8781
1934 2993
9652 9890
1927 8680
7811 7956
3378 6202
9372 9933
9238 9413
2134 7499
9735 9794
4920 8310
4972 7755
2229 7143
3831 8564
4336 7308
2489 7366
8767 9030
1992 3146
7336 9736
7552 8930
7338 9048
8504 8592
1947 2917
6231 7319
5297 8027
328 6311
3720 8071
1471 5769
6417 9830
5322 9563
2759 4831
8793 9962
1571 3615
8253 8771
4127 7944
1657 4883
2397 7477
8196 9180
1058 2327
4029 4410
5104 6839
6307 8230
4075 6618
3987 8377
7865 9507
1321 4086
6106 7035
572 4937
4527 4755
3990 5405
587 2702
4642 6735
6809 8569
4160 7923
6336 9358
494 644
2837 5352
3576 8532
467 6401
6973 8267
5686 6732
6246 8014
4231 9725
2769 3003
6722 7215
2911 9047
3222 7101
4327 8463
1577 8737
3201 4966
9429 9641
9166 9205
1908 6968
4537 8265
4365 9846
6682 8013
2671 6820
4488 7123
85 6216
6637 9534
7095 9592
3647 7635
57 683
3741 4012
2756 4801
6811 8477
8601 9044
3945 5272
7836 9097
155 9673
9821 9974
7863 9457
4584 9317
9976 9989
3141 5488
2747 8918
6314 8177
4125 6281
5566 6667
7208 9208
7223 8119
3273 6620
8748 9732
7002 7303
1475 5474
5144 6384
853 4843
5984 7628
9335 9618
6643 8450
7616 8370
2540 2896
6394 9307
1112 4255
5594 6158
3700 5694
6750 8086
6785 9604
4136 8186
1060 5080
6745 7994
341 468
4515 5785
6554 9370
3227 9937
6327 7249
6229 7404
7281 8281
2098 2391
3014 6066
464 2068
5376 6473
6287 8916
7576 9729
4339 6000
2422 6742
8046 8446
6780 7318
6340 7599
7469 8542
548 2469
7497 8913
5552 9731
4830 8862
689 6916
4027 5961
9566 9597
4873 5917
2604 8550
6582 8006
7859 9392
4712 6638
3694 4412
7801 8326
4814 6290
5448 6878
7786 9869
7606 8037
2577 3175
2845 4574
2348 4446
3174 9546
3185 7502
3394 4194
9032 9888
3272 5975
294 1200
6856 8707
5646 8237
2482 5457
4317 5570
754 1224
1542 6094
9401 9435
4089 8875
1359 6971
3268 9921
1479 1991
5887 5962
3040 5847
6799 6954
6272 8162
5426 7822
3745 9657
6440 7146
9086 9661
7197 7927
7876 8457
4092 5776
6319 8797
9237 9417
9250 9502
6766 8936
5636 8589
3364 6138
7641 8409
604 1265
8312 9104
7653 9443
6221 8492
6841 7596
3609 9212
3705 6747
9855 9987
7510 8334
8082 9613
8176 8324
3200 5498
2276 5843
4641 8179
7872 8997
3140 5518
8242 9061
911 8876
3899 7256
5158 6915
5160 8920
4329 9304
3854 7524
4310 8193
665 955
5713 7846
319 1472
3121 6964
153 8026
3929 6486
8987 9273
8988 9770
170 5441
5665 9568
8108 8932
7897 9753
1763 2827
9754 9774
8560 8756
3100 8853
2945 5728
5679 7440
1343 1611
9013 9486
146 6821
3920 4277
7565 8954
8894 9595
9737 9940
9424 9526
6536 9019
8462 9484
9368 9623
477 7767
5083 9915
2330 4009
7144 7962
4733 7511
2965 5366
4069 8790
1402 1840
3862 4177
749 5242
8731 9866
6992 9427
8178 9675
4931 7353
1758 2193
9147 9561
9105 9462
8045 8714
278 3117
591 1757
721 9018
4282 7480
8906 9225
5578 8699
6485 9261
94 1155
7398 7457
6665 8146
554
1755 1551
9515 2853
5073 257
5398 1085
6451 595
7282 534
6858 3295
4579 3333
2144 258
5123 3430
484 390
5461 1614
2728 1276
2809 2301
3657 3163
4916 1918
7246 4356
4461 3119
3375 283
9027 4765
9172 3086
8118 6150
2656 1322
2268 1006
8783 8382
974 545
3128 539
7350 5926
1781 266
5772 1841
7862 5291
7124 5125
5407 1263
3589 805
3658 1067
7602 6593
8661 197
1332 287
8110 3561
5589 2401
3409 3058
2561 2324
3131 3109
1890 820
1719 457
2783 1598
6962 5759
6228 1793
6322 6034
2794 289
8944 3025
2023 1296
6519 5221
6226 6224
167 150
455 27
5186 183
245 242
9204 5565
9936 3250
8578 1123
5014 3492
6695 2967
3773 1151
8239 4941
8537 5449
9743 560
809 133
190 129
3038 2763
3695 1777
2334 2227
7931 1177
8615 6467
8221 7975
8298 4759
6165 3599
8839 7592
9778 2034
6212 5735
3160 229
3841 1056
9591 7131
8375 4840
6356 1135
1995 918
496 111
5778 1843
9035 4510
611 205
3425 2781
6669 4467
2990 2094
6556 4554
394 187
8456 2183
6019 4634
8729 2942
5877 2661
3532 2811
3092 1178
9298 6015
6688 4243
6282 1074
1665 1431
313 104
1395 105
3900 753
1124 454
3701 26
6280 4244
7702 7509
5072 2253
9622 2119
6159 1769
2204 323
3768 752
5546 332
7667 1111
4297 584
2358 975
9070 5023
3803 3761
4638 569
4908 4057
7700 1859
3629 3099
5233 2757
1301 211
9228 3780
8582 8352
5296 3677
3129 655
8545 6771
8996 589
2237 255
5684 2625
2149 564
6326 2711
5782 408
5036 4599
9494 1001
5970 2328
3683 1126
3022 628
7233 2350
711 344
7030 5691
6463 5530
5330 5113
4700 3260
9375 2705
3879 2589
4542 440
7184 6646
7847 1163
8565 1261
2433 2311
3152 814
8580 7913
3857 1216
7900 396
1554 232
5504 2107
4770 3045
7675 6721
5194 428
6597 1702
799 399
9532 718
4798 1012
389 264
9724 5766
2280 417
5476 4263
8385 6882
1573 1330
1182 629
7989 5102
9814 598
2393 1493
1798 376
8736 7049
8442 3718
3849 1206
9001 7922
4971 1450
5374 4802
2606 1248
2952 2793
816 512
883 64
3256 1789
8201 7048
5090 3052
5139 3644
7418 4361
1937 267
2684 1707
3471 3044
4189 3132
5625 1379
9360 3267
3994 2402
4813 4498
2070 1150
2487 272
6092 5682
2318 1508
3820 1410
6348 1172
1317 645
7347 1294
4006 4001
1304 46
4393 1076
130 55
8424 4099
8010 4171
4216 3706
6351 1401
7708 2046
7071 4811
4472 3882
8817 811
2362 1942
4334 2872
6531 1717
1141 818
858 270
66 8
3218 890
7632 998
8890 5420
6937 3572
5599 4913
7375 3795
1021 254
3310 956
1054 361
3228 1801
5707 3151
6442 6079
9800 421
6545 1033
181 90
280 231
8546 8132
1847 580
1145 772
3011 339
1453 997
9960 3313
7717 7711
7384 5034
1398 1050
4082 2211
7335 3381
2279 908
36 12
3686 3078
3101 2790
6629 934
5896 367
486 110
9144 4022
3059 2263
8728 5661
2083 1718
5621 529
571 34
3480 3053
2751 792
5274 4168
7984 1480
6564 2275
7312 5935
9445 7849
3205 2881
8343 2908
8439 1237
9223 6945
8191 3481
9956 4800
3952 813
2454 1119
4871 2718
5903 1323
7307 3927
7725 5132
1659 521
5002 3432
5169 2429
8297 966
7289 3253
1628 1324
3838 3335
372 124
5996 442
3542 840
9110 8848
7267 699
1099 822
3574 999
3688 1288
9676 6375
6445 5455
30 22
5883 2883
7272 1121
5741 935
1011 841
4331 3564
4200 131
5182 1528
5496 2471
2963 579
7689 2089
6398 3853
9189 4463
1695 1444
5052 4033
3051 2457
5432 263
8180 5081
4944 3181
2573 459
2470 1608
886 41
1512 504
4042 2583
1700 1458
3968 3837
450 112
2557 215
716 537
4948 1627
7160 6112
7775 1612
2000 1944
2508 415
2202 1185
779 381
9612 2478
960 74
1159 515
9173 2930
8812 6198
5974 2629
1473 125
3265 40
9149 1725
6655 4407
7534 5585
9006 4257
7556 5167
4601 1355
9696 4541
327 233
3438 3264
8911 5419
3779 1738
8195 2490
5868 4673
6080 1544
3187 1078
5695 2608
2172 1923
6237 1892
4496 1967
6352 5220
58 21
2016 1889
1293 251
5900 2955
1746 554
8738 6207
4167 2384
5550 4318
3543 97
5263 1902
5477 3585
3204 3179
5837 1576
158 118
5800 2785
4721 1485
8347 4192
1812 378
3582 2436
7569 3712
4688 4618
307 59
2321 2126
4560 1143
7512 2859
169 2
1193 385
6939 3894
9873 1557
5777 166
9249 4196
6857 1570
2698 2122
7031 4935
2652 1214
2644 2486
2020 766
3877 2063
2421 1714
297 14
109 62
4967 2566
7151 6042
4153 1954
207 152
5622 3691
4102 3548
2075 1097
2754 2448
2143 962
1208 520
7138 5088
298 164
6374 3699
2581 1540
5288 2108
4346 398
3212 132
570 37
3005 2250
542 184
2602 2316
4061 1745
2074 1148
5287 2558
2072 931
6894 5597
497 18
842 77
5794 1647
8100 6528
2951 1219
1703 382
4992 803
1499 414
3864 2434
3463 1822
7824 7508
1232 923
8520 7100
1170 920
9477 246
2610 308
5797 3507
9851 2138
1115 438
7108 228
581 409
9820 6109
8435 2928
7383 5976
2823 2506
1399 1212
951 435
1664 203
5991 3156
2090 745
6490 2579
3153 311
2270 860
2011 1272
148 142
3976 1098
8586 5867
5963 4430
7541 797
6256 577
3079 2984
4382 306
3112 53
3356 192
3017 2029
5832 4485
8821 3236
275 206
4025 599
3478 706
9308 2897
2104 345
9349 3932
480 387
6813 5509
3778 83
963 680
8300 2686
1621 224
3818 823
9488 832
3319 3122
4443 1277
9369 6611
6244 933
1701 1356
7337 3703
9410 1997
163 9
5379 19
7553 4083
3488 3476
1306 919
102 13
8102 6917
3061 25
1037 851
4337 291
4335 4005
6024 4833
2365 290
4093 693
8291 4940
3782 996
8002 4294
6242 2907
6946 6432
7231 6143
736 613
3875 3516
1896 216
7299 7234
3663 2392
4218 1048
7610 3991
7213 6628
9015 5384
9163 6748
5567 4932
6511 932
9390 4347
9768 6608
7437 4376
5982 5009
8684 8091
7072 3041
4556 1588
8101 5372
7326 2596
4251 828
128 44
1068 656
5464 978
6737 5671
4702 3298
2746 888
