323
3105 3978
1439 9434
5007 6352
9700 9759
6297 7752
9807 9882
9861 9939
1880 3061
8886 9664
566 8759
581 3719
9651 9684
5940 9660
9760 9813
1771 4262
4549 5092
4955 9251
7491 8589
3696 6125
7550 9800
7349 8881
1401 3040
6029 7589
9667 9999
3152 8893
1460 2229
7101 7528
84 6129
5013 5060
4277 6107
7943 8894
4779 8438
5741 9091
7194 7385
5956 9244
9027 9722
3292 3506
5144 5628
1189 7828
5462 8423
8891 9064
1837 9405
3436 9449
7545 8202
7798 9832
9307 9960
7751 9771
5904 7289
5846 6120
2483 8148
6040 6994
4810 7269
8919 9236
7725 8764
5028 9243
1682 4345
3182 9070
4293 7551
87 5064
6468 9004
8006 9195
3168 9459
2780 7840
1479 2813
3965 5834
7851 8354
4507 9804
5362 9554
5017 7901
9361 9819
5340 6196
1516 5636
7080 9276
8511 8662
7184 9040
7266 8897
5380 8051
2660 6847
9961 9970
102 6240
5234 6621
7893 8933
5320 8824
1642 2955
1691 2774
7026 8231
7384 8015
1094 5835
9859 9946
6269 8036
3005 4583
8087 8813
5946 9517
7409 9242
4734 4948
8137 8855
7617 9349
4709 7132
5954 8085
1731 2752
8336 9415
6251 9019
2011 5840
2128 7309
6126 6530
7559 9532
1441 9282
5348 8288
6198 7632
7081 9838
319 7247
8308 8961
6692 9078
2791 6115
2835 7741
6584 9887
1943 8220
4335 6813
3957 4486
3658 7386
6505 6721
1909 7122
7167 9827
496 2423
2990 8169
8722 9281
4431 7324
8421 9343
2055 4269
4644 8019
5206 7853
3520 6846
5051 7001
3424 7955
8204 9923
6868 8505
7531 9118
4874 4992
6487 9770
8811 9277
2327 8926
3616 7654
5681 9115
9075 9234
1071 2650
8451 8786
519 6860
8562 9585
226 2959
7204 9582
933 3191
4886 8101
9014 9428
8515 8572
8763 8916
4190 4863
2421 7703
7749 9194
7556 7902
6281 8552
8871 9706
3833 6647
6178 7301
3836 7811
3209 5937
2647 6477
8277 9973
1638 6426
6595 7113
7865 8991
1165 7095
3787 3891
7947 8731
134 5507
7297 8680
4121 6084
3184 3838
9560 9661
1502 3972
4098 4625
6769 9736
4973 5424
3747 9922
6827 8627
2588 9185
5367 8428
8770 9524
1497 1729
8622 9920
552 8457
9686 9836
3019 3154
584 3052
6227 7571
7804 9407
2095 6263
1005 8453
6859 8861
2754 5651
2303 2861
8644 9126
6417 7156
9213 9594
5087 6598
8062 9880
7613 7946
6087 9354
2227 5322
7783 8706
263 5800
2481 8555
3819 7407
993 7108
4715 5503
9260 9613
4026 4742
3587 5309
1715 2585
1641 8134
5663 8215
3080 3772
4925 6981
8408 8508
88 157
3627 4405
5422 5587
6789 9235
9757 9974
8558 9314
842 8271
1790 2047
260 2206
6773 9140
8701 9535
543 7849
3075 5268
3890 9124
9705 9948
2946 4813
8174 9810
2743 4919
9360 9764
1620 6836
367 9441
4829 8497
7764 8801
2579 3072
9951 9986
8612 9112
7265 9370
6148 9336
1512 2028
3661 7855
3256 5129
9071 9163
7208 9072
1936 4172
2682 7179
8 7681
9479 9646
7375 9744
7692 8314
7494 8369
8971 9584
9378 9418
9017 9471
557 6143
2734 5096
9566 9990
3561 4222
3869 9552
1916 9685
516 3029
3355 5438
5891 9117
8875 9106
4365 8393
9387 9745
6432 9975
5985 9826
2627 8846
6714 9518
6840 9187
5991 6014
4196 4922
2640 5621
6419 6719
1767 2268
9357 9373
8005 9917
5305 6396
9238 9673
1420 7827
9275 9468
6262 8539
4456 7988
4745 7655
6181 9766
4207 6678
2254 2258
7519 8327
3526 3934
7035 8900
4364 6429
1756 4569
6006 9725
7274 8877
2205 8156
3769 5408
4577 9306
5538 9323
663 4233
4941 9081
2131 2937
485 1530
169 4699
9698 9733
7772 8962
9569 9987
3452 7889
1171 1819
8667 9837
9437 9647
834
8957 7054
7307 6881
1014 305
8570 5957
2468 922
7255 4646
2246 430
5855 3332
2345 1766
2997 2083
1375 1374
1508 1095
3097 2064
1760 926
1335 616
3999 2902
6556 2896
2519 2356
2922 794
6549 785
6078 3390
7147 6139
9379 5966
8366 5841
269 262
1457 122
9215 7930
9955 4653
5969 114
4381 4146
1261 1214
6342 6205
3220 891
1603 998
8429 4833
4046 1355
1383 1151
5723 2080
1459 435
7854 3578
205 193
5825 2775
1651 298
5679 5382
6675 5318
3797 767
4136 2435
4630 138
1255 742
7272 432
4191 433
6056 5353
2727 39
6465 4476
5328 2932
9226 6241
2705 1619
5207 3731
9704 6989
8910 1934
7130 457
9018 592
5890 2506
2441 1474
164 120
1055 220
8353 1037
8105 3533
5502 3756
7189 3538
2245 239
5277 207
7756 2832
4082 2910
456 419
5738 1753
7430 385
9596 5610
8232 7007
4151 4144
3325 2859
416 196
1089 1067
4786 3784
4354 876
3669 2802
648 127
4470 4118
1526 1188
3902 1400
1154 769
2714 788
9032 5629
1250 553
6423 212
1626 779
5288 4593
5341 2478
2090 911
9710 5297
6390 2403
6095 1081
751 713
3560 2211
4548 2129
8097 7661
3124 423
9088 4789
5172 1031
5793 50
3021 988
5599 1573
8889 1547
4746 634
4200 2875
8264 1988
2146 1243
2812 330
3036 1791
5755 37
339 144
8403 1226
1515 155
6287 4572
4348 3563
16 6
1433 379
4854 951
8997 3003
3674 2708
3341 1560
7164 6767
1435 497
480 341
3824 1927
5672 4983
2522 1860
5359 2076
908 94
6953 4781
4998 4987
6201 4590
1862 542
315 141
8385 7657
2612 215
8293 6370
6283 2134
9854 8230
9850 481
3991 771
6768 2457
9356 564
5345 1692
6611 5683
2219 1593
8258 576
3649 1388
2960 2236
5139 4705
8723 5403
824 437
1587 1521
5050 1749
2049 1849
1877 1705
4236 2063
2899 279
5086 1605
6267 3959
8487 5018
4712 3531
9421 7844
4068 1249
6917 6895
3573 2162
7117 5504
3041 42
6203 756
6977 5127
2822 1263
6055 3323
5233 3421
7344 2330
5021 4095
4299 3775
2976 1302
5882 5143
7935 6649
4654 1224
1905 391
3468 3361
6102 950
3055 2453
440 267
6870 3693
364 225
4935 2425
8758 2431
9929 7436
3672 1884
4448 1554
2283 1878
7631 7013
780 22
11 3
1962 1247
5826 2967
3495 2505
7403 999
2766 1914
6993 1901
2543 2193
1274 283
7549 4007
6073 4714
9436 5959
6214 503
3768 2966
126 65
5011 554
1345 462
2580 2415
3216 2207
7837 952
3839 897
8455 6669
7185 3068
8551 390
4355 2807
6414 6309
8414 2811
8739 1172
1915 1899
6140 3438
1588 249
6392 2611
787 59
662 280
3170 929
4875 1689
4553 4418
9414 7410
6057 3653
7908 4197
757 372
2973 1032
9644 229
2285 1601
2641 424
5771 695
392 340
6316 718
1728 610
1522 1376
4443 3312
7937 3623
4387 4238
1558 98
3937 820
7161 2517
8186 4282
3880 3484
5275 2003
9967 9015
2943 186
8711 1373
2119 1937
2904 2358
6259 2642
6831 1876
1792 538
6987 2736
3780 1143
7304 6950
4013 3624
9399 2773
2826 1829
9918 7263
7428 2907
8964 5736
5725 246
7538 5441
7835 6401
4375 2643
4337 798
9763 2349
7310 85
817 356
1979 1245
9529 3663
199 174
8944 6561
4502 2372
3007 2624
3428 2307
6463 1741
9198 8059
3301 682
6290 1351
6579 3687
276 251
2474 1518
3204 1686
7396 25
4669 2738
2179 631
275 54
2235 1924
5778 1201
6834 1305
7603 4882
7074 3426
706 312
6572 680
8305 3569
2589 1331
9551 7058
9001 2084
1808 236
708 326
2286 2224
3398 1019
6802 6455
1158 375
8126 2060
4120 145
8361 5635
2393 1544
9283 6666
9137 4684
8245 4664
7220 3876
8225 1912
8943 8153
6918 6341
7223 78
7088 772
2567 499
8911 4793
2292 2272
8538 32
1872 1212
1845 1260
2898 1144
9296 184
2747 255
4923 644
3615 376
8924 3378
6476 6405
2437 2342
467 254
4921 2221
309 53
5426 2015
5012 3889
6998 2671
4260 3799
1330 455
5823 4440
9385 4001
6723 403
7200 4058
6138 55
3181 3175
5110 3016
888 187
1286 7
6562 2525
7229 1722
7971 7697
8179 4296
8008 2384
537 402
825 635
7886 1765
1991 1241
4694 2885
1680 827
9151 3816
9822 6169
5866 913
7817 3193
6617 5430
3702 3008
4795 4081
2117 1703
6336 1210
5267 1950
306 46
6730 6216
9616 1122
9045 4412
4915 1040
5085 3187
6372 1820
6720 6127
7279 5856
6258 6142
2351 450
3415 486
4383 3835
8581 3654
3044 1276
6848 421
851 281
8527 577
3493 760
7746 4592
3252 1186
7755 76
3238 3022
7998 358
1334 313
2884 864
701 591
5448 1424
8839 1455
880 334
5744 2895
2933 1452
3988 2287
4892 359
3832 1834
2893 2144
3296 3153
5819 4204
1492 1058
6450 6261
9886 7821
9900 1563
1100 52
1708 103
7146 4063
8700 6523
975 125
6310 4138
7761 407
7814 3554
8681 1084
6952 5031
3012 1379
6861 2329
5226 4760
3904 636
518 439
3400 1668
7744 3581
8905 5385
2326 873
223 70
8584 4115
1193 1036
71 51
4130 3513
2312 1859
4873 1821
8280 656
422 139
2870 2243
8650 6448
1371 615
9469 4909
571 382
6041 222
7605 2582
7577 1294
7611 3134
9465 61
5817 702
8098 7319
2655 1202
4621 1997
2600 991
5095 3521
1057 242
167 34
2614 2535
7770 259
6631 1275
8791 1534
4113 1653
7114 3749
5183 493
4139 1473
8076 7748
7638 3892
5899 3640
5245 2189
9798 925
2391 1545
2442 1823
6307 2042
9104 6854
7221 2999
7404 1636
6867 823
4575 4454
6791 1633
9444 9060
3732 910
1008 723
5864 2873
9374 6016
4434 1487
1012 555
3456 1967
7043 4361
2159 2025
6254 3630
6179 5745
8834 874
5009 1395
1366 601
9860 793
8931 7000
9557 6658
8803 2819
4594 3095
9057 3176
800 660
1945 821
5306 5270
7775 7616
9991 5149
3245 2864
3516 2021
5619 697
2779 2170
8265 7116
6580 649
1736 1027
2500 1453
6339 3611
1033 395
8550 5910
8371 6221
3548 1394
3356 495
8335 5302
6256 5319
7806 5355
3137 935
5658 234
5779 3408
4024 1281
1687 131
4686 2099
1773 1137
3662 2770
2104 1727
81 1
2851 1368
8560 8010
4022 1784
2035 725
3929 3803
1264 1155
5863 5349
292 247
4358 3046
7691 3214
9695 6788
6627 5698
2319 705
1048 729
3001 1360
7671 2143
4567 3309
2232 1072
2574 2114
6885 3606
2148 1340
2520 1957
8312 7331
3237 2868
7592 6956
1807 1362
6069 4767
9677 1451
2106 1231
7136 6691
1586 1456
3380 287
8513 96
608 515
9009 6747
9255 8362
3365 2313
3454 586
2155 1932
5583 5465
8162 6028
5137 2089
7055 5728
8679 7002
7045 6322
9611 238
8603 5317
1855 607
8089 1610
2632 206
5146 1712
9132 5368
5282 969
2615 274
7900 1438
5944 4215
6113 828
3375 2652
7487 6453
6657 4606
4164 2366
8269 6155
585 347
48 45
9879 2857
3734 2644
7093 5339
5772 4391
4306 786
8240 6725
4823 3609
6330 3431
1352 1248
1971 1156
4808 2426
5926 5174
4055 1615
7182 1746
711 351
4596 4397
4166 1865
2905 2749
6757 923
7445 4527
6535 1185
544 14
3508 3279
640 523
2259 944
2942 734
2379 849
3969 2881
565 381
1775 1009
5618 5211
3045 1145
5523 1367
2536 1690
1888 163
5246 5088
3973 530
9149 2359
7128 4954
1960 217
722 373
6058 1043
1344 179
8896 2369
4039 3843
3716 3377
7885 5953
5405 1992
630 130
5109 4963
6560 6007
5625 2375
9655 9270
5528 580
8525 3254
9007 8917
8784 5122
5857 431
6805 4368
7878 4783
8283 5063
3980 2706
4163 1781
2191 1328
7561 3004
3329 3050
6135 4275
9400 1640
8787 1769
9491 5454
689 195
5019 2296
3496 441
6237 6049
5749 3648
6364 2069
4162 2724
2078 1300
1090 386
7861 2560
5240 4656
7543 3989
4023 3555
1464 1364
4094 2510
627 446
3792 2139
472 108
6663 3062
7716 3667
7418 1225
3865 3419
9249 8208
8463 8357
7936 4092
5614 4352
4497 932
9858 2984
3460 2850
8977 2720
5024 1595
1203 366
773 513
8777 6919
7839 7322
2570 1407
2137 353
6239 3874
9156 5854
9505 2491
9995 35
7940 801
6873 6689
9776 6573
1966 448
470 33
1428 1069
1338 808
5155 995
2346 117
7003 3724
6550 5301
5967 606
3407 939
5461 3922
3423 642
9587 1041
216 203
505 224
2396 2202
3625 2771
5540 5409
7702 6088
704 369
6493 3752
8489 7903
1616 699
3283 2931
1959 658
6354 3782
7072 4155
2957 1139
9077 5493
2476 1599
6534 3945
9464 4444
4019 1702
804 531
7673 5125
9793 2964
6608 2549
7391 4514
9439 2430
5077 1776
7825 1718
8200 7502
9933 8649
9494 4680
370 159
3953 2257
8657 2667
6047 5591
4866 1956
4996 4977
2165 1969
5005 2825
5191 2829
3344 1045
4695 1798
2764 316
5061 1752
1786 1307
302 30
8774 8601
8865 1170
6628 3979
8159 4525
7525 6954
2339 1350
2882 2648
6036 4135
9869 3139
9785 4490
7474 6841
3695 3236
1822 1022
265 123
4662 3686
8241 2571
2853 1272
8872 7335
2079 1655
5945 575
7515 1552
4503 4112
4812 819
8216 8040
9087 5488
442 368
799 500
5715 4752
7874 3306
6156 2731
508 211
4735 3333
1429 1409
5565 3878
6002 5775
5257 2332
3910 2545
7426 930
3805 3571
6786 1923
1925 1662
9737 1384
4674 314
1940 1414
