601
3526 4700
5765 9700
9160 9813
4144 8924
4061 9400
8474 9602
358 3341
7492 9209
4556 4575
5131 5454
8674 9037
1797 3879
3835 6002
893 2990
1852 5374
3776 6323
1687 6984
3238 6861
2189 8753
1095 8721
5782 9799
7248 9763
4162 9828
7732 8091
5647 8630
8840 9617
2901 4943
2550 2799
7813 9140
6384 9583
9708 9741
1026 2007
1284 7203
722 1094
9041 9893
6946 9619
8385 9486
1484 3989
964 4918
6995 9905
3261 8078
352 5651
6407 9042
3221 6334
6327 7070
1676 7646
170 9178
293 2241
9113 9836
9438 9753
539 667
7765 7794
3227 8279
5396 9374
7193 9286
9218 9654
5079 6619
3916 6228
5908 7543
4169 6804
642 8380
4515 5152
8073 8701
3645 4991
3687 4022
9261 9951
3403 9441
3350 4202
2514 4599
1820 8490
3984 4440
7787 9803
7253 9521
4865 9266
1831 2950
9152 9682
7431 8464
2405 7797
88 4222
7778 9628
3260 5183
2890 6532
3662 4237
2091 5722
1512 7460
1870 9259
3738 8997
2910 4339
3066 6947
9744 9804
6482 6556
7282 9454
1369 7465
7672 8734
9924 9957
6945 7849
6993 9516
7745 9550
3875 4638
5457 7411
390 8198
5025 5166
9647 9689
4930 6849
3127 5098
2582 8364
9063 9958
626 3932
4168 6015
5853 6281
4552 7124
9478 9733
3219 8433
1760 4816
7234 9283
5551 9422
5341 7256
9573 9592
6897 9226
1865 2895
2647 6043
3345 3665
4971 6540
1333 7661
2383 4475
2076 6343
2553 4131
4560 9381
3376 3733
6530 7693
2394 5337
8602 9506
8939 9253
5827 7436
4255 7346
504 2776
1692 9093
1527 2813
6123 9781
8598 8643
4106 8209
6642 7783
3025 4282
931 6958
2592 6726
2101 9652
6286 7722
4555 9319
1360 2898
4938 8001
6950 9606
9638 9884
555 8826
5896 7731
2257 2736
265 6330
590 6972
148 806
7883 9569
4834 7446
8757 8784
1183 4236
2980 7011
4158 5564
174 8126
3671 4003
8919 9295
6204 6768
1239 9713
6853 8716
5397 8599
3630 6098
3411 6182
1072 2979
2820 6306
2116 2534
7978 9505
8814 9900
9584 9898
5065 9879
954 3813
8830 9227
3266 8393
1984 2398
5934 8860
2304 6999
5021 7637
1307 9851
8661 9954
9121 9501
9245 9331
5952 9163
8341 9509
5994 8235
7222 9933
1159 8508
8653 9405
4709 6017
9545 9737
4831 7595
9392 9903
6717 7855
97 4796
2606 5256
6013 7005
8291 9841
6566 7811
4405 5483
460 3433
2527 3094
2492 5941
7703 7777
1652 3676
674 8839
9095 9554
4288 8671
8105 8887
1348 1462
2261 8320
6201 6841
9681 9939
8011 9325
2710 4601
8704 9685
4707 7913
4119 4778
9780 9821
7686 8690
1331 3622
6955 7490
2618 6174
9451 9788
5869 6977
1487 7903
8612 8946
8926 9818
7056 8636
6359 7260
207 445
7484 9338
8074 8272
5517 6830
4786 7753
1868 9940
3641 9982
6703 9430
7882 8024
9968 9980
5391 9397
7434 8781
8451 8481
9103 9925
8950 9878
2987 6101
6650 9947
8559 9361
6037 7226
4101 4653
5541 8853
9161 9645
770 3110
7066 7864
7399 9080
1266 4688
7344 7601
4720 7257
7373 9079
1777 5276
2407 9558
3971 9766
9942 9948
8881 9074
2057 5346
5559 9249
8300 8920
2772 5716
3079 7834
5087 5461
9452 9678
5063 7112
1077 8418
5875 8280
8428 9086
565 4961
5589 8193
4065 5080
1613 8022
4105 7288
5407 7114
2885 4035
525 7602
7929 8811
8736 8891
1451 2688
8646 9587
8915 9287
5207 9022
6079 7611
4860 6176
8408 9474
8070 8668
3513 6781
7268 9106
2159 8521
5822 7410
8743 8760
687 2613
7878 9785
4773 6166
153 846
3670 7694
8796 9771
2438 7244
5505 7154
6254 9882
9439 9865
7049 7867
4761 5394
8166 8448
2520 2808
3988 8591
2775 4640
9589 9936
2646 6774
3625 5728
6751 8350
9965 9969
2581 5273
4270 8709
2919 3489
8511 8865
1843 6475
3369 8307
5811 7663
4591 6584
2954 3800
7520 7810
8992 9369
406 3730
2322 3129
1841 4441
8004 8702
4415 6312
4444 4605
9070 9897
1478 4703
8334 9114
5964 6579
7383 9861
1584 2684
9578 9623
871 6795
7585 8225
646 773
1544 8161
3057 8806
8751 9723
1726 6611
2139 6484
2740 5789
3134 5385
5629 8895
4574 4887
3540 7952
9824 9964
828 8288
3510 9542
3451 4665
6911 8000
3108 4376
6353 6433
8309 9172
4120 5509
73 8819
8148 9085
5365 6627
566 3960
2735 9303
8456 9340
5336 7197
7089 7853
2303 3683
3941 5232
1112 8157
9981 9991
7328 7512
7499 7752
5147 6961
9012 9141
3627 3883
795 8638
4099 8537
809 7671
1600 4728
7578 9066
4951 8917
8047 9914
975 8276
6206 6550
2010 8032
9735 9774
7940 8260
8649 8857
425 725
8174 9868
7826 9679
5314 8752
418 8584
7167 9139
7647 9150
7896 8362
5238 8046
545 2119
5792 6151
3874 8304
7625 8053
2464 4041
8454 9658
9344 9663
2636 4759
5725 7721
8018 8607
3546 6653
3362 3586
8205 8211
171 8039
8009 9052
940 9395
8572 9847
208 7574
3385 5613
7547 8199
2863 8095
8160 8864
1025 2006
8675 9772
3113 7495
5119 7702
368 4387
7183 9009
2083 9379
6483 7250
4508 7149
8399 9182
2565 6770
9494 9526
5677 9456
4798 5209
6980 7870
4194 8422
9174 9863
4152 4643
2125 9932
5657 9945
8319 9952
7267 7906
926 8377
8801 9107
8778 8883
9840 9941
2197 6067
4067 4741
59 661
3534 7891
6403 8379
2748 8215
5194 5333
5723 7521
5506 6677
7042 7132
7909 9333
3130 7336
907 1073
6816 8283
2165 9466
5986 9562
1681 9643
2782 9899
6756 9759
6718 7073
8556 9468
2945 3298
6561 6784
9998 9999
1938 3870
4995 8656
608 9102
1237 9657
6018 6568
9809 9891
5655 8425
9805 9996
7899 9179
8873 9670
5240 8897
1523 1792
8524 9593
867 2777
4484 9202
6297 7266
7772 8684
3593 8916
1800 3305
325 6256
1786 4512
4129 6612
6536 8296
7270 8410
5795 8888
2149 4368
5825 9142
1249 1347
4399 5770
9547 9728
7101 9084
7516 8601
9561 9886
5178 5684
6782 7963
5972 8827
3318 7837
5375 8055
7082 8314
3556 5753
1190 2258
4785 4814
5494 9758
1103 8421
7180 7380
3065 5593
7632 8904
8889 9176
8200 9624
6944 7469
8015 9597
6470 9484
5157 9672
9873 9961
575 5418
5584 8017
920 4855
5226 9450
6410 8152
7435 8310
5774 9776
5387 5632
2424 4972
5927 9210
87 6345
3365 7166
775 6869
7856 9378
5179 5820
6652 9518
1817 4535
5091 6513
1405 5469
3128 6818
9983 9988
4076 7318
6167 9971
6317 9497
637 4337
9904 9992
4725 9779
8478 9644
3313 5004
163 3962
4649 6806
4529 7095
1447 3273
5542 9014
238 7648
5926 6997
2375 6332
3897 6160
7072 8737
2082 2696
4965 7825
7439 9820
4641 9122
1068 2176
1012 7375
8466 9909
2430 9195
2218 2931
9111 9192
774 9943
7866 8532
9627 9862
9137 9431
9796 9869
4427 8459
2778 5085
5699 7327
1295 8049
3326 4755
2864 9448
9807 9834
1313 3173
9747 9926
758
2056 231
5430 3558
6577 639
9368 8918
1292 157
412 53
1535 217
7241 4557
3027 1709
4017 900
3529 1432
141 101
296 136
8030 6169
9792 4049
8943 784
3078 2059
6560 4911
3780 241
7996 5883
2038 1567
3419 972
3174 2627
1962 1318
1522 214
5442 2320
5711 509
6594 4296
1753 1719
2832 653
2371 777
3737 1028
5532 2335
2023 819
7781 1427
5943 4926
9092 6030
4059 3998
9919 3531
968 790
195 192
215 7
3839 2704
8455 6430
7047 2182
6335 3056
9482 7654
3925 2368
5507 4466
3910 698
5705 1265
6901 4840
957 910
5260 4686
9132 3315
2389 150
2552 793
977 313
4946 403
2390 198
3437 821
3905 455
599 449
657 246
9639 3202
3270 2970
8043 155
203 175
8125 4161
4292 3587
7989 2619
3693 2272
6710 765
7134 5981
6264 495
5261 56
2930 1966
6259 901
6531 677
3212 1086
3609 611
1160 74
3691 2761
6819 6358
7305 4760
3084 1490
5357 3741
6047 2498
4743 2911
9481 1051
2972 345
3952 1979
1667 1315
2055 1725
8308 1433
7293 788
3792 3455
9800 1319
158 149
2372 614
7394 6844
4721 508
4710 1340
72 8
4571 12
7445 6279
5310 4227
7844 3307
8155 4102
2027 952
8981 1435
8426 4154
5654 1223
2177 1926
9986 5831
6219 5381
9704 3292
719 129
4932 292
2828 2469
6600 131
8250 6379
5520 4343
2629 1829
9045 2928
3564 1988
8542 4931
5167 3996
834 631
3845 2842
4188 2787
9491 2361
5132 1987
751 176
2276 1353
5636 4240
7368 943
8487 6452
3142 3045
1568 782
9314 4628
206 116
7895 6941
6534 329
9979 1064
2657 5
5814 437
1625 1185
8412 8383
4906 2608
665 492
5133 4139
5689 1815
8056 6926
2287 1493
4354 1374
305 77
4546 1389
8691 5980
9216 6385
8365 4476
6476 6363
5501 3832
1811 1775
3926 3721
2698 2610
4770 1227
5440 4758
5427 1398
7043 6360
7709 1437
4928 2936
6061 3749
481 353
6881 1851
8951 2654
5803 4826
5304 3877
5249 996
2247 1358
5523 2479
3179 2045
1110 623
1796 1354
6253 5834
7653 2564
1614 1327
3848 442
1780 537
270 90
8206 6437
7405 6479
9208 706
6929 1468
4127 1919
5894 5444
6632 1554
785 620
266 167
7795 3413
4872 3286
1690 1488
7587 7262
9738 4940
6889 3097
4015 2897
5277 3501
5268 5263
908 671
483 89
724 109
5172 4821
282 42
1997 585
3338 1289
9316 9078
6873 1534
8373 4251
5847 2332
1309 423
3158 1945
8654 7666
2211 1132
4550 4113
712 184
3083 3018
1509 1279
4788 865
189 113
3436 2020
8807 6557
721 300
7390 6548
602 39
9632 7215
5892 3022
6227 5665
6727 1874
5762 3324
9614 9345
4625 4224
3250 831
4572 2662
8339 4286
11 3
2940 57
6170 542
6154 3166
2904 196
4632 3889
6526 2446
6196 5211
1428 1329
6262 4392
6337 1993
8948 7087
3920 1087
118 64
3985 3569
7770 2568
8306 5730
5855 4929
4675 1574
5307 2145
1641 842
9636 3655
7680 878
3974 3594
3817 3704
1243 1129
111 23
5575 5372
1325 915
669 511
6074 6062
7494 850
4062 1618
1739 1642
889 513
3255 699
66 51
1446 672
6321 3684
5915 2167
9846 963
8780 1029
4670 3881
9749 9217
4739 1533
29 20
7884 5231
6792 4271
3297 2458
4916 3689
610 46
913 518
554 108
8228 3406
252 160
7508 2049
9228 1904
130 95
2427 1754
3636 371
8955 1193
8472 2459
2162 78
1659 917
553 126
7842 1507
3855 556
7211 1111
5653 1115
1772 1431
5717 5290
3364 3070
9571 3694
944 344
9205 8686
2364 680
5649 4025
2516 261
7556 5393
7298 830
4618 4150
510 306
9155 4576
8452 1017
3258 1981
1750 1148
3462 389
3352 2126
5802 3566
4736 2823
7388 2844
1464 1351
689 34
1965 1339
2661 1665
2209 2025
3757 928
6026 2508
2077 1551
5993 1282
4016 2689
4334 258
569 320
2015 1317
1178 807
2098 903
8899 4672
3055 3021
2585 1557
7999 4424
1296 245
4060 3072
6162 4382
5910 5638
1198 1080
6755 5244
7801 75
5281 2373
5886 269
3992 2260
8151 2865
4536 1467
4958 1215
260 114
1102 28
2289 582
6104 5984
2193 1263
2989 769
5502 3331
5673 5050
8608 5206
961 416
2848 1214
9572 6183
3994 1219
5539 2755
9094 3911
4610 2536
7590 3756
2512 621
6979 4103
2786 2757
4069 1226
2393 1638
8333 2596
1049 16
5935 974
6134 450
5388 3568
6906 2046
4590 1373
3675 1759
7120 857
8852 4658
6173 5601
4967 1105
55 30
332 221
4992 3187
2949 154
8989 4976
1324 603
4084 439
9016 3469
3914 2817
1401 370
413 199
5939 1257
2702 2166
1303 388
8185 6914
2683 1248
8621 2804
8669 5300
2230 641
7659 7041
2240 546
5709 369
6711 1802
5977 5465
8285 5793
8238 3443
2722 496
5983 4040
6793 3887
3723 2981
6856 6161
7279 2352
4912 3606
9248 7345
3143 1869
4128 4044
5497 3274
7776 5126
4176 3841
7823 7406
469 26
9719 3754
4589 1192
93 24
9618 7980
4803 3335
6060 3969
4558 257
1043 32
3467 2029
4088 397
8026 2533
7224 45
3088 2026
7617 2466
9298 960
6610 3624
3014 182
541 314
8469 4109
5852 5001
8682 8473
3447 2242
5932 3209
6739 1996
2391 1312
4511 1704
7806 4595
2706 2331
9801 1944
8874 4982
8838 4517
8885 5903
1204 1113
5329 4301
3810 1995
6305 2231
7287 1440
7592 7140
100 76
5312 5228
634 285
2569 1003
5951 5283
8411 1460
9769 5022
2234 1768
551 391
8594 6625
8810 1788
1145 335
9402 8406
9671 8694
9574 6413
4380 3519
9480 308
8552 6597
7683 1956
4660 1050
3660 1866
1619 1168
5830 3287
197 172
5068 3421
8836 2263
7814 2053
5806 5537
8143 5639
3739 1274
8502 7448
6481 3061
3842 1423
2488 1773
5347 3322
6480 4819
2135 1921
5410 2051
2252 600
394 125
6547 2460
5916 1582
3541 2796
2896 277
8742 8617
278 234
7048 326
8271 1402
8195 4442
5865 4868
6106 1900
6966 3653
2926 143
2548 1576
2875 254
1495 201
4902 1713
5553 5115
8420 814
1927 1849
4568 1473
9390 4905
9388 2574
8606 482
3951 2794
8486 2672
4987 232
8261 4362
8837 6685
3894 2313
5101 633
7320 5171
6133 5633
2282 1150
1801 717
7917 2031
4165 262
3809 2354
4896 4588
2339 1015
5598 2226
7077 1695
7950 1199
7668 2293
487 438
4717 4351
3615 2396
5846 5223
3131 1001
5686 3890
7677 6696
2726 1588
2749 2250
1041 411
1134 884
4445 3461
3924 2152
6417 1872
3289 973
1650 1200
6382 6153
8809 7923
3210 2444
743 707
810 365
1069 92
1254 1021
7951 468
4866 4655
4436 4197
7771 6826
6466 6129
5128 3548
4177 1232
4547 3898
6300 5554
670 328
6234 2995
9407 299
6680 5433
3508 1469
7576 4751
9883 6720
8859 8615
2991 1798
1542 758
993 402
7600 1439
2602 2017
213 31
2278 882
5191 4677
833 474
7624 1496
4915 1032
5586 570
3597 1278
1906 612
5158 2205
6461 3140
85 50
5950 2770
1098 732
6763 4563
4461 1130
4225 3865
2238 1163
3595 404
9495 7774
8094 4417
8231 1878
1563 522
311 15
5798 4217
1125 705
6503 3846
2877 1511
7144 2790
7093 4799
1321 1205
3105 140
7803 7223
2482 1634
3840 946
5889 186
147 98
6164 1630
2983 2425
7594 3880
5562 1452
6083 1629
3980 467
6790 2557
7370 2718
242 127
4328 1065
4899 995
7119 1119
2538 1461
459 398
8983 7246
1564 838
3049 1388
3366 443
225 18
1699 983
663 229
1559 1210
2154 1222
5417 106
6545 2447
2637 2507
3269 528
2838 2760
8130 1537
4462 1526
7271 3226
6389 1755
6132 1306
333 79
3176 2277
8903 4738
6825 255
3579 3386
3967 1164
7674 5342
8726 6778
9795 636
2012 754
6032 5533
7050 5719
6311 2546
2609 1543
6676 4668
239 48
7944 1176
4011 2681
1489 1272
3850 2519
6956 5666
5306 4524
4838 2644
3464 1602
2693 532
2415 453
624 355
8947 4583
3643 2093
989 276
3339 583
4990 1436
4173 4013
9660 5614
1925 1855
6998 4238
5331 5278
6965 4402
3337 354
6291 3768
8401 7747
4727 3493
6258 3358
733 728
5168 2484
9326 9247
3196 2652
7428 5576
9690 7847
3695 947
9145 3052
6432 2893
5036 2118
1825 749
9138 4012
4726 4123
7176 2764
7229 3604
2150 315
8202 8153
746 478
8371 1082
3457 1338
5704 4303
6813 3449
9716 2403
1655 1644
3688 3561
5871 3321
6080 4243
9944 9621
5489 2965
8061 6963
7517 1941
7080 1355
9746 1334
5358 1895
7319 2586
4689 2984
