208
4495 6779
6167 7094
7213 7494
8700 9841
1459 2499
7953 9892
7570 7943
3044 9617
171 2352
3576 9791
1094 6010
6772 9351
3737 4019
6006 9085
9876 9916
1892 2459
1747 5630
5769 9761
4135 9446
263 9068
9592 9952
1955 9503
277 5815
2548 2671
8674 9421
9426 9962
3220 3483
6464 8026
7869 8335
1693 5591
7029 7303
8158 9651
7996 9506
2635 3950
6978 8438
3611 9820
4733 9277
8327 8873
676 4924
2468 7263
7009 7625
7933 8570
2568 3942
2205 7988
2373 9558
9518 9684
6034 6855
1604 3235
7931 9132
7368 9367
9206 9647
4112 6900
8879 9009
2592 4670
6214 7033
8701 8802
515 5649
3482 9812
6821 7163
8651 9708
3874 4693
2411 4214
6423 6851
9579 9883
9362 9721
4457 9499
7745 9755
8490 9086
136 480
1111 5495
7778 9311
8912 9278
7065 9302
7204 9005
1773 6498
2832 7806
3059 7361
4979 7301
4665 6280
5862 8126
1478 7208
3285 4926
7154 7886
422 9199
785 5634
6410 9096
4818 9878
856 4300
4404 8986
9097 9696
328 2460
532 1791
2703 3537
5322 6717
6419 7291
9149 9281
5435 8865
391 1278
1981 4201
5168 7511
8729 8942
1584 3190
6496 9258
3115 7184
4946 9425
2974 3378
5438 8587
5702 6368
2421 2647
2080 7054
1872 3562
6424 6504
4738 6913
3783 4475
1922 3968
5294 7594
537 7644
2283 9957
9074 9747
8378 8615
5841 9754
2556 4862
8477 9038
9063 9326
5819 9365
3155 3792
4069 8715
6606 9989
8273 8382
2603 9536
6553 7847
8645 9296
7662 8469
906 6685
9465 9526
3960 6328
1404 5925
1991 5559
2855 3519
9497 9903
2783 8406
7481 8220
3310 4507
4553 7373
588 7493
1760 1767
9836 9862
3659 5291
2513 4282
166 3106
7975 8683
9981 9984
9845 9942
2562 7390
2536 3962
264 3069
5136 8889
3141 7622
5983 9934
1402 8418
200 4476
6492 9472
6169 6956
7884 9442
6524 8693
1784 1847
251 6525
9880 9970
179 9474
266 2318
4222 8246
8053 8644
6479 6983
5133 8160
672 2697
4139 4722
1691 3152
858 8425
7849 8831
3020 6402
37 8502
1188 9888
176 7813
4782 7042
4711 7177
4923 9921
613 6127
8892 9815
493 8259
1834 6787
4593 7808
1362 8519
770 4901
1794 9954
6243 9254
7420 9287
3386 6399
5712 9809
8334 9049
6946 8515
3105 5091
693 747
4089 9403
7534 8390
317 5698
4068 7091
4125 9130
4177 6276
120
458 155
8226 6126
4783 2061
327 220
3278 169
2705 1921
4288 2345
8414 3823
8924 3038
5810 409
7392 5479
2623 1895
392 164
6930 1231
8643 1560
430 267
2829 2092
1078 304
4848 3174
4195 39
8563 5157
9234 8591
637 80
8608 383
2008 360
1288 929
6659 6598
9270 2107
6909 4799
5850 4596
3687 3370
7101 1
4687 902
683 242
9548 6044
1885 1763
4109 2493
7247 4105
5918 4864
2239 24
8823 514
4823 4443
5642 3005
3552 2784
6130 3975
2597 1877
5210 4456
3873 3595
9162 2301
2700 1725
7119 1491
7130 2126
7045 1418
1378 1198
2026 1527
9618 6794
5671 1109
6222 2387
28 6
2508 1235
5876 1333
2868 1458
2629 939
5831 3834
4494 1820
5639 5407
8140 7503
6548 5004
8973 3638
4327 1914
33 19
2086 1388
7139 4228
8166 1899
9313 243
9263 5313
4101 614
5871 1696
3902 3429
725 589
4312 1496
1687 992
3402 1727
5960 170
8554 6323
6696 3603
6998 1426
6614 760
3946 1838
16 15
598 283
7799 192
852 435
8468 5087
1733 17
5242 1598
1639 1104
5114 894
8211 1610
5607 3176
5019 1973
2949 2492
5216 2785
526 156
1280 1116
7740 4484
2999 2253
1521 140
8891 1374
2852 1107
1475 1422
4912 4306
9737 3766
3135 1835
9318 5046
6725 2634
587 380
7050 3853
6786 5541
5050 1176
