635
3360 6833
1588 5072
1846 2967
4999 6955
9981 9990
1182 7631
2521 6947
1158 1256
6383 8446
9636 9664
1293 3714
4520 7413
2498 8288
4315 6305
7062 8638
8237 8616
684 4516
3240 5640
671 8852
2071 6333
3201 7079
9460 9691
8747 9266
2743 9043
3986 6788
6281 8636
5276 8453
1422 2998
62 2079
7280 8518
5322 7976
3089 9453
3232 9854
1924 7453
4452 5093
7308 9982
3217 4440
5865 8178
3437 7060
3545 8513
8126 9877
3602 6908
5533 6388
2643 2663
463 3864
9062 9904
5023 6820
5045 5439
220 248
6081 7584
9312 9901
3046 5180
4153 6415
6253 9707
7272 9021
865 3003
9295 9403
4006 5895
5885 8615
6187 8708
3544 9480
7152 9863
4991 6329
2986 7179
284 7719
4782 8735
9951 9979
1226 2354
9602 9772
8327 8330
8433 8927
6362 6844
3333 3559
628 7540
1598 4652
5621 8290
8603 9379
3239 5140
8765 9530
199 1404
4279 6823
2508 8728
7756 8704
1105 2670
6201 9302
589 2263
2133 9429
5009 8514
1801 8977
6079 8546
3918 4529
4562 4593
4050 6736
8455 9793
3747 3877
2017 5028
1724 6701
6863 7642
6398 7215
8342 8662
5630 8467
7612 8630
9911 9915
2070 8077
8533 9019
5802 8695
7159 9059
3482 6196
131 3655
9165 9846
2110 8519
4009 7388
5413 6976
1383 9439
9939 9972
360 3392
5618 8585
1115 9195
9841 9949
3519 6920
1821 4743
6379 8947
5464 9656
5126 6606
5819 6972
2317 8889
4324 8472
7112 9954
434 5826
5856 7920
3657 8941
6375 8118
4485 6000
770 7597
3151 6140
4511 7707
9448 9769
1014 8861
7899 9028
2085 7820
1104 1778
7748 7950
7860 8376
2502 9134
3491 8955
8956 9254
9622 9712
853 3876
4657 9549
7905 9123
8279 9360
5864 6904
5742 8036
7269 7956
1951 2327
6876 9174
1060 9038
6069 9748
8355 8372
7149 9111
7708 9962
8609 9782
9545 9857
4682 8093
2534 7897
1927 2932
6929 9280
4631 8114
7883 9142
1340 4513
5597 8901
9821 9888
7636 8974
3423 8011
4065 6443
6686 8075
1620 7853
2642 7014
7823 9327
1658 8649
566 8194
7849 9747
6245 7153
3568 8181
8059 9409
8270 8925
3480 8641
3839 5544
8072 8443
3661 3735
6349 7602
8204 9920
4839 5844
9137 9535
5961 9005
9751 9999
3829 9161
6350 8584
2761 2956
5964 6089
9147 9251
7466 9217
5320 5450
6365 9444
1896 6659
9323 9464
8928 9520
178 8307
2387 7317
4427 7175
2186 3678
7538 7945
1814 4857
9509 9760
2638 4374
1441 1709
9434 9845
6337 6623
3920 7804
159 8843
726 2381
2235 2392
1824 4486
3110 3658
8515 8940
8907 9839
9394 9945
3495 8207
6106 8824
394 9335
4184 9436
833 7217
202 4775
5981 9107
3133 7628
8632 8700
5304 5736
5653 6789
778 8154
15 1648
5082 8580
8845 9157
5286 5387
5899 6494
9391 9702
8230 8986
7630 8748
4571 9875
9565 9850
4198 8512
3550 4584
2767 9350
7354 8297
5965 9600
103 9025
7978 9511
3406 6220
4266 7639
8827 9496
5396 7649
7835 8104
1750 7320
2789 6018
8035 8759
4606 8187
7738 8954
5209 5449
5085 6367
9887 9994
6671 9934
7608 8313
396 3708
4294 6597
3502 4603
353 7691
4132 4327
4104 8991
3326 5285
8198 8508
5211 6519
1478 2155
6371 8284
3071 4700
9311 9607
6490 6785
1114 3479
8553 8740
5170 8737
872 1168
3899 5007
302 1581
9537 9788
3830 4358
8739 9790
189 4475
7355 8452
4401 8850
7549 8733
3167 9371
6123 9686
8450 8904
3376 6965
7732 8474
696 2602
1278 2157
2802 9189
9204 9837
4605 6139
8869 9181
632 760
2776 4005
819 8644
3363 4090
7785 8146
7814 8605
4296 5933
1886 2949
6120 8706
852 1532
6282 9655
7109 9175
3002 3303
5825 6223
6134 8937
3633 3889
8212 8551
90 7471
7357 8714
5704 9513
3411 8391
1180 8902
3296 3857
1348 7663
771 7375
1344 3940
4907 9728
8544 9953
7702 9178
7645 9578
8627 8715
6713 8713
4147 5077
9136 9895
813 1063
289 6941
7348 8741
7045 7922
4521 6836
8362 9671
2230 3470
432 6088
1782 7405
9069 9225
6103 6900
2577 3368
6578 9131
560 3195
5251 7822
6246 8731
4998 7999
7531 9366
1914 3475
4060 4920
8751 9905
5496 9843
7223 9188
4863 9729
7918 8536
2733 6830
2807 8720
1139 5976
8365 8611
9768 9824
7282 9150
9936 9998
1372 2864
7875 9365
596 1238
4435 8558
967 6704
118 9235
4403 9675
7463 8721
6232 7503
2492 9407
9984 9993
8274 9056
2701 8969
96 8029
6660 7193
4677 9213
6644 7567
5238 8409
6643 8701
2620 4189
2500 3569
122 1860
5035 5171
7162 7267
1511 6584
2277 9820
7564 8857
1077 2822
6945 9840
1972 4177
7371 7943
1002 8275
4558 8201
3279 3887
8195 8271
8032 8432
8725 9534
9052 9129
2996 6067
6277 6645
6370 9964
1619 8729
3486 7034
2821 9557
7578 7929
2846 9695
2247 2867
729 7970
5463 9754
8147 9424
1257 5289
8920 9106
478 4346
9692 9805
5296 5578
6801 7866
4835 9781
1464 5359
4277 6149
6177 9321
7211 7852
5550 8559
5125 6313
5706 7983
1102 1908
8331 8349
2348 3139
4842 8816
7861 8360
8373 8999
7421 7667
6271 9804
281 9527
7187 9505
419 4774
1997 8130
7489 9881
1217 4823
1587 4091
1563 8724
1356 8503
8326 8493
9604 9715
4664 5338
2703 8764
8094 9017
1029 8763
106 3377
8606 9196
290 7448
3176 3647
5562 8707
4232 6896
408 6102
8574 8916
6463 8568
6122 6355
9859 9928
9035 9193
108 2647
2172 4155
9231 9844
1492 3608
1247 5443
3120 7035
1710 9898
7881 8057
5079 7964
1393 9240
645 2866
7454 8871
733 808
71 7565
9096 9630
6320 8607
4437 8867
8915 9587
7013 8368
8797 9462
9657 9665
8460 9833
8054 9392
7392 8263
6655 7960
37 1375
8750 9968
3103 5952
3218 4253
6840 7596
8677 9112
9766 9932
6668 6919
5187 9625
9109 9659
8587 8828
5912 9319
153 5163
5096 5681
5415 5822
2531 5173
7533 9087
3483 7896
5960 9737
889 1809
5089 9368
6043 7686
9799 9811
2812 7904
2036 3034
9521 9570
5700 8652
2086 2395
1601 7992
9582 9618
2530 5940
9916 9987
8734 8938
9255 9328
3444 5314
4556 5016
1236 4448
8522 9072
1280 6163
7157 7676
6366 6961
692 5115
2305 6890
2525 9892
1057 2045
4599 8168
5477 8807
7675 7894
5867 8540
1805 2021
7550 8356
5176 5975
8044 8199
9374 9765
5033 8175
6593 9963
5104 6099
6222 8597
7605 7944
4678 7401
6455 7655
2146 4301
9119 9634
4792 7606
3447 3607
6492 9250
174 8383
3572 6192
383 6662
5078 8459
2326 4697
2266 5280
6376 9404
6184 9416
9155 9745
314 7029
6050 8477
3797 5696
683 4769
7988 9910
9677 9816
8185 8538
2207 2213
6525 8494
8634 8664
1662 2612
4007 4811
371 8350
5002 7968
2151 9301
2580 7377
3779 5678
6044 8394
936 9696
9281 9858
7473 7975
9296 9425
1869 5801
3732 4767
5978 9340
8076 9756
1608 6474
3264 9810
1440 2311
4736 5669
4254 4330
6204 8283
6249 6916
8669 9339
1279 2699
4970 7415
5692 9524
1585 4405
6112 9872
2930 6438
4871 9146
1198 7206
94 5918
3890 6957
4067 6356
4464 5632
4001 5698
1159 7994
9124 9822
5014 6059
8109 9935
2194 7351
2433 6905
5967 9263
8226 8821
227 1830
3806 5204
4081 5695
3053 4045
3005 7692
4273 9730
222
2898 1453
8328 316
8565 3910
677 228
3278 1346
184 63
4989 3161
3277 1461
4805 2069
8865 5478
6716 4127
6811 158
1885 305
9457 762
7522 1107
7468 4289
1624 835
4237 4152
1867 1494
8344 7164
9827 9241
3652 1297
660 357
9116 5221
9829 2089
6602 2751
7332 1808
4293 1847
8800 712
5871 2503
3690 2987
4896 3587
4415 3001
8858 1120
8711 2412
1757 657
5771 4574
4021 2728
6573 3786
1617 252
5767 4577
7528 6496
3374 902
6700 3972
9758 5316
2551 605
4478 1222
4357 3473
1450 1362
2374 1066
4084 2816
1351 1165
7672 4952
1817 1040
9989 6235
4870 1573
4815 2417
3498 538
6280 451
4016 2063
6475 5517
3560 1005
1007 553
3042 2653
3826 789
9742 140
8939 7816
1218 1214
7128 498
1692 329
3562 3097
7017 678
4630 1178
8647 8621
7455 2962
8770 2907
5746 4285
312 80
5232 4757
5607 686
48 22
4779 310
1027 871
8744 2104
5391 5272
2628 1242
1138 1137
2847 2125
9784 7830
4913 4157
3451 2098
516 16
798 65
6212 4218
3763 3114
2997 225
9369 5590
6233 6113
7828 7541
7847 4947
1622 491
4685 379
405 398
3409 1221
3638 2501
6124 4460
3245 352
9449 3794
6344 6144
2639 1133
307 109
1726 509
9685 7295
7384 3987
5185 2661
7202 7197
4484 4307
1243 823
4624 1009
4314 2760
4719 1479
821 669
4396 1414
5682 1612
837 758
2273 1603
9739 5150
8754 4398
1484 1359
2732 2148
8084 2750
8286 6815
186 151
418 1
777 107
5484 4302
2457 272
5208 4798
9110 8693
8155 1613
7286 6276
2463 1968
4817 1981
4691 376
113 88
5839 359
9612 4044
6011 3461
779 38
709 59
6227 3037
7233 5712
7188 6588
149 51
1506 60
6670 1245
6805 1670
5414 1281
3119 130
4036 2283
6488 1621
2464 2102
5764 1083
2979 2536
1306 681
4819 932
5773 1299
6507 3047
1544 763
6544 2282
6950 5660
5749 2654
2876 2004
3190 1541
3564 210
3349 928
7711 3379
7291 5454
8592 3813
3994 2798
9930 8325
5301 4362
2720 1630
8988 2242
9705 3640
4465 3356
3221 2934
2010 326
43 29
867 585
8416 8151
6693 4270
8779 1783
7761 4447
6731 323
1417 426
221 169
4205 2203
93 57
4914 3928
3352 481
2636 2437
9016 2539
2573 1571
5997 5336
3182 1141
5436 5129
1101 708
7938 4977
7703 2872
1192 594
3860 1717
6673 4666
9562 4319
9795 4878
8691 7036
7648 2556
8314 7467
2293 2131
713 35
7603 6964
2586 971
