985
2557 3335
4975 6590
544 617
5028 6245
245 2649
9985 9996
4867 5081
8190 8919
2585 4283
2893 8437
8455 9808
8387 9105
2863 3753
889 1284
8242 8659
5670 9673
4490 8790
1330 9986
1158 6227
2808 2914
9821 9950
5993 6250
2221 2522
5011 8433
4094 6143
6137 7805
6847 7251
8217 8273
9225 9300
6829 9707
2389 7845
1632 2779
4885 8420
8749 9159
1052 6261
1772 3119
2637 3453
4553 7162
5030 9229
8088 9880
1822 2334
2008 7266
2871 3738
9671 9844
2270 7310
859 8735
6790 9018
4779 4947
5033 6445
7768 7776
6826 7869
1716 3746
1819 6899
8136 9992
9029 9895
1951 3591
3819 7800
8333 8764
7790 9270
1542 2436
3760 4930
1754 4039
3696 9154
4176 8920
7041 7135
5262 9259
4285 6949
606 9356
4955 8147
559 627
9045 9829
2353 3237
3437 5914
8714 9495
3239 4546
7710 8474
6141 7922
3951 8296
9063 9877
3153 9402
2265 4984
9345 9772
134 7659
995 2161
972 9501
8032 8642
3277 7537
6399 7375
7229 8966
2827 7265
9565 9716
1720 4089
2487 2974
9726 9837
5125 7435
6538 6661
5819 7946
6984 9163
8747 8822
2797 8809
9145 9725
7633 9741
7354 7357
896 2684
881 8428
7636 9137
6999 7453
5912 6598
4058 8225
8209 9294
7696 8189
4198 6394
202 371
8109 9717
2605 8178
1799 5777
3231 7112
2358 6825
1085 8138
8277 8935
8736 9515
9034 9273
8380 9152
4550 6200
5698 7662
8910 9096
3322 7275
5032 6414
7857 8197
3202 4471
6065 8609
3763 5304
1627 3481
4543 5528
4328 5282
5945 7743
1327 5574
5815 7812
3036 8280
2681 8612
7240 8831
4951 8146
4595 9510
2154 6392
1801 6251
9639 9836
9162 9727
3765 4389
9894 9993
1717 6855
560 2796
9569 9590
309 5317
3276 9217
381 2607
9341 9551
9538 9780
6776 7063
1281 2502
31 4450
1834 9107
958 1016
5357 6886
9997 9999
6318 9683
5731 7270
1569 8802
5207 6871
3691 6571
1211 3633
9314 9951
9432 9904
9374 9800
4158 7745
5190 5839
191 1034
1423 5824
8232 9555
8397 8781
7210 9416
3685 5438
4059 5079
2609 5696
7451 8522
1408 6487
4502 4587
1486 8918
1827 8389
386 2136
5501 9282
4273 6470
3972 7257
1966 9424
1501 5212
1771 6784
2477 4387
7588 9297
4946 5854
7494 7834
8084 9333
6567 7369
6701 9193
2180 9870
9805 9835
2174 4809
7820 8799
2941 5597
944 9313
4302 7604
2898 9293
4060 4909
592 1226
6627 9974
2939 4499
3141 8893
4994 7565
3456 4541
4782 6834
3621 7621
6213 7887
8613 9288
9634 9785
3855 8104
2147 9744
1290 5841
4229 9721
6618 7186
4412 5629
173 1251
746 4009
5618 9003
7542 8644
853 5939
5925 6379
9338 9749
1684 9476
3860 7390
3357 7628
1882 9007
5655 8048
8203 9670
4081 9915
9533 9916
574 4297
4851 7819
9268 9395
6989 8982
641 8077
8377 8955
5924 8290
6887 9591
1533 5794
246 7797
132 8606
3786 9004
3593 7543
5134 6374
7342 9759
65 2510
7445 8194
5507 6260
3353 6429
9625 9777
2936 9575
7481 9390
1693 4705
3218 7510
599 9354
8309 9480
412 3608
1891 5405
744 4659
9647 9954
3230 9791
286 2488
2402 7386
281 8508
8513 9936
9830 9906
2173 4813
7382 8103
9157 9552
5413 6314
8568 8805
5063 9545
3179 9153
4265 5375
3672 9024
1089 1169
1770 6733
682 5454
2937 7793
2181 8716
2917 5840
3968 5880
7671 9622
5983 6634
4882 5250
3018 8087
8286 9426
5383 6224
5801 9793
2302 4168
938 7822
645 7026
7450 9832
4289 8085
1735 9819
5283 9002
422 8213
2887 6923
2366 8794
5483 8192
8332 8680
6878 9620
9703 9981
4404 7929
8981 9249
4190 4828
5516 7924
7493 8647
987 4834
396 8752
3485 9641
9706 9813
5129 9979
5739 8926
110 9486
3077 6056
2954 5954
7762 8325
5572 6102
3240 7562
56 4344
5085 9959
4721 8825
5540 6216
1304 2401
4061 4515
8467 8519
6508 9900
1426 6195
6570 6621
8917 9960
4401 7312
4596 6206
5089 9164
8434 9748
6800 7401
8231 9331
8872 9422
5157 6266
619 1914
6843 9013
4778 8041
4041 5692
9481 9546
9376 9485
4466 5811
9367 9952
215 3609
6271 7545
4473 8798
7458 8473
14 4622
2580 9522
1372 9612
1669 5812
5486 5724
8310 8630
1712 3176
3058 6641
5982 7055
3871 8493
2966 8818
6446 8363
4915 5741
109 8220
4565 5774
6127 9398
4028 5459
2023 6971
3628 7418
7737 9734
832 7495
7518 8941
2567 3507
4563 9963
9529 9628
3728 7923
2223 7259
1853 8145
306 9595
6545 9185
406 7953
5756 6294
7428 9513
9438 9530
2663 3168
8648 9965
4276 8416
785 7024
7533 8421
7163 9691
5344 6157
1968 9110
2757 3841
6327 7833
4007 7498
3887 9059
1005 7656
8181 8936
7661 8394
4476 5140
1445 5796
5470 5780
3073 9364
7396 8509
6282 7149
2558 6903
691 885
6865 7239
621 1825
3832 6290
7514 7872
506 6138
551 849
3601 6248
3552 7918
5902 6132
517 4452
7807 8993
226 7353
786 5537
7350 7817
8269 9408
4821 8856
2168 7527
9849 9928
7020 9912
6748 9243
5003 9947
3657 8160
8599 9925
429 8341
8436 8843
6486 7698
754 9381
4208 6078
3022 9459
4512 5768
1459 9654
3536 4649
5327 5627
300 6134
3281 9885
4010 8459
6320 8758
6111 7119
7298 8972
1779 7356
1543 4781
3889 7231
9227 9323
5050 9685
7511 9684
798 4161
1172 5702
5985 6485
9009 9872
3952 9652
1257 6080
4192 6700
7740 8099
6506 7461
9215 9245
4548 6151
2843 4772
5432 5657
714 884
5481 6027
5636 6702
8757 9108
6525 6697
529 8495
6057 6897
3219 5622
6802 8208
6297 8233
9088 9222
7475 7637
2399 7047
5112 9971
9198 9531
2860 9682
2553 3896
263 7169
6299 6569
8102 8930
8105 9764
9053 9101
6610 9431
1495 5270
9907 9938
2406 8559
9871 9918
915 2993
8943 9664
1318 6364
5046 8564
2546 9708
417 2409
3540 4981
8219 9661
1377 5041
7616 8933
6011 7711
6396 6765
5643 7728
4737 9610
6437 9148
5172 5417
6714 7982
5523 7669
8238 9714
5184 6699
3475 5691
297 5215
1170 3729
5133 6880
7664 9847
1229 2556
1815 7300
122 6247
2186 3837
7766 8771
8210 8723
2141 7121
6948 7129
7880 8592
5202 9147
6572 8081
3530 4299
7468 7589
289 6154
9074 9098
1780 3866
1505 9382
8385 8985
1428 3557
2676 6006
9842 9843
6585 8184
183 5767
5592 6070
2629 6219
6735 8996
4226 5145
362 1952
3513 9371
2878 9740
5971 9702
387 823
892 4160
6973 9616
7146 9581
4293 9446
7579 8810
8888 9158
7529 8585
3399 6830
8426 8760
2803 2891
741 8110
4415 6177
2813 6906
4682 7513
8153 9144
6537 7526
2615 6864
5226 6900
2560 7888
1849 5997
9281 9763
8251 9944
8114 9347
8078 8223
3420 3618
2149 3978
9658 9795
3486 4484
8008 8187
287 1939
8460 9528
8947 9978
3890 9228
2093 9473
4893 7033
3809 8709
5090 5928
6253 7726
9715 9809
7672 9719
7211 8657
8780 9901
4982 9697
9318 9669
7154 8318
2566 7113
6059 6384
8914 9693
6772 9723
3160 4175
5973 6454
4880 8028
1516 7791
211 5315
1782 2232
4135 7406
7536 8944
9010 9955
1230 1624
6047 8015
8274 9310
2395 8496
2925 7544
830 4322
6956 7919
6690 9827
4026 8444
6531 8199
1840 5712
3203 7723
1621 2550
7001 9044
8530 9062
4086 6041
1765 6145
5437 7719
570 4706
5056 7311
8737 9251
8305 8376
462 1055
9189 9527
9276 9728
9410 9713
2701 3834
1213 4075
3191 5326
6611 7783
7893 9368
5027 6637
1175 8675
1297 4310
5862 8817
3515 4971
6452 6468
7207 8989
3736 5788
8490 8684
8026 9549
7986 8347
6807 8600
5687 7860
2251 7863
1589 2446
5464 7387
5751 9989
3499 8468
224 3405
8351 9017
1638 4258
8868 9339
847 5257
5005 7188
6045 8539
1316 6615
9507 9754
920 1161
9828 9982
8370 9567
9600 9606
6098 9401
3772 6532
7230 8784
9156 9845
6283 8725
4291 5809
256 1246
8639 9696
6645 7304
2620 6370
5825 9864
3454 8969
7436 8236
6553 7950
4658 5889
4840 6845
2142 8050
4300 6561
952 7166
961 3021
315 3821
2817 4259
402 4533
9334 9640
7249 8094
4669 7499
9436 9477
6522 8906
7727 7848
3367 5842
6155 8470
1839 2191
1927 5529
9968 9977
2536 3244
5548 8403
9370 9605
496 5536
6210 7855
9447 9505
3308 6778
267 6601
8801 8886
695 5744
2185 7452
2650 9064
3288 4381
717 5109
6881 8553
3296 6987
9812 9905
7486 9111
5114 7337
9882 9911
5392 9269
3489 7742
3033 4139
9627 9806
6742 9710
583 5108
5318 8405
1035 6724
1744 3702
9492 9735
2652 4719
2042 6691
4827 9011
8275 9031
2948 5165
2865 9852
9804 9945
4894 6773
1687 3392
759 2569
1390 3948
9846 9878
3800 6313
2575 6092
5521 9490
3794 4027
6846 9964
5229 9509
4664 4991
8679 9134
4990 7351
6268 8683
4776 6074
1655 4235
4082 8324
2800 7191
8651 9139
1201 1606
7984 9437
8691 9315
2091 3012
5322 8748
8267 9284
9848 9961
7114 9335
4707 5078
442 8641
4651 8974
5251 7507
5688 7979
632 1349
7412 8881
4114 9290
8574 9375
3653 9680
7124 7850
3600 9452
3654 6782
1591 3490
7187 8899
1042 8244
5269 9226
6448 7756
6652 7945
9244 9358
7748 8154
4480 8265
8080 8529
8025 9302
6677 8552
6002 8171
7605 7614
1649 9287
569 8797
7142 9141
3300 5234
696 4746
3599 5113
1179 3716
2159 4379
2816 5935
9824 9932
3571 3572
4665 8812
2943 7519
2619 9176
1483 4874
9188 9443
7525 9709
112 8727
7626 8408
3105 7335
9336 9796
3679 4832
5115 7524
7821 8968
5313 8534
3999 6653
3902 7297
6930 9666
4056 4475
4927 7097
3673 7679
21 6787
3996 5588
8541 8681
4085 6063
6082 7619
6432 7303
5905 6925
5911 8253
2049 5035
2794 4331
5001 9330
897 2711
9934 9976
5451 6747
7290 7332
8739 9238
8205 9571
7610 9937
5345 6727
507 8254
8827 9360
8202 9766
1470 3048
3646 8880
4314 7708
3583 5139
5781 6211
240 7316
1544 5544
1153 9962
7058 7071
1385 6190
3565 8759
9729 9774
5100 8635
9196 9816
5631 8170
90 5232
1045 1590
4863 7225
1358 9262
9461 9474
5294 9662
4173 8929
1225 9125
7503 9307
3161 5763
2736 8869
8531 8925
3931 4535
7842 8882
8443 8873
329 888
1885 7206
3895 4099
3816 3987
922 3913
7541 8701
4399 9514
8027 9921
7571 8558
4783 9444
6910 7243
4736 5642
9005 9351
1587 8430
4345 8860
8611 8690
2114 9369
9562 9572
118 2297
4459 9779
4378 5453
6128 8894
4627 5343
6566 8555
9421 9636
4681 9428
6562 6995
5443 9975
1410 8250
9862 9941
1737 4865
8349 8864
4875 6811
3256 5158
3667 5856
4906 6273
5051 5136
8618 9160
8177 8777
2011 8357
6605 9060
1681 2101
5969 8940
9254 9730
7318 8742
1084 1504
2321 2443
2296 4446
5975 7772
5921 6739
4444 4817
9231 9478
6957 7883
6388 6997
4287 4608
6681 9028
6362 7694
5272 9629
6762 9309
1715 2253
8578 9022
5396 5638
8892 9126
24 8615
4454 9508
4369 9988
3514 4182
5976 8051
471 1789
6012 6907
2549 7802
4123 5590
6152 7624
9768 9923
9559 9995
7048 7749
1383 2021
203 1047
9582 9611
9128 9558
8494 9810
5863 6163
180 4662
2106 8610
8995 9248
1893 5663
348 1220
272 2611
8633 9969
3000 4709
6489 7528
7139 8625
6630 9940
160
2793 1092
3644 2670
2842 1210
4403 27
1575 675
835 101
232 83
6795 77
7104 711
3268 2962
1897 1866
9711 4803
3836 891
1831 748
870 269
7712 4820
2128 864
585 537
8204 6689
7424 411
2160 71
8838 3315
1962 745
4801 1418
3462 9
4383 3028
735 416
3291 710
1843 809
8193 4236
4768 1070
1029 937
4076 3320
4925 3223
8581 3272
2417 356
575 319
3784 2236
3777 2708
7769 6214
1359 742
7731 6827
2784 36
1783 1103
7704 1469
1001 974
9460 3638
8580 3027
7839 7431
3533 2046
3346 635
2491 2362
6663 1302
5795 4025
3067 2667
4934 4436
2952 366
5084 1331
3876 2584
3424 1129
9106 1813
2851 155
2385 1286
3715 679
8863 3718
7700 2082
8501 4888
8594 698
9026 468
6030 4517
8162 5930
2087 1700
4870 3397
5025 2474
3269 461
6110 1050
7611 6612
257 19
1056 719
545 262
2350 1732
7015 4844
3483 3151
5385 2311
731 573
6684 2030
7563 5105
2820 1559
3429 565
2169 1448
2703 497
9566 6804
1648 197
1499 1054
8303 6753
629 374
5434 3089
8498 500
9489 8650
8393 7942
729 373
9970 6519
7192 1271
7489 5099
8123 3961
6554 3505
2121 814
2096 310
2722 1923
5661 836
3242 3184
1972 413
5457 4096
3409 1400
9818 6678
5259 1424
1268 758
8668 2911
2996 1688
4976 799
2419 810
8557 5359
361 39
5026 4195
4095 2994
1955 1532
4898 1513
7963 2732
7937 6477
5871 5734
4437 3213
7992 2746
4557 2733
3752 1536
171 43
2884 2862
3680 2038
919 231
3042 1368
3897 3236
196 194
3103 623
9419 934
2465 2461
2792 2115
2689 539
2065 494
3004 2448
6095 1510
2020 303
3645 525
5987 1024
1758 579
4997 45
3939 284
4474 398
9784 5156
4159 421
2621 2212
779 460
