411
9799 9874
574 8231
3084 6685
2211 5748
5204 5531
3863 6314
6838 8074
5093 5661
1916 2781
8921 9251
3972 9288
5265 5736
8249 9145
526 3886
7690 7783
8907 9689
4285 7795
2888 7577
1302 3478
8175 8335
9409 9519
3474 7594
5573 9824
7900 8741
7209 9655
5855 7722
5556 9803
612 4820
3423 3545
1164 4747
5440 7313
8311 9475
9996 9999
1223 1288
1489 3610
7212 9002
4836 5783
8644 9511
3023 3207
7710 8443
2261 4481
8778 9489
856 6008
5548 8836
7555 8623
7610 9344
564 1826
3332 8556
3257 3652
2349 8673
5706 9144
7592 9434
7761 9879
5290 7826
5691 5737
840 9699
7800 9936
8817 8994
5331 5470
1435 5079
5201 9318
2494 9154
7974 8499
8083 8567
7329 8236
2949 8891
205 723
2018 2714
8841 9265
5311 8595
7533 8235
6998 8442
8237 8342
6393 8931
2787 5650
6394 9090
9126 9906
4741 6960
7620 9544
184 2455
471 6487
7902 8400
3203 6596
3278 6123
6602 9359
3094 6978
1006 3751
8314 8553
4563 9629
4310 8102
4728 5760
2717 5618
6599 9131
2338 4135
5905 7314
7574 9720
5187 6117
4644 9541
5507 5626
2100 2507
294 4857
2164 6033
1693 7782
5997 8692
4429 5631
3681 9865
7056 7844
6516 8345
4922 8655
5149 6902
2274 6126
7404 9416
6015 6684
8667 8919
6328 7649
251 3911
2541 4240
2648 9042
8775 9709
7859 8886
5907 9394
5911 7255
858 8066
732 1443
4043 5642
2600 3182
2963 5718
8001 8406
7829 9035
5234 7759
2203 3254
1003 4943
1588 2619
9274 9725
7603 9849
4101 7129
3790 7394
4593 8684
3179 3946
8646 9702
1324 2082
3942 7405
333 1767
8072 9307
1851 7310
9557 9739
3335 5112
1972 4693
2606 4492
314 8762
4849 8614
5084 7277
7565 7741
9286 9762
9704 9788
2313 8930
2601 6289
4318 7458
7462 9528
892 8526
9208 9296
3247 9356
9651 9700
8401 9945
1032 1232
5396 6804
9472 9496
368 3560
5080 9730
5200 8250
6099 8129
1335 6721
8338 8960
1128 9029
5915 7849
1063 8840
1356 3663
6619 8625
1812 3837
3551 7334
6022 8815
6210 9718
8093 9913
6199 8223
6563 7257
957 1393
6137 6232
3198 5704
7992 9897
4365 6414
2859 9854
3320 5412
4465 8357
802 4965
5349 6856
7760 8034
616 1860
279 1706
6809 7984
8022 8751
2398 4163
9984 9992
8194 9343
5021 7838
4157 9650
6304 6438
4703 6722
1237 9850
6214 8046
2630 4257
8661 9513
281 2462
875 1378
4508 7906
5206 9038
7819 7969
3845 4373
3134 5078
9310 9778
3876 7580
6697 7647
9146 9455
546 619
3836 4977
9345 9354
8824 9270
6107 7692
873 8998
6490 9773
6171 9691
339 5496
5166 7918
4369 6413
3412 6049
4075 7857
9708 9880
3727 8056
3928 7298
8233 8234
4953 5991
2298 5464
4774 7077
7354 9834
2127 4164
1627 4145
3020 6594
1015 2652
8011 8927
2936 4248
7196 8926
3697 6826
2521 5043
3881 7512
7966 9186
5931 5936
1024 7294
3140 5926
5033 7274
651 3690
1149 1775
8932 9481
2561 3914
6159 6750
4735 6696
6984 7409
6829 9207
7356 8971
45 4647
4102 8363
5106 8003
5966 6108
531 2617
2171 7151
395 584
4918 8283
1850 6262
5885 9506
823 983
3629 9733
5393 9263
1291 3816
9166 9509
9064 9682
3125 5731
2930 9647
6886 7008
5891 5969
2543 8164
2316 5669
5653 9536
676 7991
6881 8447
6843 8139
917 930
2502 2998
9959 9978
7853 8679
357 9151
5159 9909
4557 9728
3095 5501
2713 6189
8662 8740
7217 9756
2719 6111
9051 9497
890 8917
362 9125
8715 9058
3595 4550
7460 9896
4144 7755
895 3765
4581 6495
1745 6758
8898 9273
127 9372
8849 9435
1823 5110
2947 7671
9069 9129
7865 9548
5383 9903
598 4993
480 2243
9510 9564
7789 8828
8910 9649
7549 8044
3237 8424
3635 8336
586 6814
3856 8672
4565 6897
3554 7811
2409 3675
9463 9961
6041 6551
7910 9737
2921 9659
595 7515
2253 3123
8739 9819
5588 5889
3112 6710
7498 8482
225 6173
8911 9619
566 3463
142 8965
3244 7939
8617 9089
7022 8065
1709 2391
6520 6612
539 5262
5609 7569
9180 9224
3220 8628
2067 7108
7045 7626
4718 5037
4093 5740
5292 5763
5257 5479
8699 9864
6636 7436
838 4841
4845 8551
1359 3680
6220 6798
3993 7890
9609 9846
7653 7953
1716 7643
5259 8292
2582 7979
6486 6496
8799 9351
1073 2692
7118 8752
3915 8838
744 3906
6567 6993
1907 9748
2152 8951
8304 8686
5598 8037
463 8822
6400 6909
3809 6369
8912 9155
2356 5208
7163 8104
5491 7426
3961 7543
2642 5821
6059 6323
2443 7421
341 9664
3795 8257
4269 5904
7464 9787
756 3253
928 5572
8543 9981
4001 6303
3299 4904
3692 6310
6195 8952
9942 9982
925
1578 824
1401 1115
8317 7030
5663 3312
4273 375
7682 6406
4608 134
7775 634
6192 5386
2087 1833
4796 2110
2085 436
9621 97
8598 5676
4537 85
6241 4504
826 534
8950 5006
67 26
5011 130
199 88
3432 761
6601 3223
5715 2578
4511 3433
599 191
5466 112
1603 527
5409 364
1587 233
5854 3061
7835 3619
9937 5104
2587 1438
1116 980
711 555
5270 2922
427 217
4319 1084
3789 1305
970 152
7039 774
7650 3346
4821 2476
6039 5129
8415 2431
5685 1855
2555 737
8792 5557
6362 5698
9660 5810
9446 5364
8073 886
2015 1977
6770 5156
637 494
8353 5448
3404 3398
7708 4645
3937 806
5117 3522
3815 3468
7834 3097
8150 4440
7422 2729
7756 7242
4382 1183
7080 4606
6088 3494
4403 2437
4765 4123
5005 3021
3579 2260
8152 5605
7194 3002
4379 2050
2679 481
6584 3708
5368 5302
8153 1207
2663 2412
2547 1173
9514 1770
808 561
6693 6074
1794 975
2854 1967
1835 841
2352 1840
8494 4649
4779 1785
7501 3291
705 194
8115 2802
4437 1365
6465 815
9150 7083
6842 3962
833 391
3410 3276
6326 5185
954 779
9232 2156
2036 1067
8200 2599
2371 1122
5289 2834
5375 5310
8533 4419
3157 2698
7300 3673
6209 2718
621 579
7243 5224
2250 936
5072 941
6427 4717
3834 2198
5026 3695
9837 6409
3625 2078
6433 2867
8711 6954
8370 1255
4525 3811
6864 1110
7425 2210
4262 3338
2442 1101
5403 290
8558 5975
2989 1650
9607 4074
2447 2445
2107 1975
1870 381
7964 1252
1857 887
6979 1772
8491 3732
9406 816
9040 822
9437 9292
8638 6239
7625 3747
3529 750
5416 658
5780 252
7513 7342
6637 5487
6138 2480
4038 2272
4946 3607
292 219
7486 3284
4428 1248
9503 5351
1816 884
4211 666
6915 645
9366 6746
8755 2106
4054 1497
9075 2034
7308 3300
5716 730
4919 1827
3936 1597
2303 1172
4410 1517
7134 5182
2689 1858
4420 763
977 714
1598 390
92 91
7887 1623
9522 630
9403 6407
3875 1642
4233 3416
4434 1096
3710 2237
1406 1108
2721 66
6580 5563
5250 2602
3591 1602
9669 1584
4998 4706
4701 3004
4547 103
576 432
423 240
4467 748
2923 1388
455 336
789 359
5245 299
2473 1276
7963 5510
6631 3162
3970 348
7020 2024
388 269
3189 99
6807 1630
8052 4195
1221 1219
4390 2436
8 5
1421 1323
8088 2878
6653 3894
1434 498
3176 3100
5924 4430
1514 771
3964 2686
4246 1075
1380 235
9138 6764
8999 1559
4903 4502
3776 810
8903 5069
6481 6105
5094 2362
3032 589
2906 2794
3905 1199
6713 5013
1366 1005
253 220
4650 405
7725 1426
4305 2723
7932 3598
5098 1033
1676 1607
9934 5898
9654 1400
9593 2368
9948 6916
959 832
5847 2323
5942 1119
6457 6226
5010 4914
2195 60
5759 4866
7674 4070
6170 4862
6973 5002
3395 2788
4634 3268
6544 2966
605 256
9247 8211
3513 172
6533 4095
3046 10
8984 5725
4604 842
6857 352
4744 1444
639 14
9812 5221
912 402
5700 5272
9021 2556
6093 4475
3473 2176
7147 2740
7293 2401
2051 100
2783 313
2839 465
3490 790
9194 8054
79 69
2048 1129
3768 2208
5963 3877
163 2
109 84
9297 4051
7135 1458
5680 2252
4498 1002
4493 3361
216 59
2135 880
8210 4408
7965 2496
344 273
6229 1473
7504 7117
8445 2383
4328 3924
9091 2416
4190 971
1895 1877
5555 5105
8389 5363
4028 1329
6332 4296
1880 778
4636 2910
4220 2509
1530 1491
3316 883
2318 1711
4661 1038
4816 4571
278 166
3557 2892
6523 953
8042 7929
9887 8893
4447 3927
9085 5089
5217 4122
7424 3184
2077 1622
2288 1231
2569 923
6910 458
9119 4404
7573 3528
7087 3092
7780 3869
5015 1677
9004 4491
439 435
3796 2188
6890 3394
8956 1945
5210 4610
5173 262
1117 1011
3989 1681
19 17
1127 1078
7164 5798
2297 1935
7434 5103
8122 3596
5032 4393
8801 5327
6357 678
8205 1070
1155 1105
1051 693
3375 1486
8855 6358
7267 781
3788 969
5071 2956
3206 814
2840 52
9376 467
2751 2440
5957 4361
4366 2728
1354 319
3723 1501
1849 1126
9013 3657
7897 2817
2400 610
8991 495
9242 3101
2810 2423
5843 3369
6505 1201
4888 1749
904 698
2146 2021
6387 5779
5231 4671
3810 3174
6628 4376
7043 7013
3151 2891
7820 7743
5534 2292
2394 2148
7809 422
7600 7208
2317 1185
5603 2041
1132 426
1873 1308
7214 1315
9097 8827
5170 4232
3638 3442
8426 8286
7363 72
5347 911
7131 3678
3001 2525
8685 590
1510 587
4681 545
5550 3080
625 136
5777 1397
1337 783
5337 3058
4742 2550
9911 8691
3940 943
7955 2204
198 143
3547 288
1031 22
1209 1030
2411 236
6057 5254
5600 2562
9927 7173
6133 2920
5340 2104
4499 3210
1133 726
7502 3267
8307 4651
3766 2209
6513 708
3409 3077
8640 4355
1440 1326
1340 196
4926 3177
2755 1522
3440 373
8859 631
784 746
7029 4287
5865 4082
9161 8100
6118 938
9300 8887
478 65
6053 3851
3918 3546
4439 3114
1087 1053
2118 1757
3952 1495
4822 2585
6417 4666
5912 3550
2006 1161
5027 2915
4299 186
7858 6541
3645 1043
8025 1782
4811 2886
9894 1929
5029 4401
8766 7885
5670 5048
3003 1178
6815 164
742 451
1867 254
7324 4274
7499 4306
4873 1957
182 129
9140 2387
9786 5707
4127 2660
6540 5808
4791 1502
3341 1349
6768 1577
3830 913
354 347
5833 226
657 496
1099 149
1296 1166
5199 4755
2308 377
7093 1645
4261 4151
8412 7092
9675 9258
3934 3159
2102 461
747 30
7630 3437
9223 2089
4060 3137
1258 1162
9197 577
7316 4005
6390 4271
4959 3477
9044 5158
839 259
3568 1047
7614 5240
4917 1551
5938 4952
4336 3728
3718 2010
5406 937
2122 1081
8366 1739
5121 2335
556 138
7704 1453
7628 2242
4876 4521
7679 6840
803 791
5454 2607
9328 512
1481 508
9019 4165
440 90
329 177
6720 1186
3887 3295
1485 635
8940 6951
2518 521
5244 1705
2554 1462
4975 2938
9355 4723
9935 9121
9843 3841
2782 2527
3192 1316
5181 257
9583 203
8136 6184
263 157
5766 2404
4062 3205
2618 468
2847 1420
5132 3317
3390 804
6920 5387
3541 3057
7227 5615
2620 1306
607 372
9693 6026
2196 924
3214 460
9221 4613
872 825
4212 3640
1952 195
1534 1241
6918 2128
1891 104
6762 3558
6198 4881
867 24
870 394
5644 1565
7004 6317
3351 2812
2784 1246
1726 1004
5684 5449
3847 1439
6411 991
1479 188
4740 3559
4895 866
8504 180
6500 1563
9465 9198
8414 3904
5369 3417
4307 1931
1956 54
6321 3660
1151 244
4392 3960
2481 1088
5637 2282
9464 8688
6473 6436
3797 2113
4313 562
6056 906
6632 4224
4427 1898
7415 2141
3539 3270
3035 1089
332 161
6350 1472
1968 844
5193 430
272 38
636 452
5712 4778
5203 3730
4942 433
5961 3308
2251 627
9584 6368
6899 4007
5389 5303
5896 346
9623 600
4869 655
9908 2000
2027 141
7007 4878
126 4
410 351
3047 1654
8374 3326
2229 128
6858 5058
7364 1531
3483 1482
1169 1143
6469 5867
4719 2448
7716 4293
4069 1864
8570 3113
365 287
7410 6254
8036 2914
5035 1476
7330 2615
8980 6316
6169 416
7475 1781
7408 1198
8176 7482
7433 5172
2402 940
3778 230
7985 729
4648 2016
4350 3585
7369 749
6896 1350
4322 4047
4889 4837
609 582
3997 2758
762 717
1216 1020
3628 1854
4810 1247
1355 947
4891 3950
4320 2420
3794 1960
116 7
9732 4566
1283 591
9751 1969
8196 4488
2730 1685
5910 5646
8547 3090
4003 1701
5554 5031
827 688
7170 2469
1224 474
4727 4385
5818 3118
7999 5494
7521 3459
9201 8870
5770 1208
9319 9214
5410 4782
1560 1503
2503 2023
558 132
6375 4687
641 202
4853 3745
6614 190
5660 3686
1641 1336
6047 2752
7732 5425
9309 8490
760 701
9668 2942
4799 1521
5482 3076
3049 1996
334 214
3266 673
7723 2988
2694 1213
8825 7361
4576 4347
8032 331
7479 2763
3405 1045
1814 466
5538 3659
7589 4179
1520 1408
3524 1271
9272 2917
5432 1678
9215 2927
4395 3012
8669 2774
261 86
1889 648
2129 387
3298 1311
9444 9401
4940 1668
3103 297
8955 8063
1666 1170
2576 1784
7286 3691
8826 6050
3226 444
1529 1158
3318 1330
9152 1919
5154 1904
7240 4813
9447 2865
5697 4229
6548 4736
1768 667
7341 1900
1348 765
9746 8340
8118 2421
4939 4629
2580 1423
9616 6841
3975 3269
9712 8111
2828 1730
2461 738
5017 4570
7837 3507
5445 5004
5529 1561
9361 3044
9829 3735
7119 4838
3762 1652
8243 1754
9381 301
6701 6329
6001 4527
2166 482
5394 5352
8555 1774
9280 9250
9604 5628
2234 1018
1805 695
307 275
1566 419
2512 309
7583 2382
9032 4218
1932 1896
2263 1629
5832 2296
8464 1635
5826 5665
9160 5493
668 445
2380 1184
1744 120
8045 5552
9640 1795
4487 46
3791 1168
9761 3644
108 76
338 187
2324 1093
3456 2037
6725 3754
1171 39
5073 4948
2866 2351
6591 4595
4278 2528
1888 1202
4553 2314
7107 2090
9325 516
1120 459
5022 3586
6061 5100
1541 470
5658 733
7420 4375
5871 592
660 37
2254 1180
4444 3966
1633 51
9246 5003
4358 1806
3051 42
6917 4808
8701 6155
2355 1882
6125 4958
9671 6464
8848 7981
7473 1464
9661 9137
1656 927
6064 903
8668 3234
9795 6191
1301 719
6435 3873
8554 4258
7186 4284
6274 519
2475 310
3520 1592
4030 3825
5875 863
3130 464
4182 2799
4743 2616
6821 3553
3567 1114
7767 6820
3304 2449
71 1
8627 728
9036 1243
6718 2603
1320 232
6744 5781
1504 1196
3769 1494
5713 3128
4739 2026
3464 1984
8156 614
4600 4438
1815 1437
5025 3630
1872 1470
696 649
1771 1518
4909 2093
56 43
7958 2544
2424 1210
5960 2007
8615 6774
6991 3857
6124 3099
1586 964
4842 3502
5209 4696
3854 1345
8351 3190
4907 2483
7875 5791
9206 2046
49 6
2610 1811
5474 1638
6092 2558
6483 1217
8783 93
4230 921
4041 1986
349 162
8323 5987
8239 3799
1764 302
1357 1245
4049 3391
6468 2044
6530 6429
2054 1424
2228 153
4729 862
715 18
8245 7635
2194 238
1708 995
3248 2770
9457 4450
4770 3719
5593 1274
3279 1449
5092 3921
3281 1361
1947 1446
8549 7244
8300 7431
633 448
409 183
7198 3531
7954 6392
8843 6999
3761 1564
6002 1226
