38
3543 4264
5923 8771
5394 6998
239 7759
3544 7838
1199 3033
7010 7746
4846 9042
8763 9510
7429 8003
954 2111
5331 5393
7917 9329
3299 6356
1114 3359
8959 9797
5459 8325
1991 7229
7195 8225
2711 9913
6044 6877
5110 6493
2730 4844
5925 7166
2233 6278
7566 9405
771 3958
8762 9605
7117 9486
8338 9079
5294 8301
6458 9107
6623 8672
9368 9771
5473 5785
7984 9077
4926 7224
4663 9165
647
3341 3228
7334 73
1189 916
8528 2512
9940 6628
3229 1369
8303 6080
9389 1870
5881 2926
8958 6698
3853 525
3532 200
1191 692
2535 107
9117 4843
2778 574
7839 2868
8123 2090
682 121
738 178
26 21
8049 426
8812 394
8972 1548
4090 1378
3966 1112
7443 1637
9275 7584
4370 2183
1812 65
5559 4738
5601 1558
6598 1492
2461 714
7515 3925
266 85
6198 2469
8224 8106
297 199
1846 1464
5753 2144
3938 77
9182 6424
6709 722
1650 663
1995 1674
5301 2962
70 7
5610 1009
4024 3659
5833 5119
3219 1163
388 254
958 869
8272 7783
8952 5253
8982 1890
5827 2833
2789 2300
3713 1200
8290 6
1065 828
1927 1171
1322 416
2940 2057
7781 7609
5184 207
2668 309
2257 2066
467 190
7114 4128
4252 3953
8657 4385
7033 286
1906 1070
1006 844
5522 1579
4552 2335
1803 1518
3597 3266
460 80
5954 4860
5179 2986
3380 922
9253 1291
2780 1845
4147 3106
3391 2429
9524 1506
2930 671
3408 39
2552 333
9963 820
5445 5180
2666 1695
3562 2569
7320 6331
205 161
4988 953
9072 5434
4109 3477
7321 1412
6592 5876
8466 1069
1089 86
5417 2368
9212 1851
9511 3759
9070 2173
3783 3135
760 114
3846 2949
9393 8016
8353 3361
5497 31
1595 1244
6722 1407
230 84
9170 4704
7374 1125
9820 3922
8113 3667
8629 2014
2218 566
7369 340
3397 1726
3233 1434
2018 1600
7598 7331
1897 1467
6806 3409
3496 384
5077 960
6193 948
6617 3090
1214 214
8880 2830
9798 6822
7674 2710
612 529
3237 1636
8348 3048
9632 1760
5568 3802
2206 1285
7582 4255
562 122
3676 251
1152 659
537 355
4631 2727
2168 272
4747 1912
3880 2025
9679 6328
9045 2987
2696 2201
2577 1120
427 48
7469 3588
7716 4276
9466 5556
7266 2777
3465 1389
3690 1426
139 118
2809 1289
4939 4680
2604 175
1254 58
5545 1145
7132 1409
9028 5509
8298 7895
5775 4546
785 591
4316 1544
6383 5109
1652 627
9503 2556
3460 3321
9916 5146
6882 307
9757 3025
530 273
2605 1361
5084 2443
1064 192
6011 3585
8992 1091
215 167
1869 568
5871 2495
7576 1530
4635 3282
2073 681
6464 2907
1818 931
6425 5879
6207 2493
4330 3294
2568 1781
5217 4177
7379 6053
5141 3417
4002 1694
8417 2762
7506 3572
9023 5031
4662 247
3121 610
7753 7637
7156 819
30 13
1611 551
9367 7572
6659 2681
7859 6643
2440 1852
3503 2783
4318 547
6801 2719
6499 2738
2823 141
7977 4405
8009 7957
4477 545
581 528
9869 3538
9110 1667
2089 1293
5386 3584
1354 1052
1472 1045
8712 6428
1536 710
9174 1181
7966 6932
8180 7557
2979 783
9280 4743
5365 3301
8917 45
4596 3211
548 522
510 341
4512 740
9131 8573
9958 4376
5281 5009
3752 1807
7532 1673
4464 511
4640 3779
7602 6285
1363 4
9709 5005
7878 3722
3438 29
9180 1386
7180 981
4506 2305
7440 3314
4601 3733
3944 3005
1086 704
8734 4331
572 154
4606 2413
9424 6410
6451 4961
6545 417
445 172
8676 6909
4293 697
472 374
4413 4254
5057 947
4543 4102
8444 6092
3076 1815
933 754
6330 93
4085 2627
5206 4470
2342 1646
6991 6064
8228 3643
725 82
3463 9
4471 2175
1456 729
1765 201
330 63
8237 2099
5007 3995
4638 1640
6409 4620
2182 1019
4241 3897
3305 229
3289 2386
731 264
5275 5255
4963 3514
9409 343
9228 6481
6126 2390
14 2
8114 5164
3250 3125
506 415
4879 3856
4218 3253
5025 3329
7628 1519
7955 6854
5151 1486
1071 713
1335 1139
4793 4141
1911 746
8032 2670
2446 599
1443 926
896 357
6714 4788
7423 2126
3405 1946
8135 4590
2179 512
5619 5334
8137 4360
3762 265
6653 5898
1884 632
67 56
4135 3392
3681 505
5924 434
1764 1259
2467 1370
637 329
9681 1480
389 222
2970 853
1561 775
392 147
977 128
8933 74
8086 2131
6543 4004
6750 2754
1876 544
6104 5510
2366 2165
8920 3067
6250 829
5627 1727
1096 993
2671 1458
907 397
6919 1206
1802 1111
9720 3346
4731 2945
2212 1177
369 189
1375 652
8238 8107
2486 1954
1832 1716
6244 35
9373 149
9118 484
3820 2643
5786 540
1468 1144
6467 4162
5657 514
3044 1642
9473 6447
3065 3017
2885 983
6972 4741
6895 2599
25 17
334 315
720 27
4973 3054
1988 620
9552 4548
7968 2796
6139 1567
3582 1565
9039 2548
9806 4920
9617 5270
9780 8910
3006 16
5466 3905
1553 225
6478 6342
3419 804
4016 1481
8796 1209
4212 2786
8145 3141
3272 501
1040 1035
191 51
9217 5065
6546 4962
5755 5378
8675 4431
4953 1132
3951 3911
6054 1318
8271 4840
5290 2899
689 457
5435 5150
2919 1011
2050 982
7508 4269
5267 943
6040 4668
4801 22
6586 1018
9331 1534
3338 2611
5240 452
5724 448
8842 2898
7404 5860
7588 2185
2240 1575
2192 593
5237 2871
4968 4467
4847 3195
565 158
4643 1998
2860 509
895 524
2669 320
1306 260
5162 1447
8623 6694
4087 2732
7641 6354
521 294
3316 3038
4628 3206
4922 1124
8717 3383
1521 1503
6515 6037
6946 1920
9048 806
6505 1393
409 218
3542 1416
292 12
9514 4835
3688 3620
5004 4876
3901 2114
3537 3057
570 217
2995 2790
6699 2775
3797 1843
7658 5741
3166 1994
2764 1305
9008 5423
4479 1174
5071 598
3332 2951
2831 1104
5319 2974
8787 7065
6560 2982
1482 1452
8838 370
8270 3677
1253 1079
6159 4771
7974 7829
6086 1961
6600 4268
6937 728
5708 4281
745 332
4960 2332
8868 5819
7162 978
9900 4585
2618 2063
9481 8038
4478 2827
9655 845
9782 1939
5487 1879
772 148
3157 1097
9218 4347
4203 3813
7067 4306
2734 2036
5542 4352
8310 7353
7511 3241
8201 5409
1669 352
2137 451
1708 1129
9251 7068
2292 1942
1161 621
9810 2403
9770 3692
9555 6386
1270 1005
2541 1337
3603 1772
3327 2148
7661 1257
9809 6267
2251 1168
6829 5115
4588 4577
9824 3974
8626 606
1510 1470
2771 2224
6737 4358
647 379
3256 1782
624 594
3662 1754
3627 1745
4081 669
4790 3098
4893 1123
3709 3599
930 508
2092 897
6942 6880
134 78
6217 4647
385 326
6391 715
8811 7324
6845 651
8089 7860
2109 183
4912 1706
2326 1184
6849 4067
7850 6906
1032 800
7028 6365
2117 1169
2475 1896
7528 2112
6726 5163
5392 699
3671 2178
1894 1353
8082 1758
6162 3569
1193 942
7994 6440
3679 966
6094 2663
3972 3242
767 405
7782 1211
7084 3431
8839 3982
8475 8223
9838 9482
7697 2588
5613 848
1971 937
4969 4618
5849 5212
3144 2641
5504 4994
9353 5931
4599 3111
5128 4591
6691 5355
6690 1419
2608 1719
476 246
8322 1007
5921 4077
4712 3407
9266 7725
6616 835
2601 1820
8057 123
6540 1332
2583 2418
2948 2539
9866 6364
4934 2530
4503 2841
5916 2239
5477 4610
5293 792
6205 4271
443 350
6779 2613
4349 2181
3587 1948
3664 1187
9675 7313
7350 3212
5912 5850
7367 6258
2923 2567
3278 2498
4650 4243
1732 1362
4637 1290
2439 815
8370 1294
890 24
9086 2607
837 253
4957 3008
5149 3831
9904 618
3043 2909
5695 3678
6420 991
3996 3411
7420 5812
435 23
365 104
323 75
4714 3927
7500 3079
