939
658 1233
8148 8962
6691 9977
6650 9624
5048 7282
1946 3077
1358 7231
4561 6828
5925 9425
3346 8160
2783 4900
4826 9189
6911 9316
5621 6714
6629 9945
8388 9617
1096 7258
3520 5285
9869 9984
4021 9509
6694 8497
2508 5298
839 6285
5845 9950
2781 8128
6178 9686
5244 9878
4971 6101
6220 8222
1481 3373
2150 9794
9443 9886
8470 9756
4084 8632
6170 7809
5857 6373
3118 8352
260 9922
283 3376
2093 9057
5369 5901
5804 8023
1778 8408
8994 9919
5955 9848
4306 9408
134 4110
249 6915
9650 9962
9421 9628
6214 7017
1488 2410
6078 6536
3758 6729
5249 5453
7658 9276
3812 8782
1190 6260
4887 5499
6340 8180
2442 3673
1156 8171
8129 8983
903 5689
7321 8064
5488 9959
3849 8214
7298 9177
2162 5855
1482 8863
4054 7384
7744 9261
1848 5055
1274 2896
9096 9116
10 7216
1661 2734
8076 9262
3534 6169
6756 7849
9018 9902
8018 9589
1621 6523
3106 4005
7391 8767
500 2591
8474 9483
756 9570
5427 8513
3944 7833
7144 9728
6959 9957
7276 9914
4451 5738
8235 8702
7402 8134
2304 5123
9566 9694
5971 9204
8895 9666
7161 9981
6389 7221
4591 9235
4161 5616
2803 5404
9094 9519
8802 8981
7304 8589
9453 9811
8756 9747
8916 9644
7504 9281
9672 9889
5040 8075
8770 9894
7444 9873
6480 7902
1243 2506
6281 8217
7792 8629
7238 8068
7786 8651
4577 6023
5085 5892
2951 3880
9988 9989
5895 7372
9185 9462
4823 8444
1266 9499
5264 5817
7033 9955
6273 8434
9245 9744
9115 9402
7266 8030
3305 3426
2824 3811
6666 7435
1322 7405
5561 7633
1986 8213
5790 8250
3145 9677
6343 7421
3956 8411
7375 9782
2709 4070
6993 7945
9201 9223
9101 9927
2121 3863
7129 7900
4182 8246
765 9122
4061 4113
3916 5983
3967 9118
7719 9547
897 5119
3704 4530
5615 9211
6840 9192
959 4325
6673 9305
7774 8563
5540 6198
2183 7817
8116 9738
2422 4512
5464 9397
5513 8361
4164 8404
1414 1431
3064 6709
8668 9812
9439 9978
219 3252
1666 4667
4939 9975
1994 3931
129 6820
1276 4943
21 3452
5430 8723
5785 6283
1767 4688
3803 7429
4770 5907
2275 7876
9559 9965
3722 5380
437 2805
8982 9432
3666 9145
5340 8635
3549 3605
7187 9079
6892 8195
9843 9887
7586 9505
4575 5141
3533 9482
8559 9723
5872 6468
6886 7233
580 4121
9354 9469
3227 3707
5110 8612
3485 6491
5337 7019
2149 7983
5815 6458
8000 9555
3367 5794
9535 9710
3593 7677
4424 5964
9009 9361
6159 8854
4989 5610
1178 4266
9248 9661
6842 6852
9299 9310
5605 7685
2686 4761
964 8002
2290 8060
1865 7840
403 2257
3185 3945
6470 8595
1566 4934
2188 2449
2768 7177
1000 3808
1644 5394
2527 6262
1179 6537
1880 8360
6943 8566
5294 8654
4903 5271
8913 9233
3480 8178
531 7808
9401 9961
5035 7183
6829 8098
5510 7382
5735 8947
2092 5003
2059 4022
4854 8845
3102 7766
1906 8820
3848 9791
8157 8728
956 8885
1781 3236
9673 9800
9265 9700
1815 2675
5130 5275
6837 7899
7044 8333
7538 8386
3306 9825
6429 7463
8623 9132
1689 8446
8903 8904
7483 9757
4524 6570
6693 9655
186 7638
1435 4313
2742 5695
6347 8843
7354 9944
4986 8376
5379 7577
7416 8424
5192 8686
9436 9585
1763 8223
1321 9450
874 5338
17 6753
2949 9928
6902 7936
6682 7005
5128 9609
7489 8348
5693 6257
3437 6796
4157 4890
7193 8953
9573 9774
2625 9979
5002 5332
366 6022
8692 9241
9460 9999
1790 7681
2688 5365
3689 4739
5360 8590
4028 5154
6934 8507
643 7788
1008 9090
74 5423
5908 7526
311 5023
1874 5152
4352 8191
6004 6602
3592 5007
3563 7830
9365 9973
9792 9956
2426 6282
8671 9300
6983 8758
2854 5520
4635 9947
1526 8047
7302 8832
5440 7769
6496 9724
40 3414
5468 9712
724 976
1563 9269
7314 7990
5929 6921
2845 6860
2483 8154
8743 9563
9541 9614
4737 5052
2671 3232
1114 9380
896 1549
122 9188
6396 8185
4993 7009
3512 7540
3970 4030
5493 6180
6064 6791
3647 9270
7191 9457
2374 7988
6328 8094
7081 9267
3151 6263
2315 2681
4533 6830
9707 9818
375 4187
5825 9087
3551 9746
4990 7832
4469 4503
4242 6259
4178 9250
2719 3697
1805 1846
1536 9387
7214 8013
9986 9994
1195 3364
7939 8141
474 4364
8190 8972
9718 9918
2278 5639
6447 8275
4213 8259
8531 9039
4474 6147
9871 9910
3784 5070
2520 6046
1463 8726
9775 9819
8196 9026
602 4883
9367 9562
5222 8769
8459 8831
408 9763
5683 7050
8472 9530
1776 6614
5878 8315
9440 9754
8498 9394
3334 6962
999 6120
2452 6474
8177 9178
2867 7034
2063 4143
8641 8825
5267 8237
8688 9410
7095 8884
1404 6880
6878 9252
9314 9495
2952 9631
9331 9762
2502 2849
2174 5004
2254 8733
5734 8993
2109 6677
9030 9311
4305 7570
1449 3745
2568 5906
1329 5871
9992 9996
6789 9086
6906 8149
3771 5189
1476 8040
9507 9948
9080 9569
6420 7199
8469 9590
2974 3088
2060 7211
2423 3075
3279 6525
5512 5514
8607 9414
9764 9952
1844 6634
659 4400
9282 9375
1548 9294
3303 5281
7904 9418
9011 9857
4163 5949
7255 7261
3937 6907
8050 8123
1407 6505
9424 9921
152 7543
1192 4607
9069 9109
3656 7116
5293 7527
4542 5829
9842 9998
9604 9972
8858 9103
3805 9731
223 1695
7446 9179
9974 9985
4788 6532
8822 9865
4355 9533
1004 5498
6382 9306
3665 9544
9289 9478
6569 8539
1489 2859
4573 5670
683 3009
9028 9423
6196 8721
9630 9808
7914 8155
8165 8278
1989 4217
2002 6405
4594 6504
6761 7417
7712 9175
7484 7884
8432 9898
2933 4203
8781 9312
2526 4557
4521 6979
6913 9854
7510 8307
449 1896
922 2997
9612 9758
7090 7842
2380 4902
608 4243
337 2514
826 7512
3316 4031
7919 8433
3350 6501
5613 6093
9786 9907
9679 9804
9597 9637
5539 9729
1653 4331
1810 3308
688 2863
2472 7926
5147 9095
4893 8775
3143 5479
3056 5072
8363 8661
3000 6726
5579 9153
2405 8283
9546 9968
6718 9088
3524 4463
7957 8151
1762 2095
299 2176
5601 7153
323 5051
3407 7470
7781 9498
853 5012
5092 9168
6369 6884
7757 9392
3258 5083
2636 3688
8734 9133
2355 6502
2841 4929
9828 9884
2847 3179
761 3905
8365 9596
1570 8690
4555 6683
3567 7359
413 6218
6156 7883
5752 8750
1624 8742
457 8478
2843 3380
9636 9970
5096 7074
8562 8760
2812 8869
8304 9020
250 2314
5236 6530
784 4581
8067 8848
2956 9237
3208 6798
454 4913
9159 9809
8594 9680
7513 9114
8489 9890
3026 7736
516 921
4324 5334
8170 9920
1494 8898
1817 2717
6030 7603
2764 6742
1731 6130
3724 5200
2267 5384
7724 9931
4881 8833
9810 9966
912 9678
7541 8588
2076 8026
6247 7389
2047 8849
6212 6928
9632 9861
6885 7295
634 6957
7519 9390
1691 5133
1637 4709
8883 9234
6172 6234
4222 5122
4440 8221
3619 6735
2817 5160
8664 9107
7675 9474
8599 9427
9056 9135
3335 4248
4871 7670
7290 7387
4626 9351
1845 3213
3523 5445
5068 7285
1843 6155
2299 6839
8924 9170
1710 9743
7202 7729
5675 7147
2400 3609
8338 8441
1201 6267
3960 8823
1387 1728
9256 9348
1608 7722
8080 9166
195 7121
4418 4995
9862 9917
5190 6192
8427 9601
6956 8828
5030 6978
4765 4807
1953 7573
5821 8488
2277 7922
67 6411
3152 5036
7824 8398
3283 8216
9627 9789
2982 3876
7948 7985
9588 9607
6579 7454
203 487
4333 5116
7705 9905
9670 9953
9793 9942
7167 9352
6228 8817
5431 8704
3235 9716
5418 8761
20 1711
1378 1581
1758 6692
9012 9837
130 3710
2077 5873
8466 9531
7122 7989
7823 9102
8436 8657
4919 9511
6268 9180
1972 8882
5050 5526
9358 9419
3007 9524
5774 6302
563 3963
6456 9275
4343 9550
7708 8453
6927 7163
7413 9549
7746 8101
2214 3361
2368 7928
9164 9572
3537 3767
1307 6014
1016 3248
1623 6989
5042 7366
6124 6900
6489 7632
5781 8998
2752 6736
3639 7782
4992 8351
1030 2053
1828 4301
5921 6118
585 6142
5033 7045
9663 9877
9431 9844
5066 7102
8145 9386
596 2721
4899 6288
7557 8829
8655 8837
1934 3386
6687 6969
6229 6939
991 9140
9381 9479
1306 2302
9165 9335
5235 7710
3541 9475
5651 8791
4592 9022
7602 8670
6035 8362
8117 8855
6637 9833
5024 8202
1434 4395
431 7342
5840 6722
2196 8899
3055 4406
2485 9687
2603 6145
6685 8054
8805 9146
8109 8167
4998 6367
7572 7618
1892 8017
736 2459
4051 8247
4206 6838
3795 6151
7841 9139
3458 5495
2998 7696
6734 9271
4278 6977
30 2633
2517 9428
2005 4370
4179 6199
8614 8979
6786 9664
4454 5887
7755 8840
2486 6730
820 9875
7511 7528
2571 9618
7982 8652
7420 8536
2504 4290
6312 8471
7617 7921
1184 7713
2739 7490
8381 9504
4 8443
5168 7038
8793 9924
5725 8774
4860 5666
6164 9336
3433 5787
9337 9518
8369 8625
8105 9688
3154 7886
2754 8752
1617 8675
669 2992
5326 6751
5980 8298
7042 9620
3341 7288
5237 6546
5226 9755
7906 9938
6515 7667
6460 7843
7225 9785
5132 8322
4858 7474
8703 9368
3560 9093
6454 7322
7031 8370
6936 8353
1245 5582
1125 3924
1565 1937
2455 7469
2066 4631
7010 7542
6355 9186
8674 9333
3474 9065
149 4081
3410 9055
2914 9007
1854 4589
3743 8512
4137 7613
7717 7938
2170 7323
4999 8757
3439 9669
1271 5381
8537 8667
2218 4817
3494 5904
8354 8397
6418 9513
9214 9777
706 7230
5900 7287
1747 3366
4262 6508
5174 8406
6320 8587
2656 7260
8516 9106
5863 7933
6350 8245
175 7624
7026 8862
3212 6333
1596 9605
3094 7673
8437 8622
2348 5905
3658 5538
8209 9303
2126 3826
4196 4296
5645 5931
9332 9778
6621 9933
5886 8739
2865 9799
7040 9771
47 1458
2377 8204
678 2586
7593 8457
2682 2928
4046 7013
6988 8334
8892 9372
8593 9662
3664 8218
7829 7895
6127 9892
1969 2409
2402 3993
118 2112
4844 8921
3028 7267
1261 5987
4368 7371
5814 5864
4583 8698
8140 8957
8486 8909
6958 8341
5183 5625
5998 6313
1741 2036
8945 9681
6388 8021
9874 9943
53 5019
1234 3005
7975 8384
3695 8016
405 2248
9642 9784
1686 4527
3687 6436
9149 9307
5125 7951
2639 3454
3336 4987
4204 9280
8043 9061
6506 7644
4142 7252
5518 7141
1097 9207
3820 7293
1255 4892
8929 9492
2985 6725
3526 6568
6054 9646
3974 8031
6002 8950
1166 6949
5842 6856
7566 7810
7731 8340
9821 9879
6564 7461
488 4796
1987 8367
4346 7345
5565 6235
2360 5741
9603 9779
663 4616
1424 6990
1784 9157
6317 9538
5761 7804
1694 3037
2644 2772
1237 1433
9176 9463
9244 9359
4249 9049
4014 9735
9357 9859
7952 9896
8887 9321
4085 7212
6202 8800
435
1633 511
1910 1487
902 288
6163 732
6451 3114
1051 576
4144 282
4336 1734
3457 56
8708 8425
2913 1106
2232 929
2839 1350
9216 7777
1027 1003
4682 3172
2431 1622
2289 1522
4168 3134
3519 2467
4985 2749
8255 519
9846 3405
8224 3128
8366 5916
5353 4190
1411 329
5810 4715
3641 1317
5767 2489
7569 1729
9599 5945
5531 4472
4318 1
273 42
9290 1471
1162 816
5144 1985
2554 326
1750 1707
5604 2318
1461 944
6098 166
1753 503
6606 1015
704 466
738 217
2083 258
1236 554
165 109
4183 4063
7348 5995
3589 2387
521 336
6874 5723
2207 2073
2433 1218
1901 1117
8827 3147
5313 1877
5301 2789
610 93
180 57
9066 2983
969 426
3471 1160
6359 2012
3393 2437
1336 1108
6077 1739
486 452
75 58
6215 2649
5603 2364
1625 1588
8089 3909
2624 952
7647 3860
4567 356
2087 1065
4053 569
2730 1915
694 293
2017 849
1966 1583
64 59
7415 4910
3552 2340
3285 2383
8383 3841
7374 2788
5652 4155
6721 1515
2471 1310
7756 225
1226 828
8342 2907
5230 1182
966 359
653 453
6334 1699
1470 775
385 340
6067 2223
43 19
759 78
8184 6385
3562 2338
2488 263
6904 2044
4439 4277
8522 77
5515 2735
2082 854
131 92
4162 3436
955 713
2244 797
9021 8697
7064 6426
6488 4097
3193 1646
2295 1050
1189 774
4684 33
638 112
3917 1460
6813 3857
2450 1589
4958 3584
3962 1858
8754 5784
6201 168
794 548
3565 3296
4308 1745
8907 1323
2968 1426
1020 942
5412 2021
5094 191
204 97
9194 275
3295 1988
593 476
6045 3429
2598 1939
5100 3047
7250 3105
3591 2399
5913 4194
1279 869
1348 687
9403 8359
3355 1530
1083 479
6298 4302
5443 2412
9148 3588
7115 346
1800 968
3938 3702
8323 5809
5115 4979
7365 5331
3300 1575
9548 3123
3559 1399
506 18
755 101
1382 116
1203 650
7963 3713
2710 443
1448 206
5542 1043
2602 2588
4160 2151
8729 2208
3173 2010
9610 102
8927 3637
5902 1870
5960 5783
5193 290
5407 2230
4131 3671
8189 4760
25 16
3417 2050
2910 1452
3783 3293
7851 4921
7069 512
9834 6246
4285 4256
709 583
1420 1153
747 69
5247 3555
2875 2850
1423 1241
5354 3363
9960 1146
2025 1635
407 181
3234 2054
8851 5728
5 2
4747 2190
8785 655
381 298
4362 1911
6567 353
341 145
7549 6645
5438 1760
3461 1077
1318 27
571 328
6925 2310
3728 2889
6823 6805
1141 1121
2178 1864
2866 524
1225 544
1919 579
728 254
2428 1269
4785 1579
6191 626
8705 2696
1525 303
7662 807
362 83
918 513
4096 3177
603 439
9343 6711
6286 2628
4996 3590
5218 5016
2909 933
4563 3554
1304 68
4702 4564
2478 1705
8569 5660
2030 1764
1459 915
5251 2816
888 241
6995 4842
2441 143
5000 3940
6238 753
4000 2539
9558 1752
2537 1242
3951 2645
3946 11
8577 2869
9320 5736
9993 6617
8301 696
3483 198
5826 4431
685 564
5793 3631
3556 2138
6609 3278
7000 2474
1627 718
3672 2690
4455 3096
4873 2435
6 3
2663 214
6096 5203
6376 1326
3038 2977
3076 190
2429 367
3855 3492
4746 1107
5120 3087
8332 3323
7268 1312
8492 6311
5712 1761
2915 232
1614 1073
4201 2085
8928 2697
4421 2818
1806 628
6571 5560
3491 3200
7533 1115
3682 2652
7725 1942
4255 1740
2711 1056
2179 371
7588 695
5333 4861
5690 733
6461 1072
3142 2908
1376 396
1464 592
268 239
630 442
752 213
5778 1033
9046 8449
1102 861
7154 6965
6731 5973
9221 5136
1445 237
4930 3241
322 230
9797 7961
8476 6377
8741 8014
2798 1598
1154 670
435 287
6623 5888
908 388
2484 316
5963 5057
2967 1902
9197 4403
220 7
5323 5020
932 24
7397 7049
3503 2930
136 88
7870 2246
9002 3700
1161 462
8104 4891
9935 9529
6863 2767
2808 278
1733 420
8524 2237
5131 4686
7702 4997
2728 205
8401 7240
4518 3761
6980 1147
1080 80
8550 1576
2751 2327
4677 3127
684 171
5163 1791
905 103
624 113
9147 1194
4789 1719
1222 464
1263 84
2567 379
1944 1246
1060 262
9123 7562
9954 6070
6485 4016
6557 5684
2533 1219
1984 1785
3161 3082
1726 1667
1495 1384
8083 3763
6716 312
6896 6203
5482 1046
2931 266
8326 2973
1610 291
2680 841
3141 2635
2191 567
6393 3058
8956 824
1211 280
8173 7520
7068 5528
1315 648
7727 6755
2755 631
949 202
7973 4202
2088 1578
7753 2390
4357 2343
3444 2701
6018 1367
5988 3445
3281 3198
5311 4261
8901 6207
1024 892
9110 2802
5304 3685
8004 5124
7341 4150
3602 541
2815 207
2262 1417
4429 3314
4023 2323
4462 904
4303 3948
2938 711
7434 5583
7014 1165
5595 1524
6294 432
2515 573
3604 141
2284 382
6200 4723
6249 5165
4128 2995
3572 3074
7893 31
