139
3149 8677
754 2332
8296 9432
3068 4735
5320 9947
3367 3713
2280 4645
5679 7534
9557 9572
3371 5065
8771 9587
6033 6790
9753 9924
6173 9292
7429 9377
6840 8790
6954 9856
970 4540
2908 4496
1495 6069
2298 3507
8587 9596
9115 9941
8301 9342
4282 6176
8586 9297
6097 6238
4429 8983
862 5258
2185 2738
4494 9079
8486 9506
9710 9928
2664 8581
3559 6759
574 1207
7812 8468
8215 9912
4414 8729
6300 9552
4532 6368
6623 8101
9993 9999
2435 8872
6638 7949
8866 9200
9783 9926
3431 6421
3891 4924
5362 8093
3725 5567
1502 7462
9439 9673
6530 7662
4180 7244
8649 9097
8378 8963
9395 9682
9754 9960
6094 8220
7195 7820
8505 8891
2048 2947
8813 9577
5256 8360
8797 9259
5155 6900
507 8539
8421 9617
9457 9686
5786 9464
9301 9641
8901 9773
7119 9556
4112 8080
1573 2431
5190 8284
4336 9081
9367 9443
7976 9230
1685 5916
5007 6496
4162 6553
7427 8611
1579 3084
9138 9372
8700 9431
9590 9977
6890 8487
7310 9547
6764 8291
7947 8904
6292 9513
8041 8391
7619 9201
643 2816
2517 5162
8094 8324
9815 9861
9685 9933
7265 9437
3247 8231
958 2606
6229 6854
6741 9798
1796 7252
8181 9635
2151 5568
4952 7078
6137 6370
5836 7288
2698 4022
3195 6626
3070 8671
6061 8654
9042 9121
3355 3566
1266 9730
7612 7843
9553 9681
656 8631
1841 7251
8280 8743
3076 9458
9114 9976
4444 6751
2454 4489
9056 9330
9610 9889
7139 9036
4154 9428
3888 5154
3509 4557
84 4590
6894 7393
660 8064
1285 3984
7785 8696
9146 9688
970
670 595
8491 4885
7012 1857
5637 40
9954 6446
8380 787
9366 3264
8659 5095
3553 290
6864 6627
7468 3777
9726 3340
32 16
9214 1313
1338 622
4680 2720
9831 2416
4740 4063
9544 6537
8551 1436
8665 956
3681 996
739 258
89 73
9511 8042
6814 4995
6228 4666
8003 3821
1971 313
30 29
3259 2906
8792 4726
9452 2119
1651 373
8004 6231
776 69
3949 3406
521 512
5640 2588
7938 3528
453 311
2436 1600
3881 2718
4892 729
4195 869
4837 161
5634 868
2043 573
3504 282
907 560
1695 176
5763 1614
853 303
224 202
5603 3857
2321 314
1471 503
4374 1034
9985 5515
3295 2408
2866 918
2320 1478
6111 2806
2670 645
3475 596
5389 2471
5952 5108
3124 2091
1558 887
2944 1047
7814 2841
8474 5962
4631 1765
8439 7507
1409 48
4710 569
8269 4973
6848 3239
8249 4392
9901 9041
6256 3642
9094 5680
6465 1141
8288 7558
8827 2874
3254 3050
3622 401
9100 7815
3244 706
6298 3387
6632 4669
6023 1375
4151 1711
8169 5845
2887 170
3230 2014
9830 1679
9361 7875
3576 553
9173 1350
7022 3552
741 592
3209 1535
7364 1351
9050 1220
5208 3577
5446 340
4292 252
9838 3155
9375 6899
3937 2536
8791 3799
494 425
4832 2810
1646 399
5872 1138
4247 3607
7839 4082
113 14
5800 1278
6194 2317
9855 8088
7041 3976
9781 7386
5688 4596
2680 537
7322 5215
8607 6966
7359 6591
2960 2379
8502 722
1153 144
9004 5532
9935 4517
9422 3666
5842 3809
1840 412
2736 1463
1491 37
4467 2169
4440 1935
782 79
3611 1994
8605 6647
6592 2257
1884 1504
6955 2015
9156 6849
7236 872
1893 718
9957 6429
5488 4294
3180 1911
8106 5560
3545 577
2569 1126
5898 2462
2019 216
6092 3519
4901 413
5976 3053
2937 705
4929 4156
3220 1039
3643 1740
4471 3426
8881 6531
3749 603
3499 432
634 535
8359 2024
3657 3601
9465 8501
3062 2449
3739 2460
4187 2396
427 46
4945 3701
9098 4580
2439 45
7192 2840
1626 449
1427 709
9966 3250
1704 33
1248 440
9316 7138
7323 4056
130 23
866 146
528 357
9683 8107
5807 3148
3257 953
1178 614
9223 2152
6865 1885
2620 2121
9760 2129
9124 2106
6692 3015
8927 8717
4362 937
9282 4523
9619 8496
8787 4459
1974 1906
9906 8545
2353 975
3341 607
6089 3245
5641 5538
9473 3893
8910 149
6996 6169
7282 7046
9312 7970
1021 15
6271 1895
878 125
9302 8292
8994 6316
4131 3750
4979 1420
93 11
7786 1189
2577 451
5239 3961
4217 852
4756 4570
903 719
9262 1325
870 483
3894 3833
6539 2342
7790 5300
8418 117
6166 6019
8494 1486
7370 3404
9237 8658
2655 2363
7339 3187
8018 7913
2547 1037
1269 629
1300 947
599 310
7114 2609
7924 4424
9599 6349
9724 8714
7476 6096
6727 2813
5400 490
1245 288
6487 2563
1208 971
7470 4260
1489 376
3482 2676
516 5
6162 1399
1265 871
3786 1977
6707 1190
4322 3722
5198 1180
1565 834
582 248
5152 464
4890 2227
6654 4569
7648 7529
5015 728
5944 839
6123 6078
5666 4142
591 71
9634 5276
9123 1834
6775 3727
4394 676
488 193
6688 1698
2837 563
2289 1622
7962 2821
8431 7165
9239 7490
2604 1113
8060 5195
3829 2271
4879 1708
647 350
3100 102
2769 1802
5875 5616
8515 3985
7845 3188
702 650
3410 3390
809 472
8073 7770
3587 2334
1146 309
2146 336
1019 418
7778 7753
8892 1211
6217 6179
773 407
8738 5225
6064 4989
5566 2156
2784 1517
5730 4210
5449 456
1556 896
8672 2984
1418 684
7301 6535
4678 2132
469 367
1509 128
4053 1503
749 593
5899 2844
3161 190
6412 4943
9300 1814
9188 9169
1863 697
1762 620
7263 5143
6921 4264
346 77
4803 3756
8572 6639
955 533
6204 4668
1825 1217
6885 4314
1256 712
1903 403
8433 142
2638 505
7755 4350
139 28
8058 246
2542 1422
4008 343
4636 3967
1339 186
777 305
9280 433
8765 2524
6329 4149
9969 8485
1756 904
3883 2199
6766 1416
5480 2033
7417 6927
8558 2705
948 448
9803 260
7204 4484
5235 276
8055 7522
3807 2351
7744 4432
5405 4409
2694 1438
1839 1200
8999 6582
5588 4062
9747 4352
3571 2988
3964 2475
4947 3955
5135 4826
8656 2453
2419 609
1497 621
5878 4558
4789 231
8570 271
3623 1778
5382 815
7693 4059
3046 78
5685 1575
8818 7266
2646 2525
8984 4851
1607 638
2592 1892
5413 3796
5608 2122
1680 2
5422 4430
7 3
5930 1505
8908 3581
8678 2796
5391 1045
6134 204
7601 895
3702 3336
1855 714
7218 4291
44 10
6637 6254
5068 2150
8825 6188
9853 2747
4384 1709
1779 137
6257 5420
5994 135
1282 369
8970 8767
4235 2310
5541 2155
6287 986
4788 3877
2880 2846
9111 8712
4404 2074
8466 7543
8603 3011
4297 1933
5992 1267
2166 1963
3927 2049
1735 43
2399 2364
9154 7148
4787 2168
2636 2532
2558 2509
8325 4541
2754 2410
4584 3515
3779 1068
3365 1636
5078 2506
5098 1077
2842 447
3073 1421
7939 316
4753 1551
7660 5743
7863 2028
8430 6026
5407 4050
8125 1259
4189 1412
7451 666
7473 987
5004 2565
8806 6698
6584 4982
5274 3820
7745 2568
2327 132
8426 4766
9755 5814
1143 511
7441 7027
7036 315
1860 1414
3413 616
3924 1944
6305 4017
8760 4935
1354 398
876 280
8951 4227
999 732
5486 5484
6372 6121
2675 1833
1078 199
8534 5129
6930 1896
2875 1118
1536 1012
8675 1603
8253 842
6845 694
1960 963
2766 238
8393 4917
5402 2534
1725 337
4109 2366
7225 4607
9791 6402
1076 1043
4864 3470
3864 2486
8517 4366
6000 4870
2170 2079
2060 698
793 529
5728 4839
4867 1998
56 12
2469 1766
98 50
3370 2921
1475 88
6878 235
5094 1031
5403 2571
4786 3212
4552 214
5941 1361
253 182
1715 304
3975 1101
4379 3206
6273 2192
5392 2343
648 549
6105 2716
1264 861
1213 198
5075 4573
2541 845
9778 121
5022 2930
6183 5647
4616 4473
1097 954
9496 3543
7552 3994
518 409
693 291
6742 1701
4126 1574
8510 7910
7533 6784
5165 105
9659 4899
5043 2260
191 115
669 355
5745 2644
9909 9530
4511 3735
9260 9172
4161 3730
4921 1686
7262 6235
2275 1345
3003 2412
5328 1116
1759 159
4089 762
359 210
2006 1713
5672 4021
7634 4434
8023 7013
5131 2997
6304 3097
8938 6205
7957 5210
6559 2938
1737 1284
502 273
9284 7961
380 68
4502 3223
347 109
772 58
7544 4825
6886 374
8174 6968
3202 3067
8386 5653
7906 4824
3204 624
9555 8473
838 767
2786 2009
3569 2910
3759 2328
9655 2779
2306 1923
9667 9314
2602 328
597 547
4530 784
1606 493
4182 897
5661 4385
5504 1411
5720 1569
5725 4256
5058 217
9265 8608
4868 4490
8642 1969
455 25
5933 2941
625 85
2750 2262
4970 1592
2767 874
9208 1865
5759 1432
8679 360
7180 1597
4499 1755
4615 420
8337 3233
8353 5742
8779 2126
4183 2263
7296 6197
8735 611
5592 4861
1109 683
7504 2830
5954 4513
3297 2787
6510 3354
2086 2058
8913 6277
9607 1008
9290 2023
7335 1753
667 480
4875 1287
2807 283
4925 3923
251 250
8275 5202
6663 632
9090 457
5644 289
5569 3885
6877 3810
9554 166
9178 7816
5040 2503
2756 1888
8341 5237
7043 3246
2905 995
7350 5975
478 99
9341 8377
8669 1328
5635 2790
2372 124
946 899
5979 2196
4506 575
2288 525
3401 300
2080 1254
3468 912
1917 1084
4004 2312
4703 2598
8960 3660
8975 5513
7547 6903
4113 2164
8184 1804
1722 791
339 91
8556 6322
765 207
7342 3837
1064 308
5443 4594
2803 1115
920 883
3136 2612
9144 2903
3788 836
8824 3531
6586 3664
950 205
9595 2885
8924 3930
7640 5633
8777 534
642 318
3331 2159
7396 5770
985 651
745 136
5609 2354
1770 475
6018 4905
3437 2235
9080 8154
7611 6823
9671 8338
1426 1357
293 112
9939 7823
7960 654
1435 1371
7156 6604
9344 4747
6693 570
5660 4962
2476 156
3958 843
6867 4270
9140 2518
7791 2424
5437 4543
8479 1919
100 64
1849 1405
2721 2510
4608 2570
3771 770
6991 4641
581 270
2901 612
4127 1810
9980 7647
3349 933
7095 2252
5341 2273
5489 1447
3550 759
9151 6992
9370 8316
879 557
7992 2428
1596 1023
8865 8727
1956 1869
9793 9176
7411 2552
3256 215
2267 1445
5887 4764
8008 5445
3165 188
197 76
2562 640
4001 2665
381 296
3575 2572
6174 2279
1263 689
6515 4388
8204 1555
6495 2215
8702 1649
531 53
5387 4166
8285 3802
5889 274
6783 2281
3823 1004
1196 428
7445 1177
8497 391
6191 1976
691 556
7956 5297
8685 2857
9106 7781
8146 6702
7141 2623
7133 5729
1066 439
3705 232
9504 6620
3529 1587
3208 3078
6640 6605
9133 6678
2660 1107
9725 9277
7602 1365
8095 1154
3210 1033
1051 769
9028 4857
5299 8
7001 6046
623 552
9509 7859
8646 1061
9190 9179
3334 3019
1968 1488
5146 4695
8148 421
6588 803
5024 1136
8782 5739
2220 1954
1986 1171
7070 2582
2943 1492
7109 3758
9086 6101
3557 2637
8182 1958
9945 980
4625 466
7035 5008
9647 257
3040 2437
8878 8580
1938 20
9168 7336
606 541
9696 2989
2555 2216
5718 2450
4413 1619
1557 362
6074 2919
5970 4677
1060 368
6237 6042
9329 5676
6427 5031
8789 6982
9790 8038
8416 5859
9972 9274
1732 816
7669 7610
9878 4209
3443 758
8105 6676
1121 720
5846 4960
4751 3532
8606 3197
1453 297
7946 6366
3319 324
2992 708
4882 3585
5838 4147
247 185
7622 2861
5417 200
2172 196
8237 3573
1083 796
5371 1408
1095 884
9575 2457
8817 4852
2853 2350
6245 4497
6498 3111
4102 267
3438 2557
8357 5112
9072 2178
4365 2764
2970 2948
5675 4069
4159 3122
8399 4106
5271 2600
4909 3492
6077 4723
3372 2946
3941 894
5327 4074
5853 5035
1430 175
7642 6803
3586 203
4019 1184
6549 5124
6843 4481
2089 230
9722 4539
9581 1883
7848 5901
9761 2990
2714 1811
6756 3101
2464 2032
580 384
2261 1310
7278 6558
9632 7829
4919 1749
2500 2448
1655 725
2487 2468
561 539
2266 2213
885 86
8279 366
8898 6330
7723 6613
5461 2251
3524 1598
9679 2591
6264 2355
6010 5002
8349 7591
424 107
7766 383
4427 1772
8170 4252
1688 594
3541 1901
7940 1394
6962 6099
2051 1359
5456 3620
8593 3849
6918 6441
3333 1223
1181 1009
8565 5053
8722 7169
3921 681
2724 486
5522 5042
8652 74
1252 1218
330 212
2433 2081
3102 2656
9614 8050
1532 1364
750 284
4498 3172
9734 6052
5298 4315
8450 7059
5856 5227
4046 2743
5811 4728
419 158
2250 2153
6363 4949
8342 7121
2865 2666
1419 473
8484 2979
7407 633
2116 1510
2301 2176
5081 687
8096 6309
4105 3434
9380 3263
1992 1794
9904 4491
2143 83
9515 3840
2687 2528
