601
3177 9532
4875 6725
8460 9853
5314 8784
444 4810
4386 7804
8860 9677
1996 7628
4526 6042
5568 7634
6785 8975
2400 7526
2036 5514
2537 9475
2163 6389
6712 9035
239 6629
4196 8546
7471 8583
4383 8229
222 6786
3806 8618
1798 2050
2123 5824
188 8748
5259 8762
8741 9519
5475 8543
8816 9993
2887 7528
5127 9432
5657 6297
1729 9832
5130 9768
8164 9648
3104 3194
2089 7116
7880 9645
7367 8704
159 7637
3970 9131
9689 9712
7499 8574
8728 9161
4250 5422
9962 9994
2413 5572
2341 5522
2205 9721
8989 9480
4015 5204
395 2869
7968 8451
1186 4077
1012 2293
9378 9716
3040 5879
2609 9122
3574 7290
2051 5264
7298 7809
3891 6946
3155 6762
2720 7438
1319 2105
9051 9744
322 801
9111 9229
675 7038
6333 9366
1016 1571
7693 9769
9647 9919
5593 9068
2091 6893
549 8293
1640 1793
5547 8753
9464 9614
2628 4596
1251 7744
3832 8571
5383 9705
2706 5850
2598 8237
3193 4226
8489 9094
8505 8572
6704 7085
8964 9505
5916 9656
7826 8297
8938 9279
9599 9624
1134 6674
5628 6402
3740 9025
2983 3195
9605 9850
1128 9254
4782 8886
3006 6536
4407 9127
973 8439
4701 7997
4076 9998
7702 7890
5001 7379
6619 7363
4065 8954
8512 8911
196 9906
497 2167
6198 8700
1855 8462
5166 7451
9621 9839
4448 8579
5739 9609
2232 3535
8094 9218
5899 8393
5093 6178
1858 7777
6900 7133
8277 8811
9073 9753
4981 8532
3349 7395
2677 7047
6771 9330
4734 6283
6034 6660
418 3993
9215 9840
3805 4655
2734 8105
3690 5061
1409 4440
7866 8172
9564 9981
9348 9767
6777 8606
1539 4852
7353 7728
6326 9953
7383 8613
7393 7892
1374 3804
2389 7251
8742 9277
5105 6045
6243 9556
4073 6468
184 2530
6425 9065
5723 7721
6237 9740
1625 2504
5986 6526
9710 9825
1561 8108
2532 8141
9272 9691
7692 8509
8829 9816
1230 8910
2046 2745
5842 8694
7847 9872
6621 9137
8150 9430
5993 9975
2011 5119
3618 3988
9360 9845
6018 8495
378 5026
8867 9135
402 5994
1510 2240
884 1569
2804 9192
2658 3980
4685 4886
6615 9438
6665 8923
8514 8727
6201 6384
4394 9031
5340 5416
2385 9584
5581 7173
3583 7022
2090 5747
1956 8449
4712 8201
4925 7725
7110 8294
4732 7090
6999 9510
9208 9257
6590 9604
5407 8082
4075 6352
7933 8381
8658 9871
436 6130
3185 4747
3483 8872
6740 9169
9261 9306
7802 8030
150 5872
9880 9895
6546 7120
2977 5368
520 8337
742 2270
8526 9301
799 3808
75 8822
9347 9661
8445 9694
4285 6090
6092 6759
747 9132
5328 5650
3856 8436
1311 5929
7452 9579
9964 9988
7558 9334
316 8898
4633 6019
9164 9828
8555 9541
1294 6477
4284 8210
9528 9916
3025 9650
3154 5215
4585 9213
1117 8904
5564 6911
4984 7143
8570 9155
5111 7170
7988 9126
7366 9680
2053 2910
5307 5316
9791 9969
4589 7982
3776 5815
5775 9013
9561 9888
6481 8866
7548 7786
3846 7875
1092 8055
6542 7971
6160 8054
597 9797
9467 9903
3477 4430
9959 9978
3439 4311
7239 9453
4888 7846
4910 9067
7523 9829
5936 7937
1975 9093
8831 9388
4158 7329
7320 8977
6532 9943
2277 6233
7433 7726
516 683
2083 5651
6650 7643
4808 5272
5602 7889
2772 8287
952 4527
6730 8703
3119 3249
8996 9585
5046 6983
2231 7183
9206 9518
7578 9665
570 6547
1349 3401
768 6525
649 871
1314 2110
1717 7539
7327 9727
1396 8268
6945 7347
7179 7587
5397 5417
6317 8603
301 4489
68 7818
4325 9758
8395 8997
8256 8600
9773 9814
2061 4360
1302 7572
4033 6485
6200 6784
2438 5847
3361 9446
8472 9293
8625 8961
4957 5955
4265 6813
7432 8863
6584 9160
3632 5310
426 1764
5997 6529
8808 9841
16 459
7416 7868
2555 6251
6308 8280
486 5077
6729 9474
7546 7774
8568 8624
2203 4798
3019 6305
2056 4224
2765 7987
8427 9007
2795 3625
6365 8236
6184 8670
5970 6908
1189 4156
1906 9929
6761 7635
8651 9900
2121 5447
1025 3518
7107 7766
7360 8463
8909 9762
2579 9901
4699 9715
7137 9307
9784 9977
7630 8056
6738 7044
5711 6372
4591 7089
6113 7025
552 2378
1927 3210
4261 9490
1603 9657
4498 8243
6256 8987
9588 9893
2564 7207
6933 8914
1155 2318
1570 7171
1237 2075
4247 9587
987 8404
168 845
8007 9078
1177 9833
8718 9798
2529 5228
1119 5346
2082 9874
6670 8585
9631 9790
1681 2946
9540 9732
8295 9638
3112 5492
8714 9630
3757 7226
599 2675
524 8116
5378 8314
5179 6093
4650 6006
3422 3772
3986 8525
6578 6755
1799 2722
3303 7388
8562 9593
1852 3116
7741 8792
8218 9321
3565 7017
9793 9940
7020 9158
769 9946
6229 6982
6076 9182
7250 8626
9666 9999
3928 7951
8222 9502
2166 9983
982 5822
2592 4715
1613 6711
6872 8318
3895 5614
7279 7508
6743 9431
4163 7208
870 6257
119 8901
2938 4620
4838 5491
31 2371
2515 6718
5696 5973
6879 8340
411 7093
2901 9857
2926 5799
8477 9085
4271 6122
4604 7265
5467 9492
5498 9792
793 9598
2253 7956
4031 6635
6391 8131
4180 5700
8884 9565
1403 4320
7283 9470
1514 3239
7690 7858
706 2591
3380 8354
1718 7295
5006 5151
8355 8467
290 4663
4347 4912
9418 9559
1461 8519
5726 6473
7427 9503
4270 6902
7215 9222
6776 7034
9403 9722
6488 7817
5076 7873
1145 3052
3647 6732
8052 8672
229 9064
1553 1620
6466 9548
9299 9801
437 9113
2566 4986
1258 6747
9484 9546
7799 8751
4602 7152
8344 9617
2412 9837
2693 9314
7001 7683
2483 5309
8017 9044
3225 8302
905 3695
4090 9863
1791 3730
1197 2510
5577 9380
8018 9628
9482 9979
1327 1890
14 6312
6538 8848
7879 9549
8199 8650
7613 7807
2171 6903
498 8235
443 5354
3933 5081
3956 9802
631 8424
6121 7486
8220 9060
384 5479
4907 5268
2771 3151
1049 8498
6516 6858
4777 5652
5258 8317
4204 7711
6135 7888
5208 8114
28 2195
8001 9513
9495 9992
9256 9985
6663 7733
8738 8990
7109 7765
8601 8934
9803 9889
3564 5059
1259 1846
1779 4276
1922 3639
3637 7417
1318 1455
478 3336
3423 6739
3737 9995
6361 8773
2325 9862
6400 9952
3432 5539
8530 8662
6606 9417
2262 4869
4508 7707
6685 7351
2919 8962
6123 9613
605 2356
2750 9433
8241 9771
8823 9394
2660 8347
2459 9669
4750 5520
3519 5355
3379 5138
430 5725
2892 7300
3620 3855
2235 4080
3623 6919
115 514
1385 5288
5528 8156
4183 9108
284 2849
4688 7752
219 656
2206 8106
3841 3913
87 7506
8982 9483
2185 8865
9400 9948
6350 8739
1422 7036
7887 8641
6533 8929
5229 6949
4013 4871
1399 8034
6930 9110
6091 8438
7625 7764
5988 7833
6625 8060
5334 6050
4086 9990
1792 2931
5767 5874
7730 7821
3867 8330
3615 8634
6071 7340
3966 4915
1722 7602
7464 7983
3996 5384
4752 6010
4805 6517
506
2653 2520
660 526
1694 124
6154 4104
7221 1203
5689 4329
6471 1201
8920 4569
4626 2886
3433 3355
9327 8093
7357 433
7003 2918
673 452
5518 2055
5484 1458
9488 5826
6156 3905
3791 955
7369 4064
949 829
3782 504
9760 7664
2682 1456
6267 440
1685 147
8965 2916
1054 481
6043 1113
3542 783
1244 41
9145 8331
7230 2249
8405 2196
4023 3410
9045 5018
3233 2273
9778 7114
8464 4216
5357 4743
2310 1299
7319 6787
6279 4085
6475 6262
3795 3081
94 74
5276 1474
3082 2603
3701 1018
8169 1344
1838 1279
3109 754
6212 771
6129 5578
7904 1127
7086 3152
4950 4948
4695 3926
2301 320
7554 5748
9440 1004
1658 828
1384 825
299 92
1467 462
9099 5646
8397 5662
5391 2911
8455 2924
3073 1022
8296 1066
2124 1339
7289 5209
7536 1198
4523 3074
7863 7402
9780 523
3265 2630
6731 5293
2751 1238
9227 8925
2317 1976
2816 1115
4372 3812
9148 4057
3927 2190
3661 2186
8400 3929
2183 1872
4818 2829
945 781
7407 737
3110 174
7715 2487
5214 1388
8644 4174
2258 1229
8873 1011
8308 479
3893 983
6599 4700
2250 1952
2718 1899
4690 891
8190 6025
7398 3941
4676 3500
2380 2303
5839 2012
972 186
3816 2514
1614 1544
380 169
4547 4220
8026 5387
5112 1083
9870 533
4622 345
9957 2571
1351 217
3755 2108
9543 5456
9015 3234
2214 1930
8185 3038
9096 401
6749 1489
9730 9012
6912 190
2382 1424
1949 607
3995 590
6150 2234
8321 830
6409 1925
7234 3950
1819 1526
4273 1974
5184 1331
6681 2995
1942 238
5586 3860
7507 3204
5431 2457
7148 6041
3248 1459
7072 5028
760 501
1639 1205
4711 84
1297 1267
8204 1882
3493 2780
8353 6033
2893 2611
2789 1188
8493 4543
3345 2760
4873 4434
8126 3622
4480 4255
2098 1370
3735 2346
6030 4654
2665 1845
6165 3943
6548 4597
978 654
679 542
3692 125
4324 4169
5644 1493
4847 3626
8547 1802
3824 560
8944 7420
6790 6398
6597 4848
6594 5048
3848 517
4835 2339
5809 4667
7761 3991
6890 360
1067 820
752 311
9167 5893
5218 3408
9027 6705
7944 6998
8307 6078
4341 2796
5675 2151
8952 3271
1907 701
123 99
2264 102
1857 970
396 37
2319 435
917 470
2168 113
7205 2601
8783 3677
8842 8264
8814 5038
8179 3284
6524 5341
2403 13
9386 7782
5315 789
8251 2215
6170 5533
1078 180
8928 3588
1830 1765
8138 6234
3923 3462
2668 2102
137 15
9070 872
521 286
1993 302
6539 303
4896 4461
7645 85
6991 2484
9178 5366
3371 1013
6116 2505
1027 636
4796 3001
8497 95
3324 2667
4614 191
1960 595
1509 1070
9987 2444
862 445
858 728
9401 3338
5262 4683
4354 3963
3215 1962
1065 200
4111 3703
1473 1035
8441 6213
7024 5091
6127 1825
1664 1310
9245 4009
4037 844
1853 1382
5482 4253
4551 3399
2747 34
8447 3670
6511 5088
4658 3531
8090 4882
6640 18
8480 1688
3778 567
101 80
4460 2221
9294 3938
2291 1867
7247 4880
8043 4451
5900 4312
7169 1538
7431 663
2119 482
9097 2200
7574 363
9591 2502
628 276
2867 1340
835 548
2673 1401
9103 7806
5 4
9231 8004
7718 577
2824 1228
7844 3206
4536 4528
4804 3130
4203 2670
6472 3587
967 713
391 237
969 704
4563 544
3802 3
5731 3470
5200 1812
1426 797
6655 2454
298 212
6346 5000
3125 2247
4693 2265
9151 1121
7287 3840
2508 2369
2937 17
8111 784
465 42
5861 4936
8787 5670
2596 1148
1488 1482
3260 2373
9199 6687
6565 538
7885 6261
7837 4288
4410 4283
2506 614
4318 2354
1726 8
6304 1033
9362 6805
6181 2304
2877 2323
1173 213
2635 690
2702 2401
2959 224
5519 922
3817 1359
5583 4883
3758 2793
8761 3847
4160 1582
4188 1815
269 126
8837 1233
5169 3549
9681 8892
557 338
3899 1390
2312 1007
2143 837
9329 1153
4446 1084
8374 2184
4326 1905
3510 1303
5883 3733
9487 1807
8200 4214
8843 2539
7694 5813
4975 1341
788 155
3698 1735
566 108
539 228
3862 294
4922 1814
2370 1103
3930 1460
8028 118
9091 856
7791 5107
4924 4275
8194 5161
6061 1151
3108 415
4404 230
8132 1162
9725 5194
8121 6997
7435 4980
7352 6264
8666 3751
5873 1428
5886 3097
7594 6470
4529 2122
1137 853
8425 4058
1953 327
6857 6616
5305 3213
7373 5490
3861 2966
6920 5855
3634 1050
4213 1196
2955 2106
9142 3906
8363 7552
317 106
3054 1550
1598 1281
2408 2030
3646 1656
5401 4229
2994 2743
3431 2424
908 215
8821 2646
8958 8309
9673 8810
280 223
9468 3759
6623 3547
4143 2951
598 588
6869 6060
3523 2060
9963 4911
647 432
2930 2650
8136 1969
627 499
4361 3964
6313 6051
8674 6276
6437 1436
3800 642
9504 4499
7156 4487
4441 4230
3321 2456
1576 1517
4974 142
3472 655
5870 5833
1591 151
5087 3198
5620 1465
7504 2637
4793 4505
9616 1037
4813 4501
4592 1350
9493 4030
5332 1298
461 195
9976 4648
3815 1026
583 244
8010 2972
3937 2226
4319 3509
8408 3254
9580 2493
632 568
1174 475
4662 4442
4815 4477
634 194
8165 2757
7401 1316
1777 582
7018 1008
9414 8825
3360 2434
7996 4385
8538 6768
8252 3060
5537 5103
8763 746
8657 1721
965 24
1292 414
5297 4435
1269 254
4579 3780
5610 1034
3454 2017
1546 386
7593 3301
6013 2641
920 558
3411 379
8536 7917
1709 25
5212 4035
8253 1593
73 57
9741 134
3264 1336
1583 442
2276 2064
5261 657
207 65
1865 1537
4976 1954
2379 1878
591 83
9150 6265
8827 5510
1412 532
5710 3879
2439 1494
9663 3258
4193 1481
5959 5372
8370 7455
9904 1840
