297
7082 8368
6160 7560
5431 6492
6198 9429
2790 9824
5762 9797
5891 6612
8275 8324
3046 9405
2588 7407
2626 5298
957 8280
1115 6003
8823 9909
6185 8582
280 9802
9275 9418
3695 6561
5250 9956
7283 9888
1141 2157
1795 5585
3818 3935
9068 9090
1917 9758
3961 6603
375 1726
1875 8755
6469 6553
2896 5270
2870 8464
8946 9004
6306 7634
3894 6270
5078 5707
5379 8842
2770 6642
1635 4380
9892 9968
9441 9820
8612 9069
7107 8857
1620 4235
1350 8134
1327 7032
9894 9995
1262 8555
2335 9253
2728 8701
2986 7758
6175 8619
287 2858
4866 8203
1997 2006
9027 9204
4142 7365
4868 5297
6111 7824
5256 9299
3959 4335
3404 5824
3362 5914
1681 1916
3206 6138
4147 6803
628 1696
3778 7985
1455 7523
8874 9407
7763 9626
8293 9201
2074 5423
3289 9330
3182 7709
7650 7986
3526 4283
2509 7923
9656 9993
5327 8198
6272 6425
6516 6929
8893 9671
1095 8637
2386 4529
8748 9427
6912 9331
7223 8915
2606 7552
7123 7452
4178 8988
1075 5724
9505 9639
8352 9691
4490 6250
7710 7889
4363 5830
9395 9733
329 6827
288 3455
9363 9680
5871 5882
5265 9753
5119 5904
1720 7469
5360 6917
3542 4077
3789 7052
4974 7125
9775 9862
8183 8349
8846 9192
9979 9991
5681 7562
9515 9955
6174 8974
4719 6348
4041 5480
59 818
9008 9624
6529 9587
6776 8653
4540 6621
9833 9970
7422 7679
3458 7143
411 2191
7188 9118
3782 8952
237 2192
2672 4291
9216 9827
4677 5967
8682 9360
6303 6472
3398 4857
2449 4528
7769 9310
4854 6548
1954 9212
5733 5741
761 986
2145 5976
890 6833
4509 5525
1505 3397
2921 8017
342 8940
2578 6962
6473 9927
6054 7092
6411 9611
3221 6320
8760 9388
9402 9409
352 5528
9672 9976
7694 8871
1398 6787
2834 3311
6178 7418
8987 9001
9544 9695
175 5036
4826 9531
2032 2149
7865 8777
9276 9716
3518 5618
2252 5263
3094 9195
7570 8214
6020 6881
2031 2925
2029 7946
9620 9664
8924 8957
3126 4208
4160 8524
456 4689
3479 7780
3222 4521
6991 7840
8480 9613
5148 7595
2709 5709
4408 9787
8912 9091
9729 9756
6865 9655
1958 4395
3551 5605
5276 9622
3424 5296
6595 6682
2904 6445
1328 8018
3188 7413
754 6476
4903 6571
3247 9527
3048 6351
4119 7100
6705 8398
5261 5832
9798 9974
8286 9308
5906 7888
7518 7754
4589 9499
1439 1449
9439 9605
1858 5325
599 9207
8754 9610
7335 7797
5351 9377
4020 7005
5129 6528
7337 9925
3508 4042
6345 7416
4685 6793
3791 5422
8549 9795
5732 9977
1509 9940
6976 9106
9135 9304
2285 6969
2247 5781
3995 7677
3261 7759
3956 7976
5651 8964
976 8302
8126 9325
436 549
1196 4163
5474 7291
1188 9158
4725 9731
1944 4040
5211 7196
1682 2760
627 4769
2777 7205
932 8847
3116 8690
8460 9314
3115 8139
2996 7417
8384 9813
6791 9653
1605 3706
7126 8949
9471 9985
2160 8512
6500 8765
5026 7891
9435 9727
5123 8771
242 5666
1006 1576
7682 8927
6597 8012
3418 9859
2608 9962
7621 8057
7911 8147
7893 9089
4560 7690
9525 9693
991 9398
4823 9570
7790 8043
8333 8917
1272 2333
369 5018
7252 7635
8428 9306
4961 8077
9772 9816
113 8891
3944 8336
479 2781
1467 1862
2418 4972
6119 9743
6203 9875
4538 7751
2425 9723
9323 9339
5361 5977
2701 9146
6824 7194
2543 4983
3245 6996
465
3559 1322
8709 1205
7526 6808
7460 3747
2052 434
4895 3750
7637 4390
104 64
7450 614
2326 1690
3926 262
1333 526
4391 2469
7745 2602
9075 1764
3243 1595
883 421
9413 925
7925 2041
2427 263
9478 314
1270 814
3689 1629
3009 389
6065 5043
2582 1047
6695 1543
7388 1340
3033 1177
9235 1432
7425 350
9707 1031
2097 529
2950 2071
7536 881
2457 1711
8808 6245
2791 2769
8897 7931
5336 5322
9101 7846
3711 425
7303 5200
27 18
6446 3719
1354 1279
4115 640
1646 468
3402 3400
6703 6398
9103 7691
8217 5353
3724 842
1807 851
9238 7284
8348 4575
1446 558
8627 3825
8388 3659
2707 3
3277 1431
4218 1284
5444 676
8817 3447
1203 609
3482 789
4006 1694
5346 3363
1882 798
8045 7998
4254 4064
5165 1668
5766 3799
4935 979
6499 5073
1684 811
2625 2531
6806 6397
3378 149
3839 1702
5359 1292
7965 3382
1458 90
7200 6149
6326 1365
7105 443
4056 3301
780 281
6396 4476
8541 3189
3317 2803
9181 6418
6778 4765
2319 836
9900 938
7001 1966
5242 4466
5620 283
1054 878
8484 1867
615 596
9142 4594
5734 2202
7430 5453
6747 3914
8301 3027
6184 1596
807 234
1239 19
1243 756
7820 4524
3704 1728
6384 5622
7089 1891
98 29
3859 1050
6798 86
5604 2399
5740 3470
5919 5070
4110 2739
7319 4383
4219 3699
2884 1761
8062 388
7328 5470
7854 7548
5180 3561
3157 2021
251 230
9721 5313
9565 6373
4657 4522
5417 87
3581 815
4165 4011
5472 5167
8724 4577
5753 4554
8335 5426
3355 2317
9010 4488
4495 2204
9861 35
7148 838
5809 3628
7633 2830
4607 3373
9355 5703
4438 1490
1673 1079
6946 1493
8234 1089
8985 3836
6310 2518
5912 58
6807 1942
8089 6596
3426 1303
573 56
3655 2384
5603 4644
5310 221
646 152
3065 1540
6782 2899
7514 5847
2558 2266
2409 699
738 69
1392 1174
6559 2201
1223 139
6496 6060
8171 2415
8165 4017
2763 286
9046 3475
4473 2943
9844 1293
952 270
9789 5621
1569 1513
6146 3921
9567 885
3333 2628
4448 2129
1073 1044
4439 774
4701 2385
8106 6042
8532 3466
7412 6081
7028 4453
1312 323
3661 977
1706 1482
6995 3578
3422 1466
7279 7038
7842 5676
2973 15
9880 9483
877 407
822 666
4556 3323
7420 5514
7899 5439
7482 6831
4526 1253
2310 629
2206 1570
6515 2430
1557 1071
4925 1736
9814 5060
1714 553
5441 4211
2506 2054
2845 10
3409 1305
1221 40
1260 914
4571 3745
6035 1255
1718 1631
4782 3707
3429 784
9860 115
7060 4822
7834 4372
953 28
9685 1514
1933 302
6567 5052
5522 4916
498 91
4295 461
5795 5642
5222 4214
1556 1231
5110 3504
3121 2062
8125 4174
3514 2937
6448 1903
9196 8167
2334 1307
7193 6847
9266 906
282 148
5557 3164
5418 3185
9182 1784
6909 5569
7603 568
1146 950
2963 2369
9536 2952
4964 2630
4195 112
3576 2718
5302 4988
3234 1043
7024 1428
5554 588
2590 1574
1515 1277
4107 1423
8499 5866
7152 3066
717 212
939 868
3631 1767
701 60
5498 2101
2779 1529
7692 6309
1834 741
3835 266
8216 5337
6812 2436
4496 4026
4503 455
7057 481
8491 1074
8143 4627
562 130
4289 642
3570 2328
6399 817
1641 597
8326 1580
4626 1030
4226 1145
4425 1313
4754 3869
1361 255
5484 2905
2579 1584
3434 1943
3716 3453
2351 1889
6574 2311
797 197
5706 4123
3700 172
5505 4479
3408 2030
3155 1100
6956 6711
1447 1053
1357 645
4533 341
7983 4549
7085 2864
4545 3201
7499 7402
1753 1172
5994 3850
1055 776
3387 942
9936 9269
3183 1282
6023 322
8844 8100
9298 8093
1058 577
3986 1902
4807 3262
3741 1583
8712 7059
2075 819
9878 3159
659 244
6330 4910
1102 383
6143 5974
9287 1879
1713 122
7556 2462
2699 1924
4918 1241
7572 5101
2028 542
6918 2719
1048 1028
759 523
8508 76
8303 6182
2842 68
6983 2343
7555 5885
6039 511
9406 8609
6376 1914
4392 3360
525 135
2170 1388
6889 5035
3088 720
5408 4272
7438 3029
7031 5245
5728 4667
3104 2078
9791 8664
1258 875
2121 164
5166 777
9224 1797
2446 1863
2851 447
5240 989
9029 5774
1534 317
8378 6738
3371 3361
1849 1796
6367 4570
3857 507
3454 673
5107 5041
873 190
5219 2447
1441 770
2221 1815
9170 8182
4239 1836
8370 1382
5214 671
3696 1956
7112 2561
9801 3806
8937 5067
603 384
6050 3168
3672 1171
537 81
2898 2852
7609 2040
6835 6162
6241 2291
2010 343
3413 294
9117 3472
4968 1263
9764 2294
25 24
7900 5805
5384 4075
3975 275
3001 1835
1156 187
5656 3855
2557 2232
4467 2377
3820 2198
9493 4104
4808 658
3971 82
8588 6750
2131 211
3945 2094
9583 3503
5065 4028
8452 440
8818 980
4481 1803
692 490
2281 679
9748 876
3852 3840
1105 357
7530 956
4844 2785
5623 1194
8736 7687
3928 277
5449 5063
1320 1208
7589 2530
6266 1370
6172 4842
1091 893
7079 5856
6186 3256
1856 860
6211 491
80 8
9129 2225
7348 3366
2164 426
8779 5851
3074 2765
7968 2005
131 117
749 728
2944 2710
2566 2305
7156 1341
8210 7473
854 95
9881 5821
1108 753
