918
714 5664
1609 7643
6910 7451
9642 9724
387 7593
8139 8717
4505 5901
7984 7988
7409 8956
5009 7990
3502 4814
5849 9689
9156 9200
4330 6927
4838 9162
3372 5265
4780 5532
8561 9674
8755 8903
2730 3930
900 2361
148 8971
6198 7565
3935 7441
3554 7948
5370 6597
3247 6100
1458 9206
7716 8690
5768 8604
5936 9075
8857 9236
9469 9500
5125 8633
1817 9368
4129 7330
8770 9882
7493 9158
6870 9337
922 6576
4356 6497
1211 8988
8387 8667
7026 9924
5333 8420
8198 9663
7775 9810
6457 9331
7243 8517
9551 9933
5067 8475
609 3265
5684 8416
4029 8720
6678 7664
9766 9928
4091 7040
9557 9815
2426 5201
6695 9159
6933 8767
1721 8334
125 2202
5596 9771
1918 5155
7468 8904
6797 8570
4545 6190
3443 8202
6795 8194
6937 9055
1355 8140
8658 8825
911 9128
2132 5721
5173 8625
1649 2836
3585 9182
7829 9021
9336 9565
394 9764
8327 9024
6722 7333
3003 7232
7110 7567
6537 6732
397 5103
9881 9900
4236 6282
655 7075
5802 6465
4432 5280
3098 8314
2459 5860
4916 6953
6673 9094
6781 6787
8989 9895
696 1559
2815 3822
5881 7678
5429 9334
8754 9472
3272 3834
253 1108
924 4491
6157 6294
3853 9596
5990 8205
1810 9250
2230 4956
3659 6008
8519 9916
7509 8929
3082 8095
2193 5997
2639 9294
8897 9876
4555 6058
7787 8163
4727 7487
6409 9272
1023 4754
786 9301
8029 8092
6860 7640
507 1192
1932 3273
9880 9915
2649 9053
6886 9997
7674 8917
7275 9649
7290 7292
8817 9136
6658 8297
666 6105
9239 9457
4972 9896
1920 3737
4514 8550
4435 4801
7039 7056
4251 5709
7279 8640
3419 8496
4017 8510
9934 9960
1248 1936
3232 8307
4464 8590
8581 9659
2143 8810
6749 9601
3991 4456
2525 8336
1018 6550
6102 8268
6975 8126
540 5982
5980 7239
9496 9664
9490 9868
3676 3840
3472 9729
828 1997
360 9333
9560 9897
1898 9743
9608 9809
9321 9901
3911 6377
5377 9914
5069 9998
4032 5652
9045 9209
4762 7828
8116 9211
8784 9201
6593 6639
758 2156
2676 2969
6865 8542
3314 9223
6721 7860
8358 9742
8553 8642
7752 8928
8075 8343
4214 8315
1587 6416
6671 7277
7947 8446
8984 9064
8344 8417
2940 4706
7970 9127
6115 9069
33 8471
247 556
6756 9171
8674 9513
4984 9638
335 6661
1566 3793
9715 9989
2095 7810
7264 8965
6153 8300
5534 5933
1799 8617
890 1437
4358 7847
950 3220
5366 6885
1520 6880
4741 6835
7525 9680
3866 6831
6 8970
506 5439
2238 5272
5117 5604
698 3169
4465 8723
6744 7842
7528 9376
9629 9871
5969 8366
9058 9964
6788 7532
4529 6090
9249 9290
2624 3388
7450 9733
8792 9435
9992 9993
9465 9844
5711 8661
2989 8731
7542 9972
7946 8018
3189 5866
8910 9030
3319 8365
1181 5916
3871 8941
4763 5960
4066 7133
9570 9863
4673 9424
3531 4355
2901 7679
9996 9999
1535 2157
1066 7172
6215 9633
9315 9399
1568 9175
8769 9146
3901 5708
7840 8312
7689 9124
5466 5551
2508 8732
5601 9198
9234 9567
3253 5013
6148 6509
145 1627
2088 5924
2618 7256
3957 9109
1405 4933
5977 6625
7476 9213
445 4095
1765 5444
6516 7359
3170 5279
3286 6496
2497 3021
8585 9508
1643 4026
77 7199
7770 8822
7670 9246
7220 7548
1264 9540
2212 9278
4073 7136
5106 7539
1607 4004
7263 9006
3972 5729
6984 8105
6646 8559
8055 8678
4059 8890
2126 7319
2454 8215
3680 9969
8306 8676
2490 5501
429 4692
9553 9807
5566 8465
3635 5311
3802 7743
571 9530
8014 9738
9 1284
7105 7444
3114 3762
2323 6411
1971 4766
6084 6227
4696 6098
4868 5176
3049 6665
4046 6824
9084 9351
3007 6720
2138 5041
2605 8414
7027 9740
3026 7403
9594 9794
3471 6121
9023 9120
2262 5813
9778 9850
5961 6386
461 7526
5902 7135
8683 9588
4039 6088
7391 8842
1977 7298
1766 7347
1473 8183
6883 7155
3652 9391
6290 9282
7192 9039
4007 8915
9679 9791
2397 8812
491 7414
2214 9681
9975 9985
9295 9976
3749 6467
818 6074
5525 8144
7924 9773
5739 7579
8165 9894
4621 8624
9598 9925
7927 8068
2107 7097
3830 4196
8882 9412
5663 9690
4035 7446
3896 6171
7745 7999
8997 9117
437 7534
9559 9846
2482 2790
4818 5358
649 3012
2414 4162
6182 8046
7501 8404
1208 9861
8313 8440
8943 9486
2004 6545
842 8513
487 4153
879 9324
3457 6582
863 6034
5146 7266
5124 8684
7010 9546
575 4897
3618 5810
700 7572
7759 8891
7453 9233
9335 9702
6063 9492
731 8333
2635 9359
1623 6750
8301 9118
1259 7384
4520 7161
807 9637
9034 9419
688 8293
3512 9852
7886 8665
7551 9360
1488 5345
1230 9797
3230 7666
5485 7638
4752 8351
3651 5871
3800 4603
9178 9317
5369 8646
5640 5760
9013 9238
2823 4402
5361 6936
6028 7376
465 608
5216 5498
6376 7594
7939 9814
4860 9910
5472 7145
22 3663
578 3059
1415 5984
6527 7203
5312 7253
6038 6638
4707 8102
9834 9954
7644 9612
7862 9403
691 1505
8505 8657
3367 4930
2856 8292
6067 7935
8283 8338
7671 9704
5873 7412
3385 3990
3316 4367
5038 7033
9893 9940
962 5156
4786 8854
3285 7165
353 9585
5676 8546
4395 4873
6654 7037
2081 4337
6921 9692
3447 4601
8042 8498
2245 4888
7355 8560
2102 9347
2602 3985
3903 9065
3970 8974
4808 5488
7287 8448
7077 9970
6110 9061
7334 7452
1139 2953
1163 8881
4107 8664
4357 7125
1682 6005
5119 5790
8908 8939
4666 6769
1722 3233
6029 6624
2830 9623
269 563
4266 9892
7578 7587
2651 4203
217 6303
9141 9147
4606 8189
5624 6271
6764 9364
6220 8980
1111 9189
2403 6101
8225 8613
9931 9952
7462 9974
2209 4350
4053 7694
7324 8483
3157 4021
3715 9610
2877 3401
7844 9454
2791 8308
6759 9875
7529 8762
6183 7730
4855 5584
919 6585
6610 7706
4290 8129
5305 9784
4111 8814
5529 8243
9535 9980
2473 4795
3784 9396
8862 9541
3018 9308
7388 8533
8458 8774
5304 8722
442 9906
5259 6653
3259 6130
843 8548
2264 2912
4680 7439
815 8620
1866 6799
3581 9654
2460 5563
2837 4252
85 5169
6617 9032
1396 7756
3582 6463
2982 4679
7281 7704
8403 9842
5953 7963
9080 9644
4776 5998
6583 6948
1911 5896
2221 3416
9727 9907
2041 7602
3275 8081
2006 7489
7655 8221
6715 9003
8776 9584
2239 8445
3397 7564
1010 9930
839 3768
8399 9232
8730 8884
3684 3779
4582 8203
9741 9820
8206 8430
7552 7887
681 9789
4521 6395
2545 6133
4442 5743
243 8828
5367 9373
9248 9905
7364 9804
5612 5778
5644 9951
4650 7327
7397 8429
2348 3331
1543 1950
7731 7973
1762 4142
6739 8735
7254 9932
9226 9685
5046 6707
6492 9955
6902 8557
1870 4810
1938 6776
4882 6804
2916 6333
676 8782
1864 8310
8781 9262
503 3317
4819 8894
8912 9409
1454 6745
3842 5555
1927 7021
4952 7233
8339 9865
660 9165
5687 6660
7407 7955
9991 9995
973 5321
3383 3630
3 3295
110 2683
2091 9709
3005 7385
8531 8848
219 4724
7582 8217
4720 4841
9101 9647
4447 5003
2179 4134
6160 6656
3894 5060
5966 7827
6718 7611
8601 9125
473 5088
7697 9470
6540 7430
8249 9872
2057 8864
3221 6044
4733 5553
6521 8064
2390 4745
8413 9468
3562 6803
1270 8043
5085 8468
6060 9401
2252 7991
7503 9291
5609 8160
1350 9552
1562 7064
4758 6426
1909 6021
7996 8071
1713 8643
7141 7144
1894 7218
6235 8051
8700 9666
7189 8396
9518 9898
3305 8831
3598 7809
68 5567
3246 5147
9477 9953
956 8649
9142 9169
549 3620
9592 9827
8169 8799
2636 6684
4230 9235
7547 8222
6092 7966
991 4896
7018 9829
800 2718
1615 3943
321 679
1969 5040
4235 5303
1926 7231
5909 6970
9260 9537
7399 9765
9950 9963
5851 7138
7875 8128
3787 8545
1224 8187
7960 9488
7242 8053
3904 6384
6525 7167
8566 9355
4669 9840
1639 3360
2843 9204
764 3823
5562 9274
4905 9395
1106 9595
2779 3740
1100 5581
2621 4858
373 3848
7906 8743
2598 8151
4998 5398
3016 3641
9798 9978
1735 3108
8870 9720
9157 9796
657 2097
309 2382
9671 9866
4250 9971
2829 4201
3953 8753
6382 6586
5800 6866
3336 3548
6940 7693
4444 4489
4945 7304
1636 5404
5689 9799
513 6458
7228 9711
6385 6747
9116 9879
9485 9812
3425 5659
1653 8869
3328 3634
2475 7909
4767 7701
6564 9515
2578 9622
4299 5191
6780 8738
1060 1545
1650 2653
4229 7000
7958 8993
7885 8137
7164 8953
4254 9264
7160 9370
8841 9756
634 5052
3974 6128
9448 9614
4256 6250
127 4574
4175 7278
2087 8112
614 7048
970 9179
392 9028
3377 5325
8507 9445
5171 8309
6846 8916
9675 9889
653 2553
2548 3722
9808 9936
5389 8133
8853 9522
5068 9048
3648 6257
9047 9237
9185 9813
6209 8087
6611 7879
3727 5354
9578 9849
7023 7641
7053 9749
8252 8484
9446 9786
3146 4176
8109 8879
9196 9981
5917 8521
5840 9095
3106 3864
3708 8324
222 1626
2512 3761
9252 9417
4392 6623
7938 8089
8818 9669
9732 9843
9046 9604
7631 7798
6591 8207
189 1995
5746 8874
4019 6664
8726 9632
2024 9008
4824 8006
8893 9012
492 789
5467 6884
7422 9911
4944 8623
555 8699
1006 2850
2876 5653
87 3817
9777 9856
6912 8386
518 9573
5872 9017
9678 9854
7257 9413
4989 6434
283 2050
7054 8131
9372 9442
7683 9505
9385 9509
8175 8362
7750 8688
7945 8214
8186 8948
2505 6488
1393 7772
1395 6264
7128 7950
3227 8235
6573 8672
4189 7456
52 4300
5673 6838
9220 9511
8409 8809
204 1190
1876 6826
3358 3700
512 2502
4799 6381
1147 3890
1842 5075
9208 9696
6857 7803
3489 7957
5543 8193
7762 8711
7504 7708
3764 5700
7335 7907
7329 9434
5133 9544
3268 4383
1794 6807
8852 9576
6557 7791
4115 4519
3029 4125
2900 4170
1996 2844
2259 8896
7563 8003
7184 8605
2906 9222
8290 9877
9214 9818
8408 8837
2181 4321
1879 4564
5223 5618
5564 9288
9451 9599
5027 9984
6951 8592
7274 8675
6288 9362
2037 5923
293 9806
438 7485
5715 9072
8173 8849
6861 8328
3951 8019
7712 9830
8509 9011
4233 9184
7668 8259
4539 7843
5815 7344
1633 3486
359 3355
5546 9917
6620 7676
1138 3301
8927 9750
6412 7217
9216 9586
3302 8751
4136 7531
2577 4243
7721 9121
1570 1925
7669 9990
1852 8436
7523 8580
7562 9888
699 4794
2419 5442
5372 9550
1652 3365
4912 8107
4921 9628
6219 8418
3699 7967
4459 9542
211 1161
4304 5531
789
3877 1444
1737 372
3101 295
8673 2726
8271 8162
5741 1445
9523 7130
3899 2931
6753 42
695 616
5483 3344
3025 1447
7894 2120
3550 1039
8708 1742
4538 4518
7953 4743
5084 1472
1280 547
4976 2307
745 329
5599 4259
4255 1804
3583 2309
1204 1126
1851 17
108 12
6291 2219
7345 6297
408 103
7156 2389
3541 3392
8373 2769
7654 2709
7754 1908
4536 3304
9556 687
9471 4074
3619 494
5674 2261
1948 156
3479 2051
2863 558
8616 3712
7031 4816
195 190
5560 3774
7601 4075
9788 4387
8549 8244
5421 2866
3526 2921
5713 58
5249 3589
4415 2314
3501 2021
3014 2269
2888 2562
1463 386
9748 8713
8811 4541
6682 2957
7140 1353
6676 4866
3023 928
2678 1360
9962 7088
3789 112
4898 3884
6012 1430
2922 880
8949 8370
4307 3405
4839 3085
4207 730
7831 4832
6629 2721
374 196
8851 5196
5629 1464
1743 315
1385 466
3123 918
4334 1317
2384 1285
6589 2133
2208 1449
9753 8759
9476 3374
1058 860
1576 100
5478 5448
1407 849
2585 885
6777 5161
3402 1513
8155 877
4640 2941
783 485
1548 1114
9618 6269
9339 6681
435 61
9673 7859
1189 889
1668 732
7965 543
2416 749
122 15
9572 9215
2860 1809
3091 570
9619 3381
1892 1881
3855 3260
7979 5382
1746 1712
8272 4546
8 5
4248 1558
4730 2747
3411 2903
3120 1061
9859 5764
2521 1452
2121 1862
7599 6987
9049 7461
9377 274
3480 2340
7396 6704
5057 2838
7400 6592
3704 3569
2404 1678
6283 2626
601 231
9411 1554
4325 778
612 224
4580 2484
9958 5541
6437 927
5411 2894
4318 2047
1119 581
8464 803
3670 254
2914 1424
3587 1993
3580 2195
6813 4296
2826 2538
6378 3751
4086 997
1847 322
390 344
3283 902
5685 1130
586 536
881 121
3138 2819
1212 960
5375 2770
3882 1755
3451 2732
6494 5766
4305 884
5919 1343
288 157
6693 4446
3791 3412
6486 6251
9968 1012
1549 1191
9138 8439
53 24
2583 2409
7621 6808
1120 303
1295 1045
3163 29
1635 1617
5129 2322
1380 1308
8806 6364
5681 427
5128 140
1182 638
4746 11
611 179
8270 7316
3538 2966
1344 239
3561 2398
6914 354
941 519
9662 6042
1812 488
4155 366
4223 761
7555 1276
2514 720
1077 953
7087 2078
3673 2284
1056 931
9616 3175
5740 2251
6145 5995
2233 1877
8388 6149
4813 915
8500 3640
6908 4683
1905 1194
1770 752
6823 1346
6929 1113
1901 221
3564 2412
9735 829
852 791
1052 757
6051 1686
4351 797
1312 474
5160 4779
6714 64
286 256
4731 3938
8380 3683
363 151
6737 1494
7789 5863
8438 5623
388 325
6498 1800
1959 987
2263 1968
5991 3205
4479 3567
5603 5400
2046 1092
5287 805
639 212
210 176
3022 2094
8341 1140
9802 6942
4454 618
1487 1370
3203 94
4499 1171
9433 6952
2933 1501
9966 4274
3276 2462
5846 5277
162 143
3485 2715
9344 5935
3173 141
3931 3755
1164 621
2458 1486
1132 331
8635 4812
414 31
1412 1333
7362 2424
772 677
2234 1985
2485 287
1880 1515
4522 3398
99 7
2738 1072
2476 2028
7870 4718
3798 1289
5018 893
511 137
3849 762
2599 623
5527 1657
7464 6536
2727 1439
5224 1273
9304 7433
2632 1246
9180 2353
7378 6752
2835 2130
6513 4052
7760 6001
4462 3423
8461 3142
4957 4753
4919 2761
9636 8279
8234 5010
1049 823
2093 460
4647 3262
4313 355
4633 937
5962 4597
4910 4561
8040 703
9725 8534
3645 1754
2455 1262
3666 3371
645 409
2293 587
8258 66
8725 6330
2321 63
8182 2478
5906 5516
1588 1149
5619 768
62 14
3976 3858
1101 198
2029 1131
4437 2516
8537 7724
858 74
7595 5207
6202 1059
8094 118
4827 920
1858 134
9780 5526
8599 27
4740 1604
5828 4450
8123 5015
1461 1228
7646 3396
4500 1767
5678 5417
216 154
6547 2979
8340 7103
7150 2511
3838 1277
6512 6254
627 451
7496 7310
8246 5812
6200 2663
4629 4549
3424 2090
7202 2254
6175 1844
6314 1093
8323 7159
1688 1435
1991 1009
1942 1340
7538 2871
1389 641
5751 5000
6655 6520
3989 1265
8704 417
716 193
685 268
6819 1466
1011 938
3767 2864
2972 2203
4082 3597
1530 710
5452 785
4418 2003
8378 3660
382 220
2617 813
168 126
2597 1373
662 337
415 263
2746 1731
8741 379
6357 3872
7651 3738
3750 1695
2286 640
3255 1025
4071 3327
47 18
8325 3147
8772 4716
644 260
7813 3555
20 10
6441 5777
2302 830
6990 5177
631 501
4381 3409
7067 2180
1201 83
9839 5540
9341 6836
1954 1949
4458 4102
4570 912
3296 1729
5118 3941
2020 1955
2975 2481
8969 5077
5547 846
9202 847
2898 610
6342 3421
5212 5132
5016 2670
1974 102
8737 545
8080 1718
7177 34
8049 3461
8695 7524
5864 820
4206 2615
5190 4460
3924 2488
1961 468
6971 5324
2756 1903
6214 5727
1726 152
2015 1351
1601 109
4848 1053
6255 3726
9650 966
8320 5460
1290 985
944 795
1105 75
1050 670
9031 6281
7964 3156
3736 2976
5691 682
8591 3900
6413 3346
5368 1322
9007 1453
8833 3404
4183 1372
8433 6533
8905 8195
2568 1213
1397 868
6323 6066
9473 2351
8058 5799
4616 1771
9921 9123
2893 1332
4751 2555
4734 1121
7012 5063
7506 2983
8402 292
5955 4131
6203 3161
534 401
5934 1555
4151 3914
9949 9026
4864 2105
8859 4502
302 13
7353 6179
2845 1758
5558 1641
9082 2439
746 504
1341 897
6981 128
2822 1302
5342 5198
7251 4495
6260 3854
5454 3176
1889 809
1314 1118
4988 1593
3529 747
5956 1628
3151 1645
7968 3574
2723 2000
1519 1345
6048 1175
9558 7084
6311 6109
8091 2178
4426 2800
1420 510
6474 5519
4958 1935
3826 1484
2155 1507
4710 3334
4953 2818
2543 2456
8843 6961
2010 1229
2242 1547
1347 1238
2991 2056
3490 1199
1622 1522
4985 4625
7636 5979
2771 906
425 105
120 97
9085 2606
8511 6766
7944 7837
8958 932
8944 5428
1207 1
826 726
7289 2765
9386 6694
2449 1843
5888 933
9086 8277
5341 405
7625 1043
659 56
4579 2997
5814 3850
8957 5655
3054 338
7371 2964
496 352
9074 6741
3602 2256
8686 3111
6052 2824
7046 5482
4294 1216
5879 1482
4636 2306
6343 1404
6403 5476
1585 851
7269 455
7735 6893
1479 1048
9155 3033
648 378
4510 3616
4114 3478
3940 561
5230 4775
7426 3330
7740 1790
411 299
3739 164
6039 2801
4033 3027
371 46
7225 2533
808 163
6988 5338
1217 471
5948 1510
7346 326
2668 1680
8518 1830
7574 4698
7997 5164
9517 9122
8541 4869
7571 914
6163 5300
5675 2535
4269 2161
2875 267
8280 5445
1624 1084
1629 792
2106 1313
3481 2103
8945 6201
3788 1692
533 278
3182 181
6703 1709
8024 2745
9325 6668
2518 1455
1658 1157
6210 2700
4954 40
8867 5818
2406 206
7603 3130
5654 1497
3841 1603
5886 3145
8456 1425
7648 2634
6730 1329
9884 5632
8332 1091
9115 4903
4624 1188
6165 4340
7288 2372
2486 1477
3611 708
6435 2879
6922 413
5434 4452
5515 1063
4587 766
4725 4517
3579 1359
6918 6195
4854 3897
9536 2776
2725 954
7568 1871
236 113
992 502
1311 82
1481 669
69 41
2713 574
2720 892
5848 3177
5414 4148
3744 2880
424 312
5575 525
6696 146
8233 3754
3015 2299
6618 1115
5183 701
6233 2077
3118 1875
717 304
6784 4872
5894 4457
4591 3636
1625 349
9730 668
4947 3832
4324 1354
1732 940
8626 5809
9224 5702
1715 476
1964 718
3766 2999
7630 5152
5704 1003
307 250
2949 607
3117 755
8294 6339
2461 1696
3256 1914
6456 6317
9752 4188
8486 5850
4482 1873
4449 1703
8171 251
1591 266
2572 1531
7566 3455
7893 441
4370 2708
8239 6432
3241 1095
223 49
4373 385
7663 5502
1763 131
600 319
4329 2447
9212 2288
4382 2609
1846 642
3586 3448
8612 1079
7309 2296
2149 1133
4870 1357
942 440
6188 1041
5635 1769
6872 2185
4769 2391
5586 2394
8795 2123
6280 2795
8190 2503
7210 5221
9499 2127
3588 2204
3487 242
2645 965
548 277
4637 2491
8668 7660
9947 2479
5005 252
9247 2499
9358 6252
7431 1438
2408 376
7940 3441
21 16
7536 2758
8392 6569
9284 7114
2033 60
5056 3112
3329 1156
8360 2895
864 30
3058 1698
1153 834
9170 5051
9891 5645
5755 3678
184 173
6373 5199
7079 2007
5585 840
9255 3509
2146 1266
8899 7425
5296 4772
7792 1406
4122 3020
6796 1730
6347 5200
3584 740
2934 2236
7091 1496
8964 4965
4050 2184
7824 169
2788 1249
7725 6299
5044 622
3983 2574
7069 5903
1198 482
887 550
5972 1200
1869 984
831 65
7998 3613
5022 4265
4467 2762
582 238
2702 1399
6129 3313
2434 1155
4485 3874
7629 7591
5031 4627
6544 4436
7318 6911
7328 4344
6103 2690
4880 4773
444 343
5572 869
