195
330 5491
6667 7697
8969 9533
6307 8631
6003 9132
2675 6036
5823 7791
2398 9996
867 4889
2128 8749
6812 8927
4840 8664
1132 9024
1904 3700
9872 9997
6740 7648
8816 9861
8837 9781
1097 6370
6952 9594
3368 5023
3658 5210
3522 4388
9328 9868
9213 9894
9442 9700
8404 9782
3247 4425
3487 9063
1050 9742
6994 7523
5947 7908
9786 9849
9311 9927
4393 4495
4323 9713
1149 4242
4919 8981
9091 9232
382 4765
1209 4563
2172 8901
8041 9938
1853 5454
9994 9995
5044 7734
9946 9954
9965 9992
4110 6204
58 2290
8284 8764
1213 5707
2200 4650
6425 7794
1406 8356
809 5065
7696 8978
2070 7073
1875 9716
10 2161
7564 7939
8934 9953
9539 9999
9880 9892
3109 8802
921 1129
4619 9298
8962 9489
3924 7816
7958 8136
1819 2245
603 4429
7762 8508
9920 9985
1099 6246
8565 9454
5703 5745
1387 3532
9907 9921
6844 7779
2005 7056
4115 8875
5429 8645
9957 9958
6531 7764
8709 9787
4836 9271
6037 9919
487 9955
9163 9730
6913 7984
5421 6513
7094 8451
3644 4351
8635 9068
7853 9185
1860 7247
9777 9816
7747 7942
7162 9581
2358 8243
8688 9908
1027 6826
8992 9896
8796 9798
6641 9209
7708 7928
5549 6807
6973 9703
759 6353
9765 9932
8301 9841
2872 5227
4878 5561
3160 8895
3784 5679
7825 9984
6340 9873
1268 5700
9692 9850
6643 8378
8051 8674
5356 5900
1599 6724
255 7105
5067 8455
5054 9165
9863 9959
7339 8191
5997 6087
2563 5952
8504 9871
5598 8596
5126 9449
6808 7555
3942 8737
209 4010
9333 9394
4775 5208
961 1610
3383 7322
246 823
5334 5534
5822 8860
5872 6319
7054 7515
1383 7364
5843 6791
4031 7484
4257 8057
6468 7275
1824 6435
751 1603
2454 7722
550 6190
7892 9747
6209 6919
3124 6660
5331 9406
4861 8430
1415 6606
7207 8548
357 1023
3926 7266
6926 9532
2129 6770
1047 1762
1622 3079
2729 7424
5419 6702
2919 4814
6033 9351
7208 8911
5480 7710
8523 9482
1495 6072
3761 7215
5506 7566
4896 7961
4037 6327
5983 7558
4518 8501
8423 8655
8545 8653
4441 9056
500 6526
4798 7304
420 8491
6722 8517
3827 5386
260 614
4806 8537
3997 7792
9642 9803
1614 7900
232
8972 4470
3567 1990
522 287
8643 6615
1257 533
5213 4942
7185 3057
7286 1978
5447 4166
9195 7202
4146 3268
6232 1874
5803 3218
6106 4597
7922 4767
6833 838
7067 1967
4920 1198
38 36
3779 1046
4783 2521
9510 2588
4938 3405
272 108
9234 1136
2253 77
7715 4378
1117 640
7345 4507
9625 1435
3151 206
2891 459
3955 2498
5097 4024
2109 601
9990 1377
8853 4520
8237 1491
1476 922
263 49
6115 3751
1546 87
9437 6017
1737 1706
1699 984
643 555
8295 7835
5815 3937
715 429
7811 7491
4515 4482
2054 385
8685 3083
779 61
5877 1320
5956 3587
29 1
5399 1516
5586 5554
7190 2182
6769 31
8851 2431
563 386
8246 2486
12 6
6855 3352
352 74
7001 261
8436 7940
9455 8554
8023 1010
5325 2589
5832 3436
1107 189
4188 2136
7836 65
1718 1345
4453 2082
4779 2566
2996 1745
9403 9366
3220 2625
8426 1716
551 406
3872 2209
4171 3093
3017 1539
7145 3726
4961 3028
6404 4575
7262 4268
8994 2770
4100 2860
470 88
8417 5235
5678 2410
7 2
3983 2020
301 115
5378 2262
9974 55
8598 1280
3426 924
6595 6128
2053 737
7817 434
339 165
4263 2710
3565 158
8828 237
3246 1822
9652 5934
5050 4799
1322 953
5468 1259
6015 4818
726 284
6653 844
5890 1577
4390 4
232 168
6416 2031
5417 2934
9244 2778
7422 6111
7357 5284
2881 113
8245 514
4732 3156
3620 2908
3475 1147
6639 5527
3003 967
2457 1791
9519 2650
3090 1813
9324 9139
2074 471
4624 1606
2760 2610
8077 798
9126 4478
4068 1310
2942 2207
7741 3505
1583 1460
1173 228
6938 4992
4771 4305
1127 781
4423 1254
4050 3520
8781 1114
7641 3495
3635 454
706 475
215 37
6689 5874
975 875
1781 1110
2789 2348
1125 291
2505 1547
8111 6888
2676 829
3260 1585
8379 4591
3131 251
6847 4098
7442 5006
4675 3952
4034 2138
6591 3862
942 73
1578 1504
3064 806
7819 6975
6366 2309
5211 467
2630 16
4909 4056
1632 516
8979 7129
1617 1306
5270 5145
4458 3929
6125 5119
2155 983
1796 789
8489 3663
4477 3254
8236 7400
2474 1927
9717 8498
7903 7313
360 129
2817 388
2144 1193
7774 1323
9616 1314
6742 3724
1736 266
1183 348
8720 1098
6117 5905
1373 1009
7372 4076
2862 1903
6218 3471
530 425
5365 1570
4529 1608
5445 4621
6590 5621
7179 5449
9287 3675
6805 6308
9548 948
63 40
874 754
7723 4325
4178 3633
8457 1897
8690 1463
5614 883
4644 2013
4654 2889
2154 1161
7327 5135
371 41
3870 3380
9433 124
