559
3727 5604
8630 9153
8436 9600
4429 7231
5989 9170
8785 8889
6298 7259
1493 8890
1266 9030
2080 3209
9372 9591
4618 4870
2896 5316
4478 9143
1277 4336
3538 5267
9696 9976
4042 6411
5881 8096
2530 3844
6506 9890
5318 9945
4511 8469
9776 9902
127 6345
1892 2745
2735 9245
7230 8204
3595 6971
7888 9671
7976 9541
5317 7474
3176 7227
6066 8866
2716 6419
9857 9968
193 466
2464 9028
8388 9429
5139 5331
8886 9988
7074 7940
6756 9832
2504 6967
4735 9551
1249 3731
7878 9923
2619 8948
6287 6414
3411 5844
4929 7865
6770 7582
2225 8078
3374 6159
3623 7882
8014 8310
3137 5946
199 5668
224 5144
6813 9963
8369 9131
3552 8475
8049 8485
475 3020
9485 9792
342 1756
8047 9549
8987 9896
8712 9893
1395 6162
8719 8793
148 3419
6075 9944
9094 9758
5921 8364
6305 7449
7571 8954
9307 9415
6518 8581
7127 8456
5612 5878
887 3865
2230 7574
3601 4518
1072 1111
1801 2186
146 3313
5358 6597
7394 8327
2365 7068
8690 9587
3435 3832
9205 9661
202 5320
5265 8722
9308 9924
4334 7702
7021 9820
8174 9731
2073 2640
4904 9571
8438 9598
8905 9659
761 5924
6012 8381
9706 9873
9532 9637
7503 7539
5064 6854
2109 6812
6796 9710
2100 9163
7943 8884
8834 9020
9778 9982
3023 6999
9018 9380
8507 9562
218 1075
4627 9469
7567 9912
8652 9071
3355 9479
9668 9767
3796 7628
1735 3312
3936 5784
1952 7655
3168 9370
8814 9402
7983 8881
3999 6201
8093 8590
2544 4565
4727 9858
3354 4812
1486 8965
480 4517
4796 4994
3353 8063
8005 8021
2045 5403
7500 9246
2234 4679
7034 7818
4561 9833
6686 8869
3094 3629
6344 6442
3653 9764
4335 4351
1238 5862
746 5592
2709 7187
7153 8563
6710 7304
2864 4401
5730 8383
8309 9805
9483 9646
9266 9802
9340 9703
6630 9423
17 6466
6042 6678
6430 8750
3886 6942
5031 8689
7553 8981
4939 7995
5452 5644
5507 6108
9617 9871
9539 9851
867 8332
3050 5354
1301 6920
6737 9333
5772 7768
1581 6180
4651 9070
2973 3571
1510 1800
1939 5816
6428 8226
5504 8654
2923 5706
6096 7357
3076 4878
5147 9759
2781 6435
5998 8092
6574 8627
7537 8088
5122 5672
9315 9326
7117 8768
9208 9300
3259 6726
763 8371
2291 9900
6911 9436
9603 9925
5713 9881
1681 3037
8351 8585
989 4894
7364 8778
9751 9782
2428 5576
4162 7592
8902 9979
8515 9740
9927 9959
4398 4625
1444 4901
5154 6095
6887 9180
8784 9118
4664 6181
6308 8478
1451 4123
8797 8824
1954 3124
6873 7619
8600 8745
942 2974
1480 9717
8260 9524
2546 6030
1207 6950
8873 9151
9158 9743
8428 8762
340 8666
7296 7760
5259 7265
223 3080
4780 7829
7514 7899
6733 7229
6537 9948
4037 7622
6828 8509
3888 7473
9382 9904
7330 7342
4249 8123
9058 9194
7596 9697
6566 7376
7935 9106
7792 8603
6716 8588
2193 2772
6088 6289
7204 7362
2229 3412
3384 6884
5852 6643
8578 9218
1403 3341
5894 6154
8420 9193
1143 1639
5045 7008
5520 5817
8412 8586
497 1669
1515 9354
7504 9314
3118 4770
9978 9981
7180 8876
8176 9049
6227 9645
5063 6161
3165 6086
9540 9561
2224 5625
3866 8449
251 5581
2720 5516
5021 6133
7430 9399
38 4556
6963 7787
8672 8823
6699 8562
4386 5294
4356 6582
1229 4590
9095 9664
6392 7665
4470 9242
5846 8941
3282 4030
5821 8489
2718 4533
6015 7640
4460 5046
3154 9946
5938 8001
5366 8566
5297 5656
8342 8554
2300 2487
4256 9808
4196 7002
5058 6800
1331 4676
2907 4094
7932 8411
8178 9795
4310 8572
1310 9614
2093 3053
6332 6830
4602 6237
2312 9840
2512 4180
4761 7572
1976 8513
7371 9849
2099 3314
7776 8623
3189 7502
4235 5494
4322 4498
7042 7771
6277 9198
6795 7806
975 8190
6538 9169
8856 9554
4514 7165
9150 9341
3626 9977
2019 2384
7650 9001
1593 6208
8495 9503
2432 7788
8691 9933
2967 6013
9363 9424
5222 8305
7498 9105
5158 7699
2037 6809
9852 9914
9901 9993
4950 6247
7673 9063
7626 8935
3409 7271
1666 3175
8519 9042
8729 8855
8743 9407
2916 7789
5220 9489
5111 6299
434 3077
487 2244
1203 4970
9427 9799
5272 5599
4689 9217
552 1016
1566 7879
9486 9920
4379 7524
5766 9047
5286 6399
9636 9652
9606 9685
7361 8763
4047 4801
7603 7906
4520 6810
9447 9619
2359 6991
187 2454
1014 4474
248 6745
9570 9620
9590 9922
7470 9219
7131 7721
8223 8367
4775 5869
6337 7680
5842 6039
4694 7136
6150 6640
2033 7720
8551 9061
3755 6943
6371 9109
4897 9442
4942 8326
2565 8158
9669 9742
4910 5256
4219 6720
8497 9732
1385 3692
3375 5509
9641 9785
2895 9683
8629 9224
4161 9522
4080 4125
2717 8871
8878 9564
66 4842
3056 4912
99 7130
6104 7637
9157 9998
9553 9791
6026 7972
9519 9775
5346 9459
1213 2081
9079 9121
5985 8943
3689 8825
2029 4523
7252 8950
4028 6429
1020 2123
5617 8426
5396 7861
8138 8703
4404 9327
7156 8186
4191 6744
1212 1313
4589 9017
7112 8976
7452 9505
8783 9107
1305 8118
4493 6932
8382 9144
5859 9688
5276 8638
4486 4584
7311 8294
9681 9734
1962 7179
8741 9421
6397 6424
3806 5915
2571 4674
561 1036
3476 8273
6512 8446
7933 8266
9148 9812
5857 8752
4370 5864
2553 3160
5009 8651
9531 9919
8775 9039
2357 9770
6195 7396
9705 9850
1624 6591
1154 5148
6534 8782
7139 9836
9526 9839
8328 9072
8015 8707
9728 9848
635 3335
9864 9903
3506 7606
3964 9557
533 915
4706 7100
6459 8973
3515 9533
9305 9504
7612 7686
1599 3273
6054 7809
8577 8685
4937 9032
3328 4911
6955 8441
1364 4149
3813 6916
1023 9754
7587 8185
1690 6226
7424 8442
1273 9234
8279 8483
7006 7695
1045 2554
6107 8906
5051 9596
1775 2890
6519 8643
955 8953
6172 8348
4432 7446
1758 2178
1102 7228
8809 9882
2706 6439
9247 9448
4298 6093
1928 8776
5971 9204
9781 9990
4628 5708
1292 9985
1965 5036
6568 7467
7407 8679
4951 7802
2262 4708
2261 2564
6505 6672
6784 9069
8767 9773
1673 2831
8358 8715
944 8818
2226 2702
9378 9934
3564 3790
2505 9188
4743 4925
1078 2067
7732 9156
8819 9935
6989 8312
3753 6652
407 1978
8196 9273
9803 9855
6793 9004
616 4321
3242 8968
7559 9279
8280 9013
9441 9660
6087 7384
4564 5038
8609 9338
3890 8626
7588 9593
917
4747 357
9624 856
5890 1927
3099 1724
7454 3946
9085 3264
8212 8061
1972 970
4089 3528
1819 767
1986 663
6667 1054
4409 1737
1833 953
1530 1526
6376 4673
532 46
3576 672
8891 3800
5266 2052
2024 650
4815 2375
831 794
4134 1056
879 115
587 57
4277 1058
5417 2372
1084 706
5896 5460
5164 3833
2792 2025
7605 4124
5812 3005
765 225
3296 1366
8100 238
6868 3437
1387 1243
1151 309
9452 8445
4960 903
2786 2480
2281 21
7902 5686
6785 2804
1751 494
3266 1854
2537 1160
9825 1672
6046 4327
7958 1768
7332 3934
9091 2042
474 87
1647 351
2944 1940
2842 2314
569 339
3838 1044
5153 2859
9445 4715
2361 962
9647 791
5563 3311
2774 2089
1197 411
9680 4252
6182 4381
3631 266
6340 2988
6661 3975
8930 7004
2446 1192
4112 1367
3633 2581
1060 756
7169 5619
98 4
2570 1640
922 226
4069 380
2902 1222
7381 4270
963 512
2593 2367
3520 873
8471 2127
2027 1865
254 214
4583 528
1240 117
9801 3797
8156 7924
6186 1752
6559 4344
2946 518
5296 2584
4237 3182
5173 410
2386 614
1099 850
4371 3604
6715 832
8740 2531
3167 1692
8296 2474
2313 322
5238 4603
2391 1560
699 318
6902 6529
2163 358
7690 176
2996 1215
3608 724
6049 3405
6948 2134
8616 4178
3752 1538
5302 834
7952 3041
8599 6423
7148 4888
5919 265
9223 5540
1711 1481
9015 470
2197 1849
3723 639
1694 1065
1546 1280
615 609
2653 29
7491 1144
4940 2238
9123 1506
6853 442
2819 2348
8781 6318
1665 257
2356 2246
8565 1174
4653 4059
9373 7283
4288 80
3232 2830
9682 8614
3305 2523
1008 84
9418 1069
1469 413
9835 557
9231 3828
7570 118
1748 310
1438 885
6455 4194
6324 1578
7521 4209
4655 1462
5310 1645
8125 4593
3451 1545
4965 4528
7617 6138
8895 6452
3318 2427
8792 3905
7499 2703
7051 4184
3941 2759
7391 4480
3469 2506
5976 1140
1106 1018
3362 2250
4961 1935
7083 2590
5069 288
3381 3177
8903 618
3102 2323
6729 123
5861 2899
6838 5087
6197 292
3529 2070
8290 6017
6271 5636
5271 2844
2162 1470
7224 599
7881 6527
3199 93
5202 191
8219 7556
1845 1652
4670 4552
7631 1659
2750 1982
8292 7211
5907 1969
5361 2276
1857 806
9252 4892
1253 685
1595 1370
2919 501
6267 1813
1523 1453
4866 4295
2672 24
7416 3440
4871 2349
2167 969
8311 4101
2492 2307
1319 463
5748 1161
2976 1873
8276 6618
5664 688
4193 3821
7822 2379
1888 565
1956 1608
5926 3968
6336 1760
2596 748
4283 1115
2752 396
2255 537
8477 1057
7248 3307
9894 4070
122 63
2968 184
1026 578
4247 499
9269 9200
5365 4318
6500 5886
43 20
4657 3970
4006 1382
8245 7786
6583 6390
8736 7250
4173 839
7060 5566
6748 1248
3144 2005
16 13
2801 1050
3105 1296
5313 5034
9584 5923
3503 1401
5849 2920
7052 5458
5879 1582
5298 3422
5130 200
4142 175
2869 1260
3597 1507
1226 1035
2806 596
8575 4515
5908 4637
751 81
2256 2149
5670 5053
2700 2393
9698 2355
4441 4218
5067 4808
9211 3713
7478 1776
2676 1071
7168 1774
8198 3725
1623 143
7243 7101
3641 3156
3373 3268
488 361
2113 676
1219 296
4704 3544
1464 1255
4290 7
2461 825
4179 1302
18 6
3868 2342
9262 7544
3984 405
5632 1793
2599 2143
658 79
1267 858
6542 1877
2586 1734
1457 241
4342 344
8316 3677
2913 114
958 436
8922 7098
1070 692
5275 2299
6671 3203
3026 1683
3540 83
4211 2317
8224 1257
927 383
9558 5076
3527 206
3862 2084
3937 3718
9738 9618
3013 926
9056 7437
7749 4348
2723 1378
1938 1281
1162 152
4995 4742
5837 2444
8915 4719
1043 591
1341 909
1637 1139
7268 2646
8025 5157
2056 1241
671 290
5555 5145
3922 3115
2688 1778
8744 8171
5525 2634
6668 2192
2429 169
6369 1671
1555 1407
35 34
8728 327
378 377
236 107
5831 1092
8631 5137
9523 7594
2557 306
6272 6064
8870 2532
5112 1876
3639 2510
5697 1828
843 435
9955 6389
8570 7696
2352 280
8079 5018
3308 2547
5963 3021
3474 1700
7632 777
3586 1433
3655 3579
8910 8150
5442 3484
7745 2732
8314 5877
7411 5171
2282 449
7526 2344
3426 1089
8425 2406
1586 100
2598 701
1926 433
1705 1116
4984 486
1863 423
4616 3207
9559 7927
7711 522
7536 3376
2853 244
2602 1527
7307 1890
934 683
9181 1993
382 56
5757 4949
3494 1303
3539 3148
7895 4831
465 75
6680 3791
526 162
2490 1732
2616 109
709 543
329 139
2917 1358
5141 4103
9320 7565
9016 5395
5314 3793
5678 471
768 37
651 195
5836 1456
7080 2808
54 8
7223 2641
6011 5312
3030 2500
4419 3930
85 50
4155 784
7522 2001
1587 874
6713 356
3776 1696
7929 7506
2440 930
7705 2115
6516 5056
6285 1580
3062 1970
2405 2007
1430 453
2425 1017
7086 6511
4308 72
4017 2196
4824 2664
1371 877
5413 5349
1436 529
3743 2927
2499 2152
3256 684
5577 4718
5850 307
6166 1853
8800 3336
9736 4365
6165 3577
5490 120
3119 641
2994 243
3236 2618
4641 3823
8557 232
9905 366
3969 2484
6261 2562
9635 369
5026 4163
1344 472
7022 6801
6334 3025
1860 600
6965 3952
8291 3458
3129 404
9875 4705
8391 4836
4713 2380
9555 5484
4568 4251
5531 1519
7893 4875
5710 1270
9325 5402
6997 6293
26 14
2587 1180
5979 2868
8476 1181
2098 1745
1420 424
4473 1553
1384 611
9243 2841
3287 2705
1268 430
2274 1042
4807 2362
7660 7323
4717 4484
7428 2669
5244 2038
3654 1742
993 961
178 53
4199 1204
7210 6377
6596 5910
4091 2173
8937 8486
8053 3982
6608 4580
7141 553
5118 4177
7625 4766
9097 3228
9838 7890
1032 948
9221 7658
5223 3526
4442 3508
3464 441
6123 1723
5061 4510
3357 1410
8546 1529
6658 4745
5197 4491
3338 1615
6102 713
3732 1704
1129 771
9059 7919
2465 1850
5769 5060
259 242
1662 401
7682 2548
8717 5453
4246 1067
4285 2604
1765 1383
8730 4333
7239 5491
6589 6412
9384 6427
8843 3681
6183 2402
1809 1620
9312 3738
2526 1562
1718 1153
7782 3722
7710 2166
3656 1508
788 711
8169 2497
1478 905
370 250
2838 1591
4741 399
3885 2836
5239 5169
3990 3960
6508 2079
3977 1033
8547 605
6556 4537
862 689
7560 721
547 89
3617 681
3583 2885
4611 3058
1675 542
6823 221
240 91
6749 6504
5237 875
4241 2034
5000 3978
3452 2004
4846 1609
1805 1492
6440 1536
8916 4865
2891 801
8019 2455
9788 6204
4560 268
8148 6470
1351 300
2662 1437
5068 702
8307 1821
8179 7601
8682 2403
1094 222
9829 230
3054 154
4210 2840
736 696
4905 2390
5207 2251
3371 1225
7569 1633
9206 1983
6579 4096
8490 829
4383 3400
7071 3218
5597 5012
1423 551
2106 1571
9766 5434
4169 595
1568 28
8377 314
6750 2108
5933 4716
1484 302
5392 4146
5637 113
6606 1159
2157 769
7073 2573
5554 4425
8992 2925
69 64
5299 4420
8189 8154
437 367
1121 821
7858 4300
9804 1973
1815 544
6923 2887
1311 950
2124 1985
2411 326
151 145
9666 6184
2624 678
9293 3634
7208 3334
1727 884
9343 6426
4114 2592
575 231
3329 489
2408 796
9818 8214
4206 2333
6061 5930
4087 1134
1916 1771
5920 3237
1917 935
7219 5833
7620 4212
5240 2953
7158 4853
3910 1091
2392 1006
999 941
9787 7326
3785 416
1627 588
2117 398
7725 2156
7945 4732
8164 2319
1963 311
6231 3585
7192 1052
5615 1682
6602 4551
1467 1217
7220 3108
5121 2329
6352 6169
4296 3081
5408 1977
9748 1224
2833 581
2168 870
7425 2118
8208 1258
4497 263
2727 1285
5478 4943
6651 847
3733 1797
2556 335
1722 90
4614 828
2164 444
8084 4907
1105 878
7353 2047
8353 3573
3170 2122
132 55
7573 1271
5799 4825
9907 6692
4597 3925
1394 5
9146 6956
6635 3126
8362 5522
6730 6360
164 12
6863 2090
8372 6703
7903 7463
4739 2733
9185 827
3429 1169
2860 1900
373 303
6328 3453
8234 5035
5089 2286
1788 144
598 134
1600 558
384 192
2221 531
5912 5764
9259 4799
5387 808
3321 2318
2737 787
1626 112
7590 1843
165 42
3734 2142
6560 6276
7343 7294
1434 907
4437 3272
9167 5108
5546 4048
917 657
1697 1693
4633 4506
2832 2148
2498 1009
6129 665
9822 5397
7718 1485
7928 7691
8538 939
8459 6600
6474 3720
634 386
8335 2023
2643 1098
8532 6368
3074 947
9880 3316
629 58
293 181
5622 4756
285 246
6225 5738
1998 1738
1909 1663
8235 1548
3046 2852
7134 1614
6945 2657
4075 2516
4928 3369
1119 937
3822 1654
8496 4693
7609 1076
6191 3155
8780 1999
5477 3363
7312 3954
3867 1874
4222 3191
9690 1513
3500 694
2171 555
3947 2399
8831 4032
5741 5178
9196 530
8468 7367
1491 388
6772 4968
4166 2995
6023 4033
3372 137
4105 2811
9132 9127
4571 4309
4675 393
9335 2486
8267 2263
7877 170
971 536
5371 3721
743 304
3344 2133
960 872
5187 4165
6865 2216
6872 4821
7174 4862
7931 2284
8880 2419
9458 5791
9798 3153
1373 1323
8688 3109
1055 180
9739 8181
4777 2447
217 177
6386 3716
7563 774
2611 571
7091 5687
447 252
65 33
6631 4027
8521 5818
6650 4707
5166 4297
3992 2583
2835 2757
5819 4979
7803 1576
9361 1458
9529 6711
1923 654
5794 2936
3918 799
2430 245
7816 1832
5289 3726
9057 6248
9588 6082
3029 2190
8094 3686
8387 5399
7292 6728
5227 4543
7847 986
3989 2191
4446 1147
4703 1784
3599 2606
3367 2462
5737 2970
6886 2172
233 23
426 108
9002 8598
7939 3684
6974 3924
6619 2132
1603 189
7868 7277
5955 2188
4223 932
2104 484
4626 2016
4002 3537
7408 1252
1446 976
4991 3744
6351 5621
8650 3546
2422 622
6210 3425
1362 94
9171 6571
3240 3112
6764 6396
8359 2628
4606 925
892 764
900 538
4045 3701
8376 6467
4931 4100
9298 4156
9725 785
3432 2096
3635 840
6246 5591
3198 3130
3997 576
1791 126
7842 7815
4122 842
7129 5720
9929 5191
3093 2420
2211 656
8664 6370
3096 2009
3695 3227
6653 5726
4387 4278
8187 4524
1074 101
1093 851
1132 911
6156 2755
2814 2214
7317 6188
1005 272
