512
4191 4513
7354 8085
6224 9061
6692 8713
7375 8559
886 6706
7350 7842
3979 9665
3280 4658
5960 9670
7261 8310
9696 9717
7127 9012
4850 7950
5948 8441
3546 9491
4951 5700
3685 5421
9291 9442
4119 9630
9636 9753
7050 8019
1868 5890
7337 8929
85 5122
6900 7455
4326 5229
1718 7155
3352 6614
8919 9974
3784 3875
6890 9560
7383 8475
4221 6485
4197 7571
3296 4018
3687 4819
5294 8436
6555 8368
4714 5904
3569 4448
4228 8508
280 2730
2864 4060
6163 7356
8113 9360
8861 9764
8854 9812
3836 6934
9517 9563
7886 9831
256 1670
1290 3884
6874 7010
8473 9857
1847 5290
1578 7421
458 2840
298 9141
646 1711
4833 8297
867 9034
8037 9225
8860 9655
2574 4404
6270 6811
7537 8162
2616 6563
3886 6187
740 2985
4012 5552
1784 2252
5861 9164
5730 6188
660 2059
2330 9843
3995 9233
1178 5314
5769 8917
1885 4324
825 5138
6763 7242
6637 8700
9447 9711
2390 6096
7423 8317
3744 9545
3735 6615
1546 7735
2700 6501
1440 8842
5471 6836
7999 8915
1799 4283
6492 9340
8891 9444
4061 6787
3240 4695
5431 8809
1325 9457
6541 7065
1022 9632
5438 6932
8069 9173
8501 9275
2608 7834
6474 8890
9268 9493
4357 8043
4649 9385
2077 3678
5748 6008
5671 9498
7607 9746
9915 9939
9495 9835
7425 9856
2033 5325
4143 5078
2180 7738
3442 5009
8358 8933
4195 5886
313 6960
633 1559
1910 6605
6486 8987
6835 7522
5284 7249
1154 7935
8023 8263
4543 8240
273 6897
1100 4071
2631 4275
8662 9801
2601 3649
6239 7712
5303 6202
2513 8926
1703 7724
7581 8666
8604 8916
7469 8623
3916 4921
3654 7825
4024 6300
6942 7498
2016 6100
4497 8637
4901 9234
6257 7630
5086 6210
8523 8563
926 5739
160 6165
8274 8632
4895 5315
7927 8747
7815 8731
5603 7294
9474 9845
3815 7697
6475 9283
5476 6371
9302 9920
1202 5908
5332 8606
2037 5063
1343 2623
8652 9962
142 4824
7073 8782
9611 9909
5181 9348
9420 9504
4425 9861
6746 8256
2291 6237
3967 9043
5742 8288
685 6869
9001 9608
8533 9041
3019 5911
8107 9418
7377 8907
4675 5478
8126 8217
6178 7612
5052 6876
4654 5732
1582 2856
649 3406
7442 8787
1061 2001
7330 7523
8970 9115
7492 8655
7733 9966
8615 9752
2712 7303
7975 8332
7765 9686
849 1791
2397 6341
8350 9422
5994 8760
1877 7070
8802 9057
9525 9657
2158 3343
6602 6632
1390 1518
1445 2633
3472 5559
463 9243
7752 8564
6412 8566
7824 9864
8146 8230
1125 8052
9935 9944
2533 5608
436 2115
7461 9126
6892 9942
709 1468
818 998
5456 5521
1515 6728
5271 9073
6645 8524
4391 4913
634 5344
759 8048
41 2458
445 3720
1971 6142
7096 8079
2282 3847
3619 8953
3394 9794
1841 8252
7530 9957
6586 8104
3143 3859
5885 7972
1747 9337
8487 9489
873 6432
5042 6005
9084 9497
2750 8683
3450 6649
3629 8972
1961 4353
9881 9906
9005 9349
6009 9513
2997 3199
4205 8835
2884 5450
7591 9174
2424 7594
8704 8820
8311 8675
8427 9295
1613 2783
5822 9679
6071 6621
682 3869
2360 7274
588 7812
8282 9091
1595 6206
3249 7462
1297 7542
9948 9996
3925 7513
1646 9128
1554 3553
1449 6939
548 1501
6273 7470
5779 7895
1060 6776
9252 9553
5497 7112
1029 1408
9435 9536
6809 8084
5242 7997
4264 7101
126 3385
7700 7877
6864 9169
4588 6250
5395 5883
3321 5651
1111 3827
4747 6665
7345 9487
4436 5705
9131 9796
805 4304
7777 8829
6901 8214
8063 8688
6579 8031
5208 5864
1346 4348
8096 9526
5493 7736
8486 9607
9368 9662
514 2688
9722 9728
9897 9981
9384 9941
9533 9937
3196 8336
9184 9198
5244 7105
495 5543
755 2140
155 4251
1655 6799
3610 9989
8496 9467
74 6537
7823 9766
2525 5108
3195 6400
7201 7464
3148 8471
1081 2431
3958 8633
1375 7751
2819 9650
5964 9511
6077 8988
117 3301
5952 6924
7156 9610
5793 6988
6249 7157
6793 8026
1627 2809
9189 9547
5591 7993
2622 7267
3998 4217
1175 2041
1309 8789
4454 5148
4682 8039
8314 9205
8088 8834
5221 7524
1818 5293
6018 8077
1004 1269
7429 8481
2785 8739
2106 3921
580 7402
6230 8171
839 850
6888 7583
4784 7727
7034 7083
683 2428
1381 5406
2790 4620
7316 8231
2333 9206
1782 3476
5979 6598
3736 9676
2517 6464
2518 8903
1121 3914
7650 7689
7827 8477
1908 8756
2324 2365
5445 7794
8939 9287
7721 8467
890 2482
9893 9907
7369 7959
7880 8764
5297 5550
2092 4329
8117 8572
8243 9747
5487 8007
8980 9850
6302 8513
1731 9017
6689 9779
7062 7806
7431 8773
6792 7090
1843 5121
7117 8040
2409 3695
1433 4224
2486 5411
2697 4105
2849 3663
5744 7173
2713 8220
7116 8691
8799 9423
6166 9635
2063 3557
2800 6279
6222 9562
2286 2846
6618 6877
3325 4849
3941 5957
7232 7564
7214 9382
46 3833
9401 9886
3714 6332
1950 7380
7951 8567
1027 9146
9080 9389
4306 7541
7437 9214
8196 9712
7816 9154
1783 8641
4934 8561
1635 2241
6091 6651
7761 8218
328 1122
1403 2973
894 6109
9619 9724
3306 9590
5901 7406
6724 7233
8948 9265
9450 9820
5329 6033
6572 9027
938 969
696 4412
7227 9865
9528 9733
4361 7921
9500 9726
3623 4395
302 8642
6520 8443
8582 9652
494 5301
34 1912
6535 6976
1867 8071
5255 5617
9664 9674
2912 5323
3931 7289
1210 1336
3389 4131
8981 9182
6607 7309
3251 4345
3299 5684
8183 9971
9613 9762
8109 9602
2995 6870
3819 8185
5152 6144
5546 7686
163 5538
3223 9013
3122 8995
9609 9618
5955 8857
2444 9521
5615 7314
9727 9810
6673 9983
9606 9836
6468 8304
8786 9049
798 2638
5393 7031
3421 6494
8530 8613
5358 8022
9550 9871
2810 9699
7115 7691
6986 8983
8882 9732
2681 5110
1059 4241
7515 8392
1137 2890
3710 4455
49
7963 4510
2194 663
8156 3889
8543 4972
9261 7228
9888 1752
3236 865
5774 2962
4034 870
1553 1328
5534 5322
6592 2470
738 63
756 202
9459 3640
397 180
2145 747
4799 35
9369 1557
1508 1331
8581 829
629 497
3407 468
9930 1112
7748 2797
7956 3780
6873 644
7744 5547
4419 2435
1302 394
2387 916
7800 4611
7533 1665
452 27
3135 2223
1999 425
6220 616
6739 5364
7718 7568
7600 6145
6232 3954
3149 2419
1810 966
5586 4068
2157 1970
7270 2421
9896 6987
8385 4188
3099 2811
