503
6403 8890
3280 8766
7842 8472
6288 9475
8667 9420
882 2330
4396 8218
9456 9503
1852 3464
3219 6463
5651 6161
6559 8651
696 3226
9470 9969
2233 7966
1931 7940
5781 9822
3535 6329
7937 8790
6043 9700
2557 8082
1887 4740
2416 5086
3620 7126
6613 6911
1031 4368
2058 8071
2713 5886
3072 5731
8053 9314
2610 9284
6576 9185
5511 8273
6817 8386
5294 8862
1763 8800
8778 9784
4393 8182
5915 7759
7981 8302
6218 9615
2426 4891
9649 9854
428 8913
4997 9040
4759 9422
6897 7644
1111 1937
198 6697
9630 9775
1053 2116
222 8768
172 5327
2391 2719
8450 9105
5246 6701
1497 8495
2602 8045
1971 9098
5774 9325
7862 8805
965 8984
663 3849
8135 9160
6141 9979
7561 8656
4508 6776
9374 9409
4138 8571
9220 9235
2495 7271
5602 9791
4260 7260
2268 3932
4910 6310
6511 8442
401 4405
7756 9795
3390 8462
3311 3767
9113 9894
8312 8915
7939 9067
4016 7883
9136 9981
6270 9754
9471 9792
9034 9820
3995 6928
634 5876
3082 9934
1804 8622
7541 9704
1122 1982
2217 6186
3025 7999
4427 7045
3621 4217
2420 4698
4248 7369
1534 4666
6967 9891
6506 7925
7665 7998
7096 9885
4786 9365
7958 9759
11 1883
3215 4379
2235 2243
2637 6427
886 8403
9329 9867
8966 9918
7996 8389
6285 8199
869 1827
1894 5565
8572 9716
1633 1838
3713 6365
1784 4325
400 1806
560 1471
4247 4313
7417 9840
2913 4479
1652 5061
259 5342
5048 8062
2674 3860
7184 8388
8550 9682
6674 9947
840 5097
7472 8197
4727 7929
5680 5765
3320 6683
7916 8982
7799 9897
7180 7553
4920 5209
4067 4861
6883 9397
6438 7552
6215 7414
1279 4071
1006 9635
2773 5090
1877 4595
8512 8891
7231 9179
9099 9444
9903 9975
3409 9703
7615 9913
6641 9650
5410 6870
808 3903
3984 9055
456 7233
8385 9412
2615 6425
6592 8855
3681 6412
453 9893
8432 8998
9364 9533
1731 1755
1866 4085
7443 9495
9019 9231
3527 7228
8771 9352
7920 7956
7804 9932
359 3954
3588 7744
8467 9585
3774 8280
5998 6583
8359 8926
3697 5277
3571 7613
6085 9363
2777 9143
7236 8202
1446 6571
2482 4511
8103 8551
9347 9535
6767 9911
5610 5735
1899 7875
7283 9799
4274 6801
6187 7366
3796 7436
7678 9402
2159 7071
9024 9304
3170 3212
6370 7585
6769 8726
2822 6243
8764 9783
2042 2232
2595 4788
9242 9777
2529 8213
5136 5307
2436 2845
4150 9721
5179 7321
8858 8979
556 9640
8192 9271
966 1055
2340 7090
7110 7699
6912 8109
1688 7876
836 4967
6577 9717
8711 9676
9048 9196
296 5768
3871 4305
4936 8412
1994 3003
631 8225
4291 9121
9677 9882
8127 9354
4930 9052
9812 9821
372 6752
4284 9715
8332 9062
5874 6737
5449 8012
9367 9394
8840 9281
7174 7208
602 6150
8326 9551
9071 9275
6790 6931
439 1677
1557 7043
3688 4173
5888 9805
588 2070
7048 9508
5898 8113
1327 8233
7013 8758
9557 9684
8120 8672
3644 5947
3450 8626
1291 2872
1725 6725
5192 9003
791 2139
2286 8992
8799 9080
5234 5312
9379 9978
247 4547
9264 9699
3566 5361
8228 8407
8511 8828
3068 8967
9102 9627
635 2514
8868 9861
5712 8037
7296 7647
4240 6219
6999 7285
1715 9823
4744 7183
9960 9971
3907 7821
5990 8994
5662 5752
8493 8676
7173 7816
9134 9474
1400 6843
2304 7064
6547 8806
1825 5326
2 604
5689 7293
4957 9123
8943 9590
9166 9238
849 964
5401 8575
9647 9667
8404 9556
3615 6871
3771 7079
2021 5455
5340 8948
3251 6771
4564 6617
3989 4687
4895 6465
7315 8821
8044 9794
2349 5284
7077 7137
7515 8785
6560 7977
748 2580
7766 9239
7300 9956
1637 2015
3167 8215
2705 4679
3060 4190
3794 6482
8322 8919
5730 9921
6160 6687
1923 5367
8504 9555
6851 8130
5395 6330
1836 9992
1956 5400
5237 5544
4985 6855
889 7222
3374 8194
8022 8178
152 9401
2182 4230
7596 7751
3089 5860
2165 6505
2400 5282
345 3346
1074 5855
790 6616
4948 9813
8258 9192
7503 8634
2739 5769
5523 8565
6636 9140
4450 5128
170 2671
7913 8934
449 579
2351 6593
6719 9574
9267 9797
1832 9127
3952 7131
3625 7251
1978 9182
6256 9637
2626 4821
1809 5345
9693 9912
2769 7997
4754 5724
636 5948
3602 7550
2569 6753
328 5751
6042 7573
3147 7383
6132 7950
1223 3293
2213 5158
6975 9209
3380 5053
3080 4457
2258 2365
7700 8158
3354 9946
3069 3811
3549 6337
8837 9373
6213 9626
7164 7934
1477 3124
1029 4374
3326 5217
1873 8743
8717 8897
6385 6747
2935 3262
9577 9925
3525 5531
7444 7917
9531 9758
6973 7072
389 1192
3975 5815
7433 8435
2483 3232
1045 9718
1900 4012
764 4454
149 7195
7718 9319
7922 8871
4371 7907
266 2798
7706 8231
828 4776
1951 1963
8436 8883
7403 7632
5573 8423
5159 8754
8191 8473
1945 9782
4089 6240
4404 8780
5777 6509
2218 6599
3466 6154
80 4545
9639 9936
75 1232
5675 9859
4065 7362
1770 6630
4596 5130
225 649
1208 4969
4816 6460
2133 9194
8632 9985
3270 8888
4585 7329
6741 7949
2620 2940
8851 9078
4664 7895
3737 9636
9399 9756
6657 8337
2487 7790
5558 6556
6705 7441
4332 8644
9842 9908
2684 2708
8341 9686
1280 9725
9439 9707
4644 7891
7382 9027
4222 6972
2808 5555
8076 8316
481 5506
4419 9968
9144 9297
658 1222
1603 7659
9656 9857
4655 4706
4035 6998
1588 5739
4901 6963
1326 6997
8880 9787
7479 9668
3726 5443
2094 3533
875 7209
7607 9709
7892 9177
6338 7050
1563 9734
5592 7249
3111 4161
4458 8983
9155 9323
9270 9324
1010 3609
8542 9578
7190 9232
1654 3173
4703 4742
316 7764
6604 8443
1194 6860
5830 7757
6302 6946
9152 9814
12 7410
343
1912 529
6846 944
2161 1272
4797 2733
8143 879
7649 4620
7062 4001
6707 6667
8237 3128
2853 2476
2162 265
1597 68
5529 2183
9247 5028
4117 2493
6462 1352
1596 892
7942 2786
9584 7396
4270 3258
6925 270
2278 327
55 36
3145 371
5678 4832
7282 5225
1660 583
2824 1856
5078 4010
986 507
5155 190
7448 2852
549 343
2801 499
9739 3750
8972 6869
2096 1985
3414 3196
1694 839
5026 101
533 514
4990 1659
2002 1797
7218 4551
6580 407
2738 1082
6996 6586
5941 4863
1819 576
7266 4612
1984 1911
3353 742
3268 2210
5374 739
5828 4747
3578 3178
6308 4196
4003 3557
1853 1054
4755 2498
7485 1088
4038 996
824 561
2440 281
4537 2141
1695 1143
3186 1918
1377 1219
8338 8317
5 4
9357 1217
3790 461
5939 1409
6981 5007
855 406
4563 3843
3340 793
8047 1037
2448 1039
3461 2115
6404 2627
591 45
1138 448
6710 3543
6292 2011
9318 3723
4784 2024
1057 224
1200 581
8040 2280
3001 1191
8336 123
2216 1523
7931 6970
6470 1286
3388 2366
7380 4817
2413 565
1047 434
9178 7250
1395 838
9606 4802
4195 1708
6210 1412
8198 6477
8950 7733
70 38
5183 1453
2980 376
4099 3583
3159 2318
4337 1363
2289 599
2536 1868
3506 1270
8604 7772
3394 1345
2589 1902
7081 1439
3754 3120
7762 1722
7520 3234
5953 3781
9769 3306
664 202
7734 6378
6221 4290
7628 95
8964 5817
9846 6159
9748 1792
5756 3201
8535 5304
1114 700
7381 4178
7608 956
2622 1850
6474 2877
4515 2607
5492 1702
6405 5813
3462 2499
8531 1742
2012 1079
4410 3510
4785 2155
4075 902
2028 1917
6959 2718
8497 7743
3906 1665
3032 2150
6352 4020
6206 1716
2190 1526
7906 680
5648 1030
4725 86
3265 2507
731 405
5089 1981
553 79
252 144
9507 3815
4581 566
1110 273
8349 4461
9355 360
6344 623
8395 4388
3228 288
9302 4650
6170 1050
6122 1698
5416 3366
2815 1705
5807 3056
1077 286
2417 656
9549 3765
6368 3564
6038 5257
646 275
5019 4966
1375 1182
6546 5870
2659 2122
1378 1277
856 356
5291 2092
5146 2871
3544 1141
5024 1662
7880 7112
5764 3241
7223 512
2197 1242
2307 1739
5715 5457
5601 5479
8463 3436
7982 203
2999 1413
5138 4544
3237 2838
3982 3017
9525 135
4330 2057
9589 4045
2191 924
2842 1458
1162 867
9513 398
8727 3157
1237 166
4881 2355
1762 564
7128 6957
2977 2047
7141 4132
1942 143
4306 682
8433 1958
3817 3589
5450 3005
9553 8696
3092 2761
3416 2045
5656 2991
1893 91
4051 348
2820 1646
7732 5980
7948 416
5105 4025
8291 6439
4714 4276
1331 262
3224 2964
6686 2736
1315 28
8933 8904
6532 3694
8748 3487
9012 2780
3102 2848
8092 6242
3736 2311
980 779
8056 495
2053 437
6693 1095
6535 1135
9548 6739
9547 5995
8125 1977
2361 516
2175 1992
6402 2504
1155 629
2837 959
4095 1794
1382 153
9050 6481
2184 827
2634 1479
4845 2458
2025 1668
4492 3612
4673 146
9847 7273
5925 3908
877 475
5911 4796
8478 5414
9591 1611
3489 408
6233 4680
2990 485
4746 2050
6167 1193
5861 640
5603 3596
4418 1879
4638 1845
7189 6036
5431 4286
3877 2543
928 694
9133 1508
1904 182
6668 2469
8350 5373
4119 679
2138 1199
9685 2151
6549 4046
8297 482
8204 6622
8752 4827
7604 243
9506 6223
7837 1643
7187 6857
2843 1626
7643 7496
3980 3307
9679 8826
7145 4134
9131 3389
24 15
7140 4701
3741 1661
5914 2463
6585 3008
5094 1121
350 83
7150 2063
8759 6914
5862 2564
7351 3960
4500 2677
1062 18
606 308
2958 1347
8358 4452
5598 1308
5109 3913
1793 554
9999 3052
8437 313
5494 1303
3605 2373
6006 3845
3138 2352
1481 931
2013 1373
8839 3751
5923 4587
1556 932
2350 2016
1506 1418
9273 5436
