188
1742 5314
1842 2014
1849 2946
1513 9011
3087 5359
1816 3828
650 2243
2908 5715
762 8311
1763 6143
1174 1333
1436 5765
4730 9070
5007 6259
3559 7044
3690 9358
3140 4810
618 3859
1740 7182
4522 8063
5825 8793
1752 8020
2822 9683
7153 9048
9264 9832
2461 7613
249 3056
1442 8046
2868 7007
9920 9921
9178 9665
342 897
8268 9228
3675 4686
3840 8085
5167 5667
306 5121
7700 8050
4592 8007
130 1013
7868 7914
831 3948
1270 2410
6475 6582
1524 4550
5370 9573
6753 8510
1292 4954
8151 9422
9848 9932
9068 9310
3902 9636
3194 9032
6521 7114
1082 4931
868 4537
4728 6084
2391 7032
7876 8507
5464 9775
2785 8000
5654 9528
3737 4688
7334 8525
3783 5355
8705 8811
4814 9871
1426 8809
2986 6399
1187 8246
9954 9995
6950 8724
7108 8009
6054 9781
9745 9748
9632 9816
3544 4498
6956 7796
7371 7791
8967 9647
8405 9114
6152 6802
7830 9531
7601 8458
3620 4165
1949 8438
3959 4153
3758 3768
4720 7667
5200 7460
1905 4293
4084 7559
3111 9700
8813 9918
888 7862
2390 8845
6085 9198
9713 9987
1690 9800
1809 9428
6012 8912
1159 3122
9530 9586
5265 5771
1023 5774
4212 6774
8761 9598
235 5875
8662 9226
9431 9943
1985 2874
4098 5670
1957 4773
556 9419
380 5141
2923 5809
5125 9468
8841 8867
74 5896
9490 9678
4296 9203
5753 8980
5620 6217
5522 7643
9121 9779
7079 8216
5373 6701
4809 6533
5248 5743
9313 9780
7585 9388
8832 9975
795 4068
4576 5783
39 7479
9217 9814
8274 8759
4288 5959
6256 8628
7688 9253
4079 5247
2264 4317
3229 8988
112 9653
7070 7346
7046 7076
1634 4898
5687 6180
1866 3116
8549 9821
3386 4107
3221 3941
4973 5867
2926 7724
7187 8149
4722 7733
6683 8078
9281 9371
9424 9527
4597 7472
7572 9881
8410 9183
8341 8422
6356 7665
659 4470
61 8773
7390 9314
5115 8138
6466 8677
7999 8661
3535 3607
7421 9620
9405 9411
7066 9603
4995 6473
3135 7307
5251 6135
3318 8543
7387 7758
4770 5969
9408 9608
2 4515
4223 8363
958 9661
4138 7993
4912 5599
6972 8462
8825 9075
983
5602 2053
5216 11
5138 1861
9370 3176
598 519
8349 1026
661 93
7532 1402
507 196
7986 1017
8481 2000
7754 1173
2487 1999
5140 2829
7958 6946
6194 4131
7050 640
9182 1378
6551 5449
983 567
5350 3095
4238 785
2269 2088
1829 1037
9356 2890
3031 1706
1520 60
842 369
5144 2153
1035 973
2636 2005
8114 3268
7145 3137
8816 1294
6241 434
7105 3285
9872 148
6269 4650
4646 4044
3969 783
7124 5253
8524 1362
4963 3490
8784 1462
8911 2130
9333 2968
6133 1557
5309 1770
149 95
441 105
4453 3527
7012 6284
8466 2171
2842 1628
1340 1056
6959 2030
7001 5452
5631 906
4528 4169
2046 1229
1277 33
9658 8147
4257 1335
4455 2512
7640 1692
188 97
8672 1420
4149 279
3942 2200
4295 905
4727 4381
9232 3001
8366 2021
300 212
7139 652
9509 4071
7953 1399
9833 225
1683 1656
7031 4645
8024 62
9377 6921
4167 2148
1825 1028
1934 1301
8997 6155
3677 2821
174 71
7206 2640
7005 4089
143 137
6623 6309
506 346
5206 3838
4607 1313
4439 4144
2697 2169
237 66
8692 226
7538 6140
2885 1383
3845 1836
9045 231
4279 1139
4307 1260
670 37
3520 2416
8373 4353
2380 1845
7199 4032
2507 1810
6806 5019
6675 4343
9425 7233
1938 500
2304 739
1554 1177
9227 5936
1397 1284
1461 169
825 204
9279 3489
1127 493
9572 6536
6625 6239
2447 1317
3418 1571
9938 1469
5805 5421
5124 3655
8533 3635
8171 3588
448 437
8132 3033
8849 4249
6515 3973
8174 4788
3119 3068
6967 6048
5399 4351
7246 3800
7037 3134
3547 376
5863 1479
7626 945
2051 191
6900 3485
9418 4989
849 198
7920 3523
5870 2825
1384 1272
5559 948
6877 5451
5447 1669
6603 2179
7431 5312
5547 705
3706 2733
2275 657
4039 1711
9808 3962
9218 1450
9346 8477
9804 6224
5328 991
3011 505
6196 6066
7228 3913
2659 1540
2765 1567
2569 1639
5660 5067
1609 555
5573 2483
4244 696
8859 8548
2566 724
3866 1219
2098 1116
3904 527
1235 163
7617 3079
7463 6989
4389 923
4476 4069
1376 1102
4178 1955
1937 1923
4589 2835
4050 2215
9515 7073
9354 4928
8201 7908
9301 5045
4291 4118
680 354
1715 490
5946 4843
5300 3278
8453 5952
6660 4826
2431 1824
1948 838
1659 1095
3604 731
2949 901
2001 1040
5582 3756
8079 3269
2348 1555
9689 324
6857 5406
1512 954
3055 1382
3919 1470
6893 4412
3376 377
578 523
5404 4634
7867 5854
6914 73
3166 1354
7300 2931
9311 4560
5655 4329
3082 2937
1043 590
9267 5501
8018 5363
5812 5103
6507 3045
9588 1601
3022 2834
7832 7213
695 326
853 742
713 18
3744 2151
6581 4723
4502 1828
5766 547
753 285
9623 5388
8610 3291
8955 608
1010 451
3306 1640
5528 2043
6860 886
1867 416
6220 452
6975 1750
1108 439
8783 7317
4519 709
1295 65
8854 110
5988 2682
2226 1452
4383 3361
2905 121
1171 896
6707 6386
9159 4070
9970 5958
4309 3597
3470 2141
8675 6985
7899 6748
5541 3554
6177 4553
7520 4870
3609 2336
2989 2086
6671 3250
6080 1621
9732 7917
9891 4845
8863 7201
3848 2631
7188 5127
1053 887
7736 3057
4803 2387
5927 492
4171 679
420 400
9818 1675
3719 221
8565 4335
1240 75
2384 356
3297 2961
9554 1517
1918 1459
1233 1002
9309 6498
7344 1458
6320 1761
1676 852
3207 2009
4936 1276
7592 6720
1929 596
5410 4316
1561 1193
3631 2355
6157 4877
1406 1323
8772 3307
9252 6571
5873 4377
2011 247
4885 3977
1466 36
6367 5412
8226 3827
2424 44
5288 2044
3513 1883
76 70
2188 2161
5492 3389
528 472
8690 6866
1924 100
1996 133
4447 1325
2036 283
4962 4454
899 351
4400 2054
2963 2589
8343 236
2936 1681
9501 1700
4756 2458
4764 759
8273 5257
5634 1839
3798 1977
5827 2976
8457 7436
4977 586
8097 1200
533 339
1307 622
893 251
1208 322
2724 59
8709 4210
9155 2092
2292 1648
4891 932
3822 1207
5089 3935
4222 2805
5074 1874
417 275
4242 390
2978 765
5184 2216
485 64
704 646
2851 1585
6599 5720
5318 552
7949 4567
207 89
9026 4480
7894 7704
6619 1070
7855 325
4299 1913
3958 2975
4141 2482
5738 2750
924 463
2377 1751
7393 252
1892 1500
4844 3179
4696 3344
6531 3634
381 192
778 414
1596 447
5008 398
9199 3487
1503 864
1908 1236
7533 883
4363 4185
8117 6447
2531 113
335 243
4628 3014
4512 3164
6216 6016
4815 1440
5810 5258
9124 4713
3619 3354
5021 3907
3672 929
8318 1227
5592 5036
8830 2481
3175 2645
5344 3926
8260 4994
9012 3574
1015 976
3141 844
3126 1423
9897 3931
6791 3563
909 624
5313 4157
2527 1286
5785 1627
7728 4768
5154 1806
8244 5117
2539 2409
382 255
8613 6923
7948 1568
2219 1170
7142 5712
1394 218
1274 229
6405 4724
1612 1092
1932 150
5970 4254
2064 1575
8598 4021
7237 6929
8091 2828
3781 2618
8995 1655
4691 3117
9254 7132
1081 823
5697 2061
8998 8618
6661 4451
3018 981
3105 103
6549 3006
4856 1380
5101 4102
9456 5706
4137 2515
9329 3698
5591 2833
7508 4251
2861 177
5020 494
155 30
1819 311
6744 2184
2442 2364
5880 3670
3007 521
2934 164
4048 1044
6618 1004
2578 1707
1974 260
3779 1527
4726 3374
8322 6193
1803 1581
3806 1860
5579 5075
549 217
6477 963
9838 1732
9542 3451
6796 517
4893 4262
5401 1672
8908 7596
3453 254
798 210
83 26
1827 1747
4260 1289
2089 102
1409 1381
2540 1694
2393 881
1668 637
4591 841
5677 986
2133 1840
3413 122
3660 1881
222 21
3265 1246
8019 4642
9707 2820
9507 7444
6609 2260
6994 917
3683 1266
815 402
7683 2775
7497 7403
7477 3075
1341 384
4969 4235
1893 515
7175 571
3807 2780
1869 1049
8589 6314
5166 1813
9359 426
6592 3189
53 22
1003 476
7535 7195
8041 6321
3849 425
7583 1212
8296 5188
4581 2072
4045 1429
165 35
9005 7080
2273 931
2366 2330
4204 473
3681 856
9106 3663
2782 1293
9941 3046
9181 4999
1098 821
2717 2025
8681 468
5984 2221
4064 2265
9082 4510
6712 4010
553 289
8512 6119
3812 3445
8737 465
860 563
6835 4875
421 99
6105 2322
4074 1891
7673 2736
6818 3312
6980 3979
1551 557
4687 3471
6182 5564
7514 5012
1196 708
4237 138
5407 4517
9857 5028
2315 580
5535 2149
5641 227
1430 358
6576 3680
6272 877
8620 6230
4606 4283
9291 8927
5778 3892
2587 159
1743 1539
6060 1674
7956 3996
3261 3195
5801 3757
3727 3519
848 579
5052 4948
6752 5638
2516 1352
729 536
573 435
5636 5428
9277 4918
9436 3211
3157 1146
8110 7159
9720 5659
7614 610
3234 395
4000 116
7290 353
8279 6211
3771 2187
764 419
6996 6839
8280 7179
2456 1935
4880 3701
9676 8872
3610 2683
8047 4862
7152 3861
68 46
1899 240
4706 2889
9386 6144
6852 5789
2278 582
8605 6056
5511 767
239 228
9744 2771
1255 665
5153 1729
940 387
2099 1126
6312 176
5538 360
656 383
7929 4501
3898 1769
81 9
1586 1220
7068 1030
1709 1370
8228 2857
4616 4162
2224 1702
9644 6235
9893 388
1258 206
8182 2159
6104 943
4219 2074
6759 512
7639 6648
1647 1545
581 1
1902 293
8894 1906
4993 2583
7008 4937
4378 3308
8685 1965
3394 1319
9352 5493
8889 6687
5182 1447
632 409
5042 1624
4022 3909
7051 1984
7644 752
2770 1036
2166 2003
7483 902
6632 1264
5387 4391
4506 3443
3274 2672
4526 2677
8237 4828
2600 2261
1218 1184
1197 1085
6666 126
2302 1089
1300 107
5877 3118
4428 1392
7322 6547
8706 3870
875 677
7040 4747
541 19
2872 72
8640 8557
3198 1473
1253 824
8305 1859
6261 2124
4275 3041
7134 6098
9015 3187
8559 8231
258 175
812 57
9190 2473
2368 50
6735 5864
2916 1499
1366 718
9402 8513
4388 3329
6387 3952
9339 5689
4609 371
4535 1940
2102 1837
4303 3275
747 142
9825 3036
1780 654
6227 2526
916 69
3423 3239
3817 158
6053 4143
516 453
2337 265
6122 5016
6249 5078
2395 2127
5803 4574
2347 1389
1038 566
7753 7043
5231 685
4333 3694
2812 1841
8624 6529
5302 4278
8626 7427
4448 3040
8530 6501
7608 5473
9767 4678
318 314
3934 1351
9828 1005
9693 2761
1358 985
1422 675
5041 3614
5491 17
1781 871
6965 5029
6342 245
7086 2838
385 193
5173 2955
6570 3900
8578 3961
2119 550
585 80
6002 627
6290 4749
2710 1176
6725 5563
2667 1927
8933 471
847 628
6585 131
2676 2075
8043 5920
5707 2194
4949 1684
6595 6038
9673 9576
2727 700
5845 3743
2464 109
4364 1878
6637 5217
5439 3846
160 127
1387 104
8575 3808
3153 1000
6237 5986
1067 623
4332 3013
9148 4012
3480 88
8033 460
7921 6538
4725 1217
3030 2343
3730 3152
8824 1329
6997 5792
5904 5236
7723 6843
4654 1701
6919 4846
9245 3568
2899 1728
2546 1261
5087 3814
2558 1214
8163 2910
2882 2212
4264 2674
6617 4923
8069 723
978 600
2314 341
4493 2485
9137 7273
6828 5060
6875 5829
8202 7380
7518 3804
9782 1145
9667 4806
1451 1349
1533 1094
8944 2751
4049 748
5123 1946
3236 988
7642 2477
7507 925
6041 2614
4855 498
1051 432
9331 5201
2413 733
5047 2692
548 179
7411 4794
8544 756
8011 259
6520 2289
309 248
6957 3645
1486 1239
8799 7800
1069 832
7727 1123
4959 366
662 13
5061 1564
791 597
9385 9284
7203 4176
5730 5111
3242 1795
3062 2255
9206 1666
3598 2930
2924 1875
4043 2996
6653 5494
6709 2845
6600 2067
2896 1034
1463 55
7569 2560
5566 4287
7487 2066
5434 716
6008 1610
8663 8499
8591 6087
9275 6553
7945 6166
2186 337
7666 577
276 273
9551 1411
8815 7607
3052 2252
9038 4346
1667 1367
4491 2644
6490 4621
45 4
530 85
8470 1157
2599 1880
9003 2286
9443 8449
1793 903
6332 2808
8562 2478
1097 189
6777 4802
7284 4825
2649 611
438 180
4853 2403
5308 2340
7296 4416
3263 626
4715 1532
3104 232
2382 862
8899 8396
6371 4769
3483 2521
7473 2318
9645 8371
1764 1346
2249 1653
4399 2747
8764 156
912 38
7191 6462
4100 2807
5610 5561
7167 4930
9154 6001
4579 1565
3501 1125
3321 3284
8193 2551
6285 2927
3735 1760
6051 4253
3492 3281
8427 1942
9880 9337
3945 534
6541 5414
1114 861
6587 3517
3415 2208
6649 6373
9458 4216
5975 930
7703 374
7775 6691
2128 992
9343 2585
5886 4669
5673 612
7493 4419
7467 4034
6969 3627
6458 4460
4940 989
5532 2766
3917 203
676 631
8819 3560
7821 7808
607 418
5409 281
9913 114
2584 1607
5454 4194
3646 2925
2624 1590
9440 4438
3457 913
3472 120
7294 3305
5686 5109
8534 7833
6484 6335
6629 4482
9991 9556
2256 1074
6868 6526
5035 3752
4051 3146
5273 67
7063 6991
2386 1637
6698 2799
3482 1496
3580 2195
5169 1834
186 15
3576 3541
7811 1686
9478 8517
3561 938
3777 2690
3782 3385
2048 804
