27
1728 3573
3304 9040
8297 9916
3155 7765
4651 9405
307 8031
80 9587
6519 9993
8745 9933
7859 9540
686 1677
5041 9755
8012 9326
1073 2987
7504 8796
9264 9892
2237 4916
7844 8202
9678 9889
5580 9324
7093 7712
7520 9906
2206 2562
6993 8746
4937 5488
1878 6525
1048 2453
914
4663 779
9081 2517
6317 3676
9432 1519
4372 2774
8268 286
3592 2356
4458 1637
3322 3239
9003 796
3575 972
9972 6376
961 496
7891 1229
3755 1611
7444 3396
4623 2931
3480 2163
1251 240
6315 4132
5680 1364
4890 3065
7965 7964
6530 98
2432 1844
4692 327
2756 2285
4925 3979
3260 1887
2385 214
4804 1603
4586 1584
9372 6027
9361 138
2828 123
2428 1119
785 728
6554 2769
9413 876
5923 2167
4971 1865
2696 179
5410 1613
710 301
6567 1489
2159 1668
4358 940
6891 1083
2102 263
8398 3721
1391 741
4893 2704
9366 8959
2080 1996
2037 140
6612 2526
3688 978
5696 5061
2133 200
9818 7684
8937 5681
3953 106
9561 6156
1564 787
8069 7154
7963 6678
7609 6392
828 14
2728 335
6576 196
7098 3208
6811 3141
7710 5704
5324 2591
6991 3680
7936 4991
5161 923
448 380
9690 9679
9727 3962
5347 5194
5285 4249
7395 7045
680 520
426 360
4578 506
1435 1258
2317 1683
9154 6171
6170 2834
9581 6719
1196 1037
6801 6095
6551 4981
3871 3248
7288 1341
3740 94
5698 2737
7795 5592
4289 2112
5926 4726
1226 990
789 103
8019 436
4801 769
3470 1626
7761 6745
3693 3483
674 552
1558 1160
7196 6544
3921 2257
6248 2393
8392 4253
4948 4314
8330 7718
8303 6205
5042 4078
3340 1615
4851 3808
7407 4787
8076 3986
2344 1556
2470 1549
8853 2533
4528 3588
1346 273
7576 4504
2509 1777
6843 3434
557 290
1217 386
2700 105
9662 2298
2911 1292
1795 707
6387 4145
3636 1522
1150 777
7061 1568
5127 851
8866 4087
6042 2977
9082 1723
4476 2982
6690 847
4175 3638
316 87
5074 3632
9570 2826
8224 4993
8593 4413
8353 5424
5791 1455
7577 2835
9406 3335
5864 4656
6598 6056
5431 5244
3419 329
8831 7368
4252 451
2755 1595
3242 2894
7135 3625
468 24
9844 9383
2189 1869
9173 2364
5079 2147
5980 654
4717 3728
9061 4273
6121 35
4219 1143
3591 2114
7637 6057
8858 6481
1004 381
197 21
3752 2719
7714 2475
9920 8061
3710 2654
1030 169
4116 2280
9475 6798
5180 2307
8206 5268
134 28
8800 4466
7274 6371
3117 2426
1371 666
7007 6464
5713 5560
5768 698
3998 3057
7420 6224
593 509
9646 7006
7636 5800
1547 1430
2044 615
461 400
3826 619
7346 3564
3081 77
3821 3405
1524 288
3870 1417
7783 5033
2789 688
4773 770
9290 4154
5535 2582
8349 4560
5707 4141
6731 629
3637 1254
7119 6365
4320 914
952 158
2512 266
1687 594
9491 2045
573 124
9071 1497
833 270
3593 1321
9323 3518
1911 1369
8893 7015
1984 1099
7937 6260
1846 1416
1778 193
896 425
4301 868
7971 7606
7867 6791
7772 5562
9345 1938
715 201
7034 5230
6539 5571
2420 1414
3452 3035
3578 610
1389 371
7272 641
9485 5762
2436 2009
8215 6214
7069 3315
1636 317
5749 2026
7262 2710
1851 1554
4357 2906
5651 1966
8845 5129
6585 3429
7967 3020
2557 2051
8838 6674
211 199
3145 3041
5409 2578
3205 306
1758 1681
5071 4776
8380 2160
1111 609
6862 2574
5188 3761
894 478
1038 683
908 243
3349 1525
3902 994
85 64
9759 9499
8154 7047
1825 1404
9893 9745
6256 2775
2308 25
9036 8382
9513 9368
2905 1200
888 102
8842 2139
1729 1348
5404 2370
1545 864
1578 298
3619 1174
8990 700
4394 2674
8524 5377
4819 2750
9789 9598
6055 5782
5221 2221
5767 3678
6858 6742
5819 3116
7942 5689
6902 4592
7673 5639
870 421
7470 3377
7388 1900
8428 8399
7938 6129
8285 5026
1757 1338
7912 752
5999 5502
5531 5520
8920 7362
2083 410
7808 3911
5794 1501
9588 1402
1669 915
4919 2579
9934 3607
5392 260
4495 2255
7882 4303
7858 167
1394 395
4009 522
5838 5799
1767 538
7149 6437
7371 2381
1066 906
419 383
8865 767
5489 4499
3741 2867
20 9
8603 3300
5277 3574
1300 621
4220 3389
8092 7195
8885 7030
9997 4605
4617 355
5423 5051
215 47
8402 8257
3209 3085
1751 989
1509 508
1388 640
7814 5391
4882 3066
6225 2777
3547 1517
1494 956
8256 2205
268 148
4371 2460
6240 5430
7163 7138
362 186
523 291
5913 2708
4716 882
4155 2299
3970 1101
4070 553
2335 2012
7213 159
3019 2671
2980 2276
9897 1632
2646 384
4343 1146
3941 612
5186 3643
413 84
7950 3589
6163 1412
9337 6873
1627 118
6936 863
7194 2738
903 405
5435 687
7825 4872
7063 2805
735 636
9137 4263
3343 3308
3746 1045
7128 4781
1961 1192
3368 346
2054 1421
8931 6865
9072 8335
7295 3094
8059 4194
9380 7593
5360 3759
9746 2297
808 567
4934 112
4455 4417
2897 2741
866 66
8607 5809
9787 5467
3951 3760
5553 411
6946 6864
7571 2711
3563 1502
2188 692
795 334
6564 1737
9919 6635
2558 1581
1046 1021
9566 8860
881 30
7350 5711
7544 6713
4272 1754
4904 704
7072 6660
4537 3102
6966 5104
877 702
8634 4734
1138 166
2536 1349
7053 1239
3520 771
4533 1201
6200 375
4192 12
8302 407
150 63
8738 5563
2537 1919
5874 525
8547 3189
9873 854
3767 1516
5695 1724
3265 2409
3567 1891
3231 1403
1098 1042
5383 727
4831 2847
1299 42
453 127
7223 4380
6925 1504
1423 503
543 44
9498 3180
5572 1303
613 535
8818 1035
4098 1057
6249 2450
6274 2302
4816 1360
3016 1897
1782 185
3909 1621
1760 1197
6394 5543
1775 1506
170 2
1716 1235
296 256
2331 649
7378 4449
4762 311
4636 4
119 16
6390 2647
5251 5083
9055 8948
7960 7507
4237 3773
7883 1157
56 18
922 566
3706 1067
4053 2798
8194 5223
5196 2603
623 486
3133 89
4057 3425
6406 45
9317 9305
3983 2766
5367 3086
3379 2465
239 121
6084 3435
3994 3679
9187 2017
9435 7451
3395 1745
9628 8161
1319 305
4927 3033
9425 2061
6505 4857
1392 931
8747 1186
1641 620
1703 1304
1355 835
3158 143
3099 235
9505 9327
3712 677
3735 489
8385 4018
4238 652
4110 1791
9136 8100
730 135
4318 2002
3616 1596
7471 5600
7672 7343
8134 7041
655 19
5797 867
9506 6239
6157 6105
9813 2694
5481 3361
6037 5150
7239 3904
6496 6382
773 237
8884 5623
4752 1895
7827 2744
2930 1152
3329 2782
2553 1382
3203 2820
5160 3414
682 408
9279 6053
1328 109
7703 4180
5364 4097
4079 3369
9705 2503
4754 2069
5947 1794
7617 4490
5091 3046
3690 942
8659 3214
4483 467
1058 1016
1401 434
3503 2830
9864 359
7997 1055
1819 1518
5359 3566
5185 2032
3874 3364
1170 262
2896 363
8554 6928
1689 1586
3756 729
9320 4939
5262 673
9573 1205
782 331
7646 233
5743 830
6589 6451
9155 4669
4943 996
7670 4088
4555 4014
5717 3577
3336 2860
2406 953
4021 469
3992 2277
6718 4613
6402 5887
3711 941
4284 1298
7759 6178
9793 1539
1036 840
5112 1491
4360 2799
3703 1654
5095 1118
1334 163
8132 4444
5880 2222
6469 1312
5107 1647
804 293
9020 8525
9929 4280
9019 605
8006 6102
370 172
7032 1461
3898 3553
3718 442
8247 7798
2217 1181
1420 667
8713 2155
635 271
4000 3940
7446 2294
9477 3865
3550 3466
6354 4564
4282 2555
9952 4066
3565 1612
9316 1780
1442 125
7357 5810
8233 1759
966 780
9100 3713
1311 1177
9287 117
6715 4643
5692 3196
319 115
7726 7630
1487 36
1816 1088
3235 1342
5761 4935
7741 3655
2441 570
5352 2492
7035 801
9941 2811
2127 336
8609 1086
9585 246
8577 3264
5103 314
1958 718
7807 5353
2135 1926
5345 3895
3576 259
7436 3109
3991 1432
4873 1043
5905 5732
6002 4909
5281 2933
38 31
7985 4471
366 116
1660 1629
630 267
1623 742
3433 213
3106 284
9605 1436
5063 3958
8410 6349
4505 817
1797 818
3581 430
8143 5837
6487 3373
2243 2095
2402 282
5006 603
1228 1068
5494 3281
3270 661
3363 2262
7656 659
4711 1999
6890 2369
8036 3090
8846 3392
484 447
254 216
3184 225
8808 939
6303 5089
4073 3228
4821 1203
602 473
5507 3608
7401 3668
9098 8478
3862 2585
1096 399
3263 1832
9230 7413
9668 2760
9035 6038
744 209
8619 173
2637 65
1863 1069
2833 32
5471 1283
9113 111
2024 574
516 310
9433 616
9199 3025
3067 1486
3078 925
7189 6436
8596 2103
3064 2176
4258 3725
7728 4369
1799 1132
5505 943
9994 6587
6694 5640
8863 4322
1873 1268
3202 1845
6743 6218
1807 422
8882 879
5945 2964
3600 1977
5583 3273
4859 4195
2087 1316
332 128
90 1
9281 1250
1529 606
4099 1915
2376 499
7994 6630
4071 2466
5998 2493
6748 73
4975 3398
8329 7418
6626 6212
3167 1598
7597 533
3177 2688
9272 7019
5944 2424
5893 460
6970 2395
5249 2747
2815 1104
8121 7345
3572 559
5073 3150
1259 406
5552 5366
4782 4616
1849 1006
6861 5005
4684 1857
9248 6395
8770 7393
9139 5125
6211 3799
7906 4807
4798 537
4481 104
6592 6572
9444 2761
1110 393
9691 988
7008 2353
5798 4027
561 350
1090 108
2814 218
2614 1924
7657 7122
2955 1706
8548 3579
4558 3130
757 373
5934 48
6369 6099
8867 5220
7791 1566
6058 1720
6906 4044
3730 2662
2256 2195
6030 4681
3727 794
96 52
8972 7664
4707 3697
7291 1052
930 691
8812 3127
3906 542
9436 6338
8423 4015
3042 949
9586 6352
4335 4191
26 17
9379 7273
1814 825
4388 1211
2260 287
4477 1905
7969 4327
5902 1166
6559 3010
2100 5
3990 2993
297 272
1378 993
8312 1764
71 69
1659 1063
466 354
5241 4430
3526 983
8585 3378
9107 8649
4822 4814
5476 3269
6346 3849
6729 5371
4120 2658
8431 7837
7049 4620
4891 3058
68 50
480 378
3007 494
960 452
3029 699
5579 415
231 184
2388 1397
23 6
2249 658
5032 2568
4442 753
1429 578
7191 277
2398 1534
7339 4917
3809 2676
4679 4188
274 29
8334 7842
6669 1939
9791 1445
6785 5087
7299 7130
1979 985
8874 4702
6460 416
2926 1207
958 957
457 342
4187 4177
8377 7559
5994 3775
5292 1694
8440 3831
224 122
361 46
8775 4694
133 129
9142 5024
8606 4080
1419 493
3137 551
2149 1793
1256 462
2225 444
9310 3053
7588 5306
3519 3003
2989 2412
1540 1149
5077 4365
5989 1208
