495
3651 5239
9126 9916
3126 5761
974 8342
6985 7980
857 8571
7902 9323
6932 9681
752 4085
3082 6610
3116 6323
2324 8407
6104 9108
4443 5038
7122 7935
3433 8176
7838 7886
9816 9895
8982 9017
5483 8539
2762 9174
7952 8626
4230 9413
4568 8119
7480 8988
8883 8943
2386 3872
4330 5149
258 3748
6523 7487
5266 9257
2381 7843
6853 7479
8981 9904
8803 9090
2244 9025
2941 9871
9364 9660
7795 8121
7694 8525
5866 7183
282 3107
8403 9115
275 1098
5776 6184
1079 5004
2622 6703
4996 6171
9214 9465
5908 7248
6743 9467
8398 8435
9716 9794
3187 4134
2048 8814
3001 9594
6705 8795
6344 6574
7192 7475
8155 8682
2256 3853
4454 9308
652 9748
7118 9437
1927 7875
8104 8269
1374 9959
5839 6711
3152 8016
7486 8467
307 1649
4993 5000
4344 6206
5476 8235
9671 9752
6450 6730
3723 4669
3135 5888
5508 6692
2582 3472
7587 9527
6890 9610
9636 9898
6200 9098
8759 9230
1784 6841
5065 9414
396 4662
463 4674
3886 6849
7669 8339
8635 9137
6598 9945
8401 8627
5524 9469
6766 9096
5703 5929
2573 8488
7711 9984
8083 8556
2438 4471
540 6101
1921 2345
4981 6835
1459 7994
9556 9924
2845 3371
370 4532
217 1522
6211 7560
7754 9389
3612 5470
3744 9185
5133 5629
4756 9107
4593 7282
6842 8044
533 9921
2199 8456
492 624
5679 8179
5277 9627
1742 7626
6506 7616
2953 3079
3800 7570
3255 3881
8658 9008
3949 8035
7802 7896
6670 7937
8202 9843
5247 8020
3123 6329
6539 8824
2942 4889
4639 7099
4311 7578
7803 7828
7077 9421
9217 9605
3512 6065
5976 8340
8096 9034
337 8296
8954 9855
9917 9935
6716 8860
3316 9829
1091 3481
4252 7435
4882 6119
6115 8455
8805 9141
4061 7637
6617 6937
6416 6680
9559 9575
6064 7383
7057 8712
1796 3999
4879 9683
2629 4022
9545 9907
2136 6355
2437 3030
5107 9703
272 2541
6686 7131
1539 4071
9405 9879
3716 9790
1141 5330
8197 9950
8710 9495
3024 9311
627 9078
8872 9577
280 6393
3004 7358
5083 5523
3909 7786
1305 3930
2660 4227
8440 8704
1348 3218
1349 4364
9427 9753
3365 9701
7753 8249
8979 9458
7729 8523
3501 4215
2794 3163
7357 8418
775 9250
2613 8919
6965 7606
4497 7840
7337 8019
1231 9463
8935 9202
8772 9229
6930 9626
4375 5328
4113 6562
8070 9456
4419 8288
5628 6602
2066 2232
6383 7660
924 8061
589 6508
6968 7883
672 2796
658 3109
4804 5803
8677 9899
8554 9874
3594 9315
2198 6456
7923 9352
7412 9209
5134 6378
242 5204
6476 8280
5268 9428
8593 9101
2651 7861
5345 8977
8654 9043
2611 6346
5529 9873
5790 6745
4711 7789
1350 6751
6916 9167
126 8986
9384 9712
8294 9210
9007 9973
2278 8090
8073 9940
864 8579
8454 9461
456 1208
4245 5992
5535 7686
9485 9762
9933 9980
7219 9601
4965 5314
4764 9535
446 1469
2164 3141
2172 5836
3894 4670
7327 8965
3884 9876
9297 9507
9171 9697
6956 7868
5103 8352
1856 9279
6031 8158
8052 8075
1193 4253
3566 8751
845 3242
9314 9820
1975 8451
678 7429
3146 8628
8062 9222
3063 8916
1993 3605
1134 3479
4621 9085
3914 6459
6485 9280
6045 9130
583 7611
1609 7341
148 5475
7992 9740
7177 7985
3114 8450
7178 8468
4305 4345
185 3589
3179 7666
8702 9266
5292 8336
5827 7203
8543 8779
5030 7972
6006 8765
6005 8170
1950 4450
338 9260
3077 3488
8426 9845
8270 8946
1033 4921
4209 8114
4950 5192
8836 9903
3089 3156
790 2074
9324 9764
4628 6299
2975 5447
1588 3700
3529 6822
5182 7056
776 1721
423 8225
6347 6663
4191 9651
409 1327
6275 7674
694 3210
5055 9160
9637 9783
5027 6391
10 3811
5747 6426
7815 8547
4239 7154
2868 7662
7663 9446
6892 8866
9742 9850
8169 9278
6810 9717
2770 6137
4815 6208
3671 5477
3338 6941
9922 9970
4794 6880
3443 4241
7378 7602
3593 6760
6371 6767
8088 8585
5861 8051
145 3108
192 2690
8527 9116
3939 9598
692 4512
8445 9165
2588 4994
5352 6223
1543 6188
1653 4840
1236 4957
2818 9805
7217 8606
1442 2017
5538 7734
6352 9756
6677 9219
8580 9063
7433 7551
4986 6261
8838 9178
9300 9706
3927 9566
8584 9504
5032 7229
8446 9863
3402 9937
1228 5729
7150 7672
7351 8884
5699 8664
363 4659
16 6919
4603 6848
9122 9439
5797 8856
2982 9042
9870 9883
3018 9826
6839 9256
1905 7424
5485 7598
1375 5787
6989 7146
4447 9811
188 2385
5995 9809
9591 9932
1730 5869
45 7442
5714 7821
4043 9910
2525 8077
4028 7636
9557 9724
8266 8850
7335 8404
8243 8903
8368 8725
859 7366
336 382
5780 9065
2963 3304
7257 9647
8647 8925
1839 5653
267 5214
5799 9303
7163 7979
620 8464
7415 9975
8910 9248
9650 9694
8955 9477
9906 9972
626 8749
4943 9271
7887 9040
2079 2944
5921 6559
7413 7500
9153 9999
1604 3836
6786 7520
3731 3942
9247 9484
6417 7981
2790 8414
3763 7211
7554 9718
123 2870
2376 3235
4863 7502
6401 9589
3440 4382
4357 7436
7961 8953
1900 8969
5494 9692
3774 9953
3883 6106
3891 5140
7008 7115
308 433
3607 8157
6816 9223
7395 7966
6679 8560
7808 9901
5465 9113
3902 7075
5096 5378
1274 6709
3551 9029
9 1794
9720 9948
3464 3996
108 1668
6823 9787
8827 9307
9715 9821
4821 7339
4753 7031
8869 9695
7991 8908
8161 9095
4582 9483
7790 9954
1508 9729
3337 7316
1230 4184
7730 8874
9194 9199
9212 9316
4605 8748
988 3650
1681 8980
7741 9812
8876 9634
5975 6197
6148 7474
1395 2358
2956 5437
1287 8674
316 3565
2187 3381
6702 9582
639 8753
396
5622 5161
4977 4548
1833 1267
1163 828
3026 2233
6638 4371
2128 450
7214 662
1855 436
7516 5228
2983 462
6012 2223
5830 5187
5120 4810
9480 1354
8375 2580
898 74
844 8
1499 1180
4609 190
6993 406
219 162
6776 1869
5358 3014
2034 248
3463 987
1190 972
4402 1022
293 287
2532 1705
5587 2254
2279 603
2929 1737
7505 3824
9396 7659
2846 1702
9770 8870
7986 4679
4491 2866
3681 2691
7035 1011
1551 1046
8474 862
2740 2612
2183 1142
3819 2802
3370 2731
2221 1170
6889 5608
7110 5017
6852 6697
4136 1500
7068 855
6895 5430
4101 1068
5165 930
935 70
4904 3408
9341 3062
525 71
7002 4710
3022 927
4379 4148
6553 6179
5808 2072
6359 3789
2303 1026
1792 1233
4772 449
9442 3300
6490 6270
299 274
9378 5974
827 421
5250 59
1085 977
2482 362
9056 1620
823 203
8806 7804
5469 5341
6962 2546
9288 243
1504 1058
5471 1942
360 212
4615 32
7438 1268
7263 2932
3519 3351
1435 323
8258 5117
1904 414
3228 2777
8833 8612
7384 5064
3691 2450
875 256
2968 1684
9074 3693
3434 2093
2194 2019
6673 3839
2204 124
6073 3415
2945 2184
5515 2930
6145 585
2508 2057
6754 831
2594 973
7298 72
8241 7733
3246 2854
4822 826
6859 2200
57 27
7936 6077
1195 832
7379 3935
4897 3324
7762 1550
504 155
778 488
4633 665
8999 8565
7785 2300
3249 1992
4656 2269
3367 1286
8032 3477
1412 1244
8412 905
1203 711
8322 6757
7699 4536
5317 2403
8482 1044
9479 4918
8968 75
7664 3807
8236 5044
8133 4566
6096 2776
5237 5039
8511 2112
9448 6668
139 53
7667 4319
1401 279
2692 688
3711 3166
4898 2667
4343 3515
791 313
366 296
6496 4257
7542 3588
1563 926
1714 1006
2490 426
7015 5333
1464 298
9175 5543
9644 2191
2489 746
2872 1188
946 550
5546 5429
1949 1344
2966 91
3901 3560
923 172
8389 5886
5814 690
9569 1872
727 143
7670 1465
1589 233
1717 498
2395 2219
8410 2182
7281 3263
6425 4839
3271 1788
532 128
7083 3983
2741 601
7781 250
1259 885
5785 4572
1582 740
6175 3994
2197 1991
4667 606
5189 4635
6469 4629
5274 1734
7400 1418
26 18
8098 5898
1909 1192
9237 7032
2094 238
4367 1763
6394 596
6337 1962
7152 4528
7614 4066
3169 2118
8330 4691
3115 1920
4495 4329
2820 431
4243 368
4843 1769
452 372
5243 4903
3397 2076
936 710
2561 369
6620 939
2791 7
8881 637
2669 2375
8636 6479
3610 2398
7375 6783
8045 517
1321 1110
9402 2981
1787 1652
9129 1352
1509 818
9664 2473
2306 1673
3765 2539
3677 894
850 588
6846 292
6773 2040
7763 1324
6318 5040
6334 4900
1967 482
1431 345
7575 4671
1090 1008
9995 7189
2600 1767
2823 1488
7027 6649
377 153
1125 892
3075 120
6265 3395
2668 1042
7737 2274
8084 1592
4967 291
7792 1849
5783 5407
6461 3955
8167 2436
3237 1050
5399 4407
7860 1631
5506 3561
4273 2230
3136 633
5452 2252
6374 5393
8306 165
5983 1807
9468 7073
4894 228
4519 804
7513 2193
6008 2147
1584 221
4295 4026
2476 19
6799 3383
4118 2826
4752 149
5244 4489
2799 448
9612 1498
86 38
7013 2717
610 428
1358 1100
2586 1526
3391 340
7951 6369
6062 3153
6847 2890
2342 1558
2210 1624
7006 2778
6813 2139
5271 2563
4853 4182
5003 2747
5097 4352
6029 810
4795 3741
5057 1875
2015 300
9968 6081
8822 7764
6129 4864
8602 1061
1836 1037
2593 378
9041 8459
1421 404
1290 67
6877 5153
9648 160
4647 1221
6660 2825
1943 841
5625 1340
6571 187
617 473
2647 96
9385 802
7657 3019
9195 6380
5604 1121
6492 1265
3206 1158
3993 3597
1618 89
5043 3533
4204 1416
1506 261
8995 2374
6543 380
4714 2027
3480 2918
8504 3112
4461 1429
5498 1380
2682 2236
1659 1129
635 224
8154 2402
7325 726
1378 3
3449 1986
6691 3066
4310 334
5884 3476
9268 6058
7643 6838
4818 4303
2883 1363
8855 5213
4776 257
8773 8009
4758 2411
2699 113
6134 2195
8945 5368
5275 1954
2672 2215
7635 4423
2171 1414
4164 3403
1854 1517
3059 347
8557 7619
7374 3471
2764 548
6444 389
7087 3013
7879 4153
7811 1663
4130 1369
4405 3308
2766 1960
5912 5074
7866 6770
215 131
4083 2488
593 277
4563 3181
486 186
3507 2301
6708 5715
4005 3603
5489 3970
1515 880
4860 3362
