926
7035 8105
1481 7208
6534 8665
8496 8825
6986 9240
6098 6291
4494 5685
6196 9968
1865 6200
6764 6886
8201 8324
3322 6643
727 9270
597 8802
4448 9380
6009 8984
8475 9183
5267 7830
8486 8620
6359 6637
4707 6705
9441 9635
148 9118
6690 6812
6065 7569
5508 9563
8026 9529
3533 9776
7625 8290
3693 8678
7976 9150
6188 9275
9909 9984
3420 5880
5246 8552
7898 8732
8992 9409
2714 9545
9987 9992
1036 1082
9120 9460
5254 5710
3823 5565
1564 5693
7418 8592
9124 9521
1083 4750
1450 4806
6922 8245
1303 3504
1531 8206
1464 5251
788 4731
6397 9803
8377 8962
4377 8954
2703 7066
1542 7682
343 5455
4624 6951
4506 5752
4307 8792
2027 3929
8379 8643
3701 7503
8050 8212
2000 6240
3738 4093
6430 6787
778 6346
8434 8836
4857 5056
9164 9839
2226 9528
7992 8239
7424 8469
2676 3458
4372 4518
1656 4212
9961 9995
8545 9663
2692 7094
5357 9667
9208 9737
9812 9915
1566 9907
1248 6426
2649 8856
8453 9494
2729 3897
3713 8261
4830 8351
5426 8321
6402 6800
193 8822
5213 9253
9559 9802
4042 4862
9931 9999
999 5237
2942 3067
9606 9639
897 1369
4528 9186
2634 7318
677 3200
2061 2998
2866 8056
3626 5621
9659 9725
2516 5100
8124 9722
7841 8402
7343 9241
5132 5401
5942 6088
9016 9271
7783 9059
6849 8074
7961 8636
4591 5274
2026 6805
8572 9636
8310 8642
9267 9474
8167 9644
8030 8841
7899 9889
3517 5344
255 9537
1510 5499
5336 5448
1711 4101
1616 4491
6289 6792
5316 6842
9548 9898
6968 7355
8930 9192
3706 9584
9509 9947
4390 5331
1046 6485
6636 8295
5240 7738
1216 9236
1205 1466
4304 8432
1286 6201
2840 7658
9181 9248
2456 6218
1968 8737
5485 8454
4635 8648
2864 3379
7307 7772
6097 6808
277 1249
5946 9067
7076 9728
2776 7722
3709 9553
6885 7277
2818 3974
8069 9359
795 9361
439 6476
1294 2508
9672 9986
3199 4339
3431 9601
3214 9581
9246 9655
9479 9842
2861 8197
5707 7922
4929 7470
9680 9715
9105 9405
3022 8505
475 1042
4272 5536
555 1520
3192 5502
2080 5912
491 2126
5821 9349
4052 9249
9911 9944
1632 9000
4971 6323
6975 8247
3433 3684
2775 5460
5713 7184
2139 8490
9230 9843
1040 9782
554 6311
4977 5842
4136 9518
1236 9354
1810 5979
5108 6615
3204 4894
9066 9255
5557 9482
3952 5301
2506 6255
3793 4981
1885 6181
75 7634
5569 6565
9854 9994
2191 6078
2637 8360
1544 7677
5514 8520
8109 8542
8560 8862
2781 3534
2183 9875
6452 7156
4593 6314
57 654
4579 4760
4260 6689
1866 8662
7991 8214
6270 9443
8491 9340
4826 5597
5144 9532
2939 5886
4860 9945
4937 9974
5500 5669
7415 9856
567 3698
3842 9900
4569 9957
2669 4696
7049 7472
8307 9362
5641 8989
96 1387
6006 8803
2201 5454
6657 9026
4800 5033
7600 8666
4247 8813
3313 5864
6865 9470
1408 2046
5969 7983
3943 7244
6490 7368
1898 4072
2593 3090
5688 9549
5175 8674
6918 8243
3953 4513
6422 6990
8282 8708
5951 8073
8138 9627
6023 6185
3907 7324
4870 9121
8052 8311
565 5843
5574 9814
6076 7417
324 3332
2693 6926
1351 7933
7012 8921
6874 8668
8031 9196
8639 9195
8420 9123
9282 9930
3134 6380
2309 6911
1487 2249
8120 9062
9975 9976
953 9568
7113 8546
7409 9172
8192 9108
6935 7107
894 5034
125 5241
6556 8361
2642 3285
3886 7305
6882 9090
7071 7299
7030 7839
8781 8902
7239 7801
1072 4558
3547 4935
6164 6737
6610 8600
9771 9943
8070 8126
142 8797
272 8990
3608 6362
6618 7230
6118 7548
7526 8355
8924 9049
8041 9194
311 8978
3151 9791
9683 9792
8284 8649
9699 9769
8872 9821
7885 8106
2081 2727
7381 7588
8293 9364
2966 9963
6432 8724
2667 8588
524 2470
415 3964
4917 8269
2610 8816
713 2802
6297 9773
6880 8000
5018 7664
56 8049
6465 9929
4367 8085
8607 9338
140 7063
1806 3765
6019 6785
3984 6156
2633 3175
2185 4632
8570 8688
4893 7690
6647 6816
5230 7774
1547 6177
4455 7193
1536 7973
2180 8655
2058 3975
1084 3275
9892 9925
6634 7293
8147 9571
4695 8549
2247 5060
4500 4987
5967 5989
3035 4991
1931 6112
3727 6598
5066 5215
1750 5917
1870 5326
2029 9607
9767 9990
8692 9755
8304 8473
7743 8891
3244 4784
3632 4520
1809 4919
2135 2287
7164 8230
9600 9908
3131 8142
6183 8346
6913 8828
2932 3731
6105 7443
5581 7611
74 4597
4043 6453
17 3510
8632 9341
6264 6978
1300 3824
589 9681
9442 9658
4292 7213
3723 4949
6925 9085
4564 8303
2919 5975
4831 5065
9858 9922
3785 8575
6981 7985
4173 9630
6496 7487
1872 7762
6574 7286
1596 1904
994 3221
9381 9425
3922 6501
8038 8832
7744 9634
4454 8641
1041 7528
4114 7563
9232 9357
4753 9451
3180 9826
7940 9946
9350 9404
4145 9998
628 8695
1509 9539
8654 9660
4680 9510
5202 5408
9790 9906
9650 9897
4798 5974
7617 9848
7325 9325
5242 8608
5808 7222
8681 8707
1027 3088
3801 5325
1445 3160
9294 9353
9682 9763
8343 9951
4481 5987
1583 2316
671 878
3450 8188
520 5081
8096 8250
92 8690
242 8488
4545 5224
9971 9985
6263 7667
1280 6953
3696 8078
1914 7124
9599 9647
5873 8103
6649 6751
510 6846
5221 9653
4838 8027
8440 8786
6423 7553
1524 1680
86 3919
5664 7759
784 8740
6871 9155
680 4412
8562 8714
5160 7302
4022 5178
1490 4031
8703 9070
523 2701
2209 9063
3317 6710
7135 9330
7379 9844
3280 8702
5172 5997
9426 9849
5430 9251
6376 9128
5909 6107
5114 7354
6293 6815
9231 9520
6801 6855
8424 9774
1828 8885
1109 2068
7072 9492
8936 9966
2527 4865
6745 7280
2263 4150
591 6445
4697 9009
9045 9620
4421 5113
1234 8366
1629 7440
9446 9612
2668 9317
6656 9689
7751 9345
3445 9468
807 8022
2758 4818
6869 8943
310 6106
2354 9664
6826 9899
6141 9936
4541 8215
1159 7516
2038 3567
9385 9670
2485 4769
317 461
5180 6170
5444 6033
8173 8576
2106 3061
7374 9434
3112 6327
8723 9676
765 4411
8530 8999
6081 8899
59 7810
8497 9833
1605 5708
423 7606
6516 7511
3730 6956
4053 7790
6484 8564
3630 6275
5768 6210
204 6934
414 4385
5725 9212
9564 9646
7711 8807
5614 6752
8035 8940
3958 8806
171 9190
5164 7416
1789 2432
3086 3807
9182 9645
7633 7858
8229 9904
9039 9825
3069 6129
7927 7928
5025 5774
8409 9335
2021 7834
2409 4740
2337 3295
2352 3913
3110 4282
1308 7403
7181 9199
2875 4873
6779 9592
1757 3033
9512 9578
3054 7824
643 4206
6927 8241
7587 9079
4720 5193
7757 8444
4380 8095
6136 6284
4570 6580
6378 7028
4348 7091
4450 7614
637 8445
3163 6757
4986 5558
6258 9287
322 4626
7551 9536
5631 6788
1096 4828
4582 8622
2929 9677
4160 9576
7420 9145
9440 9504
2016 2217
7995 9293
688 3194
9034 9912
6407 7082
4651 5162
3906 6681
4370 5791
9819 9834
5078 6245
9410 9884
4540 5438
8289 9919
7134 7707
2114 8569
9041 9519
8635 9064
7878 9801
5447 5461
6494 8341
4490 9697
265 5605
1530 2882
4487 5177
7400 7947
8072 8087
2036 7288
1296 6629
3056 4847
7530 8854
8811 8918
3464 7474
3612 6226
1283 1724
3748 8952
3212 9279
703 9905
1533 3774
5868 8601
3457 5182
8909 9438
8403 9018
2434 2769
2143 4961
1894 8248
7512 8395
1413 2095
3349 9829
179 1601
3013 7006
5361 7473
3095 3230
2363 4645
2823 8838
119 6591
2763 6315
2887 9561
1507 5087
2679 3205
8260 8352
1256 6761
5852 7292
3582 7706
8599 9716
269 6278
7715 9753
1182 1883
7962 8285
6304 7262
1400 4505
7434 9546
7187 9411
5031 6506
9762 9836
2645 5014
6458 6590
1692 6572
6848 7527
1253 8023
1202 2638
3143 4394
9588 9894
2149 2379
5678 9092
489 1749
335 2926
864 8532
1469 2401
2613 4842
1252 3503
4144 8906
2565 7775
5758 7578
5899 7285
465 2542
6491 8086
9268 9804
1185 1307
1135 5675
8586 9096
3973 9501
5271 9433
8754 8890
558 9596
5179 9815
5747 6269
7669 9147
5830 6420
8233 9311
1267 4201
1555 5504
8647 9527
1318 8725
9756 9970
8368 9116
6541 7795
920 3566
4180 9316
3239 4048
8664 8920
9005 9770
4596 9245
3050 5877
4182 5722
189 8255
7805 9573
3154 3745
1572 2258
9587 9924
9877 9969
5341 7341
2392 5366
9038 9495
1650 8489
9465 9631
4407 5960
5550 9533
2523 3442
5527 6219
3127 3481
2558 7238
3936 6581
5509 6607
6722 7573
5303 7050
6609 9333
5992 6532
6498 9122
7718 8153
6119 9939
3021 8559
403 5207
426 5390
3248 7798
460 2093
3618 5911
7799 8177
103 2020
9095 9331
2674 6979
7535 9036
377 3938
2907 9320
6360 6446
1619 5640
3018 7770
8583 9614
2849 8541
2689 9134
6762 8061
8973 9890
158 354
9102 9927
6899 7657
8547 9751
7876 8706
4202 4405
525 3002
6620 6804
6036 8405
28 8590
3574 7057
7788 7914
6888 7257
7065 7143
9796 9811
9555 9572
1714 9777
3059 3370
8721 9702
4588 9043
2977 9459
3235 9949
5923 9864
9422 9550
5017 8317
2996 5156
5602 8143
1573 6313
9289 9948
9554 9738
2949 4985
1033 7510
5576 9388
7844 8929
5615 7363
5511 8019
218 3665
402 1355
3725 7631
2826 4511
4154 6256
1254 9705
6860 8686
2519 7958
3753 5453
7557 9193
7191 9486
5541 8798
6147 7497
3072 8830
2759 8209
5006 7659
948 3166
3993 5586
5665 8533
5167 8736
5793 6322
7832 8584
1437 4099
7582 9197
2098 8165
7768 7836
6599 9058
3603 9551
761 8148
1585 3334
899 7402
1540 8498
9234 9477
4952 7702
3810 6161
281 4562
6038 9080
4414 5559
519 8017
5919 7630
6409 8408
6850 9158
8834 9211
2575 3685
7098 7195
5333 6298
1548 4820
4656 6694
3894 4732
1981 7328
5072 6211
4509 5908
5032 6724
208 2122
4958 7290
1155 9525
1138 2304
5234 9870
5475 8312
473 657
2088 2475
6328 8511
3306 9570
9958 9996
9023 9847
4050 5606
8372 8534
422 6537
1849 7660
8224 8458
8880 9175
2281 2807
5257 9163
8449 9866
4296 9483
7609 8587
8881 9209
91 132
1344 2513
6578 7519
2918 9417
2251 9758
8186 8428
7910 9114
664 2909
2437 7284
4106 7952
3331 6987
3373 9020
1808 9011
7833 8977
462 2984
2586 5495
1181 2894
3694 5022
512 4649
686 5052
1198 3633
4373 7804
3834 4266
8381 9233
3620 7613
1277 9343
2888 7668
7742 9730
5866 5940
9355 9717
5171 6017
1397 1682
3720 3978
7185 7967
3152 4189
326 7394
6573 7270
7148 8735
2751 7054
7392 8200
9788 9979
958
2371 536
8084 4891
2100 736
1816 481
3833 2169
1012 89
8251 7289
2920 1528
9370 7649
8185 5001
804 245
1508 18
7000 2342
4015 2643
2091 1814
526 418
5404 295
4817 442
3377 3256
3211 2425
5714 1302
4837 4324
3990 2314
4149 759
1597 1577
4526 978
7828 1151
244 206
388 293
3644 2782
1935 54
1648 1247
8088 3853
8634 1353
217 156
8179 2129
7212 1681
7433 1165
7590 6189
8492 375
989 569
2837 2024
8539 1614
222 102
8159 1856
4709 3846
6126 5040
6400 4263
8531 7407
8139 3490
2987 2245
4762 3930
1732 916
5115 4437
6517 5314
6749 42
1631 1395
9013 6474
8028 5628
6227 1639
8991 4413
2871 870
1398 486
760 80
1454 185
1708 1171
7339 2265
7999 977
48 5
8957 2962
4073 2459
3281 237
8810 7453
7912 4859
3859 1133
5105 2817
5359 4688
6104 2921
6639 2372
9538 3193
563 356
97 10
7178 4023
9169 3700
73 60
1539 410
6586 1111
5630 177
515 81
6687 6008
3872 1251
6550 4890
7647 7376
236 205
1747 470
2914 1654
3591 1710
1224 929
2289 1293
9757 5638
43 23
1094 847
8114 1831
7243 175
2577 1376
6557 5534
6840 6199
3164 1274
9106 2859
3486 697
6660 2111
2511 2384
3800 2216
7412 5796
2262 369
8067 2534
7565 1683
7656 234
9959 290
5103 5064
3965 1640
915 407
619 291
7760 7085
4148 2107
2197 1184
5976 1325
8152 2726
938 232
4479 313
9978 474
6225 330
6837 4812
7892 5903
9603 5878
5622 332
1121 738
2754 11
5834 3754
4277 2168
5233 3946
7642 6135
5332 1327
4827 2312
6340 4672
33 14
3920 3857
9965 5169
7672 1452
6697 1412
4770 3329
5983 1825
1137 448
2829 1078
3008 1158
7128 3755
8598 2385
2705 2099
4730 1532
7370 6092
3348 968
6273 3848
259 186
1190 933
4969 2430
4250 219
2688 1122
7987 183
9303 7377
5201 1721
8426 1720
7534 2581
5363 297
4445 95
7596 261
1061 393
8461 830
2788 1607
8331 6794
5223 1354
2784 1363
5270 612
9654 457
509 492
8166 5667
435 138
3301 872
3227 1864
1414 37
9379 9243
5378 5068
8753 5850
9493 4962
3868 3426
3116 420
5555 4472
588 223
4915 53
2680 1580
7274 742
4943 4793
1378 1173
256 12
6558 4352
1379 532
4080 2428
7404 4717
6698 996
1056 993
8719 7641
8884 5711
9060 8507
7865 1519
425 127
5944 5470
4420 987
9543 1513
531 149
9835 6257
3388 1055
1515 157
3512 2522
1139 557
2082 493
6117 5800
6429 5626
8227 321
1287 220
5199 2273
6603 2961
2417 1897
9399 7372
2862 287
4795 441
7166 601
396 314
320 83
3704 1434
3836 3100
3213 1965
5814 4704
3137 2140
3399 3252
3076 2254
4179 3201
5191 4283
4525 1913
4743 4131
3273 2266
3925 1371
1505 819
7078 6391
1315 1144
419 109
2891 2539
8873 2248
6478 5489
543 13
1204 1112
4238 3148
8259 25
4290 2189
1634 590
3926 207
6230 5986
1736 1345
4644 694
5786 2351
615 257
5173 3324
384 118
8793 3821
4537 3687
4177 4111
8627 5599
1584 747
70 38
4056 3808
5252 2156
9069 7353
9741 7330
9352 6606
5526 2572
8795 3617
1893 199
9334 3016
9103 5385
6447 1587
6957 1630
2569 744
4025 871
8983 2204
5695 4097
1385 900
1074 676
4885 840
7019 1231
8182 6395
4542 3805
8097 564
7792 4559
8775 6642
3336 3171
3527 751
8554 665
8897 2790
9077 5928
9027 4300
2331 1973
450 229
3312 508
9719 3873
3091 1818
9760 3381
636 141
2439 2083
304 176
9160 432
9344 6381
3259 1950
895 866
6235 5564
5238 1088
3635 3579
1126 919
2056 90
4880 4336
3772 214
8394 2559
4071 3962
890 93
5932 338
3815 2847
5645 3083
6316 5729
6873 6519
9220 608
3654 3266
1222 973
2483 105
5797 3031
445 284
4417 3000
2943 585
3173 719
8847 5209
4874 3903
2619 1731
2395 1705
4746 3585
505 453
854 306
8508 7483
969 362
8121 7930
7554 1394
3863 3264
5516 4293
2444 2291
8513 5731
906 66
7312 6047
3058 580
9201 8330
4661 2293
5589 4241
6685 4947
1347 169
5000 483
6333 283
7923 64
582 541
7615 1729
9260 6579
3371 1201
947 250
8863 857
195 165
5432 3874
7427 4107
4276 1047
7190 6473
763 342
1829 107
7482 6437
7887 3053
5890 3325
3138 2916
3474 126
5507 984
1435 1418
3108 3014
1073 716
7319 4627
282 271
609 7
4584 1161
239 123
8429 4863
9831 4836
8299 7254
3777 3642
6428 3669
2598 1569
2554 2173
3656 2467
9783 4493
2616 1319
7977 303
9873 8947
9348 5079
4234 3206
5130 3531
986 618
4254 3514
6706 749
9733 1432
7422 2545
6651 856
4253 3188
7160 1571
6173 4517
2931 2442
3918 3282
7340 1892
3146 2627
8107 6667
8799 1304
6714 2369
5420 4130
5716 5480
3803 3355
1493 1129
8474 5718
9093 8767
8922 6784
802 786
1000 958
3169 1767
8731 5635
6692 490
4585 3866
975 752
8242 2632
3611 2718
7979 6384
5805 2828
1285 638
2148 1903
6760 1323
8334 348
8949 8888
9863 8578
2163 1997
4498 36
4334 2498
6357 1067
7112 1346
1781 670
1259 783
6254 3449
9394 7612
5587 3262
3155 26
84 34
5523 3
8657 6320
7170 1952
8979 972
9590 5672
9703 5845
6807 1016
6163 4383
2127 1915
8266 3448
3910 1442
4181 913
6783 1392
1963 1404
3513 2041
5024 2009
2134 2053
9988 1266
9261 4343
4265 192
9686 1869
4875 1874
4274 3840
9838 7903
8373 3422
8326 3078
8974 3004
7816 771
6365 546
5208 1462
5023 3107
1113 35
5280 4783
63 9
3380 985
5036 2622
3183 2101
2229 1753
3374 3300
1147 740
4673 1824
3147 2625
5443 170
6285 1343
6780 3573
1712 707
545 488
1212 834
4589 4313
571 373
6707 4458
6902 4791
8156 5958
767 349
3391 2991
246 4
6441 5861
8981 8008
2413 1836
1015 398
4992 4618
1411 1332
7576 391
5183 1044
3427 27
4576 2440
6604 3359
5872 3036
2696 1145
4432 406
6247 4895
2048 146
8356 5205
2071 1278
6864 3463
7678 7488
9678 6560
4983 704
1312 116
1391 780
5026 4675
3182 3162
6843 1362
2663 2478
5862 5540
4994 3549
4280 3092
961 136
3998 44
4636 826
3372 838
3737 1439
3323 574
7141 6991
5351 3142
9489 5954
4754 1471
3434 743
2001 1988
3220 1032
346 162
7767 2028
7800 4484
5417 2303
2473 1043
758 745
4742 1568
755 529
3049 267
6268 2543
2752 2210
831 210
4164 2553
6862 4396
8778 88
2978 2654
9401 4032
4916 1719
3242 2868
6469 2033
7446 6523
7533 1966
8964 5055
3627 2656
7555 344
4724 3891
1108 702
8705 5694
810 542
4721 651
6756 2605
8651 1406
3594 1909
7655 2772
1393 275
1058 49
5490 1230
6948 315
1039 468
5413 4785
6369 724
3401 1260
774 731
8931 1518
8766 6844
6626 405
8682 7984
6408 4214
6283 1833
5176 587
1886 68
5101 4461
9073 3902
7432 2375
2845 221
7308 3565
5396 1459
5276 2067
1846 495
469 188
5096 1820
8985 6493
4159 1172
6830 181
5310 782
4075 634
3838 2550
882 400
1558 1401
1060 750
9522 620
4522 1590
6789 1552
728 560
6084 3884
2172 1839
3945 1527
887 799
833 498
5134 1801
1671 1131
6893 556
8447 715
7235 2562
6029 1666
8184 893
3144 329
9087 7175
4508 117
8001 2002
1663 914
7338 4501
2889 2253
1447 1333
4312 2050
8466 248
8316 3502
30 20
8516 862
7033 6641
1013 276
4639 3564
2500 729
1795 200
7022 917
6961 1470
8903 6251
1990 811
2225 1722
9206 1321
6229 4104
6507 3082
8158 5232
5723 2138
3662 884
1451 726
2999 1551
3820 2753
270 121
6877 1803
9466 2419
5697 3106
5613 1999
4886 399
3816 2614
331 316
2321 110
3039 2219
466 172
7938 1921
3289 1918
5677 1774
9761 341
1669 991
2514 1687
6562 273
2785 1110
5961 1615
7882 5959
467 191
7748 769
3048 2936
8080 701
5778 997
7086 6083
6286 3855
209 85
4864 1976
155 150
5016 1492
8510 721
6966 1933
6730 3977
8460 3140
1029 397
5670 5398
9514 7621
1549 1163
5849 137
2402 318
7455 6635
1675 1543
2497 1953
7333 5895
7779 3005
1928 1689
2855 1366
5067 3257
3365 3176
5515 1219
3911 2042
5538 4401
2390 1868
9283 7159
3026 1246
6836 3672
5085 1433
2954 2206
7366 1862
7811 6621
3598 3276
6567 2883
4259 1125
3394 1311
4193 2528
8800 6066
7909 6013
559 496
443 401
6462 4906
4207 478
7468 459
268 201
5590 2194
5260 2105
9800 4799
3506 1636
1730 122
1478 1214
4786 1316
5479 1911
8098 3861
361 286
9051 3115
8071 7186
9830 7524
7855 2725
6336 180
2700 2493
6508 472
2062 1673
2766 58
5399 2025
8524 2158
8656 7142
9651 3484
8506 1328
846 723
2992 602
7840 5720
2066 705
9852 9467
8389 6679
3157 2563
5701 4715
9203 2076
1896 1890
971 351
6063 1416
954 918
2453 115
7092 5456
5603 689
6364 4347
3869 2989
4360 950
5582 891
4172 1156
9711 2551
296 98
1279 1258
6039 2963
24 15
7259 1902
4366 2666
3387 230
8297 7796
6543 5781
7004 1574
4041 3799
1152 61
7854 5900
5705 3346
1920 428
4389 3739
4913 2264
5715 1617
8211 6330
8843 3660
1595 506
3209 1167
1477 368
1775 1591
1235 932
2794 1713
258 163
8638 6900
7479 5388
9445 6682
2117 2003
6622 454
6680 4738
4839 3269
9661 6325
3177 595
9309 4464
8168 5618
7219 2582
9882 5837
2670 2268
9198 5488
8770 5050
7681 3931
8543 8339
2903 2350
5478 1209
5930 3187
5029 4452
8480 5345
5165 3773
5736 741
5279 2422
5941 2494
6057 2870
1337 622
1871 1796
5148 4662
4650 2213
7491 7114
9174 4804
3480 3479
3124 337
8036 3983
7315 4616
9693 6536
7996 7863
187 16
9189 6790
4029 3453
6729 5021
3462 1994
2167 1850
7931 869
6903 4330
2441 1766
6857 347
8945 2722
7601 7331
8777 7998
5393 584
6638 2798
7866 2719
5149 2492
69 6
8956 7245
4369 2427
3291 2501
2787 1740
2349 1996
8850 7821
1514 1396
1142 908
8042 4349
4640 2838
2603 1744
2873 1752
6448 6060
4550 3916
4061 3717
5076 839
8752 5828
3812 3417
5547 1847
4391 1030
1694 596
3766 1174
7435 4648
1006 756
285 79
431 174
2171 2165
6688 2686
3689 2005
7529 5552
6373 6236
1561 1377
6833 4803
9750 2990
5419 1550
7414 7123
4198 145
4574 3277
957 376
7705 3788
2635 2151
9675 5517
6279 3562
806 371
6375 2556
7794 2589
7169 3764
6324 6024
4765 437
1207 521
674 378
4433 2242
2860 1778
579 499
8867 4539
6386 1798
8275 604
3691 998
3811 3071
1124 962
3751 2780
9989 6414
2945 1934
6390 5524
6524 3985
4078 1153
1658 1008
7946 4788
4047 4016
