825
2648 3750
8082 8806
6909 9872
4229 9788
1541 2743
6062 6377
2384 4863
8859 9444
70 6957
2102 5914
2177 9488
7790 9859
8741 9418
5161 5807
4591 9342
2463 5312
4584 7700
5609 9392
6027 8657
6164 7101
8640 9954
1375 8760
5155 9432
4679 7265
5619 9133
3559 5559
1827 9033
36 8194
4022 5515
4565 6419
3228 8878
4908 9909
7228 8393
5077 8014
7092 8951
5479 7411
3672 8549
113 1078
2313 3999
4163 9948
1865 9350
6717 7662
8187 9755
6792 7566
8292 9361
6277 9684
1256 2077
2649 6170
5561 9101
9045 9355
9476 9600
3729 7981
4439 6232
1265 6861
9397 9727
59 2884
6434 8565
7512 8142
4249 5003
7285 8043
7012 9613
3186 6553
4076 4430
458 4948
7047 8594
284 1762
5441 6581
3251 8801
225 1296
7741 8243
1861 3876
2225 3292
18 5296
9998 9999
5928 9130
5950 9010
465 3865
4752 8406
8422 9569
277 708
4823 5350
1782 9764
6887 7786
4780 8357
6897 7083
406 9971
7403 8999
9344 9646
4177 7649
9419 9484
3552 7271
545 4676
7503 8857
7915 8135
6900 8148
1857 8339
5526 5796
4497 9182
1754 2386
4405 8843
5556 8995
2254 5963
7821 8039
9021 9160
5256 5566
9280 9503
9186 9855
4169 8911
8603 9362
4838 7480
6128 8761
8866 9896
8832 9911
7274 7400
811 3443
102 9026
7220 8584
4390 5186
6561 7727
4953 5534
3219 7340
2580 7539
1366 2051
7609 8343
7135 8412
4928 7694
2234 4488
156 597
5618 6851
5253 9409
3072 8389
1322 8708
4842 9463
6984 9142
2887 5729
4510 9382
9322 9622
2842 4300
6202 9407
2638 9249
359 5225
7965 9263
6248 9374
2449 6653
9349 9512
2659 3361
1157 1328
4329 9370
4264 7152
724 9704
365 6148
1233 5564
454 4685
4342 7309
6263 6790
8673 9974
1459 8097
2179 2346
5672 9496
7704 9303
3353 5245
9981 9985
5961 6661
3857 6573
7838 9437
3049 9273
4514 6947
1389 1785
2312 3892
2059 5563
2108 2951
4877 7951
8435 9643
6068 8220
726 8984
2885 5331
4522 4707
6224 8677
4359 5978
3793 7409
1327 6874
1774 3410
1495 3987
2257 2636
6001 7813
8898 9358
1035 9906
6848 9725
2818 8665
3882 6167
1910 2135
3220 4894
8783 9465
6927 7669
1746 5015
1309 9596
3042 8074
7495 9241
7772 8147
2142 6305
8501 8681
7071 9884
5693 7811
5836 7840
9140 9297
657 8831
1248 6002
8355 8426
606 6092
8674 9649
6138 8758
2780 8568
2332 3659
4912 9473
2881 9324
3972 5140
2091 5653
2211 9969
220 8250
8073 8684
6745 8330
1334 8847
1234 1669
9388 9720
6323 8879
6056 6762
993 1357
4431 8261
9391 9429
4887 9035
3016 7729
4960 7890
5627 9759
8731 9286
3605 3692
320 6906
8614 9093
9761 9994
3825 7325
7199 8561
4470 7835
9301 9371
5418 5571
8616 9746
537 3630
9470 9904
7412 9705
5817 5984
4517 7510
1555 2602
7244 9875
280 3397
3948 6234
4326 4446
1487 8053
4427 9495
8042 8739
4367 8493
7014 9075
5466 7000
5921 6889
8279 9051
1096 1372
8890 9586
3308 3418
4369 8966
4118 8698
3348 5447
5527 8595
8390 8856
1344 8404
1160 7668
3560 4844
426 7392
809 7456
2724 9455
2138 4191
4049 8695
8481 8636
5721 6544
5803 6628
7090 8311
501 8491
5230 5776
8329 8816
789 4642
3233 5649
1381 1511
8912 9038
9082 9879
2542 5289
5049 9619
6405 8305
1653 3162
5762 7212
9916 9927
3318 5760
9763 9987
7922 9624
6641 7998
8141 8510
9236 9900
301 2364
6875 7988
1464 1530
815 8241
3320 7977
5438 7284
8700 9708
7529 8265
3420 5131
9346 9939
9645 9748
7591 7760
6099 8373
5926 6615
9840 9868
6733 8517
7900 8066
3246 5785
8602 8955
9627 9856
2632 2856
1153 9851
8258 9850
7765 8391
206 8333
9573 9792
6969 9984
8453 9482
7442 7509
2246 3581
3842 7948
710 829
4174 9387
3216 8387
3082 7909
1501 9955
5090 8767
2978 7016
6948 9406
219 5321
7904 9283
4080 5617
3287 5895
1358 8360
3475 4090
4267 6754
1330 3895
8953 9333
335 8439
9992 9997
5005 8671
7973 9977
8020 9466
6676 8802
9650 9747
5166 8844
209 7882
4588 5829
9271 9475
7038 8485
7603 8290
6961 9913
3952 9086
4136 6399
6847 8836
7491 9917
3449 9094
2435 3689
2647 3528
9204 9680
8306 9973
3303 6757
2549 9609
4337 5907
989 1075
7762 9730
5018 8680
1522 4223
1952 2048
8457 9804
5267 5734
3329 4345
5754 6720
9291 9508
622 7429
7382 9838
8774 9734
115 3401
3804 9726
1637 4151
7154 8275
5415 8222
521 1591
3008 5400
4714 9873
4718 5030
5894 6280
6306 6638
55 5830
1216 3314
7912 9041
9836 9888
3263 5960
4961 9056
8000 8601
9880 9944
7533 9675
7298 9738
2292 4432
7884 9267
6489 9111
9933 9993
4116 7484
8231 8302
5717 9155
5519 7673
3115 7195
8229 9345
6743 7618
9625 9785
922 2686
7448 8341
3619 7287
5532 7928
6569 6963
2367 5214
9150 9606
550 1455
9028 9096
1697 7143
7372 9710
162 7687
4425 6478
1063 5722
9139 9912
5631 8417
2309 3136
1848 7514
4159 8408
4546 5231
3148 6013
5811 9275
8336 9316
1008 8943
8714 8733
2873 7493
3586 9831
9795 9814
6642 7606
9928 9964
8889 9936
4318 6911
2506 2852
5099 8237
9372 9709
491 8712
9173 9435
5215 9430
7339 9991
5033 6960
6521 7482
7825 8171
6878 7196
4423 8173
5797 7663
3841 7067
433 7947
3372 3400
6749 7426
5918 6102
8824 8981
6398 7638
150 7035
7341 8702
6901 7162
9259 9861
624 3114
6820 9876
5828 7803
6775 7688
5774 7328
5449 8448
9517 9611
4309 8293
4931 7972
8080 9357
5500 8240
4639 9404
642 1793
1331 1578
2266 5689
1631 4327
460 3499
3370 4332
3579 7636
8627 8800
2303 9621
1472 3530
2684 9453
3461 5451
4507 4941
2315 5344
8666 9946
3553 9266
3887 6723
4257 9584
1263 1484
7869 8211
9066 9756
4805 5611
8045 8828
5488 6076
6314 7637
6685 7614
6035 6344
339 2835
2499 5657
1044 8431
4606 6566
6612 8846
3852 9862
9849 9995
6817 7914
6308 7545
4595 8534
4038 7076
3309 5493
9162 9245
7051 7750
1627 4263
4857 9618
7631 8945
105 114
2195 9577
1550 2103
3812 6605
8376 9760
7944 9571
2097 6517
1873 8540
6701 7060
5328 9557
8477 9115
3026 4035
2976 5181
472 3084
2596 5764
4593 9837
3545 9546
7953 9891
3571 8430
743 3071
4699 6041
4520 5351
130 5508
2088 4459
5636 7960
1072 8707
8083 9408
409 8088
7749 9644
5885 7043
6212 6598
8817 9790
8757 8929
9718 9915
1062 1156
3215 4084
5656 8778
337 4472
5940 7084
1875 4188
323 2896
2147 3227
9754 9965
9901 9934
600 7222
7685 8495
7829 8163
8930 9360
1663 4383
7842 8427
5849 5872
4727 5891
2909 2987
4516 9040
5826 9310
6304 8236
1438 2162
5249 8625
5897 8076
8925 9666
3919 9589
9034 9693
9083 9697
1222 1934
8260 8868
5337 9043
8545 8853
2579 4455
4266 6651
9683 9860
707 1749
2669 9044
9777 9967
3913 6120
9008 9653
7279 8067
1892 3725
4119 7385
5092 7258
1881 6578
4388 6618
2665 2953
8344 9161
7437 9363
3020 6916
2178 5812
9580 9897
2766 5544
5899 7291
7880 8348
363 4571
5320 8899
8272 8748
7097 9881
6047 8780
6942 7070
5967 8633
6677 9898
6850 8637
2751 6801
834 9793
2693 3483
9104 9247
588 7568
9042 9823
1590 9783
2231 9511
6804 9739
4235 9533
5494 7958
8646 8978
1830 6169
974 3850
7852 8743
3468 8428
7782 8652
5183 6520
217 334
7136 9147
6639 9914
4083 4576
8413 9766
5626 7621
4621 9433
3520 3914
5932 6360
758 4490
7511 8126
2026 4187
3624 9292
2496 4212
6877 7532
840 3265
5948 7974
4284 8451
2319 7104
1582 9579
2419 3683
7513 9231
9071 9825
5070 8298
5539 7874
1450 4739
8895 9530
8323 9817
4505 6633
3342 4833
3512 6895
7078 8593
637 4632
5652 8840
9679 9714
5189 9415
7202 9323
1101 7548
7193 8837
8592 9667
1672 7191
6773 9565
1597 1730
4573 7120
2057 3978
4633 8363
664 4155
4581 6417
5364 6361
3733 7526
6420 7272
4253 9426
2343 2923
321 3491
2326 6257
8157 9088
5605 6180
9000 9892
5210 7718
4046 4793
838 7918
634 9032
5389 6163
8257 9321
1180 4355
6240 9215
7991 9365
7739 8286
7377 8085
1159 1386
7732 8492
5324 5870
907 3990
3299 5343
4126 6237
2056 6885
1924 9318
9670 9978
1795 4945
6613 9270
5600 6907
9159 9824
650 5453
243 5309
6397 8110
1481 8798
4333 9791
5698 6510
1770 7185
2830 4745
7179 9607
8838 9490
5623 6898
5101 8713
5361 8438
4552 4704
9179 9284
7368 9514
6130 9483
2133 5919
7601 8345
732 8055
31 691
2159 2994
3208 3436
4557 5528
673 7190
7588 8634
8210 8264
2355 9326
9692 9893
7785 7826
3455 7219
2681 4306
5838 8331
8559 9022
2938 8641
9456 9524
3673 7133
7961 8445
7362 8735
3634 5238
4820 6071
7709 9941
4614 9134
4689 7017
9767 9832
6432 6979
3848 8131
9695 9869
288 8513
7077 7999
3396 6010
6572 9751
4363 8676
1781 2687
9749 9830
8146 9707
3906 7886
2668 4543
7845 8489
3880 4760
1794 3131
4106 8179
3976 4835
4970 7109
992 5502
4105 5728
8963 9116
4060 4475
932 4873
7234 8983
2584 8052
7393 8259
186 5655
1928 8607
9108 9348
1846 9608
2166 2536
7792 8134
5209 8176
1244 3562
798 6631
7911 8818
874 7164
2205 2465
2493 2581
8887 9626
3781 3901
5075 5439
1272 8965
7837 8414
7449 9170
8170 9553
486
3059 1238
1398 1029
6455 6233
3858 1442
6091 870
2340 2060
2629 2474
5436 1312
5051 2333
2975 1680
6978 2063
6986 4668
1867 279
1957 439
1013 510
7326 1839
3239 2294
3547 3465
1883 46
8338 3362
5647 3964
5297 5080
3181 2339
940 4
514 264
7159 848
3424 3109
6142 3902
3604 2799
4620 171
2843 1383
297 291
143 1
6060 2470
2814 1614
2498 1536
370 91
7330 2317
3776 3193
3137 1009
6938 959
553 163
7672 201
9447 9403
3856 3392
7356 778
9105 7187
3270 972
621 89
935 451
7331 5789
2469 149
7471 4473
2264 100
1737 902
5506 1253
506 199
9506 6254
7738 5546
6307 5726
7745 6640
4955 2074
4242 2646
7178 854
3497 1709
6982 2510
5088 178
129 44
1046 85
8288 4732
1975 1885
5646 17
5853 5457
411 239
1350 1115
463 308
9894 3985
5194 1485
8907 1520
8246 3487
4730 782
4411 1083
8013 4202
3464 160
9713 4382
3277 2625
6991 2259
753 121
3755 2050
4072 302
8015 7098
2801 1318
1528 467
4829 1864
3313 690
7268 3212
5243 699
7468 4684
7005 1402
6976 1099
3796 2170
3357 2868
1196 744
5134 2433
2168 1831
5778 1610
4150 2616
4157 135
4761 770
1925 1005
2448 777
4067 3140
3635 3550
518 189
8308 4759
3588 2683
7833 2624
1572 299
7572 3735
801 495
2440 800
4531 1745
3355 893
1483 1168
1007 764
270 2
2670 2605
281 78
7171 2361
414 266
5139 3062
1321 820
3551 1457
2376 1138
2479 1385
8107 3584
3921 1985
7046 386
8770 6541
7643 4410
6545 1959
7318 540
729 126
7443 6695
5980 755
5993 485
1908 844
6343 3995
9037 1224
8479 8269
7901 1443
8977 6511
9782 4968
2115 1278
802 754
9314 3390
9661 7037
1788 127
4708 3052
7798 5607
2761 15
2389 2004
3437 3325
7670 1017
3051 760
6879 6096
2519 522
5034 3782
6294 1802
2908 1514
7487 1997
5377 4375
8803 6023
3899 361
6396 3980
6039 652
5240 1596
7581 3096
257 9
1623 855
3904 2030
3389 1142
338 165
8729 4453
4812 1045
5059 1523
6686 614
8854 2197
2944 792
7322 2893
9434 1931
3290 62
6006 2505
3291 1947
72 43
4860 3203
2491 1282
5668 903
4579 309
8213 3628
2385 1123
6197 96
6588 1874
2010 1738
715 422
9833 7140
4993 2662
9446 1499
3493 1480
1833 13
6869 6300
3607 415
957 511
9899 9369
5718 3768
8555 1887
817 398
8159 2356
4848 909
1967 246
4847 3797
1436 616
889 446
4661 2342
3929 2936
1056 1036
4944 1416
6993 5069
7182 3090
7045 2685
7506 4703
9219 5732
3230 576
5681 3416
1368 68
3861 1901
4059 762
6418 2948
8736 1109
3450 450
769 29
6317 4215
6238 5368
3578 2299
1024 28
4775 268
4466 2675
8395 6081
8959 8369
1815 580
1392 1165
5743 592
1980 720
5641 3784
2243 437
1708 1474
5998 3658
9220 8918
3923 2320
447 293
2382 620
5074 4070
8253 2043
344 27
9386 6100
41 40
6965 6831
7451 6797
5316 977
812 596
1899 1315
3369 2627
8396 4099
876 456
8822 7218
3688 861
3706 1141
481 49
8402 8204
3613 3283
176 116
7702 4678
390 380
7490 259
7156 3158
1250 851
3926 3756
9089 7989
1187 45
1726 1545
6288 2678
1252 737
1430 665
3974 2468
4335 3651
3431 1211
5949 5263
765 503
5616 4493
8686 4569
836 315
2561 1995
4895 3915
9315 3580
3210 1602
6752 2252
7404 7259
362 304
6692 4275
4954 912
9212 566
7956 776
6228 786
3801 2778
5185 1232
1340 1218
6485 587
9420 6813
6691 3352
2782 704
8027 5851
7239 6472
1190 216
6996 1940
2718 827
6611 4594
4120 240
4709 3387
7805 4568
3028 1811
8720 3535
4787 3730
7100 837
4324 2640
5806 4856
7907 4728
6924 5905
4482 1268
6580 1491
4996 2080
2089 2039
1193 750
2977 1535
6303 4795
3075 701
4828 203
8195 2271
3434 3327
9932 6864
73 56
9064 6533
9779 1384
7316 4884
1905 1862
6260 2359
6316 2261
145 87
2141 1116
6160 3068
2298 1886
9975 5498
9047 2484
5834 4929
1503 717
5467 1735
9719 6592
9630 3222
8885 5268
3955 1121
2144 431
5416 1800
8786 7346
4794 4323
9440 2200
9153 5288
7920 1633
9055 6765
191 21
6016 5414
3393 81
5154 4810
2357 601
2539 1010
9797 9471
8192 1242
3415 2754
2512 945
5028 3594
963 285
6349 774
6362 4618
5144 3079
1397 64
4981 4747
748 432
6374 3376
2600 1423
1998 1221
3037 2966
5135 1336
6015 644
5624 5541
3947 2061
6389 1391
7728 4798
6709 3171
6776 5855
6070 3457
7184 5524
4389 4104
593 227
4148 3403
492 394
1775 890
6447 5599
8416 3093
8382 3699
6970 412
2192 287
9587 1313
2786 928
6543 4534
9935 5737
250 167
9351 3472
3301 2803
4975 3163
8256 1237
648 124
7608 7431
6508 2689
5150 2418
8183 8117
88 7
3172 298
8626 312
9012 8670
5036 2307
2954 1305
9068 2708
8578 4592
2575 1488
3513 366
4421 3343
4690 3326
4902 548
5856 3015
3657 2353
9552 3814
9138 6097
3741 1683
7604 7350
7872 1525
1826 582
4878 3969
1176 1088
730 248
2095 2046
8881 2838
8185 6005
767 583
8263 953
3795 674
8716 8217
4701 856
5279 5105
6018 1444
5772 2139
3043 863
5379 109
7986 6567
4366 3102
7175 6129
2543 1448
3159 1557
4643 1068
3664 958
2758 1732
960 179
2488 865
8848 1353
4372 4254
3244 197
7361 3805
1417 749
233 60
