663
5867 8311
7531 8830
6691 8100
2234 4069
4750 7948
6285 9307
9267 9503
3010 4848
7915 9227
228 6833
2085 6417
4504 4783
1777 5663
40 5222
8323 9405
4227 4552
4011 5756
5972 6500
6494 6986
4901 8040
7073 8215
2617 5934
2251 7388
8395 9784
1729 8082
7595 9872
1848 6722
1637 3570
9699 9769
8452 9597
2457 8295
9581 9744
5705 6140
8789 9328
3883 4955
5224 6747
2595 4909
811 3145
971 7179
6121 7950
7908 8732
245 4951
8102 9226
2058 9420
2202 5986
926 5582
8847 8990
1473 3993
3514 3641
6714 8258
1671 7108
6995 9615
3388 7618
162 5355
3734 7405
9134 9465
2225 9024
3270 7810
7354 9840
7703 9272
8777 9809
6600 7893
2440 3526
875 2117
7135 8167
2729 5488
2547 5344
2430 8953
9292 9996
6127 8223
3924 6997
6588 7971
3594 5353
4484 6172
6777 7052
2148 7021
7462 9748
3950 7095
9301 9697
3052 4455
7363 7767
3707 4076
9972 9993
9266 9879
7057 9494
3358 5371
7233 8022
3634 5784
5850 7296
3107 4811
5855 9543
9390 9700
4021 5965
7402 8517
4698 5309
757 9905
4981 7356
8974 9037
8633 9459
1549 4709
7172 8679
589 5559
5327 7170
2573 4871
1534 3932
5657 7211
7573 7699
3702 5211
2667 9520
3679 8576
2011 6043
7314 9254
3577 6343
2799 5474
6027 6947
263 1853
5041 6620
5828 6057
787 3141
5907 7824
2258 9709
1700 6957
3187 9167
5860 8049
9827 9939
2580 9224
2816 7600
3191 9640
8508 9318
7579 8724
2902 6568
7231 7520
9102 9247
5279 8362
9212 9546
5899 7451
4046 8279
6501 7010
4027 8446
3267 6094
8332 9346
3831 5652
9987 9990
288 2140
9797 9926
5079 7037
6784 7224
367 9354
4077 5030
6288 8951
9012 9759
7312 8275
5064 9889
6958 8046
7053 7590
6554 7780
3038 9334
9507 9828
2691 8911
5305 9576
8973 9046
1741 5161
4991 7593
1155 4910
9310 9881
3231 6801
5350 7813
1523 5644
202 5185
5266 9607
7896 8594
3587 9017
5377 8371
8970 9454
2370 7406
248 6681
4127 5861
5259 6613
4157 5502
1847 7657
6478 9601
7545 8916
4874 8109
7685 8906
5739 9389
4577 7806
8812 9044
934 2990
8695 8844
1557 8585
6377 7289
9056 9250
8263 8658
2490 4398
2244 6713
8417 9270
8947 9481
6290 9314
3659 5015
8505 8923
8921 9480
4229 5606
7814 8006
5800 6446
8525 9976
1949 5521
1459 4636
6999 8081
6812 7747
989 2704
4691 6763
1207 5654
6553 8317
2774 6504
4432 6226
5882 8926
7365 9152
3314 5741
9931 9965
5607 7650
5906 9015
1361 7543
8954 9246
6705 7257
3012 4884
6329 7440
3625 5857
4950 7480
7937 8327
4355 5967
8044 8157
8965 9183
9940 9983
7339 9541
6632 7352
617 3729
1810 7833
4536 8032
3326 8665
694 9065
9898 9920
8387 9225
9639 9839
9138 9631
6704 8083
1105 2807
1763 5186
6973 9660
6505 7209
8964 9245
5319 6943
3011 8042
2271 8523
3618 7961
2718 8422
2348 5673
6515 9679
7497 7879
1690 9712
5566 6188
379 4079
8360 9589
3684 4668
7620 7972
5558 8365
9166 9566
8314 8860
6030 7092
3436 7533
2483 6403
3820 5381
5962 6803
333 1378
2806 9612
1141 3621
6033 7237
7606 9035
3500 4822
7393 8666
282 3541
1352 7063
7762 9491
8130 9901
7553 8592
8303 8840
7346 8190
5317 5471
8898 9789
9087 9978
891 8472
3739 6912
9304 9366
2533 8237
9856 9906
2379 5383
4803 9393
9342 9740
5035 5118
4840 8804
2246 7328
5883 8855
1581 3164
3103 9407
6544 9228
4571 6257
3157 5293
7868 9684
6112 8769
5763 9350
3113 9869
4749 8171
950 9767
6241 9909
4892 6392
7660 7785
3369 9351
8405 8878
1133 1497
6198 9069
2703 3244
5269 9844
8372 9317
3238 8863
5460 8325
6450 7009
6654 9080
7454 8448
3032 9513
6916 7040
9050 9812
6520 8319
557 4630
7150 9691
2226 3305
8845 9678
3397 7500
7024 7122
6946 7633
1552 9727
3503 4626
184 1864
4615 5691
5735 8868
3119 9331
8283 8882
7980 9661
9435 9493
4510 5393
2310 2634
3916 6199
4637 9956
7933 7943
1493 6794
7634 8819
1737 2501
1747 9269
932 3901
8858 9924
5667 9214
283 5395
5302 6408
6919 8094
5244 5315
3392 6448
5794 7584
6208 9698
7892 9291
34 3945
324 2216
4460 7119
2248 9322
4216 5571
3899 7612
4359 4553
3479 3631
8604 9165
1439 4977
6754 9692
1302 1985
6774 6931
1380 2913
9955 9977
8989 9801
7083 7345
8007 8574
5876 9300
7201 8287
138 5531
4074 5310
7611 8561
3055 4351
7794 7853
6668 7888
3254 5553
5583 9380
2819 3714
844 878
8925 9358
2632 3584
2600 8477
5180 9687
4922 8426
3865 3989
4684 4864
3258 4093
8266 9461
6987 7397
7041 7639
7050 9848
7496 7548
7180 7319
3647 9111
6828 9489
3740 4645
635 1842
8026 8712
2277 9406
5991 6042
5948 9538
6429 6984
3848 6573
2249 4659
1447 6191
5845 8431
6266 7598
6122 6366
1580 6954
7640 9574
2899 9486
2288 8389
3320 9460
3425 6305
478 8479
176 7476
4246 9864
9860 9899
458 4831
6981 7307
3861 9701
1731 3108
8640 8664
6745 9533
5322 9488
2922 9355
5837 7295
6234 6780
422 4251
274 9473
3554 4060
7245 8904
468 4779
4624 5538
258 1699
6927 7558
6702 6738
3403 6015
7375 9528
6757 8531
5046 5316
78 6051
5306 5929
9918 9944
1187 7359
2652 5577
4262 9732
3793 4316
1551 6245
1143 5707
9187 9458
5062 5126
7876 9047
2055 9962
7484 9665
5366 5375
9773 9835
4144 4327
4465 6303
8669 9036
5431 6894
5820 8705
9994 9995
6816 6910
7340 9216
3762 9344
1085 1293
6875 7084
3705 8762
9107 9682
5356 8120
3413 6249
5433 7324
4 464
7502 7614
4098 9525
331 8753
5499 8140
9083 9209
5276 7459
4089 9124
4267 8357
9928 9968
3078 7430
8952 9223
6046 7215
999 1027
8557 9173
9115 9933
4015 8359
4730 6369
9710 9794
1358 5786
774 7336
4169 8429
3782 7250
7758 9673
4474 7671
6821 9798
23 8842
4656 6908
7488 9559
9893 9984
1513 2098
4579 7301
1943 2312
6571 7159
9184 9445
1422 7760
2476 9642
3243 4819
8418 8475
5733 5830
1971 7811
7086 8011
8907 9297
3603 4000
9643 9669
1522 4759
3537 3936
2080 6380
5339 5825
976 8427
6900 8059
9963 9973
3674 6972
629 2459
5245 7111
2399 7222
6397 9113
6909 8993
8853 8935
5036 9010
6327 9378
6842 7344
836 8544
8072 9763
7928 8966
1545 4860
2771 6665
9511 9788
7768 8019
2431 7418
3035 5325
6325 9755
2943 3985
816 9949
3530 5564
519 2629
2528 4933
9721 9796
1040 5268
6235 6468
1079 1158
7358 7686
4119 8657
14 2442
5412 7337
8595 9369
8961 9664
8599 9361
149 4693
5500 6587
9058 9604
3851 8103
9191 9657
6791 8901
9778 9838
1664 3607
9803 9923
3384 8489
1934 8393
3298 5743
8456 9765
1974 6349
605 7673
3404 4602
9703 9958
9764 9930
975 6456
4742 8702
4520 4960
6344 7710
5332 6929
4852 6352
835 6889
4554 7182
3682 8066
3453 7298
6083 6663
9634 9833
1879 5131
4325 7468
6726 8257
4099 8810
7622 9275
5790 8189
7022 9397
8673 9942
116 3459
145 6787
4926 8821
7482 9782
200 3694
9471 9819
3431 4534
4206 8045
6276 7264
6398 7678
5585 8324
1710 2287
1647 8174
8656 8802
5436 9775
3379 8739
4116 8442
563 9248
4612 5513
9554 9723
6295 6488
3342 5656
3266 9791
2275 2503
1839 9734
356 7534
1130 6951
8660 9450
6185 7521
5257 8883
6555 8296
6647 7153
3973 6286
7979 9863
1463 2849
4219 9866
6374 8495
317 8682
1661 9752
5476 5745
7380 8598
8457 9232
8003 9555
7196 9722
4807 6304
91 7174
458
1752 1436
4627 438
4103 1967
4075 2103
8168 198
4012 1616
5264 3906
4160 2358
9621 3676
8034 704
3777 1554
2070 1916
796 293
575 382
540 178
4023 231
2583 988
9783 1722
5974 1413
5824 242
1890 318
8545 6977
9598 2850
4222 1769
843 423
9917 7489
7409 3870
3982 299
3294 394
6516 3534
3765 2820
8938 5943
1184 1180
9887 1441
8668 7177
9374 3027
7567 2568
1210 637
3291 947
1274 126
4457 2422
5639 1211
6618 6471
6351 824
2231 1509
7204 2752
2007 1604
6107 3067
7574 6712
2879 541
2332 1147
7953 6154
533 225
6451 2994
5038 2591
1869 1263
2642 1383
6733 5674
8825 3322
3292 2071
5486 948
8725 6442
4329 3888
4775 4675
601 486
3455 2144
4382 2838
5924 371
2787 856
197 35
6537 3907
8089 6196
3980 1625
2303 806
5726 5210
6638 5303
235 122
1576 1205
5871 1643
3661 561
5239 666
1119 514
125 97
1117 901
8135 4700
8991 2068
2296 1005
8972 8499
9686 6218
2509 18
535 220
6195 2671
5565 4420
4118 98
3892 3725
9636 322
7696 6508
1788 1582
3210 430
6006 2708
7012 6895
6487 5863
3850 3194
1761 742
8857 4304
3285 343
9207 620
4458 1754
7724 6184
874 284
4276 1094
9330 460
8548 5447
7934 778
727 123
8375 3128
2728 1323
1370 820
4699 2757
5112 2410
9946 7350
5262 1330
208 57
5311 1354
672 222
1275 733
6966 1144
8392 6599
1521 883
4653 2461
842 800
1287 445
7254 4264
4982 290
2419 501
8291 4601
8408 7002
2678 2299
6998 1585
269 219
3323 1542
794 41
1442 183
6874 4475
153 5
793 489
2531 1401
4104 2744
6086 5135
8410 84
8058 1642
7327 2867
5178 181
2039 1703
4918 1350
8207 5233
2268 431
7031 1756
4408 1062
3785 2541
4240 873
1663 709
6550 6444
3153 1314
2856 417
9526 8607
4068 204
7474 5636
906 624
1533 257
9210 9128
6817 2273
8204 6291
6037 4846
5453 2027
2898 2082
8780 2041
3361 2759
4059 3553
3877 2405
5653 450
7804 7205
2298 1702
940 442
4208 2676
6211 643
1142 11
7163 826
4272 1495
6017 749
9542 7547
3043 1316
1762 625
9067 5157
1012 297
5807 4560
5457 1
4897 2941
5216 2114
1233 54
5461 2719
7069 3998
7076 2008
6101 1925
5768 1640
5250 4347
9830 4873
536 327
7117 3334
8010 1630
1901 809
9276 4301
4221 1679
6806 6670
4231 4115
6963 5984
389 31
5548 2966
2386 1626
4124 2328
6313 5852
6649 4914
2035 1132
9022 1015
9337 6484
6841 4511
5505 2384
5995 1068
8243 2897
5390 3708
5183 2569
6848 5415
3205 1010
1250 780
3770 1655
1444 532
2077 1543
5049 4168
686 27
2554 342
6434 1106
3476 1874
9820 5143
2294 645
6489 3418
4468 3857
2139 1029
3249 954
1420 1152
9072 3468
9055 5172
1678 1134
6319 2765
2614 1145
7125 4948
223 136
5115 254
6682 2523
656 466
2545 783
4658 3047
4494 888
4313 661
6666 1475
7683 5643
4258 1303
5232 1794
565 56
4193 1059
1429 775
5005 3312
6163 1261
196 21
3387 3318
1577 247
6684 6419
264 92
4481 189
2205 2106
3653 3367
1895 325
697 304
1246 802
1632 6
8835 3826
7206 3056
518 440
1396 316
6845 2256
5389 4561
2637 919
6345 451
2551 1194
3381 2822
9280 6164
7075 5968
8984 5729
9747 4454
2240 1926
8293 2342
8301 2493
229 94
7255 5662
9602 3131
2473 508
419 401
2742 2721
230 75
597 414
7281 4802
4062 3716
2199 517
8541 6039
4690 3003
1418 1400
3779 566
6449 5874
5770 3484
7714 3970
2610 1322
5681 2128
5384 3515
5295 5231
8593 4842
7487 6675
2538 1168
7689 6012
7048 2724
5823 1054
30 25
4263 1348
3054 1969
1766 912
2645 2515
9875 8465
8348 1963
1714 1693
2333 1076
6760 6636
3155 2700
2053 715
6160 5619
2624 482
7162 6486
6110 4254
4703 2189
6141 6040
9074 6453
5811 2100
45 9
454 168
7831 2701
4055 3948
3995 1003
6108 3005
8414 626
4197 129
8995 6095
1190 185
4425 918
9975 4135
4729 4205
6853 4349
690 580
8403 2043
4974 1056
403 139
1421 46
265 110
4724 4482
9733 8912
2127 163
8163 3214
9096 3374
1646 1461
7225 4308
9411 3127
6547 1315
7027 3161
1855 1044
3493 3007
1547 1374
1177 276
5340 4374
1163 387
7676 1264
5834 4986
8588 2998
8211 4239
5199 2362
4319 2868
7745 5215
7466 973
2220 137
5150 2714
6283 1317
5022 4287
9627 6371
366 272
7234 2241
5875 4472
6309 4666
8765 2051
1448 52
652 12
2846 2373
6736 1793
3435 2173
4993 3229
5730 1277
8330 1841
8693 2875
4249 3858
5910 2604
674 418
4854 3301
3677 1701
6598 3004
1517 1074
7528 2962
2084 1488
5812 5584
2209 1569
9290 9004
5900 3929
1100 951
8968 7465
6050 5514
5226 3245
2423 682
9505 1553
4223 1072
2973 2474
9534 1288
1186 939
9432 4642
7809 6918
5795 1939
3283 452
2132 174
8259 5872
1983 1157
8848 4195
6838 226
6566 5865
5027 2975
2659 2048
7353 4815
1425 1191
4827 3987
8366 7383
3885 1402
9120 1247
9193 7559
5826 1950
3171 203
3351 2862
6539 1172
