38
4676 6504
1798 5094
2569 2578
3753 4525
2347 7289
1011 1762
9432 9663
2526 2748
2037 6602
6248 6360
1779 9200
2817 8192
6307 7592
5698 8313
8902 9504
5575 8109
3038 3723
8063 9898
7908 8747
6226 6712
6501 7437
574 6706
3257 7865
6782 6933
1211 7828
3320 5627
2731 5265
2248 8472
4166 8414
9538 9890
1089 2726
3994 4276
6049 6813
7339 7686
5543 7500
7739 7867
5757 7562
9175 9229
478
5803 3705
2820 2120
976 46
5866 140
9021 2530
8591 4488
6789 3387
1786 365
2079 120
2687 2368
1820 849
4964 446
1560 1417
6001 1239
5494 4663
6308 4720
3345 53
1600 795
1095 764
8267 8168
8410 856
6108 336
9044 3152
5623 1607
835 264
5640 811
1537 75
1105 570
9774 3509
8816 5190
2909 1960
6392 1780
1743 256
9396 887
2707 735
5080 4054
1405 1221
8905 6881
4356 1185
7856 2484
4474 19
593 525
123 48
2323 1641
7609 1877
1364 520
1699 54
4001 1291
6096 1985
7925 2869
3882 3201
5967 4019
873 659
2341 1688
5864 556
5555 3081
9107 5460
7137 3008
2258 1274
1490 897
533 44
5385 292
379 196
8495 6947
4695 1946
5187 414
1863 114
4491 2097
907 397
5529 1945
756 287
3918 3624
4172 1726
1913 138
554 146
3059 1061
900 894
4313 1768
9068 4145
9959 1587
1101 251
5574 1589
6317 4374
6878 6861
3104 307
5061 4393
8095 3066
7277 5833
5521 2881
909 56
577 51
8964 1917
2218 1146
5378 3580
7386 3709
2468 1989
934 18
8671 1527
2369 2331
4608 1367
5211 4335
908 384
6461 5412
4564 3379
8249 5335
1263 231
3039 1729
1052 830
124 2
2089 1368
8767 5333
9670 462
284 31
1659 920
2304 1370
8207 1861
611 270
6221 5274
3170 1382
9952 5230
4237 3427
8804 7199
1443 662
9934 233
6351 2879
1854 403
2452 2090
7632 3268
663 190
4216 784
4524 2318
7052 3182
1316 651
4575 679
9488 841
9176 3503
6150 5831
1716 1199
4633 50
5218 3047
8742 5215
7900 1066
2029 458
7262 7104
8331 5202
4274 2659
2376 1572
937 836
6014 5192
5602 2620
5996 4944
6174 782
4539 2314
5239 3456
2808 373
4173 3680
3350 306
3700 1968
3554 3051
552 30
4164 4120
3865 3581
9423 6289
4390 87
695 203
291 84
2166 1891
4746 3830
6158 332
8529 5984
1468 1203
467 40
222 70
1344 188
4629 2100
7904 7260
581 536
3324 166
6428 4383
5132 3326
5847 5269
9859 3550
3920 2475
9516 7304
1847 197
5836 4576
3228 1987
913 232
2299 2175
6596 4556
127 95
6676 4071
7013 4432
8548 3878
3103 2617
9782 4863
9437 1814
2308 364
5217 825
4865 3622
8140 7149
1764 965
3175 1
7602 5249
9058 2697
2204 459
6893 773
3890 3526
79 39
7330 104
839 775
405 399
3641 906
2934 891
1571 1067
5921 4752
5262 505
8558 7579
6697 4129
1495 378
59 57
5151 2939
9405 5130
2018 666
1026 152
1498 888
9428 6306
3055 2091
8389 2389
3731 2777
9353 4918
2442 1376
2165 1090
2614 230
3743 174
948 391
25 24
9641 5210
7677 7180
7412 2775
7243 4679
2194 1563
1788 1098
266 165
9452 3069
5858 418
9738 4773
2167 1740
9860 9593
4655 3508
9618 4045
2648 2052
296 17
6633 1136
238 226
7790 4331
1133 564
5367 2132
6948 4958
4397 4332
2086 1837
8990 8177
8699 3243
1476 858
8282 2691
5360 5006
7945 2078
3926 3390
5696 3974
3277 468
6313 2481
8862 5853
1793 648
2627 2449
5038 591
8886 3807
8078 4289
3462 2558
2675 1235
3233 58
6562 1326
5260 3522
6618 4104
3764 2967
8628 1839
5810 5398
1568 516
8685 8491
7881 6937
1125 633
8723 2815
5279 2740
2590 2092
5569 2925
7565 3528
9791 3565
3730 3261
4572 1535
2036 1454
4876 3537
6883 64
9236 2303
4038 2196
6586 1694
492 82
5351 1369
9180 7161
984 134
488 419
9478 3598
5125 1652
6138 93
6069 740
3512 1826
3207 2683
1831 43
8281 3702
9570 1719
14 5
2865 1308
5586 2850
7669 703
8748 2618
6589 4578
1173 1120
7357 5264
5063 1860
8543 3138
4300 3481
2718 1904
7564 3062
6390 5115
9718 8968
5916 5022
9365 1626
4148 1262
5297 2513
7225 2126
4907 2420
9610 2101
9303 7747
1848 607
8690 6030
4153 2796
7652 3801
6129 852
4030 1795
653 34
6409 3457
4116 2619
4774 557
3696 2814
9039 4201
5882 4844
4049 1565
7845 1231
8772 2062
5687 13
2199 1107
3646 758
6827 1658
6196 4786
8842 2597
8640 5832
7346 5221
2240 988
4060 3639
6278 5741
2889 347
5787 5186
2560 1981
3463 2580
9323 2950
7092 5840
722 614
5298 4139
8007 209
9202 5020
9680 7792
3446 2359
8719 936
7468 5102
7451 2294
2512 1630
9037 2887
9212 5595
8450 7670
6025 5674
7717 3728
6510 6077
2502 1804
346 129
9706 1969
3904 2213
9329 2656
2873 1255
6503 2719
8958 1176
5951 2065
7232 796
3158 2995
9561 5180
8163 5805
4717 168
6412 5727
2125 1124
1243 508
8370 6642
3266 3223
5881 3917
3507 3469
6505 3244
8769 5659
2798 2524
1269 502
4670 945
9027 5581
6445 4466
5566 673
2670 2532
7660 767
9751 5505
8221 4270
9656 3230
1217 434
1524 128
2802 545
8511 4375
8448 1822
1661 1412
3071 1432
3635 2622
6752 3822
7082 3775
3458 2799
2142 832
1258 931
6652 5584
1486 1436
1671 814
5092 4618
5694 408
9801 4281
3812 3545
9234 8797
5869 1760
3383 594
539 325
7647 2710
1270 1260
2334 857
7395 3821
9539 1670
3777 598
2173 1710
7242 1272
8546 4597
6775 6023
8250 3245
6810 5556
6894 6123
7864 5597
8852 1336
1409 442
1921 902
8924 5410
2102 2077
7732 4157
8206 6575
6600 3372
8310 359
9188 5587
100 83
219 178
6640 5688
3541 1649
4020 1974
6181 3407
