77
4765 6412
4319 5059
3885 8078
9835 9904
3144 3969
1261 5904
1574 3838
4397 9714
7120 9561
2702 3221
649 6619
263 3212
7250 8259
2429 4167
7556 8782
8643 9469
401 8913
6229 9057
8044 8733
1089 2551
391 5582
6658 8323
3791 8186
9899 9989
1887 2571
2832 7299
8615 9319
3093 6559
6185 7908
7763 8977
4664 6324
2968 3162
6055 6429
7981 9819
3810 6705
2035 2802
9912 9935
6841 8067
9226 9341
4833 8855
9721 9850
7015 9050
5103 9598
2782 7136
3155 9600
8201 8590
223 1542
2051 2415
932 7812
3050 7196
6016 6342
4912 7723
5577 5779
2942 4934
7023 9046
8934 9748
2052 8261
4510 9069
2965 4638
1221 3341
8399 9380
9536 9967
7274 7398
6670 8526
2183 5272
3752 7165
1676 6493
3193 3345
1445 3496
6989 8785
3380 5116
2103 8046
5086 9194
4109 8008
6413 6457
7412 8292
9476 9543
288
6848 1620
7559 5589
5063 1819
2647 2132
5886 35
9000 1233
7818 922
6732 1674
9012 694
539 18
1272 1237
9015 3198
5016 3845
7577 5732
9305 1402
4691 2358
3916 1213
5786 292
543 318
1270 792
8810 2597
3536 2941
6945 6333
903 405
6405 2367
2017 1306
4153 846
4284 2642
7530 7489
877 491
7254 73
281 258
260 255
5808 4949
6040 3455
8205 2142
7998 5127
9106 7849
5783 2343
9113 7659
8548 8471
8921 3177
8149 4492
8904 3549
3086 30
9563 861
6875 1472
8794 7510
4053 45
602 103
9968 9435
4905 1487
6702 767
6192 287
9875 7770
3871 702
7705 632
718 147
4305 2601
9570 990
4090 579
7851 6587
9617 2512
8446 3654
451 163
4440 3187
1773 128
5773 222
7074 2060
6275 3370
920 581
9078 7271
4251 2675
7234 3400
3565 1862
9176 3527
3248 1067
1490 764
7751 1657
7980 7942
6260 2870
2422 150
1610 122
6604 528
5291 1705
3562 2553
5742 486
4735 564
1342 448
781 146
1486 72
5501 4243
3053 2833
3938 1327
8668 3704
1925 1143
1449 1422
9943 4103
9144 870
6471 4635
899 265
8391 7302
480 28
4008 3891
6553 5489
4277 2281
5408 2360
6552 1442
5482 4628
5137 4391
3777 872
4538 3678
4160 1617
1294 393
9830 5564
8990 3030
3028 534
5138 2064
9481 3552
5876 2588
2387 893
4354 4330
9053 7701
3672 1100
3321 3090
3600 1285
6010 2534
1700 447
9022 3658
2118 1182
6802 3027
2324 1187
4105 1081
1166 840
6378 556
732 210
7490 2309
8272 1367
1913 169
3031 504
9092 1989
4154 1580
2219 1570
6315 2465
4273 1158
3551 2037
8333 2646
9375 3989
3960 458
4250 3694
5289 3622
9156 3415
2963 487
1991 1417
7272 2689
8327 4456
9267 1207
2499 2272
8837 5395
8815 4880
4786 4193
7336 4362
1744 194
9391 3642
3746 3364
1916 665
7871 5538
1098 466
6761 565
3736 2152
3514 357
2865 1134
7269 6119
3297 1835
9715 6023
2456 795
2187 722
2791 2423
939 866
7377 5494
7323 179
351 95
1478 180
791 345
2253 36
2596 2083
5595 2835
6337 4394
521 359
7135 5863
7115 2972
9898 6602
7905 1572
9011 280
8112 1256
6603 4935
8386 313
9700 5053
4613 2749
6106 5011
9925 4746
3277 1787
8274 2040
4491 3020
574 97
5828 3249
7410 2873
5317 2810
19 1
5687 5002
1369 482
8736 7465
8850 332
6977 3817
3226 2897
4340 198
2218 661
9321 4847
8645 2375
8558 7838
202 132
5243 2195
8902 8842
2695 2273
2232 1571
135 86
3999 57
6575 5907
5350 4295
9938 9791
9110 7872
3775 2298
5034 2635
4187 2489
2849 54
9301 3767
9653 6524
4981 4710
3064 3023
4671 1585
485 250
2204 1496
1205 63
8833 2207
9138 3706
7166 3263
428 177
5022 4977
5500 1689
5154 2445
6606 1865
524 157
9290 7185
8131 7862
2421 815
1005 862
380 64
144 109
1817 337
6300 751
9402 1507
4255 1332
9964 7656
3136 308
9407 2479
5331 4504
7473 5506
3009 2338
2607 1522
7847 1357
9625 4088
1505 475
3460 1374
3839 2505
4809 3696
6060 3039
8396 3711
8999 5575
349 290
9552 4708
8475 7445
3513 2400
268 47
267 203
3384 3312
5275 2325
9869 7795
9118 7178
