66
3362 5997
1407 2876
8064 8869
7269 8956
2930 3035
9179 9430
6132 6271
7716 7939
327 9546
8975 9098
8739 9798
3898 5479
4754 7461
1116 8876
2697 6679
9558 9806
3778 7995
737 6702
1300 4794
4618 9335
404 8457
8616 8998
1906 3008
5757 7912
8589 9744
1359 9841
3096 4320
7211 9718
1200 5072
922 4473
7991 8269
8 9018
2234 2976
2931 6557
1496 3496
5039 9350
9691 9994
170 2919
6596 9388
5817 8971
4296 5316
4014 6641
2324 9885
9424 9648
6792 9368
3796 5381
493 4192
8118 8807
666 4642
5776 6080
3746 5194
7045 9563
3088 7100
4880 6076
8464 9808
7708 8574
651 7568
5457 5881
9011 9466
2100 7652
9056 9386
9884 9957
2041 3406
6083 8308
7865 8163
2872 3113
862
2573 1384
3786 611
2904 2238
462 283
3410 1971
4588 578
8954 4199
9390 1137
4297 1394
7506 5178
8201 7319
6563 3350
5906 2078
5213 2770
5226 1898
9898 5167
4422 2974
7888 1897
359 282
3200 418
3870 1693
8669 6852
5028 1753
5420 3536
7399 3527
5363 2988
8277 7580
4211 4102
1512 1342
247 116
2130 34
5710 364
3753 730
5346 815
1294 516
5556 4712
4513 733
6223 3701
2260 1205
3810 391
6936 4348
9554 1820
5342 1229
4769 3543
3260 115
1877 477
3419 2112
1192 69
2117 284
8576 4580
4033 3765
1661 785
4558 2503
990 964
356 127
2523 2325
7023 4987
8958 6695
412 72
3497 2174
2800 1298
7699 1834
6830 4715
1269 525
3676 816
274 140
5705 2760
7201 4508
1353 334
7433 6758
1773 653
5689 4460
1041 794
8019 2319
278 143
6233 1908
8632 4327
541 377
2667 17
8469 5926
4948 1737
2747 23
6198 4962
4319 264
7905 2536
3223 1487
8637 1867
9608 373
9258 8815
7855 1829
4433 1972
5023 3348
25 2
9710 1414
2039 1421
463 444
4189 2771
1776 1103
6034 3974
4552 3174
2623 254
6102 1780
6181 6082
3660 3163
9486 2526
4148 3818
6242 4628
7432 5469
7687 7355
4396 1066
7721 4269
6374 423
4966 3868
4885 4305
6254 5795
3638 1891
259 6
9696 1354
185 172
2798 2329
6715 2927
232 21
9462 6618
2851 2152
9771 8545
7968 885
4981 3400
7609 1250
8383 3644
7094 3078
9080 6938
3989 3207
6999 6724
2605 2365
2520 1992
4375 2906
6370 1711
3370 136
1873 643
9530 7014
720 650
100 22
8135 5989
5858 3177
9213 2807
9442 9170
4838 1926
6610 1307
3790 3437
5345 4170
2298 682
9491 3346
7165 2063
290 256
5482 1841
8850 4630
8947 1561
7383 6278
5443 3183
36 1
8184 3799
9110 7055
2841 904
6929 6645
5275 4474
4829 4113
1448 197
9772 7843
829 74
1544 1529
4556 3714
3261 3210
4353 703
5134 4797
9131 3218
2170 1933
9031 3042
2546 897
3771 1295
3308 2840
6846 1381
3854 2470
3432 3339
8242 2487
8495 7602
8392 5655
5367 4413
1276 685
9560 5563
6098 3939
4720 1954
1889 453
3785 3664
354 281
501 346
6361 3407
4347 1098
4581 4338
3891 1249
3539 931
5068 3033
8473 4925
944 939
2746 475
6105 385
4601 2133
9846 5102
9455 2101
543 231
1495 999
9831 3903
7581 3707
9635 132
1556 895
3240 2702
441 82
5934 4000
4756 3011
3946 2849
8875 6726
6653 4526
3741 3382
1225 577
8509 6314
1521 617
1662 436
5712 788
4648 1759
1744 1280
5830 5582
5927 982
1148 962
9354 5300
6719 6108
4003 3922
3696 459
3773 3318
7057 6124
1290 54
1813 608
1627 1237
1812 342
1814 987
7722 6657
1530 302
2562 1541
3932 1425
6180 2219
2598 640
6311 5649
1967 14
8543 6144
1651 1019
8631 3211
8520 2777
6262 2881
5005 3501
9997 5879
600 118
7611 2025
6345 1778
43 26
1715 1233
4903 1330
9392 4442
4509 2835
3420 1171
5754 3311
2373 1746
7906 6166
5165 4989
4140 921
1653 576
3091 1243
8406 2599
6333 1006
6491 4573
6248 4389
3736 2687
7625 2229
1871 888
859 564
5245 2351
6533 1315
2638 2489
3417 2012
2263 3
8749 3666
9004 4567
8860 8202
3431 2558
1181 233
2543 979
4130 622
6316 5337
6423 4257
4853 4072
7638 2223
8630 1476
338 190
1348 35
1990 889
1745 1538
7780 7033
9983 3201
6194 5530
2778 796
9824 1629
4481 3095
4249 1687
4783 934
2843 1962
3248 1292
1944 1568
7157 923
5787 4359
1418 298
1754 221
674 117
6809 164
2613 735
2084 1618
4998 3007
3097 1165
3222 797
55 38
8646 2302
1860 1843
1340 1065
5168 3360
3495 1692
3914 1964
5558 1273
6496 773
4697 1643
3190 3005
6201 3873
6879 217
6040 5386
1565 406
1222 571
6680 6652
2664 1047
9852 9010
1723 1503
9224 4143
8548 6538
6498 3102
3639 2790
3518 1154
5119 3881
6712 2576
7473 5534
8843 1850
747 300
7565 7350
6771 323
1847 214
7306 6591
167 126
3831 2603
4188 1726
4391 742
2018 471
8733 4306
9819 5376
4940 4539
2879 1461
8658 6616
1147 222
2821 1478
2413 1438
5138 810
6123 4837
8846 362
9314 2393
2666 1857
7108 4550
8395 6131
5852 2579
5018 2178
6572 675
2458 428
8341 4233
6235 984
4469 844
7486 3044
5454 1713
801 83
4155 1040
2994 2979
166 102
7797 2390
5669 3328
2962 2496
940 870
8139 5716
9476 6811
3658 71
9538 6798
5608 2939
1590 919
1366 234
5298 1108
3157 2813
57 42
8724 189
7897 5199
7182 2846
138 9
6324 5400
6036 3949
4611 3670
5744 3442
9650 3577
690 603
2820 262
5806 2987
6923 3352
8190 3480
2404 1484
7988 5027
2221 1547
8599 6921
7025 4952
2010 1436
2653 1520
8287 3118
9241 6430
4488 4452
4677 1442
3446 183
8659 5835
6877 5736
8059 5131
4467 949
6488 3631
3030 1633
1370 680
5453 5077
7251 1241
229 87
9043 4398
5312 4397
2959 1684
8179 1477
3997 971
3021 2065
319 32
2175 240
4039 1584
7167 5709
1788 673
2951 2128
830 429
9396 1767
4242 881
7153 6017
4238 2714
9703 9686
4689 2610
994 581
4159 1027
8068 2193
1604 422
4086 2061
108 61
7801 963
3606 3540
3284 2683
6478 5935
1182 159
1044 7
5210 5170
1254 433
9976 1493
3236 2246
751 309
6559 4760
7656 4010
9075 3105
8710 7551
5220 4767
3422 225
8040 7740
1543 285
3980 1364
7190 4324
9628 2060
8901 2996
2379 1882
6238 4423
8715 7989
5671 2275
8177 2095
9929 1802
1783 899
1782 1624
9262 8441
9082 2030
6644 4594
2109 933
8895 7237
3386 1554
753 528
568 512
2265 1346
8211 1111
8474 7714
5636 1818
9979 4228
6167 4878
7594 5230
4045 1035
3866 1083
5021 1462
5467 570
2142 66
8244 6700
7723 6206
6941 3627
2948 761
1071 853
2360 1748
1164 1158
4695 1511
5192 804
2037 1832
5259 2797
3953 1884
5943 361
9410 3391
1668 845
7650 3976
4735 4635
7174 5703
3987 3243
5883 1380
1690 267
748 628
7990 1455
4566 4058
1995 514
4752 1368
7817 1799
4301 1509
9507 860
6489 1839
6188 2743
9692 2006
5284 3413
1619 1562
213 16
8009 3321
5792 5078
8595 3379
1317 698
5775 5604
5724 5319
5462 3302
5928 5698
8303 2053
9171 625
5232 2282
1179 619
2555 120
2504 321
6044 4059
7681 3683
2151 1258
8706 5557
6338 5114
2731 1045
4468 1628
9713 2388
7354 114
866 85
7928 2958
5825 2346
7118 178
5605 435
809 46
7226 6138
7380 455
6619 1076
7830 2524
8672 193
1803 1032
7946 7066
5293 3669
50 10
4912 2305
9699 4654
1325 714
702 113
9942 8282
1316 707
2444 876
5866 1100
5818 1277
7948 7933
8035 7143
2453 916
3863 1335
5092 2358
1536 521
7401 3409
5093 4190
2269 343
8424 1639
1114 1039
3722 243
2242 1762
1395 1077
4748 1204
5496 2565
4127 1096
9612 3535
5681 4220
6322 593
3220 3094
2016 1336
279 119
1676 599
4711 1310
7900 4562
9192 4796
3966 3226
8297 6686
5687 4771
6785 4530
7531 5291
5896 5408
6578 4883
3084 62
3455 1740
7205 1699
4599 3935
287 28
8140 3710
1397 569
6106 4109
3875 3212
5864 4256
9987 2483
8972 6677
5692 3779
9596 3850
9895 8682
9817 2412
8865 7756
1635 500
7773 5688
5020 3398
4544 2286
9669 4750
5459 756
7348 370
8128 5357
4792 4634
5648 2466
3572 3024
2480 903
4374 2867
2427 1876
1602 1331
3189 3179
5693 2894
3582 3341
5520 5308
395 195
7036 1801
4572 2424
6704 4164
5446 5260
5042 3338
2196 1270
9630 7042
1357 387
4795 2680
915 89
9589 1355
3969 1235
9641 1029
9571 4241
3944 3745
2417 165
5480 2086
3017 1507
5794 3689
3146 1848
4260 4089
9742 5421
6926 3040
6902 2629
6733 6532
8906 3595
8863 5219
6845 1293
2301 333
9209 5361
9835 9077
8379 1567
7630 4201
5445 3897
5763 4565
8480 7314
4231 3383
6744 1464
2883 2092
1025 572
2670 341
9287 8255
4893 1724
7828 2674
1481 77
1272 1038
2149 828
1980 645
6301 5930
7938 4043
2723 1540
7893 3002
4633 1957
90 84
6492 3841
150 133
9329 7032
8487 5436
2985 1275
5936 1344
1132 369
1528 983
5336 3686
6539 2186
4221 2859
1191 732
1790 39
2688 1234
6854 5087
1708 398
9460 7950
4418 2256
7166 5541
3791 1043
9927 9025
7538 4821
2834 134
2020 517
8146 4729
5244 3440
7483 4802
5924 3474
8977 5886
1112 741
3468 2276
7446 621
8338 1197
8766 7136
8643 4606
7288 2210
2935 2553
7833 1888
6203 2201
5638 260
4409 3264
6477 6081
8557 1115
5473 4668
3998 1375
7199 2997
7969 4852
211 187
9591 8237
3068 1251
5206 1659
9567 4425
875 98
6265 3612
7442 52
4073 1449
1824 1572
8438 250
1672 431
7984 7693
7072 3483
7263 4024
8743 4587
9615 1094
3729 180
3581 775
1550 292
3244 3216
6073 2486
8702 1647
8315 6281
4685 239
2505 439
3757 509
7770 4304
5580 3852
3857 2280
7487 5786
135 75
980 315
4106 2422
3695 2991
2965 2085
2727 2469
7564 6005
6354 20
8713 7769
5412 2866
2299 631
4082 3599
5840 2233
5917 677
8745 4151
9605 6375
8730 5797
9118 7667
4116 3298
646 318
65 13
5598 173
8104 5317
3493 3135
594 416
655 230
4749 745
3224 3109
1030 616
2518 1392
3878 3443
4522 1211
4933 4197
1696 770
3655 1130
5572 1710
498 68
9656 3702
7037 3077
3324 3268
3184 2474
5140 3012
3782 2090
2631 1932
7386 7208
6978 6567
6214 5619
4621 2512
3993 711
8443 5808
9040 1224
4158 961
2423 1122
8134 5672
606 482
5396 3232
1941 663
2932 2267
2675 1084
