781
8407 9403
2730 4462
9525 9653
6943 9826
4282 6450
1147 7359
25 2908
1328 4458
1957 4362
728 1726
7472 8473
6507 7291
6106 8487
1364 9527
1207 9318
6126 9950
4894 7422
809 6516
9054 9419
5966 7760
8867 9773
5247 9405
257 5925
7446 9393
164 2145
3519 3772
8362 9396
5629 8168
2185 4172
6685 7887
430 8460
4619 5963
919 6546
1455 1934
1944 9080
349 4471
7496 9369
8611 9747
1577 7230
2593 3965
2827 9228
4095 4245
2397 7908
2337 6277
7437 9155
7283 7292
20 6186
6978 8852
8025 8879
9007 9047
9997 9999
9751 9962
6870 8554
6066 9625
5907 7311
5711 6913
1318 9069
2197 8080
781 1281
8532 9202
3914 7443
1014 6145
2261 3478
4292 7904
6732 7857
52 1535
5518 6591
4150 9940
2147 7587
9323 9879
109 8156
5376 7741
6895 8602
6775 8865
995 3723
4580 7189
7673 9712
7452 8484
7863 8144
8832 8910
7112 8587
7816 7883
7720 7907
2767 4272
7031 8787
3024 5195
9753 9893
1069 5697
3739 6373
2836 3137
1019 5452
4713 6962
7884 9077
2956 7344
7036 8842
6027 8418
8789 9095
9572 9659
2087 2277
562 5993
9078 9784
5604 7418
8606 9541
5988 7817
5047 9301
7701 8580
9910 9928
2577 9371
6909 7987
4449 6206
1758 9324
4865 8177
7025 7870
6934 8651
4881 7475
8211 9642
1212 9761
1313 4383
4115 8105
9049 9584
9864 9895
8213 8240
8929 9424
8091 8485
9044 9843
4212 8781
718 3169
1339 3656
1810 3147
4950 5104
7251 8045
4963 8926
241 6414
1168 7028
8085 9988
8209 8754
1987 3908
3971 6865
4474 9841
2021 2796
6367 6946
5460 9983
5964 6570
4364 6493
4497 9406
1579 5852
4631 5816
9452 9600
5331 6642
8062 8583
6242 8280
3317 3904
9423 9553
3470 5493
8401 9332
2167 6670
2662 6203
1828 6669
6035 7821
3678 4009
3008 3074
3162 6369
9772 9832
4266 5355
5020 7572
7117 7207
9065 9590
2487 4755
7060 9038
3081 9608
9706 9851
5124 7897
459 2875
9157 9710
223 6110
3502 6656
9713 9885
5221 8573
3976 6695
8811 9081
9922 9996
8128 9440
1264 2674
7 9622
8003 8666
9143 9658
8247 9849
449 766
4386 6722
6800 7980
1257 5551
5229 6403
9016 9478
8560 8732
5883 7574
2603 7738
5263 7586
9395 9683
192 2139
7936 8873
4431 9882
1946 7372
8018 8116
6024 9426
4742 9644
8548 8827
3995 4748
6055 6301
6529 7096
2792 6487
9969 9998
8251 8311
4017 8816
2492 4108
4668 6827
2696 5090
810 9636
4337 5146
8137 9723
2987 3693
3547 4349
5086 6080
7536 8897
1245 2047
1909 4852
7625 8679
5329 7985
1982 8214
6864 9242
739 2697
2090 9482
3966 9094
6098 9303
6653 8598
7064 9030
2419 6681
3942 9326
6189 9856
3911 7119
723 3086
1193 3594
5149 5581
2572 9669
2653 6194
1433 9774
6236 9588
7689 9304
4345 7333
8466 8483
6697 9978
7928 9827
3403 5018
2964 3329
9530 9911
2984 6259
1046 3856
4372 6717
4851 7318
8600 9985
7442 7867
7165 7713
3180 4501
7592 8352
8231 9581
3402 4526
7293 9610
9254 9280
2063 8043
9083 9354
3511 5478
7622 7769
1659 4523
5952 8244
592 6967
3424 4300
1040 1139
9320 9754
1350 5691
5536 9741
5423 8210
2934 6153
4352 6755
1770 5842
3084 4768
7619 8668
2214 4138
6006 9768
5866 9211
3513 5377
138 4211
7583 8828
4775 5379
8903 9370
5611 6011
413 2719
6527 8092
234 9234
2342 4347
4721 5725
7636 9821
5701 7591
1260 7023
869 8988
3229 4061
8187 9438
474 1044
5206 8454
9145 9375
2366 7399
5680 8993
1135 6679
4677 7989
9586 9630
4441 4617
9059 9721
4376 4760
2020 9454
6650 7458
5497 9926
7227 7277
327 2389
3715 6853
4832 9249
7357 9022
6671 7386
5029 7266
5440 7463
4628 6380
9494 9869
9968 9970
7810 8186
2599 8434
5589 5634
2539 6423
4406 4561
715 4434
8386 9017
4648 8379
4814 5202
2235 3497
1580 1949
2051 4817
799 1389
364 5927
9219 9413
2302 7053
6929 7990
5315 9555
1969 4148
108 5067
5844 6258
7338 8648
2962 3679
3361 7915
6091 9470
6155 6162
2754 4274
777 6215
2404 9800
8383 8384
3779 6437
1740 4085
9366 9833
5089 9582
4509 8395
7986 9018
454 3097
9734 9852
2710 4351
1673 5717
5170 9297
5065 5130
8030 9465
7881 8172
2442 2677
917 8196
5843 6004
7366 8697
4254 8950
9416 9512
7041 9464
7752 9231
3552 3890
2056 9147
8810 9987
8194 9579
7465 7608
1056 3527
8183 8735
2349 5897
1556 4344
7246 8940
4700 6387
6166 6677
8680 9591
5919 6491
3712 6381
6830 6966
4589 4627
4232 9191
6700 7406
6887 8026
5486 6114
8793 9218
6307 6774
5787 5886
3830 4606
1224 7901
825 1153
2306 8896
7618 8893
3089 9711
2200 7381
9825 9848
6552 9391
9446 9456
6430 6616
7729 9565
9093 9892
9169 9215
6971 8902
5437 9623
8431 9770
6056 6842
608 2259
5974 8766
4066 4248
3267 5137
5550 7052
7191 7393
4453 4630
7601 9672
4443 5670
3645 6785
3930 5555
709 7927
1023 5594
8763 9437
4201 8850
9203 9398
9939 9942
6902 7391
7411 8871
8764 9190
9767 9807
8971 9813
2267 8096
7133 7267
8443 9975
158 2615
5421 5520
5135 9995
7956 9561
3979 5791
4674 5983
7877 9120
374 8577
5941 7347
1355 8086
470 1230
5119 5418
6009 6085
1607 6484
4226 5783
1822 9041
933 2037
4536 8798
282 4889
2463 5970
6315 8495
1701 2762
2208 4961
2903 5992
3996 8019
7717 8174
5322 5438
3105 5414
5420 9060
3444 7180
8741 8848
2427 3852
5653 7805
5940 8851
693 3017
8622 8970
748 8633
8920 9522
8215 9715
887 2217
8924 9850
7697 9808
3894 3895
5313 8169
9524 9857
6815 7801
6079 8430
1395 6370
1538 5538
4401 6770
8958 9516
5059 7273
6102 7694
8037 8294
2169 2211
9917 9929
3546 7488
4276 5474
3835 9159
1876 2100
7199 9149
7994 8348
3507 9880
2462 7209
5548 6312
7195 9924
4127 6361
2595 2991
897 5330
3659 4165
2425 7029
8582 9221
1590 9325
9506 9759
8561 9475
4099 7495
5832 8480
1906 8722
9174 9730
5121 8557
2846 7543
9556 9935
1354 6048
9809 9853
3990 6357
1077 2620
3543 8121
6924 8081
6494 7134
3143 8565
7667 9745
989 7874
8051 9844
590 6140
2632 6289
9296 9497
1127 6337
2377 8829
6795 9429
4757 5665
3194 6200
9682 9812
2476 6167
5482 8521
8931 9367
6324 8844
7722 8512
5016 8932
1150 2840
5014 7346
6143 7440
8402 8814
6177 9881
4657 8437
1720 3515
6124 7638
6233 9756
1401 8342
4810 7792
7261 7501
913 7166
1179 4419
3157 6613
1924 9645
731 3535
2094 8723
5977 9154
7305 8185
410 4476
4466 7557
8891 9810
4275 8217
2284 9026
4481 9179
8778 9372
2614 6690
9908 9919
8623 9663
309 507
5234 8082
6314 9898
2486 7360
1767 6363
6970 9726
3388 4712
8163 9166
4020 6878
3110 5151
1345 4576
4809 6409
2286 8110
8226 9717
113 9637
5461 9619
5205 7662
5318 8637
9466 9948
3245 7937
1680 1797
5081 7284
9171 9752
9355 9707
9109 9624
1931 8826
4923 7225
3581 8578
8482 9201
3452 4696
7756 8273
7602 9265
5144 8640
5338 8265
1208 5573
7746 9824
4363 7585
5865 9489
7716 7954
220 2912
8397 8928
964 4393
795 2402
6425 7866
3270 5374
6360 9578
147 3605
2831 3613
1572 4645
5990 7693
386 8255
1299 3766
4868 4937
7925 9435
6073 7523
6810 8259
3457 6397
563 4440
2678 5715
1246 1998
48 3358
6834 7621
3579 9176
8224 8944
5219 6355
6466 9679
9039 9317
4836 6254
9365 9861
3748 6335
8089 8686
3463 6912
7471 9181
9011 9097
7377 7864
491 1514
6526 9606
1053 1494
9513 9835
5818 6790
6297 6454
7497 9602
6181 8406
4039 4807
6309 8261
6 3836
6196 9964
7087 7444
1400 4071
3323 6594
6921 7430
7057 7855
725 4421
3325 5929
8131 8200
8948 9140
8429 9196
5609 5749
3108 6859
9230 9309
8464 8783
1205 4520
7919 8399
4682 6064
6767 7910
8961 9777
7567 9399
9377 9439
6184 6620
3300 3595
6791 7610
4860 8307
6793 8655
5856 6300
8107 9266
3603 4735
273 1360
5491 7963
5900 7419
8517 9862
1347 5350
682 8941
1596 6511
8997 9282
5439 9654
1112 8046
2133 8790
665 4080
135 6336
6435 8898
841 6276
5851 6828
8057 8667
6524 6982
6377 9168
211 2769
4395 8797
3998 4577
7339 9873
7106 9548
1414 2992
3681 3708
5240 9764
4547 7655
6595 9239
2418 8468
3208 5960
4644 9641
5546 7951
5531 9529
3101 3570
4975 7833
1981 4433
9887 9967
2220 5914
3635 8127
7010 7594
2999 8264
6508 9671
6985 8693
8048 8448
9090 9788
8688 9248
7435 7781
3599 9106
4867 8233
5339 9343
3485 5445
6013 7139
1826 5893
8066 9153
379 7030
5504 7286
493 5093
7924 9088
8173 8743
5456 7834
6706 8621
4597 8752
1298 3219
5718 7398
385 2555
9558 9685
1467 1785
561 6207
3404 4279
6678 9357
4690 9376
6933 9066
2966 4592
3690 4240
3292 7239
8421 9704
5305 5899
6
7813 4357
4843 987
6281 5746
3364 354
8755 5064
9053 752
