372
9967 9971
1131 7262
2609 9534
8764 9087
1693 8973
6384 8529
2467 5892
6373 6586
8753 9616
1114 6333
5580 9152
1046 8051
6273 8800
6500 8257
699 7899
2131 9242
1480 7548
8871 9083
3068 7194
323 5640
6454 9463
8827 9378
9173 9337
524 7868
1945 4689
1307 2792
7334 7831
8769 9851
7461 7533
7044 7190
7463 9968
4926 7685
8408 9174
4629 9251
1019 2439
8886 9144
7034 7453
9691 9978
872 5076
9105 9724
9475 9569
4368 7794
9373 9784
9911 9943
1677 9236
5556 9263
9525 9688
3980 4033
5835 5876
5667 7268
762 5596
4579 6153
7186 8158
4891 8514
1420 4055
2735 5542
421 2349
8279 9980
1422 9887
4663 6544
5846 6144
9049 9352
6268 7306
8069 8626
3195 8128
7690 8684
5068 9162
1035 1708
7639 9106
5998 7820
8607 8696
690 4273
8955 9464
1175 1384
6365 7449
8077 9309
6405 7659
999 1118
4832 7692
9996 9999
5171 9384
7429 9888
1819 4229
5268 8386
5749 8086
5275 7903
1676 9235
6175 7122
2267 2976
9237 9302
5031 6074
1355 7150
8555 9503
6346 6656
4305 9303
3840 9739
1126 3626
7678 8207
6120 6208
5914 7684
1091 9208
1943 2526
8418 9112
8363 9100
1548 2743
217 7095
1290 4105
9610 9823
3288 9454
6510 9913
2763 2778
1017 2596
6540 7999
418 8539
2524 5535
7358 9670
3105 8736
9225 9940
6697 9767
5084 8190
739 3570
5874 7217
9882 9900
8431 8528
5626 7956
9828 9972
3591 6506
3517 7931
6992 8280
7652 9895
2642 9261
705 2998
4013 4399
2830 8826
5585 6486
854 1716
2990 8285
1372 3991
8582 8749
1132 9693
9667 9839
3023 8436
1240 4594
5893 6798
2599 8482
700 7094
9861 9991
898 4952
6329 6983
7673 8830
5286 8243
8503 9453
1929 8629
6726 7976
3372 4426
7008 8931
1578 7049
6773 9837
370 7317
3671 4204
3458 6934
265 9418
5529 8038
2053 6067
6763 7304
2570 5870
5904 6812
3305 3357
4372 6216
5447 9307
8288 9659
7225 8953
8969 9194
2171 5143
6584 8617
2575 8513
1329 9636
1671 7110
4490 7487
7563 8179
6769 9740
8298 9561
8988 9420
7402 7444
5238 7677
7414 7472
6671 9131
8689 8928
9026 9260
3324 3534
7023 9753
9755 9954
3280 5801
9257 9387
1246 8744
3566 8473
5855 9467
9323 9953
913 6002
4046 4222
360 6762
1319 3149
6123 7056
5285 6176
9692 9860
8598 9191
471 3160
8154 9604
9119 9164
7319 8544
9427 9566
8200 9732
5299 9059
4128 9375
8189 9089
2667 6475
2925 3438
1746 9200
1145 4540
8272 8934
7630 8622
5449 6188
9564 9575
8089 9142
3773 7958
9715 9778
5676 9628
3447 8960
2872 5231
9602 9774
6707 6808
7723 9568
3012 9325
2732 3741
4261 9277
8533 9310
241 5339
6534 7495
5532 9060
4163 4806
590 1075
939 1774
6665 7488
5787 9908
4793 9654
2376 7410
1452 9462
4140 7876
4460 7010
6933 8596
4538 8922
8745 9042
8958 9255
8820 9333
4569 6326
4794 7797
7932 8215
3451 5867
9718 9989
6283 9723
3692 7611
6240 7344
2276 9926
3779 8110
791 2657
7816 9434
5522 8320
2639 4905
4971 5587
7182 8377
3713 4804
8106 8991
8720 8908
560 4740
3604 5899
426 6795
3159 7111
1040 1939
7263 8407
4843 8433
3607 8237
3112 8132
2322 4960
6498 7842
678 1064
6746 6842
9995 9997
8448 9270
6445 6771
4248 9633
1635 6386
1207 4411
5025 9450
8195 8828
558 8449
3844 5204
6227 9107
5825 7416
6070 7930
4428 8643
2218 3860
6735 8615
4282 4574
607 6848
432 2795
6139 8657
8929 9477
8064 9506
888 6745
1323 5202
7477 9361
6752 9609
2119 9726
6914 8383
6327 9850
9933 9961
5018 7470
6627 8942
7392 9896
3858 8808
4459 4954
6774 8964
6741 8786
9790 9987
5734 9674
8384 8562
548 1613
9769 9920
1107 9010
7782 8746
7661 8999
4387 7781
2035 5789
1404 4747
2807 5138
3033 8392
2922 5888
6972 8634
4479 6708
7276 7330
6817 8394
6984 8632
7795 9588
1030 8199
3830 4721
5024 8400
3537 7170
545 9170
1843 8963
5198 7556
2588 3192
871 8876
257 6880
6851 8498
9155 9806
4003 9603
5273 8870
1935 8341
2866 7109
2209 5191
1235 2108
6134 9912
4555 6300
7702 8635
8073 9460
520 1368
7800 8221
4142 6919
9809 9944
7565 9736
2381 7703
6694 8212
948
8121 5649
8524 7496
2654 1591
9902 2522
8748 2056
6871 156
347 64
8497 7767
8365 7288
3680 2451
2096 242
4002 2665
6743 4379
2951 2808
8208 385
3526 2332
5483 3153
5879 1317
7818 728
176 129
5498 1932
3251 155
4667 4367
1540 523
944 911
3120 2580
4893 889
2525 1914
2453 2281
5444 3805
2199 897
1721 82
3757 2687
9612 574
3327 2180
6274 3014
8571 406
2758 2480
1748 549
2504 1187
5497 1705
3865 622
3941 3664
790 236
267 106
9364 8432
1852 320
5575 2262
5655 3972
2648 596
4424 1969
2531 1571
6837 4110
2378 191
8103 580
3586 3292
4477 1516
656 75
1875 174
4027 4026
5706 4268
9730 293
5674 466
2265 1913
8247 2909
6166 941
6916 5702
1826 425
8790 5188
448 261
7622 7229
6574 1978
4023 1357
8362 5745
537 238
6892 858
7628 3919
9955 5813
5482 3360
9077 7872
5602 207
1788 1726
7996 764
5763 104
8321 3282
4940 4862
4660 2134
5937 5500
5258 4340
9988 2674
4763 2368
8353 5973
3320 2712
3950 454
4393 1941
245 244
6408 4784
2269 615
3510 2835
3453 2065
9446 4656
3918 3616
8042 732
9909 7390
1896 315
7866 5886
2543 693
3693 2607
8440 2278
9168 5881
935 921
6152 3914
9939 4994
3154 403
8225 3238
1294 144
7812 3635
5450 1669
8957 3631
2945 2927
7221 4040
7464 4791
3778 147
8468 2829
5328 3803
5055 4334
3504 655
5359 2568
4279 131
2751 1663
5227 2593
4220 3072
949 215
5189 1137
5933 1701
6179 4849
4074 3920
2287 2210
8256 2753
2977 2367
1545 1113
1611 1247
6269 3659
5182 1946
2746 1098
3226 469
9067 3903
1523 42
4369 4335
2671 521
4665 1981
3020 14
4209 92
1062 285
2259 1473
5799 4637
2591 535
9180 8858
2678 1924
6118 213
6037 515
6218 2118
570 259
7830 7566
8521 4631
275 252
8250 1995
7620 6911
3341 2742
5557 1923
7545 4681
5864 587
4219 2029
542 55
4552 4509
7021 5173
7003 1162
2612 201
1031 138
9126 4238
6891 1374
9036 8485
8902 6926
3290 1732
7966 5246
5958 5254
5533 4799
9099 5037
9697 3731
3949 2396
576 410
992 329
5488 5354
2516 1869
5427 5418
1475 770
4603 1989
7380 1758
6678 6239
6976 4846
1281 886
9258 95
1699 1415
4318 3259
61 48
9374 599
4263 3639
5815 5296
9990 5793
4198 3419
5531 2527
8057 2315
3432 2446
2983 1403
2905 1316
8792 1584
53 50
5785 1213
3958 186
7028 6458
5673 2233
1795 772
9587 3714
9805 8591
7668 2502
4241 1731
7746 3518
6124 1984
8070 6241
1259 1048
9389 2083
8350 3925
9629 5863
7310 3753
9305 6516
8639 1934
8035 3354
9899 216
7257 3971
9311 6121
2804 1288
3426 1278
8688 5564
7875 530
7104 6006
8972 602
5854 5153
5829 1160
8522 7018
3854 2344
5178 4818
1369 661
1894 1024
5943 2059
5493 2337
1816 350
4323 3243
3827 2605
7047 5108
4038 3901
107 11
4678 2889
644 635
5729 1506
7712 1363
8018 372
4770 1266
5833 2892
3074 2853
5163 3237
7942 4691
3053 629
8729 6313
7315 3700
2767 2513
2785 392
4120 77
8526 6161
5528 376
9402 7998
2721 2150
5908 2377
8731 2844
5439 2944
1815 1300
5689 3335
6549 3646
1793 461
1223 1210
5437 3658
7683 6403
2714 235
5970 5383
6614 5965
4373 1622
8986 8838
3651 566
5086 4902
6203 4826
3307 2939
2964 1639
3174 2063
8667 309
8268 6323
861 29
3718 2972
7005 2598
6960 3793
2413 847
1458 1343
803 4
1354 1182
6784 4723
551 20
4864 2424
7648 3855
5325 1510
8730 908
3008 470
7393 2920
6609 3993
1570 525
3329 839
6237 158
8491 7233
369 15
1071 641
7113 3977
9009 2954
6641 3225
9421 7553
6047 4171
8589 6307
7151 5119
2936 763
6790 4374
1882 1811
8705 264
9973 5889
3266 1958
3705 37
4352 4121
7167 1630
514 266
40 26
5579 163
6432 6174
1361 204
2438 2200
1229 717
6836 1078
3070 2016
1835 877
4510 2615
6835 6353
3383 2208
7979 7564
1886 1004
1301 1018
9044 1857
2380 2182
736 437
179 96
906 59
2384 879
5722 1809
3951 3369
5193 3970
8009 3239
8160 7983
9492 1433
8706 5403
1856 1491
7516 3274
9441 4709
2848 1140
5974 2285
3437 1581
7749 7124
1275 271
7714 6910
4966 2258
4047 2275
8558 4915
7524 516
7452 2730
6491 3358
9878 1650
8872 5880
8611 7030
2682 1670
4423 4341
6082 2130
1391 292
57 17
8699 4996
86 7
1977 1960
9143 6312
1083 203
4448 2145
9557 1740
6711 1205
5592 1465
5432 2971
5503 1324
5244 1587
3730 424
9487 7485
5278 1429
7040 1313
2203 1013
2284 665
9879 4857
5346 4053
6254 738
299 58
3421 2151
8235 659
2918 1245
5949 1108
8721 1839
8253 6207
7152 613
2875 1444
6747 6275
3796 157
6615 4307
787 276
9510 4705
9476 3146
4296 2408
9930 1781
632 227
6296 5715
5466 936
9322 8180
2798 2230
3532 3398
9021 6643
7691 6765
5390 3546
4442 1873
2147 1887
7944 6359
6920 5206
2950 2310
4274 1375
938 18
7576 2256
4566 2127
5650 4699
3463 224
5737 2034
8747 1710
1792 391
2700 2293
9029 7665
1987 679
951 722
9365 5627
2761 2190
2123 120
4449 288
9983 62
2985 485
7592 5102
7846 2973
9163 1714
4285 4095
3727 1586
9394 8799
7701 1704
5015 4144
1111 579
1628 68
3928 2500
2796 2715
2560 820
6680 128
7731 6828
5192 1202
5365 1602
2681 2055
6087 3007
8335 4465
7308 6440
1002 428
6732 4489
5457 2188
2195 930
7046 5284
8586 539
4636 1135
1820 1221
1181 310
4497 4113
5315 3500
8538 5176
631 398
6178 3368
472 253
9880 3933
8 5
3255 2148
6511 2728
1201 313
4886 1293
8697 4122
8026 3565
8091 4420
5044 3866
9353 1170
5617 319
6545 1574
3365 1112
8664 1632
361 56
9249 8912
4366 1269
9584 673
3988 2416
5930 1832
1380 934
4570 1904
1346 1121
7139 6012
6490 2455
796 746
6521 2168
2959 182
5623 4378
7447 4441
6734 4400
7450 5910
5925 3356
4848 44
9945 8724
6546 2222
5842 1010
8554 5866
5812 3615
8205 6829
9717 4123
2110 489
2450 774
8374 6605
5803 1668
6796 1303
5826 3880
9447 8426
2479 161
415 279
1314 115
6427 3111
114 19
9786 7133
1322 752
5694 490
4017 367
1296 1085
7006 3932
7462 5187
6855 4568
2585 200
7127 2149
4706 2979
1727 1453
3913 1876
9893 8496
2649 998
7967 5781
3595 583
7605 2430
6021 2801
743 375
7679 1344
7671 3689
7164 1608
6222 5753
1697 399
3468 178
9470 2466
501 413
2306 1538
6952 3624
8217 3228
4908 2449
1436 294
1256 25
7675 5562
3998 3093
910 848
4100 1508
9555 7061
7743 5877
9247 4363
4259 1643
3187 2773
354 98
740 344
8603 4130
6169 5994
3485 1483
598 121
1501 439
6016 5006
1130 105
9022 6196
846 797
4474 137
8546 7155
737 538
9772 5343
6112 5481
4021 409
819 519
3755 1719
3088 1547
3118 1698
920 758
1495 312
7305 5883
9228 5900
1865 1
7901 1662
8062 5670
5701 5619
9203 8648
9351 4556
2116 680
6477 3511
529 263
689 317
6287 4751
9045 7560
6190 1930
5666 1982
7033 4139
8104 3417
5572 5492
4225 2842
7589 729
7148 3121
4534 3263
2463 1087
4262 2462
7200 3486
7343 2519
5484 2916
6319 1012
8293 231
1378 967
6390 3701
9892 4467
3141 2737
7267 5657
2813 1249
4475 1828
4049 3256
3780 2818
3781 387
7503 7147
5235 3514
3046 1146
4515 4087
5751 2640
6097 3660
8142 4506
8172 8052
8709 6957
814 167
2296 463
9901 7084
2901 789
9451 1103
6318 1594
7772 5460
8836 7352
2704 1392
6597 1049
9582 7765
8624 4239
6444 3060
2874 1640
6375 5750
5380 4319
1082 243
9455 7281
5507 4197
6335 2231
6839 3605
4815 396
6262 5566
9589 5515
3618 1759
5757 3167
324 52
9457 5347
8170 768
4438 3041
3770 1985
7625 637
8266 6363
8597 4417
4310 2386
1757 300
3769 3028
8508 3750
2764 145
5401 5082
2840 1638
4561 4396
9054 6683
5747 5360
4814 2468
5056 2810
1956 584
8060 5841
2563 408
1947 634
4554 1513
4571 3999
9817 5612
8677 1644
400 246
8695 8476
6044 3722
2313 2140
6009 1649
1360 828
8333 5001
4221 3859
1028 141
8146 6606
262 175
9937 6764
9435 4286
7311 63
368 151
7497 3352
9890 7892
2054 1079
1476 1070
9265 3073
4011 3943
2098 272
5267 2604
5106 4798
2366 2211
5975 2645
4022 1539
9259 6046
1509 455
2547 1730
3802 3619
2968 1766
9803 2347
3271 2348
6523 2137
9056 3373
3584 301
5199 4783
853 99
6888 3478
5748 4154
8108 1817
8204 6922
3516 799
5436 303
9690 7165
4331 2515
9949 7130
9676 5123
5222 2294
9916 5374
2331 1647
6030 89
2646 1446
1906 1128
6143 703
3348 2129
6354 311
6061 2355
7567 4883
7154 234
5200 358
1455 12
1305 1153
4703 2044
335 228
1382 674
4050 1250
3679 676
6028 4611
7197 6947
4760 2283
9292 3968
8623 1863
5990 1776
5410 150
1052 456
1364 1196
4376 233
4298 1847
6125 707
1763 1284
6402 5451
1834 857
568 351
3677 2387
7752 1554
5714 2067
5775 2225
5133 38
7172 1870
5336 5310
7990 6260
8762 189
636 474
618 377
4495 556
8939 8885
1164 750
7347 4654
8547 878
3130 2579
5229 4833
2363 1522
6533 2867
7522 5709
7955 4522
7058 3310
8109 6429
6649 710
6049 3530
4675 4577
6138 2817
8316 5902
4557 1655
715 683
7017 1199
6215 5220
4413 1067
7709 5588
7845 1563
6253 3598
3974 2469
9033 7562
5490 4659
1550 589
1320 505
5966 1794
6626 2942
7048 1560
8940 4084
5491 4927
6257 3253
460 341
1791 852
702 357
1336 1277
5291 1739
3911 1177
2125 1332
4598 2861
1231 552
2989 1390
5092 3054
1944 642
5884 1094
8801 2777
7356 3467
817 45
7730 476
5030 834
3456 3185
2161 1157
88 28
7338 3542
5510 1718
6358 1535
1729 723
2481 1159
3593 1310
4118 1198
8203 5453
6465 1123
5560 5050
4145 564
8618 818
2409 559
7603 6950
5511 4358
5838 826
4402 3474
7529 3172
7258 2330
4912 4458
9266 7474
2701 2537
1778 684
6564 3496
1700 1287
9052 1785
7841 4208
1037 185
7838 7438
5373 1428
9412 7539
8992 1226
5525 443
956 166
7753 884
3168 869
4880 779
8112 6724
7384 4175
2621 177
3308 1425
5999 4583
9498 297
2982 2974
2809 2311
4657 2702
7686 1306
93 22
4030 1090
6322 561
199 6
8063 1837
3258 3242
7699 5046
9234 4690
2846 1099
1432 1077
5151 4907
5944 4961
4879 2141
9675 813
3096 1315
6197 3289
3299 2934
4666 3547
3343 1976
926 845
7651 4005
7608 3275
