459
9542 9550
5963 9778
7897 9603
6366 6579
4925 8784
8956 9284
7271 7306
1622 9534
2444 2802
945 2242
4157 4441
6696 6910
646 3145
4949 6653
6497 9309
6655 9007
5324 6125
3976 7055
668 2494
5658 7298
382 7890
6753 7625
44 6062
5478 8603
8781 9527
7773 7825
8931 9292
9567 9669
2515 3660
2475 4905
8412 9402
2766 6862
6089 6418
9118 9892
178 6435
9638 9744
1488 5081
4359 8246
4887 7148
7446 8322
7008 8847
1523 8221
8702 9543
8364 9928
2982 7749
5120 7162
782 7180
4985 5058
3574 3748
8997 9588
5965 6695
3775 7259
9332 9386
5937 6301
7877 8357
4150 7536
8944 9978
5259 6543
9586 9817
9182 9961
5250 7987
1287 3533
9994 9999
8874 8922
6922 7829
2047 4492
4997 7756
1060 7445
125 1598
2084 6014
4431 5699
387 5648
5829 9482
7967 8286
8830 9319
5256 8618
9810 9868
3122 9151
1716 6662
9267 9617
7408 7647
942 5491
2542 6539
1699 2042
6401 9357
2407 7495
500 9568
8081 9105
4133 7363
8598 9790
1096 4623
1431 1491
332 3652
579 2999
235 8037
7950 8012
2962 4410
7878 9641
159 6605
5599 9645
7030 8541
4892 6837
6629 9281
5966 7635
4654 6132
8955 9032
7478 9619
8314 9731
9675 9842
3034 5544
1269 7941
3082 4850
107 2164
8271 9872
7236 9818
6594 8350
6878 7340
7153 8828
4695 6302
2702 2971
9212 9496
981 6690
5004 9164
8219 8272
346 3142
7331 8385
7730 7971
7081 8354
7485 9041
9947 9977
5742 6824
6152 8977
8372 9545
1700 6387
3386 9987
7838 8777
3916 9722
3132 7285
3868 4783
2750 3030
8371 8761
295 869
5541 5749
9422 9866
2182 3769
6927 7431
6135 8677
8992 9571
7628 9673
7361 9097
8413 9253
4373 4975
874 2901
914 8851
78 6990
7575 8308
3577 4792
297 9711
9128 9858
3257 8388
9178 9535
1208 4901
3475 4719
2621 6901
1059 2858
9822 9973
4556 4657
3763 6369
3615 8241
7100 7662
3569 4013
9968 9989
4987 6776
1388 1970
2645 4924
9990 9992
3972 6775
3212 6463
6973 8198
7064 9005
1848 5675
9017 9631
7814 9059
5902 7405
2487 8119
2703 5832
6584 9734
9440 9446
61 9749
8269 8982
3141 5694
4056 6544
2807 8800
6900 8316
4733 8162
6689 7106
4399 6706
1900 8416
5384 7623
7425 8236
6248 9136
9194 9474
4002 5915
443 9655
1823 1841
6760 7365
1394 5158
8323 9795
4156 9450
87 4026
5536 8085
5939 9766
7228 9983
3173 9043
2342 4721
3201 5460
5135 7843
8281 9998
418 2753
348 8740
1035 7884
2574 2656
8744 9409
1228 6409
6083 6567
3223 5856
9069 9593
6483 8115
2653 5617
2907 6000
8912 9081
4800 9754
3786 9048
1657 3587
1792 4124
9006 9595
7823 8662
3066 7344
6510 7003
4025 9757
1544 4036
1246 3323
8562 8863
9169 9483
8425 8859
8260 8606
9107 9364
5310 9867
7610 9104
2697 7009
5507 5754
6448 9414
4178 8808
497 4634
5397 7813
6179 9420
1056 5762
8804 9806
1032 6376
2368 4928
2977 3464
1055 3922
3543 6755
5662 9879
6002 8726
9499 9686
8755 9703
1421 6935
8967 9666
1872 3631
5467 6718
9890 9924
8844 9934
7522 9828
9877 9955
4232 5991
2914 7532
3330 8803
8011 8457
5964 7554
8291 9265
845 4876
8339 9303
5947 7165
9086 9192
8159 8525
8683 9305
8989 9308
1213 2378
2244 2363
8680 8836
7642 7646
5106 5590
3816 6966
304 9465
7086 9805
2572 3226
4457 8748
8298 9087
1178 7069
4784 9476
5804 5988
5515 9126
3771 8498
7596 8295
1661 2349
3970 5043
1774 7370
6124 6595
1986 5437
7882 8871
6108 9230
4432 6398
9565 9726
5527 9477
5138 7571
2041 5277
6349 8319
3765 8017
2391 5974
5464 9646
7534 9958
2772 9349
94 9791
8368 8626
3601 6911
6577 9316
9099 9271
6688 9984
368 5511
1028 2882
3110 5110
2650 4159
4837 5009
3697 3783
3439 9452
8695 9071
3372 6514
5778 9712
490 7865
881 1535
2545 3957
4378 7810
2051 3169
5400 5593
7083 8384
9497 9785
9585 9768
6627 7608
6972 9563
5028 9378
1512 7342
5866 8715
262 6180
7515 8242
697 2683
9653 9942
5037 7326
8094 8665
4828 7102
1504 8379
5828 7023
9664 9856
5402 9843
6223 7435
5820 8572
3842 4433
5035 6864
7602 8738
4183 8854
5587 6316
1541 3909
1099 6811
6227 7817
1933 2770
9152 9885
1888 2413
2460 8464
4866 9560
4353 5556
2757 8532
25 109
1068 4505
9289 9537
2309 4660
1914 5242
4678 6698
2711 8472
9523 9819
6988 7909
7557 9187
5904 8227
3984 9763
9166 9606
2922 3326
5328 9295
9608 9812
7065 8183
934 2649
6691 8644
4411 9355
1806 5637
2075 3041
6602 8546
1656 4069
56 5445
6228 9106
6077 9093
1446 3243
3338 8524
3000 7482
8110 9255
8455 9208
2687 3190
294 3409
7902 8913
1165 4651
8084 8696
117 5822
9125 9840
944 3788
3604 7252
7393 9033
9016 9298
4177 6929
6080 6266
9844 9861
6772 8489
5892 7509
5793 6989
363 5685
2258 6006
7013 9286
2685 4671
4672 8942
9931 9960
2844 6396
7193 9053
8819 9079
2783 3362
1067 6734
2411 8833
4113 4809
6495 8172
7804 9715
9021 9584
3882 9226
1014 4713
8995 9249
3706 5187
8491 9143
6550 7551
7661 7695
622 1270
9008 9375
9252 9738
2406 7351
6105 6711
5948 9352
927
7160 5495
769 326
8127 1728
6975 4246
5871 4857
3694 2221
8872 124
7946 1563
2173 700
4294 4089
3306 899
2440 6
9797 2418
776 639
839 188
1526 1276
9888 6344
1766 464
9406 2395
5627 21
9160 8249
4254 1022
9668 218
2993 2641
7539 931
5523 767
1297 83
4862 2686
5471 2425
93 29
6583 1061
2727 882
5854 2139
3998 2192
7018 3627
8853 8652
6768 91
286 237
6099 376
4321 3055
3284 100
6039 1665
2793 912
6359 728
5102 620
6164 4087
4414 2883
3444 2616
1119 586
2875 105
6562 5466
8262 6744
2525 502
1129 450
123 34
1617 1403
5802 2828
7870 6140
5160 1318
3821 755
5382 4858
437 236
4251 2443
3830 134
6859 193
5172 131
5041 4067
3032 1335
7759 2237
736 261
9453 2510
4550 1432
5496 857
1719 696
5115 834
8560 4179
698 30
1382 1344
3617 1108
6656 3360
2669 1780
2384 553
1901 723
7556 604
3943 2282
9030 6829
9839 4317
8421 3079
3592 1707
8118 777
9520 4324
3899 71
7304 7255
6184 1582
16 8
8417 40
3735 2426
7437 3239
7836 1503
4261 2175
3229 2412
7103 3385
3498 3400
1361 737
2862 1966
5137 4740
1229 762
2033 1172
5340 2014
4181 2879
1053 868
4676 4032
9991 7413
7287 1239
1635 621
9189 5575
6686 5899
9058 863
5696 4960
8029 2987
773 373
5476 3300
3575 816
1406 664
8143 3701
8303 1123
5371 1804
7818 619
1173 999
3548 2836
5700 4229
1048 77
2478 1149
8234 3711
973 640
1854 495
165 14
4753 741
428 274
1835 496
5295 4863
3025 578
9531 1450
1347 466
3033 1113
5096 2472
6480 4917
4055 4041
5992 282
9416 2627
351 41
1595 1074
5113 3346
9562 2873
3304 3039
4497 2526
2608 1643
4823 3985
8230 6731
6578 5510
4070 2354
9275 7110
7020 62
153 26
9546 5986
2404 1743
8914 8908
310 57
6102 311
3299 80
4984 647
2037 37
4304 2548
2995 595
6860 4741
8302 3422
2594 1753
7455 778
6704 6182
6677 4280
2689 1354
7183 4476
4059 2113
8937 7691
9083 2223
4559 223
2479 1685
7320 5792
4805 1278
2036 76
265 211
7640 256
4356 2765
4370 3708
6262 3242
6815 2943
2600 2543
5273 1860
6426 4831
2397 2318
6038 2432
69 59
1145 398
682 145
3714 2360
5154 1920
4514 3681
2580 1527
2353 2087
9469 1954
9000 2630
1142 386
2780 1978
2416 1268
169 75
4079 2068
4878 4455
2455 765
3167 1984
4765 133
1799 1764
9854 4875
1364 1052
1983 722
7985 3220
2897 160
2448 1686
1030 670
1266 155
2029 829
1245 970
5572 1429
7254 1324
3547 733
8019 5990
3204 1501
7127 4024
9719 2256
4388 598
4480 617
9549 8769
8779 3009
1040 750
6437 2824
4060 2814
1280 764
7368 7289
2498 1551
1593 1174
2206 2146
1092 893
9317 2257
5760 568
4638 891
6086 2584
8288 1733
7978 6259
8861 4511
1873 1138
1456 1311
4319 2557
11 1
8760 962
4012 1814
4696 3924
5679 3435
5889 534
9135 1972
9356 4028
9569 1830
7070 5809
8132 3496
5973 3275
7453 4426
5315 890
8526 4584
4916 3946
4046 1820
1258 837
7873 6453
1597 1008
319 173
7615 6821
1018 273
1726 1154
9642 3890
3907 3273
1336 949
7066 1765
3894 3551
3359 2696
7727 3224
5882 4747
4389 996
3895 3545
1013 749
3673 3619
2915 2642
1532 1274
491 205
3486 3288
7875 3489
6280 2329
6801 567
2658 2593
3214 1590
4852 3514
5458 4631
2760 130
4210 1589
8682 2446
1678 1232
7397 1552
8563 6676
3429 2227
4346 3195
8245 5252
6673 5846
3531 2930
751 249
5457 1116
3914 1434
7530 3057
7040 3690
2790 375
4048 2366
7942 2239
3643 838
8313 3848
101 99
5677 811
479 42
9438 1479
4131 2867
7660 5640
1675 554
6992 5334
7402 1859
6951 5226
1043 968
1575 239
5215 2127
6974 1763
416 370
3188 2356
2067 601
550 198
8476 1093
924 884
7676 4327
6875 3010
2400 400
7476 3431
4739 1998
5392 1991
4180 3430
5872 960
1519 544
5439 4703
2504 853
835 678
6545 6511
861 439
7184 5411
3310 2447
1967 504
9233 324
7147 1837
5022 2700
7885 6692
7272 4306
8661 7898
721 32
7336 3884
8377 4057
3494 3117
947 904
2885 2255
461 110
6008 3878
7959 5079
1810 384
5862 1307
1993 958
3995 2961
6045 5092
4659 3785
3267 686
9210 1608
8609 6098
3441 202
4730 1923
3859 1243
2806 2752
3849 2254
3016 575
6362 4106
4650 582
2969 2012
9728 7793
4352 3718
8573 4592
8070 5241
3837 307
9895 8864
5810 1075
5631 3558
2821 1883
4520 1026
8407 6773
6010 2335
4037 955
1072 954
8222 3058
8063 532
7937 7760
2421 779
6328 5900
5040 1472
4643 1615
1411 365
9266 8041
6855 5797
2403 2096
6852 6790
9250 2959
3516 2488
1264 175
7112 2193
6436 645
1148 47
31 2
6468 1267
1703 1346
1459 1112
4449 3540
7269 5203
2499 345
3800 451
6431 3302
4189 569
2183 322
3377 850
7488 4075
5558 628
7283 5420
9325 4288
3732 2204
5121 1044
3866 1683
7961 6478
552 425
6924 4847
4692 808
8431 4277
5999 3689
277 185
7042 1660
8387 7680
9601 4267
3781 1161
3253 2566
5462 2191
403 12
5047 4612
637 122
1209 729
9515 2228
3135 408
2973 827
7636 3754
3838 60
9441 688
859 156
844 775
6612 885
4284 2796
8708 4897
3130 309
7489 4194
5753 4642
8496 483
3232 852
5409 2275
9996 571
4066 4003
8466 5895
4109 3789
8186 5975
9561 7034
4982 3879
404 246
7406 1586
8798 7438
2315 1352
9634 402
7542 5945
9154 8032
9028 6559
9894 4611
5609 2108
5440 3228
3408 1538
7996 1466
7301 4197
2291 180
8210 5885
3874 2501
7192 4885
6630 3657
4253 3961
8954 7334
162 121
9962 1398
2938 499
1693 97
3997 2680
3100 591
2945 1134
2132 600
992 740
6851 6221
5745 4515
4555 3826
8487 5841
7129 4143
6779 5776
5377 3567
7440 5441
5355 1689
6985 6422
3455 1135
5905 2090
10 4
7801 1088
4827 872
7683 2328
7989 6473
1737 269
4396 1531
7990 587
8923 2899
6641 4196
5595 5149
58 19
9769 3446
5038 1777
7894 6414
5406 4371
1890 1242
1198 106
4841 1735
5993 1885
7134 354
4305 1610
8147 4704
8614 6490
9551 8144
1534 520
4320 4202
3594 576
5712 3825
8852 8346
9088 5688
9475 7063
1645 1475
278 181
3187 929
7543 4053
127 126
8499 8218
5740 4856
2947 2944
2673 54
6897 3116
1339 1303
7458 608
9580 7316
6909 5492
9153 6046
4496 2314
7732 3713
3495 3492
7969 2910
7784 6321
5026 3609
6616 3337
5553 2975
4021 1982
9510 7226
6031 3192
5229 5017
1912 203
3375 699
2665 1815
5720 2459
4289 988
9816 8746
5197 4597
7750 1499
585 349
1992 913
8749 7510
8774 4770
7746 5419
2114 1125
199 3
6109 5119
2312 1301
9246 7349
5376 2109
4656 4499
8879 3279
2195 1554
3624 3376
6802 3595
9323 8502
2267 824
4758 4184
6420 4164
6554 5851
2705 653
3579 1680
7649 714
3248 2934
1588 1355
6898 3663
8965 1697
2490 2271
8059 4626
6322 2615
7791 7260
2295 855
3650 1745
6075 2243
6645 3835
8324 6693
4912 969
233 220
1892 1298
3166 1634
195 137
5463 216
6928 3370
3184 2427
4525 787
5615 4689
4342 1947
8337 4541
4759 2728
6189 1167
3245 2394
8391 2544
7876 4979
3608 2358
4344 174
8336 4914
2341 1137
4614 429
7966 7603
7597 5298
2142 1621
2321 406
2201 1781
9411 2698
9838 3045
590 511
9236 3675
650 136
2764 1326
1127 856
9547 8209
1226 1047
5023 3729
88 70
1709 927
4482 2794
1219 1184
478 477
7237 3070
3074 2369
2451 1313
1291 1225
8360 2485
4090 2527
3626 147
6487 4799
2776 1936
1771 1275
6661 2436
2136 179
151 43
9707 5852
5357 4448
1674 166
2357 1037
3528 298
7753 4422
6631 4891
2838 1929
170 5
6197 2815
5583 4798
5531 1343
9235 5188
8028 6477
9851 9786
7674 724
8139 2620
3923 1284
963 96
9783 5131
6181 411
8762 4283
7281 2590
6628 4644
5095 2570
4764 1520
7854 5552
1455 1271
13 7
4425 2691
1684 1502
2306 926
3075 951
2082 1136
8207 1405
3320 1847
4752 1572
1079 139
539 333
270 104
152 39
5123 4565
3241 2846
8035 6090
8443 5374
5459 5341
5393 3349
2880 2859
1380 1202
4981 2409
6592 3171
1768 459
6932 5977
1631 1596
3898 2784
5766 1066
7550 4622
4151 3744
4833 1447
8894 6647
4303 3605
7570 6674
5193 3260
8927 2098
6761 5952
5243 719
4008 2380
5267 3476
9410 7924
5018 3843
5198 1342
1849 1107
6199 2751
2323 469
8250 7503
3202 1785
9517 6003
6088 3780
2638 2310
9704 6685
9920 6601
5025 335
4625 2393
5704 3988
9296 7863
4162 4110
3502 1996
7177 7144
3180 337
2842 2755
2229 1546
2851 352
1865 148
9076 4350
626 374
219 168
9808 9276
9288 204
1663 350
5744 2920
9857 4377
2317 517
774 710
1366 1153
9680 5245
2759 501
4757 3468
5529 5431
5143 3335
8612 7572
6759 225
4999 1454
9313 3150
3031 506
2085 1868
6471 1489
978 906
2528 1576
7327 3381
8065 6142
5385 1976
4240 3738
4600 1605
8616 3858
6536 551
8330 17
3406 1486
254 108
7436 1177
7540 1196
1427 1261
6364 2782
4468 3584
200 20
7258 4077
2138 538
5842 4603
144 140
215 210
1960 1706
5750 5386
3554 1870
154 103
7380 6580
4694 4185
3555 2871
7229 4149
8092 4580
5592 1440
7267 703
2986 2167
9661 8096
4296 2835
4477 3462
8174 902
3162 2305
4385 1321
4589 1739
6791 2540
3658 2476
2073 1453
5030 3683
9683 4566
5027 2992
5388 194
4560 2744
1351 208
454 89
2174 759
3680 3059
1603 592
6826 1071
7672 7424
1884 458
3806 2281
6073 4335
8811 867
7711 197
7553 2196
3656 823
8624 2319
5208 4529
4481 1714
8003 3094
5942 3403
9784 118
4519 419
1692 1529
1875 860
2015 1701
2111 1042
8594 7517
1215 1163
9886 9221
3417 15
9598 4883
7275 2536
9045 4381
8010 4107
7777 4099
8053 7761
3013 2464
413 314
7932 5769
4748 1473
8687 5323
6115 2958
320 275
9503 9137
9742 2762
5343 4080
6375 1902
6243 2640
7119 5307
3692 2631
1057 748
2948 1299
3046 665
5537 1476
383 245
4594 1620
9431 612
7799 1627
1179 1176
4007 1718
3645 2028
2929 662
1762 296
998 663
3210 1826
8821 3991
3351 1069
1333 291
7853 3798
2474 1652
