917
3636 6678
3711 9631
5494 5675
9705 9720
7360 8878
2505 6650
7223 9470
6893 7364
2031 8392
1630 5293
5616 9848
1650 4113
6936 7614
8924 9003
1711 9675
8124 8817
3783 4525
1972 7399
2124 8997
2496 2840
6233 6399
4995 9969
589 8469
893 3394
5068 8966
7133 9680
5366 7451
5801 9572
5414 9718
8691 9293
9649 9839
6474 6921
3577 9512
544 1938
4552 8111
3291 5557
1371 3390
5204 9533
5777 7572
4262 4824
8766 9567
5859 9427
2814 3006
3407 3716
7075 9096
7298 9221
1522 8301
3470 7247
9409 9846
7533 7879
4694 4744
3256 9155
1964 9244
6539 7944
6862 9415
1570 3940
7437 7688
7742 9698
356 8130
971 6953
9584 9830
313 9682
1689 4433
4116 8853
942 7535
2429 9387
6592 9602
5302 8190
5695 8053
8342 9103
3302 7287
5928 8749
2046 2742
9373 9451
8019 8423
6493 9657
6579 9542
8937 9592
5387 5939
9793 9860
1251 6037
7980 8916
92 8608
7412 9632
5350 6390
9575 9957
2196 4299
95 8740
6780 9844
9049 9840
228 7098
8094 9871
1179 8953
8372 9438
2783 5752
5198 9010
1398 4764
1274 3888
2685 9693
5648 9328
8763 9013
2110 8429
939 6955
2577 9734
1163 5281
6275 7095
1260 1997
6441 6788
129 6801
3653 9511
5422 6033
2498 9952
5001 9667
2302 5814
9687 9868
9881 9944
2433 3885
3752 4198
3827 8239
2734 5228
9889 9970
4137 8759
7956 9617
5548 8761
9128 9739
5529 5885
4579 5258
1794 1929
138 3600
1054 6126
6957 7246
5578 5730
9404 9450
6870 7440
5798 7265
4939 9405
1183 3719
2549 9688
6557 9686
2444 5054
4765 4944
6597 7706
6322 7473
9845 9913
4770 5173
5503 6894
1409 3410
1357 7170
6093 7342
4115 6359
5869 9978
5629 6313
5096 8655
1235 9942
1948 3632
3389 6690
1536 6966
4617 9226
3590 6649
6111 7322
338 5264
9055 9492
3921 8990
9098 9787
405 3269
8566 9350
5040 5235
2000 4412
2211 3714
6589 6896
4715 8504
648 2453
1311 6213
5833 8812
8458 9914
8607 9334
3879 6121
6931 7694
6973 7898
7850 9447
5773 8627
7747 8631
8985 9000
8119 8852
4894 9551
4141 8868
5241 7296
2469 9604
6091 8243
2121 6290
6379 8075
7601 9312
8340 9009
504 6619
153 300
579 5101
2339 7949
6643 7616
9297 9338
7994 8241
6696 8378
2352 5205
8619 9910
7619 8356
1504 2256
5665 7181
5640 6492
7505 9946
1144 9206
591 1965
3513 3580
1557 9220
8842 9411
6424 7162
7518 9254
8591 9931
9250 9843
8 248
510 4976
4226 8449
4194 5971
7730 8836
436 1581
9697 9741
6537 8640
3488 7805
2912 6861
4878 9647
7699 8932
5177 5188
6519 8514
2710 9729
4807 8703
1857 5820
592 3745
5765 8113
8629 9608
4465 4771
974 4853
4222 4838
9915 9976
1756 6887
9110 9131
7821 8676
1242 6268
7351 7895
5036 6286
3498 4808
354 7657
9791 9879
2051 7406
3481 6843
9269 9966
8911 9676
7018 8023
4720 6903
3676 4490
4872 9858
8034 9239
7264 7444
5771 9240
3194 5936
632 7337
9457 9532
9523 9726
8816 8882
964 5276
7884 8416
2109 6930
8266 9930
5585 9499
8700 9433
9824 9842
3558 7634
386 9611
4024 6926
4453 9736
7905 8373
4276 8108
8461 8858
9302 9906
3402 8097
3882 5726
842 4921
2591 6504
7993 8244
5487 8432
3611 5253
5213 9111
253 7331
6335 6996
7991 8726
8437 9637
4312 6029
4667 7155
1801 8496
5781 6701
9541 9763
8610 9962
6645 9656
5180 5603
5720 9034
9161 9331
6916 8409
9997 9998
4347 8657
5404 7096
8207 9353
4293 9627
1428 9068
810 3497
5620 7643
5119 9819
3267 5043
3500 6318
7422 8151
6809 9243
239 1336
7866 8888
6468 6959
2746 5886
2989 3045
8947 9920
9412 9973
4157 9246
5527 6907
2177 5084
2980 3295
9874 9932
8450 8980
9786 9936
6297 8775
4518 8327
2222 9751
5279 9316
5046 5780
2143 8519
3811 8721
1076 4665
2640 8795
1566 7988
4405 8468
1426 4940
42 2185
5386 5588
9744 9798
9501 9595
2178 3404
6088 7258
5122 7607
6135 6247
7415 8537
4308 4472
3749 5200
7222 7769
6906 8696
8382 9430
1977 7423
3112 7466
5769 5972
6812 8927
8851 9210
1096 9224
3479 5179
7367 8671
6108 6901
8600 9715
4131 9691
5897 6603
7013 8902
7578 9209
7892 8338
6457 7332
169 2891
8948 9536
477 9310
2219 2594
1171 8024
5933 8926
5142 6257
9299 9939
8473 8946
8198 8256
5617 6454
7571 8051
6553 8777
5763 9520
9305 9502
938 4071
1901 8348
114 4979
98 9757
5395 8263
2611 3637
3694 4678
3875 7731
8875 9828
3689 7273
1616 7482
6821 7881
6864 8498
6523 8656
2245 5045
8411 8508
5849 8723
3009 3666
4223 8590
1465 6640
5491 8986
2085 9802
4933 7594
4619 6533
511 1644
5085 5266
3374 4446
1936 3678
3858 6494
3954 6531
5157 6852
5434 7538
2536 4906
3314 5523
3101 8530
2350 7846
7887 9912
7655 9039
6208 8071
1344 6924
4302 7361
6684 7054
2033 8391
4110 5196
9108 9383
3122 5197
6988 8994
666 9126
7897 8346
4264 8579
9646 9857
6336 7764
1487 4882
9388 9537
8397 9900
2361 5304
6428 8650
8163 8765
4745 9831
4243 7443
6938 8309
3039 8376
1427 1637
3613 7954
1653 7539
3771 4788
1178 6671
3130 8622
6343 9928
5721 7317
8436 8996
952 9704
2892 7652
9890 9954
7828 9556
4908 7208
6648 7642
699 4081
3801 9142
4494 7369
8092 9200
5679 6934
1098 7726
5593 5756
4471 8452
9685 9699
8969 9565
3119 3775
5263 6829
3293 6011
7510 9695
2123 7775
4802 5246
8713 9173
6358 8543
3720 4750
9089 9818
3173 4054
1854 3472
2511 3075
4681 7651
7177 9862
3870 9767
8692 9315
5806 7005
1407 3487
1994 6929
4843 7611
1776 5992
4508 7108
9291 9940
134 3929
1663 8038
9169 9766
2320 3893
2106 3567
6150 8482
2612 8649
5048 8406
6769 7996
2032 5609
2119 7128
2956 9455
4346 7118
2325 4487
1248 4874
3980 8854
3026 7929
3744 9573
803 5636
3166 6396
571 2875
8286 9903
6886 7355
2265 7864
926 9303
4535 6098
5807 7215
2454 5060
7387 8279
4359 5625
9482 9600
1475 5976
1467 8172
3100 6859
3429 5427
9253 9797
252 5774
178 5556
6573 7447
7345 9634
7723 9459
1194 4563
4856 5271
5573 6171
1289 4267
773 8583
7519 7794
7035 8221
4762 9129
9437 9694
3696 8940
1023 8418
2765 2977
1679 2025
4620 6244
207 2895
7290 9001
1540 1803
5110 8935
8695 9106
8164 9651
6312 9552
9252 9456
407 7972
1884 5079
8987 9782
4817 7801
4220 4961
5392 9929
9981 9999
396 3841
4739 5861
2548 8465
7141 9547
3317 9568
2596 8823
4286 8206
9927 9982
8906 9633
4759 5230
7843 8180
4294 7840
1376 7080
122 6750
8065 9893
6744 8558
1879 6060
1329 9213
4978 8814
4016 5352
6606 7576
5586 7300
5359 8481
2376 4171
9196 9402
6038 9521
5788 8501
5745 6739
1065 6034
8252 9653
1930 8847
7190 7570
548 3495
8369 8885
9227 9403
2733 4285
2996 5613
4092 6731
8064 8123
2754 4999
2732 4102
8898 9158
6675 9681
4260 8374
7712 9480
7584 7953
1521 7967
4219 8794
8547 9368
4403 8072
4001 6867
5565 7302
2554 9712
3950 8944
6593 7116
7024 7596
9236 9990
3466 8824
7998 8234
7436 7777
4191 6677
1036 7989
6791 9377
5553 7778
600 1535
1017 5209
1220 9898
279 7891
5481 9899
4549 6296
330 1768
1835 9988
4224 8306
8081 8517
4180 8183
85 3712
4643 9149
8386 9806
8165 9040
3999 5579
8511 9139
8084 9028
1502 4959
317 5450
6019 8624
9190 9789
2347 3776
3143 6327
9775 9909
2782 6804
262 3847
7947 8210
8707 9642
5249 8100
7007 7636
7877 8354
1998 3907
2227 8089
3654 8665
6192 7759
7941 8129
3966 8683
8358 8964
2679 7120
1016 5539
5604 6581
320 7269
8440 9352
2530 3179
7032 9721
2497 9298
7530 8532
3335 5794
4055 5097
7336 9414
8395 8715
7017 8860
2189 5471
1865 9762
980 1542
2043 5919
1236 4670
2881 6402
431 4325
7670 9271
9498 9878
8184 9960
4958 6458
6097 7523
1926 6943
1628 6434
8915 9821
5216 5915
87 6090
8001 9641
3670 4254
654 9295
7544 7740
3523 8217
8363 9710
2686 8229
2559 4929
9570 9594
1354 8194
3503 5463
90 2420
3914 3935
1893 2232
1960 6102
6079 8016
7158 7798
3846 4139
2422 3787
8516 8554
8228 8548
1626 5420
7736 9748
8637 9018
708 9790
8598 9474
3403 5059
2721 6132
2703 3799
7272 8536
3606 9723
8141 8326
6115 6476
1115 4236
2634 2694
1516 2128
9569 9665
638 4440
6741 8896
234 4773
112 6216
5610 7135
9950 9984
119 3645
6616 7241
1217 8787
7224 8317
8463 8513
8337 9148
4332 5344
2197 5006
5363 8375
8271 9562
1715 1922
2088 2944
8752 9887
3548 4234
2773 9670
9115 9117
3835 7338
1039 5985
2292 3568
4554 6070
5134 8224
2830 5008
4242 6655
4675 7193
1105 6668
2280 3123
2441 7398
1576 9850
311 3971
1599 6028
836 5145
7359 9319
285 2180
2764 3512
8136 8660
2941 8278
7910 9875
9816 9961
2458 8863
6714 6960
5946 8544
7545 9214
5568 7507
5660 9525
5894 6284
3301 5647
4064 6105
3265 8805
3895 6635
473 4265
4049 5466
606 9284
9919 9925
6104 9400
7318 9212
4381 5150
558 5878
865 1528
4891 9374
9539 9877
7674 8672
3184 8736
7384 7768
758 2272
7262 9591
388 4207
3800 6480
4503 9708
8110 9517
5354 7889
408 9706
3925 5909
7385 9620
5339 8535
710 6683
6500 8388
8015 9401
2049 4461
4956 8095
7553 8771
2940 3016
6378 8000
2950 4496
3452 9043
5232 8041
1775 8276
3329 3455
8131 9238
4035 4300
8942 9235
5063 9597
1551 3737
6398 7031
1532 3334
6080 9274
6608 9550
2408 8490
8455 8857
2617 9171
5952 6777
410 8737
2945 8560
4885 8236
9826 9895
3283 4020
2561 9052
2918 5982
2861 5876
3540 5606
7525 9618
4614 8457
8304 9655
2348 5371
6536 9093
8831 9317
5895 8859
886 5376
2619 8145
3414 3703
9549 9623
2301 8894
3266 3785
154 1941
9445 9972
3181 6254
8891 9852
1208 6674
9208 9396
628 4052
2308 7952
5528 8576
3160 5457
5737 8181
3030 4023
6384 7660
2592 9735
4266 4812
847 1101
3072 7340
5970 7629
7388 8167
4255 9963
2066 3626
1486 2419
4529 9268
5162 6941
1552 9069
8780 9722
7536 8720
6575 8330
5882 8208
7329 9280
9728 9883
2751 5742
5996 8365
4426 6495
805 9145
6156 9017
5979 6612
5600 7809
617 7870
5116 7480
9607 9669
9395 9519
7150 7420
4931 9215
6891 8568
4930 5699
9124 9582
824 2880
5066 8031
255
7948 2828
1477 840
8569 25
5635 5295
6669 4543
7025 1234
7501 7221
305 35
7906 4313
7464 225
3477 64
2905 339
1888 172
6851 79
8211 5265
3968 1332
4414 2574
637 156
2604 2194
5268 4523
4309 3341
1627 1245
2477 1207
402 400
6022 4918
1164 914
8264 8257
5483 77
4452 1910
9318 2807
6413 5664
4251 2507
3692 9
7831 6357
6706 3987
7040 2379
4483 3867
7687 5864
4043 1197
75 45
9357 4379
5929 4395
4608 2413
6883 5267
4783 4683
7291 4679
131 34
5672 4727
6951 2375
8584 1081
4849 2319
8663 4027
7595 361
3851 509
1675 715
3434 1918
3422 2545
3036 2108
8223 1816
9230 4119
450 125
7612 5680
623 53
6040 2985
6136 3008
786 412
3081 857
8385 2651
8892 3185
4892 469
554 532
1822 226
4558 1483
3839 2468
9815 432
394 353
816 565
6898 6146
8259 1158
5612 5163
5703 5477
280 266
399 348
3060 3019
562 461
1951 1698
4747 3161
3195 2274
6748 3032
7703 3073
1779 616
8445 6304
6393 1071
6721 5144
7137 1108
6772 6349
118 3
5668 359
10 4
6716 1993
1394 1210
6173 2579
491 206
9413 2755
7161 3825
5811 1589
3856 3565
7746 372
2097 247
6559 6063
41 29
3296 639
8484 834
3059 2460
6787 6785
1455 2
596 355
5223 3766
6665 6198
4057 2519
3910 2079
3865 2371
5850 3550
2587 2516
8867 2486
9917 4164
3217 2166
1420 39
3753 2648
4666 1574
7669 4145
3387 227
2601 283
4671 543
7598 553
4823 245
943 586
6710 3212
8705 1511
1610 333
7233 2252
5135 3360
7295 4948
6452 1800
1334 843
3601 1268
4411 1619
1764 875
1457 695
735 78
3213 1223
8086 6965
8357 7516
7622 7111
6554 4188
5071 1707
3850 3806
6792 3686
6094 455
323 43
8160 5172
2499 1172
9378 1412
3174 2190
2435 601
3098 62
9783 4907
7666 5495
3197 2114
6578 3465
7379 3121
5659 3559
2209 1446
4279 1907
9176 998
7435 2911
5916 5741
3371 2793
6261 1272
1624 1331
3443 1288
5451 4200
9292 2538
6283 4271
5191 5025
3969 2494
525 364
3820 93
2100 618
1189 830
8670 17
9197 8826
3860 1748
4868 2659
3612 2654
7459 3878
6003 4000
8030 1051
7045 160
6148 4306
3554 2829
1258 864
6448 791
7591 2317
1007 927
5364 5185
3109 2923
6882 3044
8641 7483
1877 668
3505 1796
1538 908
2801 526
340 177
2452 839
7413 1370
4177 817
4261 4014
2006 1661
7963 2541
2372 1595
2508 1060
3913 2928
2309 1836
8856 2107
7627 1298
7867 2900
3421 3241
222 158
6939 1119
4295 2412
523 28
9429 6446
1494 951
3306 3022
550 15
1402 219
5828 51
8101 3707
1099 465
5563 358
5072 4127
360 181
5825 3660
3338 1215
4697 2846
4435 3196
9897 7737
3917 1152
5231 2851
9506 3668
4374 2146
3456 994
605 171
538 363
