502
4892 8129
343 3970
5751 9366
7301 8355
1444 7380
1889 3112
3853 8915
5987 6311
3432 9208
2377 5424
8239 8833
6899 9701
2271 5384
8027 8348
9258 9396
695 8937
3039 3718
5260 6841
7097 9904
8778 9891
4129 8042
4908 6317
3636 7530
6325 8194
2948 6047
2954 4306
2001 5126
9359 9382
4110 9501
4087 5150
5793 7746
4913 9647
8163 8558
2695 7424
9096 9802
552 9094
397 8845
8624 8750
38 9174
7820 8768
6089 8962
4983 9290
875 5820
3815 8495
4498 8257
3434 7985
4803 5775
3695 5915
6870 8196
3937 9574
7213 9670
6725 7970
1836 4158
702 2435
5900 8384
6699 9027
982 4163
6708 9884
6073 7790
5353 6413
7667 8208
9754 9869
3734 9845
4645 5921
9127 9658
340 9913
9615 9687
964 3508
1124 6010
1896 2753
5505 7089
5078 6118
3833 6289
2050 3300
6872 7033
1164 8109
2387 8584
1844 6372
5221 7306
6266 7919
1018 6218
1123 4476
5229 6672
3110 6503
2096 3971
7575 8496
5561 9352
6283 6988
6685 8330
4705 5162
7152 9805
4629 5725
8737 9662
1074 9774
1122 8269
2964 6281
2044 5582
2800 7601
7716 9804
6891 8323
3837 8734
3637 6229
4420 8479
9765 9793
9041 9492
6646 7135
9386 9955
1429 8752
9601 9686
8402 8899
5199 5341
8593 9348
346 8641
7782 9379
4172 9028
8221 9235
5464 8097
2543 7564
7407 9262
6140 8026
6038 9596
5358 5650
5740 7136
8972 9165
8844 9842
7488 9730
2734 4177
2677 8031
3625 5983
2510 7723
5475 7725
5173 5920
6889 9502
1524 2156
2047 4751
9206 9736
3994 9849
3344 9848
7968 8387
651 2917
6396 9907
9936 9996
4392 7947
332 9385
93 6479
5256 8369
5497 8901
8897 9979
5614 6185
8141 9921
4233 8067
2885 2934
7256 7634
6250 7613
8021 9241
8765 9376
3935 5876
6558 9279
9413 9976
3175 9831
5399 9993
800 7289
4717 7387
2965 9602
9410 9416
8398 9024
6896 9826
2558 8758
4315 9011
3728 7983
8383 8726
7224 9922
8841 9853
6925 8647
991 5612
2307 7339
5923 5967
446 8782
4750 7279
9072 9856
5680 9166
2580 7799
9200 9806
8106 8988
4492 8241
511 6498
1677 3128
4890 8636
8910 9620
9768 9865
4761 8391
6117 7827
3810 5891
1372 4594
909 2441
2360 3222
8767 9903
267 2984
1188 9562
7071 8938
7737 8135
2081 8228
8600 9239
5348 6506
7303 9986
6800 9340
5310 6544
2316 7678
7984 9914
6201 8853
1574 8724
4427 6617
3351 6591
4332 7040
5635 7583
6331 6527
4209 5103
8597 9953
6443 8466
424 8296
3827 9634
6697 6862
9827 9997
2968 7393
8543 8687
1663 8805
8829 9569
8667 9763
4655 4932
912 4940
8902 9068
2524 7102
6247 7917
2314 8152
4254 4551
9313 9645
4900 8779
2335 6410
5706 8099
9294 9378
4804 6715
3949 9994
8126 9565
6234 8907
2870 7310
5581 9669
9345 9824
9540 9663
7200 9445
4174 5306
9752 9985
7981 8246
1266 6758
8292 8722
5322 6115
2082 6391
6467 6663
8998 9282
142 3233
9281 9990
718 4560
6036 8568
2555 9721
8873 9630
6268 7142
3318 3345
8538 8673
7259 7363
2266 9841
6869 8419
6726 9107
3586 4375
6629 9487
7687 9691
3684 4445
7793 9705
2371 5222
7311 8803
8119 8237
879 7644
5333 7121
5666 8676
7765 9928
6336 8685
1500 6380
8939 9357
4112 7571
5097 5796
4997 6307
2378 4311
1144 2411
6360 8379
8449 9319
945 4032
9909 9933
643 3201
4422 7160
2913 7849
4471 5298
6908 7320
5198 7413
4456 6670
4488 8438
4726 8654
9298 9324
2493 4168
2433 5772
1613 3173
4346 5320
5211 8450
6805 7893
1320 1596
2275 6536
1819 4791
7762 8349
8249 9394
4754 8705
2875 6425
4985 9477
7027 8869
360 6571
1630 5174
2826 5252
7378 9549
8623 9510
8037 9390
5060 6704
6478 7066
8124 8255
3958 4685
5764 7073
1452 2164
1310 8035
4879 7645
7864 9201
4028 7693
2829 6567
1127 2336
5000 7167
7773 8564
380 9638
3156 8055
3847 5642
3066 3098
21 770
1656 8578
861 5412
614 5486
7878 9554
5019 5485
402 747
1457 3032
1195 1254
9918 9944
1375 5427
2658 3214
6004 6320
9698 9950
602 2319
3195 4394
7670 7876
3446 6759
6824 7402
4926 5871
128 337
7490 9349
6463 7844
6913 8324
5402 6939
8855 9926
2476 6851
7838 8220
544 8048
7759 8164
4833 5446
557 4353
9404 9411
300 5677
9917 9952
4469 4756
378 1433
7419 9537
2359 5535
6926 8628
9652 9685
3136 9177
8596 9391
5449 9059
3761 9507
4450 5292
517 1301
2629 7770
553 2506
4916 6683
6001 9432
9450 9735
7824 8514
8531 8842
5033 7368
5526 8953
6845 7675
6096 8867
7337 9360
101 3539
4384 5489
7922 8929
6122 8404
4304 6402
6455 9163
9597 9636
9877 9984
3204 7495
8205 8710
248 9033
4831 5994
741 2801
466 4130
1885 9110
3510 6376
3634 5588
14 3654
8410 9001
670 6006
9377 9857
1594 2375
4727 5971
1941 6059
6404 8591
3738 6079
322 5533
1706 2586
1417 7249
6879 9000
8401 9612
3145 7166
4511 8526
5807 6314
7592 9273
4386 7699
541 9226
4853 5062
3020 7868
1293 7609
7305 8746
949 9329
4255 7698
3766 5118
3142 9275
2927 3899
1217 7599
2075 6602
5769 7348
685 9272
1771 3648
5638 8546
7361 9628
9595 9938
2172 7619
2358 7674
4516 5136
7004 8232
6981 9655
8614 9855
8860 8906
6825 9940
864 1493
4437 8161
8525 8700
7499 8049
1898 6739
5313 5954
1479 5827
7443 9020
3445 3474
4165 9618
40 5906
1892 8958
7848 8861
4171 7183
1387 7175
6873 7447
3407 8521
9547 9779
9097 9457
967 7777
8432 8500
9030 9436
5674 5714
9582 9711
8507 9875
3639 7631
9506 9633
7672 8755
8809 9920
829 8478
4404 6812
7971 9528
7580 8079
1544 5938
4665 6382
529 7513
9659 9746
177
7412 3089
9343 3381
414 306
8913 2520
1358 559
7516 4356
2279 1744
1139 1104
49 15
9358 7032
2655 2460
8290 1483
7254 4316
5945 4914
9365 2508
7261 5963
807 530
3242 1446
233 74
5875 3894
1394 858
9216 2272
714 448
5847 4220
8128 7923
2362 2151
2353 956
4508 3526
4137 3235
7751 1983
175 71
2716 1610
8875 133
6775 5550
1355 766
6598 895
4712 4701
3580 960
9054 7547
9336 5742
7391 2788
9755 4092
6581 1211
5618 326
3152 2363
1514 1486
7280 2282
5744 4003
5197 2889
9014 1183
1981 1069
9120 1966
2706 2072
170 162
5453 4794
6628 5695
8772 975
2267 827
8794 1769
3883 1185
5460 2837
8378 1482
2373 2131
3383 1762
7470 3198
1378 169
3441 2612
421 30
453 452
709 266
5161 1629
4517 3370
4518 2051
3839 2718
97 65
3762 538
3867 757
913 250
9231 5525
3873 362
3798 2878
795 520
491 112
5204 5041
6998 5969
7914 5686
6956 5186
8284 5946
2827 727
2974 1034
1588 851
675 218
4971 1814
697 125
2137 774
1327 1321
9188 2884
345 58
1859 486
8577 5206
7976 900
481 62
4515 2408
3835 1600
3746 3680
8650 2208
8439 5885
4591 1816
1891 1256
1011 122
5831 1147
3127 72
2731 165
4012 155
9438 1316
3806 1651
102 37
8409 5672
6897 5065
8990 6147
1175 979
6437 522
5335 4362
3565 3043
5810 1323
426 409
731 297
8130 6982
1721 108
6452 5839
3519 1620
7239 1204
966 323
3199 1370
5717 3438
9361 716
9257 7680
9237 7344
2549 109
4741 4169
9002 1965
4990 4371
1666 25
8830 6682
456 227
6473 720
6551 3622
1791 608
6275 4109
6181 2790
1639 775
6955 801
9935 683
6881 304
1315 190
4324 1735
2935 1083
4513 4070
8201 574
9767 528
2712 649
8504 173
5690 2120
9129 7450
5503 5095
9422 6952
5234 642
2418 2176
8167 8040
663 351
9038 3004
6035 4848
1285 656
5748 61
4105 911
5476 2229
1102 73
