154
8648 8821
2693 6924
1694 2041
4871 4971
797 8741
3928 4398
7645 9511
1236 1895
9993 9999
7654 9318
9246 9506
603 3247
56 4030
998 9436
9154 9399
824 6940
1890 8434
4982 8321
2219 8983
9549 9931
3430 5541
789 2463
6007 9963
9254 9293
440 3568
1991 8256
9213 9804
9502 9925
4661 8878
2650 7730
9157 9360
2158 5635
7629 8134
2213 5923
1006 4072
5568 6507
3096 8154
7306 7662
8900 9594
287 8857
3846 6066
9880 9890
2525 4864
2803 5309
2909 7584
2293 4855
233 3736
4877 7813
2190 6499
2896 3236
5621 7052
6047 6728
135 9169
4028 4172
3898 4057
7827 8315
5168 6408
8751 9214
8973 9151
1376 5814
4724 6792
7475 7930
5557 7206
8697 9517
5839 9600
9776 9997
1032 4111
1092 4142
8270 8944
9183 9723
9621 9900
1737 6733
1800 8550
5754 9632
7842 8866
692 1166
7743 9860
6510 6978
5427 6394
5376 5791
4273 9994
1048 7350
4578 7790
4823 7906
4684 5989
4041 4280
4391 8756
7325 9734
1943 3417
4069 4532
4910 6292
8980 9875
343 576
3074 8368
225 5969
5743 8929
1393 4925
9671 9899
9001 9382
9064 9815
2065 5844
8273 8431
3142 3959
435 2223
1378 4100
9792 9794
8106 9255
2175 5371
6113 7425
8478 9034
1954 3045
1153 6464
3070 7847
1789 7741
4324 6250
2654 3843
9103 9591
8792 9699
2669 3974
2639 8947
5873 6416
1579 9021
2411 9779
7190 7759
6804 8326
621 8398
7924 9339
1821 2603
3213 8459
1485 5581
4799 4858
8099 8202
6471 6927
6980 9754
4339 7162
4594 6797
181 4164
6043 9116
7077 7927
2601 8520
1698 5062
9782 9911
9442 9616
6645 9171
2393 3718
699 2702
9473 9669
8080 8084
3489 3787
8006 9898
6301 7459
4937 5797
1520 5337
7403 8838
828
1229 719
5348 3600
513 276
4599 4588
3919 2998
6195 4016
2838 417
8198 6619
2404 2114
5431 2401
9914 585
4533 3596
3675 1950
8513 4060
1151 139
4677 1381
7791 758
4437 4173
1223 924
9953 7988
7660 6389
7503 159
7349 6901
3599 1521
214 174
4640 3022
4659 4356
5117 78
3726 2982
6124 1771
8424 3271
7084 17
4106 2953
6839 5521
645 478
6030 860
6699 939
8128 8004
5530 4267
7669 6105
3747 3352
2188 783
8094 137
5936 5019
3221 1793
8038 2672
189 6
1559 1343
1110 946
2163 1889
9133 7305
5625 374
8203 32
4775 991
3709 606
7103 2961
9651 4999
2865 230
7065 4698
1130 941
3544 1894
2805 2100
4681 4226
3390 2060
1392 22
7497 1357
656 578
9706 5048
1968 43
3039 662
2235 1575
3471 234
8904 3887
9535 2934
8829 3734
1926 676
8347 716
572 515
8593 5756
573 109
2817 463
9106 2725
5804 2821
7068 2340
3854 456
1669 163
5561 1390
251 231
4593 2206
8832 336
3879 1340
5706 575
2885 1587
6051 4483
3325 1946
9611 9153
953 394
3467 24
274 254
9281 6361
5646 1625
9025 5565
6592 792
840 837
3848 875
5624 1489
4329 3858
4868 2423
8957 3409
3023 410
3109 1402
8859 2059
4801 4765
1891 1288
8600 1053
3189 1403
4687 2356
1504 157
2985 2438
3505 1679
8217 709
3944 337
6304 5639
5305 3651
8570 1920
9741 2892
1172 146
5683 2439
5477 199
5211 2638
9967 657
2831 404
5470 4564
6364 3520
9684 5279
8880 6108
6448 5146
8034 6599
8286 6055
9783 7061
4907 1433
2728 1189
6271 4413
2361 1373
1507 235
7340 2325
8777 3976
7519 6356
3117 2052
9211 8541
9035 4190
6539 6268
2050 284
7812 4128
1965 888
6205 4414
9721 5690
4600 733
1660 28
5824 5387
4523 164
1842 1528
9858 4422
5929 2238
4004 143
1839 1203
6785 2754
802 483
9938 4467
3552 548
6878 2524
2214 1412
306 266
1482 564
2809 179
7262 3051
9488 4549
6596 5080
1295 342
8841 7934
3516 893
1990 437
7543 3666
4456 4122
1292 219
1562 99
7942 5835
8120 3766
1296 1007
6496 2529
5567 4727
9540 3910
8683 6027
9599 4597
2279 1709
4939 3385
3570 3260
2933 1941
4763 2813
1466 1458
3001 526
3566 2562
2912 1582
232 15
4299 2804
5686 833
4049 2993
3814 1435
5670 5250
8681 6191
2379 723
3987 2808
5140 1913
6255 6038
6936 4706
5921 2564
2947 201
9756 6821
3353 2974
9629 9513
5901 3199
6583 5430
6944 5913
1225 1044
1905 1200
7401 2681
6842 1195
3084 364
5075 2037
5065 2077
2248 18
8629 8247
5408 2258
6655 1215
8967 6088
1971 178
2713 1610
4482 2159
6371 4933
3171 1522
6636 403
6625 3256
9385 5967
2541 2244
8701 3440
7286 5023
7404 1697
8996 5096
2300 1801
6021 4304
9730 4791
9866 3180
7966 2915
3211 272
7471 4161
6242 6128
9375 2980
5528 205
2143 248
2101 1915
9310 2571
7451 2763
9315 9129
9663 1159
4645 3862
1286 229
2064 1104
6826 4710
7702 4385
6570 3993
1179 945
4862 3320
9585 5771
1321 245
8435 520
5379 5006
6787 5435
7405 885
275 50
8523 681
7564 1643
215 84
3428 731
2386 224
4020 1256
7694 2577
8710 707
4371 1370
2428 861
8165 481
409 172
8516 5402
4921 4829
1726 1623
3773 1996
8666 315
5676 2962
1532 553
8820 192
1108 713
9110 129
5559 1544
1524 1124
8479 7896
240 228
8044 5209
3624 1145
6262 1846
2583 930
648 462
7829 3210
8314 5777
5582 3715
7853 3851
742 186
331 101
7329 1556
8338 1657
542 351
60 30
8706 5191
5359 4974
4845 4731
740 728
98 58
7335 1634
3537 2028
5368 4263
8245 448
2199 2117
8000 1904
4461 2345
1119 781
2090 1155
3024 2089
2377 2134
7181 1365
718 29
2836 2110
5527 3508
4726 1962
952 854
250 119
7070 2733
4894 1645
8407 650
3230 121
2927 1307
4575 293
6975 1137
7523 6164
6771 259
2783 931
3761 687
6867 1291
5300 750
7644 547
5095 2169
9204 7261
3547 2135
9434 3805
3412 1263
5324 1852
8752 4493
7141 6925
587 209
7570 3119
1812 1169
627 170
2925 1855
4793 3680
3372 3176
3760 3334
2858 976
2607 1815
9538 8177
268 40
9637 8539
6354 376
1583 1462
3498 1344
2746 1828
1354 1117
9323 5383
3847 2582
7811 2859
5725 4961
6037 4703
1572 566
3318 2782
10 5
9500 2260
1451 1041
439 122
7882 5895
3408 265
3688 1503
6581 1553
7955 693
2127 218
9568 4874
8809 3314
2572 2111
6431 892
1578 1164
2192 970
6657 2095
689 411
1375 1049
7946 5834
9413 3054
7613 4702
5988 2351
166 81
620 114
1185 605
3665 1691
8367 6511
8807 6002
9201 7527
5164 3485
4220 2262
6472 3451
3947 631
5560 3741
4658 3302
9501 7559
7616 6321
2833 975
9642 6315
8272 6653
7929 1674
9270 5285
2191 286
3686 2737
9159 8155
1940 1401
3397 1916
4206 2068
7063 2631
4314 1228
6681 2462
9985 8129
7191 1944
3192 3147
4783 1165
4904 765
2033 853
5393 4080
7982 2044
1134 1037
8052 6667
6880 1878
5052 4643
1983 1090
3762 2390
471 75
701 477
7275 5395
4781 2103
3478 1038
3388 2280
3072 2658
9509 217
3672 12
2975 1699
5181 590
8526 176
8050 6483
7986 353
5767 3125
7822 4163
1832 149
1106 618
4475 3562
3945 2338
2667 1794
6706 3641
3447 361
14 11
9092 8964
9955 2109
2197 301
5292 942
9921 5369
6071 5657
8546 2544
7618 1369
9178 3969
9097 8914
720 715
9222 7739
7601 3826
609 68
5589 899
5415 4023
1661 349
5071 4624
3019 2695
7605 7152
1599 187
7118 4797
5841 3144
1973 1305
3697 1397
9373 5907
2834 352
1067 432
6920 3880
8916 393
4109 2676
8559 5731
1888 501
4708 4525
4381 2629
3281 1650
9717 3030
7588 4035
1619 35
1249 1205
271 102
9850 3243
8700 3296
6498 2640
8174 3329
5579 2578
6347 2328
2396 2249
7807 5961
8260 2452
8733 7406
8015 4402
5856 2105
5077 829
6628 1632
4246 2505
7054 3590
2378 2184
422 34
7217 4328
3875 124
1835 558
9912 5051
7568 1607
5946 4135
9069 8840
5224 4359
7358 3040
3200 449
2677 1919
753 291
4835 3626
4705 3507
2935 175
6857 6689
5098 2283
5654 2752
152 23
2156 1083
2517 846
5999 2436
6339 3584
6148 4636
5474 4506
2070 1348
8894 7321
9081 2778
7700 244
2208 1702
5464 4095
7596 6277
7439 4551
8785 1021
273 120
3292 125
5508 1268
2694 2637
9845 7397
4861 1551
9550 6840
5945 5214
3923 2407
5217 3872
9486 8590
8200 3470
5399 1701
1469 405
4440 3368
5580 2387
4998 3151
1345 339
369 26
9071 6892
207 132
8536 3745
7101 5792
3852 2879
2708 136
6334 5552
696 474
6081 2597
5163 1181
1713 504
9224 4375
3167 3
2360 1211
2538 1742
3245 1760
5904 2226
4005 3803
3115 2528
6540 2334
6029 3725
8670 6474
8149 4388
5314 3255
5307 52
6536 2108
7487 5437
4007 3953
5594 2759
7203 4905
5802 3577
7859 5054
1233 803
8558 7388
5301 3332
6611 1043
2369 2021
3703 1404
3556 3274
7155 1505
6014 2765
9623 4291
5960 5525
6738 2526
7182 2664
9893 1961
5455 2004
4331 1303
6219 3748
9208 4690
3253 2427
5609 2688
1476 117
9760 4966
9343 7769
1004 637
7642 5587
8119 6033
8815 3091
6103 2625
6569 6106
270 184
6514 1016
5078 3831
6324 5698
7623 4474
8359 7731
33 21
5187 2647
2380 362
8810 300
5491 5296
1045 761
933 546
7371 2506
8492 3026
5878 5692
8209 4330
1209 363
3661 894
2486 475
5972 1289
7146 4351
3443 1877
7783 1843
1443 1285
1681 66
431 65
7380 6550
9489 6932
9252 5798
7218 5073
3592 1631
4448 806
8264 4774
3746 1052
7316 5401
7421 5273
3756 2726
167 105
6058 1498
7752 5004
7630 206
6052 3170
7389 1500
8346 7093
6791 762
4212 3162
9078 8605
6620 3053
2720 2304
9677 9328
5490 1410
9266 2470
660 381
7805 4902
3589 2053
7879 1055
7426 5462
8290 2282
8784 1976
9975 5612
4044 3168
7435 3280
3609 683
5108 2532
8731 6186
9423 106
2930 2107
5504 2285
2203 1928
5014 4738
9278 1058
7994 755
9807 1001
8509 6704
9184 4520
2012 1244
622 31
2611 2022
8871 3017
6735 4406
25 19
3338 48
9705 2492
8387 5949
333 323
4538 3370
5252 871
2450 773
1033 812
4484 1768
3955 1266
5306 1339
7848 7727
4318 123
2366 2149
4112 1918
4497 4067
4678 910
5675 2389
1545 1158
2843 1725
204 4
5476 2701
5793 582
6912 3534
5563 3299
486 348
2018 593
1099 61
6593 1511
7899 7240
4240 1598
7996 7037
8287 2569
8530 811
2011 586
1282 340
9636 3679
2500 727
1959 1613
6045 5141
7914 4618
3014 1147
5934 2069
7377 6420
7180 5554
9428 510
7985 3008
3240 2546
3359 994
4269 3822
1424 1101
3558 1448
743 503
2806 1326
4348 3252
8484 5008
4903 2940
8708 7624
8481 7936
6509 920
2840 2075
8179 1883
4625 3967
3809 2523
8680 6332
2789 827
9762 9430
665 624
6692 5605
4906 3080
2574 958
252 113
1135 588
5691 1371
88 36
8951 1072
7689 2063
9966 6654
9772 4217
9300 6430
2478 2253
3435 2656
3265 3204
5938 986
551 525
8768 8302
8525 1535
8577 1795
3572 1010
6769 4654
6884 1329
4162 4051
2288 814
