672
1408 2414
1876 2675
8783 9076
2054 4993
8207 9967
232 9011
130 1612
4976 8356
1266 5513
9236 9531
6021 9969
2996 3424
273 2528
1806 2757
7573 8035
6346 6676
2185 7322
3786 4832
6079 9352
5921 7303
2116 7910
8265 9234
1899 6692
9972 9993
383 6719
931 1241
9154 9506
1026 5023
3884 4336
2714 8073
5455 8239
7780 9847
6155 7062
6118 6818
6479 9068
7096 8039
2471 2539
9155 9459
7555 8788
8108 8506
9510 9811
5923 6058
4158 7298
283 6522
9582 9759
9478 9730
4745 9693
7977 8087
6778 7803
7758 8609
5529 6811
9696 9908
4431 4613
7176 8501
471 878
8291 8662
7974 8416
7310 8632
6154 8404
6419 7899
3634 4944
9340 9893
8299 9647
1771 5493
3167 5238
1798 3954
2917 6342
3817 4359
1986 9198
3676 6649
6813 8993
22 4032
5751 9398
2639 8418
3062 5193
8177 9153
7767 9255
4569 8134
5753 6221
8725 9376
647 2900
7922 9819
4912 6529
8172 9469
9667 9669
5285 8422
2207 6602
110 3059
5740 8442
257 8166
6823 7702
5274 7893
7006 8587
4561 7616
522 901
7882 9542
3288 8534
4276 5682
316 2306
8516 9241
3831 7271
839 9097
5697 8923
3346 5396
7691 9030
7154 7709
8663 9597
8882 8955
2951 6767
4815 6561
4539 5344
5188 9980
9161 9365
5183 6095
9890 9907
5800 9859
8855 9367
5288 7938
8306 9996
9022 9676
4931 6325
2048 7260
4707 6926
5719 7467
3767 5539
3893 5756
8174 9383
4349 5962
5000 5342
3430 8042
2885 6931
2461 9590
4159 4595
7402 8667
598 6647
4688 4801
6365 9614
3688 4935
5547 7917
6731 8208
3755 3784
6145 8927
9702 9849
3930 5754
3243 5863
6449 8095
5722 7368
6184 8675
3343 7149
7911 9784
7732 9899
2599 6066
5649 8092
6910 9573
6713 6814
2333 6496
5765 9014
3696 9408
2154 8408
1053 2262
7923 9338
9781 9809
3106 5984
3880 8551
5605 9619
6699 9199
1570 8907
1763 5538
1944 9495
7802 8057
3150 9935
7896 9257
5047 8487
4577 7890
9217 9911
9615 9685
5689 5738
1727 4990
778 3842
2963 8779
9004 9625
546 4575
6454 7643
7502 9736
5266 6410
5051 8588
6207 7007
5464 9832
3947 5411
264 3500
1083 7870
4312 4436
1542 3493
5196 6376
2816 7832
2600 3367
6433 7859
4583 9146
3180 5383
6499 8109
4802 5901
9627 9974
6340 7805
2867 5535
7966 8867
6220 9741
5343 9501
6634 8661
4765 7745
7159 8638
2582 8723
4642 6173
5972 9584
4338 5920
327 6421
3633 8135
6577 9189
5941 6567
5138 8977
4339 5224
8080 8167
6023 8511
6943 9277
3026 3083
8767 9391
1950 9117
8592 8706
9329 9772
9450 9543
2844 5060
7130 7498
4460 6027
2985 3006
489 6300
4799 7752
3007 6748
6180 9535
1689 6679
3450 6065
1775 5745
8555 9420
3188 5311
4283 5653
9118 9547
3576 4042
7669 8360
7559 9710
992 3128
5073 5393
2806 6501
7603 9488
4278 9121
5153 8891
2003 5276
9275 9942
178 815
8414 9435
5029 8818
416 9482
7177 7355
6115 9798
6928 7315
827 9466
8023 8268
3008 9603
9870 9944
9013 9620
5203 8352
377 4410
3534 4852
2952 3862
6924 7570
2402 2865
8375 9518
942 3054
4645 9012
2493 7684
687 3044
8517 8884
8981 9381
7931 9962
5544 8659
1527 5078
4037 6112
3772 7002
3642 8141
3540 5270
3011 9882
8703 9247
757 7139
7047 7504
941 9884
3857 9828
6167 6922
6321 8081
9203 9843
5197 5849
2258 7551
8337 9222
9020 9602
2809 3929
9304 9823
96 7302
3561 4869
5846 7975
6950 9193
5650 5934
6291 6790
6490 7626
1187 1620
9604 9970
6200 8805
1979 3869
2883 8241
3301 4177
50 7102
497 642
7521 8708
1451 9406
3569 7094
5600 5715
4927 6902
9058 9465
4779 6857
5614 9067
3268 8111
6704 7991
8380 8604
6336 9500
9279 9588
7337 8206
5240 8613
3171 7679
4860 7538
8059 9672
53 5705
2091 7082
7749 9143
5658 8522
9754 9978
4527 7349
1824 3712
4629 4957
2740 5457
9877 9910
9536 9880
2969 3888
1707 9202
9359 9681
2999 4217
4656 9060
4070 4728
513 4591
521 3459
5573 9272
4984 8342
755 2424
404 2114
3258 6535
5638 8530
8020 9763
5415 8282
7600 8015
3356 5360
5380 5769
1739 3720
6650 8389
7783 9099
9133 9572
9403 9966
9804 9860
3523 8789
7740 7833
958 2072
1573 3580
1413 8657
7982 9002
1434 6598
648 7244
5586 6793
1963 6673
3036 7458
2373 8758
1346 5907
4662 4733
6771 9664
1397 2832
7084 7140
8495 9440
9207 9451
2499 3544
4962 8393
3925 8566
4346 4608
5069 6146
4908 5295
7847 9239
8669 9821
9726 9792
3452 6997
6549 8500
7087 8056
7100 8910
7960 9646
8377 9249
2972 6148
9524 9538
6685 7230
3587 4751
4347 6536
3672 4128
6513 6697
3667 8492
9152 9758
3476 6550
9453 9810
1910 4938
5345 9965
9102 9593
1127 7015
4780 5679
7426 8131
7563 8347
6971 7363
4173 4294
4135 9149
2992 6062
8281 8824
4842 5563
3068 7115
4989 5694
7556 8647
4922 9447
4532 9371
8825 8890
2102 5498
7454 8816
5388 8786
3153 3498
712 1749
193 3017
6457 6701
8761 9194
5691 9606
5866 7984
4238 6183
6216 8262
4959 9370
7671 9037
6587 8718
7335 7495
1221 6631
2397 4175
6269 6316
8618 8807
2070 7395
6395 8909
9165 9671
390 6787
4674 6489
7915 8128
2976 6580
4072 5781
5835 5867
2326 9753
3411 3787
3295 4117
9175 9891
2485 8997
9015 9208
5976 7801
180 5566
5536 7314
1892 2717
8812 9512
9454 9869
4640 5675
2607 5332
1254 7996
3740 4203
7861 9072
1059 6698
503 7950
9937 9946
8953 9791
7290 7661
5122 6127
5346 5953
5524 8631
8918 9825
1427 3373
3600 5222
9446 9708
2119 7225
498 6880
5949 7060
8308 8894
480 9039
845 3962
3223 4092
1196 8104
2707 9026
4131 9841
3470 6792
555 2813
1050 3579
4323 6233
9229 9583
7905 9114
1588 8640
8792 9333
1646 5750
3284 4321
6482 7750
4233 9036
455 1175
3950 8419
4155 5142
6089 8037
2878 4835
8651 9764
7822 8934
3084 8122
6101 6461
7908 9129
1543 5433
2871 9818
6430 8954
2614 4180
3901 3908
6029 6113
9749 9951
8925 9934
3378 7848
7612 8330
4772 8982
2870 4579
1006 9052
7641 7964
2335 2948
8826 9388
961 7318
6353 8735
2445 5608
5052 7942
1884 4485
1983 9515
1275 6638
4806 5230
9483 9743
2300 6086
7073 8490
6815 8346
6677 7842
8676 9209
7765 8119
1022 6628
5991 8745
5368 5967
2645 8642
9623 9982
214 245
8529 8897
4821 8712
8960 9178
3352 9718
1577 9706
3785 8701
6959 7127
9636 9778
3023 4078
9555 9833
438 7721
9611 9959
7481 9295
2011 2222
9091 9631
6791 8066
3186 8864
5747 8699
1717 6057
2000 5762
561 6304
336 5294
4299 7809
697 2384
6975 7970
3362 8052
7104 8646
5746 8851
2534 6369
9755 9853
9889 9902
4831 6830
7497 8877
3427 9181
7503 7889
5421 5914
8221 8578
6248 8076
1139 5143
8932 9074
3173 3508
7544 7815
5373 8881
8407 9265
2715 9607
5156 8476
5454 9286
2315 6356
932 6691
7468 9701
9770 9917
8288 9136
4123 4327
887 1186
1121 2942
9144 9845
2854 5783
8461 9053
3397 5471
1126 8967
9504 9581
6435 6495
2960 5517
2239 9084
2987 3482
1432 2288
9903 9932
5813 7829
1334 9331
2067 2964
795 5657
8149 8462
8606 9065
1943 8775
7688 9783
948 1240
9746 9787
713 9246
8702 9057
9159 9240
2808 9457
384 7945
3277 4048
3828 6338
2672 3132
4438 6111
6905 7259
673 4700
709 2126
5067 9397
5339 9992
6956 7166
7649 9101
9561 9689
1736 6891
3399 3988
2181 8921
594 8650
3349 5018
6328 7853
6681 7774
7937 8156
4899 7381
4969 5569
23 8494
2193 7125
5430 5441
9644 9748
8523 9462
1492 6460
678
5483 1628
2791 2779
6157 2563
7137 6735
7415 6001
888 811
7456 1400
7160 6855
6422 1510
7031 6620
3294 3093
5330 1504
928 402
5805 2277
5173 3536
4186 906
4056 162
5136 414
2131 583
6132 1417
658 163
5630 1421
1416 1322
820 459
8198 3733
4205 519
8928 4684
7377 6762
3203 777
3816 962
7825 1435
1642 1332
3296 69
1779 352
7061 6721
5264 3638
5795 5334
5092 1135
7103 4046
4914 4566
806 415
2439 2406
8114 3594
4793 3333
8300 7049
1692 1411
3966 104
706 657
8497 2835
3917 2907
281 127
9051 5696
3211 1443
9981 5760
2311 1784
3567 143
3632 2553
1551 1491
7023 3066
5115 3514
8545 7394
8468 670
1799 124
2071 586
1672 787
9927 4843
9523 4387
3708 3027
7712 3015
915 912
1770 545
3019 1827
3037 2246
8078 7731
9364 5905
933 691
9922 7463
5726 172
6660 1917
4190 2088
5349 3654
3845 3522
7469 3420
4116 1791
1060 858
9704 1150
298 262
3169 1800
9724 9281
3187 2718
8999 2057
654 211
2498 1054
2452 780
1493 683
4067 2670
171 102
6362 51
7994 3075
2024 1407
8776 5502
8481 4058
8209 1487
5577 2449
2678 2264
4620 1030
7623 4229
2623 84
1369 1292
7369 879
5254 4813
1598 1489
3596 1853
1123 821
3714 1833
3949 823
3913 859
7804 4956
7004 4593
9520 3260
7447 1860
7407 3986
8094 5881
3563 1356
9458 2891
9528 2696
5210 4739
8762 7370
4461 1802
3414 1212
797 157
4310 607
9244 7441
5503 5273
2886 2509
4098 3896
4965 2380
3332 2297
2069 115
6081 4826
9546 7717
3022 737
9521 3589
662 529
3088 168
8900 8748
2410 1589
6851 5271
2066 1723
1654 1632
1225 155
8 2
4322 206
4 1
9070 7293
8184 118
4207 340
1202 75
2651 1702
1145 444
6589 6181
37 3
4221 2644
8944 580
5798 3474
7202 5688
5596 2294
8298 3810
4182 2295
5374 5338
9789 6272
4945 1520
9695 1425
9027 4413
1675 1038
2013 725
3699 3615
3939 437
5568 2408
9336 135
8359 7957
7026 6037
6544 5685
4923 674
8861 4055
6586 1457
3909 1994
6841 5812
5486 2477
9947 4854
3049 2966
9645 2346
1077 126
4029 3953
6168 911
826 504
7416 7036
9737 266
5959 2450
6566 4578
94 13
8028 7421
1670 54
7090 3640
4427 2508
4978 2661
6878 6733
5104 1557
9041 1450
6405 4926
849 656
6439 6091
7282 834
5585 2086
3891 1163
9526 7827
567 221
6695 226
4724 2046
2521 1838
3873 3843
7921 5191
1539 819
8444 898
6305 4792
7581 267
7989 7022
3325 1125
6607 224
6080 1643
8479 5634
1452 137
7794 7077
3119 1000
3987 1716
975 233
3951 3666
7052 4750
5071 3410
5780 1816
2331 2274
8164 5790
904 500
5940 1927
6732 1913
2627 2270
4504 176
8361 4703
158 86
1694 1340
7531 1092
3479 2429
1250 1247
9750 7070
6069 3072
2341 2203
1218 554
4897 1226
9964 7776
6624 1256
8413 2934
4836 1837
8964 8032
8232 5041
3275 913
7913 5603
8854 3790
6366 4721
29 7
1325 90
6558 1011
7342 2875
4013 2873
475 307
8878 1272
3557 572
8165 3659
631 181
6169 1560
2802 202
8906 3904
199 117
4337 1547
3655 2349
1192 833
710 460
485 394
7354 5215
9837 6319
4611 4167
5720 425
4940 2704
3897 2322
2432 1302
8673 6048
4119 724
605 185
374 99
5537 2874
4041 1616
3197 2615
6591 2405
4474 1932
8939 3915
8447 6603
6736 3380
3751 1107
3846 379
4784 3996
5312 1874
1219 1094
44 38
9805 5749
3499 3385
5469 1251
9756 5734
7133 440
3151 272
9486 8007
7719 6008
3025 562
6232 1936
644 57
9714 7622
2299 125
7841 6720
7327 2050
5187 4769
3125 2622
4643 2668
7663 5398
1925 1131
9491 856
5182 4712
7081 2289
3729 2313
576 511
2997 916
7568 3664
6690 2042
5422 5227
9319 2781
3377 2177
1472 359
877 531
467 10
9567 5068
1691 319
5541 5280
2928 446
8367 5272
3077 2852
5514 4447
7373 5437
1897 1886
6246 978
514 417
7325 7020
216 165
980 315
2603 993
804 419
6613 2821
7313 318
332 189
4077 910
3076 1774
1224 509
8637 4999
8984 5148
1211 1176
6456 2927
2905 349
8952 8755
3416 314
9024 5497
9565 2984
9009 2518
5806 5297
3719 523
4850 3643
7356 6715
2525 1476
145 119
1721 256
1978 1235
8182 5061
5985 2174
7940 1100
3778 3143
8541 8274
1257 436
4063 3181
7646 3406
1468 368
2843 1412
2236 1719
7444 3639
3958 3290
9665 1957
3182 985
1591 348
1214 148
1624 1201
2902 2510
5024 803
9648 4538
9858 5026
7276 3041
2324 464
1594 356
271 93
4722 1976
7011 842
8344 5843
2367 1096
2851 48
5802 2657
1920 544
5794 3943
4916 3342
9554 7723
2225 1823
361 109
8399 7043
7489 7475
4534 2562
9404 9142
8859 6030
3123 2379
9374 2182
5159 976
3029 2691
8237 8155
9349 5656
5220 344
3097 702
2606 742
3935 2526
5575 1143
2767 2444
7033 3314
8936 5144
1908 1232
3741 3462
999 844
8051 142
8917 4658
5981 762
1905 1005
3363 1850
3590 1194
1845 308
9657 6834
5785 3928
2635 2134
1339 42
4635 1505
2160 1645
6123 3754
2453 966
8860 5929
8571 4520
8019 6026
6523 1924
3030 2558
6070 373
1743 1467
6711 588
5431 2697
8457 6953
1018 41
1529 682
4126 680
3581 252
4519 1595
782 241
6138 4059
9481 5255
3693 1871
7014 590
4505 3251
2022 686
5058 3879
6576 418
5167 4375
1735 1673
2486 569
6191 5416
9332 6004
2056 1525
7235 3213
1711 1004
1738 699
6775 1912
8866 754
4502 3018
7539 3898
1640 164
6102 4706
549 33
5251 2799
805 579
5644 3518
1813 186
350 89
4453 4282
7471 3366
7214 2353
1705 1084
9405 4686
1463 212
9682 3585
1898 1795
2470 1809
4671 481
39 36
1446 236
7700 3739
4874 1166
2310 391
7152 1961
7916 2815
2505 2430
835 616
1759 160
956 776
4660 2388
703 196
1331 1095
4648 1623
52 18
1977 850
3872 3370
8994 8065
2660 1891
685 200
5796 4137
4034 1968
9373 3304
8654 2229
9337 1535
114 56
6609 6345
4909 3838
8220 1382
9119 1973
144 81
2362 285
8493 3280
1102 1013
5558 2500
5595 3014
2863 2073
3941 1820
7743 1058
1090 582
3932 2790
4730 3625
6920 6143
1086 875
8938 4213
3552 1205
7328 2619
9814 7973
4891 3973
7739 6729
8591 5598
2019 247
5664 2507
5560 4875
2741 2369
6292 3485
7457 4552
1114 324
6108 3965
3436 473
5933 1878
814 659
2581 1804
5242 2884
2554 1105
2545 309
4206 2676
4834 4068
395 32
690 601
5501 5054
6804 5948
9820 4372
783 613
3383 2284
8720 4894
1903 1119
1997 88
5003 4196
4022 3689
1787 1617
5205 5015
222 95
4284 2228
6861 1566
6408 4099
6330 175
7902 28
9412 1394
643 5
520 372
610 575
2204 896
5899 3437
2977 1828
1324 800
4868 4697
8707 8285
8219 7894
8168 2760
974 589
1671 1402
3064 2285
9655 3121
434 128
5507 3702
2913 2459
6067 1370
9410 7549
231 227
5301 1788
772 573
2818 920
8770 3989
7375 6710
1549 1437
4822 1730
8398 4675
930 866
3086 1280
170 150
8248 3091
5699 3750
4237 3438
3141 1814
2931 2683
3191 1474
3502 1497
8527 5884
9311 8169
7903 6413
1209 468
6653 4011
5135 1252
6126 3725
7171 2531
7067 6277
1169 524
1137 277
9266 7591
4112 347
5409 5212
3762 671
7535 5531
7650 6967
3705 1055
758 718
5059 3154
3923 149
445 406
5939 2106
4073 427
8794 1698
7251 587
4464 3327
4543 1821
4489 3791
7615 1768
9436 7476
8452 2476
895 21
