82
8226 9603
8379 9370
542 8086
2917 9237
2234 8191
4238 6163
9520 9641
599 6321
9530 9647
1071 6478
1917 9341
5535 8334
1147 4765
9605 9948
5163 9699
3352 9741
9270 9797
4287 8459
5328 8605
9678 9900
3586 5433
3010 9462
7377 7388
5719 9979
4537 4800
255 6361
2626 4366
8966 9078
5129 5153
7293 7634
2420 3381
9268 9353
9823 9889
5430 6339
633 2224
4672 6786
3279 8150
8660 9693
6621 9140
1885 3601
7013 8740
2890 9372
9195 9296
7736 8806
5864 6827
5932 7612
1091 6625
2297 5538
8140 9112
288 5443
286 8114
8570 8694
1123 4263
421 678
1932 5731
960 3129
3912 4482
9897 9994
9596 9752
8310 8685
6555 7809
5689 6306
7208 7512
825 7573
5821 8480
2862 4052
5402 8758
1236 9790
588 7954
7914 9391
6853 7604
8169 8517
8706 8896
981 4313
8196 8760
212 3408
9769 9996
5954 9920
5019 5254
6966 8813
3006 5373
322 9318
9
7263 2819
8739 785
6133 5206
7184 2845
3220 1782
7278 3009
7635 1223
778 603
1913 295
