599
7454 8140
835 9657
576 7726
1682 7377
3126 6235
8350 8752
2027 9426
9594 9702
2062 2783
8166 9422
3734 7040
2834 5267
1471 7780
9397 9896
5786 8293
8614 9878
4099 5491
9474 9908
6901 7664
3442 5351
1462 6057
936 2611
2815 4071
3294 8213
84 7561
6654 6887
1064 5426
9210 9784
5560 7615
517 4902
4422 7793
5523 8505
7915 9792
8230 9506
7405 8514
7199 9802
4456 7502
4486 6849
9319 9516
1495 9375
1929 7800
4846 8620
8972 9399
7301 8525
1885 7930
4323 5348
642 7161
5713 6830
5656 8125
3647 4346
8015 9741
2303 9019
1833 2397
372 7550
4256 6764
2763 9079
4880 6836
7852 9218
7695 8391
90 2490
8163 9987
7532 7983
7110 8428
1118 5042
1734 5271
6517 7621
2826 3566
500 9717
9077 9712
5697 9454
2036 9669
3741 3901
190 9696
2503 2738
6653 9967
9618 9888
3040 9310
2466 2892
9355 9607
6503 9196
8869 9708
8566 8707
5565 8037
6838 7117
674 7597
4198 8081
6221 7984
2301 6702
1851 7675
7995 9451
9686 9780
3000 5861
5307 5498
777 4729
7196 9931
3033 6107
8279 8329
9281 9942
5532 9552
6912 9773
4587 7952
8266 9294
212 7386
550 6740
844 7769
6789 8519
3591 5752
7382 9569
81 4087
7589 9391
5010 9996
1756 9050
4350 5133
7838 8256
5225 9803
5913 9436
6781 7833
3671 7503
7425 8285
4158 8626
6215 9566
7738 8867
5151 9034
3639 9103
4224 9969
6495 9840
1321 7182
6049 8905
8442 9289
6036 7294
7629 8848
8055 9846
5269 7261
8388 8782
3112 7602
5285 7459
458 5419
6728 7379
5294 8733
5960 6742
8290 9303
5693 8523
383 946
1679 7435
8215 8221
3424 3679
5520 7393
2090 9979
2568 9682
9385 9480
6000 6524
5711 7014
5618 6035
9146 9309
4639 8807
3486 9527
5279 5327
3309 8023
648 4131
7213 9615
6731 8242
7399 9314
5724 8557
5063 6888
5479 6429
7618 9337
64 6244
1775 2217
9779 9930
2923 3771
6449 6917
1627 4616
4156 8810
1917 4467
2418 9237
8154 8378
8679 9207
6716 9781
9112 9623
8005 8446
5837 6520
7131 7507
6329 6416
9206 9771
436 7697
1673 6676
4139 9753
5172 7531
909 1622
4006 8196
9378 9758
7028 8711
1220 7042
7636 9387
4749 6135
4658 7433
5528 8598
6388 9951
7624 8769
2487 6114
3882 5756
3453 5487
2345 8313
6085 8035
1290 6419
3024 4645
4503 5949
734 4060
5391 7023
9638 9864
4657 9424
6092 6627
5156 6274
7075 9778
4143 9236
9515 9837
7038 7996
87 8054
2390 4763
8870 9699
3313 7374
1693 5587
1413 9085
2405 7048
3611 4173
7468 7689
8970 9126
3642 6339
3937 6869
2735 4343
7712 8671
2416 3377
8647 9793
3398 7669
7019 9600
6560 8593
2977 3488
2421 7651
4336 9429
1282 9156
6812 8745
1254 5689
8490 8891
9361 9944
7423 9860
6538 6586
3053 5649
6440 8853
4567 7648
5212 6375
7409 8187
3035 4751
6102 9065
1463 1724
5709 7105
8599 9858
7774 9834
6238 7625
4734 5804
4516 4633
9587 9611
7683 8070
4925 7925
4622 8999
7758 7977
6963 9799
322 9707
60 9200
4048 7682
2565 5554
9257 9288
2814 8169
953 8117
3653 8579
8020 9028
7355 9491
8665 9464
1138 8892
6389 6749
8993 9561
9284 9902
6673 7731
6113 8992
9249 9782
1988 5298
4168 9033
1746 8093
8926 9351
3717 9324
7345 7575
4951 7500
6832 8185
3988 5594
8389 8880
4577 8824
5313 7582
8156 9958
8368 8735
3886 6547
9081 9617
1936 6848
9854 9926
1653 9216
6242 7103
559 4737
9666 9899
82 1376
9807 9980
8996 9626
9535 9602
6725 8567
890 6553
670 3727
8048 9152
4126 6607
714 7232
1745 6525
7528 8227
2962 3967
6069 8430
3150 9476
6063 7070
99 5957
729 837
3998 8090
9341 9448
4411 6040
4899 5835
3191 5774
580 3075
1175 3018
4339 6138
3455 7863
5502 5549
8504 9625
35 3391
682 2667
2271 3396
974 9514
7106 8013
9677 9933
9694 9735
9291 9415
49 206
3872 4402
7407 9389
1887 7815
4898 5626
6723 8113
6578 9540
8931 9660
2237 3289
7030 8681
5667 9959
261 2960
304 6746
6941 7184
5019 8114
5386 9261
269 6572
6911 9404
4023 8372
3232 4830
1225 6825
9582 9633
9344 9744
3185 7422
2866 3205
572 3130
3339 6606
4790 5229
7611 8714
2753 4129
4878 5469
5330 6871
4894 6638
5097 8516
511 5922
7643 9371
9368 9948
3917 8341
7456 8488
2387 6768
4296 9402
1794 2849
129 2939
8063 8193
9966 9993
3476 8995
6177 7802
3581 6178
796 1951
2412 7676
3893 7660
9043 9455
8527 9656
9538 9723
2862 2973
5243 9981
7135 9191
2014 6012
7097 8317
5401 9628
569 7483
2257 6863
6322 6591
4440 5306
5604 6885
2017 3876
6528 8717
7908 7980
1669 6529
412 3296
7011 8656
1779 5423
285 3088
6378 7529
1056 5524
9663 9698
2675 7267
1551 1727
8840 9183
5716 6441
1582 5195
5012 5044
407 7744
7274 9743
9231 9530
748 9497
6692 7406
3961 6661
1793 2994
3462 3593
4469 9145
4036 9644
4510 7990
1576 1902
7417 8958
8618 9162
2411 9421
5588 9027
7696 8170
3516 8172
6641 9943
1870 2496
8451 8874
3831 8850
7045 7114
9983 9985
6210 9718
2566 4663
5188 7562
4739 8440
9973 9992
1437 4163
8872 9703
2658 7585
585 1706
9179 9957
575 1840
6724 7337
5385 6373
5314 5945
7444 8644
4455 7164
3873 8719
3690 9425
7210 8190
3877 4466
8354 8578
9181 9504
645 8974
2474 2556
1110 9775
7657 7790
8686 9489
6855 7555
2286 3454
3914 8038
6130 6366
8121 9687
4816 9911
1114 6658
8585 9035
5015 6082
6925 7268
6828 9971
4508 9381
9110 9343
4966 7604
6558 7927
6774 6841
3367 4758
5169 8919
9140 9329
213 868
6436 6609
7810 9568
920 5746
5586 9369
1349 6189
6237 9645
8952 9333
4853 9841
1994 4341
1609 6981
6479 9006
5000 8704
8910 9123
7487 8333
3604 8454
2389 3770
600 4439
1916 9336
9562 9796
9280 9503
5920 9247
5930 7962
7818 9882
2455 9068
6985 7354
6457 6893
6226 8365
3337 5909
7015 8772
3617 3817
8727 9913
5266 5416
8650 8946
7034 8841
9672 9690
9252 9549
2555 4146
3861 5508
1432 8237
2601 5263
2982 4385
1016 1942
2839 9597
121 5160
534 8066
166 749
7763 8072
5264 9797
8342 9488
3259 3277
9115 9477
9835 9897
4843 7862
7152 8876
7989 8550
2206 2306
1561 8902
2187 6910
6978 9354
3944 9267
7430 9811
6831 7537
3188 9681
6497 7727
3083 5882
5318 6968
6175 8820
9093 9512
8067 9101
2497 7779
7783 9298
8834 9102
154 2094
5518 8261
9767 9870
1345 9880
2724 5989
8224 8435
463 6048
1541 4745
3889 6619
8479 8492
8551 9825
3098 5303
1297 5214
4167 8432
403 1067
9646 9923
1625 2932
7577 8328
770 5543
3663 6031
5567 6833
7035 9683
4929 9125
8961 9276
3613 5904
2865 7956
8395 9407
88 2276
3297 6845
5198 6778
5796 9235
376
4813 3570
8461 2292
3064 244
4210 505
4319 639
5514 1470
4785 3948
3896 1683
8275 4504
9927 2685
5205 76
961 327
8896 5161
9380 3319
3704 1767
4352 3009
4018 3846
3818 1705
6077 3548
705 497
7338 2015
2526 1736
3852 364
8214 6579
122 100
4931 510
857 854
6577 1087
7450 3578
2796 514
5836 1842
3819 1742
5932 3419
3738 40
915 114
542 328
8234 4024
9364 2086
583 573
1394 967
9352 8724
1466 552
4682 2997
1482 228
7109 1339
5177 1843
9379 1560
1007 51
2804 786
8955 7707
4764 3118
565 512
7958 2038
1967 581
1147 566
9104 2869
3983 3378
6719 3312
9664 319
6918 5647
1501 156
1934 1431
1510 656
3667 1422
4544 1567
5374 5036
6884 1773
2650 1500
3479 3469
8289 4081
1353 599
6038 4671
53 38
3926 3485
4891 1368
1761 620
1019 513
7173 3290
7277 5951
2766 106
5009 4258
731 472
5830 2820
8540 661
5438 1474
130 29
1953 1116
9614 2227
265 105
9229 1354
1996 782
4002 1969
9403 6589
9417 7914
6744 362
7545 2802
1912 1389
5853 2178
9274 9151
6454 4660
2536 398
3418 632
1599 339
1558 1385
633 286
1574 1502
2491 1677
6433 5876
5966 4228
4559 3437
1890 1879
1829 987
2212 1063
3215 1388
7929 5990
2427 315
3785 1570
2171 1671
7107 290
9214 7617
2 1
58 33
2762 1193
7447 5434
3760 1777
2354 1433
8631 8211
3890 1256
325 63
6617 3145
9255 2545
910 831
6476 4994
693 367
2229 1364
5259 3156
9046 464
2183 746
5410 4194
9393 461
3994 1796
6602 3291
2429 1279
9450 1961
7076 902
1319 726
7646 4419
7279 3996
1415 1272
7595 1296
8431 1597
4443 935
937 487
6343 3837
1299 1002
6487 1259
4775 3625
6346 1681
486 170
858 536
5682 3171
6500 1370
4104 643
1841 635
7446 4489
3063 1496
7059 1213
8484 6852
5800 5338
432 36
767 660
4715 2532
662 226
232 152
4375 375
5363 4154
5066 3807
9169 3444
62 16
6456 4433
2850 1594
4040 3443
7162 894
8473 1873
9096 3768
5591 1012
4220 1305
1025 845
3644 2170
9188 8109
1145 873
7999 3971
2993 1163
4250 2902
7492 3794
4083 3634
9018 1264
5505 883
3791 2357
2983 2442
4888 4506
3350 2746
388 9
2022 1477
6426 3737
8216 343
3939 2531
688 421
3178 220
5397 4643
644 470
3043 2847
7871 547
5849 1435
4552 445
7065 4932
2340 1317
1304 422
5937 4212
8722 1273
9588 3804
3448 1499
6304 5446
4854 736
3037 2035
5933 3181
3051 13
3111 2660
5617 4200
6745 1182
702 533
1142 189
1381 164
2498 2053
7710 3385
3863 296
2917 2147
887 548
6071 5082
1451 498
21 14
1276 815
1260 493
7288 3700
7180 4098
8277 5789
2333 274
5280 531
1927 1235
1111 526
9285 8713
1509 1241
9245 2050
5817 5466
5404 3925
6323 2233
5121 1271
7402 7388
3428 1020
1590 32
1847 1033
3718 570
2249 320
2943 1979
4464 2637
3962 1448
1910 1329
5073 107
354 316
3279 2072
8314 8299
5258 4703
3253 2528
5683 2250
8743 2060
956 680
1791 1106
1692 1642
1855 467
9783 3080
1678 823
8873 1787
9511 8310
7091 3451
5375 563
1971 1204
540 443
1262 1187
3226 3086
3481 2308
1667 267
5189 4394
9009 7634
5846 3559
423 259
9769 2948
416 330
5718 4285
7616 2415
4222 148
2825 504
574 115
4356 2310
30 19
704 143
386 245
5106 3582
7723 2142
9193 8827
3326 2452
1536 983
9258 1938
8561 6144
4230 3518
1418 326
5589 994
3162 2363
663 263
3346 1743
5758 5555
91 77
2882 722
4063 658
6268 4554
2586 161
2107 528
5167 1899
3829 2169
3245 1107
8887 5050
7177 4950
9941 7113
2949 677
6944 3535
2386 197
9301 2485
6263 4219
1531 612
298 125
6469 6212
7192 3989
4248 539
249 192
4941 1839
2975 2767
1894 111
719 713
1529 1485
2124 196
6014 3218
2613 2110
3420 3095
11 4
8376 1361
4050 2054
669 193
2186 113
6141 4381
9928 3331
4359 210
9097 2736
6393 3381
5775 900
9038 532
7486 3813
7968 506
2626 1923
5574 3528
4000 3334
7878 979
8934 7753
832 360
5753 4195
9847 8622
4833 3795
230 119
