878
872 2975
8934 9513
7218 7342
2513 3882
2061 2321
342 4807
7024 9775
687 3916
3166 6269
5396 6550
9438 9757
303 8111
8798 9227
4708 9835
8867 9929
927 8807
6623 9239
8031 8076
8331 9457
1081 6499
9397 9428
6272 7092
6088 9759
9158 9413
6859 9267
2541 4589
1745 9952
6373 8670
4791 5167
9517 9977
1894 7999
9834 9864
3624 9073
3972 8565
1269 3284
4666 8410
1976 4537
2540 7490
5697 9474
5948 7208
2185 3173
8671 9704
2063 6820
695 7746
5799 8394
7808 8540
8956 9732
1018 1100
6845 8163
3918 6523
217 2095
5784 7566
4554 6446
6847 9735
3238 5982
4963 9164
3572 9959
8915 9755
6662 8796
7784 9933
5585 9629
677 7134
538 1306
4134 4183
650 5549
7929 8996
425 8173
1190 4401
4891 5923
1789 9717
6795 9175
6518 9116
1689 6478
6195 8697
9730 9901
4500 5005
5316 7327
1014 5001
6706 9249
6118 8181
1111 6786
1755 4432
2847 8469
7764 8436
3060 5059
48 3085
3162 8320
1628 2745
8816 9602
5443 8208
7320 8346
3428 3845
8555 9812
5052 9146
7493 8894
216 4612
4449 9421
1046 1662
2862 3563
4585 6137
2392 4742
5285 8247
8048 9460
8806 8879
8226 9626
6365 7760
9353 9982
2348 8232
4568 8754
5180 6886
624 9783
9345 9495
3324 6787
1123 3716
3733 5875
8510 9819
4127 8574
6581 6829
6501 9231
7964 8277
8381 8630
5804 8885
5910 6578
6233 9182
1131 2704
7212 8667
6469 7600
8870 9665
1150 9996
5185 8487
2592 8449
158 7200
6075 8650
4520 5861
3892 8661
9641 9843
644 2481
1646 6665
7141 8918
1848 7129
4155 8629
7231 9522
4523 6540
3575 7099
3712 8190
6950 8653
8836 9431
7108 8097
1441 7106
8175 8450
843 2102
103 8043
6883 7742
3273 6884
4759 5322
4335 5720
2283 9294
6147 6941
1750 6073
1580 9770
4315 8424
2451 8732
4567 8191
5690 7370
8726 9143
7263 7892
1212 8479
1309 9440
5753 7899
3159 6208
7569 7888
5016 9940
9323 9471
3837 4023
9669 9913
7577 8284
8609 9250
5419 6436
8855 9935
7186 7402
9375 9417
1072 9138
8083 9585
160 1298
8581 9108
2906 4156
404 2596
2352 3928
4452 9672
8544 9659
4967 7025
2542 5725
1310 9284
3228 5471
2116 8049
1977 2643
1803 2306
1394 4960
9259 9670
8524 8580
2932 7919
514 2201
1741 7973
2190 5862
7998 8261
2678 8342
5399 7445
2312 9628
2598 8714
2242 7871
6556 9336
721 5274
7558 8168
283 7887
2504 4283
4260 8787
5436 7082
9861 9985
6212 8611
2849 4800
8278 8827
7820 8800
5161 8464
384 6566
3538 7116
4586 7866
9186 9785
3866 9754
993 7868
6992 8978
7632 9617
759 3725
4143 6146
5019 8217
5752 5812
7833 9784
4578 7465
4257 4943
3675 5934
662 6555
6797 7475
4693 7819
7703 9233
2345 3064
1915 9030
9868 9912
1009 6839
7928 9884
727 6326
546 3174
1082 7235
4688 4894
5413 5493
7143 7461
9277 9325
531 7549
5814 5976
6256 6301
2866 8799
7935 9120
4116 8727
2355 9587
207 7273
6908 7145
2058 8779
6852 9671
4364 9924
5320 9817
6173 7334
4157 5984
1099 6250
2672 8457
5850 8660
928 6741
4552 8257
5088 9993
2995 9335
5387 8229
3422 3608
485 5795
2056 4352
6366 7102
3401 9595
2660 3077
3857 4464
2899 3474
3580 8379
7059 7918
7383 8819
7533 8415
3421 9403
7444 8497
1415 6646
1381 8335
8285 8890
1526 2491
4478 5951
9689 9801
6740 7464
5321 8482
5381 6226
2398 5455
3101 8447
2023 4325
6903 7972
7104 9696
2691 7574
5224 9011
7557 7702
2050 2807
1077 7203
1873 5635
1683 4505
5229 5295
3320 7011
42 60
8389 9687
5030 6813
6257 8486
7280 9736
774 1171
8315 8776
542 9825
2741 9256
3451 4269
1610 9180
338 724
1219 9636
96 3074
6664 9927
3909 9895
5370 7485
1727 3777
6158 7655
4680 9126
6484 9094
5357 6277
8944 9723
7728 9809
6801 8748
1756 5041
8025 9683
1085 7261
3502 5660
9110 9177
5996 6708
284 1264
9767 9791
23 6762
3037 9720
1165 6780
7777 9435
3295 7058
4242 5453
3506 6990
735 1802
2100 9969
14 2779
9041 9803
7476 9559
1435 7282
8792 8951
832 8705
6370 8871
6043 7756
2832 4453
897 7552
3762 9377
3830 5741
1156 9486
4022 4810
507 8322
7441 7480
2300 4634
7963 8572
3893 9487
4366 6981
2204 5074
4833 6141
6476 7469
4527 5534
5548 6360
5673 9543
7387 7623
5807 7748
9382 9971
8914 8987
5449 5627
1987 6842
8064 8886
2693 3041
1732 3723
6858 6926
8037 9260
1447 2585
9954 9960
9570 9989
3657 8458
9155 9920
3631 9701
3381 7579
7352 8053
7110 8378
5024 9338
5669 7957
866 5760
3635 7882
1667 4842
1812 7290
9313 9823
2661 6225
4773 9831
7740 9541
9974 9987
4429 4962
7447 7981
5595 7120
3541 5220
6268 8528
1919 4887
1567 9389
4629 7138
8829 9603
641 4334
9540 9630
9374 9558
4024 9273
3016 7783
635 7172
5140 8304
6304 6936
9412 9897
2243 4393
2416 3137
661 9328
9166 9202
5262 8435
254 6660
2140 4420
390 8437
7890 9667
2831 5941
1844 7639
3878 5971
8861 9899
8695 8706
8267 8456
3606 7628
8416 8612
6052 7021
6977 9588
9248 9340
9113 9865
3312 6880
382 4451
1405 8786
7620 8414
2252 2340
1410 5581
4635 6539
8654 9638
672 6739
5567 9035
7351 9278
4410 8446
1065 7961
2267 6960
2553 2977
1127 2028
9511 9693
783 3094
6410 8091
9360 9379
7821 9981
1856 6799
7184 8896
6276 9983
1425 7179
4031 6552
3512 9624
5432 8026
4310 8571
782 8862
1629 2445
4595 7494
5338 6262
5802 8530
6222 7716
274 1560
674 4825
7616 9013
7644 8687
1563 5642
7170 8134
769 2262
5844 7499
2485 6542
5623 9129
9096 9252
8518 9778
5823 9095
6245 7738
5556 6074
5461 8904
1752 9101
8668 9608
2118 5745
9007 9549
9635 9893
7801 8935
3243 7832
4856 7233
1552 1773
8004 8202
9437 9663
2720 3194
6819 7241
9592 9943
282 7721
5662 7214
5620 9080
7553 8568
9887 9910
1641 1764
8466 8481
1903 4772
8647 8763
6784 9194
429 2631
6038 6282
4019 4438
4513 7176
2048 2527
4893 7391
3245 7927
519 8313
7367 8251
1943 3974
6303 8548
7354 7537
9975 9992
568 7822
8000 9550
4749 6417
6806 7413
3096 8602
5937 8101
7310 9391
8505 9799
4209 9318
2083 6071
4080 9020
360 1191
8345 9492
8270 8933
997 3518
4940 6044
5788 8050
8041 9010
6527 9923
4926 7437
5536 8582
7857 7986
7723 9657
4771 5009
1446 4376
6586 7648
1278 3826
1237 8586
9695 9951
6759 7103
6638 7643
2160 6627
1326 9330
2008 9721
9848 9862
6994 7076
2653 6897
1508 2713
1199 1753
2005 9556
9115 9327
1633 8231
2195 7885
8470 8677
9719 9760
1682 7793
3963 5949
6716 6769
4032 5621
8750 9621
2794 9692
9686 9896
2174 5331
1712 5619
2516 6261
631 1953
2830 3007
2266 5290
3140 6001
6470 9733
1456 5559
1834 7217
3434 6772
9384 9688
5525 9942
5109 5871
4847 5528
734 4340
8813 9503
9698 9792
2027 2966
3493 7246
8634 9423
2587 7061
9372 9610
7448 7966
2952 9606
5118 8691
8218 8997
3345 5950
5602 7608
9742 9824
1957 3306
3114 6061
2175 9677
1245 9900
2547 6174
2197 6444
2031 5143
407 3239
8104 8318
7526 9571
4697 6435
9269 9324
9821 9888
6217 8493
4313 4353
2783 6758
1999 3599
4947 9179
946 4369
5539 9214
8720 9684
319 1611
3165 9063
664 2766
8745 9967
8674 9905
7167 8775
2362 4919
7847 8212
2768 4934
2257 2897
483 4476
3661 8496
4054 8149
8619 9311
7470 8585
2612 7979
4372 7094
6958 8738
1920 5629
1344 5590
1761 6353
3494 5147
9037 9858
7017 9089
294 3087
165 709
7806 9965
7511 8919
2108 8374
6693 8425
7288 8795
1670 2286
8839 9520
8100 9018
1524 3971
7088 8455
5328 6371
3516 3537
9446 9462
7077 7243
3801 7219
940 7414
2327 4482
6050 9019
2462 6605
8773 8948
3836 7026
5689 6267
9132 9708
4793 9262
5401 8858
5196 6354
1124 8983
2453 8396
4853 7576
7380 8842
5458 8018
5838 9298
845 7230
2397 5667
7187 7856
5064 8679
1216 7122
2302 2616
6416 8297
5743 7073
6746 7750
841 4491
1399 8480
755 6014
7678 8643
1762 8797
9405 9601
2199 9283
1657 5699
4628 5664
5101 6888
3390 4851
6123 6774
6980 8359
3986 8404
6871 8669
6993 9590
2173 4985
6545 6659
2495 3054
4677 7719
4471 6184
9331 9535
8354 8733
5694 7090
43 4958
5457 5909
975 1320
1207 2829
3486 6810
9773 9880
8133 8223
177 2639
3555 9898
5921 7412
9068 9451
4312 5535
1312 3180
8968 9956
240 7762
5796 8113
6738 7737
992 7268
7694 9455
122 7980
1759 2330
6253 7221
5832 6441
4215 8357
3803 8145
4837 4966
3617 4321
2858 8096
953 1316
9441 9660
5726 7301
5628 6817
1003 1015
9752 9950
3695 9504
8118 9103
4448 9508
3900 3980
9567 9928
9046 9514
2421 3022
7667 9536
9220 9816
5881 9069
4608 6203
739 6686
9009 9852
5526 8945
9851 9936
1749 3411
9350 9963
4574 9619
9388 9646
6459 8179
2872 5153
1189 5374
6072 8529
9794 9972
226 9415
6218 7361
3403 8503
261 2521
8087 8718
3633 5470
9038 9611
2840 8352
1420 9296
9579 9805
7536 8213
5351 6260
7415 9565
7936 8016
3221 6768
9552 9739
8299 8440
6887 8444
4248 7035
4823 8120
4631 5260
3279 3375
7666 8500
7063 8246
1652 9547
5763 7910
8942 9691
1951 8964
821 4861
588 4311
1146 4174
7987 9833
9871 9911
1273 6163
190 6528
6433 9596
5080 5884
8372 8849
3356 8301
9764 9903
9032 9666
3948 7902
326 7853
9187 9618
1303 5060
8593 9341
6206 7751
3155 6450
9741 9797
4848 6362
6764 6766
2756 9211
5613 8977
7974 8655
5658 6106
1898 5174
3455 5124
2450 8869
7135 8178
8707 9191
4822 5955
3472 7701
7019 7534
2715 6455
5244 6150
9836 9856
4256 9401
6081 6419
6945 9402
9680 9726
3889 8699
5952 8211
5389 9074
4878 5021
6796 7921
8256 9878
5520 8847
713 9148
6649 7183
8140 9124
5398 9922
5885 7427
3014 9444
1295 4229
4942 9201
205
8999 3092
2983 1182
2328 1958
1028 583
6794 2407
6639 4216
5151 1596
6165 4950
6430 4936
9316 8852
7651 5465
6733 528
3342 950
306 143
917 802
9873 8008
4675 3965
608 157
1286 728
6453 2793
5450 1238
9569 4121
5550 3135
1672 604
1671 871
2130 2126
1203 772
3118 1933
5879 888
9257 5617
2681 886
57 25
3879 3850
9902 3556
9221 8241
1372 1352
5422 5340
9751 9014
6841 1893
8884 4074
6486 1600
8966 1686
9789 6475
8459 6963
5015 2857
1798 1601
1713 1213
456 107
6124 2379
2067 1613
7524 5686
1423 530
147 142
7920 2630
5722 2925
642 500
2256 1272
373 118
676 340
9165 6092
7692 3678
7430 2993
1797 28
552 472
1992 1444
2845 1376
9261 4417
5903 1654
4395 2319
9633 4158
4085 3939
4744 1716
2679 320
3452 1058
5733 3227
758 414
3161 671
5491 547
2151 1484
169 24
1959 1438
6145 3464
9152 7091
2531 179
272 7
4458 3123
3019 1173
8578 6503
8086 822
3704 1729
2506 1497
6694 2167
3001 901
5371 1356
2373 1575
4124 1293
1895 388
517 495
6894 6314
1307 1249
2089 1636
2560 1485
938 183
3729 870
2953 2368
682 654
5545 2310
5967 245
4611 3615
2051 972
5704 4356
634 193
1478 182
7647 4211
854 489
6451 2510
7196 4739
3412 2757
2357 1815
9656 933
6308 1499
2520 998
7795 2799
228 16
7393 6978
3691 827
1440 1334
8552 2543
5402 2985
4392 2003
1361 900
1194 1027
3184 3046
3676 518
8592 4804
5601 2726
1542 712
7008 6286
8550 1192
4422 1794
5047 4097
4457 3903
5643 1007
3881 428
7809 4790
9406 314
1908 913
9210 2795
4277 3545
4348 2694
6026 3175
4809 4795
7309 1941
362 135
6504 1215
2732 1465
9790 7124
5607 2291
1783 585
6642 5886
6139 5749
5190 3750
7054 2409
9467 929
9396 5531
8567 3105
3024 885
7755 675
9144 3368
7588 133
413 383
7057 5624
2593 2258
4488 3888
740 444
757 198
6151 3130
3755 1711
5758 851
7517 1224
3151 618
131 6
5713 4010
2574 626
2770 2177
789 680
1882 525
4300 2136
1866 359
4382 773
7714 6809
591 55
7152 401
6201 4442
1735 211
5655 5113
6919 4331
944 567
9968 1179
9560 5920
7101 4835
4502 1495
4421 3383
4219 619
2134 1720
