375
5845 8402
9765 9793
4877 5595
7629 8197
5086 6374
8159 9502
7155 9737
6452 6598
6117 8013
1783 9932
7914 8312
9163 9639
1409 2301
1819 4946
3968 6322
5989 9533
4600 6085
7055 8215
7203 9760
4219 4242
4212 9466
4071 9813
8876 9038
3350 6826
1037 5874
5340 8473
4331 4626
5445 8033
6898 6906
24 7167
4838 6980
1345 9209
8953 9135
4258 8666
7946 9840
7081 8353
1488 9652
367 564
1119 6008
5593 9361
6613 9717
8948 9856
5694 7694
2511 3281
8145 9635
3411 4436
8268 8834
3711 6890
7114 8572
3291 6814
4062 8718
9688 9948
1429 5695
7648 9419
5236 6597
1421 5245
8241 9963
5209 7269
3286 8707
5821 6694
929 2353
2182 3208
6294 8877
8075 9144
4351 6389
8590 8758
3388 4789
5026 8151
5477 5947
6340 7266
4194 8161
6752 8505
8476 9995
7985 9088
5950 9965
985 9655
721 5281
5362 6131
9927 9986
2656 9208
1993 5198
139 3027
2414 2776
9273 9615
7939 9579
7850 8794
7262 9233
2818 8110
1378 4156
3221 9078
3271 3450
1200 5243
3803 7488
7959 8796
2418 4646
2917 7845
7511 8077
5512 9334
3781 8078
9379 9657
119 2910
4695 5827
6237 8088
6101 7971
2272 7840
3154 4553
130 2061
5459 8647
5397 6291
1057 2703
118 4873
7162 8681
3482 5949
9180 9637
3472 3486
7184 8708
8140 9037
9342 9660
8918 9994
996 4160
5325 6410
2515 8596
2001 7823
1034 4197
7503 8551
2807 5264
5035 6874
6336 9169
6596 6769
34 9287
9641 9797
5063 7501
487 6059
1483 6794
3379 4348
5234 8426
515 1653
8729 9057
2838 7855
9349 9473
3274 9356
1601 6362
2025 7299
8343 8400
4978 6818
8425 8890
5561 7321
4300 5981
7300 8927
3323 9071
8089 8809
4435 5474
5430 9627
5402 9086
4072 5517
2791 4104
992 1061
9268 9767
9191 9248
2844 3233
1311 9192
753 2824
9167 9415
8761 8857
345 4579
4268 7987
3888 7166
3698 9170
429 6526
1030 8056
223 2965
8706 8882
6061 9315
9634 9946
979 7044
1600 1794
4745 8275
973 5529
5413 6992
3510 4880
9213 9653
8959 9234
5030 5831
9879 9954
7517 9300
5334 5848
435 8093
7875 9676
8195 8731
7205 7542
9034 9507
5584 6327
166 8010
4956 6888
2843 6042
861 9394
7620 8786
5693 8888
1962 3833
1861 3981
7789 9630
9777 9779
1370 3992
4000 6974
5946 6842
8465 9976
2646 8391
3650 4376
1137 8881
5110 7258
8941 9862
9656 9871
2018 4167
8444 9501
6522 6923
4638 5306
5333 8486
6122 6402
3062 4931
4644 9848
5085 9296
7747 9791
3900 9097
7260 9347
8894 9043
6297 7664
6168 9663
3435 6169
7479 9107
2470 3211
373 3858
140 2587
2097 8588
2485 6819
2542 3826
5164 9434
4641 6427
95 4684
5752 9731
1247 6074
1620 8750
2423 8170
3275 5144
7934 9482
8367 8549
5906 6601
2729 9885
8688 9391
8057 8098
2255 5405
4718 7410
3799 7673
5849 9859
7339 9713
7547 9046
9175 9245
4341 5059
1162 9241
4286 7582
4616 9926
9900 9977
2523 7093
3353 7178
1567 5143
2053 7941
277 5376
5664 7217
2156 6743
2803 4158
2494 2763
4785 9206
4237 9949
2857 3823
717 1830
7815 9026
2477 3066
2092 2897
2789 7598
9739 9906
4414 6964
6081 7831
1985 7352
4498 9698
6981 7830
1396 8079
9096 9310
8436 8580
9373 9572
1608 6033
9850 9886
4563 9700
53 3283
5475 8557
3507 5536
6301 8965
4346 8530
6844 8256
4116 4915
6483 8173
667 4529
1688 8806
3077 4401
2063 3905
6385 8239
3531 7237
7536 9148
4289 4442
5454 9747
9189 9469
4321 5747
1922 7179
5538 6219
5051 8940
2161 2768
8742 9750
6373 9786
8437 8776
2028 6199
147 1469
7080 8442
9588 9810
4632 8846
3976 9090
5596 6456
1734 5883
7740 9583
2974 5339
694 9490
1904 4144
7172 7995
7379 7533
1564 6573
6031 7713
9614 9622
2755 8704
279 8257
2300 3874
2881 5003
6239 9981
2349 6379
3258 3602
2348 8449
5689 7134
9971 9990
4758 8416
7594 9908
5025 8789
3593 6429
344 1132
7998 9028
9282 9923
999 6325
8821 9109
3668 7630
806 8252
2901 8684
2568 3383
1050 9041
2325 7603
2891 5112
4865 6173
1065 6113
1655 8083
9527 9835
2168 4782
4220 8467
5369 7827
9314 9991
1102 1854
9794 9866
1824 1972
1040 4443
8634 8898
6242 9073
6353 7345
437
4168 2962
1524 1467
8491 7313
2738 1056
7652 2693
5189 910
5662 1455
6783 5092
2695 2623
3999 1716
9498 491
7887 6020
9910 9631
1577 641
8072 7633
5183 1967
3495 2425
7919 7885
5106 627
5314 3085
3978 3176
86 45
1635 1172
1115 508
6709 2112
8285 1245
5400 1286
7245 5011
3318 453
8686 5191
6285 1555
1816 729
537 297
7407 1382
6766 4412
1764 1267
552 468
6248 1020
9890 6179
1219 327
7988 4543
6216 1847
9567 2115
8863 5201
7763 6461
6105 3239
5471 4802
1566 965
7719 2823
5715 4223
2822 2080
4263 3415
2828 1773
3736 2495
9909 3008
7957 6443
80 17
1648 1529
7631 6202
5215 3646
2925 631
419 218
4649 1389
5717 1799
8007 5185
2251 1148
1680 326
7889 59
5099 833
7102 5725
4678 3782
5716 1351
7175 939
5920 5881
1870 84
7391 4407
2775 268
8220 4433
5786 3467
7202 1978
2863 1
5921 5771
1290 830
6707 2339
2381 1956
1053 319
6589 3993
3468 3241
8535 8105
9383 2525
9667 786
1163 942
5041 3788
3676 1533
2909 1177
7535 960
3446 478
7933 765
5965 207
4129 1084
7947 3862
9673 1205
1876 3
8751 6470
5165 4383
3235 2385
21 2
2037 794
7132 1937
4065 2259
2519 1243
9638 8539
7482 3321
4526 3804
2940 1478
6945 5492
4422 188
8659 2657
647 451
7837 6450
7655 5235
940 11
2242 457
8432 3824
9457 9080
4039 606
3867 966
9682 817
1094 936
3879 2428
5639 3228
4883 4734
3294 858
9194 1356
8830 1006
4193 2809
2924 2694
6524 3196
1602 1487
1832 65
1111 655
7565 5249
7157 2841
98 82
7338 331
6267 4479
8865 7601
9864 1335
9441 2604
4298 4046
4364 3343
2544 115
9488 1669
4777 20
441 13
418 116
9486 8354
1293 47
5412 128
6603 378
64 7
2183 1792
895 403
302 209
2460 458
843 509
4303 428
6986 1154
8468 5751
7690 4064
3609 3429
4475 905
726 587
414 285
501 91
8265 7778
1331 1212
2486 310
6584 750
465 262
477 230
1395 1275
8034 5518
3452 699
632 446
3598 346
8655 8577
1907 600
8304 137
2421 865
6223 3933
5272 4898
2733 2285
2708 2455
7110 1183
3950 3915
916 889
7730 172
6657 5294
9877 4801
7129 3265
3634 1800
1851 197
3961 1877
1815 254
1663 834
1090 364
7571 2480
3259 2982
615 305
6688 6076
6091 5564
8969 5994
8305 7271
3238 66
9778 8482
1528 320
6545 1868
6251 3181
6155 5680
9122 4023
8125 2307
1035 232
2462 341
4515 2661
6380 4230
2354 1884
9911 2148
4517 1224
5122 2352
5408 2119
6135 6034
1423 937
9528 9353
7128 3627
860 783
2181 1432
4764 2081
7602 6460
4642 3853
3061 2482
8735 5649
6132 949
9744 623
4844 2612
8095 714
3277 5
3630 2770
1730 1729
7799 6314
1802 1450
7696 183
7355 3000
8801 7942
177 72
5586 1949
3457 1114
5743 350
3639 2178
8728 901
6921 146
336 44
9581 8455
3458 517
841 289
2313 1453
8488 8000
7532 432
1361 890
5342 828
2444 2407
7992 5103
2531 2044
7777 3398
1791 518
151 35
389 181
1278 323
6071 4716
148 122
6976 6329
2040 1658
9539 2424
1426 1080
352 275
5744 3310
1299 144
2793 1856
7587 6062
7674 1045
8429 3377
1168 1079
4514 2898
4287 1312
9745 1542
2287 882
7639 1677
8454 5643
4119 2128
1390 1257
7555 6892
7677 3762
498 14
1376 1151
1593 962
2358 1153
9943 96
542 409
6100 4681
8115 1736
1690 483
8177 5226
4438 4310
3681 3589
481 22
8938 4979
3673 2518
5353 1673
3683 562
5945 5139
8422 5731
4355 728
8 4
7645 7539
2130 1343
8044 1324
4388 3764
8867 3839
6686 3180
3492 1724
5953 2135
8752 8091
1018 906
8571 187
48 38
5230 4271
2041 724
3842 2469
9362 4903
8614 2948
2023 1982
8112 6266
8006 4357
9540 5838
2852 220
2827 593
7075 2603
4086 1096
9534 7199
2141 316
3516 2634
1782 93
5322 5255
7413 4163
4876 1424
2158 1632
7213 6829
4378 60
4109 591
1236 663
3564 3417
6448 3909
7531 5491
4812 4518
2589 431
5327 2448
3227 2705
2554 896
1592 231
9802 5356
4028 1973
6368 300
8336 1305
6058 2878
4476 434
2565 2203
3280 2785
6549 899
5237 4906
6741 2860
7296 2137
7692 5745
8255 2748
1346 1142
1823 1814
1229 1164
9930 6145
1556 617
9869 589
9417 6731
6628 2663
7559 6423
5605 5348
8842 4606
5266 225
415 87
644 256
6931 3969
5779 2620
7224 6218
2379 284
3686 2664
9844 7341
8973 6001
9335 7460
3268 2346
7332 7012
6607 1538
5964 2706
2676 545
3869 3127
8866 8844
1991 983
5612 2442
3108 519
8870 4959
7074 4948
7228 6316
5891 4847
5167 4826
1360 384
1105 651
7974 5613
5760 3179
5065 2655
9092 7068
6771 3894
9210 6191
1023 83
5621 5501
5909 1208
6668 437
1867 1270
5807 2390
1075 926
6065 496
915 332
