188
8163 9962
1600 8052
4985 5664
2531 7178
9100 9134
1374 3698
6622 9464
6041 8659
6122 6962
2410 8451
381 8158
7775 8244
798 9120
776 6885
9822 9939
5424 6623
5677 8045
3554 9758
8746 9725
5554 8388
6490 8839
4224 9865
4106 7501
9333 9619
5160 7519
8408 9104
6726 8478
345 4221
466 5297
1828 2599
8678 8894
5989 8043
868 9742
223 2916
2548 4444
5053 9454
3115 4069
5138 7282
3223 6008
7790 9457
7621 8213
5469 8081
251 9157
1818 8320
7689 8234
8707 9636
8488 9003
3757 5441
9620 9913
6475 9847
1769 8049
6947 6979
7198 9238
2111 7514
8219 9894
2893 8302
408 4212
8752 9887
1336 5120
3368 9455
879 4312
2867 5008
7618 9650
4949 9010
9484 9549
7366 8184
7960 8701
4483 7494
2006 9955
5254 6462
9090 9201
7949 8434
1948 8363
8667 8891
2672 5416
1650 8567
6605 7628
6053 8713
3814 5966
7788 9302
379 3516
2956 3392
9693 9787
2227 8635
6536 6606
9286 9583
8060 8906
7975 8574
2847 3716
8797 8884
5586 7341
4737 8913
2472 7255
6532 6876
315 4622
9081 9420
5591 7624
7800 8621
7031 9179
6403 8102
5659 8709
2978 4855
6139 7079
516 836
5995 9714
1878 5226
9673 9677
1477 2682
9533 9717
6691 7049
3384 9376
3705 3712
7691 8315
788 3229
3183 9152
6277 8522
4430 9536
1945 4997
4510 9878
1544 6129
6094 6869
263 7276
5169 6534
3094 9093
9228 9413
6834 9393
3918 7145
1610 4955
1832 3793
276 7209
7452 7976
7988 9810
4182 4370
689 6029
3961 5195
1837 3889
2727 9729
6748 7356
519 5432
2430 4046
9971 9988
6812 9396
3190 4036
4391 6630
8590 8714
8351 9318
5588 6833
1674 4536
1725 2063
3798 7111
3803 7448
7857 8301
7990 8726
3159 8300
4967 8472
5499 7594
8085 8501
3584 9902
3140 6844
8540 8994
696 9126
2646 4860
2984 6035
9515 9765
8741 9172
6357 7346
130 9812
8843 9404
7773 9427
5334 5776
9629 9701
9837 9911
3357 9973
544 5434
411 8804
657 8461
6183 8974
2748 6946
4526 5263
1270 2114
3544 7644
1327 7245
9733 9992
2434 4917
4081 7956
5240 5950
1653 3997
6040 6051
733
795 224
1720 1523
3760 1937
4490 4427
6739 3164
480 172
121 74
3430 712
1675 499
3756 2052
7248 2777
9261 2796
691 194
8270 2605
5527 4359
449 117
918 474
5467 3831
5997 2710
6742 6250
3748 189
4779 3224
9161 5335
8829 2679
9320 6791
8688 7374
9335 8820
1452 152
3067 1101
7616 6072
9047 1663
2651 562
5545 2621
4961 3171
8054 6749
2155 2035
8063 4491
1125 50
9974 2667
6075 5596
8404 2397
403 187
4506 4123
3767 2824
9375 3638
2255 1884
6173 1870
4962 2222
1019 791
1645 1503
4839 3364
9710 2690
7698 4047
2417 988
4039 2892
1328 708
2288 1660
6570 2135
2929 2871
3399 2207
2386 492
8779 1569
4668 4623
6531 4143
9622 3682
6219 1819
3169 1089
7858 6274
9508 8758
3660 1517
8923 424
444 210
5736 321
6835 3102
8097 1329
9906 3106
9011 3840
9358 6809
6922 2702
9935 9055
1782 1074
5600 2793
422 151
7249 4632
4455 4217
9695 8996
3979 3045
9275 8053
461 46
3747 2420
2054 2027
6346 1166
1541 924
4531 4426
2504 1618
7596 1899
4966 3200
5474 166
7820 4387
4246 1286
3488 2348
8307 1745
2972 1705
7018 1970
2282 40
2562 805
9545 3877
219 183
5013 4865
7517 1861
4785 1682
7299 2994
866 778
4763 2786
7323 1721
3330 2669
8708 4883
687 370
4925 969
3910 3658
9311 6306
7926 4652
7243 5978
1790 475
4117 1524
3059 1697
9308 5325
1185 849
751 401
3227 584
2012 1434
7938 5384
5121 3665
951 737
7518 4383
9064 6463
8581 2241
7950 2601
4539 1419
5822 5178
876 58
8690 5239
8271 1594
64 16
4574 112
1801 753
9958 1820
8559 8022
4270 1747
2296 1368
4995 148
7005 2107
9961 5339
2104 1323
9534 3216
4422 4418
7329 889
4201 1433
8801 2028
7952 2465
6711 3373
4974 3604
9137 8369
3927 1283
5510 4436
5657 2146
7214 6105
1048 230
2894 1107
5211 2758
4489 4177
437 47
6524 2591
6103 4006
5202 133
7411 2696
9493 7309
8969 1380
9903 3122
2974 1109
6874 3254
9147 2209
174 37
9287 3664
3472 1255
1889 1788
4252 2664
8979 4450
5833 1280
6774 4236
2474 933
6983 4061
1187 786
6822 4583
1056 843
3476 43
3407 2093
7642 7362
1265 1218
4563 3538
7725 5667
2904 1003
4049 3759
2264 996
1996 833
9052 7719
2998 939
5711 2326
4943 4045
1382 789
6221 1110
8747 1781
9817 4658
1112 190
7007 4918
9398 5019
3819 3635
8821 6557
1822 322
8058 2763
6199 4776
8064 8038
4083 2739
1835 1325
4507 983
3418 2081
2852 2555
4843 2874
1217 288
8078 1755
6767 111
7706 6892
701 566
9700 62
9058 7469
5046 3274
5515 2698
2400 705
4345 749
6215 4894
9723 3421
3539 978
8937 5571
3485 729
6508 2658
4655 3082
8905 6712
7929 5250
3234 1529
1169 355
2517 1213
311 164
9431 2583
7287 2026
7 2
9344 5366
8755 3268
6335 2868
1763 1668
44 26
8329 2951
5956 1464
5122 4762
5714 3523
6232 5973
4903 4817
9934 9061
1630 240
5638 655
1203 1014
6599 2302
8757 5
5492 2882
237 191
2214 354
8289 1873
8285 2153
7386 6467
2680 2038
7615 7114
7627 3327
9770 3785
9547 6813
8361 6422
2244 692
8439 2271
9233 8988
9096 920
5764 2820
3804 2855
7368 2910
7582 98
5575 3245
1947 116
3214 2616
8977 507
585 299
5891 3338
6006 4587
6271 2329
5898 1069
7088 6453
1000 89
700 56
9868 6107
2351 1778
287 129
3442 3079
2633 665
2487 87
5066 2707
7138 3681
4397 3787
2048 1515
3764 2940
6428 2428
7908 7062
9575 8528
3795 490
5543 1061
9926 3832
1957 60
8435 2706
8608 5686
8392 2751
4012 3467
9644 6333
5749 5029
8506 324
3833 2407
5210 485
4008 888
4344 2818
2538 2034
3005 1595
9430 7865
3266 2872
7959 884
4557 2879
1793 1510
7769 5260
8371 7063
2092 1865
1906 1233
7293 6146
3730 2126
372 110
7174 4898
1278 286
9260 3265
2419 15
5420 4318
2932 2100
1811 465
7391 4112
3566 1655
8600 5286
7313 2140
7830 5831
2666 1545
2556 760
7317 1750
5513 1440
9029 8521
4901 4034
3297 181
4082 137
9901 3444
8660 1771
3687 2291
8436 4555
5236 4463
7521 5631
794 212
8668 4956
7638 5430
7948 5838
4828 4631
6169 4075
6841 3856
196 53
8657 4938
2678 911
7787 1672
1507 921
3086 1308
5912 1723
9862 4196
6108 346
1092 699
6944 2172
3610 1167
4305 1883
2240 18
8430 1930
6635 2233
2888 2369
3649 1389
9279 2113
9078 6518
2043 1052
7712 5994
4670 3671
3912 3794
5144 2016
1685 1237
6003 3312
342 88
563 192
6310 2489
9923 954
783 54
8266 4355
2252 1024
9251 621
1671 820
5613 625
2458 1093
1833 1783
3417 1292
7473 2084
1980 406
8763 6849
6632 4283
2094 1456
9772 9306
809 213
363 234
1126 176
4951 898
2080 582
3339 2536
1748 745
885 290
9045 8267
6399 1639
109 39
2782 2740
3362 3031
4970 3202
556 455
7737 3669
5064 4512
9371 5951
9867 1798
9073 7536
7221 2098
769 208
9799 3344
6551 1429
4732 1243
5058 4480
546 398
624 83
4153 1094
1253 85
7164 2928
9185 2300
7084 6587
6152 3864
7212 6660
2644 741
2545 1468
7802 1307
8106 1458
8588 7034
6307 3926
5011 2873
574 139
235 73
433 134
7829 5251
1424 966
150 106
4791 663
1030 604
9782 8032
7513 5521
6234 4110
1413 1256
2198 1806
2020 1739
2403 1743
5130 380
9763 7944
3623 2269
3797 3633
3588 3153
4210 2147
5674 3503
3632 2219
3121 432
5192 1462
6141 5857
7043 1540
4787 1557
9229 8055
3641 2416
8086 7703
1128 588
6629 1160
4181 1696
434 35
2520 1050
1197 293
6272 1662
4472 3068
8518 4736
4159 3765
7903 6340
9897 4530
8612 4553
2737 527
3776 3220
569 336
5048 4114
5233 1753
1041 867
9521 8696
8653 6023
3706 1443
8737 8156
9681 3750
1578 910
5730 277
4800 1511
4215 1597
5423 4747
3267 1963
1494 1246
2877 2676
3156 2645
3133 1995
2423 1938
1151 666
4794 2941
5551 3336
7222 3607
2963 1579
508 126
114 42
9473 7717
8065 7526
7746 7241
1051 821
3715 3642
2814 297
3395 1953
6235 4025
9672 7646
2654 845
1918 1826
8963 3413
5506 4711
1332 1059
4316 340
5560 142
1901 328
3622 2444
6329 5490
8479 4714
4769 4505
5883 4913
9411 4148
3631 2263
6598 3308
4120 1642
2602 685
2352 1407
997 627
5316 4089
8077 1136
5214 2949
612 93
6913 819
9995 3242
7610 3360
6330 3323
9578 8390
9467 8677
9610 6212
9133 8565
2349 2118
1129 374
677 123
4065 3310
2781 2137
7931 547
6888 1106
8075 7232
4328 1432
8836 3365
2541 2449
6627 2254
6361 3580
7625 1315
633 468
2250 965
943 387
5958 3006
6636 2681
1838 141
5743 128
483 220
7379 1946
5788 2552
6808 6720
4223 2623
7919 6328
24 13
5134 1139
4781 2450
1583 1223
7977 4146
7451 5044
9957 7810
4813 2895
4796 1388
1908 4
7649 2594
6164 4957
4534 2268
1276 312
2376 1767
7166 206
8076 5304
2764 1375
8816 2677
3193 1242
7932 1841
3289 247
9189 7002
2774 782
4068 3356
7886 7254
589 266
3656 442
8658 7333
9013 2436
3550 2902
3484 2859
4446 4037
5911 4013
9092 6893
8201 7396
1156 1154
3273 882
9123 6336
1704 827
4733 804
2124 1766
2429 165
4141 2350
6634 4576
2087 914
5356 2319
3929 3842
2496 1423
746 145
91 19
3525 383
6577 3383
3366 1770
8419 6288
9246 5569
3668 3290
3829 3445
8579 8209
8391 2413
9635 6245
1113 772
8396 4109
1900 1361
3526 2715
8462 7688
1272 178
3149 1588
859 503
6360 6214
5644 3423
6278 417
100 30
3676 3044
932 869
2138 1921
8920 2200
6004 5964
4500 3256
5315 1681
3328 105
3279 2506
1869 564
7570 5984
6223 532
9905 7456
4625 686
6690 4819
2836 2568
1896 1625
195 180
8441 389
425 304
8620 4777
6548 713
5548 1567
2579 334
5620 1262
8495 1168
9480 923
5717 2120
3777 2353
6502 3056
4164 296
9388 8286
7192 3841
739 581
6243 4932
243 197
6937 3288
8652 2399
4524 1965
838 801
3512 1787
182 36
9869 7003
3534 2164
3884 1775
8397 6582
9829 248
8744 4856
4793 3272
3400 1647
4035 3647
