396
9576 9730
2802 9370
6203 6826
8930 9890
209 2997
4211 7548
5158 5162
5171 7149
7589 8239
1321 2198
772 3695
3725 6248
5266 7313
69 5672
7654 7953
8068 9395
8785 9101
4596 5961
3971 7901
4051 5028
9621 9769
3736 7507
9317 9941
9238 9880
2432 7460
814 7701
8069 9539
2904 7569
8347 9347
3691 6894
1401 6906
3688 7425
2541 4982
6789 7678
5379 7308
9953 9954
836 4832
3904 5237
7699 8697
6246 8410
6489 9186
8743 9373
7598 9970
9845 9990
5341 6208
1451 9826
7287 8920
5058 5246
3957 7553
7393 9964
7018 8349
8274 9861
9203 9553
528 1836
3538 6670
8188 8734
6647 9276
9802 9837
5918 8536
4092 7679
6237 6371
9408 9780
4739 9094
3394 9533
7104 7721
5009 6721
3334 4198
406 3673
9656 9986
576 9869
1324 1986
4033 9067
3139 9305
3712 5812
4841 7838
6496 9246
6075 7999
7305 8025
6011 7181
4930 8238
374 3052
8075 9005
8488 8956
4400 6533
4528 5529
4494 5095
1454 5380
6581 8121
9192 9677
6377 7341
5717 8506
7940 8107
4190 4909
561 8146
9053 9939
7 3970
4118 9216
195 1294
4149 7177
8637 9430
3301 5442
4678 8646
9244 9409
2590 2782
2980 8594
7576 9958
4401 5818
4770 5994
5877 8607
4698 8586
5601 6211
3351 4011
6943 9983
6038 8165
869 3751
7463 8993
6473 8172
770 5203
9803 9927
2696 6938
5907 7491
6005 8302
6746 7296
6879 7036
3533 9037
4704 9575
1384 4888
5459 7967
6617 9908
5881 6855
6206 7032
5361 8752
997 9051
93 409
9016 9135
3153 9050
7078 8834
8074 8848
2044 5784
9864 9980
2089 3308
8704 9589
8512 9341
6847 9445
8130 9237
941 2655
9509 9998
7245 9535
3097 4689
9390 9519
5926 8345
3675 6713
7201 8992
8244 8278
7029 9354
8581 8601
625 3519
3459 7799
662 6340
3149 8796
9830 9907
2613 3704
7979 9703
5414 7805
4997 5809
3250 7060
7956 9248
3753 7182
3893 4201
7135 9412
6558 8263
296 1432
8382 9065
2772 7475
4557 5689
1317 7010
6652 8339
2218 9388
6710 7391
6597 8421
6781 6850
1020 7316
2190 5664
2959 7557
8534 9299
7159 9530
8515 8677
5383 9157
3413 9030
1666 4907
4713 7900
7011 8224
6087 8676
584 5880
8212 9613
5948 7848
5124 7994
1623 4280
6966 8293
5841 9142
7648 9808
2912 8386
5397 9268
686 9724
9668 9814
1223 5494
9443 9766
9680 9893
2714 7905
5674 5705
6893 7966
2050 2175
2123 2400
9413 9496
7784 9726
6169 9464
1019 1680
1466 6790
2664 4851
6278 8901
6033 7288
3053 3752
4382 8311
4719 5444
9846 9920
7077 9833
1387 6743
3209 8350
7952 8907
7737 9325
4798 5475
9010 9487
7375 7753
3223 6929
3635 9332
8481 8856
3091 5930
4154 6048
9023 9043
2001 6690
1505 3742
7754 9968
3833 7897
9099 9698
9333 9868
2203 5636
9092 9296
2937 3653
1481 9357
6040 7509
1291 9198
1135 5653
7113 9054
6817 9187
5052 9190
3482 7087
4681 5793
9467 9486
791 4104
6232 7291
1363 6519
3914 9592
265 9290
6572 9952
7938 9836
1511 4046
7185 7599
7541 9492
554 8770
9615 9884
4226 8126
5152 6603
1136 2082
8937 9116
6809 7072
766 4848
2711 4921
6146 8872
2921 4293
5953 9858
4406 5912
3529 8863
1598 3018
1390 9416
6961 8811
4897 8291
1409 1883
8407 9587
173 3897
4456 7831
1844 2813
8544 9727
7913 8374
3485 5146
7207 8161
4724 6942
4999 8635
759 1924
7195 8498
7115 9343
6334 7656
2666 7590
5680 6860
2960 7826
2136 6739
7096 9910
8891 9162
7857 9145
2945 4286
7525 9894
7698 8189
8403 8762
5353 9075
1282 3655
3175 3954
8969 9959
7332 8565
8608 9516
6294 9331
267 612
437 7985
9564 9751
7396 9840
4257 9233
2394 4812
2070 6412
6801 7380
2824 7636
6402 9767
1963 5583
2410 4513
5204 8500
5066 8943
6255 6877
2851 9993
8806 9465
8015 8882
4339 4778
982 5138
9213 9765
418 3679
8578 9175
743 8505
2431 6896
2422 7572
4675 8358
5064 5960
8921 9513
3571 8622
3898 7858
5519 9304
2684 2766
682 2304
186 2503
2793 7318
2732 6854
3437 5189
800 4492
5113 7694
7677 8067
3362 4358
1354 2205
8619 9800
6915 8316
1665 7671
1910 3667
5479 6310
3509 9815
7352 7916
1371 7132
7302 7414
8037 8626
6628 6996
5360 7044
7255 8208
1381 2665
6222 7682
8048 9786
3420 7925
3127 4799
9577 9883
8228 9999
1430 3033
2724 4925
2975 6144
9636 9654
2656 9522
3407 3423
1559 6616
5198 9394
404 4196
8420 8765
5924 8791
1688 2704
7103 8560
228 5696
110
4976 2718
7740 6816
599 510
9853 8545
8656 7995
5500 4504
9716 5745
5323 1083
5209 2721
9842 4817
2722 461
2978 1926
549 16
1517 1443
8151 6542
716 5
4697 3332
4852 834
3577 1782
868 681
7367 6270
1385 629
5858 2111
6343 5104
7620 3196
440 168
7531 3668
3599 519
9292 6157
819 169
3387 1
9979 9391
108 58
8209 7971
8958 4156
3988 2374
3884 1900
1671 533
2580 899
1253 595
972 369
9368 6604
4225 2898
5016 211
4694 4176
7404 7392
3562 397
3043 2577
1315 970
4042 2967
1161 303
6951 1801
3430 3244
5952 1729
7668 5409
1732 710
5387 1664
4363 1214
6791 3757
3854 588
3004 1431
962 274
466 37
3117 328
2083 1814
38 34
1042 724
7591 3235
5490 2153
291 138
8243 1429
9801 7692
3872 3495
3973 3027
4130 460
1656 98
4913 2209
6167 988
3806 3253
7027 3121
1816 333
3920 1022
1510 890
7965 4129
255 184
1958 1418
8817 4800
6982 6799
1759 1520
9018 7327
9546 9436
4207 3702
5492 1274
7582 5453
3069 1305
4902 1547
3471 2970
5845 1912
1726 377
9681 196
3156 1073
9778 9590
827 802
364 3
8038 1281
6800 550
2312 325
142 31
5086 1576
289 285
