470
8505 8807
5859 9981
7240 9078
1794 9600
1388 5969
1973 5988
6877 9353
6020 8477
8018 9846
9479 9725
5394 9214
3138 9039
4194 8090
95 5867
7600 9080
9451 9766
5717 6735
2899 4602
1662 8644
297 1907
6860 7376
3260 6500
3957 4085
6503 6710
9739 9952
3123 6415
3107 8793
7326 7431
7211 7624
7050 9555
6084 9992
8681 9611
7075 7416
9400 9900
8871 9108
5818 7772
5473 5972
793 7082
5842 9067
3159 9311
5145 6311
8254 9591
8664 9633
2828 7149
3225 8051
4168 7774
7030 8957
4968 6156
7072 9619
532 6481
3827 7756
2840 7620
3094 6842
233 1618
7066 9989
3400 8504
7616 9051
5451 8568
4881 7888
9260 9789
1082 2997
6635 8689
4942 7536
9233 9735
4187 9668
4417 5142
2340 8419
6427 9695
3946 6893
799 5343
2213 8143
350 1048
7518 8117
6479 8604
7125 8229
3318 4596
8290 9935
1146 7929
79 8132
2667 3125
4731 7610
8651 9098
8126 8363
4949 6976
3453 5802
9364 9588
3782 9874
7834 8171
4149 7547
5800 7890
5498 7997
5828 7429
490 9280
3697 7618
5898 6683
1824 8792
3720 8676
8699 8920
2398 6102
231 2222
6315 8451
3435 6639
6404 9674
3924 7081
7827 9473
646 7652
4224 6998
579 2418
5488 8992
8590 9991
4900 7197
8146 8673
5418 9537
8148 9109
6665 8427
5027 9861
2906 3031
2447 7715
8634 9416
8839 9447
4772 9151
3348 9398
1592 3528
8306 9807
2749 5768
1095 6857
2983 4993
8942 9716
3522 3843
6249 9835
6866 9476
4328 5520
5249 7691
8305 8373
6805 8582
9671 9719
3850 6874
7118 8609
3104 4333
9867 9897
8057 9569
4170 5978
3201 3567
4883 6187
409 3248
8584 9368
1715 5472
2612 6559
4267 8575
4978 9406
2783 6828
7314 8043
3212 7414
2812 5876
6574 7224
7322 7572
8054 9826
7444 7717
6917 9185
3245 5397
7621 7722
4227 6619
9317 9796
9355 9652
2104 5571
9788 9915
2663 3780
6009 6440
4460 6122
9388 9457
7993 8417
4150 8866
9758 9767
4078 7428
6837 7008
5804 6310
4384 6395
5162 5320
8151 8847
7898 9936
9235 9331
1376 1888
987 4836
129 1201
7711 9481
8873 9551
3739 6052
2934 6854
7325 9064
3703 6017
1179 7509
813 7568
911 3668
8662 9349
1872 2436
3273 7029
6832 7283
991 1727
1860 4120
1922 3898
9038 9624
9822 9848
605 1697
1756 4141
6849 9483
9152 9751
8111 9123
2734 6981
1736 9690
8845 9486
2791 6690
2148 8375
2629 4083
3587 9333
6151 8436
4311 4918
6374 7143
6089 9741
5594 7241
5744 7309
7528 7910
6760 6810
1194 9632
5042 5610
3251 4256
8968 9136
7049 7475
7661 8322
6300 7534
7334 8112
9170 9965
9041 9386
5827 9241
9060 9327
5924 9505
4834 4858
5365 7971
7409 7863
4545 9753
6548 9678
4907 6750
8003 9037
2521 6112
7859 9002
2613 9117
7563 9442
7154 9631
1101 9899
4513 6138
4654 7255
8850 9836
2560 4249
8214 8691
8412 9293
8729 9882
7308 9966
1206 3033
7884 9404
1601 9105
3998 4178
8624 8970
356 7540
687 8122
5935 9953
7289 9093
7371 7907
1802 5411
6671 8595
2725 8567
9026 9877
2089 4025
2995 8217
9994 9998
3860 6525
6192 6803
5749 9228
6146 6806
2824 7142
5155 5321
2794 4069
1066 8512
3469 4128
600 889
7968 8658
3941 8523
1011 5446
215 1712
8028 9731
5416 7305
4564 5110
5156 7253
1260 2525
5047 5980
8430 9289
6940 9849
862 902
1933 5754
3152 9334
2875 6235
9654 9782
8364 9943
9383 9706
7605 8762
7608 7647
7622 9348
2773 6912
1467 5547
9689 9749
1609 1627
7472 8416
5511 9502
3999 6241
7909 8979
8506 9686
4179 4960
8539 8858
6625 9007
273 9174
3865 4055
3801 9865
9593 9930
7864 9566
368 2940
4065 5766
2442 6518
321 9819
2229 4904
3308 7238
402 3325
9032 9582
5622 5894
8281 9250
128 6256
4089 9733
1992 3369
963 8261
6634 8141
6463 8905
8316 9370
8545 8898
7222 8408
9169 9824
1102 1656
1629 2206
8442 9806
2837 2878
269 2297
3737 5525
2984 7228
96 4367
1411 6347
6944 8108
2477 7517
2392 3374
2706 6125
208 8625
2855 5442
5273 7866
2177 6654
883 1121
3499 5737
3726 8016
1938 8136
2946 5158
2394 8647
1255 9814
6119 7640
867 1480
5496 9394
8283 9580
5073 6246
6183 7754
6987 9603
9104 9743
341 9517
2409 6931
9523 9657
903 1438
9802 9866
9167 9427
4134 5758
4494 9903
957 7095
905 4926
376 7591
9194 9380
6057 8701
9838 9993
2461 4577
6700 7158
3622 6281
7520 8258
8752 9409
380 1045
2795 9553
16 5452
2690 5852
2671 9906
6074 8591
5995 9050
2239 5443
5615 6922
407 5641
974 4342
4828 6314
546 6742
9495 9801
4327 9513
8470 9487
4511 8012
7560 8379
4794 6610
5009 7586
3239 8771
5444 6628
6267 7720
6042 8282
299 9662
5330 6777
247 2607
7020 7408
2662 8333
721 9423
9256 9646
2 4827
5649 6540
344 7641
5731 9358
8887 9496
5184 7574
8317 9374
3771 5789
2610 4555
2168 3659
3604 4758
4096 7503
3777 6762
8825 9475
8603 8618
5544 8103
9663 9960
5000 8324
9187 9894
5236 7886
9350 9445
4659 7820
9310 9920
6694 9258
551 6933
3513 3815
7873 8454
3484 4807
1279 6495
6580 9216
2240 5689
5837 6223
4300 6990
3767 4298
4264 6679
8265 9159
7209 8943
2980 3226
4064 7026
8271 8886
5479 5674
9261 9345
6960 9128
7935 9693
40 8212
9424 9433
393
8758 6489
6643 536
5528 1016
3553 3200
6455 3311
5575 958
7037 5880
9833 175
6414 1198
2124 2074
4808 107
3228 1449
5067 460
619 155
1497 1001
6692 1489
4776 4286
9892 767
2646 2337
1055 944
6298 4136
9774 298
897 459
7469 1882
8235 3579
5074 1439
4240 3310
2603 1940
5509 3931
3551 1380
8735 328
6819 141
30 25
589 188
1788 703
1864 1327
7359 5237
1785 204
1010 840
6023 2126
9145 4853
3412 715
7564 15
9702 4394
6407 2787
4849 4452
6388 2243
7239 7225
9006 6247
3090 860
7696 4154
7530 3480
3299 151
3968 1426
5309 1289
4041 1800
3058 2492
9579 1641
2388 93
4428 2002
1387 111
2029 331
8204 3268
4272 2037
906 300
1830 1443
8958 2263
5281 4642
4465 2338
6744 2745
8727 6661
920 329
3013 1108
251 105
6904 5483
1322 69
2665 2030
17 8
5239 1220
2158 1998
7569 7273
2627 1520
9143 4390
3323 3067
2654 878
9132 5312
6622 5730
6261 4131
2004 1272
5434 3916
431 18
8638 5159
1958 661
5701 4875
1915 149
6007 1025
9790 6852
5279 2296
2990 2798
8896 6522
761 419
8801 6190
3664 1710
7358 4403
4751 1612
1931 1278
5606 3976
3784 2479
5333 2199
2567 2445
6641 3406
6264 1041
9414 7538
5105 2448
1405 652
1619 1133
5770 3724
6650 2863
3729 2823
6092 4042
2826 264
6450 4607
3807 764
3373 200
2921 19
6164 2802
6801 1300
256 195
5021 3331
5714 1908
1444 193
3264 1320
6323 5296
773 757
9430 2152
8860 6648
7277 3132
5987 1191
3899 3442
2905 2130
8134 399
7032 6015
492 136
3518 333
2530 1408
8876 4722
3908 2373
6528 5086
5504 1533
6408 3599
3385 427
2481 2289
8046 7067
8653 3496
7461 5275
851 444
5217 3772
7670 3272
9124 3143
5745 486
2467 2185
7060 4929
9642 2661
4053 3894
3169 1661
1670 864
8985 3572
2730 581
4377 213
1422 351
4313 1590
1190 365
854 9
7897 4519
5739 4775
3880 876
2729 2599
6253 2523
7048 6660
1898 1141
8168 1324
621 180
2485 1053
9163 6541
8889 1965
148 26
9238 2502
2463 449
2640 2517
6644 3818
847 458
1084 572
3161 1059
6658 4173
6078 326
9259 21
159 33
2314 2198
7427 1771
9910 8972
8123 5393
9001 654
7336 7083
1833 412
910 747
7570 1032
4124 3020
537 76
5794 227
3787 1615
2592 1537
4590 2272
5008 2880
5767 2255
1153 85
9665 1986
8534 4402
743 214
403 283
4321 3402
65 61
821 62
2994 724
2209 771
1761 1645
7893 3422
6268 1396
3392 2417
1748 1654
6325 510
6445 1248
4408 1029
790 786
6506 6309
192 126
1314 697
9927 3581
6467 4423
915 557
667 497
6428 3598
6047 5491
1978 798
2438 670
5407 3764
1825 657
8287 1460
9356 4738
6453 5997
3632 796
7593 5062
8967 2766
5803 4232
8349 4544
3291 2139
6269 5817
561 533
4784 2396
6053 1725
5621 39
5934 5808
1531 585
6341 4721
7851 1148
6350 3538
9691 1861
2911 1479
558 294
495 235
9500 7523
6346 1655
5456 4954
7043 4932
7490 7293
9226 4269
3930 3382
7236 3024
3779 997
8597 4289
8121 4635
1448 923
434 64
8131 4653
4765 2968
8187 1792
466 292
2593 1534
6457 4126
9091 6647
4100 27
2181 993
9116 9040
4934 4491
8086 4475
8489 5326
7959 7853
8910 627
185 22
1887 1349
6741 1389
8945 11
5671 5097
5052 3914
6140 4142
681 348
5038 1610
5611 5157
7926 4732
5329 4029
6581 4845
9419 5939
3804 420
1107 1014
9697 4201
2877 1819
5163 4
7684 630
501 80
8384 7279
2817 358
7809 1469
7999 436
3619 1403
5182 1984
6886 524
8429 3293
3455 2200
3093 1112
6713 2093
5043 3235
4648 4566
6248 4288
8766 5607
3211 3049
2410 472
7627 6813
2570 1
1115 1109
6979 2411
8353 5482
3424 252
5170 3698
8818 4632
8140 5853
6308 2232
509 74
7840 1957
7765 2491
2917 142
7315 2836
2157 1567
5560 2065
7751 1329
4294 912
9827 1368
2920 2458
3344 2466
3179 337
6971 3603
3497 881
6536 1183
4468 3079
7506 339
9723 255
3556 2121
3012 1765
6113 5173
4263 2403
8244 244
1441 663
7484 5734
5087 139
6476 1344
1000 24
2249 1704
7015 4360
7562 1724
789 538
8285 3286
1668 464
3223 699
8811 7984
7974 3091
4980 4091
4416 276
7489 2332
8986 7139
8962 8070
7793 4931
437 391
3971 2165
8102 7175
9931 3232
