870
52 3263
4830 7359
6633 6642
8538 8923
6128 6732
7923 9880
7825 9566
841 7930
1752 9534
5032 7555
5670 8063
6605 7386
616 2795
423 573
6520 8245
1390 9419
9384 9796
3524 3930
142 7000
741 1912
126 4050
9251 9548
7970 8860
7221 9834
8316 9716
8553 8913
5708 6287
6665 7554
8953 9360
3166 6550
231 9703
4985 6765
2740 7755
6399 9111
2527 5535
1135 2628
221 3298
6956 7374
9501 9926
8270 8411
3742 7358
3926 9625
2602 5937
5027 5964
7592 8959
203 380
8005 8466
6148 7714
2008 6974
6321 8673
4092 4947
3367 6150
2952 9185
2316 9631
9592 9682
1781 3425
3969 7496
5293 7243
1809 4465
5442 9673
4017 6577
6659 8599
8540 9710
3142 3904
7276 7459
2554 4547
5534 8187
1222 4590
2819 8147
3589 9483
1760 9827
3902 8068
2691 5368
121 486
9389 9997
3716 5228
7036 9393
8719 9163
381 1632
2574 7439
4677 9883
83 1747
3634 6968
3979 7212
8053 9085
8847 9482
9895 9954
7161 7831
3092 7971
3270 8830
4118 9300
9158 9470
4859 8843
7271 8874
6400 7206
8230 9776
9192 9291
1164 8691
8370 9358
7347 9012
8322 8889
1869 9199
6671 8364
5631 6479
2907 6623
3192 9496
8938 9863
6539 9524
4079 9903
6499 9023
4996 8862
8704 9887
2258 6978
6277 7131
8469 9526
7543 7769
2392 7361
4866 5569
6655 8581
3250 5008
7696 8200
1406 5006
2045 6709
9572 9981
3504 3535
9022 9289
9288 9675
7102 8029
4237 8545
8083 9670
5444 6864
1956 8693
414 3039
6135 8758
1517 9165
1573 5030
9749 9979
5354 5452
2588 8420
2777 8291
4132 8006
8174 8777
1876 4928
6358 7360
255 2604
742 4158
1848 8468
8815 8828
3058 5141
8867 8960
7644 9961
8682 8705
5644 9539
5974 6083
5484 5886
2393 5912
5019 5528
9807 9983
4336 7004
1345 7057
1843 9778
3281 9392
7417 9765
1923 9125
1858 9912
8099 9556
6065 6910
5326 9820
8400 9885
5104 8098
6750 9693
9464 9594
1757 6376
5869 7536
9755 9804
2571 3023
8331 9436
9313 9915
4035 6070
4399 7962
6198 7233
5652 6202
7152 7321
8635 9027
549 982
1875 5125
2696 3714
4377 8934
778 8930
1903 5272
3099 4627
1063 8793
9386 9390
1086 4418
2922 3256
6758 8184
5351 7577
776 8414
2440 3123
4955 7739
5767 6037
2224 5896
6384 7620
2832 6826
6242 8224
1957 6824
936 1415
5382 6927
4606 8873
4982 8578
7609 9734
5738 8241
7378 8970
6669 6769
1524 5252
2094 6123
1385 3702
3957 8736
9007 9186
7226 7821
7011 7916
2822 9037
9197 9202
1130 6340
9512 9666
2681 6705
6283 9905
2423 5841
8594 9679
2603 4746
6190 6270
6343 7393
9332 9630
2985 9031
129 3439
1447 4112
6779 9590
357 5826
4876 8623
7324 7673
2583 8686
58 3659
7525 8559
2580 8945
6988 8523
8254 8511
3519 4878
623 2996
5290 5397
8566 8806
9161 9860
6600 8368
688 2287
2037 3744
9772 9806
3223 8280
2474 4293
9537 9871
410 5924
7637 9268
6925 9334
4009 6537
2130 6014
7723 8050
1024 1803
9124 9948
6509 6929
4061 6906
2436 2847
520 2867
2305 9647
4937 5259
8802 8848
5220 6356
6412 7884
5224 8617
2261 2549
7473 7872
1850 2507
555 3959
6463 9403
3278 8977
2891 6862
8388 9990
8636 9792
8895 9364
8016 9201
5159 7319
5812 6090
8474 9730
7578 9823
5277 8047
1823 3381
8143 8844
9093 9173
2477 3131
5887 9114
6525 7506
7222 9109
4325 4558
2124 8383
4759 5725
8435 9663
4072 8207
2560 5299
1073 2730
6487 8208
317 2548
2593 4697
2705 9278
1960 9054
3260 4603
3378 3794
1860 8982
6445 9661
130 7431
1163 2047
8434 9324
7320 7509
6848 8711
2586 5773
4144 5378
6172 9747
2345 8130
6527 8741
5871 6005
9815 9986
4381 6773
2253 4329
1950 2464
6113 6385
7556 9435
4274 7265
6295 7768
8036 9731
7122 9655
2666 4095
4538 7489
7485 9748
1575 6442
8097 9385
7900 9644
1897 7608
2693 6727
7365 9162
4354 5065
1072 2725
3991 7964
4213 4653
3084 9757
5418 5648
2083 3094
3471 7934
1137 9958
3498 6924
4505 7582
1281 3346
4729 6344
3546 7346
6814 6840
3754 3865
7862 9102
3762 4326
9131 9791
6753 9275
9312 9924
485 5581
8750 9722
6554 9816
4166 6078
5549 8781
7106 7891
1216 1410
6302 7669
7579 7742
1534 1883
8746 9656
2276 2703
5373 9337
2663 6025
4400 6230
4895 5476
3282 8850
2558 8234
1412 3817
4769 4776
9916 9969
8476 9362
6233 7478
2251 9208
3882 8210
8554 9520
1408 1668
9317 9606
4654 8448
5017 8588
1654 6780
5768 6437
5150 9013
8104 8134
2568 5962
3820 8344
460 1786
8987 9217
6104 7838
7266 9177
4338 4363
7066 8887
6093 9410
46 9690
4058 4409
6839 7639
1611 7837
8153 8871
9070 9569
2359 8159
9672 9696
7185 8968
4087 7087
816 2882
5972 7082
720 7172
7890 8820
5905 5993
1787 8615
8606 8747
6618 7535
2079 7249
9191 9424
1842 5294
8305 8408
8755 9667
6088 7585
1009 5102
9354 9608
3403 5281
8295 9444
7341 9019
4106 7893
3100 7335
314 588
2629 9468
296 474
6162 7187
4749 5226
8832 9810
9038 9783
2723 5471
5043 5262
4340 6523
3179 5880
3774 4784
6000 7744
50 8955
1631 6620
8881 9486
543 9971
3628 4682
8660 9338
1995 4845
7211 9454
2218 3063
6837 9988
1446 2222
1015 1928
5107 6263
4847 6648
3330 8281
9743 9859
2274 6933
3522 8271
5344 9744
4503 9923
2964 8800
7772 7791
2040 5578
6680 6833
1793 7072
8264 9766
8046 9599
800 6641
7252 8504
8925 9551
6524 7192
9100 9179
2689 5232
5766 8947
8109 9866
2734 9133
8162 9490
5310 5391
1981 4851
9430 9957
8246 8933
3815 8177
7770 8869
9839 9844
3169 3671
7483 9475
6111 9889
6332 7416
2380 5756
103 8313
7186 9700
1825 2461
2024 3903
2302 8363
2011 3271
8442 9822
4897 5323
2564 6795
5825 6877
1849 4485
4839 7935
9010 9921
2692 5731
6383 7363
9493 9857
2229 2280
2652 5659
5735 7156
238 9852
78 9946
2610 5673
6507 9713
7154 7234
5003 8321
4625 6800
6275 8299
4527 7241
971 3052
9009 9320
571 3518
6719 7514
6486 9366
9143 9725
9118 9284
6762 8003
375 7945
5712 7024
5697 6246
6419 9429
3472 4721
2135 4632
9210 9812
6160 9040
4870 9574
5157 6880
9565 9627
2525 7045
1005 8105
712 5992
2923 5460
3573 9995
4484 5158
6300 8577
5295 6967
6578 6977
1335 9260
1618 2791
3749 3968
9503 9797
928 8395
9353 9855
3621 5155
1765 9560
5775 9174
3007 6720
3019 9350
288 9254
2555 2780
9028 9195
2407 7715
3093 5156
4368 8066
7725 9751
2275 8024
3684 5211
1792 4685
4202 6653
6003 7371
9527 9998
7005 9352
6218 8645
3488 7084
862 3114
9660 9931
2221 3636
3338 8170
2862 3009
2752 3072
8329 8382
7490 8132
85 5703
3244 9809
4429 7718
2763 9414
3998 6751
7377 7689
2294 6882
4053 4581
770 5055
5094 5917
3149 3582
8172 9060
1924 7709
4533 8864
5458 9506
2163 8551
3660 4715
632 3784
839 7236
3101 7786
8521 9819
9899 9913
4595 5835
6377 7387
4803 8996
9695 9742
2169 9087
5058 5427
2728 4200
5851 9803
4613 8614
9280 9306
2565 4978
3091 3653
8040 9147
9528 9774
8453 9595
3929 6902
267 9236
5506 5989
523 1830
395 5131
6797 8195
7818 9238
8839 9936
4693 9934
4190 7147
1320 3364
7990 8089
5595 7299
1058 7551
3577 5064
8236 8822
4675 6185
9699 9947
2769 6373
7593 9581
9422 9582
3638 7895
4192 8437
2530 2783
5732 9180
9270 9837
5132 6823
2618 7694
7395 8573
8785 9282
843 9545
7652 8041
3993 8587
8178 9881
6540 8158
4623 8286
9400 9412
3410 4576
3120 8394
3916 6847
6674 8315
3268 6558
9339 9845
5883 7804
8807 9914
4502 9225
9632 9984
1991 3598
5238 5969
6387 7182
5891 7213
2737 6347
284 4028
4919 9788
7193 9940
6556 8110
5136 5448
9391 9603
8380 9728
5071 7354
6403 7658
1969 6258
9659 9922
4443 6812
6627 7731
5945 6548
3611 7641
4026 8013
2106 5145
6110 9562
9870 9927
5853 6428
1386 7440
1317 9952
8596 9372
7510 8121
9136 9980
482 2219
2074 9290
8687 8808
5797 7176
4962 9117
3553 8958
6409 8284
6640 8325
9471 9745
118 3129
5098 6904
7223 9619
4499 7937
5516 9211
1076 4315
2599 9541
8878 9142
9307 9824
9184 9215
9756 9790
4765 8624
6748 8811
4993 5260
3516 7155
8993 9801
3501 4065
7534 7750
8168 8921
2505 6420
1735 8318
9499 9653
7999 8544
4752 7771
1520 5154
2767 5503
3242 6177
3691 6957
6293 9067
6378 8663
3195 8379
2332 2695
7567 7568
7570 9068
716 1402
7064 7692
8462 9872
1413 6756
9139 9523
2538 6368
6569 7912
7069 8085
3555 4453
7647 9273
3380 6041
9944 9994
4148 4979
4768 8766
4320 8155
2084 3382
3835 7076
4405 8984
3438 5623
1388 3396
3 6225
4570 5664
1247 4382
478 5786
3895 4750
5606 6574
4471 4967
5076 6938
8341 8865
2424 5527
8712 9258
6080 7457
9058 9095
6203 6413
628 5229
579 6861
2220 4806
2493 7195
5170 8972
4194 5153
1033 5907
8729 9733
7713 9732
9329 9955
1807 2413
7282 7502
7334 7481
5049 5975
6471 9000
7581 9842
6034 8035
8992 9438
8849 8903
1977 6501
3082 4012
3747 8258
2902 7922
2755 4707
1604 8255
4885 7146
8774 9920
5002 5356
3585 7538
8489 9349
2758 7761
3436 4727
3783 9910
2385 3162
8285 9851
6679 8742
3850 4796
409 3623
3160 9316
315 9376
342 2753
4543 6944
8292 8507
7067 7763
1191 7520
6835 8417
2636 6616
5540 8795
9341 9832
9240 9547
6741 7446
2103 2387
2191 8369
7269 8610
4927 9840
6087 8473
7472 9626
487 7173
7809 8483
4680 7614
4445 5431
2775 6712
7246 8335
9645 9888
3233 4827
3826 4647
949 7143
9692 9813
8074 8823
596 3232
419 2306
3864 7070
6941 9310
4488 5620
5140 7613
1989 6228
898 8263
9575 9729
2928 4950
5579 9265
1766 9987
2018 4184
4974 6615
1630 4141
6662 9447
5788 9907
624
6320 3262
1556 25
5412 649
6946 4123
2800 294
5575 3700
8314 4198
6874 1979
1738 713
5976 431
2966 2141
3217 957
8520 4266
5392 4518
3112 1893
7931 3649
1596 213
1729 589
4912 2669
2311 765
505 411
612 272
4838 2291
4113 1564
299 95
1650 1411
9080 1943
6585 1739
1442 1054
6586 4802
7920 3148
6583 5621
6280 6089
8213 135
5873 141
8135 2972
722 320
9335 4683
1301 17
3961 3857
1978 1763
5602 4540
8531 942
8898 7781
8007 5699
7649 1619
591 319
1131 758
5925 64
2537 29
1504 1105
4196 540
1580 1239
8082 6439
53 31
1245 557
5422 2536
6567 2173
4104 3549
1359 696
5079 1926
1910 1309
4640 3443
7682 7310
6329 1067
5313 2200
3437 3042
9739 5988
9042 7304
3947 343
522 91
2096 1361
6394 2889
6112 3138
5126 3647
7638 2353
8399 3940
3981 2115
2533 2339
3685 3238
7058 6875
8038 448
3863 2630
884 192
1613 1336
5462 1821
9261 8056
961 230
2153 1983
6132 2756
2915 43
6214 6048
6015 5574
5361 3141
4989 451
6338 899
2479 2292
4342 3678
9418 8357
5449 1077
614 398
1635 1034
8088 5666
1645 36
9561 3376
8722 3665
530 40
8116 4917
1070 158
6125 2170
3199 2656
3676 3607
3006 1898
2718 2497
5576 879
1593 711
8640 3225
3340 3333
962 734
2551 657
1796 1312
5496 3695
6219 3315
3394 2044
6675 2334
5248 2741
4054 1139
8897 2754
2894 512
980 441
8791 4259
5755 2936
3990 2976
368 22
4825 4057
6011 1932
2873 1438
7157 1144
1607 404
8020 5245
7494 4523
3427 3253
151 99
4507 243
7101 2273
7445 6091
7302 1856
6327 3490
332 331
3520 1196
3389 817
3210 337
6180 4290
6544 5991
5015 2245
3631 539
1475 1241
4545 4277
4245 3243
7606 74
461 88
109 100
8062 4935
8598 5485
5598 2751
4210 1775
1277 560
1727 444
551 308
782 568
1682 187
9149 5214
3307 247
6462 6450
5597 5357
344 63
1715 1599
9293 1756
1935 456
6068 3526
7289 1953
6306 4393
5693 4272
9835 1349
7055 1468
6678 1723
7552 2932
9777 5109
8684 2482
4840 445
4187 1050
8348 2824
9793 1868
1458 305
4156 2304
5830 2901
3853 2651
3999 1920
1589 1126
806 714
4019 784
4422 1745
7548 3395
8583 3674
6294 1365
2056 1332
6033 2052
8078 1100
7844 582
620 422
6559 3194
1526 1350
2071 1976
7802 814
1915 935
2432 2378
1560 330
4103 897
4724 1044
2348 1577
361 14
2990 2412
9198 500
6728 3073
7678 2230
6227 1474
9014 5897
7845 668
6022 1955
1911 4
4712 2315
9571 4843
7869 1931
7653 5042
7876 96
8941 8070
8049 7486
6903 4867
3249 123
5653 3448
5025 3350
7280 3369
7533 3398
6301 886
3155 2997
9006 4864
1478 157
7600 5968
6538 1980
5626 3531
4918 1934
7219 3372
605 37
6004 5399
6650 3952
4942 4185
1484 1149
7380 3420
2916 2137
4719 4073
3186 608
6696 440
2289 964
453 191
8834 2034
9218 4644
9250 3810
2502 973
2750 989
9814 4330
9164 7188
9908 2804
5380 1696
7158 5850
9045 5625
2802 565
4490 2187
3003 2144
93 33
1847 908
598 45
8173 7467
7083 3605
4350 3343
7312 840
2326 1219
4265 3989
223 199
5183 160
4850 4500
1698 351
2252 234
7889 7149
6253 3888
1398 1372
7202 4047
8185 3038
8163 1026
8732 3920
3907 3303
802 707
2642 524
7518 6138
1790 397
4646 1274
3614 34
8801 7096
5297 3871
1833 44
7730 106
1853 1535
8481 6047
2526 1802
2747 2223
743 68
2108 842
7018 5573
3541 3115
1545 875
3779 1101
9890 9026
5537 2488
3486 3045
8243 6781
624 215
6480 4034
4352 1355
7420 1754
3837 2061
7471 5355
3221 580
115 19
6193 3911
3610 929
8154 570
8654 1559
2004 1273
2265 1628
5566 4285
3188 369
2878 1663
9579 3725
2674 917
9635 5864
2582 379
8701 2355
3108 2394
7150 476
5463 2367
6224 3209
9187 3236
6872 1913
2575 373
3642 1244
4431 1002
7217 4256
5676 2206
5985 3812
9328 8680
2567 2202
8641 3407
6170 3832
6362 1307
6934 4292
6807 2317
8642 2119
6497 5692
738 114
2263 111
242 149
2532 547
6206 1492
5082 4797
7576 7046
9909 4383
4557 860
1287 559
4832 701
1667 585
408 246
5713 3703
2872 835
9831 9073
7348 5764
333 311
5184 823
8392 5168
952 21
7414 3705
6960 6259
6676 6396
9991 9099
1136 859
873 601
8349 2089
7455 105
9138 4988
9018 5532
4314 26
3996 1417
5990 4394
2447 947
6560 1038
4854 1669
8010 5122
8670 6470
3116 1431
2935 680
6791 4444
8714 1832
4804 844
7313 1683
4706 3640
1493 1347
3119 606
2829 477
6254 681
3489 2397
7418 1590
5922 5014
6892 2207
6095 5322
9249 7035
2727 382
457 71
1841 1750
9416 5777
1600 1378
1640 821
9856 6290
6701 6052
2929 2650
6304 3010
2356 1878
2739 189
3980 484
574 427
9628 869
2327 1310
6772 6595
1480 541
9538 6568
1013 452
3388 2288
3730 1837
7328 6026
3727 3237
4439 2429
1162 783
5437 2481
4672 2086
2308 948
2190 600
9089 2234
7693 6337
2467 303
1380 327
7855 2786
7537 3484
5875 3618
6606 5702
698 55
4826 3875
3746 3558
280 23
2998 2427
3032 2987
6406 4162
1250 692
2686 1998
3928 3668
5999 281
497 481
2077 341
1071 796
7968 7733
2284 954
264 146
6407 3912
5312 233
4893 4841
642 496
5144 3446
1133 504
7407 5741
7364 4241
8717 1145
975 310
1964 225
237 168
2598 2001
5935 5687
8222 991
6810 51
2417 2301
538 110
1566 235
5317 960
4045 2742
8609 3185
6803 4751
9779 7623
981 47
6483 2699
7726 3421
2852 1183
7290 6571
3881 3467
993 918
3183 1917
9959 4030
7827 4023
6722 2860
6590 702
4179 1091
1863 1651
9024 5470
3894 3345
435 15
2363 437
664 392
6860 5854
3898 1647
3919 3097
2132 1421
7956 3246
6716 5624
209 108
749 488
2569 2279
1909 1834
9281 2784
7850 5423
6009 5206
4083 1512
282 73
682 554
304 249
8347 2521
156 132
8405 3481
7671 4238
6774 3126
611 374
748 143
3872 358
3748 763
2704 556
3564 1692
9207 4664
7741 5420
412 127
5635 4777
8334 7367
5068 2128
3666 1217
6845 2246
3487 2925
2799 1828
2236 1049
7616 3167
4593 1236
178 98
8524 597
5515 2625
3768 2999
8632 3536
925 214
3130 2942
5938 3935
4096 3688
4420 1987
5103 1176
4892 4051
5711 1984
1805 1422
401 362
6726 3921
2168 2129
5112 4589
9896 9041
4007 1249
8919 6919
7604 6491
7499 5872
8530 5148
2793 1717
6075 3823
9648 8227
7615 7308
6350 1488
7165 4085
6393 853
2762 2062
173 102
7476 6182
9299 3068
6969 1052
7780 5194
1147 679
1643 1322
2870 302
6101 1264
3550 1440
8565 4211
7137 2266
2000 1151
9737 1510
7231 1502
7338 2368
9698 8727
8602 3083
4834 59
4367 767
9610 5421
5213 1180
1263 537
1882 978
7331 4915
1031 97
690 659
4251 1103
6422 5362
8262 334
