470
187 4374
5907 8637
4863 8667
7175 7330
1808 5014
9863 9982
5363 9766
9012 9857
4937 5408
8444 9786
4465 4614
1912 2972
6632 7917
6854 9751
9904 9984
7111 8234
710 7688
1441 9843
7888 9206
3840 8794
3210 3728
4371 9051
3475 9105
4271 4384
7119 8541
6379 8428
3811 9437
1979 7857
4106 6395
1 1656
7585 9752
1507 8493
3605 6858
127 417
8527 9286
6342 7364
2251 2905
3394 3866
4794 9804
3130 3636
7186 7439
1976 5049
4350 7188
7211 7596
1791 3460
7945 9635
9365 9711
3017 5968
8922 9651
8731 8993
8525 9282
4735 5774
8506 9440
7515 7629
843 2129
8907 9734
6366 9485
7511 9109
797 8196
875 1426
1444 1533
9145 9490
8631 8732
7642 7732
3453 5863
5280 6015
9016 9096
2457 4681
3695 6408
3880 9116
5088 7910
2089 6208
5108 6220
4196 5500
459 3803
398 1549
8626 8836
788 9113
9981 9992
6493 9710
2224 6674
4685 6365
5430 7514
7197 9933
4378 8069
8414 8563
128 4552
3440 4807
38 904
1141 2469
6592 7465
3400 6588
3031 3296
8490 9938
1488 4296
7664 8483
1710 2232
7092 8951
6390 8052
9846 9909
5179 6963
4768 8359
1397 7768
2910 9780
3368 9257
7296 7341
4548 9132
5023 5580
293 9274
7003 9873
9001 9167
1044 8961
83 6480
7550 8917
2576 7874
8583 8773
3442 9028
5998 9222
8655 9039
3493 3921
1916 9413
9445 9714
8357 9764
8494 8787
7266 7949
7411 8237
2840 5314
3521 6735
3366 9716
9011 9916
8240 8340
5099 5261
2215 9448
3970 5399
2770 8785
353 5241
1098 8305
4657 4764
5029 7865
9331 9915
6215 8116
352 9674
6558 7963
3814 9392
8814 9848
6145 8946
2819 4043
2570 3999
8242 8862
9670 9974
2257 5437
6352 9329
3490 4247
7842 8162
2144 5129
5606 5810
7576 7814
3431 4379
6089 7292
6221 6340
2108 3515
1535 3057
5841 5884
1072 6315
2226 4314
1814 5417
1920 6225
8079 9416
6310 7043
7069 7220
6069 9817
3419 9975
7882 8739
1761 8252
4660 4725
8392 9061
7022 7078
4526 4919
6008 6683
7237 7359
5078 8396
8744 9371
7248 7579
9657 9793
4397 8451
1122 4121
1108 2834
8405 8510
602 4535
5374 5755
1326 2071
6891 9407
5318 8484
2019 6894
3967 4916
4512 5713
4255 5553
8088 8811
1826 9249
3016 9994
976 4689
938 2356
1926 6538
8774 9821
6276 6542
8103 8584
955 5927
1660 8173
2617 8654
4511 7182
4441 7387
5718 7710
8874 9086
9825 9903
9807 9928
571 9887
4276 7310
4259 7832
1371 9498
9195 9906
5312 6904
126 768
470 1900
2374 4960
7822 8086
1328 4773
1283 6445
8403 9704
5669 9188
490 5917
7900 8963
622 8791
6916 9474
9703 9881
9623 9705
901 1833
3383 9708
5971 7218
7395 8113
5074 8980
3406 7377
1198 4908
2347 3004
8677 8873
52 3725
8802 9851
8200 9482
5509 5612
7036 8417
260 5215
9461 9901
7815 9310
7537 8341
5614 9399
9381 9867
5959 9549
182 9978
4776 7755
3793 5838
3508 6631
167 1980
2641 6406
7228 9510
2219 3498
1342 2935
7279 9025
2288 6083
2284 6999
2315 4783
9352 9604
3646 4354
4150 8106
865 7660
6837 8782
8121 9316
4669 8504
5052 7149
3056 8745
338 3044
7334 8754
2913 6876
2768 7887
6737 9757
911 8437
9834 9980
6597 7848
5867 6809
8766 9789
4018 9691
2123 4042
1341 9706
1354 5947
6252 9514
8395 9644
253 2346
3458 3843
6937 9110
2050 6108
3201 6146
7757 7789
5325 6206
172 6912
760 9018
1009 8635
5664 9746
3140 5722
7193 8587
4176 7159
8602 9858
5650 6023
7192 7764
5342 9693
1729 6514
3336 7146
6911 8099
9770 9890
396 7021
454 3859
6132 8558
1123 9643
9456 9524
7451 9695
736 6205
2396 6725
854 5438
4715 7876
3788 9726
4611 5582
2489 2605
1027 6724
3268 4316
2563 3091
9475 9478
1194 5537
7480 9744
2797 8576
9673 9972
6939 8585
5594 6197
5989 8864
8265 9355
735 3259
5869 6532
856 9223
8908 8975
4889 9534
2007 6332
6476 9160
1598 9499
877 1297
357 9189
2623 5757
3773 9270
8202 8684
9831 9913
3825 4454
6273 9541
5671 6238
6055 6898
825 3871
8764 9417
282 4412
8687 9325
8724 9302
1294 3392
5140 6667
3030 7497
9753 9853
527 9334
3078 4667
4381 6813
3470 9537
5387 6204
7682 9252
6680 8617
2864 3517
6688 8144
7233 9501
1470 5357
2069 6228
1971 9870
7925 9500
4368 5575
662 6960
8275 9063
5038 5406
7804 9973
3852 5986
9422 9701
4900 5225
5250 5300
1975 8793
9360 9571
4628 7640
7641 7931
9561 9944
7719 8423
9847 9923
7639 9272
1786 3552
2176 6386
1428 4905
1118 5619
927 3079
5019 8983
7894 9612
406 7217
9181 9300
9597 9818
1873 7016
7615 8555
143 4092
8508 9844
4249 6506
8672 9656
9279 9892
4439 9450
1811 4963
4858 5607
6601 7795
3107 5693
2414 5937
4845 6082
3947 5956
3500 7493
1321 2059
8487 8573
2370 4616
1020 9924
8812 8894
4785 5984
9654 9677
2555 8991
517 5136
4231 5471
4712 6051
5222 9771
7090 8356
1086 8868
2548 3963
7060 9550
6474 8019
339 8551
9317 9960
2852 8978
6372 9337
6700 7337
2443 8909
5556 9675
4594 9179
2654 6857
3959 6401
9010 9509
8797 9877
5481 9902
2145 6539
9486 9864
7262 8500
3297 8738
6614 9545
8127 9263
6661 8501
8045 9309
2425 9926
8131 8335
8213 8798
5848 7954
7138 9192
8241 8843
1948 3376
542
2290 1732
985 356
178 2
7817 5821
790 699
8072 787
9822 7008
8105 3747
3524 1474
9544 1018
1949 1270
9939 4253
5896 2892
9836 9008
803 202
9572 207
5172 2963
6455 70
1983 1201
1233 518
3118 2448
5271 4658
8559 7695
6949 594
9602 3739
6358 365
9648 616
5339 3085
4684 2032
6582 4836
2965 306
7027 4731
6388 1770
546 239
6432 5773
6337 701
1807 1572
1651 1491
7020 1841
3371 228
9554 7890
5453 1361
4488 743
84 65
5028 1746
4182 4087
1501 933
4959 3396
6921 188
3447 2211
8967 3437
1154 762
1913 1301
6559 3722
8614 5180
7554 1565
7382 4880
2796 481
3062 2948
2899 1717
649 92
1013 799
4372 847
5293 3655
3424 19
6115 1133
2719 1753
5596 4562
80 36
5663 1894
4517 3835
6989 2638
8222 3432
8999 1097
8581 6222
3665 242
7995 7541
8101 4418
2088 1981
6569 1759
4596 3204
8102 845
4573 2209
6374 1242
886 118
2874 93
4925 3690
6755 5851
8125 1466
3585 2213
7066 4238
1548 159
6465 3426
2700 997
1446 507
7161 2650
4385 2877
759 87
75 24
5032 4474
9722 1579
3357 2065
7096 4266
5338 2756
5524 5488
6496 4853
1728 361
1887 157
9428 4134
9669 1054
8362 5254
6761 5933
5244 1756
2541 528
8273 6802
9400 2052
8418 3570
6219 2880
2143 485
8775 3938
6084 615
5231 4597
3260 1310
4331 2757
3760 766
5203 3043
5432 3274
7131 3104
9384 1805
8492 370
1171 185
6450 5550
8953 1411
44 17
2912 1253
1100 1050
2205 136
3768 3477
32 30
8938 5599
7513 3151
4476 3557
4084 4026
3245 902
5920 5200
2428 1580
9304 393
7403 2930
9546 8705
3166 1375
2116 57
3799 3
1628 750
2675 1377
8528 1737
6426 5433
8830 7761
7323 611
1200 842
9253 3223
1381 774
2478 1262
2398 1670
5795 1541
7141 6346
4033 2939
105 58
6297 3215
8064 7342
2023 1740
9616 7713
8219 3802
3058 405
8662 469
1613 741
2536 1131
1555 1234
6140 2439
9700 37
9914 8690
1946 1317
496 4
9387 3902
1850 1327
971 33
1538 728
6968 1028
8311 6763
5544 4671
3095 1681
4482 82
210 166
723 390
1113 936
2357 1680
4227 1902
5217 992
2997 88
8799 3136
408 391
2850 1229
6845 4402
5269 3379
138 95
4647 2498
7118 2359
416 81
3649 3015
7657 6442
4213 4073
779 215
4405 3540
4972 4955
1187 1139
2838 1827
1803 1299
4262 2455
3331 1240
9850 7670
1347 451
359 311
443 258
4698 1527
1071 769
1845 1584
4312 4233
6547 4330
7252 5944
3661 2795
9369 8586
5543 3968
9552 7606
5441 4451
2802 1530
8535 5493
2996 233
9603 4306
8323 3573
4448 4088
3633 60
7150 4148
7137 4062
2014 837
2113 217
5185 1943
7685 1858
770 719
9803 8972
4947 2835
9797 1607
6870 1694
4055 1647
7896 3629
2843 1596
4056 2109
3038 1750
6235 4533
8480 5199
2243 2182
8582 3064
8218 6782
4082 738
4407 3548
4502 2162
5689 3145
6012 3774
109 29
7140 4215
3973 1425
5610 3067
3574 2020
4295 2147
6690 3464
4282 3181
7166 4095
6396 4704
189 114
5691 1142
208 9
1789 151
1437 558
3543 1129
5756 4786
2223 1674
4289 633
9328 4911
107 99
4751 2749
211 113
9228 2511
1525 1433
7433 5198
28 26
6990 3863
3659 3160
5319 2278
8120 8026
3147 1323
3256 1082
6042 5622
6806 1856
7094 3929
7727 603
3975 2953
3520 439
7893 1599
5278 2837
4717 3361
8338 5390
3631 621
6377 3990
1373 411
9640 8736
4390 3069
1637 686
7445 6713
1211 40
2588 1967
2361 1622
8620 7805
2870 618
9720 8600
2567 1675
6976 5168
1128 175
4444 4294
1241 709
7577 4373
1182 604
6097 3139
9505 8224
1553 1057
7447 804
1880 1225
7031 6946
3936 2502
3427 1609
7981 5283
3786 2473
2141 1308
3729 152
6181 5715
8660 4890
4216 2188
6058 3634
8878 7114
5027 3313
6375 3639
8274 2466
270 41
9237 966
9613 3450
9763 3966
150 21
6744 4839
6007 3682
3046 1836
2860 179
4529 640
3937 3705
3944 2002
1890 562
7479 4353
1348 1127
2187 2033
8062 1576
3664 373
2947 751
4728 4536
6557 430
671 101
9220 1292
9511 948
756 681
1776 340
4862 3546
2048 1605
6412 5503
6964 2569
1060 883
2942 1699
4067 3956
4047 121
2437 1504
2593 679
5264 548
6339 713
6734 942
4897 1869
5195 1385
6843 2080
3681 1614
5678 2579
5098 268
3875 2914
3676 1724
6494 5901
3194 2097
4239 2987
726 59
8618 4153
3798 1953
3399 1725
592 225
8524 7379
6572 5270
7044 5560
7196 3241
9481 209
2322 979
3819 3212
287 248
7636 6515
5169 3028
8571 7086
4413 4404
3027 1430
3898 3519
9131 1641
2801 1480
576 541
7646 1539
5370 4109
2407 2270
8249 4483
1370 1126
2875 2775
7405 7105
55 12
1922 1795
1021 947
3153 482
9628 8397
259 115
8534 4757
9312 8034
2479 452
4380 3200
1029 827
4002 646
2335 614
851 514
9073 3624
4455 1933
915 510
5001 3674
5787 3144
4453 2604
3982 2968
715 43
6064 1531
3338 273
3334 176
3598 1957
4117 431
169 164
784 285
2180 1951
281 62
6781 2337
1196 1048
6829 407
2560 1620
4252 3603
6154 1094
829 519
3355 2053
7205 3904
5331 1380
8126 6311
4028 1399
5657 3809
6448 4921
3496 204
1451 943
4537 1191
5275 2528
9749 7072
6214 2305
2512 2452
601 274
9447 629
3781 3171
8596 1039
613 420
1560 1226
9332 5538
2348 1888
7448 4814
108 67
1085 376
1285 1161
5510 3051
9390 3436
9185 4113
860 848
3280 2499
6521 5482
2687 1445
8981 4203
234 177
7410 3602
1597 700
9271 2564
8568 5473
8057 2494
3890 3292
1784 630
935 307
6820 3867
3522 807
3583 2698
5641 3063
7007 934
7440 1087
2167 1056
6102 3112
1090 575
4207 3502
4860 1775
8657 1320
8365 163
2956 1121
7164 2107
9268 4881
9728 6344
4966 2268
5890 573
4177 3896
4367 3319
7172 5957
2958 304
940 120
6753 3641
806 623
8693 7000
5457 4167
5825 5420
5372 923
5213 4337
9573 4280
125 46
