287
651 8636
5135 9656
3385 7329
1808 7312
1021 5668
2277 8601
4995 7458
5357 9448
4297 7373
7123 8476
3068 5797
1705 8380
3881 5524
9732 9771
4907 7806
1211 4562
3648 8258
5385 8677
207 6101
6834 9574
2466 8132
7941 8813
1123 3397
7061 9283
9054 9956
6382 9565
4379 8456
7341 7683
8800 9059
9520 9908
6617 6687
4292 5036
3287 3748
529 2390
4733 9440
5653 8391
9625 9986
3831 8473
8637 9896
3137 9341
8521 9159
9183 9189
7962 9188
8282 8464
1350 3077
3854 7916
1468 5904
8842 9151
4443 6498
7304 9719
3633 5826
107 7608
1199 9607
7064 8724
683 7360
5489 6144
5174 6667
7533 8523
1099 9016
9122 9681
9526 9760
217 5705
6505 9428
5947 7811
7736 9953
7076 7246
5262 6043
934 9892
2258 9651
3938 5464
4721 7598
6116 9468
8182 8949
637 3161
8895 9353
350 8600
8420 8624
8591 9284
1169 2550
418 3181
728 3916
5858 6849
4125 7926
2636 9739
2296 4577
8757 9585
1567 4201
4101 5482
9447 9558
1588 2180
8510 9878
6686 7067
8872 8943
4460 4942
2095 4610
4845 9843
2967 3351
3116 4231
3168 3592
9414 9934
5154 9487
2673 3065
5052 5678
49 9828
3985 5535
8967 9220
4281 4877
926 1114
5546 8954
2428 2950
3980 4814
8964 9809
6986 7114
8991 9964
4360 7401
5821 7930
7313 8142
9129 9470
1049 8720
7463 9133
4008 6898
5372 9350
344 1117
4608 6561
2155 3472
6992 7333
6666 9465
3433 4783
2157 6283
9466 9966
5494 9969
7700 8443
1915 3775
328 8021
7352 7939
7241 9674
7412 8959
6957 9087
4445 5388
5664 8123
2185 2847
3457 3921
2946 6651
1530 9040
6315 6455
316 352
9036 9196
2488 3766
5081 7791
2101 2216
9559 9860
8058 9306
7038 8196
318 4488
3736 8324
9248 9707
6021 6872
1184 7429
7441 8941
4796 8285
6749 9530
8946 8998
6048 7988
8799 9449
4456 6783
8040 9580
3923 4911
5177 6000
6663 8618
56 5890
9116 9812
9020 9410
7392 9376
5155 5492
9821 9941
9360 9535
2903 9243
4485 5814
2280 8284
9340 9911
5829 7050
8214 9028
4108 4632
3415 9135
4549 8849
4592 7056
3411 3787
504 971
9753 9840
1389 9296
6948 7156
1830 2215
4575 7212
5642 6067
2311 5294
4859 8293
7565 9943
4325 9831
7859 9031
6454 9218
39 5232
965 5116
3229 9702
1781 7384
784 3548
4647 9948
3114 9072
4611 7535
1162 1222
5474 7927
4531 7385
9601 9882
9741 9834
4377 4652
3045 7336
2048 9349
4002 5621
8271 8419
5298 6708
372 6385
2990 4830
8458 9066
7204 7800
2327 8504
8656 9816
5832 9615
3542 7993
9404 9813
2184 3716
2082 7610
6024 8771
2145 2427
6381 8646
3364 7228
2925 3896
1680 9761
1962 3933
9712 9930
5807 9409
2310 5398
6213 6512
670 2182
9977 9979
1333 3465
2985 4836
1721 8611
3012 6985
3298 6583
3333 7407
5389 5810
8731 9544
7097 9327
3455 8576
4723 8993
2684 3893
9710 9775
4284 8554
4782 8627
5440 7902
2983 9808
6699 7837
1510 8833
2174 3867
5431 9838
808 6250
994 4857
1126 7307
5180 9718
3288 6635
4416 7905
12 6990
7714 8455
1445 3308
3437 4257
1177 9774
301 4887
8265 9740
225 4923
3255 5628
7731 9693
6752 7712
5129 8315
9329 9368
5800 6035
8570 9548
1428 2407
8308 9223
991
2977 1708
3237 787
2281 1096
8289 8253
8706 5432
2572 1131
2756 35
3523 2867
7129 6586
3005 1209
3148 2242
5179 594
2386 1633
6559 55
5216 997
5699 5495
5879 4565
7198 1642
6939 2936
9669 1662
4931 3079
609 569
2927 467
2915 2463
6153 2414
7224 1522
2618 1643
8852 6777
5290 2239
6540 815
36 6
3534 2721
4620 1821
6883 663
9603 4269
4738 491
7890 1482
2321 1241
6379 3470
5723 1467
5893 2422
8029 1943
3990 1836
1574 265
2366 886
5725 2079
1407 8
3508 2679
6280 1097
1561 948
232 214
9226 595
816 195
4772 4143
5417 1067
4641 1714
6184 2748
2951 2453
4346 541
9476 1748
1322 1080
9612 5714
5314 3605
2648 1148
200 145
1652 420
1312 921
8233 1855
2219 1252
1883 619
9675 2196
9803 2250
1294 805
3808 349
769 747
5646 5072
757 331
1255 1000
8864 6412
170 80
5747 2787
6068 1873
7841 7821
2692 1381
1092 919
2316 907
7959 6851
5093 199
1779 1215
4507 4139
1841 588
4828 2805
5928 2892
3810 3223
7053 1489
7590 7089
2998 1583
6199 5167
750 224
9769 5088
9496 159
8194 843
6196 4255
6181 2384
3423 1206
3494 1030
5192 2200
5343 2524
9046 6534
8898 7303
6600 5238
3027 1528
4229 653
7616 3261
1548 638
6202 1835
7761 2852
2102 118
1277 520
9018 2197
8809 2036
4470 1543
817 24
8310 5860
7617 652
2794 581
3446 456
1226 142
8057 7846
8053 6858
2767 1095
4673 4648
7955 2130
6323 4479
233 91
3556 673
8382 7770
2385 1003
3368 439
4226 3673
4495 522
4945 191
4200 1718
6833 5336
7758 5147
6012 5191
2037 488
2851 1073
9800 5490
9815 7929
8537 3947
6907 3234
6392 1742
3396 1019
2819 2395
1351 403
4811 953
771 612
756 359
3819 1365
9290 2062
5680 4750
9444 8432
9434 3983
5803 4339
4381 2128
5248 3940
5411 4621
9150 517
121 60
3355 1792
181 28
599 409
7515 2220
4234 3451
1014 575
4484 3952
5648 3547
9745 6198
2889 2735
9358 3935
9972 6515
582 572
4918 4505
9166 4690
8564 8515
7526 99
5717 3309
1013 90
5335 1443
6506 4052
6970 6670
9552 3138
7117 4321
1887 458
2640 1840
4928 3196
2114 454
3086 153
4164 949
3820 226
3781 1767
8604 2156
1646 993
4190 360
7478 1999
5239 1866
1785 739
4066 1506
8877 255
7979 7295
2248 822
7036 3700
4299 3199
1038 900
9029 5226
4387 2672
3210 2324
748 602
4819 2660
5877 5425
885 277
246 220
661 132
7812 5149
6517 682
9531 5913
1614 789
6614 3448
4559 1221
8254 6712
7418 587
1854 1299
6836 2397
1722 441
9312 7179
4682 314
6931 1446
6518 4794
8986 3440
9458 5547
4731 4338
7737 340
941 30
342 78
8713 3277
1190 184
623 152
4131 2830
9819 1737
3227 2443
4882 4596
2638 621
8850 3603
1387 1051
1502 320
1244 1135
2829 1964
2278 2006
6548 3464
7073 3297
9480 5984
8530 4952
1479 597
9473 4846
2578 263
1504 123
8226 7163
6611 3956
8192 1981
3043 2018
2746 1288
2780 1973
6608 785
3727 2217
4271 3246
5670 2712
7276 1930
4228 2532
5106 3628
2080 268
7210 5815
6217 2365
4042 1592
6533 1088
4145 2232
2942 1157
4542 2318
2472 126
2676 445
3770 992
6467 5880
8412 7697
3258 1152
5542 4752
6612 3829
1795 884
7898 4986
1456 982
5342 1717
7417 3332
2409 453
5098 2495
7094 6004
7562 3497
7994 4833
3906 1864
479 82
8805 4849
7760 2087
2497 855
1518 913
9910 6470
4075 388
9731 7956
5627 3610
6369 5761
8900 5831
1814 468
3165 416
6620 2313
5022 1619
6779 3563
6502 1036
3777 3207
4212 2737
3325 2415
8862 6097
211 87
3123 1621
8652 3569
1218 820
7777 4461
8672 110
6690 1503
9975 5983
7354 2637
8700 675
1640 574
702 629
64 48
8337 7070
7259 5897
4016 1087
5268 290
3535 3018
2262 2016
5974 5348
946 279
7125 2243
563 59
8696 167
5270 5178
3514 1656
9859 2563
3589 550
3825 2895
2254 392
5900 656
8923 6725
6875 1028
6384 1161
1749 1406
6322 5321
175 85
6396 5923
8584 512
3729 2659
3040 1591
2351 238
950 869
6573 1436
9584 4548
7992 1728
8655 1556
9525 3382
9047 5212
626 578
7742 5764
1364 1345
3443 2383
839 205
1910 1670
5548 4885
1260 422
4218 614
8297 1492
2859 1046
9643 3622
6413 5211
5690 1258
4815 1249
7785 6530
5906 5460
4089 3449
4138 1377
2045 2
9937 7406
1208 120
6376 5188
2091 681
6113 5758
285 144
20 7
989 607
4787 1837
8489 4916
2978 2952
6433 2964
3762 2898
2836 1081
7556 5122
1845 944
3458 3098
8686 8366
5189 3669
4736 4178
4983 165
8894 4323
8807 5302
2576 1077
8952 3363
7494 3995
5912 4315
8661 5701
8698 2987
5566 1810
1121 1016
1939 61
8360 7374
9785 2046
9343 516
9888 6881
3575 1061
465 129
6044 4871
347 186
3518 2476
330 150
326 244
7893 4520
1608 973
959 413
2350 1775
6419 3521
6796 2274
738 256
5481 1844
1942 925
7793 5445
8647 3444
3362 2850
9462 3026
1228 147
3357 237
7082 4545
3110 1980
8665 7971
8508 6605
287 96
3571 3459
540 269
7640 4473
4265 2181
5962 400
5338 737
2958 1273
3503 2924
1511 1210
3832 857
4636 459
8222 811
9818 5428
2806 2624
1789 1160
3953 1623
3402 2498
6742 1248
7059 5741
2743 1750
2905 31
6736 3962
5781 2193
261 194
9316 3752
9703 7818
7181 7143
4286 1338
5125 179
6020 5014
9749 5838
6551 437
9232 9032
2042 1429
1946 1849
1950 1085
8803 5713
8138 2078
8392 3697
4966 1669
3709 888
4014 2367
5846 4154
3346 1189
2596 1920
4205 4160
7822 1898
7151 3055
5003 4248
1743 1666
2150 1009
5997 478
690 270
7804 7493
2906 2201
6348 792
9096 23
2191 528
62 16
9510 252
1371 721
9491 6333
9291 329
1668 802
8228 4808
5261 4662
6873 6689
1645 455
8782 3864
4090 1753
2523 624
5001 3544
8294 6868
7225 3064
7267 9
7175 1755
6204 260
5316 1043
833 538
5016 3559
5619 2861
6466 180
5827 3623
9507 4667
6400 3395
9050 8890
4602 2186
6313 2726
7786 546
7879 6286
5999 2811
8758 4695
9180 3903
2972 1996
4049 2189
5666 4413
6336 5512
7081 4766
2786 685
4547 2757
958 837
1568 601
2602 289
9750 9364
6234 6052
9822 10
4554 3042
8410 5328
9893 4703
2353 593
283 57
6625 4530
4801 2777
9010 1569
4663 1638
8839 5057
634 29
5869 1771
482 307
5565 1192
7747 830
2700 245
8127 6324
6082 3166
9242 6949
5508 3568
3954 966
9962 6378
7824 1834
1283 1197
8841 4432
8101 5010
5400 229
4487 1812
5140 341
1472 696
8908 7363
280 216
3749 3404
2177 2126
3841 2801
4867 3499
8612 6787
8135 6845
7741 4832
6568 2317
6932 5121
8985 2008
1286 641
9778 339
8918 2131
267 104
2332 1764
5289 763
353 343
6771 6744
9595 163
9927 6828
826 74
6504 3224
3907 2021
336 47
6037 4003
1679 887
4044 3687
3771 3665
427 122
4844 1639
4891 3474
6327 4291
7529 1820
7542 3996
3696 1477
4521 3350
3963 3851
7677 2019
951 929
9616 8863
2237 176
4411 3370
7314 5023
8524 6294
3564 862
6111 3025
2406 664
6236 4182
9432 3806
2148 2122
3794 2206
7773 7292
6865 6105
4115 3251
8179 6778
324 215
9984 4875
2874 1346
1723 1579
8454 7264
1555 1296
8156 4099
6979 4242
5588 3500
2603 1251
2548 1998
6212 1426
6707 3583
1681 1553
9000 671
6268 5453
912 746
4388 2685
7255 462
7549 6567
4418 1725
4935 4863
8893 1612
4910 70
2732 1563
2099 1521
9326 942
4187 3507
5669 3120
6248 3469
3538 381
6270 1790
140 137
8299 2931
2347 1953
9644 2989
2183 1246
7305 1799
7490 5830
1001 134
1065 264
2919 2832
5749 4637
8804 6034
3056 844
1602 1507
2199 1494
3125 1886
1060 157
1604 1158
9125 5614
2833 2142
2295 377
5033 2592
2687 2143
405 231
9141 7966
8168 6976
408 22
9309 6059
236 222
3152 335
4223 3109
2107 1017
4588 872
5533 1625
8078 5074
9564 6310
9250 3075
6705 4245
5681 3579
1594 995
5112 4914
2460 1398
7766 1156
9777 5933
2701 668
1233 841
5461 3201
2908 2071
5160 4129
2209 608
6274 275
5530 2226
9175 8067
3649 1132
3377 898
3850 297
1366 977
5182 4133
6459 6133
6227 5685
6162 44
5502 2024
9992 920
7532 2793
3217 799
1893 1151
7751 2247
4650 1466
1584 1386
3361 1452
8429 4604
2418 1861
8675 6321
4194 667
4676 3594
8995 5352
1607 1144
154 71
4749 1276
7021 2389
5608 2423
5902 4476
6897 697
6189 3476
5806 3981
7347 1357
5513 4532
4395 3466
6960 6439
9902 4262
1957 585
548 374
4203 1298
824 724
5881 647
4848 4824
3913 313
2841 2588
3812 2778
5351 65
6479 3772
2333 743
5569 2005
3693 2683
2421 818
1791 646
2355 1245
6491 1311
9006 6039
8435 7790
5590 2678
3193 1326
476 42
8331 1257
7118 5540
6209 3160
761 531
1650 98
561 503
1484 506
2901 669
6390 77
5273 114
718 203
2050 584
1578 125
9202 4779
7279 2011
3159 3029
9728 852
5688 3093
7952 6285
5329 5041
2061 1710
1941 262
9568 4800
2555 783
2795 472
5246 2614
4725 3354
9772 7678
9012 4568
5439 1247
9475 821
2136 827
2208 1858
6345 3671
552 173
2759 2425
4981 691
9257 138
9868 3796
7130 1730
8268 2784
871 573
8555 3681
4838 2161
8527 7006
9320 4294
2411 1538
1874 86
7408 3388
4979 2117
5977 796
6312 6207
9504 2299
4769 1329
9021 7792
8300 6166
3873 2619
2541 803
662 537
8017 532
6552 2000
9519 5813
8444 1787
8769 1388
7460 598
3095 1015
9555 4135
5993 4768
9687 7652
4415 4290
6636 4490
9922 8935
5505 4104
5035 2459
3105 954
8453 4332
8879 5169
499 376
2953 2556
7024 4729
4906 428
6758 6607
4329 2098
6471 13
9313 2938
3365 386
7317 1488
556 414
9587 2630
9524 4890
7476 7337
1990 894
5989 1378
9158 654
6624 3211
1071 842
1740 903
8197 185
9357 3680
8956 3975
8577 7787
8699 1648
1967 18
8344 7721
7202 311
5083 3710
8347 7917
4017 765
5310 2891
5982 5039
3107 2306
8471 2252
1265 1113
8593 5369
6903 5434
1508 1269
4028 2818
2376 1139
9169 5953
7975 689
379 127
8607 4277
6124 4272
1220 616
9967 1138
4274 1926
4221 2468
4316 555
1958 1827
9729 7302
2282 188
6027 1597
2559 1107
650 113
5383 937
1149 1004
3151 187
8227 4364
4777 3882
7140 4478
4656 4301
8073 7086
7207 5734
4080 560
2785 2026
7196 5235
9505 4472
9987 8902
3532 956
3198 2536
8036 7928
6171 1214
7609 2519
3920 1667
431 88
4462 2933
2628 1159
4965 3869
1916 1261
9370 7985
6138 306
3632 3240
1340 212
1752 302
5911 3169
6944 3702
964 935
1590 1392
2699 1780
8212 1110
3001 2167
6488 5657
7570 5522
5873 2023
34 5
1824 568
4031 896
7539 3019
9204 3745
9485 5420
8543 2222
4247 2377
5416 4958
3839 658
7263 5371
1751 867
9889 1053
9073 5698
8486 7099
4261 3586
777 640
7014 5560
791 483
