884
5934 7651
9589 9683
2737 4341
9329 9763
2723 5729
2500 4999
1974 9183
5268 6983
9817 9819
6939 9726
2608 7491
6345 7752
7126 8331
7895 8982
2557 6350
9800 9870
7922 8185
4034 9663
9680 9754
4900 8933
1239 2453
9512 9741
1620 3934
2740 7482
8478 8575
6969 7038
8258 9709
7620 8414
9095 9233
2690 2838
4208 7187
1953 5197
7901 9415
3293 4890
3553 9476
9658 9867
4638 8368
1148 9267
2429 5588
4662 4818
8374 9134
6555 9993
9661 9793
1017 6433
7173 7738
5068 9751
6943 7722
9145 9388
2231 8758
9831 9980
6822 7978
8984 9716
5615 9074
4442 5224
5631 7182
4493 9898
4184 5732
4938 6498
1944 3557
3538 7172
8666 9003
127 3647
3202 5620
988 8438
4716 5780
7205 8815
8772 9942
7428 9461
2056 4418
3504 9009
2137 5183
3776 6825
1261 3684
1235 9960
1793 5982
2903 3290
2058 8284
6807 8358
2642 8237
7863 9660
1174 6697
1402 4704
7335 9890
3864 8396
9156 9955
7841 8561
6271 7817
4342 7338
904 6426
8028 9012
6154 7514
3403 5819
9469 9713
6705 7835
5716 7543
9210 9950
1991 9780
4556 8779
656 5894
3630 8813
5325 7034
5718 8977
1418 1458
2205 3576
1105 4330
1052 1779
5296 5685
9048 9737
4269 6602
3401 9484
626 2223
7260 7740
1180 3787
9524 9659
2035 8107
8088 9087
1540 4384
1624 7349
5084 6639
8784 8884
6159 8929
7264 9152
5247 9405
2595 2811
9163 9366
2612 5725
7770 8006
9948 9952
1922 2819
7489 7941
332 5508
791 1932
1304 3226
2411 4164
1165 5830
4692 7983
6043 7305
8644 8951
11 8166
1613 3276
8012 8366
9975 9997
1170 2366
7304 8660
859 5844
3279 5175
2345 4325
9596 9785
47 593
1382 7707
621 7074
8776 9846
1833 6949
5806 8810
6791 9651
6844 7089
9029 9935
6710 8078
5877 9926
837 7050
9767 9900
125 608
3434 6079
1341 6296
6041 6502
5576 7656
8957 9832
4337 8766
5609 7815
1744 3454
3146 3335
3564 5300
4530 7202
1834 7170
1862 9624
3068 9200
8523 9342
9901 9971
3970 4859
8573 9779
5474 6934
1901 6979
4240 8439
3387 4708
2332 4578
2232 5551
1722 4558
5484 9102
7663 7668
3783 6231
6051 8430
2322 3205
843 2381
4998 7422
739 6241
7954 9474
1263 1429
8897 9333
1691 4183
8651 8655
6239 6545
7662 9807
1635 7241
9822 9892
6148 7896
9260 9569
541 2333
3141 4312
5826 7628
1966 9331
4028 9441
3608 7432
7887 9419
4293 7127
1081 4256
1558 9073
4834 6562
5846 7004
4290 4575
3104 9135
5700 7045
4215 4398
4794 9513
9739 9859
947 5537
5030 6320
4409 7761
1601 6660
7238 9595
1450 7865
3805 7785
1481 2527
6736 8882
3883 6226
6743 9192
489 2663
511 1726
6468 9759
5178 8786
468 8133
9370 9678
6333 8442
1584 8011
7402 9255
3793 6139
326 1230
3215 7047
9777 9794
5536 8761
3082 4865
3994 4457
975 9274
8750 9428
1285 8288
7764 9816
2889 6563
1251 9296
9909 9947
6509 7447
8266 8458
1748 5152
8421 9270
9889 9929
7334 8574
2237 8795
1258 5533
4511 9230
6906 8424
2495 2842
3370 5783
9488 9687
5062 8327
7151 9982
8855 9497
539 1062
3899 5278
3406 5369
8701 9743
5633 7230
6421 6488
9395 9848
1642 9223
7399 9014
7098 9607
7373 9044
2186 5066
8819 9368
2351 3054
6951 9382
6541 8969
7371 9541
6464 7705
288 4144
3817 6860
6365 8763
2710 7999
8460 8605
6273 6429
8618 9055
5518 8304
2671 5244
3408 5579
228 6469
5389 5702
3654 5586
771 2943
5158 8155
6249 9131
5857 7190
375 8501
3188 7857
6276 7033
3477 7455
3155 9665
8829 8979
1846 5647
4359 6260
8993 9424
8634 9034
4842 8949
878 1992
7685 8593
171 7556
5301 5953
9125 9823
8104 8337
5215 5571
1349 4808
6523 9782
7718 9564
6072 9666
8994 9738
5760 7985
3116 7824
582 2455
3633 5307
219 9927
5999 7693
3220 8915
146 6323
9583 9600
2361 8975
385 4455
1736 7919
9485 9976
6256 7953
1491 1622
5513 6538
3161 3847
8967 8990
2391 5353
890 1187
7965 9340
6737 7346
8642 8747
1990 5367
1468 7767
2918 3769
3677 4076
6039 9376
5906 7014
4089 8722
3012 3294
9346 9526
2153 9459
741 7298
522 8480
6000 8341
4925 5402
5858 7716
4037 6017
7162 8665
2948 7376
725 5214
1591 9961
8273 9796
4813 5735
9318 9387
8713 8946
7354 8671
1320 5612
4963 8473
9646 9702
5864 7957
3001 5198
4496 7774
6434 9618
8673 8894
5444 7035
4650 5749
3861 8053
3537 7066
7963 8583
5435 6905
2057 2098
60 2931
5235 5422
2403 4161
9648 9905
5643 6243
497 4642
2827 7147
7294 9611
2573 3134
1727 1739
4242 7885
2125 5230
9374 9744
3980 9991
7076 8052
6208 9325
5433 6329
2054 2445
9493 9554
3491 6925
2463 4421
554 2577
121 2638
2587 4945
2845 8812
9085 9289
6449 9920
7708 9187
8848 9043
2935 7108
9455 9604
4582 7437
7096 9686
5020 9440
3365 9124
8285 9099
9018 9951
1728 9357
8924 9518
1064 9968
5065 8563
140 6944
6463 7737
2371 3606
8131 8367
2348 4671
1410 5529
6670 9673
3508 4011
6386 9882
9503 9748
307 3703
994 1769
5489 7245
9013 9290
8013 8412
2421 8468
2027 8030
435 830
5318 7598
4114 4832
8739 9516
1593 2718
5994 8128
8539 9672
2613 9932
4902 8180
6823 8119
7118 9504
2790 5951
5466 9572
1106 3781
1666 6495
9259 9742
52 2072
493 6042
7429 8282
290 9537
8980 9128
5526 9337
5482 7782
8162 9457
854 2786
3121 4815
2685 8821
2657 5414
8360 9466
7877 8899
5174 8585
5561 5756
4379 7457
4674 5801
786 2460
2263 3028
7946 9482
4914 5779
9657 9671
457 8081
9172 9301
6730 8567
6254 6338
6097 7566
7866 8730
7252 8364
2610 6274
6248 8373
5468 6775
5023 5165
6427 6780
898 6297
9397 9676
5558 8609
3956 9300
9423 9994
6802 8731
8496 9839
242 824
3488 5105
6859 8067
8794 9871
9287 9496
4070 9532
7383 8638
6145 7909
8189 8858
4097 8519
4498 4777
3592 9427
5421 6837
8355 8717
6191 7225
7830 9079
5592 6958
5698 6190
2156 7906
5434 9486
794 5470
8102 8229
3836 5146
9547 9922
4744 5177
6623 9924
5212 5343
8716 9305
4125 5888
1225 9238
433 7360
4490 4880
2282 3839
6272 8153
9071 9450
3597 5754
9367 9874
8378 9089
6257 7330
6785 7603
1364 9292
1280 2830
705 3385
1576 3754
4681 9983
807 3317
937 4587
1837 9394
9025 9307
372 8705
4371 5815
838 3797
3173 9058
8926 9249
9017 9575
9953 9970
1737 8111
1959 4186
3211 8568
6339 8970
6166 6877
7505 9430
3957 6422
6912 7527
3013 5143
9154 9790
7198 8434
3423 4577
6765 9110
3697 9082
885 1434
6465 7473
1637 3798
6955 7186
4013 8359
3078 6446
9579 9764
5791 8072
5022 6224
6263 6418
5397 6137
7271 9294
6387 6462
4800 4953
3971 5107
7406 9984
6936 9299
6971 8328
7212 7610
287 1044
6703 7243
5828 6450
2875 4974
2152 3265
7655 8676
3106 3381
4905 5583
3445 8056
5331 9069
8406 9885
351 410
4140 9609
174 6748
2173 2863
4105 8641
5651 5768
5530 9324
8253 9413
3441 7336
7937 8385
3414 4513
6355 7799
5886 8746
896 8864
1394 4873
5060 8342
6549 6691
8626 8770
4667 6327
1204 9943
1098 2342
3900 5110
3944 8708
2914 6494
8696 9821
6796 8063
183 7177
8932 9824
996 4678
4643 7626
4433 8420
638 7090
6922 9598
4247 8376
7699 9531
728 7148
3295 6150
1134 2255
4093 4856
6394 8329
2949 8801
5195 5603
8688 9946
2558 9421
8422 8818
956 3114
8596 9084
3145 7116
9404 9628
4079 4830
4315 8886
8031 9335
1286 2988
4600 9588
441 8454
8033 9338
4526 7673
9090 9410
8465 9483
2729 8145
1548 6169
3250 6629
8690 8920
4264 8853
6253 9664
3396 6482
4078 8283
3063 4397
5532 8697
2777 6158
5597 7101
7746 9020
5520 8352
4111 8099
3151 7299
2594 9197
9171 9614
6125 7928
7702 8723
1250 8074
9433 9475
1000 1996
3093 8474
4347 4535
1661 1849
3651 6193
2524 4760
3011 3234
218 5822
6942 7171
9446 9979
4677 4702
1213 8830
4173 6624
7227 7279
2024 5010
4627 7825
2554 6385
6897 8890
3965 4500
1955 8883
3341 8738
7166 9083
9978 9999
8762 9899
6142 9888
2860 7982
5920 8307
5556 7525
6280 9056
1714 1885
1029 4888
1006 2910
2515 8196
4936 7019
407 2769
5617 8101
551 3889
3051 9880
9964 9990
3065 6409
3428 3871
5057 7464
7838 9834
5188 5560
559 7498
5581 8093
2851 7794
4767 7453
2243 8050
4459 7077
1171 3891
8856 9733
4237 6171
4801 6348
8842 9369
3030 4088
7601 7921
3197 5648
5403 8451
6076 8526
8499 9286
5661 9262
6287 9491
7199 7602
5387 8004
2019 9384
7821 9694
319 4280
9704 9912
314 4534
8601 8935
6864 7472
9876 9986
9235 9412
5811 7216
1612 6525
3892 5967
970 3742
2211 7414
9570 9776
1413 6975
8308 8768
8661 9108
3426 9237
2010 2686
3221 3689
5731 7027
7544 9506
1306 6835
4091 7908
4912 6636
1870 9306
255 2396
4440 8615
7256 8619
1359 8213
1795 2200
6723 8274
4502 5324
1182 5180
7923 9753
6005 7561
8097 9499
5383 6667
6589 6772
5771 7876
2354 6078
9862 9866
5436 7215
4522 6587
676 2162
4723 6415
6777 9436
4928 6674
412 1711
991 9398
2017 8108
8546 9781
2008 4764
1656 9956
9036 9263
9231 9444
1415 6441
8685 9103
3571 8956
4057 6291
6841 8194
4404 7944
7158 7358
9021 9198
1361 7848
3076 4410
6058 8242
7056 8793
7814 8168
7747 9918
7523 8719
1192 3539
3675 6204
9202 9670
3354 3548
788 4375
1561 3389
2261 6302
4141 8040
4488 9363
10 759
686 9962
5 7121
6073 7085
8400 8467
827 2408
4721 7820
1229 6110
2476 3450
128 8071
4827 5311
9204 9563
7167 9577
2530 8098
6803 7926
4950 7995
1087 4414
7095 7156
1592 6812
7401 9250
5666 6804
2843 5662
542 4536
4550 4583
9732 9758
9408 9549
1502 2307
8893 9437
5239 8674
1749 7809
8134 9023
5944 9222
5895 6225
846 3418
8278 8534
5179 8504
3814 9332
3422 7072
6414 6652
1782 2167
6430 8140
3932 6701
6648 9851
8735 9323
9218 9907
1097 7700
354
7972 5027
4203 1397
9719 5585
6522 1627
9097 6631
9027 8432
5221 1572
8625 4451
2758 1099
1934 199
7365 3463
142 17
8916 2063
4654 3201
1652 316
5479 1628
2936 853
7741 2246
2190 852
9322 5396
1649 246
5312 97
8664 5428
9688 8169
6209 745
1816 697
7521 6907
1456 671
4885 1478
7435 1575
2269 1217
1340 597
9798 4850
4210 3858
9552 232
5406 1040
5451 4313
5727 3240
8555 2877
2605 2149
4395 57
9120 7325
1445 533
3611 2652
5889 738
8191 5285
7140 3190
823 477
880 204
8491 1016
214 93
8279 7632
9086 3545
8210 32
3032 1669
3479 806
7804 2217
6063 5755
3764 3522
3809 201
1329 1184
4796 2230
348 7
4170 440
1617 333
517 206
5641 713
1734 1657
8293 8184
4512 41
5673 5563
4052 2628
8021 209
6001 4672
5063 1761
8312 6506
1589 977
2567 1449
4048 2617
7971 5170
1534 208
2103 1521
3031 760
9303 3207
4159 2012
6937 2047
7979 1293
3057 2634
9981 1147
3732 2133
9592 9431
3424 2142
4593 3713
6230 5865
4263 1919
733 46
1912 637
9271 5073
9540 5544
4176 1294
5761 2262
1408 1378
2683 1712
4458 2426
247 85
7412 2277
7169 5905
3021 2849
5363 1421
7775 4579
3534 2334
7478 6070
4218 1602
8807 2916
2233 1644
9194 4601
1398 585
7539 829
252 115
2220 844
8790 5125
1823 111
3191 2938
3923 289
3598 2014
6676 203
3075 1287
3648 483
1984 674
7396 3581
8017 5136
5910 4528
8197 6399
4296 2913
914 875
2032 389
3541 833
7683 5097
397 149
5774 4224
9401 649
730 354
5758 4539
1195 1073
8569 5232
5130 139
4973 2407
3757 1345
2607 1131
9293 5411
2478 1008
9373 7458
6720 1970
4682 2700
4051 3877
7968 7255
3991 3922
1732 65
3996 2568
6820 5086
4867 2296
1938 1690
761 408
4483 2235
3319 2924
8205 3309
5979 1042
9169 8132
4541 3481
1133 529
3779 2836
5882 4782
2088 1500
4824 886
9080 1384
3705 1906
6278 4784
926 580
4557 2878
2742 795
3238 2529
9149 6407
763 217
5851 4288
9246 5000
6237 5141
601 6
4629 860
7470 2868
1276 564
1007 963
8018 7104
1826 817
1920 1011
122 55
5772 3310
8844 4083
5958 2492
3100 2990
4241 2985
1654 8
9853 200
5516 270
2917 305
2517 231
8156 103
6711 909
6258 707
7040 4195
1389 1365
8481 4566
2069 1825
3721 238
6199 4869
7551 1543
9414 4466
1027 565
6178 4544
1474 1178
3513 1022
7397 4228
8698 8463
7454 2703
3714 2968
7343 7079
943 40
2580 1191
7078 2583
694 311
9784 6198
3088 2198
6927 1715
2066 1608
2708 627
4908 3920
6700 5740
8703 3736
4585 1702
9923 6363
8344 6973
2696 1600
1233 659
1651 302
4340 161
3700 856
4553 2083
6176 5182
7585 155
5064 1818
4969 4248
7468 3509
6531 2285
4618 1583
496 235
310 158
6781 4282
8416 4926
693 144
8624 7903
5067 1909
1757 299
6034 3159
8741 8103
3613 2783
7274 2649
6694 6480
9654 6507
2992 572
5242 237
9302 7191
9844 6251
3743 1717
5706 1079
12 2
8485 3672
648 399
106 91
8582 1126
3222 2822
7042 5115
8881 3629
7477 4067
380 165
67 42
7827 6035
301 28
798 136
8157 6625
1969 1604
7637 4314
8069 6255
1032 145
2754 445
3360 2977
9548 1117
8851 3535
9772 1713
6976 321
7416 3347
5048 3800
2738 339
1645 1330
6496 1137
4749 2496
6087 4131
207 53
4604 2360
9471 7008
8429 2715
2616 175
5776 3098
7932 5642
1220 1125
9863 2661
2140 549
7282 1010
8511 8041
7557 4487
8976 1689
4126 919
3097 1372
2727 304
6857 33
1074 581
9500 4611
3532 3064
7364 3998
4989 4836
9523 5151
5665 948
4437 485
3405 821
6892 1606
9778 6664
8733 967
3248 2993
5159 56
275 64
5034 3080
7884 1342
1911 1433
3909 633
4887 1501
6740 1058
6665 1070
7137 7048
9038 6561
6842 6376
7082 1556
5873 3565
6115 349
5654 5204
2197 598
8325 108
