283
6167 9670
7598 9311
9693 9709
457 1128
4116 6306
157 1450
9578 9859
5660 7882
7460 9791
4607 7397
4141 4339
7822 9290
6640 9678
3359 5028
5319 7580
3352 6216
3344 8293
3512 5898
5642 9376
8600 8735
3746 8399
6586 9542
9837 9951
380 2326
1162 8345
5052 9421
4997 5495
9106 9364
8179 8206
869 4040
3251 3477
9214 9360
8708 9298
6410 9769
1208 5181
8267 8614
7884 9563
9954 9976
4616 7553
7663 9707
8373 9428
4817 9412
6510 8754
4021 5189
8387 8976
4960 7059
1087 1936
5810 8452
2201 6726
8020 8040
212 3073
8732 9945
6623 9900
3037 4554
627 4654
7271 8832
1144 7018
5037 5846
6803 9885
7134 9890
5184 5561
5807 7056
4063 5680
6794 9345
7492 8906
2164 2738
5698 6139
863 3729
9494 9599
2473 4234
5199 6977
6350 7810
8807 9481
1304 2398
6009 8480
1620 2836
5708 7801
1981 9740
7173 8620
6707 9584
1100 7362
3926 6089
550 765
8585 8606
6778 8947
6638 7583
115 7465
7424 8920
378 4730
2442 8026
2659 5940
4220 6744
2523 6528
1136 9927
8902 9032
283 2681
2152 5141
6322 8779
6459 6804
267 8949
6321 6587
5582 7722
6324 8421
6966 9958
7897 9803
6038 8881
8079 8723
2619 3497
306 9817
376 9708
3097 5746
9448 9531
8631 8772
6356 9932
4733 5142
3160 3516
4707 7125
1751 6171
9210 9354
6536 9990
4895 6886
4179 8479
7519 9222
7251 7723
6981 8082
820 9304
6559 9987
3187 6782
3141 5348
3953 7279
7827 8883
1250 9977
570 7991
6932 7079
9188 9744
8940 8972
843 5066
7021 7712
3287 4195
9186 9771
5135 9293
8845 9711
4019 9093
6132 6681
4471 4541
685 8094
7270 9812
1913 4119
5032 7393
970 5384
8935 9284
9509 9549
296 7050
7504 8124
7154 9776
9652 9856
3843 8762
878 9349
3967 8570
7195 9570
1042 9730
2410 4134
2228 9243
119 7278
19 8501
4085 7983
1469 3616
6516 7471
4666 6825
8038 8338
603 2567
5188 7337
644 2002
1519 9295
3122 8166
9831 9887
8138 9196
5001 5799
7516 8834
7883 9310
1151 9851
310 6671
5252 9488
3079 9557
6909 7227
3061 9399
9863 9961
2286 5826
8641 9743
2766 3197
8894 9617
9988 9995
930 6408
6163 8098
2713 8388
849 1143
7610 7997
3800 9280
1699 5679
6554 9021
3879 6128
1828 4769
6593 9883
5054 6526
8468 8649
559 3963
6447 9200
7793 8969
146 4506
7146 7779
4283 8653
5494 6684
2813 4826
2862 9470
6740 7562
5264 7727
7994 9975
8959 9150
4469 4726
8058 9528
244 8811
4351 5093
3816 7751
2763 9517
3199 9886
3296 5656
6029 8443
2814 8691
9007 9086
7390 9250
5739 6185
2964 9019
6107 8862
8552 9271
9659 9847
4596 8971
5203 5771
4387 4720
8155 8408
3691 5055
6737 7385
8149 8893
7838 9779
7498 9113
3661 6696
5136 9401
9197 9426
9967 9969
1679 9291
6193 8579
666 6198
5749 9233
8879 8944
3166 8839
4068 8162
5218 8625
120 8997
8169 8864
6738 7267
8086 8440
4716 4801
6697 9939
1787 8994
2583 5173
1528 3679
6289 8426
6420 7455
9042 9838
2385 7382
6288 6955
6225 6777
4042 4861
6975 9788
4659 7319
4289 5574
7276 7831
3929 7015
3948 6798
9342 9739
2265 8068
3155 9341
5363 5860
3854 5079
567
4982 4517
9705 5633
9496 3054
5016 2218
2496 1791
9906 6639
8400 6566
6746 4648
2068 243
2299 1738
1189 69
3219 1082
7221 1451
2798 1323
3582 925
1965 572
90 27
6875 6686
9980 9908
2515 1545
3275 1359
3229 81
8134 5285
9472 1288
1710 1007
6081 5593
5874 226
4389 3319
3437 3333
8064 4093
7578 3623
8716 6013
1808 1226
4312 2034
4932 4049
5867 2209
2261 159
7780 395
9902 3697
5791 927
5819 477
3085 1820
9245 3600
6105 1885
7535 7096
7192 425
150 66
2518 2090
6706 5532
7792 5981
3218 58
1811 622
8987 8847
7744 2913
6320 2761
3867 2153
4647 1725
4074 3716
7020 1985
7394 140
8738 6000
7787 6532
1453 1376
6098 3310
7987 7506
5145 490
5442 5281
2983 2784
1273 921
8272 389
6906 770
300 202
2006 324
5409 4416
6543 1983
6492 3182
4835 3345
9347 6660
4744 3306
3279 1324
4891 2329
3165 2781
7564 1433
9092 2747
4504 561
4599 1389
1816 861
2643 1727
8541 5845
9117 7731
5465 1515
496 421
3356 690
4921 2871
7951 3482
1300 1026
6146 5083
4739 1456
712 4
121 23
9556 6267
7235 5277
1181 840
8526 2432
6456 4041
9926 7053
5509 506
7507 1963
2773 601
3541 216
9121 1118
3232 1407
8669 219
4702 3260
1609 175
6724 4885
4214 1667
6849 866
1598 257
2032 641
1334 536
2731 987
7985 5516
569 363
7579 6110
3117 1851
1945 412
7919 1205
8062 7307
3711 3278
531 341
8273 4975
1777 1053
1218 281
7539 7534
7294 4149
5762 5514
5415 3895
6159 2238
9266 1861
3121 2740
6545 4919
8956 2647
5000 4923
410 152
4538 3367
8224 478
1709 1031
4348 3664
6982 6939
5335 2839
7280 5186
459 375
4614 2017
553 138
5412 3773
6047 5990
1954 1638
7178 2732
2537 450
8963 3928
3326 872
671 526
2360 1248
303 192
2450 517
6621 1459
687 440
9657 1268
7532 2434
7253 1644
2982 2510
6040 3757
1338 1095
6336 5
618 279
2840 1982
4743 3595
3698 1565
5393 5346
3825 423
3997 3236
7697 521
5681 4790
5030 429
2221 1559
7109 3728
8586 5187
807 439
3701 766
5727 4405
64 28
3785 1931
3225 3158
1855 123
1862 1232
7592 5587
6891 566
312 167
2375 643
3203 3126
7006 2297
315 266
4821 3168
5577 3347
599 329
82 26
1475 1201
2561 1905
4443 2977
4612 2753
6517 5701
7412 5323
265 194
3893 221
6087 5878
9857 2047
9289 3985
2909 1774
9255 6662
5998 1362
3660 790
6668 3579
2858 1075
4172 4067
2319 199
5039 1225
1846 1388
3666 3364
474 107
6507 2512
2271 441
5938 5620
6583 5043
904 186
7197 1198
5712 4268
5024 1447
2371 1585
3770 1529
6831 3400
4859 3471
1309 223
3634 2352
8492 934
5999 271
9839 8610
2620 2441
1165 693
6588 4125
2180 913
4842 1948
9034 5411
7568 3527
5761 5342
2181 284
1555 1552
6910 1722
1455 1088
1255 694
2875 2204
9080 1564
4401 2694
5619 3887
3744 1659
920 896
408 9
6980 6102
7341 4396
2631 1269
4945 4867
7419 551
6742 174
1502 1022
9049 5226
4636 2852
1371 1369
2593 1993
4884 1566
5401 428
4257 1773
969 945
8911 6400
817 201
6558 670
3827 3540
8563 7749
848 624
1514 18
1147 236
8759 2570
2708 1214
4308 715
3890 1091
2109 1067
6248 5591
2925 1398
6523 2655
2075 718
5559 4605
2350 1211
222 204
8240 67
8931 8621
8961 313
6316 1691
2610 2105
662 250
7383 2186
2411 711
5290 4760
8254 307
5541 1158
4942 1185
6121 436
8938 6103
1509 695
1760 1381
2533 2227
847 636
1204 1037
5672 1130
9112 8568
5865 122
9661 9490
669 343
4046 1212
7628 4350
9328 5002
6509 4256
6303 357
2454 749
8219 2287
4549 3875
2156 2077
2900 1650
5061 1786
8775 2696
3109 1520
1287 446
6212 4317
7208 5581
560 239
2987 2403
631 361
7661 555
2205 590
2550 1654
3648 3274
2448 2268
8790 2745
4229 1159
2412 974
748 129
9884 7266
9313 6066
2414 1506
8278 7114
4231 2313
8933 801
1294 1139
5972 1458
9881 1661
3902 1952
4036 1427
6529 6409
2199 808
9629 1472
2148 319
1510 424
8827 6153
4740 1694
2552 935
5520 207
4453 853
6925 4420
1903 1285
2413 1297
8690 3680
3989 2373
5269 2176
1401 342
169 83
9372 3615
6504 4442
5658 505
328 292
1040 831
4410 2777
674 164
8347 2933
144 92
1730 108
1685 1624
16 12
9437 7066
2495 2306
722 407
9562 6046
7922 249
6616 2393
2112 1587
1483 719
7332 1893
4408 1575
7364 6064
778 137
7982 2711
6454 3336
7594 6680
787 170
7508 3737
5693 4273
7627 1190
8726 8351
8093 2437
4833 2382
4365 1015
5594 3450
942 660
9565 7953
7529 4780
189 102
5009 162
1854 1339
988 63
1837 568
6446 688
9054 2114
2897 1020
1649 542
3466 1058
772 607
3445 163
6017 5947
193 93
4573 2193
6553 5740
7612 5798
7573 4248
5194 543
7626 4222
7770 2173
2179 171
5356 3713
7788 958
4132 2331
8751 1574
5921 3210
9631 968
4804 3642
1712 91
2957 2676
2122 1089
4784 696
2861 200
5331 1170
2868 2485
5822 4421
3834 2800
1703 1258
4454 340
7550 5586
5772 494
9012 4084
5535 1421
1134 708
7309 3505
775 648
3605 1687
4429 3370
8930 7693
9487 5747
5236 2588
9101 5979
1915 706
8401 5492
7979 1416
8814 6845
8858 7820
1163 1064
433 141
8076 1222
2041 105
4764 3943
8037 5126
3071 2022
4108 3857
9454 959
1386 256
335 70
1003 143
6892 3787
3884 14
1415 823
1669 723
4346 1814
573 36
4878 2012
6836 4291
2590 1688
390 68
4463 4286
5018 1057
4574 2845
5501 1636
3931 1018
1353 1150
4610 1426
8236 3174
7290 467
3941 3726
2532 2232
8671 3410
6893 2184
6282 884
6108 1454
1937 769
3889 2056
1523 876
6249 106
1513 832
1996 476
6424 3176
4017 3901
4169 691
3909 2548
7655 1430
8310 1038
4941 4529
1228 246
8504 1235
6941 6417
8470 3821
5717 859
8939 2163
796 188
7012 4657
880 400
7777 5239
4954 29
4332 3657
2072 533
6269 1245
2445 1066
527 177
6520 3140
2774 1493
5023 966
4241 3044
206 13
8838 7464
2658 1904
2914 2117
6776 2849
6401 1635
5114 4677
4191 777
1316 881
1149 709
2394 1239
4371 323
7041 6109
3619 2531
6422 3331
3461 1361
5954 5565
