124
4128 4696
8615 8661
1201 5766
8208 9471
8680 9154
4223 9508
1140 8454
4780 8001
2483 2979
8441 9178
7921 9085
9743 9871
4516 9120
5216 8848
5497 9773
924 3183
4932 9217
2041 3634
5373 8629
7474 7862
6578 9913
6370 9791
5633 6416
2725 3695
5681 8718
3654 7377
8119 9122
2808 9563
9864 9968
852 6079
9137 9835
7315 8659
8772 9027
9567 9757
2456 4574
8918 9510
3352 5729
8705 9117
9798 9907
4300 9310
3529 6933
7424 9003
2561 3990
1977 2030
4364 8882
1628 9241
6185 9063
8833 9677
4782 6176
8978 9735
465 2435
9596 9822
9014 9187
6992 8594
9072 9287
7626 8276
965 2139
8394 8550
8057 8091
597 4081
3859 5302
6505 8983
5139 7429
6333 8144
4985 8412
1059 7349
7364 8576
7578 9040
1620 9198
7139 8746
2610 7475
2083 3432
4655 7935
4763 8242
1532 5910
4 6732
4852 7469
7602 8835
1155 3738
4749 7391
3933 5127
1718 2678
5593 7532
9838 9997
3745 9972
213 636
8032 8648
4664 4731
2657 7495
2391 9603
9523 9742
7963 8457
4673 8785
9957 9999
8690 8934
9124 9148
8508 8544
953 5538
1612 3192
4488 4706
4321 7006
6284 7456
3142 6920
7233 9052
98 3662
2696 3453
9167 9666
1825 4203
1998 9019
3726 8798
5206 9555
6818 7529
3827 4863
9285 9628
2851 6077
6725 9402
8168 9060
5158 6319
5931 5970
519 5273
9624 9648
8279 9255
6142 7154
9726 9986
847
1330 269
2277 844
9815 9021
3178 531
8005 5235
7657 696
1603 1081
9483 7725
4821 334
9434 1489
5317 3163
1994 1891
695 244
9807 6305
2916 1539
6451 6260
4961 628
5215 3907
2222 553
5800 2146
4019 1770
8970 5195
4966 1229
8008 7140
2547 925
1280 716
3028 1095
2667 842
4178 3520
5144 3779
3975 2031
9139 3884
8888 5248
2962 939
8740 2119
901 835
8908 72
2370 1502
3713 1781
2405 147
5567 2221
2922 2625
8429 5900
2923 2028
6662 1429
6712 988
7755 3924
3666 2579
861 385
2257 1767
2167 65
1663 757
8998 7980
8685 7507
2745 1251
4746 4596
6877 4826
3335 2652
8154 1863
5923 3147
4249 3667
2570 1399
6303 1805
6335 5422
6769 1725
2051 1595
9504 4497
2091 1244
3371 2116
9094 3046
6922 1510
5612 1835
1674 472
1843 79
947 741
4854 4037
5219 555
6033 3807
2988 729
4043 1015
6423 481
9961 5506
7577 1551
6871 2089
6623 69
1895 1176
1420 583
332 78
6827 2260
9347 1278
2247 674
2943 1921
436 149
5571 2308
319 318
3945 613
7573 5010
9651 963
5823 5531
6488 4879
2786 885
1574 1227
7555 1103
6174 3817
7413 1453
2698 239
8425 3390
9911 2126
4930 167
1382 1196
4357 1148
6462 3517
8182 3811
4288 2524
6143 3931
8324 3841
9317 4279
1693 1072
8514 4493
8389 6715
9739 6890
4053 162
8203 1151
7710 1431
3820 543
5541 2532
9963 3486
8564 3771
7698 6006
3157 1966
6348 1173
6789 2687
6217 205
8588 3939
2632 2431
5270 460
6489 3651
8906 7851
9450 1310
1535 428
5409 4573
8843 4356
494 32
6735 4208
1401 455
1832 1099
4114 1432
409 328
344 265
3040 2924
2879 2302
7486 5022
1793 1675
4431 1594
8194 4342
4700 538
9157 551
4630 4611
6208 6097
8141 1757
3408 1391
4466 2396
640 200
4119 565
6140 4898
9692 384
126 93
6828 2865
8214 6210
7125 2026
972 303
2023 341
448 90
9256 3967
8585 4737
8361 146
7396 408
9248 563
3594 1842
630 549
9889 3209
3994 2633
7443 1888
1634 1526
1343 1292
9631 7395
9459 7261
7214 4276
9038 2591
3503 826
4196 1724
9462 4419
7975 7225
7666 1518
9524 9100
152 87
4385 2822
1783 1600
1384 498
4035 2857
5588 1215
3754 3030
166 44
3001 931
22 13
6036 4801
391 109
974 521
5753 2855
811 447
5457 3058
4255 1203
4241 1982
2747 2482
7011 4425
4177 1223
4471 2932
6189 311
2852 2036
52 1
9437 2375
3685 2397
2928 1002
7472 3944
4185 432
1063 1016
817 300
6665 4060
7894 3060
6644 5366
4912 1023
8520 802
4055 2085
5115 2453
1840 125
8221 2542
7346 1782
9551 1681
2423 204
8063 5606
3705 1654
7831 6686
6047 1920
8839 8478
6826 5029
9044 4744
5016 4445
3635 2925
962 193
7209 7086
9569 5406
4059 1918
871 501
8776 8112
3767 2743
8760 6546
4757 2595
1228 638
7252 2549
999 917
3002 1575
4808 4248
3081 314
5392 4277
302 169
3063 2218
3915 552
5492 830
4347 3010
1118 1108
544 424
7187 5680
4895 728
9284 8828
4075 402
6518 253
9412 7668
8347 7268
7784 4791
1045 783
2536 1421
1303 1088
6552 6145
9077 8019
3709 9
8353 4331
7708 3384
1328 809
7530 3004
6392 5754
2311 589
2086 1775
8886 8546
9721 2266
4771 2614
1543 59
4741 273
4503 738
6112 1404
5668 3800
9348 7879
7773 2163
1308 189
4479 2850
3727 3644
2641 1084
4395 1160
920 3
3629 155
9808 3396
3229 1638
8179 6017
3417 26
6299 3237
8649 8046
7718 556
2518 1822
1610 208
4091 3772
5405 2777
2654 1554
1919 160
8745 2359
5275 3849
3516 1164
423 180
6688 3952
4663 2519
9400 7365
3585 540
5986 2793
1584 1109
2285 6
2275 973
4637 894
4132 2228
5558 2618
7001 3965
9710 9378
3949 1856
5713 3728
7501 899
5129 2487
2552 1270
3466 2604
7359 2491
4463 1565
3999 3998
9163 864
8007 4257
229 219
1772 1519
7200 4415
4653 327
6389 940
5380 100
3278 1534
2125 1096
8814 304
6353 1119
7419 2389
1058 537
3204 2219
703 624
3358 2303
5003 1873
3776 1296
6825 4226
9836 3442
7445 4561
596 292
2538 2327
6700 5573
2602 1677
1939 736
1218 437
8013 6367
9591 8217
5664 598
1375 470
8938 8688
1962 299
6453 3751
5333 3310
9663 8551
1821 1476
9073 6866
1249 38
5779 2837
4546 2193
2194 400
515 413
6898 3761
2835 24
7418 2240
1627 957
4640 1474
1995 799
1838 1121
8617 2890
9753 1903
566 259
9119 4709
6283 2862
2246 1169
4169 2759
7439 1933
3618 1413
8191 5072
449 105
4683 3108
1187 133
7752 1795
8380 2485
4207 1658
6576 1245
4175 3977
5556 3008
4004 2784
7385 3416
6330 1056
2402 1659
6195 2341
2977 1981
6531 1122
6228 3240
8131 2762
8426 8123
3239 2510
2340 2238
9419 5745
8596 6306
4565 1170
8159 3762
8286 4011
8864 590
393 61
8809 4675
5857 4722
5858 5351
4139 3854
8982 2205
6242 2006
8911 2096
9406 8349
6799 2557
9604 9531
1417 1352
794 694
1079 872
7183 5834
7478 486
9184 7481
8687 5014
9078 1378
9186 6842
7965 4599
2711 605
119 80
8460 2378
2063 518
9534 6722
3661 895
9082 2013
5885 3003
9389 18
9851 9356
3505 3386
9260 3741
450 310
405 42
5982 2296
956 753
6850 3318
7984 7098
4448 1739
3256 1916
1678 980
8555 5410
5350 2755
7783 1495
8151 3477
6102 2987
7624 4607
9795 2474
2127 629
4944 1816
4535 3749
5468 1133
157 112
6592 3985
8364 654
1346 49
3091 1763
6448 3076
4657 3688
1555 1008
6841 4192
252 227
2355 210
1051 1012
5316 5002
1967 1553
2160 1505
3281 1668
2799 1158
711 199
5909 1332
2422 1179
3845 1042
2099 1894
3304 285
1997 1576
4681 2149
8251 6835
9396 6438
4498 2952
1168 983
4976 25
2333 203
3302 297
4464 4354
9390 1806
4742 4095
5237 3402
9070 8672
4953 2715
8945 2068
410 222
8129 3233
3095 1361
600 201
9128 421
2815 337
4491 1125
8188 3715
2803 2412
8087 3892
7514 6760
2721 1360
7592 5700
6183 4566
6495 1341
6801 4458
7848 3921
5647 5382
4905 4568
4377 805
7566 3992
1737 777
7161 6003
3908 2730
1877 1197
4005 1198
2539 1541
2778 473
1380 848
2707 187
3274 1116
8944 6461
9432 8303
1455 903
8729 240
4282 3865
5192 717
1853 1388
12 5
5688 1705
3134 2294
2926 981
4046 1976
9890 9629
8696 7999
3582 1422
9568 5899
1268 557
6009 1315
5945 4069
8350 6232
1679 1572
4862 2419
9213 3280
8692 7218
9792 4351
7440 918
9506 500
2609 2075
5149 2018
2984 2186
3563 921
4748 829
6553 245
1996 1377
5256 1064
5685 2663
7253 5913
6173 3487
6053 5367
6577 2912
732 326
7328 6834
9113 4172
7122 569
1459 586
9470 9090
3249 1670
3710 3433
1652 547
2972 2876
5875 4275
2306 1710
3844 232
4338 3207
359 274
9512 7748
8100 6655
9230 4206
9290 5032
5341 922
6104 3649
5130 3272
6444 4456
5654 5027
567 233
4894 2795
3770 2049
7283 550
1298 616
3114 2514
2115 1503
4008 2586
3173 1979
8625 1098
2442 595
6167 4524
2226 1925
3918 763
2081 1927
9938 8963
2927 2617
9118 2955
5425 2820
9367 5710
3956 1057
1143 415
3902 994
5971 2546
6694 6583
1596 1333
2719 1242
5311 376
772 378
5549 5533
3288 2716
751 21
443 27
2279 770
4153 735
3177 246
6001 5148
4515 3935
4441 1774
9977 1950
7393 1055
5178 3595
1537 1347
3934 459
4847 2650
8703 264
7423 6446
6563 2646
9706 7138
1692 1618
403 177
8184 4200
4228 2255
3470 1493
4339 323
262 8
9566 4569
8403 3200
6258 3676
2489 1540
7563 3168
902 267
7853 395
8731 2251
9036 5544
2895 2684
115 114
1371 1061
1414 14
645 471
7924 1069
1963 1309
7145 4942
5917 1904
1018 247
8230 6638
8578 248
7632 7518
5907 5131
3355 3083
2430 504
2893 2292
9503 4090
1970 571
7535 6881
8201 4993
8976 1833
5716 1235
1141 420
4998 237
2361 1671
1550 722
2871 1557
4222 2619
8198 7897
4649 1712
9877 3009
8098 1106
6927 4324
2496 930
4136 2779
4420 992
7775 7051
4547 1558
6460 3241
2527 1433
5348 4299
951 336
1252 623
9489 6386
1212 41
6160 2825
4933 4269
8099 4087
9580 3267
2411 2038
730 340
5998 1626
8379 5166
3938 1030
7203 1233
9238 7678
2092 452
9505 3216
163 130
7494 2739
709 178
3671 2770
4785 1766
5669 1881
2416 2237
2911 1019
9177 7791
4925 652
6972 1880
9919 7422
7177 3812
8665 7908
4721 604
7153 6632
692 440
2908 1469
7023 2748
3494 3326
823 672
8655 6618
8552 1005
2454 1686
1913 317
6961 1879
7537 7206
8427 2982
2626 2445
7166 2015
5387 524
914 860
5239 1787
6239 4048
8751 7119
1573 276
1762 1682
5435 5266
9761 6987
8507 4911
5773 1149
9588 7680
4263 2596
7850 2801
9001 5727
4584 2365
5527 744
7094 3005
6777 3014
8524 3270
5813 1685
9431 4332
3747 3273
667 453
7182 3580
937 883
3181 30
8220 5236
7061 6207
1321 124
8387 174
4689 3220
5249 3774
3337 2813
3031 2823
6539 5628
2307 1912
6492 3159
2154 1875
8853 5687
6947 5697
2992 666
6325 3973
9149 7521
7345 3347
5948 3488
935 793
1893 991
5102 4766
444 110
2249 1480
8132 1219
7185 1124
2304 1714
2348 1644
4155 2056
9274 7471
6084 5509
8367 3042
5403 2440
5086 1017
2828 1472
961 868
2080 865
1356 1062
9464 1113
5440 1965
5512 2587
2479 1387
7467 5048
