118
7539 8142
1448 9943
7003 8796
7580 9919
8610 9936
8961 9509
1180 9473
6929 8618
1916 6828
444 6422
2895 5013
7759 9892
9354 9476
763 3737
9617 9676
8016 8553
6553 8218
3867 6561
6165 8547
1855 4738
6138 6474
5121 6499
2912 9525
4769 5615
3669 4137
3807 8337
2390 2645
9595 9688
4040 5380
3897 7290
6108 7466
410 7985
3201 3234
3222 4092
6589 8391
5977 8521
5604 8465
8396 8441
6162 6441
1435 7544
571 4764
1249 1799
4086 5806
5085 6618
8455 9788
5292 7431
4434 9732
4659 9469
3822 9142
9853 9916
5019 6316
2956 3905
433 7389
6711 7132
7810 9860
4793 5016
9875 9975
4495 4921
4872 7654
3404 4673
4693 7128
1584 5396
2084 3467
9313 9550
6205 6249
241 7688
3837 3945
7101 9160
162 2030
4620 5295
5261 5447
8889 9145
6060 7605
3235 4710
964 4424
9976 9987
3834 7162
5915 7957
475 9275
3853 9358
8395 9696
6908 7137
5505 9276
889 8733
242 454
7396 8026
2448 6652
988 5683
1042 5165
9217 9752
9718 9791
961 1313
7994 8810
5045 6085
760 2611
32 6663
8918 9081
59 2593
7356 7538
963 2830
4032 6680
9343 9588
1620 8690
8067 9627
9335 9530
897 5605
3189 9771
9119 9450
4206 6198
5682 9870
9524 9830
4813 8517
6740 7462
4906 5579
7700 8607
1458 9466
50 6959
5467 7245
694
9578 3848
9150 8294
3034 743
8933 7401
2931 2193
5178 2088
3146 1084
6656 1348
2496 2002
7832 6698
6930 6620
8117 277
279 258
7179 2748
562 403
6344 5670
8042 4187
6855 3963
842 283
4557 3409
9229 7376
6100 3137
4384 2980
4770 220
648 573
4634 601
3874 3421
8681 5011
4465 2545
1909 1247
5113 836
7992 7480
1969 1372
6502 5658
8145 2837
5494 1883
2297 265
5564 1888
3452 1362
8741 2810
3451 3411
6400 3240
9754 880
7119 5445
1566 930
1561 767
4277 1841
6210 2607
5072 3126
1985 219
4239 2783
8981 5175
3357 290
2595 893
4539 169
6063 6052
2989 1902
6671 425
919 184
2986 1662
9025 6846
2434 1728
1261 1081
2035 835
9488 8341
5409 1036
6151 3826
6434 5543
7737 3013
3259 672
2487 1693
7825 3929
6845 3965
6014 1972
3951 1389
2836 318
7311 5026
3182 2335
8777 3678
9378 2874
4728 109
8496 5565
9988 9725
732 544
9831 2668
6728 5055
6160 2589
9589 4212
4316 997
7498 560
1593 1447
8151 5368
8894 1572
7387 4971
699 263
6941 6506
2490 1614
5187 4369
1102 625
7782 439
9016 5462
77 10
1941 505
8408 5575
7221 5485
1308 578
2000 1438
9705 5287
5716 566
5081 2903
4386 642
8602 7750
4715 272
7600 2575
3093 2968
4988 3309
1473 531
9814 7604
2851 2231
9804 8030
5862 274
6884 1564
4817 4177
7067 180
9246 6815
8303 640
2067 1272
4537 1611
8017 3954
8435 6207
7144 1101
9357 1608
8256 3642
408 65
7226 6646
7482 5779
7751 3284
4152 3873
9195 3032
1789 301
3508 2218
8089 5408
8951 2853
9873 6112
6120 521
6082 2573
2620 559
1199 190
7698 787
5676 1725
6459 1679
2343 929
1387 362
9999 4600
2431 917
8689 3175
1831 934
7164 6263
5204 924
7522 3171
714 174
2725 1680
8534 2148
3245 2298
36 35
4849 806
1436 88
6247 5220
8498 8015
8646 2384
717 470
3981 3569
2971 2098
7456 6723
2271 460
770 653
1776 268
4048 1035
5070 2539
6038 2242
6141 4162
975 928
5689 4533
5871 3475
6993 2066
6437 870
1016 950
4912 1771
3933 3721
4071 2852
9672 5033
7554 3002
830 125
3390 350
1829 695
238 40
1050 418
9253 1905
6015 413
2981 1190
5990 2082
5446 2588
6679 5346
7360 1980
4990 4625
9409 1056
7658 3219
3555 1237
352 264
1723 1345
7177 887
7625 6411
5053 4091
1793 143
6493 5853
9601 1819
7770 4322
243 51
6039 388
7174 4503
8349 2080
101 70
5522 693
2087 633
7375 5353
5675 911
8831 7509
4496 958
4124 2305
6407 5142
4147 2577
7838 6576
5802 5495
5773 1329
7463 4275
5978 3847
7259 6439
3750 1808
94 62
4414 1495
6831 5474
3067 2379
1136 142
1601 1484
8362 1970
5251 5180
431 113
3910 2407
613 561
8108 4114
2601 2574
329 306
4219 1121
4689 991
4518 3554
1867 451
7374 3324
8259 3229
7198 1798
8241 3144
8003 4731
9622 2129
3928 2508
8931 6251
4786 1913
7117 4068
3251 1933
5742 891
1957 123
3941 3753
5870 1182
8273 764
9855 5552
2482 1342
7066 3153
5645 858
7755 663
9415 5919
6689 234
3639 401
7851 5422
6454 346
2478 2178
1546 1417
6791 342
8671 7351
8783 4763
7176 1858
5303 252
361 115
744 82
9590 2524
6021 3183
140 132
2547 2284
2383 1627
5226 3483
2311 813
5456 2732
3129 1873
8093 5748
9903 6143
1109 280
2972 2864
2166 1929
5753 5207
4064 4030
322 276
3700 3108
8672 989
8906 5954
6004 3915
7511 762
9715 3128
7437 1324
8554 2102
3942 2600
6102 4893
2050 671
4444 851
2671 2503
1762 1547
4587 2559
9735 3196
4995 1656
8087 4561
1814 163
7823 599
8974 1677
5976 1745
713 17
7885 4828
1887 913
1132 411
222 194
9662 822
7269 1788
1337 962
4755 4427
7223 6608
4104 58
3469 2458
5929 473
662 538
117 6
959 251
16 2
2334 1971
4881 2388
3363 731
81 27
8100 3635
614 325
8542 3534
8029 340
2898 124
7423 1528
7829 4997
4347 1579
122 34
696 49
2447 2124
7690 3714
3574 2273
7153 4135
4950 2480
7940 6333
1635 1490
7414 415
3448 2649
7721 2826
8162 3036
4848 3072
2894 2172
3859 729
3443 600
6013 4696
2177 1934
3843 2560
6501 3325
3734 2873
2278 1250
1129 655
3149 879
3516 3077
3477 2286
7639 5172
3811 389
6712 5760
6541 4090
2157 753
2076 1130
831 669
6345 2239
2861 2678
4829 4464
1252 856
8664 7685
5738 29
2850 2697
626 356
1186 367
2132 435
7273 728
477 432
5233 2010
9242 3445
2052 589
3438 2162
6635 3430
9646 2793
9334 7590
606 442
390 73
1335 800
9443 8637
2905 779
7393 324
2629 725
8771 1780
6086 2268
9592 5768
574 267
557 107
1796 397
1875 910
5890 2815
3248 2411
6778 5644
2283 1262
6918 5885
9507 998
5512 854
218 200
8188 5841
6269 3896
6802 2133
740 165
5284 3026
9877 8257
337 71
3231 2188
4621 2346
4372 1551
3292 3228
3583 2471
7722 3886
6562 529
4976 4655
4796 1958
4246 3651
6064 5594
2348 2078
357 228
3920 3739
8485 3960
8908 674
2715 345
8647 5708
8820 5905
2838 1703
1871 136
617 68
3725 2258
2398 381
4515 3547
4313 1325
2706 57
5602 968
9911 1394
9114 8191
481 237
7334 6540
2704 1582
8006 1953
3587 2260
3620 3054
8955 2753
519 245
1286 1149
8240 5311
5993 641
4028 3968
1241 945
9904 8262
4298 3213
8276 1926
3805 2934
4421 2557
3200 1992
6110 3656
4034 3618
9781 2217
6630 3148
5874 5669
7924 6577
9261 668
3080 1959
6507 1993
9659 2700
990 331
1327 449
464 462
8078 343
3380 2651
6017 1416
5595 440
1775 419
3502 1051
7886 3556
6467 1968
7433 6812
9598 3124
6487 1731
4711 4156
7974 6730
1954 551
3608 2953
4488 1901
5338 2083
1833 902
4317 3435
249 148
4207 4044
47 33
8873 5800
5066 730
7078 5237
1792 1466
7916 6686
1411 175
8484 2893
6574 6310
901 45
1382 91
7895 6603
9857 8651
3650 497
3270 1420
9453 2469
7816 6083
3549 1010
8609 398
7663 3528
9104 7306
2604 541
1754 605
4852 2752
4889 2869
8358 6621
9165 4182
335 15
7728 5771
4357 4127
4377 1200
3428 28
6653 6033
1755 1107
6916 2317
4897 2422
5988 5601
9596 8062
9612 7937
8222 4687
7243 4660
615 540
1220 966
6181 5684
118 11
6678 2016
9664 7309
8556 2504
6483 3391
5628 262
6235 2141
1488 216
8954 1005
8588 7430
9834 5627
6497 93
8050 152
8806 4122
9529 8781
4549 3417
3675 3215
2951 355
9288 5826
4632 1028
7622 1669
1835 1644
2183 2147
8384 2004
2270 466
9339 1643
9199 2229
6612 982
4011 2001
4994 2043
9006 3247
7200 4375
3937 3596
3892 3037
2755 1563
2256 412
7906 5209
2819 654
2978 979
1670 539
1206 844
9785 3606
7571 2189
9439 5043
534 424
5928 4238
3958 580
308 197
157 141
8858 4862
3983 2807
7237 1741
7454 1321
8882 2034
7416 3127
3190 1836
6166 2064
8397 5973
3814 2073
7581 1092
5224 2889
4821 441
8621 102
7871 1881
7173 3798
8512 46
8514 1853
6218 3098
6943 5063
1243 239
9380 2824
4802 3362
8763 960
1494 1445
6095 986
9695 6465
5617 1619
6022 711
9125 8405
1306 873
8920 8528
4960 3301
4582 4525
846 592
8092 2823
9699 4234
8456 7215
5234 3543
7364 1043
9171 7787
5258 1344
5320 4519
2565 1275
4794 3462
7025 518
3385 156
5637 3074
8253 4931
9418 5942
1120 604
7464 5864
8944 2140
9859 3045
4358 3594
8798 4908
4628 1341
5626 3331
5109 575
2195 995
8254 5652
6731 5061
6968 1239
6662 2212
8802 506
4274 3935
4312 2186
1573 1020
4015 3258
2664 198
4882 888
7271 6255
79 56
7157 6188
5794 4977
181 134
1430 749
