672
928 6252
8213 8517
6059 8336
6644 8608
6745 8342
8532 9976
6542 6617
7361 7573
559 7467
8211 8320
997 7623
9578 9697
7091 7584
1291 2165
4197 8180
7972 8307
9033 9705
1416 9514
7592 9537
7407 9210
1935 4145
367 959
3388 5685
6319 7823
6174 9975
5035 9121
3828 7512
3871 6510
6478 7946
1258 9658
2980 5555
4843 7949
3779 6221
9085 9826
8919 9342
1755 5114
5486 9407
8685 9585
5843 8620
2335 9094
2765 9841
7337 9337
1128 3907
9004 9463
3880 5429
6703 8372
1680 6033
2256 4329
51 2211
5683 7612
2203 2600
1835 9023
7616 9824
5388 8901
6285 8240
2461 4199
9815 9877
4583 8621
6244 6823
9334 9362
8697 9236
8751 8966
8281 9347
1904 7522
1736 8134
6828 9785
316 6338
7826 9249
6243 8411
7097 9295
2683 5439
6761 9922
1787 7035
988 3154
128 6966
489 2695
6206 7229
8747 9772
1330 4778
70 7200
7435 9907
2583 6871
8351 8717
3554 6045
1436 8787
7343 8868
4825 7635
5953 8233
1782 3535
1552 6213
5161 9823
8262 9959
907 9670
9433 9547
7314 7931
3145 9589
9398 9886
1031 9936
3409 4086
6883 6937
7945 9217
3498 4139
9832 9906
9625 9727
6350 6757
8971 9978
3018 5730
1245 3580
8990 8998
5453 9466
7795 9448
1708 2107
4849 8753
8239 8888
2532 7378
8458 8817
7755 9957
6297 8838
1052 4816
4701 6948
2180 9068
7497 8501
7152 8653
8493 9725
1652 7483
6034 7136
3930 9352
5138 9428
9006 9240
3661 7293
3315 3343
6787 6806
3743 6186
9987 9998
4749 6323
7967 8074
3934 9768
2638 4316
3763 4037
9921 9999
8199 8510
46 2234
4713 8242
77 6590
3301 7011
9159 9582
8656 9308
1978 4427
2699 6852
9091 9690
8553 8994
5836 8667
2408 8594
7760 8160
3733 5483
7189 7656
2808 6546
4646 7394
4723 6893
3872 8033
6405 7061
9614 9699
5033 5788
778 1908
2118 4939
4350 8762
3646 7756
2541 9057
3104 6425
8618 9163
4674 4786
3477 7800
3263 6083
4669 9660
7806 9795
6041 6801
7380 8179
2423 9710
256 8137
5445 8789
2621 9562
3602 8445
6423 8793
7852 8322
8020 9193
4891 5575
1993 5789
8383 9170
7737 8712
5145 7556
9850 9958
434 4827
5688 7572
3066 6807
6743 8377
9716 9966
7336 7718
4401 5740
2321 3677
6898 7470
1241 6148
9441 9618
267 2677
2521 7653
8230 9895
2350 8776
1304 4742
6527 7876
3689 8903
3159 5596
8584 9593
5577 6427
4750 4931
3045 8577
1909 5285
8145 8991
3197 4711
8405 9373
6826 7131
9604 9869
391 4680
4475 9360
3904 5637
7725 8814
4612 8345
7458 9677
3313 4228
4920 7050
341 409
652 7330
6169 6623
7812 9647
9476 9680
3271 7109
4391 9840
4122 4358
3624 6245
7215 8097
7154 8092
2780 6645
4008 7195
7165 9819
2642 7309
7459 7596
5918 7065
2489 8699
3816 7793
6974 8175
9519 9996
8947 9563
2065 2330
8399 9939
2870 7770
7003 7453
8679 9431
1397 9456
2055 2210
1478 3448
9323 9679
9143 9440
8393 9949
4396 8136
4336 7913
9750 9930
4807 6466
8207 9261
8043 9608
7013 9700
4353 6320
7842 8983
9539 9634
7450 9273
8105 9567
1516 8731
5063 7910
2885 6797
1630 7310
610 8381
5387 6555
8341 9747
2913 6275
5923 7437
8487 9628
1456 4990
4494 4895
7574 9778
3817 7791
9055 9638
5371 7259
6018 7618
9364 9857
8428 8437
4414 5561
8470 9742
6436 7341
7983 8476
7441 9267
7098 7624
2087 7897
8623 9389
6240 9197
641 7964
9599 9735
1590 2448
6481 9011
5370 9047
7822 9247
4533 6327
3364 9264
9833 9913
5782 7164
3470 5859
1055 6879
982 7216
319 9635
9661 9956
7315 7567
5434 9937
1801 4179
8436 9000
5509 6288
3744 4285
2000 2504
7993 8647
3068 8989
2459 3395
4719 6277
4443 9243
3037 3894
3139 3613
6909 8280
2587 4883
7549 7721
5600 7022
1509 4861
5514 9250
2775 9752
8362 8733
162 2602
71 433
5021 9576
9870 9944
6991 8795
2062 9890
5990 7690
9188 9339
3605 5965
5047 7899
5199 7121
7508 8748
3599 4341
2250 9570
8730 8907
4593 7464
2680 5993
2154 8019
6651 7687
9789 9852
8044 8258
5784 7749
3041 6346
405 1022
6424 9003
7469 8605
9708 9881
4804 5940
8064 9099
3351 8841
4755 7115
6557 7934
4998 6166
2869 7059
346 6680
683 4860
8384 8702
178 1017
7446 9168
9107 9985
3987 4599
5172 7988
4365 7536
381 6286
3176 8353
6167 7708
2971 4209
6548 7636
8860 9248
8475 9780
2035 7395
7025 7172
7641 8305
7094 7866
1693 9597
2051 7532
2410 9861
6817 9935
301 6961
3060 8879
2344 5718
6055 9348
9532 9622
8857 8961
5364 7810
7196 9588
6678 8174
2879 6798
4856 6145
1781 3985
7180 8566
8984 9160
4822 9335
7901 8741
9501 9928
2939 3427
6750 7177
8600 9873
1567 8288
8779 9529
7632 8684
68 899
5753 6341
8089 8484
2960 8548
5933 6717
3412 6419
6604 8586
1501 4232
9961 9965
5673 8049
992 7054
6910 7978
65 8407
1118 9712
6933 7898
804 9860
2101 2890
6482 9234
580 8356
12 3338
7651 8358
1228 2865
5676 6136
8707 8944
4287 9738
98 961
4893 8601
2137 8704
7434 8114
7271 7892
5182 7358
3091 4632
4685 6191
6884 7388
1312 9134
9115 9312
7044 9395
290 9310
1361 4244
4949 8701
6474 7305
333 4894
1759 5901
1796 8622
8758 9340
4346 9573
8144 8948
9413 9488
1475 1959
1396 7307
9152 9546
955 4943
4070 4418
6497 6995
5508 5792
6322 7527
1829 8122
4167 4383
8509 9069
8705 9633
4259 9182
4562 6552
6250 6602
8757 9186
8302 8960
8497 9673
5474 6811
6733 8591
3282 3664
7839 8807
9457 9624
8093 9416
5977 6092
5048 5468
5046 9875
2968 9353
3588 3825
4060 8113
9142 9450
9800 9822
3 2882
7241 7534
2214 6188
5636 6846
5529 7509
4738 8039
2503 5250
4241 5883
8209 9383
757 8840
5737 6576
4905 7989
464 762
9714 9728
2713 3192
5185 6094
3475 5192
6024 8720
5144 9272
4959 6837
2392 3793
2917 5533
80 8853
2989 4882
5029 8856
2546 6710
9498 9524
9776 9926
3413 6372
3657 6099
9915 9941
1569 7775
7707 8156
7723 9019
2693 7254
5622 6891
2484 9447
2159 6182
5796 7787
379 9584
7546 7634
6366 6452
669 4741
2143 7958
6698 7206
940 2507
4984 6569
9401 9872
3196 5704
3383 5036
5214 8465
8886 9761
615 5829
4793 9191
4932 8494
5274 6249
3607 4734
9419 9521
4809 9938
7626 7688
4003 8095
700 7974
9114 9741
3902 4000
9341 9669
9414 9846
3454 4868
3361 4625
916 3565
2158 3868
446 6669
5776 8326
3116 4320
8964 9436
8988 9506
3092 4693
7129 9719
832 2555
864 5851
284 8899
1726 4558
9838 9839
9425 9894
324 6762
7794 8086
9756 9770
1199 2669
4729 7214
5463 5896
8847 9207
480 1263
738 6337
9022 9370
8212 9231
7511 9309
6851 9149
300 403
5603 7284
6594 7495
9818 9992
4204 4710
4292 6302
7929 8366
7738 9026
3925 5101
3834 6670
2193 7896
2150 3950
2327 8417
8124 9749
9256 9729
5572 9130
165 609
9169 9682
1149 8270
5410 8459
2300 6970
8987 9461
2024 6841
2720 8882
2424 7194
5644 6945
7720 9325
8556 9627
5732 8192
7841 9575
8508 9147
5014 9911
6565 7201
4618 9452
4004 6209
9265 9637
2263 6515
196 4638
8695 9061
1729 6547
2207 5846
1514 7373
8143 9209
9897 9916
9643 9810
7799 9089
2866 6693
1332 2678
8536 9594
6310 7830
7245 9620
9748 9769
6304 6445
4115 7968
2918 4473
5969 6307
4999 9526
604 3048
8166 9481
63 4297
4936 5634
8073 9942
2644 7184
9371 9405
130 3621
1810 6769
3221 7267
7953 8450
643 954
7581 7740
5119 9497
8737 9223
3222 6877
2246 6224
4284 6220
8606 9213
1795 3325
740
7991 4063
914 793
3899 3785
7894 6146
1538 1292
6082 3898
8521 6110
9990 7157
2050 2046
6776 5558
967 223
6585 3268
6212 4079
558 518
9307 1824
4131 3691
2072 1107
770 594
9878 4647
5521 4907
3638 2337
3010 2396
7904 4436
8709 1786
2151 1053
6838 2199
4077 2076
2789 625
2117 509
3589 938
1742 769
8808 4598
3967 592
840 709
6956 6792
4310 195
4519 3053
2788 1773
9471 7440
4965 1900
1631 1141
1917 1553
9592 1065
4608 2015
6490 4305
6396 3186
7922 4947
3482 2100
2977 1479
8176 5447
310 254
8373 1734
7283 4032
3259 1606
4500 3654
8639 5415
8547 3978
4142 1122
1570 910
7699 3177
5358 3123
8819 6204
2705 1774
5407 164
4066 621
8368 7697
330 17
8401 3324
6009 288
9535 972
2096 508
7068 2436
2128 1981
3141 933
52 19
6953 6564
8910 6739
6529 6260
1119 574
5258 4137
3538 1889
8583 4898
8540 2434
5928 624
4110 239
7906 32
7100 6808
1655 1398
6561 6051
6175 3281
277 11
5547 1649
927 810
5454 2595
8214 5476
3115 2432
4089 3411
514 397
7622 1431
971 827
4665 1211
6353 5845
842 369
4897 811
8236 3647
5571 2766
6744 6562
6634 117
619 475
9486 2022
3679 322
4606 1426
6741 1996
2517 2418
5366 974
7239 6373
5004 4408
1756 1129
8181 6523
5431 110
7836 6989
4913 711
6392 1555
1967 805
296 217
7985 7111
2629 1236
5958 50
6104 623
5324 1363
4379 696
7657 4687
7143 712
5066 1185
6665 2280
4830 947
3891 3563
6006 3673
4239 817
1627 530
7055 4911
6101 1319
6538 1805
876 99
4111 3856
5757 1421
2077 1789
7454 5818
1356 134
8100 792
3247 1660
2878 1042
5043 722
138 112
6491 1856
548 321
1341 1322
5053 2567
1519 1041
4323 66
1474 734
4006 2343
9385 3527
1772 175
371 299
9650 968
2317 902
3370 318
7322 7291
8328 5050
5170 4466
4983 1997
6697 5583
2351 404
8048 2625
2355 1213
2598 478
958 507
9782 7294
4344 2919
3453 2261
8951 1233
5399 3608
4218 2794
2903 2685
5180 2251
4088 536
1536 1262
7933 1676
5241 4623
8218 582
5916 3276
4184 1424
5026 845
3791 1595
6967 6619
5186 789
245 121
8979 1428
7219 5897
1656 1027
6312 5775
9962 6469
7282 6709
393 16
4082 3672
7554 78
9621 6256
4309 3642
1144 203
9613 8816
4813 4103
3756 3718
218 187
600 201
2854 2518
8045 4222
5081 114
2682 1410
8385 561
1717 1160
2827 1566
8343 616
3966 3837
6541 3601
207 199
1620 1484
7150 6625
2215 1681
3710 3003
4760 3273
3492 816
7489 6446
7298 5116
764 516
5907 5261
9867 1804
3709 1613
2698 47
3960 2063
1575 120
7659 3256
3493 1956
2688 1497
9518 2734
2132 1021
5098 3824
2167 2018
2996 1811
1314 1302
9757 2897
3749 1161
2310 1452
5260 416
9012 1899
5353 2573
7744 5368
860 364
5365 5134
2819 285
6298 3180
7019 6222
3255 2360
9378 4461
1523 983
3062 53
799 241
2287 985
5834 2450
3142 1315
6858 4249
8349 7541
1614 48
6076 3632
5986 5201
900 287
5559 3695
7620 6715
2844 487
1103 584
975 861
6818 5875
9110 3874
444 58
833 283
209 93
5599 3502
5736 5147
442 106
9683 4372
9286 1370
4469 2004
5766 4521
6229 383
617 568
8687 8363
4759 3797
3888 3606
1837 1658
1043 83
8120 5727
3065 2364
9830 9140
8347 3683
7413 5545
7127 6361
6194 3015
4465 3892
5763 4366
9701 1894
8798 6535
844 550
4276 2767
613 220
8018 306
8837 5113
9646 9009
6812 1482
5506 3955
2862 237
5247 281
5338 3455
6971 4247
4374 1836
9755 6603
2486 601
9799 1010
931 143
1457 222
855 611
4821 181
3190 1859
2241 61
4976 3751
5749 1367
8977 1678
3974 3581
6043 3109
43 13
6736 156
1898 484
1557 1246
5024 3168
9685 9111
8953 6996
2708 2196
2922 1249
8555 6235
8196 6431
6853 5025
7017 1951
1071 740
2247 1192
3317 9
2378 365
9412 4514
3205 2908
4487 28
81 64
5452 694
6301 286
4294 4157
6151 5755
962 417
5320 5313
8928 3121
2633 1463
2542 1255
6171 4534
5125 2906
9126 5398
2703 1979
1666 800
6921 1184
7174 3501
9842 3953
8835 7155
9827 4658
2605 1813
3714 3593
2561 2457
2973 819
6949 352
4185 3039
7936 941
9336 4839
6661 2498
8118 3969
7202 3569
1187 150
6364 2748
5352 1521
6614 5799
6050 2881
1694 95
4493 4453
2820 1654
2318 1265
7941 3459
1088 875
2594 1902
9482 2435
6724 1821
1298 626
3169 1195
3264 2184
6205 5613
3736 707
1864 660
453 158
7578 3183
5318 5268
6874 760
6336 471
3272 486
5224 602
1454 408
6500 991
912 439
2704 1571
3702 809
1594 1034
9817 7418
4248 1602
428 233
3292 413
6053 4795
2080 713
8503 4480
227 206
4800 1615
2148 1266
1218 14
837 671
6108 4841
2760 2307
5888 265
9322 4854
4016 3252
8006 3896
126 25
6030 5541
4420 1197
9202 7428
3096 2603
8071 5574
798 307
1492 990
3516 2537
7859 2058
8339 6335
5456 151
6163 3835
2686 2170
4584 4566
2676 1838
3730 834
149 102
6102 5934
6028 4395
6501 3421
5798 587
8030 3853
9655 6682
7046 3884
7711 3610
6689 5404
1227 243
465 279
6866 6279
4675 1881
3360 92
9569 5911
1242 1082
1276 726
946 238
9205 6435
4805 2134
4866 363
8378 289
5105 1186
5217 1574
1977 539
1962 1303
6847 2455
3057 705
9382 7020
6231 5384
672 579
664 278
4168 1036
7807 6144
6692 1427
3316 658
3464 2877
4838 3156
2617 1390
8291 2965
801 273
6738 515
3119 73
8978 6553
7765 3359
5989 4974
3026 1247
5363 263
4451 1586
3603 1310
4880 4697
9276 1921
1400 529
4342 1048
5722 1220
386 56
8912 3790
5914 5215
3287 1191
1632 1150
8832 5000
1485 1254
447 418
3575 645
5803 2475
3035 161
1458 901
5257 1664
8152 1911
9101 4748
8306 1762
3322 140
2527 1078
1281 1091
9117 1710
9983 2242
320 189
7627 7049
4881 682
8785 5935
1068 249
848 670
6246 5607
3074 2970
1355 785
4946 4530
8310 1182
9375 6677
90 29
9847 7828
6505 6052
4733 4597
1599 882
1180 956
8827 4518
4884 3590
6881 5304
3910 3173
1677 761
986 607
1780 896
8727 7655
9986 6359
8937 8604
6103 3044
4337 557
4622 3354
2066 1217
3254 2697
4182 3280
2302 724
7074 5984
5051 1609
4152 2912
4390 37
4045 3827
2224 1348
4485 1600
3594 1730
3262 2745
5139 3481
8900 4064
8763 1077
2329 172
8626 7151
8740 2787
7706 7417
7389 3917
8224 8146
5741 1807
5122 3266
20 1
6120 5620
9960 6032
7679 1275
3698 212
3440 1944
5141 3327
3609 2975
5152 5135
7188 5392
7221 4484
7813 704
2937 680
1540 731
1477 328
2672 892
1057 850
3583 2133
5588 2930
4516 1845
998 494
6468 4938
1852 1415
4435 1003
7604 3457
6568 2662
3531 2838
5908 2543
3043 2526
5042 2671
8128 7256
806 456
2845 2604
2469 74
7076 3016
7137 2863
3548 545
2715 1173
6708 6631
9106 6540
6973 3507
7173 261
1153 1002
1942 1445
8664 7808
8170 180
4237 3544
1380 698
1333 524
6019 2585
4663 3011
3585 721
2265 2114
9464 1430
3789 3150
6700 2750
7683 1776
2756 2395
8203 4101
8479 5273
7149 919
1512 313
7124 5954
5929 2108
3627 1240
1517 186
6655 3220
1162 572
168 125
4676 651
1896 76
1033 935
2673 1490
7907 693
4225 1081
5839 4594
7270 6173
6592 1506
5581 2986
3670 2833
9123 3099
8963 1399
251 160
3112 421
7537 3211
5649 1757
3000 356
9927 3006
3973 3032
3926 802
1222 41
8248 2609
4441 681
6282 2067
5373 5302
5007 2145
6458 4409
2387 1610
4324 1583
2639 2112
8682 5639
5010 3820
1045 467
42 8
7819 410
6554 6021
1865 1565
2016 1641
2966 636
6633 6022
3500 60
6656 2660
2781 423
7631 6345
4847 3859
6433 5256
7957 2533
174 39
5630 4212
8422 934
1320 824
3951 1145
9994 1529
7962 3014
4235 1466
7998 5617
5769 3995
2238 1918
2223 1633
5160 2212
1624 4
5237 4835
1237 1234
3274 521
5127 85
1000 228
3237 2640
3858 1937
6071 5801
5723 3686
4351 269
1473 1359
4774 1791
3335 440
5991 5915
7075 1075
1806 89
3090 677
1866 1272
6239 5362
7078 1741
