984
7259 8646
8833 9617
7610 9221
4933 8929
3721 7815
9054 9689
172 8529
6400 8178
4031 6801
6280 9327
1989 2788
3738 8516
1239 2828
7767 9697
8440 9773
1689 9506
2195 4669
2296 3972
9064 9217
6816 9292
2469 3829
5088 6550
7194 8474
5117 9034
8224 9978
3561 8844
5962 6191
8598 9147
813 2129
7569 9915
7608 8518
6689 9901
3291 7766
8941 9637
2842 3732
3863 6440
3690 9376
1777 6519
3783 8899
4288 5849
4704 6407
2557 5986
1730 6080
8357 8532
3470 5614
248 8451
7010 9745
3061 9904
2397 2578
5667 7487
1864 8611
3655 4607
9503 9827
9209 9707
5355 5810
607 6443
9596 9939
6757 8137
8147 9534
2628 7900
4617 7291
6274 8082
6412 9551
2560 7976
237 2541
4689 7144
3548 8984
2983 9553
7252 7812
1327 1555
8039 8859
1873 5629
4046 8656
5298 5540
4182 5122
3560 7355
9187 9207
6385 7704
2218 3660
4800 5973
9112 9525
4443 4950
7235 7393
2584 9562
5165 8170
6815 9926
4485 7872
7094 8987
7879 7969
2549 8250
3293 4365
4235 5194
4633 6396
1752 5960
9889 9894
8217 9922
5463 9423
4883 8101
6597 9561
4581 9420
9818 9909
5640 7137
1078 3681
7529 8623
4345 7488
8772 9400
1084 8993
2098 9393
9694 9800
8395 9963
2986 7310
7988 8247
4203 7092
5388 8026
9808 9982
6720 8482
1402 1980
4807 9706
9245 9740
3218 6404
5281 9368
6270 8586
2277 4177
876 8595
9176 9902
1533 2103
2165 6353
4666 6994
5944 9279
6187 9515
6420 7418
6961 7061
4990 7929
8648 8853
2531 6951
8931 9937
4499 6257
9847 9973
167 9324
5804 9373
6532 6698
5954 7226
1766 4431
2704 7399
1658 7111
4128 7781
5457 8215
4160 6084
4473 6516
2851 7097
6419 8365
1035 9735
3613 7282
9792 9875
985 9584
5734 8102
785 7593
7003 7708
5482 6493
6216 6299
451 2402
2634 6364
6348 9271
661 7964
3204 6556
9357 9954
3101 9361
6160 6308
2089 8716
9798 9991
2845 8744
3207 7977
6485 8330
3855 5054
3707 8747
6822 9490
9731 9761
8011 9816
5596 6558
6553 9887
3959 6346
1004 9448
2271 8778
1632 4929
7583 9639
2839 9144
1421 4330
2422 7615
8685 9716
1151 8397
1532 8572
2603 9532
786 6507
562 5218
524 4539
1849 8054
9278 9431
6471 9573
2636 4230
8036 9546
4623 8477
7297 9181
8384 8669
2478 7319
8201 9282
601 6486
9661 9684
2014 8045
812 3968
6972 7037
1914 4523
1264 3597
751 8321
416 4709
1393 1534
4375 7628
3491 6271
9175 9591
8873 9476
8253 9356
2840 9675
9752 9839
5570 9288
5233 9037
7943 8022
1655 6872
5149 9169
3493 5708
5048 7942
8997 9020
417 653
7244 9100
8029 8379
9649 9837
8087 8955
3335 6572
6791 8884
3443 6896
1823 9132
3098 8049
3340 8366
452 4151
8510 9966
2192 4635
8433 9118
1626 1909
4887 7821
5411 6421
7836 8422
2363 5964
4560 4867
5368 8204
6441 9601
4670 5699
3374 5151
1334 2326
6136 8967
9019 9418
7671 8037
3008 5741
4502 7922
8650 8996
3343 9891
3267 7773
1650 1779
5816 6904
3556 3737
2024 6973
5336 6910
6885 7949
5220 7143
6652 8759
81 9085
456 4767
731 1012
3132 9343
6571 7470
9931 9968
5946 6046
5833 6127
4352 4355
8851 9345
8426 9679
58 293
1379 6811
3055 9417
6182 8968
390 9774
2243 8520
9728 9981
984 6352
1843 4262
6728 7118
963 7623
7175 8919
6050 6214
5795 8255
3873 8053
5775 7352
9505 9893
117 7133
8112 8484
1726 2698
4982 9652
7299 9237
1194 6261
4252 6925
3795 9739
2104 5230
104 4030
5978 9254
8480 9294
5157 8323
6003 8469
2370 5099
4580 6830
4909 7237
5227 5664
5936 6336
6894 7163
5004 9766
3710 4732
1781 4610
1811 6188
9437 9729
9426 9832
3581 7262
5707 8439
3854 5087
4122 8694
7106 7896
3084 9869
4088 5027
6377 9179
4023 6867
977 3023
2975 4109
4968 8672
9092 9676
1166 8590
9295 9340
3469 8568
132 6834
400 9069
3568 4364
2415 7117
4969 7349
6159 9066
2912 4050
1466 4728
7123 9700
5923 7848
7669 8821
8687 8696
646 8718
4278 6673
5823 7368
7256 7358
2272 4085
8998 9992
2666 7384
263 2492
4497 7419
5137 7772
6185 6294
3883 4386
1699 9105
7725 8293
8653 9941
3424 4356
8420 9775
5971 9974
3603 6568
7286 9328
8915 9101
9350 9687
7972 9593
2798 4624
493 6209
7333 9135
1107 8797
8924 9958
8206 9404
54 1391
2658 7079
1508 5939
7026 8655
484 6302
2727 4525
6176 6429
6204 8575
5367 8574
3368 8670
5852 6557
2729 6887
4470 4763
3225 3680
3264 8882
610 5126
8885 9205
4333 9473
5509 8269
8921 9397
211 5466
4832 6087
6117 8609
467 3956
6515 7151
597 5093
9450 9539
2518 7694
1 3668
6215 7513
3760 4890
1735 6784
4911 9463
8196 9599
1227 7434
4983 9581
6083 7445
199 6792
3160 7924
7166 8130
8023 8985
4552 8084
1163 2082
331 7816
5628 6901
6510 9908
7756 9919
9972 9995
8464 9760
7127 7805
6546 6998
6102 6928
7132 7517
4070 6913
7429 7794
3444 5512
2872 7686
1175 9512
5550 9414
6761 7832
1396 3905
9021 9341
3192 9969
7205 8893
3357 9597
347 2844
9434 9862
8077 8740
3940 8501
1839 3302
5994 9322
7886 9227
9986 9997
7711 8935
1464 9759
3082 9157
2465 3352
827 5064
975 2032
2164 6135
8901 9088
386 5225
2386 8736
5221 6775
1731 8229
5318 8562
6099 6719
4216 6015
4527 6512
3314 6650
9452 9932
2622 8468
3892 6221
7247 9718
1874 7086
9865 9956
3930 7134
3074 5648
6509 8964
8058 8134
930 7893
695 4498
6139 7899
3277 6500
8371 8810
1383 9315
7090 8563
4073 5268
2389 3014
5362 9504
3430 9053
3125 6144
7245 9786
3431 4785
9658 9866
6825 6899
8248 9634
4531 9779
9719 9918
4154 7751
3383 4817
8602 8936
535 4180
2387 4553
8225 8779
507 7586
4271 9732
1786 6890
2777 7584
6149 7085
9851 9870
8854 9664
4792 7234
8702 9298
9107 9443
9650 9879
220 6954
5709 6818
4884 7108
1034 8963
2709 5785
7403 7620
9626 9636
3400 5081
825 2338
4184 5843
5544 9246
9058 9500
6838 8551
4410 6056
5213 6868
8035 8912
6300 9296
5276 9188
4261 6554
9640 9796
9280 9451
1653 4001
1008 6525
7752 8165
1713 9363
3206 3510
1024 2520
3777 4133
1172 9993
69 6249
8905 9349
3468 5145
4121 4674
2770 7510
4472 9513
5890 8315
4743 9499
8154 8318
23 2412
84 131
922 1594
7095 7955
64 8245
9641 9960
4775 6749
2223 8577
269 1289
9433 9651
6975 8584
6983 8732
4329 8723
7060 8338
3315 4047
6814 8521
5794 6497
1575 7574
3244 6665
1232 2411
6623 8762
5764 8666
3256 9611
9781 9857
1385 4425
648 2964
2504 7981
5653 6387
9023 9268
3838 6802
3715 8156
2028 6674
2621 8078
402 5348
1795 9825
2476 8954
4999 9910
2433 2819
9465 9814
9806 9835
3661 4225
4731 6987
5313 6416
1895 8239
3099 7246
5966 7391
2132 8739
464 7304
2748 4919
6988 8550
8388 8544
9565 9574
2462 5275
4683 5412
2761 3238
9519 9940
2169 4298
5688 8888
3003 5105
532 6252
2052 9530
9029 9430
7714 8630
1736 6163
4646 7396
1300 9943
3461 5557
5620 9314
3019 5136
5152 5938
9096 9883
1976 4568
2590 4455
1213 6960
1609 8088
7757 8845
9624 9977
2285 5696
1356 8848
9491 9630
1131 5983
352 6860
5783 9667
5948 8858
2105 2717
4719 6366
9122 9289
913 7545
3941 5112
1700 5935
3012 7261
7776 9365
8766 9849
6898 7934
8377 9529
5219 7074
7223 7565
4309 5805
6428 9045
1652 5479
5097 7674
9877 9905
328 1519
9762 9801
7160 7268
2353 4520
1006 6325
183 221
3629 5607
4720 4745
6480 6824
4231 5955
1389 7335
3226 8838
7046 8161
7254 7594
8294 8560
9026 9713
6213 7150
8080 8554
5199 6436
4656 5723
4062 9730
5928 8413
4945 9575
2044 3586
3130 6624
123 6029
527 5522
5272 8270
8644 9139
1971 2654
3794 8117
8677 8793
4052 8837
3764 8399
33 7712
9446 9916
9104 9737
1372 8111
3662 4826
3241 6539
8311 9027
7581 9193
3719 7271
1845 4449
2099 9063
186 3667
1622 7933
4211 9518
45 727
3337 7120
1549 8684
3894 9392
4851 7000
7032 9547
6879 7267
3724 4119
4423 5993
5832 6292
38 2421
8263 8457
3804 7152
7994 9964
6876 8375
9261 9702
8914 9395
1871 9251
7278 9501
856 8389
9517 9705
6544 7839
728 1432
8918 9538
9202 9229
3536 7971
7902 9942
4637 8928
5148 9497
5968 8508
5798 6288
3551 9429
1563 9644
1540 7295
5896 7863
7294 9384
6586 9483
7305 8172
1168 2697
1605 7508
1196 1301
7337 9419
7755 8233
5158 9520
4107 6490
7022 7354
8429 8756
5417 6177
5644 7350
6521 9186
9794 9881
6150 7527
7528 7894
3964 6565
3630 4366
2763 4522
2139 6199
5573 8091
5084 6684
3311 4582
5569 6970
5845 7788
6870 8626
9326 9924
4280 8034
4594 6070
8132 9841
1051 8000
1574 8945
6427 8558
7739 7876
8434 9802
1485 3759
6173 6465
6504 9317
335 4625
88 4977
6327 7824
7494 7913
8876 9985
7777 8764
5186 9560
5949 7102
5257 8686
887 4147
4480 7128
1898 6181
1897 4076
2067 3534
4207 5334
2154 6589
1340 7791
2258 9308
7534 9325
5543 6703
8123 8903
850 3148
9114 9293
1022 9079
4219 8938
3533 9873
3828 6043
2311 2703
3108 7326
1338 2087
9255 9556
1979 6718
4268 4407
6110 7287
9608 9638
2284 8329
991 2728
6494 8307
6333 8350
3129 6451
765 1321
6372 8682
184 5527
772 8552
4556 7519
9442 9829
4686 7371
4269 6748
3810 4300
4039 4054
8055 9660
8786 9765
6020 8817
8539 9656
2035 2181
644 6926
7181 8380
5202 6581
4301 5169
7975 9330
536 8913
9233 9600
7869 8335
5847 6098
5726 7535
3153 5024
161 7648
8124 9319
2158 3937
8906 9074
1240 2168
9309 9957
3885 7211
2121 8519
8121 9856
6076 6962
7274 7557
4868 9218
5130 9224
1467 8125
6878 9496
8555 9507
9576 9976
873 3567
598 8750
2473 6843
4902 8265
2928 7253
961 6312
5104 8725
4457 6342
8471 9043
1680 6171
3728 8908
6446 7284
8076 9498
9595 9754
1593 4106
3077 5376
5637 7957
777 931
4195 5892
3299 7122
3373 7844
8382 8939
4324 6132
2444 6950
2511 5700
1184 8211
1398 2995
523 4041
3460 5956
2176 3754
918 4245
2002 4603
1568 7524
1098 3449
2631 3840
2039 9098
6767 6930
309 9277
2907 4416
5612 5999
448 487
1889 4680
9460 9666
2375 8020
2712 6760
53 4664
8493 8543
4970 8942
4305 5404
4405 4973
5626 9358
9648 9778
3134 9408
6402 6976
3252 6037
7279 8636
1860 6114
1180 5919
6060 6304
6621 9304
14 955
1064 5470
8852 9076
1982 6315
8922 9772
5428 6997
3730 8051
3316 3826
3827 7272
1171 3380
2167 8559
9750 9912
805 8661
8561 9722
4283 5571
7265 7591
6569 6604
5506 6833
9610 9898
4209 4259
8487 9671
3516 8720
8891 9678
5010 7006
2730 7474
843 7639
7806 8689
496 2184
4083 6871
4383 4823
9673 9771
3934 7986
4781 6812
8425 9285
4251 7469
5397 9769
9920 9927
6324 6883
8238 8765
2064 9867
9177 9914
1157 2090
3571 9753
3067 6328
2033 3285
7998 9099
1882 6313
4899 6964
2085 4908
4786 5525
5290 9379
2951 5622
8015 9136
1363 4712
3078 8605
7968 8027
4901 8549
5493 6762
2128 8295
100
9642 3121
2256 1578
5885 4943
4380 25
5019 4404
9799 4611
292 194
2199 2160
3872 619
3501 1805
9854 2853
6949 5177
5100 59
1695 986
9587 7514
6462 3596
7242 4044
113 50
5719 5224
7966 3910
3488 407
8627 1211
7045 641
8031 7394
6064 4906
4239 4139
3301 1025
2416 890
8251 7921
9602 8218
8463 2979
3344 839
3005 2762
6164 1719
8777 7984
6039 1188
7390 2221
1887 1725
6735 3254
3362 3217
9006 1138
7891 164
415 360
6105 2635
5788 2797
5881 2001
857 191
6873 2439
5940 1641
6125 3543
9921 8342
1809 32
4486 940
6195 4463
1044 16
8126 3702
1277 1225
5432 1964
4338 662
5645 1789
7959 1854
5065 1513
8671 943
6660 159
5138 2775
178 130
397 118
1478 578
6985 1127
5763 3774
1161 726
1635 994
9249 1250
2895 737
97 91
3091 2664
5101 862
2925 773
4737 3744
4567 2678
5047 4649
2988 2899
267 102
4963 2692
7677 928
8332 5211
1041 354
8831 364
2906 497
8403 7369
1090 99
7392 6208
4860 3141
8749 8637
5803 1159
8046 5705
1123 35
9226 2475
5576 4313
6154 2808
