598
4469 6343
2456 3887
5346 7956
4888 8791
41 1887
7499 9524
1420 5740
9646 9759
1085 5620
9781 9830
9819 9903
132 7896
7284 8655
3774 6489
327 422
181 1700
2420 8046
5327 9477
5800 9971
4624 6624
6230 9579
5961 8794
4632 7222
4706 8099
7304 8187
6516 9113
5228 9004
2686 7326
5105 5378
4999 5162
7350 9083
1674 8039
3914 9887
8916 9385
3391 6078
7454 9104
6972 8929
9139 9940
6721 8235
9828 9983
5548 6513
5513 7562
9388 9843
3900 8938
578 2104
8336 9446
1821 3638
5332 7145
3976 5178
8403 9111
6414 6417
4773 5863
921 9870
3546 4770
187 7672
3398 9911
6499 7463
5826 8827
9426 9639
8887 9923
6645 8625
9693 9758
3516 7477
3116 6663
4252 4391
7062 8485
6777 8880
6855 8468
7554 8497
7166 9487
8178 9110
8273 9875
2695 8957
8735 9864
6553 7982
2862 9351
9724 9909
7513 8243
6053 9386
7579 9256
6207 6539
6253 6766
420 5201
2373 9777
5625 7112
2129 7815
5644 9288
7909 9333
1692 5784
718 5400
3750 3778
6709 9226
7177 8461
331 7152
352 6338
1167 3810
4271 6243
8705 8787
6405 8302
8698 9652
4994 9674
9158 9576
4382 9985
3084 4854
7810 9236
7834 8284
6774 9101
6617 9725
1338 7970
2526 9263
8320 8876
2906 8796
1520 3881
4562 9082
174 1500
9008 9720
645 2360
3807 5222
3768 6919
2041 6563
1291 4795
6556 8587
4016 7459
4205 9682
5577 6562
2113 9831
696 8684
6734 7146
3587 4834
5172 9149
8055 8317
9166 9621
4812 8609
2853 6986
7627 8552
8603 8984
2875 9922
4516 9540
2531 6434
9235 9713
1909 3526
9164 9930
2201 7414
9338 9882
4312 7436
7087 9497
8918 9172
4575 5744
4397 4933
2009 8034
4083 4780
6697 9449
6085 8781
3461 8740
4035 6134
9671 9929
1280 5111
1615 9017
3208 4454
6391 6612
8725 9773
6041 9370
4844 5104
4 7841
4466 9550
2487 4078
4032 4119
9556 9688
9531 9699
2477 5937
1880 9967
5514 6615
1855 9090
7861 9885
2618 5145
2502 7902
1812 4472
3801 6285
254 6856
2072 9368
6130 6834
6815 7264
4960 8282
8480 8829
3249 5407
289 5560
421 7599
1656 2561
8960 9401
2569 7595
1422 9897
1889 8859
3926 7552
627 4137
3228 4053
4822 6268
231 8111
3927 6917
4866 7396
4033 6585
8551 9733
1675 7680
9219 9221
9542 9654
3721 9178
480 8599
6389 9796
5749 9860
3018 4744
1648 2880
6054 8255
2324 9358
2364 5750
7542 9019
7057 7883
9306 9944
3044 8473
3915 8826
8851 9232
1793 7470
1306 8075
2293 8476
3541 4370
3829 7368
3760 9165
1122 4606
3788 4860
8610 9267
9313 9751
8090 8582
4683 8789
1619 3031
5305 9373
4251 5361
3923 7615
8677 9658
1064 9347
7962 8693
8652 9894
896 5957
9766 9779
9394 9951
265 2977
9595 9734
6386 7023
4018 6402
4263 7576
2087 9304
4013 4369
8426 8990
5581 8345
1693 8529
5158 7833
2630 3642
6067 7510
328 7227
8088 8169
514 4937
867 6065
6461 7169
5980 7683
74 8904
1586 8031
8163 8924
7662 9656
8799 9208
1193 2082
2010 2634
3226 3406
1535 7330
5598 8649
6519 7540
2332 2511
5805 8878
3508 9577
3474 3932
3231 4278
7265 9206
6853 7786
3820 6237
2231 6314
8062 9898
7154 9259
9249 9670
8659 9675
2500 7806
8648 9784
6871 7628
6042 6778
8672 9116
4366 8396
6610 8416
550 3942
6055 9520
6023 6802
8508 8624
2059 6632
8991 9663
5840 8784
5396 8654
8211 9126
945 2209
7018 9961
7487 9580
234 3660
7117 7765
9201 9475
6471 7319
2267 5851
7300 8572
3974 4764
908 3114
7442 8546
5238 8432
735 5882
1840 3455
5295 7033
1804 6817
4762 9444
290 3429
4513 6857
5467 6146
160 4903
6376 7211
4422 5569
93 1763
2320 4665
9443 9560
6279 9818
6944 7055
8364 9135
6506 8524
9653 9669
9609 9912
4618 6655
3854 5116
2464 8363
9261 9817
3562 8761
8754 9378
1252 3366
1548 3190
2255 6686
4184 5324
895 5520
9471 9956
5856 6270
6448 8397
8885 9717
8344 8831
6745 9618
9287 9293
7899 8220
2043 7719
2379 7518
7004 9176
5839 8408
8385 8821
6481 7153
1667 1966
1288 6221
9528 9763
2826 6436
1283 2589
7422 9816
4995 7584
9084 9244
6947 9979
8105 9323
511 2398
8683 9877
8945 9047
9516 9974
8050 9081
2491 5196
4830 8038
9371 9804
8950 9602
2103 4158
8181 9390
6011 6073
9326 9402
7053 8201
5353 8453
5307 8687
3966 4224
5471 8869
3095 8538
6056 7209
2823 3323
2617 6604
8409 8626
9737 9768
3062 9344
6472 9169
5377 6036
2646 2958
8276 8564
236 3209
5709 8413
8527 9904
6599 7345
2467 6981
9694 9756
5932 9148
276 7830
5131 6854
6500 8744
48 8562
3195 6987
5926 9982
1201 2897
9586 9976
2778 9686
799 7917
1262 7927
3607 4578
6377 8044
6729 8395
2305 6597
5510 9080
641 4202
5097 6635
9308 9433
4020 8237
6990 8022
1714 1734
1215 4425
3388 3402
2700 3971
7589 9474
8793 8824
9988 9999
7652 9055
139 6567
8230 8465
9180 9222
8157 8535
6982 9469
3653 6392
1335 7983
3972 4177
9362 9479
5418 8153
4916 5715
2454 4402
8182 9189
1616 7709
8517 9128
1992 3960
79 7919
2044 2775
9010 9054
2740 5899
6501 8544
435 5194
333 544
2176 4955
7156 8433
5045 7592
3713 9409
647 984
6988 9397
1617 6898
9507 9917
9924 9994
5155 7863
1867 3475
4615 7864
2132 7118
4148 8439
5338 7617
7208 9852
2917 8719
3444 7821
8701 9705
2537 2842
7621 9033
1320 5679
7151 9539
2588 6573
9163 9753
1929 7317
518 2623
2577 9946
4796 4912
6379 8608
4869 7497
3230 8804
1723 3956
1159 6231
2411 3003
7577 9826
5430 5798
1156 7051
7375 8002
3382 5659
6043 7642
2626 5185
7267 7351
3117 3667
1953 3819
898 1026
1724 8229
3468 7778
1836 4711
6607 8451
3401 9186
7140 8519
8911 9616
2709 4884
7781 8123
6010 8583
8872 9214
8391 9262
3124 4277
4246 9063
3566 7710
9990 9996
3259 6004
2220 7178
6602 9530
5482 5869
57 6149
2874 6287
1826 3273
1798 5833
8078 9504
8811 8939
4641 9134
635 1562
460 3730
6956 7667
8264 9403
7647 9907
7878 8573
5605 8965
9464 9610
7995 8209
2820 2938
318 4150
3745 8233
7252 8727
6514 7966
7130 7430
3633 6775
8854 9607
9383 9790
614 6403
5806 7534
6654 8718
9286 9772
9271 9707
1114 2943
322 3213
3101 9223
7421 7773
3601 4664
2221 8579
3734 6040
1530 5807
9233 9320
4560 8429
2908 3245
4007 7032
5337 6346
5837 6284
5815 6761
3580 3716
497 9585
997 9552
7840 9588
5339 8196
3534 8620
9515 9700
3740 4699
7777 8865
7702 7769
865 2369
342 582
35 2713
689 6932
6370 8139
6673 7503
3764 4821
1062 8642
3685 6708
4193 5915
4767 9939
4681 7366
7795 9102
5147 9324
9099 9458
4855 8850
6810 7272
2947 9762
3024 5550
6382 9239
499
7829 2664
1357 212
3648 173
1242 1169
7967 2756
4808 2277
5279 1682
2247 1603
5571 3287
8173 5331
8988 528
3574 987
8917 225
3282 2279
6062 4502
8113 1392
6147 1307
4383 3571
7231 1052
2118 996
1711 618
1302 781
2901 1005
1031 296
242 12
6899 4554
592 324
8598 7648
4066 3339
4901 3023
5493 1707
9132 3864
1209 386
7509 1510
750 414
3836 2268
6212 2271
7801 2033
2240 1354
7581 7290
2100 487
3646 117
7868 4462
3729 501
7389 6259
6169 302
4405 687
4977 4218
3298 326
5035 1830
2204 198
4666 367
2687 1300
9821 8555
3528 1882
2798 1396
9414 3629
2763 1856
2446 2272
8505 3420
6908 5195
7602 7593
1843 884
2375 2327
472 146
2116 1546
461 434
6074 5059
3889 2153
8106 1582
5261 2574
3000 1004
2914 337
5511 760
961 471
2738 537
2376 568
4417 4171
7220 7090
534 391
6049 1401
4276 2315
5714 669
7404 3981
1531 271
2299 185
294 128
1876 287
5887 2302
7245 5948
7364 6098
5348 3196
3575 184
3499 662
5314 2182
7049 4176
4619 1782
3661 872
6209 978
8253 7469
5974 126
3074 655
9255 690
3364 2710
8406 4800
7191 3407
827 586
1883 394
2022 1869
9442 8711
1406 346
1844 642
456 407
3906 2728
8758 834
1686 1281
4331 279
1672 1624
8688 2774
4509 723
5011 539
5971 1395
1931 1279
4141 2998
8500 7468
5062 1696
6961 1255
1775 1079
9356 3904
6012 1058
5708 4850
9735 6953
2925 2660
7707 6495
1464 894
2734 2387
9827 432
9098 4900
7912 7703
4574 3465
11 7
4815 3748
1596 152
4199 2999
4243 2342
6542 4463
1089 317
7437 5455
8338 4675
8356 5835
6335 2672
9928 3910
1447 675
5263 4175
4017 1095
1738 298
2433 874
7745 2005
9498 4316
1340 1135
1179 637
7650 5846
8120 7400
8685 3696
2888 543
2581 33
969 323
6940 4189
989 112
3091 1854
9667 7107
7293 3354
401 303
9257 1502
3336 720
7024 3408
508 218
6891 29
1731 904
9000 4186
2663 1990
6038 5160
1532 308
5559 3500
4579 1459
4728 3178
87 15
2119 1832
6187 4239
8482 5852
4684 3008
3473 3409
8351 6001
1881 189
1934 39
1018 931
6833 5812
3433 3363
6141 2269
1319 78
2830 2135
1232 1183
5911 384
4838 2030
2665 444
4151 615
364 278
4217 1223
7488 5429
9152 319
5606 1472
4089 2071
1702 717
1831 643
8208 5594
858 825
4336 603
5897 3393
9001 168
4988 297
4805 2937
8301 3313
9075 8778
3071 2339
3578 756
5698 437
3026 1825
3380 1466
8352 4460
8641 2990
4164 1627
3121 3021
3698 3476
120 18
7201 602
7394 3183
8297 4428
2239 1408
3330 1720
1301 336
6454 2064
6823 919
7529 1917
7328 7287
6580 4922
3093 1419
8423 6531
1153 793
2205 1269
6699 2038
7429 1954
2151 441
8767 7321
400 100
3182 560
8525 546
954 446
3928 3296
5030 3051
7059 3647
8768 5507
657 494
6723 1451
34 14
3505 967
7803 7770
5868 1384
1649 907
13 5
1123 847
3314 2751
9805 8812
9536 2483
9549 1081
9970 481
4603 623
5989 1194
6088 1131
6945 625
6013 4440
9109 2514
652 639
8828 3137
3825 713
4165 785
5395 2540
6781 2524
519 31
2903 362
6329 4563
4645 2418
3236 503
2702 1965
4480 1710
3316 3040
9077 8513
3028 995
8666 2545
375 251
2032 1578
4534 822
983 493
1200 133
7397 6503
6801 182
6606 1808
8417 5074
5703 5535
4553 3061
5545 3204
7008 1628
7546 4668
9812 4045
9569 2898
5137 1647
3144 1087
9721 6170
1304 1138
2960 399
2984 92
2198 686
6930 584
2653 2099
4962 1928
4803 1166
3179 164
668 565
1635 60
6450 4448
783 767
2496 1602
3284 706
8910 3449
6439 44
4291 2509
8964 2619
3880 1503
6657 1495
4646 768
672 381
4708 1940
5296 3831
905 806
7452 4978
4057 2865
1810 361
6887 263
6201 5130
9835 4410
2816 770
1658 1461
3953 306
2753 536
2061 1314
7798 5182
6163 3519
1566 1511
1006 339
4413 2685
944 684
9952 4717
5998 5996
9701 880
2177 830
1974 1501
7478 4909
3884 2735
4967 702
4487 1
4414 2351
6322 1360
7847 7325
7771 7594
7383 4963
5399 570
4582 1418
4695 1516
9881 4697
2475 529
423 62
3552 3299
9240 3437
7056 4817
5975 703
2027 1427
4577 3458
6636 3654
9722 3199
5492 4848
4663 3815
6331 4227
1426 530
6179 977
6246 1222
8149 2292
1946 1296
3882 505
1715 1570
2721 1312
5146 4990
8376 75
8604 6145
4749 826
1795 1689
1362 205
8840 2939
5007 1683
3874 1728
656 349
5673 2306
4515 2254
4719 2824
4769 1480
5110 2283
2752 457
2546 2449
8365 6767
1393 355
7960 3166
8888 5657
6431 2991
2069 574
4782 4149
5827 2847
5336 2146
6215 4393
4847 3009
2121 398
9069 2638
3816 808
163 155
6424 3940
2170 1959
8375 8370
3708 3613
395 217
2924 2137
8061 2501
5139 1433
3165 1646
9638 4399
5301 1891
5623 3395
5646 5389
3946 3793
7196 4867
9596 3470
5163 2443
1463 820
6421 1024
7808 893
7613 7341
3362 2543
8986 8040
3865 2141
2465 930
221 159
2458 1900
2347 452
3859 3251
9087 5696
6300 1544
9192 7100
1872 906
3822 3809
6238 4915
8119 1922
8930 4837
4583 2861
7639 449
6121 4099
1148 158
7226 6646
1022 561
4742 281
9998 4566
9532 1598
5282 1180
6782 2677
3105 2244
8215 1737
2498 2338
1274 942
1150 1149
7988 5299
6568 5616
5531 3032
5672 5523
6997 5272
621 572
8415 489
4256 3463
525 314
4253 2450
8728 2552
4416 4380
854 562
4361 2395
9668 4810
