64
7837 9816
3708 8229
9555 9709
3611 4301
4489 6538
8581 9369
6372 9563
6176 6920
3121 3221
6894 8310
3092 4714
4020 9036
7399 9393
7982 8799
5849 6607
7382 8424
6665 8426
9431 9824
1384 8653
4242 7405
4926 6946
1433 2083
4395 9596
1874 3845
6817 7163
9188 9524
3412 5363
4518 7006
6318 9784
7992 9406
2816 6712
6069 9623
8779 9978
8120 8646
4019 7053
2600 8285
7177 8364
8821 9425
3444 6320
8219 8903
3937 6421
3178 4963
2991 8684
8800 9287
1544 5584
644 4700
3472 7944
1702 8148
6758 7363
2031 9981
7278 8109
6376 7020
8030 8181
213 6503
2489 8096
3020 4206
3517 5723
950 5307
3070 6925
749 1637
8739 8896
7442 8443
2932 6998
7587 7671
260
5499 3954
9352 4577
5931 5360
4298 3146
6691 1505
9770 3390
7608 5061
1818 167
8949 3279
7358 4565
5 1
9322 5762
9021 7081
9719 3462
3237 494
9388 5149
6233 1474
5410 2364
6456 30
8971 3125
8866 7860
5257 3748
9018 8692
2773 648
1254 36
8762 2556
179 49
5035 1724
2960 900
9302 5785
95 80
3159 1731
8947 8034
1937 985
5103 869
1827 850
377 88
1723 752
294 246
5593 2004
1547 1239
7765 3477
4595 2208
9853 9063
3950 24
3861 1841
6229 4458
7309 6401
5154 1348
9803 7738
8069 5406
2495 216
6340 5182
8251 3846
5346 2296
9390 1835
5214 4393
9403 3804
5600 1722
5468 1373
7740 1502
8264 5052
9062 6227
3371 1767
1893 791
6062 4326
3443 3383
9459 4104
2043 854
443 226
1912 153
940 889
1800 1319
1518 1247
4887 3730
3171 567
7351 2170
8623 200
7957 5085
3938 1051
2911 587
4738 603
209 15
6215 4576
6522 1418
8156 4939
3271 646
713 562
281 163
2266 1286
3741 2453
6319 6189
1115 57
7725 5342
8939 5398
7558 5967
1976 1396
5568 5145
8804 4140
1438 67
7121 5676
6975 2341
5779 2898
390 92
2346 2025
3705 1300
4463 1064
9898 664
6995 806
2221 1062
7335 2533
7086 340
6275 1733
5305 496
4784 2810
8597 2046
6683 5116
7155 2625
2372 596
240 51
8052 1945
5641 865
4196 1774
113 18
4259 519
5876 5091
3842 127
7039 2536
1469 1066
7873 3847
7584 6543
103 81
1366 175
491 389
8487 434
9715 411
7438 1769
8960 6952
6751 2313
843 485
2748 595
2523 618
5034 4554
6308 2687
642 292
6565 3491
1562 86
9820 2969
7779 6272
5289 2419
7108 5344
8484 7409
5615 1629
9159 746
4006 750
4499 2506
5865 1437
6796 1273
2244 1955
2429 1408
7033 5864
4941 2048
1264 237
5946 4920
280 117
367 202
139 50
8485 7304
8342 767
6224 4349
5580 1653
5558 2328
1849 259
4652 3612
9988 9241
9086 6298
5399 4653
3439 947
811 144
1689 380
1292 242
7083 4720
1636 1473
1879 1289
8629 2998
6731 5685
8033 5148
5129 3153
5637 1371
34 27
1465 489
7556 5850
1797 971
4972 2700
5223 4733
9201 335
3144 2708
8418 8297
1989 681
1302 480
6506 5321
5734 578
364 236
5347 4390
2421 604
6330 1090
4651 3887
1393 1054
2626 2302
8091 4622
5355 4021
4807 1378
1640 412
5756 1558
771 329
8143 3881
7554 3667
4344 1852
5495 4115
4409 4080
9089 5175
7226 917
2899 1693
304 68
9244 3652
9205 4375
1280 171
1635 451
3786 2568
756 751
1923 620
3554 1847
5527 5112
2796 2182
9216 8644
2156 1476
959 630
908 836
4135 3141
7846 4341
2573 613
7247 5661
1894 685
55 29
8867 4221
624 553
9989 7412
1512 357
8389 5362
6902 634
6595 2698
8250 5449
964 704
7332 424
3951 3164
3601 839
5420 4865
9000 5215
4300 1391
928 379
