584
8881 9086
7302 7835
8012 9768
3518 7150
3896 4389
5748 6368
1376 9794
8575 9996
2021 8308
726 1001
768 6519
9745 9900
9127 9980
2098 8676
5511 8280
9620 9785
3889 8224
9131 9368
9649 9723
3257 5678
9586 9659
4933 9934
1734 9600
1236 2963
7180 9791
277 964
8988 9482
5001 6059
653 6920
6747 9317
3136 8016
1656 7082
8452 9201
4563 7537
8231 9997
3230 5569
8047 8447
8096 9321
4111 9163
5357 5952
1475 9890
9972 9991
3604 7439
630 5873
6390 8446
3028 7683
7323 9339
2158 8387
412 3451
9753 9858
6277 8782
3861 4909
5197 7478
3993 8991
2231 7735
3000 8800
9555 9875
3099 8625
444 5450
9663 9750
2800 7844
5981 9664
644 1899
9461 9967
4916 8980
6295 6781
6597 8857
4105 6112
8717 9953
7981 9442
8386 9579
9001 9379
1857 7176
326 6884
4396 7866
5811 9706
5046 6789
2957 8356
9303 9358
8589 9748
1023 8902
34 7929
5620 9965
5245 6557
8264 8265
1805 9470
6950 7607
563 4386
6340 8288
3652 5914
9686 9826
3095 6490
4494 5935
7254 9718
8712 9542
4529 5205
4327 6115
4473 5673
9113 9479
7590 9138
3736 5489
8180 8462
3253 9857
498 7306
3767 9992
9228 9778
2998 7838
8302 8602
4620 9148
4572 5133
8191 9243
9726 9781
5238 8228
6590 8309
7901 8147
1569 7035
6803 9436
6855 9892
2083 6420
2144 4908
7777 9561
4976 8650
9011 9167
8590 8870
9456 9473
8367 9709
2339 8691
1570 2293
4865 8141
1828 7545
1391 9239
7473 7707
288 480
296 3539
9038 9868
1029 7633
88 759
9475 9749
4286 8327
6673 6877
6963 7769
3175 4138
4561 7344
3618 7259
723 1863
8131 9973
4945 8112
7291 7877
9006 9112
1557 4689
8521 8897
6198 8524
7475 9471
3252 5744
3112 5202
3665 7791
6082 9257
2940 4799
1323 5642
490 3880
3963 6055
8208 9983
6862 9585
2371 8603
1069 2504
2227 5677
1527 1974
8594 9196
4128 9759
3149 5290
1521 6079
3080 3360
5345 6985
3085 5872
4400 9111
4655 7314
3226 8314
4639 8226
6008 6068
9258 9391
8277 9432
2082 6430
3380 7730
8707 9376
3454 8900
4638 5411
130 7055
8484 8831
5276 6763
5654 8647
7379 8051
1520 4782
995 7177
2925 5287
2744 7192
3873 9484
7968 8613
8381 8700
556 8316
5801 6341
9346 9417
5305 7159
8074 8107
6751 6856
3867 4322
4809 5516
924 8799
2246 4547
5844 6858
7626 9623
175 6438
9344 9919
9722 9894
4130 6653
1711 8413
9363 9415
5359 6687
6628 8048
7406 7960
4393 7989
9499 9545
5097 9770
1729 1906
6389 6706
7199 8760
104 2548
5840 5901
5865 8604
6772 9059
6237 9242
5823 8076
5945 9878
2228 3403
2601 4290
7440 7874
1057 6701
7318 9733
2559 3840
3041 7141
951 1081
8004 9427
7086 9299
3422 9574
8 5398
5132 8438
3944 7168
4836 5454
3948 9684
120 4967
1141 7391
9072 9388
6039 8702
9043 9634
1322 9985
9689 9928
8669 8968
6010 8100
7697 9503
4450 6983
5189 9502
4491 8773
4838 6946
4246 4697
2894 4428
2659 7229
6040 9202
3129 8672
2867 8719
5852 7413
8322 8933
97 9428
526 8543
1914 5024
9246 9250
8424 8693
7321 8749
4253 7699
9578 9775
3858 4642
6715 9933
1743 5231
3799 9034
720 8261
7221 7535
7273 7642
5342 8266
9361 9861
4946 7958
1480 6846
2542 8075
451 8357
3945 5214
1145 3504
5742 9212
5267 7134
1353 7714
8579 8946
6716 9951
3466 3573
5487 9419
1103 7156
8448 9563
2825 3346
1314 4116
438 1516
7380 7894
9129 9692
6748 7669
7801 9240
8268 8675
6230 7170
8003 9683
8393 9085
9583 9605
3827 6518
975 5987
7963 8059
9468 9632
3180 6976
5986 8395
3762 3852
2926 3491
7740 8737
8285 9116
115 3828
1344 5322
9233 9909
6746 9350
593 5070
8738 9869
7871 9125
9119 9840
1186 2015
8177 8761
4643 5707
1293 8858
7766 9147
1046 4687
4622 8965
701 6185
2710 8510
2312 8419
2247 7369
1025 4584
557 2802
4440 4862
1949 5944
4546 4602
9872 9882
8335 9755
4663 5925
6412 8081
4700 5818
6903 8756
2466 9326
3453 7713
4039 7461
6606 9352
1573 5075
2446 4192
5798 7631
2784 3317
4206 9465
8222 9573
5063 5223
9190 9806
2054 9101
1609 7951
8561 9031
2602 3330
9304 9516
5998 6147
7032 7146
9716 9833
8576 9483
9491 9740
5484 6766
9498 9765
8726 9088
9938 9948
2409 6718
9568 9653
6672 9757
977 5246
6364 9297
8418 9577
9393 9626
9030 9883
8595 8623
5955 6027
4554 5601
4594 6596
3601 8295
4421 9527
6505 9595
380 5211
7010 8722
6930 8118
4456 9924
1204 3705
7533 7656
3088 8237
4708 5048
3796 5679
3152 4748
9812 9873
5800 9783
4744 7928
8171 9558
5313 9645
1256 3606
1502 4478
306 4040
4764 7097
5381 8108
4853 6471
6184 9401
9688 9970
1232 2530
1704 8661
5067 8325
8017 9089
235 5072
9343 9616
3525 4423
4902 5594
7715 9611
2040 6872
6074 6560
1723 5367
1116 7701
819 5309
3745 7483
4878 5145
2078 5310
3730 8104
2861 3413
4866 5221
4501 7034
3296 8876
7212 7376
5876 8649
553 6563
1133 7200
1117 7020
6646 7881
7954 9283
6738 9680
6516 8631
5754 7876
5510 8434
401 7007
3863 6956
9523 9543
8954 9107
3750 9518
7601 8842
1662 7540
9209 9278
5895 7386
1776 3516
2177 9941
6251 8036
6214 9628
3091 5567
5088 8670
214 5537
5966 9818
2807 4001
8835 9188
6460 6765
4062 6218
8284 9404
6190 9387
1985 7130
7000 7272
7724 8598
8532 9082
4514 5163
8522 8939
9186 9400
6849 9810
6948 7571
2074 8175
7555 9678
4384 6668
2695 9522
2814 3667
8627 9380
7516 7746
7476 7969
250 8274
9450 9989
7153 8962
2108 6009
3298 3951
9381 9421
5146 5549
1268 5729
5578 6611
927 5738
3110 5260
3552 9881
2401 5750
4319 6000
7169 9255
5083 5257
9226 9671
6236 8009
6393 6644
3239 6397
6447 8643
2168 3294
493 1785
6267 8971
4541 8176
3668 9685
8305 8331
7410 9110
4352 7501
7095 7886
6018 8961
3378 6574
3820 5187
5963 9123
8098 9729
1519 7231
612 6335
1796 8491
293 4741
3391 5259
4784 5217
4538 8763
5523 7217
6945 8533
7985 8690
2114 8593
7339 7599
1279 5397
5597 6994
5735 8706
1491 9702
9958 9969
1747 7215
6645 9066
3526 8551
2193 8695
1024 5575
1670 9144
1090 7950
2863 6041
3596 4854
4926 7121
3116 3324
1143 1402
7073 9621
5719 7364
9232 9293
3949 5526
4194 8184
6423 8301
2906 5128
5477 8319
6336 8369
3492 6714
7456 8684
8825 9713
2451 4431
101 9790
1730 3894
3697 9412
9051 9308
7574 9606
883 8735
2000 8480
5442 5455
1547 7731
537 6821
8606 9905
3727 6724
5685 9636
3533 6922
4617 4779
6909 8752
788
1427 495
6978 2372
8597 5488
2905 2208
6581 603
3343 2946
784 21
4366 1568
1494 712
8784 52
8843 228
3215 623
1140 1122
6108 2145
7424 4974
1778 1253
1790 761
6906 3915
9042 3462
8307 4139
2936 1804
2719 2593
3032 2414
1753 1738
7621 4273
1931 586
4568 4000
500 44
1126 491
9444 5061
5196 3153
3274 507
6770 6363
740 598
4897 1010
8142 4335
1933 1917
5553 2864
6860 5664
745 136
4660 348
7204 1540
1946 1566
9124 902
5402 2526
6960 5041
7436 3103
8588 3813
8921 8388
376 129
3247 842
5094 198
9520 3114
2218 488
3126 149
6200 4882
9925 3176
2303 1413
8253 7581
666 205
5261 2133
3591 1408
5599 800
1003 539
543 267
9121 3141
3285 2893
8466 7612
9906 9724
1309 206
5243 676
7171 1583
4462 1326
1528 3
7826 5851
1524 711
9053 190
6038 325
6692 3512
9627 3537
7744 858
9178 5894
4351 1428
4197 592
6593 4141
5291 2044
6179 2763
4134 2146
3787 1880
3560 102
5344 2865
4871 2128
1864 791
6367 1506
1959 195
4430 3486
9764 4316
5704 3685
4028 2689
7267 6684
1296 1064
1362 447
9935 5005
7728 1509
8385 177
1213 178
9467 2335
4046 236
9160 1886
8916 7882
6225 1909
1467 233
2213 1463
3836 2885
9852 1397
9279 1297
1797 1227
521 502
242 209
2746 459
5324 5319
7250 3803
8765 7698
4091 225
335 271
2306 2260
4412 258
7324 1876
4555 3386
8553 2999
3967 187
3584 2801
4109 2978
5734 403
7404 2472
3592 1594
5453 1280
874 651
131 67
4690 671
2918 385
2789 1771
2618 1157
1534 590
425 184
978 629
6720 2606
5689 3173
9773 5752
1794 695
7860 7636
4848 3703
9398 219
7990 2961
2023 1510
5237 3704
5216 632
3336 1953
918 367
8225 5891
484 42
9954 9793
3358 1485
5584 1716
2096 692
6089 344
4846 2750
1102 810
776 640
3920 523
9814 7583
3082 635
2714 654
7679 837
6890 2971
6146 976
6562 2745
813 675
2283 1779
3503 2798
6037 1089
7255 3780
6299 3877
327 223
2132 1782
627 443
2139 332
7205 2919
5195 506
3447 504
82 81
8149 346
7437 3295
7474 808
5946 2331
5277 1989
3105 1975
5095 3242
351 285
270 90
4002 2355
4847 900
9760 3436
6989 3234
405 249
6988 4017
2730 864
7418 4364
5377 5363
6501 2252
5501 4789
5922 1822
7803 1477
6332 2294
7181 6240
8518 2384
8153 2513
9058 5209
5174 2017
2908 1545
3942 3595
4474 3998
5391 4794
1620 747
1348 650
5732 1170
5786 1148
2816 796
3427 3286
7374 2104
2607 2496
3913 1811
1068 974
3338 1660
869 694
4955 3871
2649 1932
7883 3303
6187 2595
2162 821
7372 3340
423 241
4506 1853
6634 5023
1765 1464
945 652
4358 387
4606 1784
8549 4224
8846 7767
5027 702
407 322
96 13
1627 988
778 111
8548 5434
3206 163
3866 2535
4024 422
48 16
8113 3532
5339 3643
1439 194
8102 2009
3058 917
7201 3844
5709 3654
141 112
3876 3145
8087 5130
2506 804
3001 1879
6131 4254
2483 2095
1636 606
3785 2189
8449 4892
6633 6191
7868 5916
9351 1247
6433 2806
9364 8332
7308 6990
9533 9222
4312 4149
8557 7579
3681 3282
7091 6100
7447 4021
4455 2298
2514 1040
446 432
6900 680
4747 1086
7797 3855
8680 7805
6793 1225
833 454
63 56
4113 894
5931 4796
5177 3930
959 302
3172 1867
7591 2968
8581 6321
2634 1532
3069 1207
217 160
5244 4381
4033 2757
5193 5054
3771 3319
2386 565
8078 2064
8431 5332
2567 871
1349 520
4678 933
3263 638
5033 4461
5571 4607
5068 4486
3012 2207
1339 280
9824 4179
5866 2212
3157 633
1591 1087
1558 1072
2657 686
7510 2846
1783 679
9045 1394
1257 417
5492 2322
9675 1168
1173 1006
4359 210
3994 661
434 103
3279 1661
8409 2876
9860 6086
6246 3128
7538 5765
8569 170
4986 2281
4965 4817
1047 55
9802 9005
9575 2327
6749 585
5443 5166
3830 2233
6380 43
6629 6537
3036 994
5911 1544
2989 760
9175 2041
2301 1830
345 330
6350 5606
3065 373
9349 2890
5700 756
7315 4101
6538 879
8500 5731
1215 497
4682 3935
688 561
5064 3612
9639 7244
6137 4051
357 171
2136 1630
5387 59
6355 5621
28 20
7363 4507
6626 4037
1759 1065
6605 251
3907 3549
5603 1372
6369 6005
8326 8259
8205 2680
8883 7794
1415 41
6887 3564
2131 1666
8097 7421
8621 4693
5255 3117
7827 3848
282 128
7396 3968
6796 6656
2468 1329
3477 2239
6497 4658
583 253
3506 1409
5179 1855
3106 1554
3569 1878
7002 1762
7978 3101
6042 5071
9311 5900
6754 3472
8642 2921
5029 26
6761 1819
5135 1270
3397 3350
2220 1335
5473 3598
9572 6458
8834 8440
8365 4516
4823 1513
7971 2336
575 18
8198 514
1674 1016
3622 803
5791 3276
3168 1032
5185 4439
7414 1764
9280 1271
9754 5921
9373 8632
7401 2317
1188 152
9594 5150
7898 7360
6874 828
1592 269
8455 5497
5143 1807
5528 4477
2036 1593
8662 5652
4994 970
7326 6025
2898 2696
2756 727
1097 1002
4402 2866
6528 1941
7576 1850
1511 609
938 116
2279 1833
4243 1862
199 168
7245 3390
5756 5183
35 1
6327 1994
7873 4108
8417 1174
7758 2966
9236 3102
180 6
4818 2063
2852 2622
9846 1616
7486 6828
6615 6151
1727 1075
8790 7300
3946 2195
121 57
906 245
4714 3737
9897 4098
1684 1537
3365 2942
3027 2973
3841 860
9342 30
146 4
7138 2895
8371 4562
1020 922
820 244
4363 340
5076 3374
9923 319
8530 7996
4603 2289
9501 5011
895 549
1575 719
3309 12
2901 1447
5129 3818
7829 1983
1861 145
710 473
898 449
2817 259
3496 3025
4626 1582
5956 2479
3135 734
5951 91
853 775
1647 1052
9074 7470
4712 1149
5529 2772
9612 125
1926 982
1356 465
7745 4911
3988 2991
300 254
2182 378
9153 2889
6365 5795
3714 79
4959 2206
1015 200
3603 2508
3122 1277
230 61
6263 5627
769 167
9485 943
2826 2269
6977 2531
6296 3576
991 569
135 7
2646 151
9249 905
5 2
7148 2997
9078 4059
5551 1529
3883 728
3308 158
5737 997
6864 4657
1505 890
7567 6826
7077 610
4530 3332
3435 2759
4922 3651
7527 4387
5416 4123
1701 1634
2240 1488
8052 203
5147 932
6133 4151
7658 7492
4209 15
811 321
3964 1868
7522 4099
8508 7708
7271 4153
2200 743
8206 2143
2519 2123
2735 1757
5676 4763
818 239
5302 31
2891 2161
7837 1347
2766 1523
9662 8461
8428 3167
9698 7174
3339 2706
2917 1659
8453 1849
4832 4816
7729 4931
8878 2402
9809 9013
579 257
1673 1649
843 690
3275 3154
2582 501
7337 5456
2042 1448
7479 4811
3888 1978
8789 8689
8090 4850
1848 838
5519 60
522 516
4074 2541
4619 4361
8435 2019
2342 764
463 10
9435 9032
5600 458
1160 485
1735 1713
4347 1234
4928 3932
7653 4751
3984 2820
8397 3212
7441 7281
8172 3121
7762 5948
731 478
1259 1056
8628 3814
6178 1175
2346 2232
5983 2116
4785 4057
1442 1176
8734 4264
8759 7986
4995 4543
4147 2922
9820 6417
634 220
4376 371
2577 1877
202 174
6610 1986
62 53
1928 1104
7063 4164
580 308
3918 3465
3977 2127
550 297
2151 1357
3237 2674
911 827
8482 3197
6791 5369
7299 6705
8754 1152
4354 1158
7014 1330
4991 2013
8477 2598
8408 8185
3558 1559
5807 5066
1988 366
6091 3419
6876 5933
1541 1385
1851 1473
4187 2089
6093 5612
530 513
8463 4526
2884 1139
4776 4025
7912 6559
709 510
7982 343
4702 1285
5639 3839
377 312
262 110
2672 2447
2529 1084
7623 3527
1699 812
2700 785
4196 4094
1287 518
2613 2500
65 23
2276 496
741 552
7748 281
1997 1496
5074 3376
7033 4843
683 338
6307 767
6959 3673
8913 2682
9514 8550
9801 3405
6356 607
5939 2169
7952 1754
7482 1292
2012 1952
7468 2475
5452 350
8377 847
7104 5360
1654 1223
9603 1459
2126 777
8150 4198
1291 831
3955 238
2432 681
2330 765
4627 1980
4730 4174
6685 4895
5666 2057
9676 7451
1027 619
1018 243
8746 1872
793 499
7047 2786
6488 5182
6623 309
3538 392
3254 2690
990 687
8272 984
7206 3644
5224 2417
1990 1135
3874 3119
9237 5371
7313 4365
3457 1836
5057 1732
4553 2243
9298 8999
7840 6150
9835 4597
5188 1403
4476 3266
3777 3720
6769 255
8973 3120
7005 6044
1474 608
8540 1705
5034 2174
124 66
4873 4608
6343 1389
4654 3220
8156 2216
5315 2716
5668 3677
1612 117
3054 1307
9383 5943
5643 2520
7243 6509
7019 2977
1579 1202
4466 2823
3127 132
6222 3394
6848 6204
5633 2404
8044 7030
626 551
6635 4394
9168 3362
4300 3680
2988 402
6939 2939
8196 5234
4060 3716
1327 1055
2484 1940
6726 2723
1039 766
234 222
5002 4272
