200
7109 8213
6130 7247
4312 6214
5640 9329
6608 9342
3797 8584
4881 9362
4265 5905
6723 9800
1262 4497
7843 8909
2960 5734
4283 7617
5707 8998
2152 7883
9089 9399
4756 7518
775 5117
6631 8294
3606 9442
9356 9372
4257 7054
1865 8133
4203 8189
750 3946
7397 7804
8844 9061
8767 9777
2446 5411
3458 4627
9052 9978
9244 9935
6376 9468
1389 1824
4613 6830
4017 6303
4294 4713
9721 9738
6125 9770
7834 8071
5696 6569
8601 8607
8145 8842
7223 8570
9496 9630
4519 7771
9976 9983
9453 9511
5884 7365
2636 8147
9885 9921
6403 8353
5985 8262
6578 8963
9296 9472
5771 9548
3050 6941
15 9177
7866 9022
9173 9810
572 1767
5157 5742
2110 7838
8180 8858
7436 9006
9509 9883
6234 9099
5187 7447
2392 8668
1922 7580
7640 8198
3060 9863
4354 5588
7101 9252
113 5313
537 3829
2868 3411
9107 9713
334 1878
7534 7908
88 3322
3670 6042
7032 8907
3070 8828
1470 7437
6108 7907
3537 6423
6877 9291
7525 8564
4363 8099
130 8848
3461 6490
9877 9974
2419 2438
2851 6866
8567 9911
9646 9869
6298 9438
5934 8231
5036 6720
5752 6404
8695 9143
3554 8940
6650 6939
2911 3907
9635 9852
6987 9679
5836 9779
6553 9806
6885 7578
6077 7541
2702 9586
3126 8305
691 3048
9936 9993
7611 7823
1257 6305
8625 9149
4097 6961
434 867
5168 6003
9901 9977
4347 7513
580 807
4197 5895
7418 7520
9676 9874
355 643
9304 9845
3257 7750
4375 5981
575 9537
6375 8803
2394 5775
1424 2801
6349 8056
103 5743
9613 9656
6587 9868
2684 6428
9129 9531
8898 9539
2538 4071
5515 9585
7124 9135
8192 8622
9168 9787
9335 9801
9844 9862
6800 8582
6583 6848
6297 7865
1761 5439
1942 7785
9791 9819
883 7801
992 8855
4732 5852
4280 8327
5477 7483
6416 8696
1391 5118
672 3115
5276 7548
9702 9821
3947 4899
2283 4698
4919 6069
3945 8280
2414 7440
2931 3859
954 3901
2611 5226
5616 8544
8274 9174
6991 8104
6006 9664
3149 3559
6934 9065
6655 9846
8827 9507
5291 9217
2732 8094
2176 9041
4869 9598
6155 7046
5672 8010
3578 7659
1834 2623
2210 2478
6210 8259
1388 5755
38 352
9520 9547
3443 5355
2603 6567
3739 5630
7331 7952
6984 8853
8244 8521
613
5222 2237
675 111
265 33
3992 2693
9733 1377
1042 189
5046 2640
6510 1378
4246 3752
7971 7760
4249 1589
664 306
1828 359
910 45
630 576
5602 3748
6847 6832
6208 3274
6308 6275
7879 1627
5208 1645
5929 3229
6905 2978
6702 693
5017 2240
2513 70
3145 868
3621 2543
7912 6646
4889 3619
2408 2289
4891 330
1574 236
3214 81
6947 1077
5988 230
9667 9395
5505 5143
2241 2005
2104 1237
6440 339
8674 1278
5203 3124
1577 625
3822 1853
4787 360
9383 6489
4045 3092
2884 2245
7353 1355
1414 1171
4225 2755
9337 6433
5391 4645
4013 2703
4630 2971
7984 1485
4125 3740
2146 1149
5555 3039
9328 624
7711 1723
3814 714
4429 1157
1905 1785
593 94
9545 8915
3809 1434
276 8
4066 3367
3562 1013
2951 1435
5823 159
2006 439
9608 7899
772 646
4733 1312
4691 1573
6978 2333
2803 1227
1969 429
4853 481
7751 3540
7374 6626
8859 8219
5888 1856
2052 735
233 13
5911 2619
824 405
7477 6356
1178 301
254 226
3013 10
6659 5454
176 93
9889 4903
9275 2439
4343 57
6152 232
6364 2768
1888 1884
9390 1650
1197 214
5303 2620
3199 2144
3176 443
1581 417
4896 3835
8369 8100
9152 7095
1010 556
3957 1102
376 162
854 488
9644 4000
1176 1022
5483 4530
1816 466
1453 846
7249 3121
9937 7981
6644 6135
6123 911
3109 1706
9194 8923
8772 6861
901 445
9207 6143
1966 1198
7451 6171
7031 1223
142 129
5571 5331
7896 2966
3369 2069
592 514
9589 6231
6835 1576
5622 20
9274 8513
3428 1261
117 43
8427 3200
761 237
8675 3524
3403 1371
2398 1774
5705 5211
1425 801
2015 1195
4705 2318
6388 4181
870 165
1626 493
3750 961
6071 972
457 393
6879 2166
9513 1334
3457 1279
2279 2071
6571 1970
5885 543
1638 791
6596 6372
197 163
5943 5146
342 120
6687 2324
708 123
1926 1168
5066 2367
4162 2107
2250 154
4834 2032
4484 2664
9834 315
282 173
9833 7986
369 278
7810 6981
6105 650
2602 2050
8208 5358
8389 1367
3710 623
8288 7614
5860 2737
7944 4183
3584 1406
1071 979
4381 1847
2079 1086
9071 6102
5692 5557
6607 4407
1753 1336
4762 3873
6775 1065
1850 850
6378 2320
767 689
6907 2928
6408 2497
9354 7048
2601 2597
4623 4032
9671 1709
6971 456
7039 385
733 388
1794 607
6597 2399
9606 354
7887 5790
7067 1137
4609 2327
3953 3254
4299 3093
6168 3984
2855 2418
1890 1745
9086 9074
1880 799
9903 5247
6469 5250
6572 3059
6334 4832
4913 4060
4619 101
4370 1515
5525 706
634 49
8201 4871
5597 4928
9059 6794
8118 6688
5451 4362
6589 4626
7215 2224
239 35
9419 1446
1260 1024
1967 1688
4358 283
8986 459
5930 3368
7978 3481
6750 1310
7232 5799
7169 3144
4428 1555
4301 1632
928 465
3309 1379
9940 7275
1412 275
6342 1282
3114 2143
2058 709
9034 2120
273 204
9426 8891
8083 6064
6959 6338
9005 4958
4677 2093
7480 6189
7652 4728
9855 2459
5901 5267
1659 984
766 17
26 12
2454 640
1238 66
4476 1563
9840 688
9392 2121
6896 5869
7608 2475
6396 4351
4729 3700
150 9
1046 879
8566 3288
1443 170
6256 3613
5961 559
6492 884
8020 4552
1317 1164
1038 490
30 2
2453 1524
7980 2116
2161 811
166 65
6953 2988
8443 28
8080 2565
5304 1286
358 323
9478 497
7717 1765
967 659
5844 4488
2869 2508
7235 1091
3265 888
8535 1433
4724 198
8120 7605
740 68
377 11
1622 227
8155 8117
1758 1710
1320 367
3011 1048
5386 2673
4801 2433
2527 2445
7306 6164
2650 2638
3237 673
7946 1224
4408 4274
751 715
9712 5374
61 60
9110 2592
8411 6811
1357 491
8106 7432
3689 3178
1949 1172
5216 5202
4479 1612
4276 4253
2411 1541
7802 6963
1308 255
2239 2171
9235 6882
7701 3153
7877 6269
1486 1216
7604 3451
6854 3655
1676 648
7528 682
602 507
5864 5150
9725 8875
3515 2697
6539 6068
9266 5820
4266 1900
4049 526
7110 326
4802 4367
7718 5369
2296 2100
58 42
2585 2315
4464 3352
2912 1915
1940 755
7300 3058
1735 633
1072 669
9300 3341
7226 7000
8983 7489
8720 5539
3777 3252
3671 3160
6099 4790
9062 87
637 169
914 258
1783 1210
763 253
2839 2817
9245 1303
818 616
335 82
210 96
7091 5761
3167 2462
6348 5845
9224 51
7206 5356
3356 1879
9176 3747
9543 1385
7554 4116
3120 2001
6066 5848
8457 2698
2422 813
5680 4094
3769 2760
619 164
2560 1392
6187 2122
427 298
8152 4267
8770 6588
7574 5805
7387 4356
6521 288
604 433
3630 1122
9887 8796
6842 5043
8797 6966
8865 3435
612 75
5474 1213
1001 225
1815 975
9734 4575
2505 1409
8380 4078
9455 4231
7259 6027
9494 5004
6399 474
4658 2764
6136 1219
9451 3329
2899 80
190 91
7370 1764
8193 966
8438 5518
5717 3905
7762 6470
4786 3280
4050 3007
6481 5589
3662 2377
8936 2933
8505 5715
2187 52
3897 3602
5759 2796
4318 1881
9208 6814
2546 1909
4679 1114
6315 4776
8075 3615
1854 139
538 517
3916 1365
8130 3158
802 551
1332 383
545 468
5494 5440
9413 7303
411 89
1088 739
53 48
7178 1462
5576 2217
340 32
4847 1270
2424 2410
8141 23
3806 1730
8248 5989
881 134
9620 5760
5758 2735
192 127
2947 1544
9774 6000
7668 387
1567 1517
7738 6186
7236 5694
8375 148
4446 694
8139 5490
7272 6169
6472 1624
5812 5163
7805 7311
3279 331
4976 2618
9730 8922
2385 1160
2246 805
9311 72
5332 3187
7744 4420
8361 4562
8007 4334
9190 7362
5733 4176
1291 1165
2396 711
7895 3130
5037 266
6352 1207
1561 912
4435 4314
5969 2312
7529 6325
203 78
9835 2930
5030 4780
452 440
8700 6398
9418 5770
9261 3465
814 550
9972 6310
9016 681
4863 2740
3838 3201
7821 2148
5102 1836
2991 1597
765 384
6448 5840
7417 2444
6778 1311
9048 737
712 577
7335 2013
9941 6641
748 186
5436 4533
2677 2383
1503 241
2165 217
8171 4709
4038 3256
9292 3958
1113 503
5318 1885
4510 3593
6397 1801
5893 4632
9084 4711
3244 583
6751 5551
2586 1846
921 533
2266 1520
6101 1322
6330 558
8697 7889
8134 6401
3976 3434
4062 3816
9967 7145
8423 7873
6937 5567
717 281
2321 1358
8084 3269
4021 462
9195 302
2701 2124
3736 1369
6363 4800
7796 3263
2440 1769
5396 4150
5639 2953
1790 1027
1055 205
3328 1568
1427 208
121 115
5916 2690
3692 2581
1603 716
5096 4718
8999 1505
7233 4350
9269 656
5279 1770
2969 2866
1359 853
2041 270
1992 501
8727 1169
4417 4378
8109 7117
7892 7029
9917 1154
2498 181
7430 1579
9050 3132
6635 5255
1511 788
9990 8479
6487 5540
5232 4269
8795 6268
9449 705
464 108
9367 8282
2617 2184
8752 8187
