239
5218 7661
2524 4579
3554 8750
5475 8072
5536 7607
5564 7546
2024 6012
238 7714
8371 9822
5595 7444
2349 7271
2576 5897
8839 9892
5828 8210
5359 5365
9133 9178
166 5549
868 2195
7972 8271
5491 5913
3629 7189
339 5805
8194 8383
7259 8392
7508 9334
5699 6031
5577 7001
2202 2992
7210 8962
4979 7358
7008 7434
7111 7627
9269 9440
5976 7391
2008 2325
7082 9871
2241 6182
6763 7051
8284 8332
4605 9828
1584 6867
6671 7023
3468 7885
4956 8783
3570 4222
6798 8634
2422 3518
5072 8924
2007 4285
1031 1568
5027 5632
6195 6531
6807 9971
7431 9745
3187 9293
120 4062
2442 5358
3294 4302
3498 6085
2665 5332
3908 6932
3065 4362
2503 7594
183 1264
3385 9371
8346 9288
76 3484
7412 9271
4446 9638
1216 4608
8984 8994
9231 9242
8639 9640
5280 8385
4404 6711
1430 9997
5534 8858
6643 9500
80 8114
6751 9378
5708 8008
8666 9554
3930 4566
1688 6881
2156 2948
1562 3895
4464 7528
5121 9774
8646 9749
2469 3403
5667 9933
8283 9167
5200 8799
5568 9864
8627 9461
1413 4281
2911 4940
2482 6678
1513 2590
738 9200
8036 8481
7810 8423
9130 9321
2444 4442
266 4145
2146 8476
8938 9980
6510 8384
6961 7346
3977 7881
846 3506
6902 8906
4331 8549
6293 9733
8420 9743
8846 9962
3915 7274
5881 6878
3068 3254
9465 9495
4854 7212
3276 9508
2982 5097
6950 8698
3305 6559
7626 9525
5260 8980
2937 7631
2580 3824
1346 2283
7221 9412
8933 9660
8802 9545
3903 4902
6335 8618
9958 9972
2009 9417
5277 8415
4439 6103
8086 8260
4303 9202
1669 6728
1352 2209
5161 5563
1306 2110
5782 6310
4210 4767
2053 2748
2543 8921
1699 8440
5529 6984
4110 8874
9775 9885
5841 7654
824 5179
4756 6761
6246 6742
5565 5709
3031 7386
3784 9917
563 7628
1843 8328
6401 6847
4528 7653
174 3435
4056 5185
3876 9570
3547 3869
2608 4552
775 9082
9351 9827
3263 5374
5201 9386
9286 9999
9088 9472
3330 4158
7496 8985
2135 2179
28 6745
9408 9606
1421 9439
4687 5922
3134 8449
848 2763
4920 9141
9198 9457
405 5426
8329 8892
7473 7922
1242 5654
185 6548
8380 9389
7068 7172
60 4104
2278 2675
8546 9789
9359 9707
2737 9930
9238 9616
2076 3087
2295 7716
4558 7436
9223 9385
2109 6323
1880 4075
7946 9382
9374 9601
7862 9460
2716 7028
8879 9558
2463 3806
7521 8910
5098 6893
6321 8804
1051 7173
5994 7140
1866 6966
1159 4882
4847 8622
4619 8092
1364 6662
7450 9591
3812 6588
3158 6885
1932 9710
6978 9990
9575 9731
2324 2838
3797 9123
1888 9012
971 8525
8682 8849
4389 4549
4870 5689
435 912
6191 7090
6884 9955
9521 9943
1237 3988
474
5361 1758
7662 451
4244 3853
6900 5921
2902 2054
2536 1232
948 761
5465 3256
2978 687
853 402
3668 1954
26 23
9019 5301
4192 630
481 101
7005 5894
3780 433
1937 1579
4867 4134
144 137
2114 910
564 455
9924 8343
5901 5425
710 453
8405 6592
31 10
1441 381
4976 4443
7280 4572
2866 1312
4837 211
9329 213
9154 1074
8555 194
5580 3117
8338 7215
3826 2947
3715 1136
5566 4328
9291 2848
1676 1085
2062 1267
4242 3490
6075 3155
8965 4275
6560 5971
8183 6441
9567 5950
2470 125
752 709
3448 1295
4620 3650
1121 450
3123 1367
1259 132
6816 5908
395 335
1257 189
4224 954
1798 645
2153 1708
4514 4336
7147 2802
9646 1547
2540 711
4259 3451
2079 729
5720 1803
11 2
9704 7038
7073 6033
3581 449
1079 1057
2000 1443
9806 8902
4051 2575
6469 4061
43 33
6197 1466
9216 5014
3613 703
2408 479
6525 5774
9132 983
3384 2818
5878 4731
5829 4730
4023 1184
7304 237
376 262
7966 577
8342 4414
9925 874
570 138
3349 2879
5834 1144
41 32
6082 4405
1943 313
5784 3054
2774 2609
3277 2781
3316 2048
896 115
6194 537
2509 1561
4699 795
2233 1902
7693 4994
6087 223
7671 6309
7798 2804
8044 6741
677 319
4515 1809
2424 346
8612 5381
4962 3184
7042 1455
683 117
422 198
5410 2593
2935 2732
214 200
9767 5687
601 240
2379 560
1560 356
4143 3331
1145 208
9038 1215
1820 1261
6178 3101
580 359
4113 3168
4503 4455
7774 1972
7337 6695
5487 830
7719 2313
5629 5116
4917 2164
4193 1939
3091 2936
6027 4118
9494 717
2679 2244
6799 2399
4306 27
2570 1616
2638 2211
6965 2083
6944 3799
3736 3516
4396 3537
8852 5542
6935 6148
8432 602
4980 2563
7167 4796
2035 613
7829 2284
4673 1284
5132 1396
883 758
2495 666
8068 3899
706 702
4338 338
9510 907
3653 3211
9821 9480
2190 1986
3048 1193
889 588
8872 7651
6757 4671
357 64
4557 4017
4395 1714
2738 2721
7324 4329
2526 2094
8553 4838
987 387
5865 252
3228 2877
6998 2231
7821 1873
6228 4387
8886 4642
6475 3754
8591 1942
2767 439
6224 2779
4949 1481
9062 6859
5007 2623
4645 218
3813 3206
8934 5015
6899 5817
7926 6212
6283 789
8527 5505
978 79
7872 3752
9669 3111
7103 1434
5337 260
5567 1631
5858 3665
4048 2880
7916 7253
9267 2780
8723 6351
813 256
3333 1007
4732 1651
3416 3044
3138 1941
8927 5140
6710 5573
7479 5569
4553 3948
8393 5055
3375 3363
4646 1654
4474 2579
7471 6477
6672 3115
9326 1819
3788 3137
7016 4082
7769 4125
5964 3478
831 370
7169 6549
9312 9041
2825 1860
5022 4961
1325 991
1789 1326
3229 2673
4941 500
8295 5158
8319 3224
1569 899
1666 739
6650 672
2102 1911
6289 4755
2786 264
8024 5054
3207 2554
3981 2797
362 229
8296 2066
4348 3321
2928 1189
6105 5575
9709 4576
9785 1821
490 427
1673 1458
349 37
2319 99
3524 1517
1564 621
3779 618
8564 1303
7936 5025
2545 1830
5581 54
3783 1347
1287 940
6263 4598
7065 1285
1883 1023
408 295
4097 812
9420 608
9427 3687
176 3
3602 430
7761 1765
2970 1397
7939 3996
2344 950
1099 1005
7226 3327
6028 5048
1497 541
2969 2447
9403 5612
1204 622
2491 429
8441 8102
1920 277
1452 967
6637 5623
7553 2777
1349 974
7288 3500
4108 641
8506 6286
9515 6934
9652 7242
6658 2791
5685 1691
8605 6079
798 234
2530 2396
2080 82
508 130
5926 1188
8537 8240
6058 3999
1211 186
6674 6083
3923 44
2314 919
6042 5138
1823 1178
9907 6005
6642 3766
3805 2574
4072 1002
4997 1748
7633 7117
9475 8569
4273 1468
9158 8746
6576 2272
3934 219
3818 1137
3695 141
807 676
2160 355
7505 71
7256 5600
6872 4377
5909 5488
9901 4937
1897 856
9539 8704
8340 3285
8290 2166
2951 254
1009 226
4800 1465
6489 882
8621 1770
1263 615
8104 933
2977 2302
5647 255
7290 5405
5598 390
3415 3027
828 139
3078 232
6989 1898
3069 1049
866 484
5126 3372
8526 1394
1785 597
861 586
5835 993
8511 8034
9419 2081
3709 742
4505 3563
5545 5371
8967 964
1539 325
6417 6102
6810 5350
4520 3442
8692 312
2229 377
7449 509
9346 1767
1851 1822
9324 3580
4433 1757
5714 2117
634 407
9257 2498
4509 2252
7455 6180
8212 6701
2754 2582
5267 4703
8599 230
6841 5234
1524 1203
7667 6086
9413 3183
3220 1682
9764 2501
4589 3362
7127 920
3635 1314
7084 5526
7554 1008
2317 1656
1375 350
7772 6034
2477 1004
1205 990
551 501
3560 1453
6845 6447
8814 5761
2664 574
6555 873
3315 2735
9081 2069
6201 2155
5608 3336
2403 1451
6225 921
9425 793
461 347
3912 249
1170 935
2287 927
1997 1559
9670 9362
1541 1317
2063 1730
4839 1108
9906 7095
8168 3182
5558 1909
674 476
1501 770
1254 272
1503 504
5258 913
1227 796
8908 6953
8311 2707
956 657
4063 202
5056 3326
2761 146
888 806
2757 342
3252 1863
1695 1039
5130 4271
6400 4029
8941 7968
4148 4088
6368 2899
7786 344
1392 1323
4487 1152
6200 2569
5556 2897
5963 3096
452 81
3103 2154
8023 4873
8572 8082
4040 2612
9255 1715
4690 4115
4432 534
3980 3674
