327
5508 6968
5039 6178
1217 6051
1038 7509
2304 2837
9548 9727
9382 9807
2283 8690
84 483
4921 6598
8685 9503
8734 9499
3804 3915
4952 6732
3763 9597
5565 6165
3444 8954
8192 8616
7986 9777
4091 7070
503 4208
589 6231
9847 9862
2727 8520
53 798
1245 3276
1330 7029
5625 6538
2362 4587
702 5809
6004 6984
5483 8780
2756 9222
2872 3317
6908 8618
5756 6577
8787 9160
4465 8429
2265 9107
8547 8613
3797 6590
9126 9257
8801 9728
9562 9746
4188 7080
7419 9211
9852 9908
2392 5446
6013 8363
1356 2115
8600 9371
3643 4055
8435 8970
8238 9603
1876 4344
2671 8077
6312 9649
4281 5169
4800 5722
7787 8585
4081 6796
1905 4130
2550 3347
9061 9725
8748 8822
4945 8440
859 7305
3456 4818
655 6065
2267 7820
6884 8002
7281 9187
295 8977
8227 8852
7455 8062
1825 7472
4005 8606
7479 8371
2184 3889
8352 8400
7506 9208
6773 7171
4914 6167
2631 9041
2621 5139
3329 3801
4087 6384
5717 8843
7864 8174
4388 5648
3820 4898
5320 5342
1877 6844
5739 8885
730 7088
898 7135
3914 9147
6415 8557
6130 7232
745 3200
394 7782
5101 7975
9182 9605
6395 8428
5994 8950
6288 6763
6873 8586
7357 7550
921 4699
7651 9131
2820 7799
3805 6543
6083 9075
2298 7716
4737 8166
3630 9694
5820 8500
1741 7427
9084 9480
1102 1499
6150 6834
744 2643
6132 9351
9498 9662
788 8773
3786 4256
9781 9844
5858 9332
7699 9255
8357 9824
6957 7225
2122 5512
1902 9533
2295 9193
6690 7728
7858 9276
714 6135
8116 8818
682 8764
2365 3322
4363 9385
4143 7505
4166 5422
3202 5400
4009 4953
1403 3153
5405 5604
1310 9716
8875 9961
5492 7882
7039 7507
6398 9157
900 2423
558 6464
9731 9917
2979 3214
9015 9520
668 8771
4868 6028
7129 9197
7207 8218
599 8772
1394 4443
6603 6900
5814 9659
6190 9319
1755 9976
7467 8249
1631 3383
5423 9013
4177 6338
1286 6189
6786 9773
7202 8530
431 1056
7853 9179
9374 9802
5930 6439
3823 4409
5705 8465
7497 9487
609 9088
8859 9464
7753 8511
4163 6911
8092 8815
7876 8149
4351 8078
9965 9973
855 2294
8749 9561
1319 2049
9032 9816
7941 7984
7178 7568
560 1391
5321 8906
6736 8367
2045 8549
8998 9330
9400 9658
7269 8903
6626 9818
1317 5572
8541 9347
5350 9989
76 4084
1258 3415
7962 9788
4254 8622
720 8225
2437 6573
362 6366
1537 4972
5807 8110
5976 7371
6277 7959
7843 7900
1133 8447
8423 9574
2998 9524
2960 5065
1890 5220
6494 7647
8212 9983
6420 9987
7841 8093
8417 8848
3627 5502
5179 6258
9345 9884
2046 5112
8204 8592
8326 9894
5356 8891
4237 6211
7262 9221
7489 8398
9282 9450
6715 7514
4191 7835
7266 8897
4347 8016
3281 9507
8643 8936
6868 8723
171 4611
103 9855
9530 9835
2680 4605
2974 5216
842 1272
4896 5536
5895 8210
9733 9914
5913 6296
9066 9691
8418 8747
1729 8612
5980 7229
6938 7838
9206 9740
9794 9901
4209 8377
4109 9622
238 4199
7085 9601
147 3649
6403 9619
5677 7439
8546 9893
116 1898
2138 8877
3445 7735
4245 9630
2712 8574
3376 4683
2826 9241
309 6336
7280 7839
3992 5075
4492 4933
2749 4565
8139 9991
8558 9761
6356 8208
974 5894
4039 6869
9509 9551
4920 9189
8053 9054
3980 6069
262 2217
4488 9663
8917 9098
8873 9809
8125 9245
9577 9858
9845 9927
5219 5357
6210 8387
3469 3764
5853 8316
8202 9236
1350 5256
7732 9661
5000 8489
4107 7252
7022 8902
2263 6960
1522 6716
3806 4496
2102 2657
8930 9294
6008 9082
7299 9201
4095 6219
7468 8847
794 2658
6791 6822
8354 9023
5414 7402
7220 7492
3653 5018
3856 6049
6516 7458
4522 7046
438
75 6
5430 1828
9537 3775
1465 1362
6946 6208
2883 2616
2674 719
7169 1238
2432 2188
908 704
77 1
2905 1768
9996 7428
2742 1937
5316 4070
2845 880
4709 130
3183 743
4206 4012
6426 1182
2537 1215
7096 3770
5273 2242
5268 2340
7298 2366
1872 347
6359 3719
6555 522
912 338
4723 1361
4075 3046
787 151
6354 3064
2028 1633
1275 784
6399 6358
3095 1571
1376 1234
6129 2236
8821 3506
6615 1850
7223 5030
9228 2734
627 532
8984 7897
6703 1976
7624 1871
5591 331
3795 1455
4887 1253
5793 5278
768 753
9683 1140
537 459
8366 6762
9693 637
7676 2420
5282 1713
8845 3708
6112 189
8879 4770
8967 2139
5732 1605
7393 6959
3909 3903
8126 7477
5671 1718
2024 1290
1663 387
8535 7909
4832 2001
7928 4345
6499 5208
3964 3963
2977 1481
1025 31
3143 2439
5744 4662
3048 1959
5019 2946
6564 230
5827 2319
4609 2931
9360 996
5540 2429
54 11
2993 1034
5688 1351
9556 7922
8414 3314
2223 399
5923 1698
1707 608
8101 6783
297 7
8407 5047
6169 606
5555 724
8720 7398
3890 464
4733 2879
9721 1142
3704 2203
9141 3436
5011 2305
2635 1030
6498 1680
8741 7763
5951 212
3776 1435
6133 2676
2385 958
9375 8661
4983 1022
8484 6739
1800 406
9169 2152
4731 2350
3703 3549
6181 4501
9625 1822
6105 2843
4119 3602
5132 3500
4968 2764
8498 5703
7494 7053
5302 2443
4050 1285
2769 973
7235 3523
7848 2953
8448 2808
9225 3756
5424 5074
7508 2486
7680 4685
3206 133
5694 440
7282 6826
4229 4182
4768 3784
8123 5526
2941 2051
6986 1688
4995 4116
2465 2050
9006 821
6076 2915
3080 660
8443 5539
4808 1043
8458 5345
2434 1426
3450 858
6825 822
9461 6294
9456 5334
7660 4427
697 520
9864 6511
1672 357
6246 143
2020 538
2284 183
1505 351
2704 1208
3976 169
129 115
7591 4549
9626 7805
5361 3003
1373 337
3713 3515
8957 500
5489 4318
9653 1650
9287 3887
4636 2253
4043 2644
7540 2433
8995 8449
3966 2575
8993 7105
1019 195
6593 1213
6726 5486
7689 1888
9559 2357
3581 2058
4547 2156
5530 1080
9672 713
1842 513
6119 239
617 272
3191 1988
5860 5476
8583 6168
3331 308
3230 44
491 327
6489 652
122 94
5576 3792
6304 5387
7011 162
4682 2175
6635 2549
7278 6524
9820 8275
4708 1199
1860 523
5867 2702
8453 4172
1248 1124
7776 4412
7752 7025
9403 2182
2495 1336
4663 2302
991 750
1675 452
806 203
2511 1504
9105 6388
8680 3858
4036 3295
6461 1915
7721 5471
8373 7757
9924 8951
1015 422
3274 1349
7704 1357
3533 2748
6424 6036
4034 3263
7932 6375
3325 3023
4024 1950
8026 412
9880 3247
6313 1526
3181 1112
5378 199
5317 4745
2824 925
6883 3422
9865 7967
4062 3769
5338 2542
5346 3948
3663 2590
6898 1621
7905 7416
7024 3127
3676 242
4864 1909
3944 249
9934 301
7328 2003
68 5
2841 211
2359 598
3371 3293
528 70
6971 414
623 254
1456 690
3799 2618
6005 3400
6171 1078
413 81
229 187
9591 3477
3195 12
2164 548
3783 1232
7737 6314
2053 514
1780 1146
3969 2255
6785 4759
5197 2536
785 222
6225 2805
3892 657
6446 5516
9077 3302
8224 6091
5718 1777
8556 8168
1738 913
9579 9388
5441 118
1727 1002
3393 2882
7405 1225
9558 3472
8504 3283
3716 2943
7788 893
1143 149
8673 2150
1257 661
6100 2422
1648 755
140 37
3973 196
2127 1999
5825 4368
8376 4765
3644 1714
7736 5873
3359 2323
8189 3528
7585 6218
6387 1305
2056 1326
1214 487
6823 4826
3848 3512
2773 417
2600 42
7383 66
9308 55
4225 3373
9500 7636
7910 5761
7522 3494
635 19
2862 836
2386 2091
2649 1930
8356 7051
7751 3766
3886 1039
7215 3069
7276 5639
7687 638
5702 1053
6578 6287
3876 3108
2793 1973
5525 3174
4809 250
4494 3156
7657 3111
2095 943
9285 4834
5696 2201
2382 846
4495 428
3619 1459
1904 934
5108 3977
5175 3253
9995 3041
436 404
8399 6438
2480 1721
3851 3666
8147 127
2088 1434
7033 4121
2225 486
7538 233
5215 1239
5988 2847
2394 1246
8018 2307
5494 4835
5012 1203
4283 3362
5822 2541
3961 2552
2395 446
7144 5672
5443 2241
2985 1341
3940 303
7849 1773
602 547
9684 4261
8261 7361
363 355
3186 178
8090 1548
7741 2619
5480 4693
8169 7040
7860 1587
1995 1298
4502 862
2177 2090
4570 772
2609 1803
6550 6265
6608 1881
3674 2275
2292 1668
3681 2484
322 17
5634 765
6019 2445
8102 7542
3173 1014
5154 3165
9336 1998
1821 1109
9732 52
8831 552
9053 8332
4982 4385
4326 649
3933 3803
286 14
2417 1857
6741 613
672 288
2178 754
7857 1073
4181 1681
5226 2986
5089 656
4046 2809
1949 780
3974 3640
8143 7950
9560 4014
5399 3696
6284 2498
7815 1639
574 480
5581 3881
8186 5307
4092 134
