656
7354 8624
2615 9598
529 8104
6959 9085
5834 7747
5317 8838
4546 6793
1304 9937
6967 7444
453 2967
5663 6983
3504 6688
878 9673
9769 9908
336 4364
9567 9814
3300 7313
5518 8617
8292 9889
9929 9930
2604 5506
8201 9005
7648 8177
9794 9911
5004 6601
2306 4940
2155 7884
7476 9959
3476 5947
2082 2726
3094 6838
4990 9836
2235 5664
2144 8863
9608 9892
3457 9495
7179 9955
8519 8738
9906 9986
5199 9921
6416 9113
3534 5380
9522 9584
1066 5455
2380 8409
4219 8291
7661 9178
6748 8261
5900 7806
4528 4670
59 2323
8559 9352
7449 9444
4111 7842
5820 6321
6804 7699
4373 9712
827 6693
3733 3972
6647 8555
68 3879
5790 8625
1008 7607
1332 3246
1358 8939
4643 8844
8883 9314
1556 3265
5377 8654
7146 9460
7681 9278
4873 7454
8112 8212
8541 8824
8468 9607
7518 8784
7106 9734
71 3420
44 7474
4647 6602
5197 7109
4661 9149
2815 8726
3030 4330
7258 7881
4861 7227
7599 9922
655 3554
1213 7910
1408 3488
3742 8934
1209 9452
9746 9865
8522 9266
628 3427
4328 5966
5439 8963
7312 9364
459 2626
7864 8073
553 4121
9223 9423
4303 7876
9874 9932
3635 4405
3563 7073
8228 8410
986 5720
3396 5890
2695 7323
3980 9354
1224 6432
1697 8530
6636 7308
9539 9999
9159 9194
398 6311
3217 8346
9212 9513
2831 8126
618 2761
1763 6960
4669 9409
5383 8315
1206 3385
2620 4389
1223 8813
381 4290
3575 4245
1565 5832
701 7712
1888 2779
7875 8686
2624 2768
8952 9383
9972 9989
411 2414
1757 3319
5025 8615
8459 9403
2827 4689
930 4226
7995 8695
1507 3933
6445 9173
840 1779
5782 6943
4493 9385
113 3035
9540 9998
8174 9816
5749 6701
6781 9841
1423 6665
8627 8702
5123 6382
8357 9709
1695 6720
4809 4925
2900 5811
30 2929
5178 7694
7877 8211
3628 6775
6021 8171
9459 9490
6685 7148
5286 8450
490 2928
1820 2913
6246 8688
449 2455
4561 7344
6155 9738
4932 8959
2121 4395
9781 9966
5040 6097
1027 8445
6170 9438
9788 9847
8974 9029
772 5694
6363 7183
2001 9974
7510 9388
3485 7264
5268 7540
4644 6646
6422 6461
4576 8487
5859 7278
246 1976
9748 9851
5222 9606
4020 5391
9377 9501
777 9384
3067 3254
5538 9542
8942 9075
6226 8933
4117 8483
3827 8006
3013 9475
9477 9997
2258 3264
8495 9660
5665 8564
9624 9751
4264 5536
4190 8220
4860 6297
2558 7284
6478 7453
3317 5319
6353 9441
1824 4805
3984 6510
5246 8454
534 3017
7716 8192
6075 9882
2374 7972
3136 6638
6628 9449
5463 5704
3907 5711
2956 6535
6301 7171
824 8787
883 959
6 5259
2128 8552
4599 7328
8464 9417
5719 8427
1107 5186
6081 9362
6202 9339
4956 7861
6649 7782
554 3995
4577 7203
7631 8196
191 9975
7898 9058
1807 9043
2000 9176
9203 9919
4680 6558
9965 9979
1900 8132
6066 6580
8252 9899
8478 9578
2445 3770
8962 9232
1808 3898
9478 9637
7821 8614
2028 8653
5034 8466
7769 7994
4630 9885
3152 9359
7045 7178
2907 8890
13 6842
6222 7552
3174 6080
2783 2810
9588 9819
876 4588
4579 8525
4826 5389
5204 9489
7548 9175
3896 8325
4777 5087
634 9328
5400 6859
6204 6330
8809 9307
7205 9798
5572 6271
1056 6333
543 2877
3758 6166
5740 9493
3912 4520
8044 8680
1771 5403
8671 9465
8307 9312
1838 6314
2824 9806
863 5771
64 3414
1097 4476
7955 8372
3850 9667
7295 7545
8336 9724
9697 9980
333 9702
7855 8331
5531 8388
888 3224
2207 4738
7187 9834
8290 9119
5365 6213
1383 2276
4487 7611
5052 8166
1031 8428
746 9831
4100 4725
5521 5691
5935 8928
5631 9840
9481 9526
1883 2333
9427 9890
8712 9978
3144 3794
9536 9626
6435 7825
5230 6309
6398 8810
9773 9988
7811 8175
5069 8255
9696 9825
5903 8040
6158 6894
4712 7504
2581 3615
8154 9655
1658 6205
9990 9992
8398 9447
5252 7723
1328 3663
3401 5503
8182 9604
9587 9714
6091 9931
317 8644
3081 7462
8493 8599
2270 6671
3073 8628
1264 1348
6846 7824
3207 6454
7336 7939
718 7563
7652 8267
5282 7207
5940 7640
6866 9469
711 3614
5322 6385
6829 8097
4603 9884
3769 4791
9120 9678
9829 9996
3316 4374
3046 3192
901 5112
5848 7429
4609 8129
8517 9877
6446 7386
9923 9964
3274 7117
1633 2596
1207 8992
2664 6589
776 1271
2429 4622
1575 3611
5937 7065
5308 6621
5288 9807
660 7791
29 1620
6963 9425
8975 9170
7826 9152
7017 9268
851 4781
5863 6268
4569 5621
8119 8807
6560 7365
4451 9562
8352 9160
9759 9792
582 5181
8535 9686
7774 8305
9061 9826
9446 9558
6828 7390
2315 4642
5677 9155
2893 9880
2401 2953
6082 9086
3053 7653
9484 9737
4103 4967
552 2360
2764 5674
6221 6384
892 6824
1983 8968
3696 7104
3953 9859
8265 8870
2955 6699
8202 8472
1929 3992
9517 9676
8003 8741
6277 6640
1931 7338
9091 9869
3091 9525
8503 9613
7874 8922
5856 8954
8674 8778
3518 8682
3019 5652
6679 9572
734 7159
6078 9946
7458 9687
3358 6107
6865 9983
28 4216
2609 7789
7906 8808
2597 7547
121 9595
9808 9813
6704 8412
5894 7677
4365 8507
2378 8721
5693 9421
837 1315
3097 7286
636 7830
1608 9302
3637 4243
2925 7304
3592 4952
9007 9763
47 4965
5214 8879
7745 9332
1945 2384
3939 8598
8120 8762
4455 8116
6007 8739
7888 9683
2437 8798
9379 9905
2010 2959
2111 5239
1817 9545
4713 8319
882 6328
5471 8763
1718 6028
3943 5737
9873 9970
2160 7866
167 5065
7923 8191
5397 6767
4949 7914
6130 8965
8395 9213
5064 8929
1622 5872
4676 4989
5584 6834
5714 5785
5883 6746
4170 8186
6625 7244
4574 7638
151 4221
5942 9934
6065 9374
8123 9809
1054 4627
4288 4618
9603 9704
7934 9938
4042 4082
3847 8260
6258 6752
3699 9215
8976 8981
1776 3812
6379 6452
5555 9310
6184 6645
6118 7938
357 4327
3473 5196
495 7872
8728 9291
4135 5061
8825 9503
5300 8880
9912 9915
1130 6764
9017 9871
8997 9651
9719 9858
9371 9957
551 6485
7954 9139
9301 9576
3743 7442
4072 8881
1947 9028
1553 2165
8948 9242
6660 8995
7370 9886
8240 8396
2355 3325
3271 4820
2634 4436
7983 8986
8130 9382
8160 8378
6521 9265
7940 9530
58 8664
4567 6106
5414 5773
8020 9652
133 2527
4859 8155
592 3147
2593 5979
2506 7269
8647 9731
1572 1895
8589 8772
9191 9902
951 1082
7002 7710
8558 8666
4212 5110
1312 5837
4362 9295
5560 9140
745 4675
3288 4883
4585 9842
9117 9935
1187 2600
5943 9032
6499 8574
1862 4589
4215 5644
7993 9060
2526 7310
4885 8199
6247 6811
4894 5434
3839 3910
2812 3792
3821 8275
3916 7941
2498 8727
9916 9920
9666 9726
2291 9893
5544 6472
5850 7373
9418 9833
1020 3914
9703 9784
7870 8351
3068 3787
9179 9559
9694 9925
854 7528
5855 9529
7288 7713
3449 3731
173 7331
8462 9049
7256 7895
759 5060
54 5690
4128 7425
5603 8419
4254 5633
6300 8565
8107 8641
7683 7767
3955 8867
9187 9755
6737 7896
1421 2601
1510 8496
8311 8509
3942 4423
5804 7014
9839 9848
7314 8423
2215 3394
8425 9281
7342 8827
9538 9766
3507 9365
3599 4498
312 2460
3037 5310
9634 9756
379 7347
521 2707
196 4988
5158 5499
2278 8719
7075 7608
1971 7511
247 9096
8792 9883
1747 4877
3825 8158
1967 6282
8573 8888
8456 8771
2569 9620
1172 2440
9810 9838
5166 7420
73 8909
1174 2060
1318 4635
738
2799 2464
2785 2217
1974 1809
6785 4058
2710 2542
7103 1337
4124 3370
4007 171
7225 997
9046 5478
2556 1349
9638 8681
6637 2182
7239 5689
5764 3578
7847 5776
7202 4711
7432 1651
3173 1772
2654 26
5130 4615
1249 35
887 880
3997 789
7044 362
1467 795
4284 1794
1376 816
5638 5002
9735 8369
4558 1878
1350 815
7221 3632
1367 666
6099 5861
6762 5402
5333 1300
9523 2793
9903 5116
8753 8488
1378 794
1706 350
7517 6467
3412 587
2983 2942
2712 2015
2523 1361
9643 2733
3627 2737
8322 7189
5235 474
4149 2026
6113 626
6736 2716
849 614
4693 2612
1859 791
8447 2819
9157 2546
4376 2870
6507 1198
3961 3806
7441 6652
8440 8241
9089 6991
4770 1933
8236 4917
7095 3796
5417 282
8812 3940
6841 177
7024 1401
49 2
82 14
359 276
1288 460
9234 3738
4573 2079
435 76
9764 8527
5660 4382
2845 550
8050 6347
3572 1410
3400 437
1338 984
2766 1874
1471 1257
1659 1175
6273 2740
4434 1773
5031 118
2348 1844
7678 6312
457 355
3303 3063
3210 1914
9689 5460
8309 6782
253 41
744 633
917 798
3437 2336
9721 6020
2807 1890
9010 5671
9196 7765
231 224
183 112
6850 3848
3660 3111
2117 1644
4441 647
1936 1745
5379 3240
1115 238
2239 1870
7738 7152
5745 5532
1039 600
8537 1420
7498 61
4716 3280
6553 2997
1472 365
704 327
7266 1340
2648 2123
1788 1279
8756 3304
7805 7514
4849 2690
7695 10
9413 9065
9535 1842
9180 7658
4804 683
1491 382
5913 1071
8193 7948
4710 2696
1287 575
6009 5753
9258 5514
2376 2227
2503 2274
4620 2791
4532 3990
8405 3433
6216 4918
3278 2908
4753 4370
9163 8139
9144 8949
8576 103
1156 338
8216 3051
5338 1
749 664
99 48
2655 1493
7403 1946
6067 2517
3320 3195
6651 4543
7098 6459
9850 5457
4871 2902
1464 178
2966 869
5078 2338
7340 4260
7858 5395
6252 1760
4833 3048
3957 3188
3478 1610
1571 1551
2446 1791
9952 8489
6356 3862
8759 1814
3985 413
2724 2573
8554 3216
1052 188
9334 6913
7292 5659
8835 8602
9351 4851
3512 375
6198 2836
6313 2363
8187 4055
5343 1029
7768 7714
7795 2405
3106 1470
4464 3442
644 555
2760 2489
452 218
4199 3810
2752 2313
6759 3724
4273 834
2572 2549
4242 180
3809 3163
3448 2653
1517 687
2949 2370
505 51
6292 455
4159 1662
8796 6034
4098 3655
9370 7376
6757 6212
5141 4802
1685 132
4628 764
717 202
1133 91
932 471
5093 520
6717 2350
8301 4482
15 7
8578 6860
3999 3834
8048 5187
8017 4282
4015 2045
6837 5117
3313 569
2985 2962
7628 3456
8505 4286
7832 574
285 277
757 622
2171 1948
5021 1474
3700 2635
6564 417
1705 214
322 278
2599 1711
1428 419
2206 454
5038 1114
9636 7408
5241 1800
9682 5232
2420 2351
6935 4248
6275 1113
3225 624
6684 4926
6784 1028
2746 2002
5956 373
5415 4391
1829 363
6418 1220
2680 1671
5121 2875
3374 1721
1635 69
9783 1984
8689 1877
658 292
222 50
1293 319
7701 4538
6987 4409
7692 7257
9793 9122
2979 250
6474 1081
9083 729
5244 3931
2804 935
1196 766
9129 6266
580 56
8321 6686
1192 920
4425 4178
288 267
4801 2479
8891 568
9112 4511
3220 1508
6806 2927
3977 3603
7800 2882
896 127
4874 1166
9094 7478
4606 1924
716 713
4933 4037
3060 2381
3890 3857
6493 2652
9557 4280
1351 391
8051 6043
1259 908
6190 3919
4095 476
611 515
6532 6497
5138 1821
7601 6882
4762 1523
5255 1729
6153 3440
5254 1429
3978 2784
6141 5881
4756 12
1626 681
4181 1841
4398 1308
34 32
467 147
3141 272
4645 2098
7000 1129
1848 538
5992 3510
3904 693
9866 7404
1274 707
203 60
303 186
5081 4023
3031 698
255 89
3206 370
6428 1446
5047 1478
7263 2178
1546 1525
1811 1770
1944 307
8989 2497
6342 2933
4047 342
8526 2533
2788 1887
5867 2688
7696 6623
6626 2535
1267 894
8277 5206
4106 81
5099 3971
7375 1560
8912 524
7666 4758
4045 79
812 155
1548 1392
9124 1154
5801 2436
4821 3074
3713 295
2616 1668
3335 2265
4875 1654
6334 3179
7622 2950
4904 2566
1297 166
650 585
1415 1386
4537 2433
3377 546
1801 1413
9225 4223
2917 577
6583 5223
8794 4454
2777 256
1708 101
6207 1486
7363 87
4816 4586
3550 1132
5917 5120
4591 2408
7693 5316
5728 4944
9728 9204
5806 4462
8099 4570
2249 2105
8342 3986
6610 1631
3670 2513
7238 4954
5925 2580
6698 3588
6279 4115
9976 5070
1215 1163
8373 345
2431 2071
3582 3299
3752 3526
1369 1146
3715 448
934 159
2269 1302
5240 5218
6771 845
3864 1400
2205 570
7182 1868
1867 498
1960 602
5182 2689
5807 225
1277 1235
9166 432
7880 6897
8232 4180
1847 120
8248 2975
5654 5381
1577 1190
1092 249
8016 2988
3033 1147
3072 2711
1010 805
9797 809
6917 3856
2660 1987
3873 2101
8601 4399
9088 5882
3996 1077
6405 3127
489 309
5405 1643
8993 4552
6495 2262
4817 3229
5562 5329
5401 4074
5962 83
1299 1246
3382 1618
2406 787
9594 5539
9688 6235
9619 4289
7321 2823
3041 1323
7549 1743
6406 1142
4256 3001
1399 788
1742 526
3662 2189
7466 7246
8103 2700
5431 4132
2904 1881
9635 5590
7792 4244
7625 2856
7508 326
1310 406
344 152
215 106
4424 1950
9470 6997
6098 802
679 114
6978 1813
1921 1837
7586 4996
9026 8118
7554 4690
304 293
1894 945
8117 95
475 311
9337 2052
2225 2066
1043 405
8902 3146
2673 227
1616 80
8124 665
1663 846
564 67
9219 7748
7229 919
8059 4691
9121 3108
1050 610
8639 7709
9027 2210
487 368
320 150
6979 1406
2043 1160
2592 1372
1650 848
8860 1136
5398 4165
137 97
9366 1388
9641 1134
9927 9193
8783 2708
6284 5692
3360 1893
4835 4541
5351 2492
7249 1872
2151 2057
8740 6484
2179 928
5273 3922
9623 7729
780 353
2811 2659
6970 6442
2049 404
5075 4502
1679 226
7617 488
7193 4522
8600 5686
3728 2977
9963 2814
886 52
6632 3706
9718 1314
7928 992
7395 5284
6093 3590
4920 2447
5080 2417
1642 262
6541 808
2335 1612
4099 3695
8604 3056
135 98
9125 6524
8127 2140
1281 694
6502 4674
8363 2110
4204 771
7619 4957
7530 7097
1624 535
266 115
5491 3564
6076 6052
1636 561
7303 3055
6195 3424
3421 1709
1519 1116
7668 2404
3773 3250
7398 110
8039 1306
7967 6810
1381 939
5608 2469
7558 7267
2065 219
4087 3315
5184 4114
2095 1284
8254 2578
3387 1469
1677 1291
2590 968
8811 3531
3087 1183
4153 1074
9099 2778
8690 1269
8553 5173
2412 409
3844 1089
1926 1816
9928 9800
5934 5920
5167 143
942 27
978 486
5657 330
5350 761
725 268
3015 2184
3281 1007
2603 926
4931 2181
7382 4744
9476 3527
2218 402
1778 1106
2307 160
7690 4779
6466 3755
4145 562
1578 781
4295 2127
9108 6902
3064 271
4017 1702
8656 4524
5090 3897
5961 654
3989 3366
8033 3822
6181 3023
3465 84
6955 6492
1851 1013
7559 5159
175 77
1790 1634
8538 2289
6750 5028
4413 1876
5193 1289
6374 2415
512 126
4109 877
1833 1094
8230 2487
7931 4337
8070 334
7637 1613
4778 3871
4724 2765
7659 7217
6229 4852
2691 801
9386 7438
5042 4231
9375 6958
3547 181
2396 2298
5115 1863
3455 3204
1375 221
6367 1485
8133 7316
2846 1371
4972 2005
4197 3843
4521 1452
3123 2935
4739 833
4813 3435
4604 3537
3967 3589
2477 510
2146 397
6903 1294
3640 967
5865 1003
4146 2899
8603 3580
465 305
9625 2679
491 284
1384 641
6694 982
9968 1673
5953 4719
670 427
4214 1959
4118 2621
6962 5997
8098 201
4795 627
1222 881
8338 6689
8131 5869
7125 5208
9805 8786
7536 1504
8244 7922
2238 1131
3867 1864
8744 7048
3373 3178
4385 4316
8128 2830
296 260
639 240
3899 1871
6855 5661
3968 1505
9645 5605
1236 706
4089 3496
5220 5006
7688 4734
5154 2628
146 4
2260 2148
2421 335
690 567
7010 3993
2316 723
5058 2507
1748 1589
5012 2190
7237 4741
8219 1250
3516 1286
7343 3835
6288 5275
3675 3423
4192 2108
7461 671
3571 954
3228 1714
3486 2250
5073 4383
