522
5636 7781
7694 8084
4430 7690
1795 9806
1477 6805
1167 5683
9714 9933
6258 8257
5625 7238
684 1542
182 7412
3106 7189
1068 8716
9082 9391
1147 3886
8785 9447
7670 7946
9979 9994
8776 9264
4206 8553
8013 8813
3830 4218
5365 6457
7658 8306
6833 7859
7744 8878
5361 6792
2786 5720
4505 5975
3951 4903
4322 4472
7628 9292
4959 7604
4876 9813
4462 6910
5252 9362
6501 6737
4213 8484
8205 8374
280 3183
5282 8808
2820 7683
1693 9923
6751 8315
5389 7962
1773 7980
8628 8953
1506 1628
1248 8746
6492 9210
2699 3804
6586 7891
6835 8090
2256 6836
5289 7539
7827 7928
3085 6540
1838 3603
505 7602
2814 6523
2083 7525
5682 9240
6686 7385
6155 9043
5354 6713
8443 8926
2386 9086
5674 8720
7586 9241
8543 9330
239 1092
8364 9914
2550 5841
143 9518
9965 9983
9766 9982
3236 5592
4175 4604
6638 8899
9186 9782
5343 9897
8333 9179
8165 8588
950 1245
5123 7533
4264 5922
1992 4182
5991 8226
2043 2389
7467 9945
7544 9955
605 4351
6939 8162
9168 9792
3031 9327
7096 8703
8569 8676
7401 7569
4062 6140
9415 9611
3385 6762
326 1236
7965 9925
8440 9040
730 1879
940 4381
9546 9868
4167 8041
6383 9319
6122 6270
553 4783
4480 8322
9463 9488
1139 2762
3602 9057
8063 8144
440 8936
5318 9597
556 7278
7728 7951
881 9771
6089 9239
9990 9998
9223 9312
7227 8406
2978 9036
1599 2836
1354 6682
2454 4417
1883 6219
7645 9365
5462 9489
7106 7894
6904 7766
5331 6743
8774 9363
574 6315
4922 5373
302 7478
4377 8292
9791 9884
6851 9342
9260 9340
8260 9267
3759 8723
1242 9042
6486 8675
9633 9739
8188 9907
6242 6267
8481 8830
4757 5009
2416 5901
3965 6987
6024 6565
6417 6472
6281 6512
7258 9290
8838 9599
6181 9695
3979 5121
8982 9954
7792 8350
2537 6167
9612 9768
7270 9819
1520 5879
9919 9939
372 9440
7767 8627
5302 6654
1578 7206
8842 9505
1796 4587
5622 6555
2856 8470
5840 7138
4012 6520
9644 9855
9702 9722
8597 9148
7969 8645
8890 9999
8177 8708
939 1103
947 5235
7826 8995
1126 2019
2234 8712
2530 5258
1603 8180
6207 6974
3718 5380
4948 8707
6876 7181
7435 9228
8991 9947
6356 8269
5061 6563
70 2711
4616 7830
9624 9883
3028 9108
3649 5370
895 8056
9878 9963
5867 8798
2254 5900
5976 9997
3458 9484
5311 7887
4113 5746
3672 9527
7945 8829
8917 9412
8150 9167
5202 8620
8007 8634
1198 3430
8293 9203
5956 7173
6447 7073
2796 6184
9270 9821
8962 9155
9707 9736
6444 7900
6808 7629
8530 8853
7665 9428
5754 8837
6917 7597
2591 7321
6004 8050
2340 2625
3626 5469
3932 9657
740 3663
5924 8938
5747 8845
5294 8456
5091 7097
7400 9093
651 3457
7584 8821
2499 3895
5138 7276
12 7828
2225 6260
4521 9669
443 5660
9837 9876
1041 8198
6541 9273
7545 7564
3015 9856
4246 4737
4774 8450
621 1029
6519 7070
4858 6164
9683 9780
5430 9800
9693 9734
5774 8992
430 5803
9948 9981
6248 8065
2352 6869
1494 9496
9744 9843
2862 7416
2536 4018
824 9470
3841 8950
3124 8843
3149 4556
8648 9444
5412 6448
883 7480
2359 9572
8119 8466
6355 7916
4621 7660
1781 3419
3544 6373
8672 9030
2189 9353
6222 8904
8413 8806
1330 5144
2860 3367
9171 9629
278 2758
6414 8646
4176 7297
2450 5309
4394 4437
2629 4073
4668 5655
7942 8415
8284 9190
4935 8732
1033 6779
1302 6872
8132 9212
204 8800
9060 9364
6891 9397
9304 9748
8988 9050
2265 7259
732 2807
6137 6536
2075 5273
9034 9757
2037 2255
3376 9271
7489 9632
9231 9535
2635 7110
7970 9224
3548 4447
9429 9941
1261 5409
3615 6157
2718 2765
912 1308
7027 8946
8701 9755
4821 8091
6212 8338
9605 9980
8412 9068
7656 8438
4372 8687
3179 8347
7821 9892
3199 6863
5490 6283
5659 9035
4770 8472
7532 8291
8833 9090
1658 6772
6117 7185
7390 7699
2663 5689
1997 5647
1996 3693
3863 5860
9118 9329
3396 7140
43 3654
9011 9562
4257 6436
4162 9023
3141 4827
6877 8248
9248 9261
1809 7626
8805 9222
3601 6963
6868 7377
7680 8094
3062 6470
4809 9968
9720 9913
6830 7681
9539 9991
7580 9811
6838 7675
1549 7777
9105 9532
1334 4371
3272 7343
5172 6958
6960 8613
5980 8375
4967 6246
9195 9416
7661 9936
4530 5892
1232 9905
4843 5914
6925 9634
1606 9216
2877 3996
9287 9335
3291 5944
2129 5507
4870 7386
5261 6296
8600 8848
5629 7275
8937 9500
368 1433
1085 4972
8578 9152
8433 9726
8876 9382
1142 5871
652 4734
2167 7977
4184 7218
1151 9173
3282 7843
6548 8614
8305 9550
6321 9512
4666 5459
2472 3709
5805 6346
4671 9715
73 9613
5874 9565
7851 8008
9479 9760
4614 6920
7829 9003
7336 9498
2915 3186
5943 8502
8652 9628
1481 5831
2954 3243
7579 9399
7035 8396
3699 7650
6077 6114
7225 7408
1672 6261
734 5083
5456 9492
7563 8682
3796 8036
3045 9163
8860 9873
8479 9778
993 3448
1168 5971
667 8381
4289 8790
7093 8117
4032 6993
8944 9477
316 3071
5010 9198
5140 6214
8852 9206
5772 6028
9219 9296
5116 7001
2802 8911
3288 8641
2245 6975
4422 4849
3686 8118
2639 7120
5637 7844
9047 9345
1375 9974
2453 9519
5669 6030
147 5201
9680 9703
1873 3874
3580 7719
1062 7204
8873 9931
6473 8668
4011 9097
8146 8692
4860 7392
8784 9380
7205 7323
4428 6336
1386 1836
7588 9377
5736 7463
2286 3835
7128 9783
4520 6812
87 4077
604 9708
7856 9322
1001 3455
1565 6048
1201 7249
1370 3814
6647 7446
8882 9596
5203 8948
5550 8411
5410 8221
2963 9864
5741 8532
4585 9119
7026 7313
6689 7284
1031 2919
9817 9818
6165 9514
3091 9763
7287 8898
3473 4144
7298 8879
3047 4020
7280 8070
1366 7081
2100 6547
577 5942
4872 8724
8287 8458
1489 3903
7289 8321
3568 4117
7506 7922
7672 9520
6590 7409
8632 9773
6747 7952
325
3504 2110
8020 6786
2049 813
3218 3073
3516 1343
119 32
918 757
7318 229
8921 5087
5239 3258
3479 1012
896 841
4181 2065
6217 4054
9328 6515
3096 2390
5260 863
9117 5281
6821 59
5306 935
5166 3600
8045 522
4957 4420
72 17
3962 1892
4025 1707
9433 2183
4168 2960
1328 359
5652 3820
3060 727
3589 2006
3643 1288
8828 6912
5751 4900
8397 1732
8637 4568
6241 3855
3555 572
8811 855
535 523
3614 2409
2490 1698
7235 2272
4725 13
1293 327
4755 2871
249 214
4758 3536
1466 312
3636 2843
4559 3956
7818 5297
9253 502
6991 6962
6672 2045
5598 2474
6729 5675
8825 1994
3285 1907
2691 265
2538 370
2870 647
624 159
6603 5744
9801 4894
4274 2804
4205 3048
7707 6405
3502 802
5031 3240
6914 6681
9334 7379
820 110
696 376
2297 2166
4555 217
1210 317
8482 1579
4958 3252
5539 1999
6202 4741
3722 2089
8630 5206
4819 4633
1398 536
5184 1291
7356 2311
324 233
4150 1321
9367 9229
8700 8404
3860 508
781 425
9250 7375
9413 2365
2093 694
4705 2279
399 342
8486 5160
9832 2750
3428 2831
3409 1900
8895 6544
6546 6255
49 45
2613 759
411 222
1091 198
7882 5120
9638 3496
9839 7005
6699 5740
1717 529
6010 5396
7878 4141
9581 6823
4854 1294
7872 6257
7749 1933
9400 1526
2548 705
2149 1470
7717 2809
4051 2677
2209 1140
602 303
1869 1492
390 272
3283 2142
1757 1332
6594 3706
5657 5177
6648 4210
7833 3135
5909 2321
2819 2230
4281 517
5366 2465
4777 149
5733 313
8891 958
91 21
5866 3423
9021 6981
7535 7048
1083 315
3984 1597
4194 261
9111 1393
8533 8229
6643 1688
2104 1571
6 5
4479 1793
2170 1860
6304 2445
7384 961
1719 656
5821 1287
9468 7011
3354 2780
3140 475
6189 4382
2810 1369
1591 931
8867 6013
7437 5861
1009 516
3382 2527
2910 2424
9772 6393
3320 1537
1973 620
8511 1686
418 407
170 151
9159 3319
4088 1801
4540 1027
749 237
8320 7667
1891 220
7168 5378
472 457
2927 1180
3917 3803
2374 1002
9150 526
3617 2153
3990 1010
6350 4990
930 590
6080 4661
915 294
7053 4742
8318 900
5005 1339
3694 1076
2572 1342
2469 1019
5448 1952
1969 496
3066 2554
3864 2146
3116 2429
9524 8031
7494 6952
6160 2145
4387 135
3350 1951
8184 4010
2310 2009
609 113
762 439
1465 702
7819 1921
6455 3540
2505 89
4376 1783
1812 1462
5781 579
5878 4221
8728 1319
823 677
2567 1392
3079 521
7632 2940
264 188
5611 102
3032 817
8987 3896
1761 1627
2412 1045
3751 3485
5768 1284
793 115
8095 2281
8826 3322
7087 1896
7320 3573
5104 1479
9114 3915
2079 581
6948 3162
712 267
4426 1794
6235 3142
8940 6711
860 474
1605 555
8552 5478
2418 1442
3687 3676
3408 1767
1918 1360
5082 2675
4125 1802
1930 134
8356 2024
7196 3510
703 531
3498 893
258 15
8587 8477
8133 4449
8058 5748
4964 266
3136 1697
761 205
6446 4052
4158 1313
8276 5189
6098 4109
859 452
9478 1169
5016 4079
1417 1188
382 243
189 50
9560 1886
9160 3551
8258 2115
9698 4403
6755 3343
352 69
6793 4744
2798 791
5100 2761
1612 785
6072 3801
6308 2226
7571 6694
2965 2261
3519 450
4560 3625
4193 1923
8791 8215
4848 655
2510 424
9355 5383
2881 1601
9403 4412
2442 2288
8143 6483
7459 240
1244 349
3846 482
5503 4399
7355 1582
9920 3878
3988 491
1727 334
9857 3341
8214 6690
8026 2826
6108 3151
3621 2317
1209 771
7868 615
2812 1784
7730 1110
4628 3808
7146 2036
401 127
