952
2878 4749
7144 7566
7976 9078
5722 7588
2826 4230
4095 8632
271 8886
9466 9744
8428 8992
3946 9547
7440 8492
4694 6271
5543 7837
433 3506
6589 8243
3901 5175
6 40
2077 3122
2317 9454
3528 5804
9978 9980
9676 9783
106 2583
801 9409
7208 9036
3838 9633
8768 8930
240 2650
2319 5647
7302 9970
9276 9405
4502 9380
4589 4702
6249 9403
9021 9562
8987 9508
407 791
5728 6630
4586 8999
8991 9340
7538 7998
5314 5768
5249 8954
872 6766
9991 9996
8801 9979
8666 9921
4982 5853
8955 9287
3921 7616
4969 6191
3170 8311
6368 9622
7061 9280
2322 6295
3287 7010
6003 7528
4122 7799
9302 9464
7463 9099
9711 9823
6900 8815
4703 9995
430 2335
3127 6128
4275 8727
8658 9478
1181 8531
4834 5495
1875 7996
4484 5878
4530 4531
1284 3286
9857 9983
4767 4942
7881 8157
2948 9133
3080 6311
9697 9775
1810 3292
332 6871
6999 7236
7914 9333
638 3501
3123 5886
9460 9688
3684 7690
7968 9238
8521 9869
1750 5283
5143 9458
6996 8030
5326 9876
7107 8911
8277 8743
3099 7711
6069 7416
613 853
7368 9973
9720 9748
7623 9798
6377 7604
6352 7676
654 1306
4683 9258
6200 6845
4499 9265
8862 8918
699 4277
3904 7523
402 6179
7402 7735
6160 7601
4741 5372
4462 9593
8551 9626
3656 7229
2045 8458
1321 8630
140 2259
920 9653
7744 8783
2796 4684
4523 7141
9962 9975
5512 6898
79 8021
3414 6361
728 5017
3973 8612
7113 9083
2297 8765
3697 7772
7679 8451
5250 9087
4822 8400
6013 6163
3463 6187
3638 3734
6917 8245
1546 2313
6492 7408
8170 9898
3692 5317
2823 8438
4710 7418
3927 4052
6835 8138
5184 6122
4760 6242
9077 9936
1285 3701
3866 5369
6801 9214
6146 8130
8791 9474
9863 9924
5846 7803
7500 7666
8878 9915
4877 7350
2977 3317
4954 6755
4759 9881
3333 9497
3493 6596
647 8976
1946 7501
2821 4029
9224 9859
8479 9563
517 5560
7646 7855
852 3340
6982 7049
2976 8856
2235 6134
7150 9226
6998 8839
9746 9786
7741 9169
3970 7895
4304 7990
4131 8924
3716 4614
2961 4635
4156 7422
480 9797
5900 9701
2958 7250
1150 8147
2182 3606
597 1531
5860 8305
7040 7760
310 1774
5474 9498
1638 5026
1799 1886
758 5096
3422 6365
1973 3678
5683 8165
8708 8748
4071 6337
5643 6655
7880 8920
785 4015
8894 9816
1247 3444
1435 2066
7326 8669
7131 8485
1157 3202
528 2862
1770 9271
2399 5589
7377 7497
3239 8600
6888 8550
6328 6961
5993 6087
6933 7630
3710 3860
9969 9971
3857 7099
8399 9095
6699 8235
1273 3771
6906 7694
6031 9799
7573 8041
9205 9640
6545 7183
3632 7475
5233 6139
5279 7340
8932 9785
1194 6928
3159 8271
822 9818
7362 7415
4747 5387
56 8843
8671 8721
7205 8580
7320 8811
9111 9581
1421 5204
9990 9998
5797 8829
1244 7324
5844 6539
1276 6044
6895 7756
2709 7605
3688 9198
9666 9840
8735 9511
8700 9515
7269 8007
4707 5585
7602 9588
4668 9110
9307 9905
5964 8525
445 1392
644 4487
8909 9513
6202 7816
8960 9564
4706 8176
2348 3349
6647 7442
9186 9763
7828 7921
7201 7999
7581 8913
5490 5763
3559 8722
5932 8456
6378 9731
8187 8650
3799 5423
4366 5242
373 3382
6403 9530
5159 7393
5012 5106
3271 8535
6408 8641
2344 4436
9674 9776
2994 4681
6784 9076
1457 2663
7332 9874
5075 5269
2818 7275
8174 9132
5015 5092
1657 7753
91 5420
9090 9293
570 6792
8099 8832
5873 9194
6862 9968
7645 8348
3305 6092
7953 9370
5348 8510
2265 7452
7973 8842
7727 8335
2246 7655
9583 9659
3251 9350
6411 8084
5299 7899
5170 9260
2770 5818
295 2384
1847 4733
5959 9183
9672 9965
3756 5790
7223 9255
4171 7853
1824 4869
3724 7458
1562 5717
6642 7169
8183 9240
6168 8699
3646 5764
7262 9323
3951 7986
7628 8078
6056 7401
3544 3613
8594 9330
8136 8803
1355 5487
6916 8089
1687 7787
9472 9717
2161 7643
9902 9926
4600 8059
776 9242
3516 7734
572 8188
6749 9570
9345 9831
15 3953
5520 8359
6443 7037
4170 6592
5100 5803
4866 6382
6729 7778
5830 9934
3789 5176
790 9544
3262 3967
8948 9836
1056 5737
3778 6379
8581 9396
1786 7266
8481 9393
7295 9176
3293 5248
3575 4183
139 1492
3020 4093
1335 6343
2578 8276
8355 8962
9644 9986
9012 9096
2752 7748
1482 6573
2885 9204
2452 7282
6040 7693
1911 3273
4726 8037
8267 8686
5944 9489
973 2030
2388 6376
1449 4392
9976 9997
1428 4046
6135 7259
4464 5586
5446 8679
1822 7316
8576 8994
1145 2640
9762 9860
423 6894
309 8690
820 4429
3460 8406
9638 9938
1387 9907
3184 7082
9121 9321
2036 4025
8943 9566
5116 7762
2138 5270
1598 1753
5113 9419
1046 6778
6446 8178
6860 7409
6364 6551
6978 7264
5832 6241
3357 6725
3347 8961
3849 8661
366 4654
8207 9295
2023 7558
7300 9471
2280 8605
4109 4934
4180 8693
5167 9284
5514 6059
3049 7407
6251 9171
1503 4901
9668 9864
6641 8873
5215 9035
9903 9945
9331 9577
944 7777
6141 7280
4127 5255
8871 9299
6196 7286
2331 3094
3757 7472
6025 9470
4780 6677
3212 6198
9680 9888
2393 5678
9316 9492
9421 9516
2260 6138
2935 8004
5770 8061
6276 7252
1768 2925
4077 4835
4574 5914
2409 8905
8467 9625
6703 7240
1291 1647
6780 8694
2069 6510
7507 7805
7081 7771
4926 9107
3806 7199
6010 7132
1883 7677
9545 9845
5695 7877
3472 4492
4124 5419
6415 7829
1061 6412
8472 8606
7951 8482
7285 8882
121 7327
7343 8341
5103 7878
2199 3949
6476 8501
6095 7909
7578 9607
6602 6684
9600 9817
7087 8096
4020 7179
7615 9837
6105 8233
9 7810
6225 7959
5063 8595
3908 4434
5479 9442
5981 7066
7625 8874
3974 6726
5155 7688
18 6103
2830 8408
1383 5877
6685 9801
9157 9517
1394 5384
5992 7600
2678 9709
6263 8498
7891 9435
4232 7414
4003 4881
2442 5409
6522 7592
7674 8471
1333 3404
8589 9825
481 7001
8206 9320
1543 9173
6995 9134
1293 3190
7883 9334
3540 7041
4519 7238
3217 7382
1759 6693
1761 1923
6865 8275
9770 9960
6679 8769
2222 9209
3499 7338
8260 8328
5943 7231
8966 9314
4222 7992
6064 6648
3867 9787
6889 7367
4372 7712
2924 8464
6605 7613
1156 8875
511 9275
7095 7663
6381 8050
4438 8717
4432 8181
1360 9789
341 7908
3186 9703
1350 2791
7827 8928
8808 9821
6950 9028
7224 9245
1992 6093
8689 9247
1669 2741
2236 4221
6089 8049
7766 8587
5952 9714
2463 2808
3231 6542
8046 8421
3862 9893
9149 9835
7918 8625
6480 7313
1636 4007
3649 8085
8224 9353
3276 3641
9358 9879
322 2923
2105 6652
6043 8925
4439 5316
3804 8107
3643 9297
5987 6593
9814 9878
8018 9806
8759 9261
6370 9735
1736 4407
6423 8806
8826 9615
6399 9430
723 5165
1857 5466
2619 9932
9011 9053
6236 6907
2603 6915
506 5749
2093 2284
3648 6887
3588 9375
9241 9777
33 2285
544 6247
5408 9994
3312 8097
354 9054
9883 9985
361 7873
5911 6857
8283 9219
6523 8185
2519 8357
2420 7039
9745 9847
4217 6807
6495 6939
6953 7371
8763 8853
5351 7425
2724 3106
9009 9848
1922 8685
6987 9557
5559 9420
9467 9914
109 4907
3663 4727
3326 7807
96 5347
2670 7634
1125 5057
7832 8082
1246 1880
8910 9141
2861 6956
4663 4983
6676 6968
6910 8490
7721 9367
7559 9406
7023 7964
8478 8627
8405 8659
5578 8577
2565 6414
6532 8342
9781 9966
634 7024
4518 9712
4770 7826
7146 7726
7647 9993
7673 9337
3015 7626
474 6027
6661 9807
6828 8281
2431 3220
7293 7505
3941 6705
2735 6321
1874 8415
8733 8802
7974 8180
3642 8374
8833 9681
882 3617
1491 6217
14 8261
9692 9999
485 5788
3086 8360
3240 8740
9855 9880
3508 5151
8505 9737
7755 7917
984 6049
6981 8495
5267 9274
4139 6742
9439 9480
5312 9726
291 6173
5036 8642
261 9457
3670 9193
343 3364
3269 4435
9417 9802
3476 3807
6524 7465
2141 3865
2726 4665
8066 9623
7453 8168
3341 3631
6983 7232
9201 9537
5936 9300
9485 9559
8921 9416
4743 5635
6158 9243
161 3809
6570 9412
3258 8786
1151 7598
5570 6326
9283 9377
4972 5971
5073 7911
3868 3930
5771 8434
1040 8254
7550 8633
1415 8075
3675 8372
5080 6390
144 7637
8502 9148
164 2022
9071 9939
5217 7019
7044 7198
978 4420
923 2734
6687 9539
6349 9828
3296 5273
7929 8208
146 6716
7775 9592
6791 8617
7514 9887
7139 7640
6973 8652
2276 2710
488 3156
9866 9952
8159 9317
7202 7480
8809 9158
3030 3418
574 8278
8838 9992
3554 8889
7763 8695
7927 9170
4872 9462
6384 8528
3934 7297
9894 9899
1623 4163
826 7197
9693 9972
5101 6453
7075 9944
4058 8754
2605 8569
5962 6751
4924 6844
9721 9846
8488 8664
666 2333
7339 9061
4582 6159
8457 9594
6930 8362
4148 9237
680 2453
2985 7383
6464 9257
5807 6014
9757 9805
4908 5741
3636 7821
4176 5727
7120 7392
7067 9256
5998 6430
3597 9002
3816 7182
2139 4128
9062 9603
9793 9861
3100 8901
581 676
6405 8893
3107 9414
1124 9385
4718 9491
5079 8279
1020 1772
2028 8848
5744 6899
8023 9941
345 8318
8184 9376
9282 9540
2653 7022
3203 4801
7373 7433
8852 9982
6489 6909
1731 5663
3985 5225
735 2675
9645 9761
6161 6706
1552 9499
6348 6943
1006 7980
1958 6455
8559 8611
5800 9890
4132 9586
2349 2358
317 4765
7031 9052
4490 9481
6651 8608
3075 4485
4089 6015
3615 9291
8246 9098
9273 9525
8573 9059
8098 9922
4489 7709
1563 5782
6738 7417
5978 8554
5169 7094
7074 8363
2433 9727
5311 6744
5058 6901
6055 8132
5208 8327
5756 6867
1548 8356
6314 8093
1388 9868
7757 9750
3039 8570
4720 4928
9130 9341
6811 7426
1471 7708
122 5597
9410 9519
4082 5895
7398 8634
8001 8312
889 1917
9749 9796
8995 9203
5008 5551
3844 4783
2468 4312
9502 9538
8384 9981
3871 9657
7432 9759
5662 7652
970 7106
3213 4628
9138 9685
5223 7543
1843 2526
2627 7954
916 6371
7896 8582
9637 9834
7938 8639
4391 5115
7850 9040
4386 4656
7745 9558
9058 9827
2557 9529
9281 9989
42 2772
157 2530
1776 5238
5467 7057
1738 5220
5104 7516
4544 7572
6219 6781
2149 9551
8507 9738
9160 9662
501 536
1977 4567
8255 9677
8906 9804
1493 2377
5910 8055
8536 9904
3215 3237
5965 9675
1078 4208
5568 9955
1643 2416
416 9444
6018 7077
8330 8583
9104 9391
4945 7389
8586 9041
3390 4809
4404 5904
6421 9355
2806 3902
7761 9298
8847 8914
1578 7194
5704 9112
1104 7629
6800 7684
3487 9200
9548 9664
8340 9431
2614 2623
7720 9772
1399 6927
8135 9809
3495 7164
2912 8221
940 7181
3307 9495
1500 4096
34 7541
8445 8643
7333 9950
1179 3155
981 2656
4975 6176
377 2397
4649 9660
6115 7283
8376 9081
428
2330 1478
1438 105
8462 1420
277 254
4120 936
5925 670
623 400
6150 3564
5226 3899
9286 2867
4603 3818
1344 1120
4915 3743
2269 782
6940 5502
5053 3225
9542 233
4778 4149
7872 1573
1796 560
6434 4824
9942 1239
2360 584
7577 6698
3869 3189
5633 4672
1406 911
2072 1342
2536 1248
5511 1724
5519 4252
2859 222
748 274
4569 3537
8439 8081
2753 1277
7723 3758
990 226
8354 4798
2671 880
2714 1981
1041 814
4229 1932
4246 4140
1317 81
7736 5659
3863 1593
3834 2949
4398 2777
1092 362
1645 662
5456 2129
9397 7471
2512 1594
1812 439
1467 1083
7841 3579
9150 3289
2354 1773
2194 1811
8813 4294
7997 1817
5443 1071
4509 1919
4261 2056
2083 1039
6261 3907
2210 1032
4073 715
9074 8129
1631 525
3181 1931
9434 8772
655 504
1868 1361
6536 6243
8239 2554
1442 117
9590 7722
2039 1334
4257 932
3876 2312
6006 5189
8564 4888
6802 3038
4691 4605
7218 4212
2879 2415
4019 2429
437 163
2677 444
5701 5572
1198 1066
2877 429
6062 3304
5288 2440
3984 2092
875 276
8253 5868
6233 2967
6034 5539
8953 5834
3016 467
9624 2343
5218 1398
3550 1606
4227 2800
6293 1658
1019 864
7170 215
4276 1725
6622 5486
4637 1283
807 115
3513 2997
5538 5161
6591 4470
7804 2419
9263 5524
4251 3378
1501 4
1664 1624
2090 545
6110 766
1142 908
5289 2702
535 461
8931 4723
6461 2522
6855 5915
5724 3005
7015 608
9696 1080
6085 668
6070 5906
9533 9531
9647 3166
265 75
129 20
3853 3234
5201 5133
6631 5307
8736 8175
1592 183
7991 3010
2173 1431
4859 3198
7431 3175
4615 217
3835 3449
7253 1162
593 514
7153 2451
4322 21
4359 2212
2616 1264
8429 1964
7926 1756
9822 5945
7515 527
6681 1161
8936 8153
907 412
9612 2445
260 173
2487 2086
9222 1292
3288 993
5400 2233
5227 158
7700 2930
9182 7786
7351 4094
4599 1384
863 789
1639 470
576 267
9328 7502
4766 4486
1192 906
8922 2700
5321 2206
1196 689
4284 118
7697 2929
2742 2579
3027 2490
3351 2510
3235 3097
3109 642
9244 3943
1876 1629
1087 175
4030 3830
3238 2304
5836 563
6712 2588
2491 300
6266 2266
6327 5755
6797 2342
842 214
912 141
7949 4224
5595 5461
2950 1752
1655 781
3864 1121
1859 871
4525 2278
2180 1757
6303 1301
4244 3055
9753 9239
8282 4829
8539 3929
5427 4566
8858 1176
2817 960
6471 2598
7575 6709
3634 1557
7492 5301
5346 2376
1711 82
1530 1053
9885 6806
8607 7824
8179 5123
8860 4950
5531 933
9018 2981
4695 2537
3660 991
1465 1026
4900 2717
3211 3200
1962 1096
1544 985
7375 4561
6686 1413
6277 2848
8227 4612
5049 2844
7242 1839
3751 3677
4085 2356
1116 1099
1001 760
6020 4619
5363 3379
6590 4097
8306 5291
193 135
8308 5268
8338 6336
9285 3933
4973 540
293 43
5030 3134
9019 414
7773 4027
3077 931
8265 3243
8947 4012
2043 1872
8012 4631
2264 1988
6125 1225
6654 6439
2302 1740
9428 5358
5545 475
1329 948
456 396
2682 2555
4661 694
1873 625
2779 2562
3903 1947
1302 664
9425 1132
2114 943
5730 844
3744 3730
3112 586
255 59
1610 533
7185 6517
7268 2971
2889 2761
2737 259
5689 2690
4854 2940
465 111
3525 2794
1005 63
722 275
750 657
3619 2870
6393 435
7321 2076
5271 3167
521 246
6833 4168
1443 321
1567 1183
5527 353
6075 5842
8103 4667
1323 929
4333 4138
5913 1539
6653 1223
4205 2685
1528 328
7675 3185
5349 3361
5548 585
3466 1952
3143 182
9342 8561
5212 1650
5011 1164
6036 1419
7728 3805
9909 6016
4535 1509
3048 942
8069 1119
2839 569
3665 1444
2134 92
6491 3829
9357 8350
3581 30
6165 4150
4016 2932
9549 2855
887 603
9106 8437
7337 5817
4609 2765
8390 2009
9768 3543
9279 2531
5953 5598
6734 5468
3983 46
8670 320
7163 2635
9609 5425
351 134
8449 2846
7822 7290
5941 3380
1454 235
6962 6743
7809 7397
3226 1359
9362 4023
5654 2153
4461 652
1426 1205
3541 1358
7582 2843
7105 3947
1139 915
7237 2109
8892 8237
6104 4330
8877 5604
1440 1102
3920 1391
9792 9211
1856 579
690 602
3664 1172
6207 2631
2231 1126
268 114
4974 4621
4775 1258
53 52
5085 4069
6847 3405
7610 5876
1766 375
9663 5960
901 779
4081 150
5533 2368
4413 2875
4792 2749
4204 1852
858 538
9553 6629
9728 648
6710 4338
7459 3768
2089 1611
1314 64
6273 4040
7189 2754
3547 2146
4937 3479
2486 2394
4262 2346
9049 2068
3376 2308
2787 2728
5366 5246
7835 4948
7210 1974
903 55
6935 2900
9595 7228
6632 6546
230 45
4895 1815
6213 4863
9967 6175
6240 3478
1267 967
9461 4090
1608 1
4041 49
6239 2665
