911
9261 9481
9629 9974
2765 9325
4596 5040
8481 9102
340 6689
675 1011
3252 4431
1571 4281
9550 9614
8058 9785
1343 5120
614 6528
3050 4938
584 4545
2881 3629
1816 4669
7184 8107
6966 9296
8244 8581
7873 9257
9312 9692
2099 2755
4726 9529
4375 4952
7579 7723
6345 7758
2363 8374
7459 9769
3669 9347
1660 8110
4940 5027
1834 6030
5493 5573
8015 9467
9297 9683
8465 9630
4164 4652
1044 3657
7466 9585
5604 9513
4326 6394
8769 8942
9320 9540
8413 9351
1852 2691
5907 9240
206 9197
8450 9364
5277 5502
4913 7566
6972 9973
1319 3015
6970 7428
1454 4446
7879 8257
4846 8668
7883 9934
6810 7992
5853 8831
6728 7893
3535 6704
7296 9706
2006 3123
9437 9765
2299 6816
432 8781
1198 1886
9200 9933
5751 9718
5372 6500
7032 8324
5423 9214
9962 9969
2068 6885
5788 7479
8793 9293
1207 2067
9824 9928
5616 9993
6709 8887
4661 9625
8226 8802
6581 9039
9653 9745
7981 9006
4730 5032
1406 9291
2761 3455
458 6946
7657 8866
5927 7120
1783 4613
5064 5590
9510 9634
9393 9864
1872 2750
8899 9402
8307 9916
3704 8778
2074 7593
1260 7770
9279 9378
1256 1878
8255 9506
7880 9650
8178 8673
9545 9599
5837 8557
7557 8726
6734 9870
4932 8846
7672 8995
5725 7155
9821 9921
4532 4697
2348 2471
1153 7830
1572 2219
5224 5810
8296 8514
2150 3956
9837 9850
7036 9418
8691 9645
9335 9965
2736 6338
7078 7660
6031 6660
8706 9357
2622 7791
4396 9455
7232 8188
3757 8593
955 2187
6380 8903
948 8904
1728 8881
6005 7834
962 2339
3284 5804
2655 5077
8366 9239
2692 6749
4547 9882
1967 3079
2365 6230
3746 4344
8484 9401
4664 8873
1490 8504
7771 7802
2999 5487
6451 7488
4668 9230
5563 9931
2240 3486
418 1368
5148 5747
433 8679
6386 6858
1541 9028
5860 5937
4076 8750
6047 7753
4740 6312
2687 6720
7582 9137
9586 9807
7897 9691
5295 8457
125 5554
2329 3947
3730 5313
1160 6620
4591 7521
9737 9939
2418 6540
8751 9190
2454 7345
6266 8540
526 6268
4711 8701
3812 6467
5334 6160
1697 7350
8084 9119
2510 7138
3894 5808
6356 8206
7465 7722
6128 6321
7455 7913
4059 5668
5966 6780
8782 8955
7457 9806
8275 9108
2932 7628
6110 6914
3638 8627
4822 6958
2516 6969
9981 9998
5207 8077
6117 8971
4863 9075
5943 7034
5646 8763
93 4477
4495 7336
4345 7971
4473 6755
7929 8603
9088 9426
7023 7836
6740 7297
5545 9446
5875 8508
6324 7025
7355 9725
7894 8733
660 1244
6244 8399
5140 8787
6607 9896
5158 5473
6897 8542
2561 5062
4753 6642
4979 5465
870 3168
9532 9938
6170 9846
1294 2870
5718 8816
9151 9919
2709 5442
5238 6680
4315 5565
4256 8947
3634 9422
95 756
8279 9547
9064 9972
7199 8594
9995 9997
7346 8346
210 1127
7040 7487
7227 7970
9150 9370
4362 5382
4230 7606
149 1325
437 3085
8447 9521
7142 7537
1306 8287
2767 3327
4597 5127
9508 9836
1869 8551
2587 6548
710 7764
984 9015
2567 7642
9302 9694
8353 9319
3472 8365
5132 6235
1960 6579
1563 4504
7583 9220
9655 9908
9048 9217
2278 7944
5536 5849
6143 9254
6288 8119
9218 9451
7600 9004
1936 4869
272 9791
8073 9499
8703 9526
8167 8696
3444 4385
4203 9555
9749 9782
3686 4976
5601 6184
5640 9148
5543 8335
6281 9781
1564 6354
4914 9607
4944 5781
3061 5109
99 109
420 3900
9483 9563
1582 5075
3799 8446
5129 9605
3274 8315
881 6533
9814 9964
4120 9514
4617 9285
2675 9050
9439 9679
5131 8259
9054 9909
411 7431
5434 9636
688 9060
3881 8713
9903 9937
8784 9419
6389 9161
6258 9803
2114 5428
1877 6624
7984 9225
5260 8400
6355 8498
3616 8195
1101 5895
5899 9224
4561 5044
1098 5251
7043 7263
2262 4691
9014 9577
203 1359
8795 8907
8672 9920
2140 8414
2283 8525
9323 9812
523 1291
6900 8126
8490 9210
194 1594
2423 5397
2428 3471
199 1493
212 3334
9610 9948
6369 9264
4322 7591
3036 8996
7932 8840
4535 9247
276 1299
3012 5654
480 4014
8431 9117
2075 3348
3950 9932
9750 9835
1482 8055
2700 4070
260 8539
942 3175
4188 8878
5234 9057
2059 7446
6556 9207
6890 9442
2980 5576
8246 8827
7202 9113
7203 7241
9155 9578
6290 6990
4796 9511
7493 8199
7734 9651
4429 9924
709 6693
5283 7905
5166 6838
7035 7397
6648 9435
775 6302
6710 8233
2879 3621
8262 9519
328 8274
1199 9623
3459 9724
2560 6962
9664 9901
9453 9775
6947 7238
7798 8753
4319 6057
1448 6216
5174 9958
5078 7153
3716 5399
5566 9085
8556 8628
175 9611
737 3149
5504 6413
7719 9805
9980 9984
801 4382
506 4833
787 1078
223 1203
3411 9011
8986 9365
3878 5425
7939 9376
5024 6523
7147 7243
2818 5398
118 1258
2196 4323
4298 4771
1849 3636
7460 8113
4641 9021
7082 9144
3724 6681
4031 5142
622 6176
2680 3673
6964 7902
3919 4238
7856 8930
4462 5963
8370 9259
5029 5475
7777 8925
6327 6722
103 7567
5774 9424
5719 6208
1132 7294
5111 7053
7522 8003
5617 6618
3983 9953
3214 9025
9091 9543
6837 8407
9978 9979
1432 7021
5527 5806
3849 7265
8297 9417
4486 8863
7765 8977
6986 8271
1903 7625
6215 6963
2469 8968
2113 3151
2404 3343
8075 8149
9715 9856
1772 4089
3345 3418
6168 9665
9667 9898
2957 6873
8667 9036
3659 8648
7425 8865
2578 5982
8739 9216
9570 9704
8011 8983
4026 7363
1077 9783
2199 5694
7166 8554
5597 6549
4016 9012
8192 9847
2720 4841
7938 8170
5280 9360
2322 7792
1201 6773
4136 6979
8319 8670
5114 6016
4352 5453
8721 9708
6309 8805
5198 5598
6929 9482
9277 9290
4377 8041
7818 8165
6727 7432
9798 9820
9612 9830
2697 6366
3522 4779
7907 9381
1554 6736
4505 7974
1169 5711
2391 4602
8520 8916
4929 9560
6480 9078
6615 7150
318 8693
7599 8936
3879 5150
9116 9828
2442 5193
676 4351
8499 9646
5827 8895
1056 4459
1240 5710
7813 9858
6516 7342
5712 6967
5660 6828
2481 8415
7451 9638
5634 9033
9289 9391
4364 5983
5669 7647
8398 9941
952 1514
2850 6692
2298 3963
4513 8131
1502 3564
8291 9265
384 7236
7188 7695
211 5249
1925 7347
4209 4421
978 7059
2326 8946
7033 7825
1087 3803
7795 8755
2916 8612
3854 8606
1459 1958
2608 9484
7252 8656
6712 8789
4659 8445
4470 6669
3556 8747
6794 7165
1316 8412
1263 3187
4492 8402
6570 8637
8676 8941
4083 6150
8269 9410
2234 2439
8582 8964
666 1030
9738 9971
4616 8405
9001 9831
4980 9494
1747 5446
3300 6719
4192 4958
7013 7731
6824 8025
963 4381
9385 9827
7590 8850
3905 4722
6447 6505
7826 8182
2795 4037
2192 5380
1057 7143
7206 9443
8758 9863
4750 5685
6733 8911
4124 9736
2241 2403
4761 7368
9874 9986
4650 4993
8028 8417
3848 4683
5626 8266
8736 8912
4522 6359
6050 7096
7581 8725
951 1520
5614 7325
4103 4853
9899 9905
7072 8836
2628 7366
959 8644
9017 9593
9917 9990
736 8838
1227 7530
9176 9841
3739 9762
8967 9770
2129 6132
8043 9056
6731 8549
7730 9408
3075 3406
6758 7784
5352 6768
7546 7702
9888 9897
1442 2394
4427 4508
6038 7990
520 8797
2847 5580
5467 5874
6742 9074
5269 7497
4570 8675
4997 9747
4878 8689
7445 7646
5722 8008
6725 8310
5134 5378
7747 7790
1645 4973
2312 2598
7318 9334
9262 9295
5800 8305
7354 8385
4708 6637
3100 6103
2749 8047
6214 6718
655 3633
3393 9356
3752 5976
7016 8265
8951 9172
8137 8864
4887 9182
3115 6938
5013 5217
3572 5348
7162 7633
2291 7051
5594 8861
9147 9648
5544 9860
3089 4097
6121 6788
8201 8218
3170 5426
6682 9133
9329 9727
9466 9778
5716 8555
2796 5738
2931 4394
8454 8661
7643 9580
8392 9584
4901 8229
4361 5658
4542 8239
5689 5771
2946 7761
8999 9842
3678 5752
1375 2521
2712 6249
3864 7387
4851 4936
1941 7627
1711 9132
2623 9307
4332 7105
8354 8519
4151 7505
8329 9975
1988 3945
8517 9322
697 1531
3651 6857
2794 3660
9432 9621
8939 9851
9346 9832
7615 8906
983 6996
1286 2489
1558 8254
514 8811
7454 7801
3518 4514
4019 6282
3488 9602
1978 3432
5033 5568
5110 5663
6797 9305
5050 7489
2046 7061
4235 7882
2987 3850
871 6677
1980 5761
1875 3323
158 1535
3892 6316
2306 9968
7681 8411
2102 4877
4538 7515
1421 3925
9388 9891
4567 4778
1923 2127
2259 8185
5482 5739
7964 8173
8369 8699
9493 9556
2061 3785
3847 4831
6791 7969
7086 8788
6259 9321
4041 6695
2976 8944
8662 9273
1109 1430
4882 6173
7729 8336
7490 9963
3083 3681
2386 2798
3491 6247
5095 8953
4369 9232
5002 8561
2447 8491
9488 9618
8513 9141
6420 9145
9181 9684
7671 8087
1680 4835
6350 9143
3022 8241
9268 9363
1141 6955
7081 8085
1073 4204
307 7563
5776 7290
4292 9463
9173 9632
4747 9354
9940 9946
1336 5644
5726 9125
3562 4387
147 5819
6877 7195
357 4694
104 2181
3310 8940
3112 7710
7868 8605
5012 6777
2395 6322
4586 5762
8965 9248
2355 2743
419 4850
5415 8959
8139 8433
4408 9763
1866 9848
3575 7041
4777 5020
1212 8312
1389 8367
2594 8647
9728 9754
8728 9090
1593 3076
8494 8604
4206 9590
674 2001
8063 8537
4792 6069
9572 9759
1985 8339
2525 5286
9844 9854
2405 7684
2125 4095
1253 9815
4047 6240
5383 9628
4058 8154
8681 9267
1348 5695
8021 9600
6842 7351
1340 5258
4109 7510
6560 9299
6286 7277
3516 7358
5118 9374
3581 6442
921 3595
2003 4416
7956 9219
4715 4942
217 4324
8175 8242
6407 7176
5305 7980
5117 7503
2292 9875
5090 9177
6381 7908
2315 3523
6724 9915
5408 7640
1863 6444
9741 9942
141 8502
9705 9871
2374 7602
1474 6154
1219 8029
543 7250
3824 7149
1067 7180
2351 3605
5301 7322
392 3937
5014 5290
6287 6738
9802 9859
8844 8935
8127 9371
63 4149
3863 8333
5494 6847
5507 8619
7783 8321
2164 2449
7271 8677
483 3749
3330 4720
2032 6124
7038 7398
8348 8509
1610 6349
422 2858
336 8252
1290 6782
7928 8214
1884 6371
464 8283
2319 3524
4353 7070
120 2951
5881 8761
7715 8337
1300 1721
1066 1696
4487 6261
9350 9722
7594 7985
1814 5376
1526 6024
8031 9294
2551 4191
3147 6461
9780 9876
1352 9597
4840 6049
970 7054
8584 9788
6492 7134
2724 7934
8378 8547
5534 7780
980
3368 2702
6260 233
5845 2989
3288 987
7384 2555
8095 6162
3972 2254
128 126
6483 4072
1914 1737
383 250
1853 759
2559 1005
6120 5733
7705 352
471 381
7335 4142
2361 2318
6849 988
5775 5403
4564 1302
6745 6271
5452 3489
7461 4815
3663 1752
7469 1676
4147 3350
5988 2182
6481 6373
5103 4969
792 191
2379 1750
4476 83
6213 473
1733 1019
6129 5235
2444 2229
9359 1142
1527 631
2959 2450
8143 4139
8858 1440
3772 1881
327 112
9755 494
3712 2871
3815 1832
812 795
4491 664
8765 8059
894 679
4397 2718
9059 5284
2464 1476
2482 2087
7333 7196
6493 5628
2807 1289
2316 2276
6798 1977
8624 7914
7520 2371
193 131
5115 2245
7677 7410
4335 3369
8611 7551
7693 332
1040 919
1270 986
876 216
7276 4218
6377 5618
6099 3510
4409 530
3819 2093
7899 2619
7846 7804
8474 1171
1822 382
896 544
5210 335
4757 2109
393 359
1735 197
6803 5082
4090 1460
4223 717
4445 1715
3877 1455
2506 1522
8712 1444
9883 8671
9228 8909
6233 3829
1033 70
2944 424
725 477
21 19
295 159
1068 915
4496 2034
4425 434
9894 2170
5831 1570
1351 630
6541 3701
7874 1672
9523 6796
8927 6911
8888 1484
711 469
2801 2309
1703 1580
9189 9154
6926 6365
2502 231
6276 4723
2143 608
8177 6115
4240 3617
5312 5162
1122 750
7832 7073
4498 3177
5119 2320
1673 1398
6645 3998
5084 2917
1679 1278
9666 405
1043 572
509 342
9396 7183
5191 5021
4465 1973
7137 3747
7810 6808
9236 6085
1103 609
518 6
4435 4391
6179 4839
8062 287
1556 753
4227 3991
5389 1804
7853 1473
270 24
6524 4451
3790 1287
7921 2286
5220 2465
8437 2928
3264 57
6726 2826
9719 1177
7117 6267
208 140
2016 1523
8100 1799
4837 1491
4389 4242
2722 1500
300 30
2166 864
2967 981
9985 2895
3901 1210
7794 7767
7300 7045
189 163
7884 1079
2599 1617
6256 1789
2579 1195
1466 669
6741 2570
7568 4349
8650 5902
8032 4843
9044 8883
1054 992
3710 3546
6769 358
2942 1764
8849 2934
2609 1129
1331 277
3324 406
3690 953
3307 254
5281 4197
110 23
7604 2
1034 240
5910 3788
5130 2107
9016 3579
8076 7181
9825 6450
9368 2445
7665 2923
1727 797
1723 1232
596 98
2437 700
2137 311
5911 5069
1955 1777
1588 1032
7242 3093
7091 5126
1365 845
7575 6994
7564 5933
5992 4356
541 288
8466 7332
7539 3580
982 92
583 178
2392 678
1628 1350
2000 1917
9282 5177
5562 377
5149 4519
4306 2975
9527 7071
4179 3641
3958 1162
1092 592
2575 1233
8102 3861
18 16
2169 1221
2410 168
8722 3590
9480 2905
1028 78
9333 7850
9311 263
6756 903
7485 4606
8039 1856
6930 2375
7480 5519
4464 1080
3441 2277
9988 3439
2376 5
153 26
6848 734
570 567
7951 2867
1408 305
6074 130
7364 1756
3271 2417
3726 1499
5905 5203
6759 5675
4478 2535
1180 665
5201 1842
5898 2184
810 428
1758 1546
275 236
4075 2022
6866 865
6588 62
8234 1074
2260 154
569 403
1197 738
5167 1329
7706 3184
4991 4803
3282 3148
5314 4873
1342 1206
6383 4141
3413 2748
4044 1848
4983 2089
2886 917
9753 9387
1678 1168
5935 2540
5801 2338
1590 215
3554 3401
184 58
637 617
5740 3478
1864 1405
8355 8040
5873 2057
4274 4023
4093 2884
7952 6616
4457 2307
252 161
8026 2921
1919 1184
8760 1539
3536 1202
4555 395
3764 822
1038 565
5278 5214
9582 647
542 398
2669 1214
9243 790
8153 3338
1424 316
9441 6180
8839 4406
692 136
9423 5514
2546 886
3179 1698
807 673
2377 1121
1268 25
2135 1345
4229 3643
9756 3658
3970 3180
7925 6760
8325 4160
8299 3451
3249 281
8236 364
6862 5863
1812 143
5341 4170
2079 651
5219 4615
2780 1326
5894 1403
9436 8323
7116 4432
3261 1172
5197 837
3802 3192
4634 1064
9005 5093
5170 2706
6959 4736
6844 4388
4770 555
7960 6652
1748 1567
595 491
7450 4893
995 86
4812 777
200 44
7663 1732
971 770
17 1
7553 2668
4125 2327
7103 2353
8497 1666
3239 739
5847 1148
7840 6239
4248 2992
2071 657
3922 3026
6320 5630
8464 5417
4649 1916
5952 2026
7806 1317
1720 650
4004 3977
3872 1894
4210 2149
7624 5505
6662 5350
6351 3145
5857 3779
6619 454
8759 7805
2325 2002
9089 8057
2212 551
3404 634
3932 1252
3182 1371
7392 3962
5351 4168
4906 1360
1229 1112
3584 1000
4268 1961
2704 156
9662 899
5666 429
4249 138
3683 693
5912 4177
3933 2968
511 459
4758 2441
1269 1185
2455 2108
7235 1409
1071 537
8142 6785
1601 324
8476 6227
430 235
3293 791
3197 1513
7636 1511
8854 3792
5028 3727
4580 2843
241 144
2596 743
9486 8172
9087 2354
860 256
5720 815
9328 6419
920 836
2548 1598
5784 1223
800 298
5297 761
2764 718
3586 2058
8106 4460
7284 708
278 129
3606 343
4763 4700
5996 2458
1017 733
5461 843
8284 3174
4466 3074
7799 1674
6678 3238
3342 768
6495 2699
1332 52
2483 1191
5338 4638
1363 10
4158 4106
1841 1337
1102 695
4208 1451
7404 3390
802 333
5481 3589
4640 2106
6010 3132
8338 6384
6040 2131
1568 1255
5133 3101
6334 5287
407 27
4926 4082
4589 2770
7326 6452
1165 401
3032 1192
8013 115
628 536
8144 7338
3028 446
4575 577
3396 2242
6237 1144
1104 867
3656 557
3270 3037
2778 371
7864 3767
2602 1293
279 174
838 615
1529 1410
1310 587
2703 1983
8775 6471
5792 4052
8546 1130
677 309
1458 1447
5683 2025
4701 968
9970 8473
4885 2153
2515 1390
5363 2556
500 232
1385 588
2585 1053
7751 6739
4011 1015
6698 1587
8642 8548
111 37
172 127
5760 5106
9945 5913
3528 3220
3082 989
3207 2586
9652 2580
5371 3130
1759 841
3953 1383
6863 2592
6202 1701
6396 5703
1211 833
2157 1562
4963 3914
2400 65
12 4
7572 3017
7385 4624
9231 3944
8298 7111
5972 5879
8686 5070
6511 1625
6423 5015
1489 888
5498 4318
2063 1136
2010 869
5621 618
5327 1667
5141 4228
2982 2593
8009 3111
8842 3402
2763 1971
586 75
2274 438
5984 3695
8938 301
5671 2430
4719 1688
4732 3570
6362 3019
124 100
1315 1050
3680 851
6075 2646
4795 663
1521 302
7248 793
3845 3254
3308 2990
1133 875
4055 2742
5433 2081
9008 7555
7910 5515
533 408
1536 716
9707 7030
9695 412
2650 1358
8505 835
5375 805
6217 1321
3000 1113
1860 1786
6278 4267
4939 1671
3055 304
3823 3247
6915 6463
5521 4099
4450 1272
1954 1438
6140 1600
5320 1058
1945 237
2527 616
2488 2208
8704 748
356 122
7275 2713
375 15
957 262
2522 937
8966 2632
1932 1217
6061 4172
3715 2771
228 116
9459 1913
9714 2373
3936 900
1497 441
7609 6884
8332 3497
8636 2033
68 9
1994 925
6387 3763
6472 6100
1603 1581
2257 1428
3389 3364
6945 1930
8663 5915
1035 568
1461 1173
9792 2604
3810 2536
5555 1790
9671 8815
2997 985
590 556
5121 4663
6358 4198
9366 6022
4039 3224
6754 286
2314 1972
3912 487
7401 1795
8422 5836
9505 8825
6841 3279
1591 662
2860 907
341 84
5293 3541
4145 2270
9617 2103
4671 2972
7842 7174
1116 831
4372 2915
9685 8187
7231 202
9772 6007
9748 3110
9109 4025
9445 8151
9989 4439
7359 2031
3215 1508
7699 4516
9379 1402
9528 4104
9024 3176
3893 1194
9477 7823
6153 3559
1605 873
5009 4217
6488 558
3709 601
4696 1843
5387 3290
2701 847
6145 3780
945 137
6869 5360
3868 3097
5538 1583
4080 1937
9156 76
7390 5843
1928 1589
5083 3359
8342 6713
7094 6853
1622 726
685 531
3722 2673
9742 1431
3102 2955
1013 394
1176 107
8349 4366
3423 2792
6056 4301
9134 2584
5421 2211
5367 3198
4226 2231
7611 6987
7115 1134
2866 702
4804 3889
1798 132
3577 2640
6459 5018
5941 2027
2344 780
1800 225
488 53
3328 2562
4049 552
8856 7516
8972 6165
7163 2552
6206 3742
2686 763
8404 8066
7264 1486
9235 3505
2228 1729
5542 686
5067 2759
5872 5416
365 73
3150 1710
4186 1550
3333 2845
5665 4128
8937 2209
866 654
3620 1516
6224 4211
4620 72
7781 14
5962 2295
3576 2342
5826 3631
5335 2110
7589 3687
9052 6347
3689 1533
3117 2925
2913 788
2864 45
6046 1443
5300 4262
892 361
2148 1462
2078 1661
3976 1933
3141 1257
5316 3237
6535 4842
1404 1222
3008 1069
7118 3232
5680 2334
5997 2224
9444 8267
7824 3801
1391 597
5180 4269
4153 656
8459 5593
4588 3044
898 571
6973 4631
6305 2530
2204 1637
7920 840
2969 320
4760 2399
8908 1378
2080 1542
337 247
2721 413
4529 3204
3993 3608
6503 461
5447 2122
7597 4904
6017 2411
720 222
8141 1179
1566 1115
1045 345
6484 1449
7735 4336
1209 625
8982 5607
6205 3729
1713 334
4569 2451
1825 1250
2904 2589
1046 39
8145 7400
4769 3918
5757 3408
5959 3490
9205 6036
579 297
4784 4251
8162 4060
539 538
2922 157
3193 798
4864 769
4773 4150
5508 1036
6889 3135
9690 9040
5950 3461
3429 2041
611 42
4655 813
4989 508
8147 1501
8135 4156
1366 497
6108 2301
350 180
8495 7439
7405 4126
7533 7254
9121 8093
7438 7220
1953 1769
3800 844
5929 2345
3738 2558
5488 3243
2256 1862
9349 4467
510 49
5491 4563
5702 1939
6921 3388
4808 954
3129 689
5098 2105
6539 5401
2583 1006
3373 2649
719 554
8470 6092
3221 268
973 306
690 289
3001 466
7500 1396
7434 3599
6502 786
8768 2747
3057 2220
7733 7056
9386 2933
4117 629
3697 2723
6854 3127
8410 5859
6757 827
3614 2468
7406 88
7803 1887
6661 6608
5081 3142
9306 2814
4557 3552
1835 1399
8934 2776
5052 1640
9966 4159
887 373
4681 2252
908 578
6368 5947
7039 1415
8056 2296
4184 2590
1213 1182
8874 3029
5734 1245
6335 6054
3611 2899
8238 4350
1623 1279
7213 5430
1530 767
6028 389
3676 3200
1139 684
2523 772
6088 171
9128 3529
6464 640
5366 2863
1146 1012
9253 1538
6851 1076
3445 1683
2857 2217
6997 6238
969 347
8989 5846
4630 872
6995 3766
3484 930
5970 3959
2869 2156
9731 6644
5039 2293
5276 1125
830 635
4144 1845
2511 2054
8088 2757
5441 862
1956 391
3069 2051
7748 2206
7588 2839
8702 1760
145 114
757 489
1097 481
6800 1318
5331 4276
7697 4317
1047 1016
6605 5717
2218 1024
2726 1934
3691 1094
8067 1338
2384 960
7616 3741
9558 2045
2966 182
5606 729
7441 33
5104 2730
4064 2429
3992 1465
1425 1226
5932 404
8419 794
1175 575
8263 7740
5528 4548
9394 6429
7189 2615
9447 8772
3827 274
1545 431
2907 1372
1621 370
1468 1276
6095 1586
3679 3549
2993 1307
8773 4766
3385 670
8194 4635
7901 1742
7047 5279
5288 4448
2132 1781
5560 3084
2176 645
2926 1333
6293 928
559 467
4036 667
5400 3367
2369 1362
990 460
