238
3915 4931
1517 2968
9658 9951
5894 9228
7689 8248
724 6209
5285 5395
6512 9945
523 9584
737 1831
3879 4924
8965 9585
3358 9163
9977 9997
9482 9969
759 5213
542 5908
8041 9787
6939 7583
3460 8606
1067 5441
2889 7894
2342 2452
5790 8273
3596 9906
6159 7285
7531 9393
2923 9077
8048 9971
8218 9581
9141 9622
1940 3450
5106 6200
7724 8522
4448 6239
4301 4819
5622 8632
4113 7287
2214 8512
9310 9785
7911 9949
2041 5051
3877 4150
7189 7977
3716 8425
9691 9788
120 358
8501 8866
2421 4122
3176 6260
5347 7058
6905 7422
6096 9293
1944 2612
9004 9913
3926 8446
8410 9455
4094 4521
8230 8401
8022 8416
2135 5466
736 6673
470 7872
2308 7024
3509 8958
3412 9743
983 1224
1213 7742
3743 7398
3449 5743
289 1873
5222 8186
8392 9687
7468 8050
9082 9618
5023 8800
891 6050
7315 8933
4097 7322
4031 5138
229 9742
8274 8762
1281 2929
6318 9453
2047 2170
6991 9429
675 5722
4311 4877
2201 7500
9609 9725
3855 6174
7818 8914
1586 8787
7499 9327
5849 6315
9876 9965
5366 6876
4705 7694
5471 6416
284 3433
7948 8753
708 6918
8834 9151
827 6959
9018 9250
7397 8605
856 9305
4040 6610
2551 9671
6407 9798
7019 8890
2520 6087
7300 7620
5284 5852
9467 9579
697 1443
9783 9936
262 7282
5013 5744
2766 7280
1041 8690
8413 9240
8046 8142
4546 9792
9570 9768
3711 5419
9471 9987
8042 9486
3768 9078
3715 7072
3576 4731
9316 9454
8181 9076
2783 4686
8390 9632
7090 9790
2504 7018
9167 9776
9503 9595
4296 7121
8448 9014
5859 6298
7172 8524
9740 9846
6383 7678
8954 9836
5047 5565
1151 9696
9456 9757
7772 8184
8635 9780
8330 8877
2432 8879
4645 6349
428 7521
7627 8811
3391 9437
4564 6255
7218 9033
8760 8868
68 4356
4068 9049
7646 8646
6952 8641
2207 3029
577 4891
2056 7446
9889 9999
8529 9808
8405 9425
3761 5492
9128 9773
9737 9950
8417 9900
7292 7762
1943 2463
4597 4757
1795 7268
366 495
5070 6720
4284 8723
472 1692
8404 9354
2629 3721
4264 9663
3375 7158
1258 4184
5538 8470
4281 8875
213 2384
6715 9179
728 1778
7769 9916
9426 9944
5241 6800
160 1270
6633 7386
4933 7495
7722 8743
8381 8594
7886 8080
2299 4729
9244 9445
5202 7567
8131 8649
2866 7409
756 3287
5082 6233
3772 8378
6398 9941
7510 8795
5024 7209
5976 9835
4409 4713
3643 8445
4310 5306
3473 9897
135 3605
4514 8149
3606 6119
4667 8970
8065 9412
225 2429
2146 4654
727 1081
5431 6165
1617 7725
2259 3089
9709 9877
7606 8242
8379 9109
5159 6558
7515 7972
9543 9839
9697 9748
5857 9267
9332 9834
806 3700
467
8286 838
6993 2590
7452 602
1416 170
1686 78
2636 41
4161 3138
9762 9315
5523 3328
8595 566
6056 5697
6904 2122
6600 3676
4746 3647
3900 246
7149 946
8225 1409
7210 5816
839 134
7263 6574
2568 2162
1507 832
8927 4098
7231 2536
1651 1494
5418 1028
22 21
7928 2238
1729 526
8535 6721
4834 4604
3432 324
3661 1017
4813 195
5319 1385
8715 8344
8304 7170
159 51
2813 2472
846 30
9714 9162
3437 406
1404 396
4102 207
1924 952
2243 62
9628 9172
3921 2321
859 447
2322 2103
3395 1949
1268 167
4038 657
8948 5328
2689 19
851 144
6620 3010
4209 2666
7248 4917
5019 3635
9309 2487
8746 2677
3898 3041
6432 1777
235 108
3631 114
1009 313
2022 862
9918 4543
8790 1642
4419 2492
2875 1662
1481 1133
9261 317
6528 3085
3364 1622
4690 402
2184 1699
6815 5144
9569 2656
8461 7682
5830 240
1891 610
9954 4465
6030 2397
7747 6262
388 212
7726 6567
3707 1972
9961 6372
1348 268
8754 917
3636 2029
8168 7423
1019 538
4671 881
9311 5913
1674 1186
8458 5382
3767 2535
2140 1276
5807 4308
2005 475
3174 1010
7114 5825
4124 2242
2893 1097
7812 6075
3335 94
6202 3829
5470 3355
7093 1878
7640 4570
8172 2222
3159 1346
5330 5099
8854 105
5005 1899
6456 2654
2902 2550
7607 1113
433 71
9301 5017
9882 3659
5224 4360
8194 1034
8678 7111
2824 375
8772 8738
2111 626
718 641
8268 2424
4538 3151
6785 5079
9770 60
9088 7834
3104 908
5713 5068
8662 7030
4293 3866
5345 2359
8154 6138
1324 647
6573 613
1484 373
1751 1487
2900 1304
6306 4397
6124 4534
9809 9807
7257 6740
4075 2327
9274 8241
3802 3719
6556 1288
2339 395
6646 2812
8271 7984
6835 4085
9721 7892
1274 100
5165 2867
9600 8622
2106 1587
1688 273
2945 2631
4725 1414
6658 2860
8144 915
371 66
459 346
32 2
5485 3100
1728 595
6296 1195
6514 1159
8564 3193
8287 7783
5860 363
9955 8437
7403 1669
7022 1667
8132 6295
1755 385
8079 932
4772 3813
6626 6469
8253 2360
3033 2023
6134 5911
9899 6023
4155 951
4642 3714
9676 797
4630 2616
8844 1580
3369 1421
9666 4111
7305 5124
5559 4123
5662 2370
8277 3053
5587 3307
1166 510
4735 1362
579 320
4407 3103
9116 1446
7254 3660
5564 5133
132 49
9182 6089
1785 430
5669 3640
7908 7071
796 556
125 123
3264 2665
4359 2498
6511 431
3127 333
3408 629
3925 3020
625 434
2099 1742
5131 2470
2239 2065
3306 1824
7125 996
5161 1181
2844 184
7744 6448
9712 2704
507 285
2274 239
4344 1175
8451 7334
603 552
6963 4144
5883 2414
4211 3196
7755 4306
4217 4033
6666 909
2557 1640
6752 5084
4763 2626
6059 3933
4073 2733
7252 2120
3086 2994
2512 2229
3474 186
1083 709
4508 3751
7037 5812
425 35
7559 3372
6363 4295
4042 1047
4057 3769
3836 1107
223 46
1173 264
4796 2513
6476 2821
3171 2937
3061 1712
2862 1007
7445 4173
1827 315
6770 6276
2071 1215
8727 6983
1058 668
6692 183
8137 8036
1772 1310
7039 4241
1349 1108
945 565
3493 3324
9982 9
6364 1444
8819 3439
1995 381
5896 2151
7084 1191
8599 6108
8176 7655
7402 7198
8945 6249
1569 1322
971 680
6426 1265
888 116
2441 1283
7127 3150
6501 185
9530 8348
7541 865
1377 180
3361 2075
7017 3902
3986 2658
1448 934
7325 944
1101 560
5842 3779
6760 948
1528 656
2917 2348
2049 802
2751 296
6949 3386
283 162
5903 2954
2132 1440
548 361
5398 4569
8894 1671
588 405
960 880
3156 2230
65 23
8582 4367
622 452
672 272
1762 460
5925 2528
8422 8296
3145 3074
5414 4815
9583 5018
776 455
3330 1779
1740 1676
3752 2462
9800 594
3938 3247
5736 3192
8928 5863
6787 6225
1862 1141
243 143
9283 2038
7947 2134
8148 1628
6222 3601
3750 2747
2847 1392
1143 133
6951 4327
6919 2674
7094 2793
2713 2541
5365 2980
3894 2928
3073 448
9814 9104
2818 1470
2940 2149
5238 4786
9134 1683
2026 411
9812 1916
4408 2688
702 592
7944 601
7589 5848
1447 252
7327 2896
2842 1897
2282 2219
5582 1277
5445 1021
6390 237
3206 2343
8829 7163
7411 841
3273 1583
8047 7644
6195 5150
7647 986
4776 4208
7670 2369
7434 828
1130 793
5303 4990
9957 9143
5343 1967
9325 121
9682 3947
5313 4452
2531 449
8490 5632
4188 1921
4493 3052
8652 1146
9483 2034
6767 3136
9860 1474
1946 1253
1678 1247
85 29
9514 9087
107 72
1087 15
870 57
4446 3153
4638 2494
8231 3077
1162 940
1190 257
2959 779
8072 3440
927 808
7160 3130
9601 2657
2868 1993
7629 3820
7088 831
4305 187
1055 715
655 399
631 298
9481 1527
3183 781
3245 2877
4363 1578
6934 3703
5615 5282
6369 1826
8810 8180
6106 4398
4627 825
3398 3317
342 182
445 80
4089 1194
9990 8282
5646 2032
4017 537
9518 7079
8269 2717
9675 110
2440 1379
5201 3726
575 297
3571 2447
2948 650
3864 2576
5547 3857
5437 4519
9403 8414
8747 2680
7418 5278
3613 2701
1209 260
4302 1153
5294 2403
4019 3590
2586 2055
28 1
2442 1100
8275 2916
8775 2017
