789
9503 9853
5981 9807
2457 9719
4634 6554
6184 8748
1557 7822
2464 8034
7736 8333
5703 6654
3461 4709
6789 6812
521 5138
4683 4991
4660 8808
5249 9902
7365 8295
5567 8688
4745 7574
8098 8484
506 1891
7040 9375
3016 7765
5995 8790
1622 5714
7817 9056
8110 8448
3275 5901
1760 8232
4845 9406
9381 9580
4608 5199
3105 6932
8671 9133
7475 9359
6392 9123
2131 4952
2748 4517
4586 7482
6815 9934
4027 8689
9443 9645
5535 6414
7262 7692
6049 7293
552 5343
5597 6258
6610 7723
49 2258
9728 9851
3865 7183
7917 9311
7595 9634
7796 8222
1330 7930
8058 9710
135 6681
2833 8813
1583 5227
2328 2514
7251 7649
938 3362
3482 3778
3037 5108
4390 4787
1857 5400
7214 9611
7115 8407
3887 9401
6746 7014
9130 9983
1871 5153
2092 9858
7608 9513
2428 3158
7335 8670
9697 9982
2972 5300
3236 3985
638 9819
4752 6140
6205 9976
4906 6068
6768 8785
1527 3082
1637 4015
8753 9570
331 6992
88 8137
1940 8144
1321 5219
2862 9844
3687 7304
9422 9525
46 7670
64 751
3517 4832
4625 8134
7691 9808
1723 7636
2561 8835
5475 6779
5489 8008
8378 9509
36 4476
7517 8124
1719 4450
5251 9787
7359 8812
3712 4127
1713 6823
748 8965
992 5357
8383 9992
5068 9764
3445 3555
9945 9946
8678 8929
6147 8734
7522 8676
5481 8786
373 1847
7769 8428
6290 7096
4141 9273
571 5441
3277 5529
8496 9286
1474 9386
2427 4070
1270 7388
1181 6695
9516 9988
2322 6270
8899 9836
2253 6246
4176 7857
6890 7570
6067 6083
4395 4879
7290 8825
8475 9313
4971 7924
6860 8403
3186 4392
7859 8919
1401 4902
9423 9885
8901 9712
2584 5622
4536 7053
3317 4349
9371 9560
191 1342
2684 6447
2923 5564
3471 7515
8554 8765
2624 9820
6187 6831
9444 9864
1102 1581
9105 9944
8982 9698
8057 8366
9282 9493
7590 7661
9661 9721
5056 8350
2363 2682
5496 8873
6863 7399
2169 6854
3909 6040
7337 7557
3135 4650
1725 9648
6517 9673
6210 7453
6913 7222
8580 9016
9604 9625
8164 9514
9283 9754
1563 8488
7660 9989
2902 7562
8846 9326
9802 9812
5084 5323
7989 9956
7492 9451
2307 5318
7029 7386
329 7907
5578 7045
7248 8614
456 2580
7048 8050
3046 8207
3290 5904
5232 9389
561 5946
5413 7542
5770 5889
8329 9908
9938 9951
3356 3582
3208 9859
1265 4417
1078 9174
666 5107
2645 4163
529 9997
2696 6885
838 7267
5433 5664
6982 8966
830 5728
9549 9555
4206 8306
4172 5154
3915 9490
3492 8941
1853 5331
3773 4114
6583 7192
7438 9276
7269 7317
6313 9036
9002 9053
534 5163
7172 8420
3067 8703
5520 8728
4427 9687
5312 9533
430 9529
1675 4363
2012 7418
1294 8754
5614 8107
7598 9468
8246 8930
3976 8394
9780 9999
3520 8647
562 3076
9263 9448
1017 1200
6221 8170
2431 3619
1980 9595
206 5209
9895 9993
236 7592
5990 7738
2959 8041
7393 8231
9943 9950
1561 9834
7066 8444
250 641
4301 9332
8271 9257
940 3896
8985 9457
5211 8340
4306 6097
1022 3019
3069 3585
1522 4139
6754 7383
7147 9893
7846 9195
4067 7190
3383 6142
910 5650
1062 1177
9160 9463
5531 7640
3018 6765
5480 8301
8992 9421
7693 9904
1472 9841
5229 6322
8659 8905
3661 9041
3113 4698
9615 9660
4348 9911
9591 9774
3403 9932
4256 7667
4662 6902
9175 9588
3557 5852
6410 9968
4943 6384
1030 1288
4948 8478
8302 8396
5344 8270
5243 9089
7013 8984
9337 9994
982 4136
7773 8844
6092 8035
7387 9366
3749 4913
8588 9521
1254 6104
8838 9327
2609 6816
324 8380
2235 8907
3282 9913
4045 7733
4221 4994
5210 9357
9209 9874
8524 8643
1778 5528
3335 9187
5257 9635
3441 8324
771 5667
1032 1144
8042 8942
6110 7591
9562 9942
4615 7224
131 6222
7163 9995
4921 5021
9377 9894
683 9162
4117 5469
4679 7237
1043 6628
8237 8719
4202 4320
9759 9924
2622 9287
1900 9008
4247 5285
582 3190
6032 8202
5679 7795
2704 4796
1608 1796
6528 8950
3068 9741
7887 9870
2475 5970
1873 5765
3350 9140
9776 9935
7363 8978
5444 6817
9574 9769
1986 3562
7553 9651
7875 9040
251 7005
4674 6904
5156 9224
9955 9974
3064 7111
1866 2381
7243 7775
7051 8542
1761 7882
7552 8291
6452 9164
5921 9763
6927 7533
4095 4728
217 5689
1948 2749
6442 9568
2776 9887
6666 9816
7678 9191
6948 7525
3568 5523
1256 8367
3860 9624
2983 9981
3748 9085
4075 5767
914 2112
5173 7720
9770 9804
6834 8093
9865 9886
107 5923
4044 6259
5187 7103
1220 4321
3548 7809
9889 9926
8620 9272
6785 9182
2371 9219
5621 6571
3189 9695
9577 9606
7186 7564
7340 8430
6656 7819
181 7043
6254 6775
9796 9998
3338 9600
9653 9896
6241 9702
2689 8526
121 9057
4210 7023
66 6996
2335 8700
8021 8791
2876 3604
9824 9879
2493 5492
1457 6383
3638 4133
7932 9390
4587 9124
4056 6714
1415 4607
4073 7219
4128 9980
1198 4207
3583 3960
464 4341
8262 9798
7354 7787
5857 9397
8288 8690
176 6762
9675 9991
5832 9419
9567 9701
9148 9290
1112 4253
414 724
1534 3510
8612 9102
7829 9239
4304 5242
3553 3594
6496 7416
1832 9433
2676 9752
6051 9565
3794 7336
3143 6476
8086 9638
9368 9641
8260 8589
861 7824
5648 7916
6732 8169
4776 6171
6387 6951
5090 7785
354 364
8527 9385
3438 5307
9867 9919
8746 9248
8657 9610
7443 8442
7986 9250
5415 9222
4637 7473
7300 9637
6866 7610
9204 9975
4447 7125
3789 6016
1240 5974
6891 9370
6185 7310
2541 7019
4825 4949
5292 8704
635 6859
7779 8967
6687 7396
9630 9657
3085 7945
2794 3304
3032 6586
3036 7834
4347 8038
2611 3798
3993 7285
1339 1593
7035 9929
8557 9202
1489 3852
2644 3420
8609 8715
375 1850
9491 9524
6014 8064
22 6460
671 8492
122 2573
4241 4806
4019 5339
7708 7933
9884 9948
2168 4435
4030 7871
7384 9405
3005 8388
1513 3000
3558 7220
4747 8586
7832 9372
3252 3814
5662 7009
3443 6430
9218 9523
9861 9909
9277 9519
5761 8682
67 2483
6525 7974
4453 7312
1605 4491
238 7844
6542 9329
7422 9722
2332 9474
3680 5266
8906 9475
6477 7071
9711 9877
6840 7182
5327 8948
2828 8091
6761 7977
6456 6711
9839 9921
7242 9608
1344 7624
5098 7360
8507 9511
8625 8824
2311 6680
2768 3382
425 9732
2269 8871
7499 9966
4375 7279
753 1375
840 1232
9461 9679
8072 9684
834 6600
5640 8913
6847 7780
8610 8815
8391 9158
2388 6942
4164 5963
9845 9917
7415 9564
7710 8474
3389 7579
4654 5228
2867 5609
5668 8276
4710 9481
1535 5472
24 8470
3162 4188
8760 9907
601 7185
8097 9905
6191 9168
7238 7721
175 6113
3786 4022
7025 7076
5898 8343
5886 9079
7615 7965
8299 9715
6411 8740
6895 8693
7653 9794
1860 3729
7596 8082
514 8933
6386 9746
7406 8795
2392 9716
5935 6828
9489 9541
4218 5511
4419 8424
2761 3837
2374 3484
1646 2980
3695 5809
8371 9664
3465 5856
9122 9530
8683 9464
5241 8342
3511 8720
1542 5779
8955 9739
9014 9576
694 7031
8112 8706
797 9216
108 6438
7189 8377
3746 5399
2470 3248
5019 6159
1479 8756
8113 8766
1199 5613
7150 8634
6314 7549
2476 7112
2242 4357
218 5288
4799 6973
4314 6906
3675 6043
4140 4957
6776 7573
9920 9970
6805 6894
5561 5891
7896 8467
8096 9278
7996 8665
9494 9631
278 3763
927 8153
5416 9709
5389 8661
7544 9931
5756 6457
4838 6594
5436 6010
2939 3556
4053 4549
5555 6640
215 5978
204 9061
2998 4922
4494 6845
6697 9566
5459 5919
4416 4761
7015 9498
2627 5057
9373 9986
1380 7561
6977 9229
5574 5917
3692 4269
245 613
6611 7617
8615 8758
7273 9689
6874 6968
7868 8894
2921 9261
1425 7139
6507 7426
8536 8852
2159 4981
6861 7104
2339 8294
1118 3136
3204 4227
3531 8735
78 9784
4501 5290
9495 9781
5732 8066
3500 5814
8999 9117
2694 4592
4223 9813
6106 8075
4310 8135
6028 9346
4802 6281
6267 9207
6707 8660
2915 8015
8154 8927
8473 9961
8300 9690
695 3783
825 3225
6627 7703
493 1279
5966 8863
9151 9960
8764 9331
1188 9167
5588 6319
5973 6035
1514 2459
377 6357
4912 8162
5579 8502
9778 9840
8663 9391
3074 7828
4867 5514
5473 7589
3886 7586
3050 8803
872 3473
9362 9727
4147 7289
5040 7998
6000 8408
9336 9743
7695 9665
5897 6129
5716 6036
5466 5633
2057 3577
1012 7700
457 7529
1925 6196
4371 6567
7264 9266
7516 8611
2685 3371
5740 9459
1236 4954
3973 8413
2807 7709
983 7568
7440 7480
672 4307
4134 6451
9376 9918
9415 9553
365 2064
7275 7681
1708 4645
3868 5906
8282 8621
2245 7140
2949 8073
1733 7126
1576 2848
3392 5690
4386 6233
3283 7836
141 5218
1497 6842
3295 4819
2389 3726
7900 8111
4430 4846
4617 9173
7091 9890
7811 9407
3928 8626
4678 5484
8949 9537
5625 6111
8556 9425
50 9228
4382 4842
1503 9365
9724 9757
6360 8912
3588 6669
314
1867 1551
8227 3098
8500 808
3597 2188
3716 811
5283 1139
9004 3114
2139 1676
7972 4972
5911 2108
1694 214
3643 403
5582 5099
3956 585
3634 240
8914 4186
2804 923
7655 853
3165 2903
2195 995
1764 1124
9958 6407
5519 1767
2424 1791
1296 892
7299 2113
4701 367
4998 2142
3467 961
9949 9150
2317 155
5403 4861
9627 1706
4869 3723
7869 5548
490 369
7803 2803
9348 3436
6376 810
4344 317
3926 2588
3285 1582
9318 8579
9465 837
8429 4009
4048 2200
2494 1688
7138 6453
4830 3567
8805 8535
1715 1548
2490 917
9873 5303
3239 1202
7330 1839
8968 4737
4889 4083
6079 1840
2051 678
3618 2321
4013 2127
4271 612
8012 4546
6604 909
2425 2130
6394 5975
8993 6989
4876 4477
7134 3188
388 13
5378 3704
6302 5124
4428 3846
3650 2830
2487 526
1894 1014
5000 4458
9821 4091
4178 1228
9768 5144
4864 4356
4755 2891
4960 579
2751 1414
6782 6427
4751 3645
7308 631
8499 4393
262 259
8637 8241
2193 739
8088 5871
6250 2865
1389 405
9527 3516
7463 3491
2843 1100
9136 2299
6305 4725
8636 6193
8788 6876
1843 816
4770 4368
9532 1697
2336 254
3535 544
2666 2566
3009 2890
7921 6931
97 96
5896 356
7020 6054
6202 5179
1152 780
1448 905
4243 353
9733 6462
2094 1484
7782 2140
1795 1516
7861 6901
2152 682
895 782
832 433
9081 4965
4880 148
5158 3524
1872 1231
1559 963
468 116
1908 1696
4917 3355
7003 5311
1584 58
2595 415
9744 3576
6401 2435
1452 463
8547 6238
5004 4671
941 505
7673 1621
7373 3560
9596 6821
4554 2743
2907 1878
2572 1025
2226 956
7548 4973
5001 773
9912 1488
4211 3198
1799 1343
3533 2860
1482 994
1727 1661
8109 5097
2727 1499
2477 2204
8188 2904
5157 417
5697 3319
3374 1885
9307 3693
1364 617
9351 7307
4248 3199
2075 345
5049 4911
285 43
8731 6558
9361 959
5628 3514
3435 626
567 409
5888 202
1042 740
1687 1161
2603 1390
5167 2210
9059 6734
6440 3504
6065 5691
3164 2074
7207 4604
8471 7702
9939 1672
6153 5450
8114 5725
1356 14
7198 1941
9473 6075
8538 4648
3527 1315
5037 3172
6400 2528
3927 3442
2813 858
5991 3286
6892 928
9602 3578
2163 265
6800 1419
2918 1443
6143 1735
1614 1253
4097 846
1935 793
2110 1393
3071 1319
1394 93
6396 5325
4295 3825
3181 634
4979 3116
6937 3839
1168 681
3326 2011
7572 4529
5236 1510
6651 4038
5533 5423
3841 1856
2048 702
5916 1420
913 210
3908 1190
9121 2243
6771 4753
3804 1624
4694 2880
7985 2047
6294 2454
4291 2149
6896 5810
3933 1712
7820 2564
8987 6788
9969 3681
525 307
8127 3907
8118 7804
3478 1683
4105 3587
2670 2496
3990 1305
7059 3644
389 219
7827 7378
6639 17
8083 725
8702 7401
9749 4561
9352 2341
9782 5751
8214 6546
5070 1569
6704 4955
488 467
2266 1327
3150 306
6829 2827
1677 554
4700 1280
9141 1610
3049 2010
2785 2417
5547 2520
5700 4836
9535 574
1606 98
7546 1630
6108 5801
9190 2062
6418 4808
4391 189
6467 2692
4378 3603
5462 4411
1670 476
6796 6243
5590 1281
3 1
2076 1071
3311 1858
5550 1607
4267 3099
656 182
9063 625
8177 633
6871 6008
8235 8006
5390 1922
118 39
6691 5558
2826 2714
2497 2348
2000 1721
4465 1918
7893 3056
1800 1352
305 132
370 146
1089 257
7088 1934
2347 1110
9662 9322
5246 5190
3813 1354
4334 2991
6415 87
7534 1586
3250 2382
4524 545
