245
9390 9913
2878 3673
5049 8892
6893 7218
7967 8414
8156 9816
733 7673
4553 8890
7671 8908
1279 5208
4893 5216
2103 6424
7017 7781
4894 5512
3429 8515
5982 7961
7172 8983
4042 6596
6274 8011
1283 3283
4301 8422
3677 8437
4539 5845
9101 9155
3177 5636
942 5594
8102 9446
9014 9672
1303 5082
9755 9889
9859 9961
6286 7507
3987 7262
6261 6657
1380 6933
1217 8886
9910 9968
1281 9542
6958 9223
7404 8964
5876 5903
6249 8405
7558 9286
6319 9590
9595 9866
7265 9883
3689 3755
6202 8926
8085 8720
5998 8810
3178 7790
2632 4239
511 6516
4494 8950
3867 9817
4918 7102
7284 8208
2275 5227
1188 8785
9823 9892
7527 8847
2206 8728
5040 7938
3526 9183
7624 9640
7359 9430
7865 9067
9909 9956
103 3969
7851 9860
5561 9024
2223 3804
4445 9146
4408 7321
5088 6829
987 1123
1051 9770
8625 9948
5883 7909
4164 6850
8691 9150
551 4388
6427 8128
1234 9352
5006 9627
2006 9360
5501 8493
1073 7282
7614 9801
5518 6251
4236 7472
8278 9549
3594 7611
2017 5710
8354 9496
1015 3535
6992 7538
1682 4254
9967 9987
1619 8715
5608 7784
1858 4005
5975 7760
7981 8015
426 6712
1210 4984
9704 9788
830 8055
1903 2967
2153 6650
9403 9832
1647 6390
7908 9084
9716 9731
1190 8894
4744 8767
788 3555
681 4319
9029 9667
5488 8039
4623 7313
6486 6732
3481 7406
2646 8043
4332 5766
284 3909
6166 6910
6018 7891
5435 8012
934 7434
1455 9613
2518 8547
8217 9845
5887 6672
5024 8640
7248 8438
7213 9499
6218 8628
5084 9585
4467 6588
4485 6977
3652 9246
1905 3369
1132 6607
7504 7561
5080 5991
2365 8421
1360 2849
703 2610
5398 7743
9714 9954
5248 8356
9479 9925
4063 5524
2586 7498
345 7381
9178 9242
3703 9573
55 7439
1357 6902
3933 7514
7971 9048
1288 2501
374 6770
6183 7756
3911 3920
6074 7610
1366 3497
7577 9543
47 7542
1278 8780
2759 9709
9932 9992
8820 8835
1372 3408
434 1369
5019 5267
8839 9720
3006 8124
3752 8196
2954 5853
1641 9972
4702 5382
1725 3033
9129 9399
6362 8813
6985 8317
2455 5547
8768 9228
7777 9624
5863 9305
6411 9647
597 2993
5494 8572
9165 9812
9350 9649
3424 7083
4472 9337
189 7839
4009 6687
8629 9413
4411 5252
436 4705
3875 7029
8673 9432
6401 8659
9953 9986
1065 8345
4249 7045
1612 5011
2889 5385
8735 9566
4920 5606
8721 8913
8772 9113
8214 8650
2671 2959
2186 6698
911 7107
1644 9139
1040 4038
5696 8738
4548 5569
7964 9386
6177 6651
5768 6451
2077 8455
2088 6105
1928 7198
3857 7575
6508 6989
473 2549
3083 4284
4415 7347
8058 8939
6965 7092
7628 9604
7495 8619
2149 8385
3147 7591
8954 9710
686 2319
5734 6149
3128 9301
1393 3516
108
7823 5446
1473 455
1418 178
1827 475
9611 4808
271 139
7996 6206
5828 5468
5496 1229
3950 1086
6483 4925
9612 8420
2865 2067
2090 1593
7872 1775
2372 124
7315 3168
4329 1606
1956 1553
9168 2343
6637 12
1869 470
5803 3170
6069 3106
318 150
6507 5553
1954 347
3345 2563
8559 5756
45 16
4275 505
4901 2521
4066 3688
6925 2814
1535 179
4617 936
3566 600
1305 456
3609 557
5229 1
2252 143
4052 868
7237 3839
9999 5556
3810 1836
8620 4393
9080 7925
7529 3966
610 71
6176 1444
8143 393
3629 2486
4487 3207
4773 3165
7608 32
9236 1536
4294 2182
5147 4960
9471 5390
9089 666
3944 3131
4363 1748
4903 2104
2037 149
5829 95
6620 1500
458 140
5579 4852
2043 1136
1664 962
9442 9343
6087 3434
9272 4771
9666 6500
4172 2773
1916 76
629 552
7168 1989
3600 1848
2650 200
5409 3923
5516 4486
7679 6526
8915 6570
2906 286
6065 4980
9438 6624
1818 146
7663 7143
5044 4397
8933 3103
191 174
1890 780
9312 6115
3415 2890
9558 4340
3797 356
1817 889
6746 1659
7995 7101
3398 1226
2122 742
1054 925
6817 2527
9096 1323
1887 9
1921 1707
3565 2376
