324
7613 8725
4847 5720
5679 9884
5069 5626
5216 7279
8793 8845
1700 8777
1861 3420
1960 4443
8248 9416
6092 8644
3089 6378
879 1086
1504 7662
3773 4230
2515 7183
7746 8669
3838 6598
4376 9343
8290 8306
9600 9880
1664 2384
9819 9852
8336 9378
194 9226
73 5306
7798 8326
5396 5959
221 8600
3407 8225
4552 4662
8220 9753
3681 3800
2407 7799
3224 5755
7621 8148
3501 4373
1703 9009
2746 8160
8801 9826
9687 9964
9943 9957
8681 9547
6253 9407
8837 9169
7482 8431
4846 9686
7463 8126
4164 9932
1476 6672
6742 7380
6373 9627
8957 9804
9352 9850
462 9202
7550 8161
5254 5872
5035 6777
2086 4927
9551 9963
7229 9699
1515 9058
3847 4867
6437 8789
6127 6240
8048 9456
9977 9995
3590 5748
9032 9808
5169 9340
9556 9715
200 5229
5962 9013
3776 9280
4330 5402
3451 8630
9438 9981
2127 7250
9948 9976
6753 7181
9915 9917
4292 6541
1758 1975
7439 7483
3344 4610
5453 9334
3382 4868
8665 9347
6245 9225
721 3670
2366 6543
7440 7924
6725 8972
6754 7105
9070 9662
8890 9078
3083 4357
4000 6306
5592 6114
9259 9807
2762 7099
214 9099
3268 6747
8826 9485
9297 9388
8534 9744
5241 7603
7453 9146
734 3751
6173 6351
6585 9717
8279 8345
9023 9518
9967 9971
2311 4981
7230 9188
5121 6865
8740 9477
2836 7488
9433 9536
121 413
3236 5943
1232 5825
8207 8944
4918 5694
9802 9914
4818 9110
9922 9931
4504 5923
6285 9972
5754 8608
455 9827
1964 3825
4948 7418
9719 9924
1309 3894
2534 6005
5 5568
6584 9435
6203 8047
4047 8480
2580 9962
9635 9694
1834 3150
3687 8008
8172 9020
7658 9513
1259 3876
2344 8756
4642 9459
5520 8585
8805 9410
5011 9104
9356 9598
9607 9998
3029 5649
570 1600
6852 9496
1747 1863
4688 7562
5451 6902
7148 9041
4352 5214
3658 4063
2432 3447
1203 3531
1199 3978
3340 9840
7219 8903
6366 6885
6197 7663
4834 9836
4277 5172
7986 8632
1757 9523
3330 4013
231 4363
7120 8955
9074 9782
5508 5552
9214 9382
6924 8634
7278 9834
7511 8762
2544 6265
8791 8872
2982 8211
649 6658
1658 6822
4073 9117
1633 1901
6085 6660
4956 9098
8974 9940
2057 9530
1950 6286
3992 8000
2630 4730
2663 6637
7776 8896
4202 5437
7726 9083
4498 8586
6641 6893
7545 7785
7901 9552
8297 8810
1610 6019
6938 7494
2535 6856
8812 9983
1666 5871
2223 7704
4233 9735
7740 8968
6489 6628
6645 8674
9115 9240
5461 7774
4212 7085
1453 5158
3491 6994
8007 8247
347 7539
5473 9791
5204 8765
6929 7972
8946 9817
513 8259
1021 3634
3827 7169
6356 7394
1832 3499
6006 6850
5493 9663
560 966
2751 4548
2425 4700
977 6592
8575 9362
1208 1283
2386 2952
4946 9748
2892 5599
6459 6908
8453 9901
6408 8551
7381 9103
7191 8324
3588 8887
3860 8078
754 2239
5065 7270
4302 8183
5106 9613
171 4887
1316 2849
5295 8073
1089 7065
5342 7862
6743 9454
8448 9659
4420 8573
2801 8858
5537 9859
478 1205
1422 9278
1385 5984
4034 5950
3345 8493
1748 8475
4595 8210
1855 5152
3116 7917
9988 9999
7783 9564
5539 8340
6715 9562
1190 3311
2670 9542
987 1872
6232 9851
7895 9980
6701 7042
3327 9970
2937 7841
713 855
3078 6934
3023 4448
3496 7243
7850 9734
1689 2177
4365 6063
4112 6499
8382 8387
3604 9471
890 3775
4675 7865
835 6688
6389 6505
8553 8557
8314 9039
9277 9835
2568 3209
5914 7617
8581 9144
2188 5621
8973 9910
4028 8537
7601 8455
3656 6136
6772 9473
2198 8139
3949 6261
6558 9423
4737 8485
40 627
8294 8833
5887 7262
5891 7718
9133 9882
3274 5528
3976 6521
606 4372
441
6843 4694
5420 163
6731 333
9982 7520
292 13
8940 1369
8645 7036
7567 6251
925 491
5399 2906
7610 5344
2193 337
3760 997
6461 5888
164 24
4061 2362
6795 2652
5108 4051
6257 601
7207 4098
7078 2696
1815 924
8596 7037
3957 1443
494 332
4813 3640
3049 1350
365 157
9863 5729
7588 3713
9487 262
5211 3986
9743 2475
4708 3597
4776 840
5794 358
7161 6420
5907 4666
1418 1312
268 181
3334 980
8823 8763
1307 1120
2724 1462
4543 2864
1281 949
5312 133
2938 1953
1017 83
1769 1718
7489 533
169 155
9865 3024
5743 5160
1257 657
3468 3197
8445 3763
4679 110
7087 3001
8432 318
9909 9295
1357 276
5456 1249
6667 1003
595 316
9658 8230
7414 3707
4160 2804
9553 8280
5730 4567
4769 1364
2603 983
3557 897
4623 4512
4412 3130
72 50
5190 973
2247 64
3653 2614
1702 1215
5124 490
5671 4970
6913 6194
6955 3289
8843 2636
3479 1499
6030 1136
6208 815
3356 1880
8499 467
5767 5223
6158 6007
1580 610
7028 6968
6474 4332
8421 3038
672 270
9076 4187
4983 2942
9993 2068
7271 5185
2468 315
3445 3055
378 118
1362 88
8463 671
7116 2207
1809 568
1329 186
4414 3372
1112 774
4146 3006
3601 3173
6869 5142
9752 5361
3342 406
182 94
5545 843
2508 1150
7290 6116
7268 6686
5663 1599
3912 1751
3323 998
5946 2211
284 192
2944 887
2707 1303
8809 3315
561 319
7943 1984
8873 1565
3335 2377
2319 1621
9007 2159
3448 1860
8113 5841
4836 3719
6342 5953
5351 2562
6762 5786
8330 2486
5430 2697
667 225
8718 5509
5726 154
4008 2598
8001 6193
5383 2330
8988 2619
9811 6317
9688 4991
7551 2473
2760 2179
7462 1445
9582 3153
4497 2464
5238 2209
6333 6266
9447 6944
2528 176
107 43
1088 389
9061 2221
5618 2795
4014 2711
2637 735
3787 14
9647 8737
4875 188
5137 2204
1635 168
6746 6110
3100 3060
1207 367
90 4
60 17
1412 1267
5408 5405
4618 1294
2917 1143
7823 2381
8359 2674
1772 1735
5987 1458
6764 2187
8889 2023
5499 571
2383 1411
2943 352
8647 7524
3737 254
6800 4789
8614 2275
2779 1776
5585 2964
3561 2884
3161 2335
3722 2966
6901 6310
3637 3206
7677 5479
295 97
5236 5031
2560 1742
1266 177
5844 5482
4306 1218
7138 4707
7946 3105
9377 5153
7757 2910
939 410
827 573
6008 321
6608 6388
1513 803
9275 6142
4661 2001
4962 710
1679 663
495 139
5164 3122
4601 768
4788 3603
1821 995
7602 1327
5877 3755
7795 7561
7887 5293
8101 6348
2740 1884
5954 1253
762 559
6825 935
8576 3696
3425 1320
9364 6482
5178 1725
5176 2280
8441 1954
1566 1371
802 105
122 116
5900 2533
5588 2714
6186 3741
7899 662
1803 534
3087 874
5820 1690
5280 390
9230 9122
8283 6727
4801 796
527 422
2870 2865
7900 3500
7853 4206
3645 596
7060 6472
7856 6475
4331 864
4386 1807
4248 2842
7784 4081
2699 1111
8621 3523
5460 3822
9689 3443
5611 2315
7803 3772
6559 1186
7656 5215
6930 2593
3129 1620
8368 5653
7398 54
3037 1495
2524 1317
8278 6486
1840 1560
1968 306
9493 6287
9325 4444
7791 1711
1360 1352
4210 2907
6790 4159
6693 4607
2299 744
4095 3564
5672 4951
5093 1826
5443 1466
2009 57
6291 5233
3476 1733
5605 543
6209 1076
6 3
9052 5575
6648 2576
3104 991
4571 3578
2136 2037
9262 2868
1677 1013
4070 954
6940 4931
8712 825
3071 691
2286 1533
8978 4184
9465 7921
2615 427
5466 3148
1367 901
4291 3174
9869 9490
269 223
5550 2638
8928 2786
1012 345
1172 263
9501 784
489 103
3849 1233
4256 1543
8711 2882
1276 788
2940 2458
7956 3920
4637 2234
7708 4771
4583 1395
4900 4873
1626 1400
1336 692
4966 4753
8510 6561
536 524
8641 1770
6480 3921
5184 1836
7521 4713
4810 4529
3495 2182
8014 3530
542 248
8856 6939
2646 2474
7729 7151
4541 576
3592 3460
1332 715
3938 2226
7385 5572
9639 81
1423 978
1696 471
4815 2496
4470 4116
8195 3028
5175 3900
5356 1346
5775 1787
3498 294
8544 5362
9321 3377
7329 4071
7044 6620
3642 3103
5734 1817
7295 4994
3145 2767
1000 308
9411 3676
4825 3018
5731 1766
4891 2793
3291 1713
681 633
329 45
3247 1479
7139 5382
3051 539
1763 853
508 135
2186 18
3168 1121
6919 3896
4391 4259
6035 6032
5102 1704
405 398
8727 7767
8824 8643
4107 975
1819 12
5372 1061
153 124
7055 4960
3433 113
724 106
6037 968
5268 4534
8249 5147
6122 3643
4039 859
9602 1642
8293 1118
5677 5304
913 32
8808 8056
7976 4429
6760 6107
8987 160
6180 2161
5634 1759
4714 423
4157 1242
3287 3240
1306 1034
7849 3467
5317 5235
819 451
2900 2353
4242 1330
1893 777
9890 2112
5817 1771
8733 2274
6799 4667
3292 2505
1501 289
7565 1108
2487 2017
3830 1333
26 15
1144 743
