8
8433 9579
5157 8597
3286 5453
9062 9767
6218 8696
4558 9204
8625 8862
3581 5259
481
4394 2502
6434 4893
4932 3157
4636 1756
5791 4517
257 14
7466 1283
1878 428
7398 3224
9122 8805
9278 8112
1601 1260
4377 3946
2460 2146
1949 1155
8952 6371
787 499
2932 1570
4813 328
9338 5337
6471 4859
7799 5570
4216 4005
9475 3870
1525 61
6475 4237
7269 6190
437 180
4284 3163
5998 4563
7531 6215
1334 760
3984 1967
91 17
8169 2065
9699 4191
1845 1116
1887 1881
2935 664
2590 1211
5153 2854
4087 3241
9199 5104
7043 3497
307 46
3249 883
5479 1950
9310 1664
3696 832
1656 235
6697 3292
9046 8136
9369 4488
2471 1022
7858 5515
2289 292
9206 6533
9587 1158
3548 486
8108 6572
2245 1177
4354 1564
6210 1391
2943 1632
5656 756
2893 2799
5954 2214
6739 358
1931 25
9238 8719
9564 3427
4144 1496
7516 589
1726 1647
3913 3586
8376 4386
5437 3464
6446 3062
7953 6731
447 52
9603 1262
3905 3299
9979 3508
1842 490
1844 1689
1807 1591
6768 6425
9651 8347
9749 5625
9985 5488
1706 1558
3380 2378
3228 1159
7232 2235
5144 865
9337 8698
3225 1545
6280 5017
1012 210
1023 134
9828 3666
5098 1143
9616 6465
3499 1405
4089 1745
5913 5154
4437 3773
9080 8519
7218 869
5839 1320
4763 4443
2603 762
1673 396
2942 2894
6620 4157
7994 3493
5972 5317
6514 1548
1680 278
1651 1038
2381 1404
9668 8990
5026 4249
813 694
9173 7786
2278 2206
9497 8463
8548 7842
3631 3602
2998 1232
4145 1983
5080 5045
5722 1362
6174 2811
1800 1491
8126 6203
4405 53
5962 3746
2390 915
9558 2644
4171 3301
9042 2869
692 459
3655 3549
4254 2531
4201 3844
683 70
3402 1352
1968 110
8351 5697
2961 1608
2226 2093
7580 3811
7654 3560
5898 1873
4040 3667
412 284
4065 3208
3466 1414
1373 384
7316 7114
4194 3174
6183 4516
5961 3050
6355 5542
9205 5214
7461 2887
1201 45
9652 2858
8116 7166
9930 7448
4948 1600
9075 3096
9987 5494
4895 1341
3783 2554
8138 6532
4253 1350
1693 430
1148 432
150 106
8516 5700
4025 3925
6869 2737
303 172
6650 2167
8445 4903
9620 5168
3034 1169
6582 594
7626 1737
3519 1477
5604 4909
5468 152
7143 1635
6577 3334
3758 1465
5614 3237
7285 862
1858 400
4753 4571
139 1
2479 2224
1556 542
2807 1101
5108 4045
7728 6526
9228 1497
5522 4185
2218 1278
6139 875
1235 1108
8568 5292
6785 558
8183 5262
2043 1316
8256 58
5283 2324
3348 294
3454 117
5901 1657
2048 1782
4751 2566
8237 4136
8796 3445
666 236
827 116
5524 1599
5508 5014
2515 1798
6934 5490
1017 800
2457 669
2164 573
6468 2316
4644 1729
6482 2304
8852 3832
3957 3532
661 392
65 5
608 482
1310 1218
2514 2067
2126 1026
3181 1895
8451 4379
9512 6618
6271 2368
723 376
6803 5329
4046 3572
4883 799
2910 1469
1327 1175
5184 3990
4246 1296
5105 342
1542 1164
3681 2868
8619 1390
4193 568
519 488
3814 3078
6106 259
1510 1480
1167 1092
286 115
7096 3381
7954 6580
2947 19
2309 1973
8715 4520
1459 684
9741 7264
7335 1098
7188 3852
9760 2622
6506 3977
245 135
1176 199
1661 1607
7223 6772
8363 4642
3343 2109
3222 860
8150 39
6322 1813
1030 734
8320 6011
6316 6058
6088 3025
3707 1539
8380 2958
5493 2593
2790 2280
161 69
620 55
1675 885
5712 3557
8998 2007
6006 2820
2949 296
104 86
2810 2646
8436 7488
9390 37
9208 606
3848 3214
4474 300
8306 7754
8994 5699
3367 1299
201 100
3041 1912
6900 1470
1739 877
4019 3130
816 165
90 77
9019 1369
5896 5821
6899 6074
5547 2528
7594 3608
4686 1241
6441 939
631 99
3871 2823
2059 103
7889 1650
368 228
2798 528
6347 3230
9152 6487
4974 1732
8652 2903
6253 4268
8378 3331
7808 4346
8741 2570
3127 2524
8708 1099
8179 5339
752 299
9881 2986
6221 6121
3830 1152
5704 4151
454 446
1054 886
6860 2578
4535 293
682 641
3584 3168
6699 3045
9544 6665
8622 8491
2881 240
2198 1922
7423 1426
9108 2223
5084 1275
7184 4787
2168 468
6862 4587
1342 1229
7793 6225
5394 4413
9410 4035
9256 4294
7039 1804
4897 4283
2377 2313
9905 3048
5500 1411
1183 197
5065 2203
3794 677
4788 2459
5607 3306
153 4
9684 7392
102 31
6404 3082
5288 4195
7042 3166
3754 2938
9819 7612
8855 8847
7730 227
6045 2670
4611 1193
8829 8666
9801 9034
1590 429
1944 314
5320 1547
2248 2045
5904 2959
2620 1150
3094 308
7990 3806
8006 5464
7745 3598
7482 6167
460 333
3209 2625
8533 4360
3192 1862
1610 621
1825 1692
7422 6584
3407 2468
4999 1584
2672 2029
795 169
4296 3429
6382 6086
3955 1428
722 483
8686 6568
3310 1785
2142 1120
6973 4799
7703 1668
4539 1622
4991 1945
6813 6143
8235 6216
3219 928
5636 2636
9667 3837
7363 4960
4141 15
2379 1866
1226 601
2712 422
4872 648
7375 2388
6719 397
2196 109
3036 481
9737 1195
7470 2182
5867 3865
5574 2008
6672 1040
6501 4748
79 2
4661 2149
9047 7979
9817 8377
2087 276
7126 3483
7203 1191
4291 127
6050 4460
5742 1770
5530 1730
5622 1521
1439 1222
9562 3260
8345 4665
5207 4773
1219 297
6466 4098
7258 1442
5537 1551
3571 64
6273 2406
1196 202
8423 3324
148 60
1329 864
2541 126
458 156
9863 1665
2838 1572
3966 3489
1893 671
