107
3134 9764
45 1201
9302 9425
7561 9822
2460 7229
2523 2965
3700 7349
3294 9819
1747 4464
8901 9243
8812 8847
5141 7073
8996 9486
2722 5403
762 1115
2004 2336
4653 7580
5223 5637
2196 8592
4772 4903
7299 7738
5080 6354
6902 9385
721 6431
1696 4155
8401 9210
4517 7112
6826 7329
984 4269
2216 3845
1403 8749
5599 6580
7419 8307
4656 5603
6085 8578
5104 6490
4842 8719
8720 9398
8009 9290
8588 9984
8906 9318
1660 7020
6562 6788
1630 4466
3920 8001
5410 7700
3442 9392
8591 9923
9949 9964
4135 4501
4846 8940
448 7459
7771 9571
2751 9427
8168 9007
8617 9252
3112 4049
4743 8185
8310 8452
9616 9661
9960 9987
9324 9537
2032 3672
9542 9623
5936 8790
4276 5625
813 5472
2274 7859
9267 9564
8795 9903
5002 8609
1991 6206
1876 5091
6112 9673
8909 9899
4869 5464
7921 9272
9231 9694
4332 7548
182 7935
8231 9261
839 7384
6785 8559
8751 9414
4125 9726
508 1093
1175 6048
1995 7165
7582 9507
849 9200
6685 8605
5195 9372
4413 6740
1853 2754
5417 6507
4821 5315
7747 8564
1290 6074
4428 6269
5427 8991
8583 9591
2448 5097
9188 9345
6859 7626
4950 9329
7114 9178
6054 6108
829
2909 449
2096 33
7838 1363
5591 724
238 6
8666 7462
2226 507
2433 1792
5817 3704
9081 246
2731 496
8019 1071
4094 288
766 674
6644 311
9902 6638
6095 2584
4696 2524
6914 6890
5240 4362
8610 505
2134 1075
5544 4523
3691 271
1097 969
8684 1789
3098 557
5869 3539
9036 1070
4981 1828
7529 1345
300 171
7414 2474
7257 6410
3235 1565
6224 4692
8889 4206
6464 2046
8752 7430
6873 3130
4240 341
119 103
1056 578
8014 6578
6078 4565
7264 3417
3732 757
256 74
4044 3552
825 286
3334 1172
4906 819
9753 6319
9273 802
4490 899
7845 2875
699 90
1871 186
9535 4547
1569 904
7389 698
1456 39
3014 1474
8370 1317
9220 2412
4409 3444
6830 1836
853 123
2396 1414
5680 3804
7060 2116
2417 66
4260 2520
9129 4512
3525 1541
9914 3042
6424 5331
2756 334
3352 229
7360 6124
9088 994
9166 773
7534 1354
5533 292
7365 5314
2970 689
5508 1159
1925 285
7354 3036
2810 1611
6027 4890
5286 3402
3083 2184
5928 975
5353 2592
747 447
5913 5503
4222 3451
3491 1745
3245 642
5474 3032
7220 2050
5383 1499
3530 1395
279 116
1982 41
7892 6479
7493 6371
8161 2959
9942 138
7312 2609
6205 3952
232 115
359 28
4561 1786
1406 155
2922 2639
4110 1036
5114 1894
9971 3131
8037 2435
6348 5436
7188 70
1951 1327
2528 2328
9153 6168
5385 3179
2666 1225
9851 3173
7145 527
946 664
4280 3984
5981 465
6395 1435
6583 6094
2053 844
3128 2398
290 276
8983 5205
781 364
1998 1868
9759 1921
2024 835
2111 1282
3631 1658
5894 5111
5371 2635
1343 560
7509 2365
457 83
7705 185
2904 723
4435 1384
3030 304
7629 2603
3487 2376
9788 4477
4853 1714
1226 535
1011 438
2043 318
1923 732
3360 925
6839 3518
4461 2189
5610 3652
7513 5849
1304 442
4736 2510
6419 1740
8417 2007
2103 1839
9407 1585
2889 210
1166 678
923 862
6025 2082
9306 5135
1666 526
175 170
5183 3195
2858 2407
1934 482
5555 1202
6181 5756
5339 1062
6888 5367
9604 5592
536 111
9338 1682
9359 1910
7694 6547
2972 2912
3632 1804
9041 8875
9171 3784
3061 2811
9187 8264
643 53
4075 872
1236 971
1785 1416
8943 4503
9033 2559
2066 1493
9400 4659
9248 4069
907 60
3153 3129
9943 8138
5335 3410
2614 1776
7281 662
9476 278
8284 2181
4822 4118
8301 5791
7953 8
8182 4732
8967 4131
3877 2552
888 208
3941 1720
2631 1272
2785 1958
883 277
1578 3
9366 4738
9858 8320
2764 1763
2123 1981
9295 2924
840 791
9492 3362
7565 7357
1866 824
9565 1539
9869 73
9322 383
1505 915
3241 1163
8594 3767
19 17
8648 3528
6852 5079
4100 812
8447 2409
772 641
2375 1025
6696 3400
3733 708
9697 1596
2515 403
1152 542
2933 749
5822 3427
10 5
2780 2214
5131 4847
9086 3426
5996 1441
9846 4780
3213 2869
9095 4103
3509 261
1645 443
2051 909
9343 7115
4779 216
4849 1762
3914 31
4011 1528
1443 431
5318 4697
7998 1961
6493 1410
3127 3076
4232 2064
3187 2359
9538 2578
2757 660
8974 6002
7572 6987
3574 2306
7909 6538
8146 4472
9513 3759
1508 249
6389 4185
4438 3047
3237 1524
5646 3602
585 545
6927 2154
673 294
6864 2218
6874 2797
7117 5142
8433 1570
4163 582
9457 1781
8866 5336
3749 1332
5171 2783
7332 6609
2738 2143
9176 4511
2100 1830
8944 916
1901 262
6531 810
3080 797
870 638
562 135
1707 1444
8348 6165
6275 5162
8448 5134
2718 1234
510 47
5787 1442
9630 1481
9301 3348
1247 419
3536 1427
8638 1117
6884 4912
5824 4202
1728 1398
81 25
6994 184
4649 1779
3164 945
5068 386
2845 2114
999 319
120 97
420 141
5059 2793
343 146
9786 1114
2732 2647
5048 2961
2616 2464
7649 7380
2315 1603
2248 472
6794 6081
2630 1850
5066 4071
7478 4937
6253 5144
3445 768
8745 1375
8306 2310
4895 1646
59 37
4520 3395
4052 1325
3810 2969
9959 3831
9247 9037
4705 1587
9323 1822
3418 2254
2327 12
2645 838
9568 8678
8995 7119
4668 2382
2873 2219
5889 3257
6713 5155
4021 1021
8226 3564
8029 6801
8495 1319
9493 6528
884 868
5469 1514
1391 504
7376 6148
7819 3102
5783 865
2442 325
5745 3507
1507 522
440 163
9782 3709
8523 5986
3299 295
4371 159
9748 1271
9495 5829
7642 436
3664 2125
6972 3774
2188 1643
7964 1254
7907 4978
3970 1736
8722 3621
2067 1561
6485 2
624 75
4183 2986
4086 3476
7678 3421
2644 1782
7703 5619
8690 7815
1533 737
2463 1243
9563 165
8353 5287
3651 3430
8188 5859
1649 795
2400 973
9206 2243
2610 1083
6607 2441
6694 5086
5386 4416
3685 3612
1038 114
4875 3203
8040 425
1556 756
4763 4157
6414 5519
7254 1132
3628 203
8238 7370
6284 2146
4096 3480
3489 1797
9121 7261
8464 1400
5230 2682
6164 127
5662 4423
4986 3593
8236 4320
4283 2725
7464 2001
8196 6834
5796 4412
9300 1005
1573 399
6309 3787
3583 1555
2957 2620
3420 475
1739 1030
2028 1099
2115 831
5709 3163
866 485
8313 2397
4811 3378
7701 6776
2313 759
3211 592
7585 1428
1276 675
553 96
9010 8265
5422 3884
6840 511
8762 6806
7574 2251
8187 4243
1674 48
1309 1160
7851 4661
6518 5758
3610 728
6370 2234
2770 590
6618 950
6964 2193
3863 2943
2270 991
1107 131
547 320
6642 6239
7522 7176
4631 3359
2145 348
1590 91
2206 1147
8140 3994
291 84
2436 1575
2759 2169
4374 3922
1927 1784
6032 2701
2540 2311
7075 3429
1000 960
667 534
7043 4534
3915 2293
7160 7004
7583 5342
5216 637
2846 1250
6092 5490
3590 2684
331 55
6420 2877
7719 4683
8672 863
7595 3324
71 14
6798 6406
4437 4300
3090 1321
7526 7201
4209 2073
24 9
5600 4441
4199 3386
3988 1439
3575 1342
7802 6783
8199 4964
9522 634
3607 3532
3040 2431
8888 3619
8629 3551
997 193
4930 1108
2374 817
8682 531
2241 324
5921 540
9777 1200
8371 7237
8075 3085
9808 3572
4040 2130
9755 4933
6016 5627
2466 342
4072 2594
1526 843
7801 6384
9428 1373
9829 9823
2546 242
6616 3562
8429 4723
6418 4141
2215 914
8992 7250
494 315
5976 5949
6107 1966
9169 6630
574 410
4587 794
2746 150
9467 7550
3693 1331
3949 1105
4070 2879
2541 558
201 36
7965 3308
6126 2928
3146 2493
9447 454
2175 1381
3872 2605
2185 270
7901 429
4746 1412
7745 3233
9309 8694
6359 1091
1003 26
4858 3871
5971 1959
716 583
4387 3003
6037 209
7468 5076
1350 895
3072 1606
7520 1051
6817 388
5636 1072
1397 473
4342 179
9588 4095
5229 652
5056 1008
195 72
7658 3016
6782 6487
310 86
9207 518
1719 1050
4646 3364
8391 3660
5475 2820
6210 3913
375 166
5032 1689
9780 7235
4177 4140
5990 5612
8282 1253
7102 3508
2347 767
4176 3789
7817 3555
2132 287
3747 283
1652 930
1022 488
8439 4272
7477 1355
6192 3625
7960 764
4654 661
9192 7949
7395 5037
8240 353
3806 2504
6335 4060
9218 8488
8399 3705
1899 394
2236 2106
4453 1760
4892 3300
2332 2303
9107 2346
6216 3382
2812 1577
7014 1308
3882 1489
2011 1810
6624 2018
9193 1077
7736 1467
2724 1506
3544 1975
6689 3288
5582 1349
445 177
769 344
703 57
9517 8484
6997 5456
2276 1218
4960 4469
7740 4298
9940 6623
2897 2137
8710 3431
7510 3506
8529 972
4788 3249
9862 1068
5288 402
7871 5333
132 95
2381 2286
1113 85
6695 4578
252 54
2297 434
8250 6463
1125 715
8068 630
9525 7698
6267 1273
4959 190
4985 100
666 265
5724 3966
9773 5146
3643 1087
8205 1984
9027 7171
4904 4255
7219 5934
9999 3797
7049 3867
4297 792
8289 6800
5029 963
7720 1057
6960 3540
125 29
2361 1228
6291 3645
6234 3320
9395 4455
1634 873
187 133
549 407
5373 1930
7498 4213
513 234
6374 1102
4036 2253
373 347
6899 5476
9612 6191
5160 4137
9458 3064
230 30
6838 830
6061 3724
139 51
8667 4730
8552 4219
4372 2575
2512 857
2773 2006
7279 2551
5094 1885
9681 6707
6681 6372
4101 2076
363 317
6708 110
5778 3835
4548 3394
2655 453
5686 4246
6870 6476
9047 6537
3018 2844
598 178
5064 1179
5028 1432
8887 6400
7063 3752
49 13
1361 1212
8053 4467
7760 78
1990 223
5668 5137
5795 2885
474 264
804 107
665 614
9931 6710
3873 3407
2220 2150
6328 3798
9657 8058
2077 564
8241 5730
1476 1206
6530 2492
1465 785
3475 2711
1496 272
6278 5717
9553 3226
9800 7263
1770 1394
1752 688
7532 5108
7098 3012
1024 481
1333 947
6957 1572
7463 4644
7713 1625
1530 671
8923 3460
3020 2833
9520 6368
7480 1130
6675 4292
1724 859
4139 3905
3701 2119
9700 1210
4227 2641
8011 6144
3582 1238
679 397
2871 2414
6555 5355
8162 4778
3640 3337
1750 1326
4979 3311
7986 5818
1366 235
9503 7204
3879 1066
5082 1932
6341 5917
5652 1085
3948 2827
5391 3246
7599 2422
1562 1478
8405 7833
7399 3573
2637 371
6183 3160
118 77
2367 2033
5446 2418
9108 6257
4426 2579
22 7
9102 1196
3587 1203
4689 1313
1061 718
714 220
2651 1131
8988 2813
6863 2580
