325
4527 4966
3292 8752
1463 8985
5584 6196
6049 7723
4008 5164
260 4324
2775 7392
923 7973
8078 9043
764 5222
3713 4421
637 3417
5781 8379
3651 7471
8226 8485
4618 8418
7472 8112
7894 9759
9334 9977
8935 9201
2408 8769
3334 9478
8306 9019
2877 9899
5753 8711
634 6529
954 2784
4432 9853
3194 6877
3393 7405
5634 7462
62 8970
4072 5894
1158 8729
8765 8796
777 3717
2818 9910
4149 5844
1236 2676
4264 8000
3805 4833
3864 5140
1112 8636
3409 5526
1291 7050
413 7291
405 3084
7925 9173
3636 6180
3068 4363
9801 9824
2983 8380
1695 6407
4246 6618
3670 8081
5578 6573
5620 8754
8393 9359
5829 8240
2088 3981
5037 7292
2224 3442
6658 7300
5498 7478
3652 8566
5144 5662
2268 6824
9777 9835
9233 9957
1106 3861
446 7764
4814 6669
9351 9484
6117 9012
1431 6304
3132 6131
8206 9260
932 5694
2025 4932
5899 6251
7501 9448
2558 4136
8758 9659
3915 6911
8824 9527
6975 8341
6229 6268
1425 7314
8317 9239
6358 9011
1145 1357
4331 4424
7299 8972
553 6210
3858 8830
768 5093
8326 9248
4047 5855
2005 8990
9423 9694
5128 6114
6542 6931
2761 6739
4730 6668
6370 9023
511 4232
9746 9935
8280 9211
7035 8743
1791 2947
6760 9545
1608 9314
6222 7986
5709 7514
1932 5658
4108 5367
2957 9715
7072 9741
6007 8435
4309 9524
2324 9000
3801 9280
7343 9080
9591 9880
7779 9904
4066 7010
1913 7635
9806 9826
8098 9145
4481 8256
2153 2213
6447 9188
5689 9044
5484 6850
6895 8617
6986 7229
2851 9257
6751 9166
1153 2250
3802 9472
7395 8939
5316 8087
7271 9279
9305 9535
3812 9328
9020 9383
6042 9317
5467 6938
4179 6775
534 7531
3065 5785
1521 5818
4559 8953
6930 7799
6560 9763
8090 8903
8207 9397
7804 9728
5424 6539
8342 9409
2758 6818
6598 9523
3811 5696
4549 7928
3544 6810
7464 8352
6466 7577
530 7824
5241 5876
503 7740
6866 8365
9398 9973
5551 9794
9027 9740
112 5126
242 7991
5054 8826
3375 5053
2914 9990
2484 4764
6921 8963
2452 3187
3376 9974
2492 8755
7490 8284
4695 6164
2556 7896
3048 9184
3036 5918
2850 8605
5521 5824
6071 9437
80 412
9553 9750
5997 9716
8043 8949
4686 8937
1364 3761
1489 8172
319 452
5065 6517
3460 6391
8750 9667
6043 8654
9916 9920
8523 9859
8558 9628
8312 9753
6621 9438
6380 6433
3854 6451
5988 9971
7045 8195
5891 8366
1718 6544
3880 8293
7459 9504
1116 1464
6213 6452
9413 9575
8552 8952
4773 5195
1395 1690
2269 6100
258 9045
9108 9181
2555 4909
8626 9417
1927 6645
8549 9100
3772 7593
9703 9996
4735 6753
6264 9431
6142 9310
9142 9321
4629 4930
4088 4779
7962 8548
6549 9272
2478 4585
6945 8177
573 2203
6536 8731
6287 8594
2059 7669
6656 7748
2192 3134
7230 9807
8127 8875
8772 9255
1604 6097
9348 9760
6384 8662
873 9596
6480 9816
888 9572
7788 7888
2969 9460
4027 7546
6491 9258
7871 9038
3092 4182
9663 9673
2936 5400
4274 4621
7730 9644
8416 9892
6778 9116
9308 9937
3747 9085
2712 3763
7812 9870
2263 4607
4558 4934
6655 8834
839 2423
9500 9595
1427 8108
4476 9256
1384 9058
3049 8299
5537 8703
6852 8936
8792 9811
3120 4632
987 8843
7756 8210
3046 4804
7668 9872
3039 8705
6015 7793
1853 4927
2596 4947
7287 8417
8289 9671
1029 3066
2562 7481
2110 4437
2373 7999
7315 9747
4503 8128
4383 5488
1133 2358
7589 8158
8895 9353
2346 3251
3408 5964
3663 8327
8735 9865
2747 5828
5366 8386
3716 9964
540 7820
6786 9646
2610 4958
5687 9989
6018 8954
6098 6218
4378 8388
1114 8572
3010 4341
8915 9922
4190 7716
577
3551 1981
9719 4396
338 292
696 82
2644 1736
8993 502
7341 6976
7828 3190
9370 6399
2917 1759
5276 2163
7853 6853
2394 1295
6448 103
6512 2800
535 409
3269 543
7252 4595
6133 3608
1939 162
1237 1163
462 186
780 457
4392 4082
4648 4231
3459 2330
8699 5160
4800 3201
5074 4647
1709 392
9361 9240
9661 2702
937 726
2290 1404
4532 94
741 719
4321 1183
7914 2979
1535 857
4902 3612
3911 362
2145 1826
8563 4977
1073 892
2217 2108
8853 3159
205 3
4295 64
4978 809
6300 5115
6782 1027
3707 3145
2321 1297
9789 360
8639 2511
9563 13
4423 2293
9466 9193
2849 838
6456 291
3905 1167
3372 1762
4897 1572
1075 307
9068 2190
5264 3587
5167 2760
4111 2384
6521 900
9077 2134
7674 432
9631 3158
8906 664
423 380
2253 146
5545 3390
6674 4655
8042 4354
6317 6198
3241 2715
4785 952
6603 4335
1645 1206
4573 3778
2961 1036
45 1
6796 6611
3262 167
7349 1402
3206 825
5474 1674
6419 5493
7981 2624
5621 630
1959 1454
2329 1451
5335 2572
8753 2455
1138 225
3664 1938
4318 3044
2794 2427
7513 852
563 49
5473 4860
1854 384
1087 565
4064 2757
3605 2276
3540 3089
7599 134
2028 984
8927 4169
8782 3928
3007 110
1737 868
3917 1566
5420 2489
5812 5723
2571 1995
449 105
6943 3004
100 77
5198 3067
5445 3444
2386 224
3704 2359
4393 2380
6386 1599
7383 7108
6292 3645
2522 2435
1650 359
5163 21
3021 1151
8008 3356
3097 47
4551 1103
2210 2188
394 78
6500 595
8720 5848
546 5
2512 2235
3285 431
5841 5544
7425 4313
6787 99
4305 2638
6479 1751
1838 1363
6353 485
760 707
7627 3461
5451 3547
4425 3721
468 116
8811 2895
1873 303
7154 3932
8106 1211
3619 523
4815 160
3426 2277
9800 8138
633 617
393 215
7612 310
4233 1371
2315 271
8253 5596
4118 2098
8235 7873
9593 9130
37 33
4237 196
6909 3770
4240 731
7494 4795
1872 1003
25 2
3330 70
8908 4636
8614 2606
6495 5897
3868 889
5525 4641
5395 2734
35 6
7162 476
7929 5156
3076 547
9195 9061
3833 1677
1189 940
23 9
9096 6586
2516 763
4236 2147
259 137
7904 3649
1794 968
7031 184
509 487
8232 3866
514 155
4989 172
7652 6984
8347 1131
9921 2934
3327 2185
8676 6566
5109 269
3901 3862
5394 797
5688 722
4241 151
2157 480
2000 193
145 48
52 41
2768 2619
9228 8272
3669 2857
6307 1667
7191 5314
6111 1455
4835 2968
2899 1835
2612 1014
5142 2007
1178 929
6733 1056
7651 1354
6099 2013
40 22
9338 4921
770 627
4732 4404
2363 370
4846 142
920 740
8162 3957
9817 6861
9369 3014
3767 1531
7196 596
8690 6183
9134 240
9384 7043
9829 5103
5619 2335
367 141
402 147
5585 1862
953 636
2719 818
5015 4525
5777 1996
7387 1598
1673 1147
5101 1281
1148 383
8114 1920
6094 5561
9737 5002
6602 469
488 128
9848 2416
8508 411
8404 5846
8912 8223
8528 7705
4750 4366
396 120
8425 1801
796 257
1851 1829
1825 572
1542 1192
1890 1804
9590 2481
4941 1461
6365 5325
4020 3897
8522 2409
5428 372
6030 4720
4198 2586
4783 3171
8219 532
8894 5926
9426 274
8867 8794
2403 913
1655 700
6716 2680
7890 440
453 223
3237 2552
3471 2193
4619 2531
9479 1436
1653 1634
5118 4369
5045 3136
8803 7958
586 544
9224 7278
6575 3290
2833 792
7296 2637
9241 2338
8911 5179
1277 386
7809 2746
4820 4223
8955 2987
5745 464
6176 1648
6527 977
7775 4283
4012 729
125 36
4556 3026
3055 2990
6556 4046
9604 4531
5018 3339
2417 451
9600 5602
9197 2762
3844 2204
3943 1948
2169 1231
6900 3600
5600 2803
1776 972
2057 1816
5439 2802
7224 4353
9074 6564
8737 482
6647 4065
8647 6615
3483 2438
11 8
1756 1750
5593 75
3317 248
3526 1616
1462 1245
2964 1725
9707 716
3613 2724
8801 6648
5107 1358
8987 4663
5369 963
7891 1888
521 173
3096 980
924 368
7445 5675
9679 5220
8335 3524
1397 126
1258 1048
1041 865
5413 1728
8742 4893
2777 1628
7112 127
4898 3755
3314 2121
475 329
7449 6772
9175 5422
9210 3312
8712 5835
4162 2003
5186 72
8469 1561
7351 1797
4325 1348
1157 648
6795 1288
6310 6084
9941 4479
8094 518
6020 1929
6917 2398
6220 605
1046 938
6651 2074
4514 2332
6524 5869
6932 2861
587 107
3505 1681
4634 1007
1070 901
9903 7580
9371 6926
4408 2911
7720 1579
4542 1530
5068 647
7811 5496
7978 6898
7883 3235
6553 3963
2201 846
4460 2881
7753 7211
3038 759
5948 5373
6046 1261
286 253
5928 3435
3825 2312
3043 2815
7134 5365
5225 3558
6663 5650
450 177
8072 2514
6757 2080
6486 2037
7644 7353
2717 1699
8424 4677
7496 1329
5446 4963
2261 1778
8447 6741
3506 2159
9618 4371
7014 6048
5459 3803
1209 282
3775 1502
7765 5770
5780 4057
6765 5401
1577 1571
1142 1032
5664 3185
1435 822
5735 4370
272 104
578 539
7321 2723
9486 8898
7807 4675
9790 3020
899 363
3824 255
2781 1540
9864 5390
2211 1551
5531 3822
4667 4211
234 178
9907 8567
8672 4060
8474 4868
2372 300
8401 3492
1565 682
8371 1176
6526 355
4970 428
5447 3835
7146 1534
7251 5322
2513 749
6276 2856
1190 703
3567 1084
4770 198
2243 1120
5136 3855
8839 2191
772 606
5062 990
2993 1879
2466 2126
8221 4333
7277 1390
5284 4808
790 610
3517 3416
3219 1788
8153 4405
4997 2058
2115 499
5418 3712
8730 3519
7953 6101
2413 1101
814 236
1786 1382
3766 459
2790 316
570 400
3063 1449
7906 5331
3095 1201
1345 720
5374 252
6161 5921
9751 8641
542 139
3800 2345
8014 2503
7004 1999
3851 2540
4908 4260
6467 2101
7493 6990
4147 2286
1882 388
6017 677
989 294
5523 4874
7254 59
2930 2652
7512 3437
894 273
4803 337
7274 844
7665 5968
4851 2501
4552 2371
5303 4459
9131 7634
2904 1411
884 589
8222 6269
5768 2909
1010 339
3233 228
6830 4339
2431 1223
9704 8437
8819 3245
9347 5282
7155 6345
3891 806
9435 7189
5821 4282
7204 1460
8589 4445
9208 4139
1128 131
5892 5674
4956 2618
4678 1877
9509 2444
6058 4717
6068 3261
5851 607
9767 9087
5001 3125
9550 7886
4253 761
7022 5913
1359 466
2595 169
1219 486
2378 187
1735 1150
1696 754
2685 1495
6825 829
1194 956
