34
6486 8189
2137 4084
6913 7491
9783 9998
6631 6914
2739 9594
2090 3574
472 9613
5766 8986
6627 9054
9853 9877
8970 9680
8654 8904
5321 7012
6615 7681
5458 5904
6944 7960
7848 8892
796 6583
6019 7038
9039 9239
4954 5732
3323 3979
8006 9681
4281 9983
4264 8362
1946 5800
4781 9453
4187 7749
1173 3155
6332 8751
8188 8592
8091 8687
5673 5781
791
1612 1512
7611 2868
6378 2894
6299 2322
6813 2144
3011 2799
3883 3326
3888 2686
6402 2818
8280 8126
2447 1587
8511 5830
7995 6886
7180 2708
2041 788
5914 1835
4983 4820
7828 7282
6696 6377
1773 1495
9511 5232
8342 122
7925 1950
1642 1241
6649 767
9379 3729
5179 4444
3683 3482
8103 2751
9696 5757
138 35
2283 1427
6604 1466
931 924
9000 3756
803 417
7718 6918
7861 1051
2910 1819
2842 759
9786 3817
9033 8482
2250 538
413 385
3029 1796
2612 1746
3788 160
7598 549
3051 2974
3767 1942
272 167
5838 834
8513 8018
3538 2286
2518 2293
806 325
9943 6810
9652 8400
1300 1134
5841 780
4580 990
8691 8263
3056 2935
6686 3623
2272 969
7697 6248
2019 24
1489 262
48 19
8996 6109
8128 6940
2197 465
7365 1727
1303 378
8439 4151
1442 98
5463 1387
4362 3221
3777 1405
3765 1635
9679 3960
1824 1544
6048 5664
3661 87
5595 2509
7290 3542
4394 3430
6316 289
3099 1476
3046 2054
2278 2038
335 211
1192 544
8748 7094
3736 1963
2352 1133
1514 1319
5263 2040
9804 3850
4676 1546
6328 4079
6786 3123
4811 1393
6259 5343
5807 5145
5284 3597
4402 3148
2756 2119
3048 405
4743 2719
2673 1864
4297 900
2412 54
5824 2736
1351 1154
6290 5355
9718 3911
6692 5124
342 193
5958 3114
8494 1640
2561 656
173 147
3842 1229
5553 2013
9899 4189
2760 537
4683 4057
7288 7217
105 77
4943 3926
8909 3545
9035 8860
8617 7699
5082 3535
9831 9517
4486 2827
5510 1611
9126 2317
8350 6465
9882 3050
6693 2470
3487 920
4814 3667
7228 2899
2956 1474
6088 4132
3885 1584
3529 408
5698 4342
5764 270
9610 3263
1589 1190
4773 1262
3890 3670
7162 5421
4782 1140
1722 1028
3315 2264
9580 7070
1139 1064
8243 2423
1748 1486
7547 6134
4780 2684
4899 1098
5648 2604
848 488
3002 198
3249 932
5109 2497
1061 314
3766 1931
1270 58
3677 1410
1265 331
8433 2734
5325 1312
2238 1756
1232 1151
7032 4616
2647 2439
7210 452
5244 1659
8554 93
2994 881
1788 985
1669 1422
1143 548
9806 5639
6869 561
8055 3987
2261 504
5632 1290
7233 4465
3225 2997
5345 84
5890 1725
6339 4316
2097 1867
6555 5858
9649 5640
6022 4066
2688 128
1911 203
9346 1850
2312 1784
5616 1920
4407 1167
9432 3190
7432 7207
2652 652
4524 2245
2048 1708
7176 4506
7609 7406
1067 309
2981 2707
6898 650
5495 756
88 18
3708 3188
3698 2890
4397 2848
9689 9024
9446 9176
8310 3102
7000 5304
4127 2493
9605 810
9313 1907
7992 3461
8639 107
7877 5721
9222 3213
3986 412
4541 3224
3875 655
1602 861
8427 1444
4809 431
9687 2942
2836 1100
3770 2149
6008 4603
9154 27
2254 1340
5249 33
2307 1601
1516 315
2115 1256
6017 2023
7527 2955
8027 6550
1298 557
4549 2654
3175 2235
9971 8197
2713 2682
1076 678
4619 1813
8785 2523
6976 5779
4624 4438
7989 7834
9019 6958
3032 1945
5727 3900
8084 1065
8830 3581
5738 5582
2885 1817
7515 5545
6719 910
4030 631
1135 559
7558 1619
9764 1160
8731 7313
3879 2879
5352 53
4945 836
7969 4699
5705 2833
8844 6007
1545 248
490 269
1437 984
4294 944
1632 591
112 92
2944 2103
1218 891
3991 2985
7604 6401
1742 387
8007 7033
6126 4907
2074 279
6300 3038
543 79
1453 1005
3978 1230
1832 617
8339 3536
6528 441
6842 4166
3492 1694
1909 826
6159 3140
2180 383
9245 86
884 437
2233 1242
9904 4218
7668 3807
1849 1467
321 71
113 96
6667 5420
439 260
3088 197
8638 4288
9642 9437
1731 882
2311 1498
9588 8894
6075 3235
5193 2325
8157 7999
3018 2636
2365 991
7587 6893
964 424
7593 5995
4023 1196
4341 3576
5 1
8030 2979
5081 2917
7216 3230
717 438
5726 4927
1531 457
2246 712
4021 1311
5172 3137
4172 398
9282 2495
146 119
5655 5164
3967 1658
1460 948
8805 2993
8293 1011
9227 6899
2646 683
4909 3719
1733 684
6540 1445
4783 126
1354 50
6838 2740
7132 1020
4035 1883
4679 4101
2341 635
32 31
7577 1347
5685 951
4778 2453
3575 2299
8772 6625
5084 4064
9386 5567
8120 194
4885 4761
9531 530
3172 527
4667 1953
7852 7097
4123 816
1677 582
1904 1200
7783 3072
4096 2227
9094 8737
9713 8151
987 770
6226 4817
4204 2908
2236 1650
7923 754
2769 1519
6619 1855
7538 6437
4273 3250
9501 4952
4764 327
5275 4093
6280 5803
926 205
3331 909
3794 338
9347 5184
3800 2316
5330 2671
7799 1416
259 253
8782 5654
3704 3494
5526 3592
3385 2199
4884 1618
9067 4278
4547 2005
1803 616
6672 598
4087 2846
4589 3429
3984 2070
6578 6100
8676 4836
3466 731
5297 5186
62 61
618 55
4332 1787
7075 3725
2650 2618
5011 3920
9793 7135
8432 4956
12 3
3620 2449
2631 2020
3448 1208
8208 5921
7152 2494
2560 801
6030 3311
2528 1956
2903 539
377 65
746 10
4279 533
3022 968
1170 1074
2663 2071
5188 4703
4449 3110
5487 3898
3351 3065
9947 4964
286 41
2853 2032
6166 646
5280 751
8877 5879
8117 4162
637 100
4360 4177
2072 1633
374 364
1177 859
1114 606
5396 3484
7372 1286
3910 3699
6740 4900
3728 569
5157 3047
1206 979
5706 1261
9165 3066
7125 2710
1645 1443
865 141
1049 781
8563 575
4627 4608
4306 2954
663 162
1869 1164
1469 519
1089 529
7415 5999
5431 580
5457 4089
7568 2732
1341 793
9429 2011
8381 2902
9389 6935
8992 3697
845 34
4709 3639
6363 2976
4322 486
5855 453
6728 5477
4570 4184
2490 1874
8390 2816
1899 1805
1764 1695
8736 5583
3571 928
5908 2191
5282 3539
7712 3659
4621 4418
9896 2602
7974 7853
1472 399
7300 3049
6481 2649
1249 892
6474 4533
3801 1690
1195 791
336 114
9979 5974
4043 2017
1655 567
8956 3433
9674 2576
7480 1729
238 76
571 428
4391 427
1801 1621
1564 689
4767 4194
6051 2253
6866 1827
7523 7164
6168 5402
2305 1380
7066 743
3411 3164
1767 1392
4330 4310
3939 236
2811 1063
7352 860
8093 2164
2709 2630
2448 750
2742 1538
3302 256
9177 6720
2791 1641
4235 2839
3005 774
9359 3567
6455 2704
9799 592
6121 2157
2370 2185
9114 1594
4400 3923
5260 3259
3803 1040
8236 3713
8550 8159
9411 8269
7168 4863
3290 833
6255 1497
5561 2871
9774 6343
9672 3555
7915 5672
7455 5385
8786 6607
7826 6062
633 481
907 894
9098 552
5949 2491
9667 7477
5272 3239
2104 1527
6790 5131
3330 2878
2260 547
4075 3582
6326 295
7897 6671
3409 2862
5611 5585
5341 702
7191 3928
9030 7272
3336 2569
9554 4931
7987 3348
1964 1013
477 447
7489 4792
2584 1614
3681 3059
1062 838
1807 830
1072 619
8524 2487
9307 654
2521 1288
2232 815
8021 5308
7900 409
1845 1776
6493 708
847 313
6559 4777
6743 6499
1194 224
2285 1289
4026 407
4240 2582
8621 5340
5397 4916
7673 2596
3260 1943
9584 6977
5615 1145
3755 1765
8154 7930
9603 2371
2313 228
3058 1231
3876 2941
5163 2210
5808 371
8472 8405
9293 6712
3619 1596
2540 2143
7874 1110
9145 8656
8367 4248
4701 2377
2850 2417
9692 1357
4775 467
1278 789
6163 4006
5354 879
2697 1625
8771 6191
7074 4038
6688 2586
1759 210
699 328
5886 872
1092 283
8689 2190
5889 1929
3460 3195
9203 8710
8071 1066
1889 1873
6532 298
922 459
1129 844
7171 6596
1558 534
5128 4755
8947 1070
1715 573
741 507
8122 7193
595 268
1926 1279
5998 2970
66 46
7079 3014
6261 121
7649 2063
9942 5854
8614 7938
9057 9008
3377 3294
8044 4447
95 67
1264 768
9073 1125
6376 42
340 305
6020 149
2774 1698
2454 1381
6553 1895
5860 2021
2068 351
2386 1523
5663 671
3277 3001
6574 3930
3449 3073
7840 6950
9301 2716
7764 6094
7590 7422
2972 1184
9719 977
8806 6505
1432 393
4068 2889
610 217
7940 4883
5489 2466
3972 1193
6210 2863
3665 2933
6198 4612
1916 1777
2714 733
6383 4835
5750 1165
1820 1799
6157 560
6508 4203
4388 3744
5464 3206
1031 16
8744 8440
8702 1536
6780 271
2921 2672
6545 5623
8686 6524
9115 6864
3922 1059
8370 3185
6514 732
1361 9
745 489
7001 1441
5105 3374
9052 3740
6453 2351
17 11
8000 3252
5827 4505
9335 4578
1685 597
3557 1197
4587 1968
5481 5392
8239 1097
2060 1610
3107 2940
8015 1207
5891 4393
1287 1246
4359 973
1352 155
9169 3961
5430 4925
9963 3061
6009 323
6273 5782
3198 1671
7635 4256
5896 2593
13 8
7937 6931
3946 297
6068 225
8882 4159
3705 73
1157 528
8657 658
5684 2287
3447 2426
1720 1540
6404 832
8114 4176
3238 2319
6238 2851
1680 1120
7705 2016
56 21
4965 3237
5391 1012
8756 5900
1002 963
4336 3112
3413 855
