465
9117 9795
6318 7014
1040 1151
4356 8194
4662 7200
4458 8524
4764 7866
6649 6894
2082 9425
7748 9901
9248 9646
7649 9431
9496 9968
1035 8044
2599 2673
290 3999
7356 7846
2228 2487
5030 7990
898 8583
3863 5489
6857 8763
8649 9673
2255 5744
2144 7700
553 5913
4506 8722
8297 9404
7151 9103
3836 5752
3822 6520
2851 4500
3559 5849
4272 8749
7204 9724
3380 8886
7499 9715
6021 8691
6888 8014
4866 6780
123 9427
5117 8822
2092 4057
8904 9251
1008 2528
2504 4498
4891 5022
3192 7469
869 5361
2514 7757
6005 6249
2152 5296
8389 9958
537 5313
312 7606
87 5559
2080 6814
468 3292
3347 5427
3172 5875
2625 8032
6195 8550
5842 7266
7554 9307
9363 9756
1286 9626
4777 9188
1089 1906
1075 3501
5754 9680
8165 9821
2645 5385
9704 9947
5969 6464
236 643
6652 8292
7789 9935
1054 3978
2641 3003
7874 7996
2453 4999
7061 8035
4133 6763
7885 9264
62 847
7378 8047
7015 9540
9010 9340
8334 8361
4225 7839
2227 8313
3030 9271
4289 4786
6832 8885
2139 3154
779 3977
2863 8775
3886 7520
6904 8250
4221 6360
1739 6534
2789 8519
1832 7424
3901 4125
20 4419
7507 8774
8068 9653
9053 9186
5833 8011
2606 2690
5779 7113
3391 9886
2007 2333
4661 5669
6680 7396
1811 4461
2754 6560
2454 3246
4381 5089
6969 8997
7146 8898
1927 4432
666 8866
7620 8096
8016 8099
6586 9635
8476 8926
833 7750
6263 9592
4136 9562
4586 9563
5375 5540
8954 9772
1996 6248
3964 6984
426 9684
3081 3647
8785 9985
2677 9890
6525 7729
5269 7305
8207 9012
3947 8030
222 1708
9752 9779
4881 7586
8824 9004
8384 8686
4192 5373
2787 5241
5165 7776
1208 4398
512 9981
4078 8344
7336 9652
2512 4882
2120 3074
9449 9466
2694 9016
6797 7342
7437 7835
7105 9907
1775 3976
2044 6269
6281 7504
6625 7876
5979 6926
115 3855
3119 7978
9527 9989
9917 9983
1837 9193
6583 6828
3112 4839
2113 3267
7328 8578
1919 2854
4011 9593
3784 7019
9294 9751
6610 7695
113 3269
165 8191
2844 2862
8557 9120
3715 7879
6160 9889
7615 8647
7977 8505
7751 9093
9834 9908
9816 9865
8713 9247
6535 9210
1949 2602
1136 7220
1361 3151
3042 3541
29 6326
4581 8734
9815 9939
6623 8850
6886 7065
8521 9432
5268 9226
3729 6524
866 1487
4038 9964
9359 9613
3682 9029
2666 9513
4859 9401
5051 6032
6026 9123
5458 9970
3490 8102
6094 9514
346 8610
9619 9745
8234 9478
7073 9515
4393 4654
2266 9894
4366 4556
9135 9726
2820 5926
2390 8460
3401 9050
5601 6345
7191 9165
8675 9207
6420 9393
4357 8951
8778 9543
7602 9954
5125 7138
6368 8979
6518 9732
9141 9285
1759 7777
7707 8345
7991 8789
9098 9268
883 8360
2946 9862
3619 4692
5301 6605
6714 8245
4899 9480
3852 7257
3160 7800
7626 8146
4175 6776
8230 9476
5776 6980
9164 9609
9361 9785
3326 6914
6733 8638
7713 8198
6162 8925
9774 9953
703 8356
593 7975
699 6558
5404 8883
3520 3531
2772 8272
4253 6977
1932 5667
1828 9552
2955 7515
1015 7428
6119 6329
4530 9013
5534 5980
3786 6438
9157 9215
2648 6778
3586 8987
6725 7998
6539 8095
5251 5623
3310 8584
9369 9610
5603 6531
8539 9297
83 8241
1807 9698
2674 7294
1486 2758
8397 8463
3254 7804
7928 9113
7375 7455
2644 6071
9436 9691
99 9885
4984 8893
549 6004
8679 9771
977 6259
7703 9390
9128 9272
403 5085
3813 8020
5898 9484
8820 9809
3667 9181
8485 9477
4282 8934
3084 5741
1817 9139
9924 9927
7054 9857
1093 5054
6041 6151
9458 9506
4353 9204
8901 9281
3797 3985
9498 9615
7180 9138
4840 9873
5652 6627
7354 9871
3954 5977
656 3321
2922 9076
9559 9867
7705 8931
3066 6759
7638 8124
5299 8160
9492 9664
1145 4696
6941 7427
9387 9409
2105 6526
1974 7441
2083 4350
2522 5830
1920 9160
4193 9355
4122 6498
2345 3745
7873 9063
8480 9590
5414 7609
9850 9910
5622 7545
4186 7596
3161 8228
3699 9761
4519 5732
4902 5834
1 7684
911 3073
8699 9502
3829 7542
212 9429
1582 4205
4702 6664
6726 9854
4547 4569
4622 4664
9921 9922
2211 7372
6513 9676
2646 9338
4973 9836
4048 7696
2999 6334
9378 9999
6113 7986
2222 6878
5115 7041
8628 9990
8122 8386
6497 6691
5233 9783
5677 9594
1432 6306
3205 7423
68 6767
7011 9403
7092 7263
1690 3955
8832 9011
2745 6074
949 8354
6080 7901
6651 7788
4583 5523
636 9412
523 9823
3247 6940
9789 9874
902 9861
1601 9292
7918 8491
6891 8613
8385 9336
7216 9069
532 772
9969 9974
6458 9056
3505 6379
2809 8029
5504 6482
2350 4415
8636 9299
1171 5411
6749 8600
8031 8154
6064 9882
4132 9357
6544 7536
2439 6655
1427 7755
2165 5992
3235 9801
1071 8998
6122 6667
9142 9973
8929 9718
4629 5451
2122 7258
1734 9993
1461 9686
3918 8518
5305 6152
9059 9373
681 1021
6961 7575
7110 8199
2089 6140
7811 7894
2963 4608
8797 9782
5973 6477
4124 7543
4410 8498
1155 4313
2273 4701
4118 4633
769 941
1304 6986
9505 9651
9588 9739
4576 5626
4928 8798
7352 8175
6037 7173
6164 9941
6181 7505
3925 8483
6338 8708
7647 7841
1144 1254
2064 5579
2435 3001
7584 7840
6879 8027
6564 7783
664
8794 1729
1652 1099
5449 2
3563 3315
598 228
1850 611
6841 2872
4269 1159
544 340
9730 914
6284 6234
2340 172
7059 1394
9488 7682
7971 891
6212 3268
27 23
349 56
7498 4102
4299 1288
162 103
2142 1494
1162 294
5697 4418
1305 1045
8814 7860
3906 4
3088 1891
9321 4172
3127 744
5016 4717
9580 6555
8570 3166
5284 3470
9665 1511
4954 4587
7942 4628
1964 1303
1137 970
1408 13
1163 1072
4741 615
1345 657
7091 4743
7230 4046
8508 7408
5865 1647
2989 879
9998 4388
2219 1840
1904 886
6201 6087
9702 7867
9342 5418
5098 1423
1665 429
1771 1642
4234 1873
167 145
69 40
7317 2547
4453 1437
464 93
8232 1594
7465 6635
7752 7689
516 391
6400 4590
671 298
7943 2172
8852 4680
2575 1966
8006 186
4970 3509
309 252
2724 2592
3388 191
2213 387
1147 310
6643 2433
431 376
1812 485
6897 6362
8648 5571
2016 1783
4760 3202
8167 1843
7351 6844
7621 3469
7646 3002
1706 1561
2292 8
335 174
937 861
3542 543
2497 2111
5354 1006
7093 4247
2294 1431
8166 5920
4317 4113
1923 1774
9358 1150
1960 1419
7326 2656
4295 2877
9768 766
4945 3229
6809 5505
2257 2013
5308 2686
2892 2730
390 386
1014 121
3210 1234
5995 1179
1818 1287
6176 5702
7088 3091
7411 3935
4121 2375
7669 6493
1315 341
6348 3367
7541 4404
1363 785
7270 3274
8213 2797
6169 4036
1988 720
5183 1013
8627 5720
5569 4533
7145 3356
8168 573
7331 2921
5010 4105
9654 3860
4963 1332
7655 318
6951 1469
9900 1447
4425 4267
5294 4444
2283 1905
5222 1493
5428 1369
7299 4007
5700 59
6549 6040
5517 3498
6734 2622
1001 84
3146 146
5794 1267
7769 3888
2763 486
9637 6035
1103 838
5316 4217
1322 1019
9747 4230
8623 5231
3186 2351
1575 160
745 629
493 247
2517 235
5293 1925
9487 1847
1912 66
2867 697
9122 1867
2577 620
1033 6
7350 3678
3424 2905
1241 1138
3987 3589
1111 715
9148 4986
793 243
895 711
9061 8424
1537 1152
5204 3433
2647 198
9280 2768
4593 274
6490 5666
2216 1564
6500 5435
894 424
7491 994
8369 4996
803 336
1572 1219
7556 1512
1153 428
1645 1258
7734 6669
8087 6184
4535 782
6393 3442
2580 1250
4795 1588
9509 244
5996 2175
8474 796
2858 280
7714 7069
9887 1481
6743 527
907 884
982 347
578 406
189 32
7043 4699
7406 2339
3374 1311
7251 440
1983 930
758 134
8434 6377
2038 1900
4606 2365
7189 2828
1940 1791
2146 75
8353 6633
28 15
9416 3848
2727 2304
1589 1574
421 141
608 343
837 472
7738 5837
2159 14
5058 1836
3249 692
4059 2708
273 224
824 177
4785 3910
3418 194
4686 325
2930 2893
9235 8040
8991 5607
4033 2578
2314 2045
6208 2558
8502 6470
3103 540
4782 446
254 132
1180 1113
4402 3730
4695 226
5813 5580
8323 3333
4849 2388
125 45
1042 365
6186 2585
9842 2468
586 437
8239 4278
5719 4099
7026 2114
3934 3815
684 79
5462 4329
7512 6417
1474 94
9937 9875
4001 1095
7819 5682
5003 1882
1388 1080
8222 2822
1108 138
8104 2618
6931 2663
4709 217
4213 3111
4266 2160
3480 1428
7155 3616
8732 108
1890 50
1073 370
9237 1701
7252 3075
6608 5378
2430 2173
3289 1356
505 461
5611 2878
3540 1263
4503 3005
687 570
3517 2637
3811 1704
7400 2306
360 36
4852 3560
562 248
2847 1083
1457 450
3060 2432
8848 3386
2513 1168
5019 2069
9570 3325
1662 862
9419 912
9587 1866
725 447
5713 4723
700 110
8013 2954
3651 1710
3458 1921
1583 1333
8765 4344
1634 1139
6579 4420
4472 536
6224 3533
7753 2330
4392 986
8599 2184
8148 5265
4488 245
7698 7097
4316 4084
3871 292
962 765
6137 3929
2108 1198
1245 599
4160 3332
762 61
4459 1627
5243 2021
7994 7023
3764 2380
3441 1161
3004 2419
230 152
2231 1357
4171 3933
3110 2413
5567 4245
7599 5681
3674 931
5503 2550
2434 918
9126 8490
1098 804
8293 3808
9606 3770
3614 1530
1202 135
5998 2595
1694 1325
2115 1737
3368 427
7597 6509
1798 1596
5577 5425
2972 275
5118 2682
9784 3763
7373 1616
7736 4774
4975 4010
6596 6177
689 517
7243 1527
9811 3456
6650 1727
4131 816
8443 571
465 22
6909 3322
691 639
3793 2830
8902 3582
7020 1821
7037 6302
8317 2147
3526 2795
4314 906
1025 258
5186 3911
8256 7407
2214 996
6213 3862
8717 5419
9448 9185
3155 1995
1902 1520
1183 846
7837 7206
6309 5352
4952 3068
1614 1407
8431 5689
3677 1655
1324 31
2975 712
1174 170
3972 2642
5664 3014
5650 1342
3892 1308
7104 6950
3980 790
257 197
4929 2705
4816 1855
7098 4820
723 63
9155 8499
6274 2607
6612 4162
8546 5520
7886 7456
8274 7490
2855 1106
5537 1790
2050 1989
4394 889
2171 1615
685 44
8693 4067
8701 1022
4387 3118
1587 303
5907 3373
6036 2342
4976 565
5460 4089
2723 2311
6397 366
7 3
6059 4596
577 409
9233 5362
8565 4499
651 364
7882 7268
8955 395
240 81
5688 246
9112 5194
9712 3063
5323 5180
761 539
9034 7197
159 147
2964 2914
354 256
7523 840
8402 1024
1937 307
9572 9443
8486 569
4094 3048
1602 1366
9325 5289
5500 3680
7534 5013
5888 481
6932 3299
7383 204
8451 3320
8139 5909
9289 5726
3459 2373
2562 1316
5784 5167
8110 2192
7112 811
8633 8435
4042 479
8271 802
8879 1090
3108 2471
2654 1044
983 662
9971 3420
4167 1417
6045 5646
2604 1705
3049 678
2347 434
7086 6088
921 118
1894 328
2689 649
92 67
4895 4348
5578 4650
7053 4474
9099 513
1478 317
9001 2162
6198 2376
7192 4448
6332 5555
7477 6209
449 208
1552 458
7528 6970
5759 3471
2569 564
3930 3138
8782 706
1835 368
9636 3363
1264 392
3287 396
3217 1943
2267 1721
6499 4640
7988 2035
4441 1339
7481 1197
4108 4064
3109 2261
3882 233
5568 2473
8662 6585
9147 2945
8917 5300
9942 3566
2008 1318
1666 1543
6415 3236
5216 965
2259 2023
8500 1515
261 187
6640 4327
8776 3974
729 120
410 380
6751 5035
5088 3899
7162 205
6183 251
8050 3387
5477 626
1053 229
7306 1291
550 49
9362 6492
1313 1004
4002 1367
2183 818
7772 4096
2970 2241
6270 3403
4365 1156
5595 3617
1502 202
4325 3128
2706 1338
7165 2361
2149 487
5258 2777
3596 2860
6675 6100
1371 683
6412 6105
1699 645
6590 164
2652 1500
9503 3351
7434 5225
5318 3346
3077 2480
5789 2715
2667 2418
1048 825
1052 369
2832 953
4395 2959
8858 4438
1766 1713
8109 5026
4066 2417
904 638
7171 5945
3809 1962
1669 1231
5081 2714
3891 33
7806 6352
3153 1833
9310 1795
4019 2022
4600 2369
6102 4271
9956 4806
3067 1541
2683 957
5481 2909
7047 3165
5751 5344
7594 4191
6324 3395
5334 4555
5326 1240
8337 7941
5572 2533
1321 908
9180 2861
7595 4573
5897 2379
9462 8456
9438 3000
5228 4677
4331 3655
4169 3637
2243 552
2470 2344
3378 2253
2391 954
5000 2352
5709 1679
3483 2993
9526 917
7831 7063
4014 893
4492 3849
3643 1351
6574 6359
6829 3734
2217 1327
5942 467
6323 927
810 85
5421 2527
6072 3454
5746 2020
9065 1189
3599 1362
8506 5903
4100 641
5844 5368
9601 1181
5340 3032
139 52
3301 2838
9994 3400
4703 4145
1167 350
3518 1844
3157 2865
