101
7354 9433
690 4657
1905 8309
6069 6169
7349 9553
4537 6926
9490 9743
5050 5908
3531 9761
1985 3654
5451 9060
7808 7962
3167 6385
1274 3233
4596 7801
3930 7569
4610 9554
3016 4548
8587 9425
5396 6201
2621 7971
4031 8644
3562 6612
3771 5848
6899 8068
4737 8300
7038 8788
9889 9918
3477 7313
4822 7636
7316 7697
4840 9213
7478 9989
1120 7198
4254 9187
6653 9592
2090 8037
9927 9982
4273 6642
3815 4427
1764 8858
3497 5306
7409 8694
9245 9963
4698 9194
677 8348
6259 7542
1392 7317
5736 6083
6296 8290
2970 4614
5431 6938
3408 5471
9649 9899
5726 6232
319 5201
7155 7968
2342 3495
9758 9907
3166 3251
490 9375
8059 9774
7595 8069
5575 5827
7225 8509
4813 7584
6871 9902
290 4215
1533 7555
1429 3794
2286 7938
3819 4000
4205 7554
8540 9856
5641 9225
5441 7837
9573 9817
5385 7891
9102 9302
3119 8571
5501 9699
4656 9397
565 8598
2678 5309
1065 8637
7162 7469
5680 8889
8226 8745
8902 9840
8688 8713
2637 7814
4340 6670
5094 9584
721 5229
4002 8887
3034 4199
8479 9301
2611 9465
8871 9792
9749 9967
3110 3532
538
393 317
6006 4546
4514 3338
4578 3919
150 11
3221 1284
8961 5321
8409 7574
1669 502
140 73
3494 2866
848 300
4170 3050
6536 162
3094 786
7635 822
4898 3533
6031 4178
5897 1647
6275 351
5920 5851
2914 1792
1793 1158
3715 862
5154 4874
1213 1155
7480 3526
4113 1306
2262 399
6003 2285
8392 3832
3268 50
4212 3723
4112 2376
4580 1478
3372 1529
8108 26
6914 6336
9825 9537
8986 1617
2846 1452
4511 3756
1126 759
2210 855
5913 1863
3763 3091
3487 1098
1394 253
8726 6343
7763 5490
4036 554
1803 1489
6814 2451
4467 3151
6227 2303
1504 593
363 271
9406 2719
6407 280
4104 294
5133 3118
5100 1704
4122 143
738 233
8464 3333
799 339
7925 6864
7290 1206
8931 8174
6643 3345
778 655
2943 2365
446 266
6910 5195
6684 4385
5542 4085
1239 296
7748 7033
7076 847
8064 2640
1497 756
8281 5939
4272 2479
828 200
562 408
6084 2433
8002 2260
4798 1930
7070 1123
6599 1182
8839 8475
7228 1528
8799 1332
3996 1259
943 360
313 264
3041 613
8972 4423
669 438
3291 2289
754 483
7304 6361
3258 3249
3868 348
9059 7577
1814 1386
9723 4049
2287 2176
6149 1825
2909 2442
1129 196
4329 3997
9721 7828
4105 3520
3879 2024
6005 2535
8276 2758
2528 2156
7603 770
7451 3124
1975 1597
3549 1315
6544 5494
6597 3202
1563 643
4693 913
1851 694
7016 5938
5886 131
368 246
3899 208
7454 6873
7514 3651
3312 444
9252 7496
8826 4409
6942 5709
6885 6072
2828 1420
4150 404
9420 3339
3920 1492
3834 2815
4603 3575
6098 4771
1951 1583
5632 941
4405 2745
6256 6014
961 672
5299 809
7030 6166
5509 2592
5380 2760
3643 1375
1007 76
9118 6013
2192 284
3296 1287
2536 373
7044 6664
3458 396
8301 5805
3564 2305
4727 1122
9046 1327
9424 8054
4724 3519
4181 3357
4056 1044
7884 7321
8660 2599
3212 761
9309 7951
3105 1574
8406 7622
3824 3356
7880 7397
2110 21
1506 901
2817 819
6417 3286
8088 2337
6335 890
1189 619
6185 6067
7795 5809
9731 6503
92 29
8944 2617
6436 93
5612 3226
3198 14
4032 2120
5630 1343
8728 8119
6978 1992
436 62
5011 4752
5137 3785
279 121
7234 5279
3686 2541
7617 7182
1048 394
6037 5587
6661 509
6900 535
6813 2591
2026 1630
8157 6506
9969 3092
3696 1552
6618 5519
6760 6665
6364 5746
6398 1467
2502 622
6117 3904
1424 177
4745 380
3362 1439
8282 109
7927 4963
4352 3901
8401 2665
6903 2699
1390 806
727 583
4782 1485
9914 8785
7251 1602
8797 8429
6615 4404
8026 3900
3818 3570
1314 881
6295 1761
1849 1233
166 119
6792 5696
6774 5228
2321 493
1643 1210
9234 4594
9438 5259
9827 6887
7111 203
5375 3176
2387 1015
5255 3702
673 364
6679 3626
7369 5225
5764 5614
1436 1435
7615 6525
4075 1858
1100 966
5236 4358
3302 927
4581 1569
5103 1819
6589 4103
800 86
6473 4344
9735 5037
4496 2177
8964 1538
748 362
1085 533
9993 8176
3586 1706
8627 1503
9845 9681
5800 2827
1226 652
6209 3522
8985 6512
6801 5160
6858 4861
7338 1303
9437 4177
8541 1535
1288 1150
5744 2091
9957 7145
2686 1128
3980 1929
2964 1302
507 158
6419 907
2580 911
6027 5703
5898 5171
8712 5187
2388 2092
9665 1415
8328 2060
3634 2844
7780 2600
5152 1224
4646 4067
6833 4152
5963 5947
1277 1032
4947 2239
2623 678
4306 1273
5138 4820
4865 1323
7784 3588
7339 4703
8586 3544
2010 1960
9884 8209
6704 442
1541 1531
6652 2115
5745 980
9791 1654
6078 1359
805 202
2638 2550
4088 457
9019 7591
3432 2476
5436 1165
6917 1075
542 254
6486 2556
3485 1264
134 70
3929 1983
6442 5432
8617 5145
2819 350
2843 1090
6061 2990
4312 1097
3956 416
8047 6257
8596 5759
5658 4351
3601 1156
772 588
6341 5253
2928 1823
5041 3896
5486 4776
9954 2886
5941 20
34 12
7974 5527
1969 710
4029 2344
5172 2511
346 338
2950 345
8471 3685
5258 2981
5086 3028
6526 468
4127 1086
7700 1644
7134 1610
3435 1398
4466 2363
9822 4123
7609 3055
9626 797
5495 3503
8078 6691
517 423
2521 1709
7252 2788
4028 2154
9208 3847
6287 1216
8238 7466
2238 337
9193 5653
3232 3031
9775 1247
7826 3143
4860 4659
7671 443
4411 3625
9714 7984
4755 2626
6952 2906
3448 1904
5919 1684
5470 3633
3064 2698
2803 1893
4006 9
3371 1732
5590 4182
5018 3893
91 5
5377 2902
7435 2742
3537 1365
8755 6859
3924 1260
4256 2490
4227 2403
6927 2633
4519 1084
7794 528
8895 2022
6715 2701
3597 864
5843 5817
1337 968
6148 4880
5325 2087
7921 7007
422 322
9631 6438
5023 4051
7211 125
8297 3658
6650 6173
7957 2641
5452 4649
437 367
3989 2142
1466 818
6469 1665
5970 548
9505 5592
3668 102
6289 3845
1004 580
4938 3060
5082 2278
1798 1484
534 220
3620 590
116 71
4828 4661
4184 836
6984 6036
1797 1695
9044 8319
8007 2186
1281 1105
1594 226
6406 2463
6002 3988
236 194
2253 2065
403 347
6856 1055
6194 1790
6764 6265
8436 190
7286 2573
9134 3973
1427 954
9354 5907
832 774
8621 1465
7179 4608
80 39
3889 1743
2662 469
4508 2216
5337 1384
6210 1675
1707 487
1060 273
3739 229
1219 1174
8365 5173
5639 4018
6680 1271
1848 118
1881 1179
9289 1357
3127 3080
8225 4020
2937 522
7289 7001
2471 1652
2856 2328
4534 1408
1934 1847
1134 163
3098 1399
2862 1502
6 2
240 182
51 48
2710 665
6546 5134
6468 1729
1426 1279
7329 1667
5087 3890
8378 3247
7836 4
5824 5623
6779 6437
4442 1715
2468 506
5340 3411
1229 972
9306 2162
9114 8288
41 13
1199 324
779 574
4386 3610
1397 1143
3275 244
3966 1988
4634 4600
1687 238
7895 3957
5644 4744
4680 259
4763 989
1772 1278
3079 743
5283 963
7590 2664
6554 1442
172 54
7563 4857
9139 8386
5098 933
7457 1932
6062 1794
6781 4365
2279 1702
