854
4929 7212
9751 9846
975 7952
6375 6754
9132 9462
2862 5603
2141 2293
6903 8527
1927 3448
552 7378
8722 8826
3453 5292
3476 9251
7494 7617
5930 6497
9395 9640
1555 2020
3719 7197
6099 7315
4655 5299
5350 7639
5799 8416
1955 2061
1231 8452
5137 5317
3682 6872
3883 4958
5663 7874
2598 8862
2025 7235
5675 7902
5713 9305
6810 9115
513 8351
2238 7728
2022 4364
2055 3118
4911 5383
4811 5479
8213 8810
8571 9648
7190 9645
9135 9730
6723 7286
8842 9136
840 5997
2316 3061
1313 2647
3567 7627
563 1035
6633 7982
934 3886
3820 5659
9056 9307
6269 8573
6817 8029
554 8076
5404 5754
5542 8955
8642 9225
3544 9666
5566 7017
8580 9873
9385 9896
9160 9247
7091 7517
9590 9987
5854 7496
9051 9772
5549 7949
3114 5397
5567 8671
1122 1610
7973 8540
5944 6285
9164 9197
4051 9448
588 6422
1431 2874
9878 9957
2217 8359
832 6741
5345 6536
8141 9585
8633 8696
8558 8762
3399 8157
8491 9321
5310 6254
2021 6350
7736 9530
7998 9765
489 2050
221 7778
6268 7128
2578 7678
7120 8551
4199 7418
6921 9620
2430 5742
9227 9368
2689 5046
1857 3468
7348 9252
9611 9723
8466 9619
5805 9198
4138 8104
21 6415
799 3188
825 6568
8101 8494
5403 8310
8182 8934
6210 7781
7335 8130
1816 6135
101 5306
268 7829
1832 8103
59 9941
6533 7502
9707 9742
2962 3328
4923 7945
7505 7622
6062 7760
5660 5706
7717 8715
492 8095
2237 5894
4973 6688
3430 7756
8518 9494
8228 9851
6131 7067
888 4320
7070 7488
2509 3586
8830 9792
7016 9362
2105 9734
4826 8027
1449 2703
9866 9897
5870 8394
3739 3949
1605 3120
3619 8283
994 6137
3133 7604
3763 8574
8602 9010
3869 7881
7590 8177
8950 9978
6591 7270
8708 9621
3229 4327
5019 7412
7187 8582
6630 9486
5278 6066
5639 9054
3449 8158
3306 8246
4687 6826
8655 9571
726 6168
4339 7294
3974 6357
8619 8892
2857 9546
9246 9406
3937 7554
8975 9970
8312 9613
4159 6283
7926 8072
2724 5503
8113 9622
4647 6366
2494 7435
2241 5062
7446 8232
8979 9759
8290 8872
165 9075
3141 7295
5802 8468
2289 4448
8624 9099
1802 9592
4665 9824
4083 4597
3760 5720
5049 5191
4541 8776
409 3009
5717 6565
9903 9988
8739 9061
5505 5860
2977 9162
5473 7877
597 1195
7941 7968
843 5517
6519 9822
2373 3988
7350 9514
5977 8787
3778 9874
7524 9737
8544 9635
2360 7361
8984 9007
1948 4093
1681 9204
8498 9141
2208 7364
1436 1457
1941 4552
8797 9785
8510 8877
8703 9580
1531 3097
9583 9595
5649 8858
5133 7124
6019 8723
834 1422
578 4184
8999 9285
7432 7863
9858 9908
3802 4281
1764 5063
2933 8838
6906 9034
5402 8401
1529 3010
5262 5594
6235 7207
8553 9946
708 7301
6338 6444
2313 4800
3610 6912
2549 3626
6232 8500
9447 9848
1423 9677
5642 7944
9335 9569
358 9211
105 7100
2653 9862
8231 9641
5309 9662
2952 9706
7492 9182
5760 9971
1892 7851
7483 8691
8759 9407
7088 7943
5074 6546
3129 3928
7824 9208
1630 4142
7814 8976
545 7365
3890 8956
4864 6828
287 497
517 6510
9895 9977
5369 5406
9143 9616
4860 7799
9087 9374
4777 9459
6461 8226
3533 6052
2007 4203
2036 6134
5053 7870
4583 7129
2934 9455
4698 6576
3841 5992
5705 9145
3514 4468
3515 7748
1674 5463
9002 9927
69 7060
3814 9719
2850 5359
801 3947
3079 4246
4179 5363
8432 9326
8768 9009
342 5545
9566 9720
668 8888
815 8802
3124 6125
3879 4372
4174 8015
9359 9691
8352 8996
3152 7839
7101 9950
8116 8506
8275 9672
9536 9667
7306 8809
7102 7687
7948 8420
6995 8201
4228 6374
7809 8375
7451 9195
8611 9761
3465 7174
1695 8385
3772 5866
2140 5885
3454 9646
4331 8737
4881 8276
4478 5423
2852 5006
4614 7672
243 8712
5694 7555
3492 4668
7363 9911
4202 8595
251 1052
1105 5513
5972 9267
7821 9391
7593 8034
2775 3349
515 2260
7216 9030
7239 7827
9070 9794
4310 6590
2453 5943
4642 6356
1793 4692
6983 7565
816 6053
6233 6261
3273 7744
4616 8943
9496 9837
4812 9207
140 7353
5975 9893
6301 8133
7583 9887
1066 9289
3007 9416
7631 7900
3493 6748
993 5671
8554 9372
3363 8909
7177 9284
286 7577
7046 9128
9249 9314
1790 5507
2864 3327
2104 7106
718 6430
6839 6897
7648 9464
5189 9673
8327 9093
8395 9561
7922 9936
1545 2200
2571 8479
4466 8405
695 9338
8175 9711
2677 9750
9432 9820
1959 2702
2551 6694
7928 8673
5809 7192
625 1859
5758 9804
7916 9695
4967 8167
8131 9955
1359 4719
1931 8559
7725 9191
2895 6523
6469 6890
1833 1963
9746 9836
1606 7557
8520 9779
8812 9852
4385 7964
3568 9940
2737 6029
6236 9650
5339 6812
3642 5861
8045 8341
5092 6276
1149 3663
2405 3207
6616 8264
4456 4910
8695 8903
7826 8561
8939 9808
1064 3848
7408 8436
6733 7978
2295 5111
1146 5662
9202 9731
1225 2496
3689 6347
1445 6312
598 1785
7552 8557
5426 6344
8940 9725
1957 2325
7765 9939
3483 9497
9505 9860
652 5800
4178 7140
9302 9975
2842 8948
3110 7205
6875 9032
6407 7237
2865 9114
3935 5640
7094 9589
6998 7749
4732 8349
2342 7910
2161 6150
6790 9753
9689 9826
7707 8134
8115 8123
6378 7955
13 7582
1311 4352
8882 9891
7979 9797
1609 4896
4565 5376
2205 5051
3891 9041
3998 9692
3266 9324
764 8117
7431 9547
3787 4404
4219 4988
1669 3502
4447 6735
327 7289
6405 9398
1334 2871
8285 8470
6813 9309
3093 4282
3843 9551
1491 3319
9463 9534
6551 6787
9608 9888
1177 6393
4715 7318
1735 9541
1492 6848
5078 8997
809 9256
6808 9517
262 5777
8555 8969
36 3522
9816 9958
5740 7848
9675 9798
2617 9786
2671 2948
780 8792
7830 9863
3868 4016
6316 8009
74 800
3413 4675
2566 8488
5835 8744
2741 3546
5022 6750
8164 9929
174 1489
9383 9452
9969 9985
3680 9907
818 4982
6334 9476
2820 8674
9298 9430
9322 9949
6498 8044
8489 9319
9230 9735
6989 7342
5719 5899
7865 8630
3383 4162
2851 9120
188 586
3761 6080
3714 9138
6266 9807
8930 9299
8918 9996
5244 7808
2191 8879
8623 9351
3921 5674
7015 7313
1391 2988
6345 6573
749 8132
5372 7344
8957 9899
5012 8110
8043 9312
4434 9565
1861 4265
7359 8827
465 3472
3479 7732
1865 7464
4782 7126
4522 6132
1714 5195
2901 7175
669 8120
2331 2631
6328 6496
3189 3896
2322 9214
8188 8636
4321 5327
2693 2910
4662 8994
2397 8568
4819 8622
7343 9509
4419 8032
4788 8429
854 6221
8800 9293
5815 6677
837 2218
1341 3825
5886 6992
1450 2210
2245 5120
122 6203
5747 6888
6048 9479
1378 4633
6574 8176
769 3780
3898 8907
6364 8631
7333 9261
184 7411
2612 9828
4231 9690
8060 8983
6631 8921
5782 6552
9039 9830
179 6050
4283 8428
2437 2701
8587 9384
542 3588
5017 7083
6181 6727
4374 6603
5417 8286
5665 7558
1286 6097
6300 9624
9803 9912
9146 9687
7395 7699
2876 6400
61 6307
2557 9815
4487 9563
2946 5307
7850 7923
649 5434
959 3735
8446 8596
4743 7387
9050 9683
1221 9604
5998 6273
5311 9094
9210 9924
3984 4555
5846 9450
8795 9788
3157 5763
3524 4576
5772 9273
1369 9959
5881 9680
1872 4942
7040 9909
2537 6434
208 3507
3596 7737
1835 4065
783 8694
3338 8235
1497 3571
270 5985
624 1544
4457 7185
1454 4200
9701 9702
878 6070
1596 2892
8901 8967
8608 9292
8209 8533
4168 5980
5790 6279
8058 9657
4702 6535
692 5202
8725 8977
4277 6259
6870 8047
4607 7349
6916 8947
5028 9438
6877 9457
7866 9943
8484 8844
159 4391
7644 7844
7113 9625
5389 5787
6217 9901
1288 6700
6975 9424
694 6632
9468 9913
6697 8688
2873 6245
1771 8820
4497 5726
6308 7066
7325 9487
4534 7330
8832 9639
4039 8217
2720 5343
3999 7547
1510 7033
4885 7937
5579 9550
3368 4185
121 8128
4063 6529
8386 9263
4602 7261
9757 9774
8156 8935
1635 3137
4661 7381
7049 9832
1083 3996
8025 8729
2884 4828
839 8880
5847 8440
8424 9809
7971 8504
4276 9952
3098 3946
833 2265
6964 9334
559 9363
4452 8037
8679 9548
1006 6488
9850 9993
2577 3664
7589 9777
1036 8699
320 6803
823 5246
1508 6880
6417 8014
6701 9329
2716 2891
8549 9791
7514 9688
4151 6068
5667 7885
9519 9925
310 4057
6216 9068
2497 5331
1728 5620
7198 9248
7753 8073
4803 7086
772 9879
9739 9992
5680 9269
943 1571
4424 8591
8895 9577
7471 9827
266 3888
7480 9281
4724 9871
7180 8478
2344 7523
8685 9518
6773 8951
9209 9234
454 4835
6162 7893
4572 8471
7312 9364
646 6976
7508 8973
1905 3221
7465 9480
3029 5061
2040 2388
6602 8758
8282 8677
2768 3939
2614 3014
5021 8203
1830 5792
4741 9103
2432 8328
1308 3548
6118 8534
8913 9454
2996 4620
3729 6968
9744 9813
1657 3555
1057 8683
4088 8148
1018 9066
4784 9113
9914 9979
3039 4132
6908 6991
5 7942
5455 9381
5325 6247
1767 6561
9361 9587
2175 3788
5912 6640
4155 9591
9213 9679
7914 8448
6851 7629
4198 5387
2254 5368
6526 9057
9027 9196
7776 8666
3018 3343
6977 9615
9849 9855
2178 9188
6681 7047
8398 9239
6508 7448
5182 8742
6298 6309
7722 9189
1922 2564
7816 9134
3901 6811
9405 9539
1114 1255
2077 8751
906 1702
1079 2890
871 6303
6287 7873
7440 8017
7269 8672
1891 9387
5884 6984
3032 8459
3242 6900
6092 7650
5038 9545
8438 9532
7491 9340
9557 9649
11 7660
1300 8707
5945 9085
3447 4936
5302 6769
573 7080
2 4096
6531 7628
604 3794
93 9504
7279 7892
4804 6470
2985 3334
2242 7021
9441 9629
5826 8919
2580 6096
5117 9073
328
4070 1363
6325 4099
2870 2657
5822 4853
4564 3989
9426 1601
683 404
2718 1124
2070 546
2715 234
3233 210
3706 259
83 45
6464 3995
8368 2784
6586 1401
1469 131
5036 1821
5068 4659
4441 2158
5337 5056
5175 3256
2847 855
3709 2227
8925 3892
6500 5589
6391 186
1974 617
3117 103
8070 5743
5451 2282
3563 3054
5013 938
1301 508
2004 1626
2277 1129
5529 1725
1453 534
6071 3197
2629 1953
1808 1407
6504 5145
1760 896
2774 893
8071 6917
6879 557
1982 851
8067 5481
8219 7254
8268 7798
7028 6543
5445 1421
7297 4654
1752 1274
6282 3466
1876 46
4239 510
9647 6012
2812 2548
2785 1685
4157 3002
6604 4469
7713 3311
6255 4672
3790 671
6204 3684
644 540
3749 530
3477 553
7601 1117
5464 4503
9415 6177
8646 543
6477 5555
3289 1138
8346 3355
8770 1381
3427 1126
5267 2412
5699 257
9869 3400
6557 99
1502 1256
3043 2923
2187 1704
7025 4622
1160 976
7564 3395
3980 3500
9125 2645
7186 4031
3228 123
2868 168
8822 4904
9355 1095
5803 5712
4535 2264
6693 3310
4097 3597
6841 5410
2459 1014
7518 3213
7027 5691
9231 4121
8288 192
6893 167
322 14
2390 1837
680 490
869 862
6715 2970
4042 2602
1929 1550
4529 3086
6969 4813
3405 1254
4850 2660
1845 666
1045 434
9388 6712
2190 302
4870 2866
5416 4865
531 382
316 109
2081 216
2259 2072
9403 3977
8542 4356
7421 3907
390 299
5329 5121
8126 2529
1775 560
711 570
5448 357
6251 1706
9905 6304
3593 591
6857 3673
7199 6081
9101 4030
4816 3053
5442 5184
4641 3866
8535 8462
2531 991
3813 596
8048 3518
1197 810
2524 58
9186 4587
9311 8941
8059 4733
7386 4242
272 233
5859 5024
4705 3903
1335 642
6652 1619
5832 4696
5685 324
1937 1737
6937 3576
7486 2810
8490 593
4609 2773
1938 296
3800 1966
1566 190
6377 6093
3654 1217
1180 16
2533 1805
2150 1686
5584 3954
8384 360
2232 462
4783 3940
2967 2334
1699 1365
9714 7526
5415 2781
9600 8378
7560 2291
9535 5708
4309 1053
6761 6310
4940 4395
7026 3026
7698 734
2488 747
7664 798
3640 230
1143 479
5179 2620
6479 6065
4695 2080
2009 1594
7284 6402
1096 48
5148 2303
2772 7
3878 2696
4477 1134
9523 2804
6040 5576
8784 4833
5686 5537
1275 1089
5321 326
8676 2133
64 32
5296 1398
987 664
8461 1603
9938 636
868 691
124 78
6144 4498
8409 3797
2990 1912
7166 6037
3753 3434
1093 615
6567 4215
5011 1620
6063 4735
416 232
3240 2176
7989 556
3417 612
3168 67
2685 628
735 427
1663 1262
7683 5817
2083 1477
1495 891
1271 1173
9596 2748
8053 6538
8734 3280
7711 4193
6360 3931
7608 4549
2569 137
329 312
1817 514
7393 395
6406 215
5798 5776
9840 4484
6084 1024
7636 5037
6281 5908
9867 9333
7232 5986
5647 4861
585 330
1297 294
1589 1166
8442 4102
2878 2139
9131 4291
2489 1054
8151 2819
75 6
607 102
1997 736
7537 4817
7403 5689
4975 4023
3757 141
8087 7782
6141 2034
1487 224
4255 3506
2068 1140
5129 4481
1781 383
6299 1405
3804 249
5915 512
9506 5147
5015 4017
3239 1191
9488 5504
4049 2278
4540 345
8664 6314
4964 1926
474 33
5240 4962
444 27
8531 1682
4111 852
5370 501
5730 3830
3864 2173
3042 104
82 31
4224 3750
946 502
3441 1156
6721 5221
6034 1490
4464 2545
5530 5407
6534 5018
5559 405
3799 1187
5617 3136
9104 1852
7620 7512
1462 373
7546 1637
2333 1194
6739 6085
3262 2383
6580 2987
8184 4832
5727 2711
529 496
9137 5955
8210 5039
7338 7253
5291 5187
