499
2475 3809
7945 9357
1013 7317
5947 9838
2961 4210
511 4756
7936 9334
2804 7539
5295 9495
713 3881
1830 9403
3912 4414
6472 8243
1774 4026
2624 9193
4614 5758
1567 8640
852 5956
1867 3096
68 2967
142 4158
4470 9235
9535 9675
2656 9421
271 7588
366 3198
2391 3908
518 7698
7645 9096
1090 3263
950 2465
5538 7419
8983 9987
3414 9936
6965 7279
2161 3510
4233 8283
3507 8304
9658 9784
2260 6365
6566 7702
5348 8452
9696 9740
7496 8769
1674 4861
6088 8415
4030 6945
3861 4422
9805 9985
465 8858
2733 9201
6865 7684
1312 8717
3371 8729
3902 4990
4787 8903
978 6981
7219 8579
3272 6993
1226 7006
7532 8010
1605 7087
8760 9940
7001 7229
3579 7193
7951 9737
5003 9345
8968 9490
2666 4379
7958 8673
705 876
7449 7664
3357 6483
8325 8679
7667 8888
6221 7300
432 4141
1134 8704
4870 9527
9196 9438
4503 9057
955 8465
7113 8906
2066 9757
6378 7409
5765 6212
9951 9962
9479 9911
1467 5488
9099 9322
5389 6277
2409 8982
8238 9068
9833 9841
8777 9938
7110 9917
9325 9979
2277 9419
3367 8142
2972 5287
7571 9705
7230 8268
2072 3115
6982 9131
5239 5857
9708 9779
8361 9693
2639 4672
4457 7252
3141 8886
3767 4370
205 4851
9361 9553
4104 5584
3609 6146
4122 5101
4393 8753
7912 8605
2219 3775
2093 9410
4683 7412
966 3348
875 5838
8015 9777
2907 4063
3101 3399
2427 3166
6354 9849
9794 9795
5446 6288
6359 6868
8263 9765
811 6227
444 9154
3606 5007
8684 9753
4991 6804
4790 9079
8418 8898
9124 9922
8069 9559
1788 6791
9617 9813
6388 6461
8772 9668
5009 8489
7330 7559
5934 8937
2996 4762
2368 9175
446 2794
6601 9868
1661 7261
5016 7871
4865 5977
1179 7107
5496 9673
1150 6813
8880 9424
2034 4282
9664 9915
1715 8448
6139 9598
2623 3549
202 9493
8874 9968
5352 7057
1072 3505
4830 7494
7207 9073
8157 8426
6708 9473
4142 4149
5623 6662
2035 7194
477 9423
6559 6575
9055 9384
4078 7235
1187 2940
9636 9640
9882 9986
8543 8855
9143 9988
8526 8540
2275 9156
8649 9963
3891 8783
5391 7121
821 4810
3673 6952
7221 9961
9389 9879
6162 6954
8401 9642
3976 7133
3852 5899
1762 7280
4733 5156
7098 7472
2893 9448
7325 8548
5894 5928
4925 7142
9942 9953
5180 7818
9981 9998
8092 8422
9792 9898
6919 8986
4138 6955
7572 9717
3858 9727
157 1992
2911 8598
9247 9291
1209 2963
3770 3935
497 4119
5342 8615
6490 8992
673 6608
2162 3531
7403 9396
3436 5570
2129 2658
2819 4674
2519 6638
3296 7594
427 2272
494 731
987 3758
3754 5090
2672 2726
5810 7774
51 147
5137 9262
908 8459
2030 6956
9912 9920
2266 9688
3607 6107
5630 5809
7748 8499
3368 8129
1409 3951
5793 8451
7478 9218
7913 8400
7575 9469
5245 9749
5270 9474
652 3065
3318 9599
4749 6161
5521 5761
2755 9136
1689 8463
3970 5566
4207 8910
1436 9288
4528 7870
1406 7336
7407 9047
2253 8123
5892 6459
3857 7681
6625 7718
2554 7331
831 4895
8295 9528
405 7621
4712 8691
6511 7064
2229 9169
3419 8000
7826 8652
5960 6519
7630 9880
3095 6751
1274 5652
5823 8740
2 5221
3936 4205
5804 6651
4771 6138
3145 6827
7127 7863
2429 9819
8552 9153
9187 9902
6724 8707
398 1572
4076 6333
8515 9894
1636 4358
5495 7735
8187 8739
3361 6588
88 6331
8094 8327
8900 9554
4736 9432
8200 9076
4407 9010
7708 9832
1481 7906
6940 7554
8674 8818
8472 9372
7086 8203
7316 8815
7899 9630
5983 6996
7437 9840
1952 8413
957 2516
134 4504
1781 9444
9932 9974
6699 8288
1587 2167
3812 9445
1070 3790
6533 8998
5283 6414
8918 9008
9083 9085
4691 9580
1946 3526
6760 8538
8847 9821
9672 9707
6693 6766
9161 9433
1753 6692
185 5400
3847 9783
8342 8507
7435 9796
9401 9429
2323 7859
905 5334
8734 9373
4221 7220
2687 4514
6353 9556
3771 5013
1724 7620
4723 6129
2988 3895
9937 9990
696 4628
4090 4730
3243 7427
784 4484
377 8711
8236 9121
1108 7923
3710 3962
640 1000
9404 9943
8186 9843
4448 7677
8922 9297
5950 8407
8503 9622
93 5227
357 2386
6558 7625
2968 3165
2173 5267
2077 9019
195 4822
3275 6729
2029 2842
1612 7801
8896 9454
1977 7586
7583 7900
850 2362
1370 1798
4701 8629
9575 9578
9204 9656
4092 8897
7753 9561
5909 9889
2655 6332
9523 9994
3766 4145
9500 9978
3716 6532
3542 3590
6978 8668
6737 8335
9453 9457
2240 5128
1729 6398
7251 9574
3262 9077
3026 5735
9128 9313
3914 5045
8578 9589
3328 8944
8672 9058
296 1047
8414 8492
8285 9155
5826 6531
8169 8871
5542 6948
5558 8581
7577 8879
8376 9995
994 1573
4071 6494
3426 6338
8077 9874
9380 9952
1991 5320
3463 8156
721 3003
7096 7154
4279 6393
741 2177
198 1669
7758 7861
6320 7070
3703 6143
6976 7002
2163 5419
9383 9790
3654 8189
5210 9496
3938 4684
8925 9929
2392 3034
5690 6979
5746 8274
9206 9948
3819 6517
1613 5774
5119 6223
1557 4023
9491 9584
4901 7145
8826 9376
669 4677
2250 2509
7589 8730
8338 9139
5378 9069
7198 7466
5231 8298
819 1191
7531 7784
6658 7031
4365 5129
123 434
2314 3601
7731 8514
244 4679
916 7865
9364 9562
9475 9588
3974 5957
4086 7076
3517 8197
8996 9861
4349 7644
7082 7830
8158 9335
2732 7028
7716 9012
7894 8220
5870 9905
7191 8331
2094 3012
3958 5420
4688 7038
5680 9004
423 8483
788 4137
1849 5162
750 2422
1505 5415
28 4055
5720 6999
9366 9374
484 3364
4005 4576
9360 9614
4334 6020
7242 8616
622 5966
604 3564
2587 5452
774
5562 1684
4463 3162
288 44
5461 590
7916 2056
9829 3092
136 52
2742 1478
9367 2289
6440 4852
8893 8589
6530 1342
5608 4178
5404 2367
857 440
1485 605
6551 4527
40 16
678 412
2984 886
2045 355
9355 4083
7881 4511
5996 5216
1135 470
2468 2044
9411 5533
3273 763
1141 695
9610 1101
3282 2123
1980 888
2398 771
6208 5169
8630 2954
3520 2466
8145 2626
7404 2799
442 145
6128 37
2785 128
6771 6035
6990 2015
2776 1391
3577 1483
5572 5008
233 141
5740 2174
3113 2085
306 33
1232 1142
6951 1318
9486 7349
630 409
3434 1024
5695 3383
8765 4958
2011 624
5483 4360
65 62
45 38
6711 1453
6021 5424
1170 545
804 542
4247 683
1520 1039
7491 4401
6963 176
9074 3016
3746 3410
6084 3628
6776 5472
7529 5207
513 194
4635 2848
5354 2681
2521 1726
230 3
7288 7274
5087 4695
8745 6814
5992 1668
4309 970
8254 1020
5275 1975
5547 113
4561 3170
510 158
8072 4754
5509 4873
9950 7434
1114 84
78 55
5750 717
2073 1623
345 328
469 225
4804 479
5212 3578
3433 1583
2342 349
9097 2120
2630 874
9349 7255
3568 1772
1429 1096
8194 3254
5428 4232
7962 5901
7933 3269
5341 3942
2296 1818
1919 1687
5867 1025
2062 1656
8678 2599
929 457
6382 5494
7018 1227
1523 372
3548 1937
2535 597
6094 1100
2743 562
4356 1554
6726 787
8433 2329
8572 6271
6180 2148
1606 854
697 454
8859 8221
2570 1951
7608 2312
4808 2796
655 319
7104 2431
2204 1541
2349 1412
2615 817
4761 1182
3131 723
3713 2917
4608 3233
6675 6514
4036 646
2869 362
4621 3730
8389 3961
5687 5268
2854 1547
4772 949
2837 1063
9254 808
9615 3641
2601 148
5798 312
9273 1911
1107 413
2612 1188
5434 5153
2935 2879
8280 7381
1458 1315
3394 765
7671 5789
1921 1085
5760 4253
9763 4446
8154 5130
9747 6174
3675 351
5322 2946
2553 1131
752 173
1986 1838
1006 72
3342 2186
4182 3822
666 447
4096 1484
8749 1932
7581 1955
9970 4554
3705 843
8623 4555
4775 2573
8490 1420
5582 690
4183 2337
5860 5027
1773 730
9536 1641
428 155
9385 5116
4544 1207
769 559
1638 1471
544 536
5771 4436
7163 6485
8258 577
5607 3925
947 197
2544 778
5830 4243
2800 1608
685 171
7619 4815
7874 4978
4627 3441
9624 3572
7041 6986
1139 726
8456 6600
5994 564
8532 4732
7226 3313
3768 657
8003 3417
6660 4203
4768 1321
7598 4311
6853 4731
6605 5711
9110 2020
6609 1264
7544 6793
9458 7425
3534 3022
2319 1584
1701 67
8153 3374
6159 2021
3232 775
1118 509
9386 8390
2063 549
954 499
8421 4594
6950 6649
1640 435
9684 6900
3405 759
2306 1414
6930 6324
7823 931
5084 4179
8692 5981
361 316
2340 1292
4726 4583
8320 4665
8905 6695
8744 3536
8665 1800
8417 7889
9035 8308
7693 1924
7570 4571
9545 963
2702 1777
4380 3919
8367 5859
4114 2354
4589 276
4643 3411
1112 226
2693 2141
9172 3173
8541 7301
8049 7541
2360 572
926 132
1362 1359
3691 1732
7766 6703
8690 5525
6852 1266
6397 5432
6696 1461
3356 3015
8890 8653
517 450
481 245
4350 1655
7155 18
5872 568
7490 3397
9751 3256
7626 3182
6548 5215
1344 873
7337 3915
4224 2284
8416 7953
1295 576
9036 1464
5954 2903
6429 3636
1158 292
3338 1162
8631 4111
4144 3450
3221 871
8144 5464
2485 638
4782 1119
9958 1693
1310 838
1666 1415
1703 329
2191 324
2852 1928
9197 6296
8322 1382
8496 7277
1350 1054
2895 1426
2925 858
2147 262
2136 1682
9720 1263
675 486
1794 619
6888 6155
4879 2458
3635 615
1050 172
3132 1883
668 56
3769 1878
6476 3806
7517 2953
6593 3764
2038 703
823 178
5948 3828
4070 1719
5293 3561
2311 708
1323 152
2926 2222
940 151
3380 3097
8191 523
8977 2493
211 22
1861 1580
4291 1902
670 71
81 41
3774 2176
9089 8316
1901 231
348 240
8872 4944
1817 1650
3865 2942
6715 501
5858 3393
4632 2541
8297 3100
7820 634
7263 60
3211 1643
2860 1196
8135 6713
7601 6477
6937 6176
6096 1440
3617 758
95 29
3218 930
866 746
5208 2629
7429 1909
8913 629
2724 1183
5396 1965
8380 2245
4280 2223
1145 806
5707 710
8252 2929
1446 1293
3176 2455
4345 2104
3098 269
9908 2567
6054 5055
4965 4173
8461 6453
914 740
7662 3911
6098 3133
5548 3987
7800 5865
7264 1431
8366 2126
6297 5305
320 85
1437 49
7393 2252
6068 4662
5187 3714
4273 258
3122 2118
3195 2424
4575 573
960 110
3570 489
5502 4885
5069 519
6905 2944
7992 2888
3226 2022
7552 7424
3509 921
1694 1463
9847 5271
3524 3488
2350 1299
9774 5816
2010 1533
5403 1808
9087 7177
8106 7238
7745 153
3682 1894
3156 1696
1675 530
2003 327
5493 4964
8374 1492
4018 2325
9321 1920
6030 6001
5460 1840
7240 6941
4147 976
268 12
6268 917
3102 1328
898 48
9198 715
3261 2357
1973 1574
8246 1095
3060 30
1128 516
4109 3656
5218 725
9451 3508
1037 439
3353 2303
2092 1633
4814 1327
2159 1443
6063 2662
6847 1468
2952 753
8881 299
7340 5048
5053 3478
8181 1611
8287 3623
9214 4019
7709 4399
3776 2950
9811 7054
4172 500
802 735
9314 4331
5988 2779
7807 5206
9896 2998
103 69
4781 1109
101 98
4972 2249
6565 3009
265 165
1548 1526
1628 1230
3624 2923
6100 868
338 188
1393 1363
9514 7877
8902 3161
5684 2568
6684 1717
9234 3652
6603 3360
2410 1171
975 743
4916 3872
5135 2462
5456 2795
3751 2831
7886 4806
6564 4493
6934 2605
8614 7093
8976 8645
7270 3071
8277 2051
9316 1289
8839 5161
5811 2572
4905 824
4641 3388
1561 1434
4087 3203
4659 4485
3630 1042
8163 5578
2307 977
2480 1002
2225 1504
7144 4014
566 250
9605 2997
8437 8229
8494 6797
6774 2631
3363 107
2906 1034
2208 1780
4985 1601
2713 2710
1525 209
6571 3082
3799 3175
8963 3904
3943 259
1268 526
7635 4382
6363 6171
3701 1649
8936 8235
9205 5610
5606 1531
748 417
6998 6665
4015 1627
4102 1032
5788 3642
5585 3051
6074 5714
779 658
4460 2641
2574 1586
7796 5709
2140 842
8558 5182
2110 984
8775 8076
5619 1306
4829 1767
378 25
1873 1637
8738 1704
9806 598
6323 2789
5785 841
8149 5487
8576 6582
3988 2563
943 815
4228 1384
6645 5694
2740 565
1320 331
9390 5257
1721 1634
2375 1836
391 187
2436 1332
4416 7
2822 2043
5979 2057
330 184
7318 5323
2202 1806
1716 1652
9237 1564
2403 983
3519 844
3010 2558
3515 3309
4337 1944
7855 2565
8043 7844
6475 4215
6307 575
8162 6236
2100 942
8337 8323
1602 1313
6311 2288
737 677
1416 397
3984 74
7705 3836
8083 7183
5157 631
780 353
6561 4278
2482 600
7550 1277
1677 900
9676 2614
7069 541
4746 1855
8517 2797
9756 5067
6740 2135
1244 305
5887 5211
1569 1214
2082 279
626 581
7352 5368
7083 1872
924 237
4496 4082
291 140
8583 2155
6915 4394
9434 3839
8438 6390
4577 1417
2026 1466
8066 1844
8326 2464
3134 2111
8786 6573
2987 1078
2690 1995
389 321
2417 1658
9330 528
706 290
9449 6719
5000 1834
6595 4274
1253 239
9329 7963
1367 1033
4497 2643
1298 1044
3093 3054
7997 339
3731 307
6289 3372
8553 6077
9671 9509
3985 2080
3053 3038
527 75
820 537
596 108
8315 8134
7514 418
724 189
9152 8344
2731 1267
6850 371
4271 3900
4151 594
6254 127
1338 834
2717 1007
1934 1001
7987 6892
7723 2720
8756 2884
766 395
4539 2787
2234 1556
9697 6172
8302 5747
1648 491
7548 6768
5307 1949
3837 671
9719 6627
6131 4133
5657 4451
4963 2829
4789 1591
2780 742
9537 9414
5879 4597
3189 579
6567 6303
3882 3427
9241 5655
2901 463
4523 2859
7675 1657
6002 4294
8950 1497
8086 6405
7486 1589
6920 2447
2727 2298
1450 368
1427 1010
1999 863
5455 2564
7010 6754
411 229
6085 1858
1071 603
1843 32
7688 969
1353 839
2664 1847
6499 712
2735 1770
5443 5399
376 87
7954 3021
4098 1241
4230 2419
2215 1875
6013 3449
8257 7566
2313 720
6960 5397
8312 3611
8894 5516
8178 3930
9101 5308
1165 609
8607 3281
8972 5972
2199 1534
5976 5626
6055 2619
7898 4285
2582 611
4719 1598
6481 5573
7094 1030
1445 207
9534 3870
7162 5673
1809 139
9639 8002
8055 4522
4046 359
2076 1544
3732 3215
6569 1405
6436 5605
1990 1563
4455 3702
5050 1579
2811 1945
3697 853
5632 2211
736 102
8394 422
4550 1031
8408 7530
928 249
5174 204
7250 7233
6823 2839
