207
7205 9963
395 8852
2994 7151
4132 7414
1503 9268
2384 9530
4004 4827
9950 9986
8291 9599
8370 9981
9907 9977
8559 9409
1768 3884
8354 8685
5288 8536
6842 8341
1866 7225
3824 6436
3724 7618
6305 9709
5925 9542
3539 7685
2126 9577
9307 9873
252 1210
736 1684
6694 7310
1205 5622
6176 9656
8957 9089
4837 8775
2905 8914
3870 8889
9569 9604
9909 9993
6773 7823
8289 9944
9647 9661
4372 7733
390 9595
9882 9890
366 6272
4664 6022
3299 4163
5436 7051
9301 9624
5707 6991
8084 9385
9710 9795
3531 9728
9686 9886
225 2233
2137 5065
7350 7968
6629 8275
8412 9142
5872 8156
3988 6643
6483 7347
343 9808
1877 9184
7230 9515
5602 5861
8762 9128
8507 8682
5505 6902
2079 6636
4227 7813
9806 9901
2879 3609
7426 9619
8148 8402
5472 9254
4279 4582
586 7068
1688 3708
6373 8719
4389 5092
2782 3089
141 5889
2681 6807
7571 8792
6385 7629
5442 7962
5886 8318
1478 2656
1097 8876
7539 7775
3558 9174
9002 9679
9538 9790
2420 4285
7060 8122
7547 8968
2733 5374
3053 4721
7244 8496
3334 7669
7955 8563
9062 9443
4945 5590
2017 5545
8513 9010
5430 6981
7333 7439
8295 8392
4735 8242
4825 9314
4320 7822
1876 9939
5205 7901
1677 2872
5387 6315
8544 8931
8676 9087
1546 7739
317 8218
4967 6834
3777 6383
8707 9061
5712 6396
9054 9139
8565 9899
1410 5760
6912 9637
4885 4970
3591 9910
8873 9928
4707 8640
4876 4895
8163 8498
5722 9540
9896 9911
1845 8429
1334 1488
7457 9176
8735 9039
5298 7806
23 8248
7846 8267
552 8608
4703 6582
6182 7112
3477 6318
2413 8916
3188 9903
7381 9855
5147 5179
5247 5498
5411 5615
3158 9827
9238 9698
3115 5691
2709 6492
7117 9166
6034 8834
269 7808
4302 9455
64 8470
4073 5533
5030 5563
7053 8048
580 9938
226 6882
8227 9217
5518 7546
6393 6942
2540 7536
9259 9732
6612 8760
4733 9551
9772 9881
9723 9824
2040 3915
7889 9312
4057 8393
6207 7427
6646 8893
7531 9342
9317 9978
1401 5047
6324 8998
718 3030
7858 9799
5101 8816
2226 8771
5706 7356
6606 9340
12 2227
1054 7987
1413 7830
7173 7468
7031 7271
2829 7056
4545 5278
6156 8294
903 7368
7943 9031
6319 6923
7119 9596
1566 7071
3828 5644
8802 9961
6048 9135
8819 9502
2441 6253
9269 9820
775
7591 4978
843 41
291 7
1857 812
2432 2046
4400 2891
857 714
2223 632
8687 8243
8558 5982
5768 2313
1982 1247
3116 2010
4449 3271
2957 621
9753 284
8471 1409
813 102
9461 6044
584 258
8222 3375
4277 4013
497 134
1725 549
2393 1075
4236 3913
7315 4985
1953 1272
9937 8229
5988 168
8526 7219
4160 283
6240 3901
7223 5418
3460 2944
1060 542
3623 2755
2334 682
8349 6004
1862 319
5992 1951
8307 8302
5934 1902
2284 615
8162 6511
5900 4448
749 305
302 114
3893 1226
9874 9009
674 154
4983 40
6604 86
2452 1216
7726 304
7253 5454
2521 1280
7256 2756
55 48
496 85
2924 1069
3175 3095
8661 3240
4600 4501
2954 1451
259 242
4727 1461
8362 7399
2662 1570
3176 360
8959 4452
8768 8012
8200 6621
106 39
8683 6638
6387 1664
4020 1758
799 231
5286 5197
8862 3010
4425 2159
2433 2081
7339 3178
5705 1471
3025 1962
4755 188
4732 4622
3563 3522
1788 853
6404 1304
5486 4567
8297 5384
2598 1388
1574 879
3635 3044
3850 1418
9766 2575
4349 2915
167 5
570 456
2034 750
3331 3195
1078 222
1693 507
2004 868
2242 97
1731 1439
9823 7688
3388 859
8900 7064
4155 1358
9322 5588
498 465
6949 5975
2685 1316
5087 1523
5956 3982
6287 2533
4363 3883
5395 267
8882 1786
905 323
9979 1330
6128 1660
6171 3978
5489 4821
1966 962
2019 70
3823 1154
2586 339
2822 1635
4872 2147
1124 15
6667 4331
5285 4999
2501 2050
1006 466
2249 213
7330 1973
9345 8015
5481 684
6917 3813
7743 7228
2746 1588
4812 196
5214 4243
8713 5811
4103 2323
3664 1720
2762 849
6972 3079
4466 571
6456 5416
1950 1938
1754 1271
4158 560
4527 2252
3201 3151
7717 6465
2605 1734
6329 4108
556 80
6066 5901
7757 3857
3243 912
2990 2816
9836 4784
8669 555
7995 3860
5044 4585
3882 2817
4018 828
7066 6881
4856 2027
5860 4714
344 74
1810 1726
1152 1026
7341 5802
4168 2340
4023 2800
6529 4657
7892 5242
8463 7411
8532 2336
9831 3202
5522 5290
6408 3758
9921 5251
3191 2449
8130 5687
311 240
5899 1367
8547 8378
9883 2071
4988 3854
2080 1620
2546 215
2122 557
5775 2117
3431 2207
3169 2314
4371 1706
8042 1610
2494 610
4764 79
1833 992
9771 2179
2356 1679
3087 1102
320 18
4358 1995
277 142
9739 6692
1578 892
5848 3910
131 116
2016 294
4287 194
5603 331
7417 2186
6650 5747
4911 3973
6234 1932
7014 2583
2892 2517
8766 3446
3675 355
8081 5488
5093 56
1037 381
9817 94
3450 850
180 88
8905 1861
8404 4800
9363 3165
5981 2763
8325 5895
617 509
9387 5856
761 522
7218 6513
3418 2838
238 185
7870 3132
5419 4079
4950 1080
8963 1436
4532 3862
6014 1797
6968 3892
7562 4028
4185 3209
4261 2664
6527 6077
4480 1842
9621 889
7461 6721
418 354
8446 4715
9884 1741
6537 4569
4330 162
7135 159
3767 759
6762 6263
8967 7297
9164 5060
3112 988
8705 458
7052 2497
532 474
7793 5282
3294 1841
5830 5284
5245 1120
9510 160
6860 4935
8780 249
5464 1755
3674 1193
1494 1224
6927 5639
4504 1816
6012 1665
4828 2823
1715 310
209 155
8216 7663
3645 3633
4631 1286
9807 4646
8400 6922
7323 3682
8531 6691
2469 705
9355 8296
3625 1274
2424 22
7359 2148
2180 1670
8138 6279
8064 3712
9451 1217
5028 967
811 413
8467 7082
1906 1036
1606 530
2457 82
3797 2893
3887 332
4579 2750
9844 3489
1974 590
6060 1763
4553 1834
84 26
3900 1004
4788 1723
358 282
8032 2112
9717 3449
2264 1492
7424 42
4221 2514
8511 5527
8592 1379
1667 28
7942 2588
9378 7963
7099 6002
1939 1605
8477 6161
3073 955
4069 3917
5546 4442
852 473
924 824
1644 1414
947 105
6251 248
9690 7458
2911 189
4529 3990
2349 2047
8777 8631
2766 2074
4524 3628
9291 5700
8376 6648
4713 1554
4152 2270
910 409
2193 268
1759 10
2069 1935
6347 4044
5032 1206
3272 3042
1074 897
6316 614
5475 463
3799 2550
1423 95
9856 6584
34 1
411 38
7730 3775
3542 2221
3665 2854
3501 2371
454 417
8125 6962
1819 1454
8031 656
2190 533
6405 296
7143 127
8298 3747
9695 9454
7580 4618
72 27
6840 798
3611 2704
6891 3831
7067 5279
5123 3798
8120 8002
3049 831
2960 1689
741 650
600 138
2001 1798
1848 1318
652 111
5008 4156
543 139
9008 2058
1094 564
7074 4595
8584 4840
8089 2093
8960 4507
8068 1582
5916 2468
5365 255
1632 67
7646 5726
303 171
6865 6451
4528 3795
4995 1101
1151 1070
9605 9406
1137 1061
7558 2989
7202 451
7479 7093
1462 1170
5372 3098
1360 1105
3085 3031
9845 384
3160 2743
646 52
7169 4052
6438 4662
7740 1984
8134 3153
3358 393
6531 5685
1229 748
7280 1359
6009 2228
6138 2331
6913 2248
1131 1057
3320 2849
3344 2961
717 250
1196 836
3617 3076
4772 3497
6686 1656
5927 2599
6181 5186
4435 4135
7925 5377
1545 609
8593 4894
314 286
9325 2357
1627 1041
2853 1699
7157 6766
4675 2052
5731 860
7072 4526
2576 1840
1042 290
6312 1175
5519 2512
1701 1171
4718 3003
1073 109
5929 4473
9774 3380
7528 2933
5460 5376
663 206
3561 2776
8595 4451
9122 2998
8360 3319
2807 1127
5854 3423
5506 4055
907 727
2338 145
1288 9
3796 1298
2204 2066
8201 7862
752 129
6759 2240
9303 1446
7395 7059
2483 2309
9311 2997
4381 4284
5289 363
1625 234
7920 2275
6218 3729
1237 386
8300 2739
1400 483
2353 1968
1402 816
8690 7694
8945 383
4899 763
2867 2431
8789 1103
6395 6086
7115 4015
8321 3582
2834 1457
2799 2380
5441 3439
598 262
7415 1344
6375 4154
920 519
9165 5113
9379 6444
6073 2797
7670 6872
439 174
3071 1234
8100 3639
8366 3624
4548 2177
1704 1349
9826 9228
6195 2916
1592 300
8943 3933
2283 2055
4281 2484
2408 819
7324 983
9514 1231
844 587
9935 5458
9085 169
3909 176
195 92
7902 6850
4212 4095
4316 2830
7716 4691
3953 3438
6534 6390
8928 722
5880 1530
7713 922
9552 6093
7410 6382
4447 1547
4415 1084
3699 293
6061 1067
8062 1307
4898 2686
8090 8051
1191 623
740 68
7894 4663
998 974
391 164
4932 62
8675 5703
5816 4986
6203 6194
8737 2713
4228 3409
5466 2018
9614 2818
8798 8489
3597 1142
8809 1676
1891 1790
7595 6363
1282 963
851 266
4058 3880
1603 1346
6947 2330
5339 3992
7162 4873
9359 5597
2107 1822
385 122
8127 208
1716 1613
341 69
3626 3207
2735 1047
728 723
2426 1956
5821 3298
9445 6217
4075 2251
9489 6499
3727 1515
6416 1018
224 16
5058 701
6744 5310
1396 178
2811 1821
5340 3861
9951 9332
8499 7599
7141 6861
4612 671
7217 353
5453 2131
9430 8697
4573 2303
3246 2359
8677 6442
745 553
2481 389
605 227
6119 5217
3885 1806
2547 1637
7466 5847
6452 63
8582 5174
5062 2789
3356 53
2742 1381
3110 46
8078 1508
8506 1551
3761 914
2287 758
1782 1619
9760 7563
8832 5158
3329 888
6503 4883
2205 1376
2328 1943
856 380
1707 1251
6024 2141
7614 6855
8043 7993
944 916
9724 1630
2257 1250
4538 1256
197 192
1255 635
6899 2361
9023 3805
8769 5591
2769 2060
3580 2677
3239 239
3921 788
1117 782
4588 1107
5585 3467
3721 1972
1140 619
4143 3525
4744 75
8466 83
1827 818
5141 2102
909 738
1957 1361
3492 1753
971 90
6832 6482
9687 4798
6386 1173
6058 1649
6015 2297
5930 1970
4499 29
2722 2527
1626 523
9693 7319
3223 2858
37 13
2409 986
1194 340
3592 791
4901 4384
7764 1712
2311 1421
6019 5361
4258 1769
4193 3270
1937 30
4076 3018
4230 827
2564 1487
6403 3686
229 201
9353 896
667 602
8794 3108
7778 6418
1146 575
9610 9067
4608 2786
7154 4586
4368 3005
1980 548
6303 942
4850 544
952 826
8424 2400
9014 8875
8420 5881
7702 7464
3462 2014
5503 3855
9429 1863
2577 1283
5368 4602
882 869
904 696
1742 1696
5095 769
410 14
9784 2053
9635 666
495 460
545 521
4061 1227
2043 199
2698 356
3336 900
706 325
5792 4572
6967 4931
6911 716
1700 1516
5133 3214
8539 5631
3587 2972
9129 5763
8019 1722
1879 1690
5399 1691
211 50
7460 2185
6787 4887
518 408
3562 979
9169 4066
6858 6232
4672 1326
8478 5027
7984 3521
2837 2307
7689 5126
5457 1189
6993 6365
5944 5717
7887 1662
6864 6622
8820 822
3007 2089
5480 3250
797 573
7334 2192
4809 1104
715 219
4410 2114
7434 1828
1453 547
2406 44
6231 4226
6478 770
