338
2201 9489
9146 9925
2818 9198
8702 9732
3236 7506
804 3201
2088 5819
7692 9117
5049 5765
5175 7993
185 4651
8184 8514
4822 9127
8519 9225
3732 4554
1147 1872
8649 8683
1784 3109
8676 9631
4759 9513
7987 9181
963 9420
2551 8594
7388 8053
3294 8008
1250 1740
5044 9641
4187 7497
3598 3985
5016 6608
635 2620
9246 9382
595 5511
2404 8039
2133 4851
8669 9096
4948 9426
7055 7525
338 6655
3734 8479
8511 9584
4875 6994
5121 5600
6570 6856
4390 9009
9885 9973
4798 9670
735 3035
5690 6991
8415 9373
6211 8322
8942 9698
8586 9748
2248 9452
6012 8425
1903 3763
1811 2648
5876 6625
3249 7082
7134 8753
6196 7310
2739 3421
7146 8756
4978 8104
2933 5912
9421 9773
7212 7954
2122 6412
6506 7266
3617 8315
9389 9904
9894 9930
3317 8958
1389 1988
5757 7734
8746 9907
6069 8644
6218 7614
1255 2269
5307 6721
2689 5017
1443 4092
5946 8822
8242 9461
9316 9550
6626 7432
8734 9585
8933 9844
3700 5419
8532 9089
3326 4496
8016 8061
8777 8867
6474 9340
8550 9192
5562 6499
1285 2081
9878 9963
1524 2294
9700 9949
9267 9539
7529 9837
9953 9958
7514 9936
3829 6340
4561 7272
3126 9522
9048 9647
2538 2688
3725 5615
6418 7724
8422 9643
1893 9196
8102 9654
1558 5260
5573 6881
1638 3070
7495 7840
5779 6945
5254 9573
3359 7744
3066 5441
7627 9431
9889 9943
5603 8195
4612 8330
7156 8650
3411 9207
9334 9966
1970 8450
4207 9655
5304 7835
6530 8441
5101 6688
1942 2682
6230 8870
3479 6513
4175 5691
6680 6752
9954 9982
6542 7029
2270 9326
2016 9974
4199 4392
5590 6097
2474 5194
797 2610
2802 6844
9021 9158
6916 8707
318 8109
2189 4578
569 9674
9130 9343
4086 6660
2975 8596
2466 3295
4073 6893
8313 9829
828 5031
9704 9843
9487 9525
175 5751
5880 9960
9361 9950
8446 9611
5570 7469
1560 3232
4686 7274
2995 9509
1762 4526
5022 6802
6759 9956
5400 8146
6242 9915
8659 9370
3409 7412
695 5557
6096 9238
5462 8168
9564 9656
5411 5581
8284 9852
4820 5417
9727 9755
2098 9803
7327 8050
9405 9544
2787 4022
2199 8716
1231 4281
517 4470
1027 2079
8684 9201
4326 8954
4273 7777
1605 8139
4849 7017
1987 5535
2373 8469
8273 8600
1502 2558
937 2032
2075 5178
6396 8637
7138 9685
9160 9668
2141 5347
2280 7996
9648 9808
7204 7513
7857 8823
42 2392
4412 6947
2524 7150
1415 5658
4903 8328
5540 9402
8181 8490
8238 9017
7546 7802
9499 9577
7081 8924
9581 9928
7060 8276
9783 9810
6988 9333
7878 9883
3123 8210
2572 4810
4957 9750
6430 9567
5059 9477
3094 7580
8212 8989
1545 4189
4567 9888
7362 9455
9839 9861
4315 6710
4021 6756
8571 8967
2465 9532
2393 6807
7186 8670
7299 9464
289 9320
6709 8780
1989 4334
2273 3853
3988 3990
4168 6441
9768 9851
2643 6234
5109 7145
3208 5874
668 9318
4501 4668
1240 2796
3898 4760
1984 8293
3188 5762
2513 8848
1196 2822
1797 6101
1106 7745
3210 4381
9077 9640
8240 9315
6562 6737
5236 8836
82 1959
3343 9290
2213 3504
7184 8463
7728 8819
7232 9802
9438 9551
3262 3334
9627 9886
6633 7331
1697 3455
4263 9026
4295 5078
8825 9572
264 2293
3193 7549
134 7951
4209 8005
8429 8528
2427 4700
4362 4469
2882 4604
4293 5512
8327 9651
8636 9752
9156 9908
9484 9976
3931 4744
1621 8350
7374 9526
5748 7754
6031 9561
9144 9355
2426 9971
5448 6637
1484 9632
3691 4977
597 6917
1080 9720
3057 8953
424 1284
9429 9496
1832 6643
1215 8396
8895 8997
7759 8811
7318 7375
7749 9005
5256 8356
8448 9675
1070 5133
7447 9309
531 5225
1135 1960
5989 7338
207 327
4656 7259
1024 9456
2626 7958
9377 9579
7100 8742
5909 6722
7502 9845
7233 8781
923 7628
4056 7234
2784 2958
847
1204 221
9408 7199
7651 778
483 478
7253 5681
5021 2116
6522 109
4408 3273
247 170
4270 3092
2022 1850
4116 1239
2290 583
4872 4064
3222 1798
5230 4513
719 557
7434 1823
2759 2401
7393 5143
6774 4834
1552 807
7585 4348
6502 1876
1007 58
6715 744
878 81
7792 2624
3323 2659
8592 4777
2944 575
9415 9269
3175 909
8190 8159
5407 996
4584 4235
1941 363
5233 1782
2919 648
9383 2779
2479 1827
1052 980
8339 508
2890 1976
1535 516
7429 312
2245 970
5154 2065
8728 7067
6841 5606
6454 472
2770 2702
865 74
5648 3526
9714 3660
2977 766
8941 1624
8393 3795
5454 3954
5102 3039
394 296
8219 2415
4149 3975
1608 645
4472 3650
2522 1911
3903 2384
342 251
2743 248
6725 777
736 156
4591 1977
8973 4131
447 145
1561 132
5687 1802
9665 7173
1559 606
1974 1395
16 13
335 274
4866 2456
5058 1091
7491 3231
3704 1603
9395 2083
1889 1201
8349 3747
3346 19
8693 2952
1991 998
4340 3425
3365 2746
7576 5885
8121 2816
1873 1491
3595 3072
7102 5068
646 143
4968 640
1270 232
4365 4279
2330 1194
2343 673
5945 57
2903 301
7073 6739
9686 3254
3470 1249
4691 1760
3131 2910
127 90
6044 1145
8282 6987
5866 722
9797 8638
6308 2939
7229 1092
1048 709
5894 5300
5292 3215
7405 2969
3344 1481
8960 6153
8690 2090
7944 2601
2840 2468
5578 2091
1327 1234
1378 641
3692 1845
6040 3742
9605 5479
5973 47
9235 711
6775 69
784 426
5316 3008
7360 949
3400 942
337 73
1348 491
4625 2597
3562 2646
1537 416
5350 3641
603 216
6919 5798
2048 947
4653 3152
407 277
8012 3293
6937 3019
8230 8130
3362 1468
396 184
8654 2247
9742 8461
4827 4126
6934 5781
284 162
674 462
5720 4990
7902 1910
7002 6300
192 124
9618 4666
1137 427
7828 191
7815 1546
4605 4155
1701 1115
4967 4757
2026 59
1728 238
4467 556
8241 2118
5739 2012
5772 4229
9095 96
6453 3062
3488 1011
4609 2673
3495 2462
1658 361
4479 3437
1311 353
1113 80
6850 6781
5081 332
4825 511
1706 456
6923 3805
7286 4471
4840 3867
2771 1241
1882 340
4345 4264
647 190
1243 725
6368 2066
9621 2408
6414 579
4688 2319
6487 702
2552 1200
4216 1393
2935 2169
5925 2266
5769 1747
3336 2149
1413 21
6954 1028
3733 1096
2930 2458
8527 1884
8305 4202
6692 623
7784 43
7925 5472
9498 4801
4629 3708
6402 3220
8044 307
6386 2101
7358 2754
4072 630
7175 6444
5958 4437
1210 183
8890 5369
5406 5023
6287 5684
6839 1211
7103 6685
5373 650
3677 1595
4097 2713
1529 1045
4061 2875
7988 4585
7683 6719
8925 1464
5135 310
2546 1217
5402 5039
1511 268
8710 1153
5926 541
6257 6100
3283 60
4514 1352
6027 562
8395 4758
9876 5136
7226 2934
3368 3292
484 210
1628 1610
6468 2232
6209 3144
9916 9791
2389 717
1956 279
9102 706
144 118
4438 220
3809 3113
2228 570
9193 8535
2326 1146
4074 3916
634 607
5841 3156
9368 6653
5331 103
8177 611
4171 2569
6358 5902
3396 936
8730 1612
6811 1927
6796 869
8291 1159
3517 300
9131 7489
5294 4404
6385 2323
9865 1689
1995 1963
7442 2306
6016 163
4507 1929
5087 283
4148 2891
3299 2348
7817 6245
747 44
3093 2292
9781 2612
9164 8580
7688 2235
8095 7528
7553 5812
9500 3387
737 614
6997 5552
8554 1120
1813 1499
5627 4754
6331 1437
5137 1016
1307 275
5622 1536
3779 3280
6764 940
4495 1735
5862 5012
9807 5826
1800 1273
3079 104
9901 7666
4780 939
9659 2472
2616 752
6376 4928
4488 662
4938 2837
6142 2506
5266 3257
920 481
7346 6347
7389 1679
2405 577
5010 2963
3670 1254
8673 6778
4090 3212
3845 555
4752 4466
6020 241
2738 847
4455 3369
258 108
6359 4730
2370 169
537 100
2375 1675
6541 2929
1542 1047
879 816
6144 4844
3082 1228
8841 107
2094 1836
1902 1655
5415 5281
1745 1634
7188 6924
788 27
8770 3453
5780 819
5293 3321
3770 3134
203 92
3146 1267
5906 5313
5209 1557
7758 967
8760 1033
2698 750
4224 685
9168 6564
2756 1266
255 113
9847 649
2382 2074
4529 1385
9285 1085
7231 5561
2834 2681
981 334
2062 601
8201 1615
5106 31
9703 9123
5435 4617
3924 365
8512 7119
7053 1268
9099 1949
3065 1404
2332 2126
3011 2428
1855 331
4117 3130
2885 1865
2641 1837
8034 6571
7915 6977
7325 423
7219 1377
4687 2791
9019 1593
6168 2556
4500 4480
370 336
7418 4663
6448 2084
2941 1054
610 553
4953 2441
680 657
4436 3680
9114 3626
51 39
8180 3315
5747 3676
4341 3408
9035 5003
9523 6523
6684 1
9517 48
4775 1874
3351 2676
8915 3772
7269 6424
7527 7026
2469 2093
7521 438
9080 6037
3632 3278
699 257
7023 2587
4176 1494
7956 5128
9003 2242
3016 1753
7588 2665
7420 2240
5959 2694
5265 3801
430 23
900 66
9701 2965
3296 1930
8882 8380
1465 1035
4413 2308
2321 2253
7961 6419
3027 2138
7516 4406
8856 8764
6251 2715
1592 36
9323 6053
6743 4655
1636 863
3300 787
5803 3314
1172 1131
5727 4136
7159 1040
6137 1320
5774 723
3084 1637
6365 1414
4930 1868
9124 4208
6292 6264
8306 2463
3056 2120
8367 3859
1290 1127
6164 1923
5554 3827
3245 2316
26 12
5653 625
9862 421
6581 5657
8460 2223
4881 4643
758 628
4252 3164
9743 8399
8630 7302
8821 355
8145 3703
5664 3735
473 128
1457 235
7384 2981
3350 1583
5447 618
5545 3115
6609 1721
3628 3544
6694 165
8110 2284
8156 786
7368 2059
2310 173
9614 5539
9088 2087
4976 1563
9229 5217
6078 5856
9018 2644
5795 4371
4063 239
2588 1773
2937 983
2249 1940
9115 1462
6791 982
8297 231
7292 4120
6817 2592
9817 6009
8507 4079
7710 6011
7830 2905
522 330
4910 515
9828 8436
549 211
6545 3181
8408 7349
8116 7493
6051 1849
7537 6252
4349 1562
814 249
4951 3310
9887 6826
9399 5975
2580 1453
7078 20
6199 5181
3271 3045
8879 7518
2894 1829
633 276
7326 4154
7967 443
6527 1862
6321 5832
6447 5351
8213 3040
1309 1071
4458 681
6882 24
5259 1543
9884 8392
8404 2745
5195 2547
5273 4399
8237 739
9531 8572
927 608
1696 1265
9248 9062
452 126
9241 5336
3468 2846
9987 2788
7483 5394
7929 236
3454 3379
5575 2657
675 389
7555 5619
1025 359
2433 554
6049 5506
9265 7192
5242 2407
1269 1110
7768 952
8049 3248
4080 3241
5656 3844
8593 4818
5171 2460
3091 1962
8112 1402
9148 8369
1632 993
4648 2459
941 62
3583 2420
4465 4444
4249 1997
2381 1072
3302 1525
8783 6075
7911 3838
6800 4344
2435 440
4857 4096
9931 6185
6026 1971
8577 444
8651 7472
9767 4974
5319 513
9053 4786
33 7
5276 2150
1966 1584
1286 323
4118 841
3888 91
1852 1475
8718 4647
7855 1469
7133 954
4865 822
2895 313
4213 3173
6189 1321
1573 1191
3877 521
3424 2705
3977 3237
3821 2483
308 151
464 79
2259 1403
5301 1093
689 593
8793 4179
5872 1856
8605 4151
7426 2685
7714 6035
4336 3448
4098 840
5451 4955
4415 1718
4950 2403
3905 771
1081 571
7471 85
8289 1370
7579 4248
8301 7798
3185 1630
8540 2252
6696 877
4194 1821
6224 3900
3428 2151
2988 928
8114 3610
7892 5785
1751 1365
3269 1242
9446 3980
7736 5633
6755 1021
5849 578
1036 182
3462 3433
8910 693
7679 3718
6968 932
7474 6636
8059 4816
8855 7805
4896 3984
4422 2575
5389 2865
3067 1429
9825 1866
6935 5583
1551 950
2377 214
9253 2146
7945 227
1479 1431
4965 4477
4282 2040
9870 8700
6345 5129
868 658
4388 1682
3345 3290
5214 3395
886 475
7882 2625
3148 1090
5587 2608
7425 4370
1427 514
5458 631
6120 2541
2039 644
7408 7290
5082 4440
6953 757
1604 1534
6167 977
9471 9134
7761 7707
8845 5915
9474 7984
9980 4435
18 9
2948 545
4713 3141
4324 204
8974 1065
6965 6600
7252 2923
910 482
8788 8283
6250 6068
5047 4506
6374 880
6604 3672
767 683
9448 7007
3452 1824
2753 390
8205 2443
8267 817
7698 291
5549 802
4427 2444
5108 3352
5262 2658
1555 908
4386 2196
2488 2288
1374 946
5488 3238
8965 1571
5761 2992
5580 4714
1705 446
8561 3711
9891 7056
2471 1662
6641 4517
8921 3277
3559 442
7268 5741
7463 6105
2018 392
3172 1376
7810 6534
5911 3925
9263 8243
4002 1360
7999 7113
7054 3216
9085 9023
1279 479
374 201
3719 776
5165 559
8171 4524
1174 286
9122 8165
9266 8388
4789 1654
2437 2186
5854 5399
4542 266
4173 4114
7572 6877
3155 701
1179 136
1170 504
1883 146
7927 3114
1184 1004
7090 6054
2504 2374
495 52
626 14
1263 527
3380 422
820 115
55 50
3004 1364
7181 7131
8231 3474
417 135
5033 4631
1677 760
8591 4225
3589 117
5707 3935
7570 2667
824 622
3048 10
8801 5723
5558 5423
8423 7750
398 343
7422 3999
5124 2156
7371 2686
324 168
8993 6316
7617 4667
5436 3651
7501 782
906 891
7905 267
7144 5649
2968 63
4878 1510
9690 5346
9666 3486
7034 6001
1015 262
4712 4519
3207 615
8971 8218
7365 3738
3740 3629
7729 6122
2492 503
6614 3839
580 369
7727 3088
8743 7481
7032 2570
9416 7686
2395 1840
9754 8098
8771 5253
7843 7653
2703 2642
1625 8
230 77
3912 2765
2927 1694
4991 4558
7323 661
9934 6659
2352 2015
