381
7835 9425
7020 8390
4926 8699
1358 1533
5594 6489
901 4646
3372 9664
8090 8605
630 2415
2358 5134
6239 7692
1770 7746
9538 9885
8983 9194
483 4316
2739 3383
6579 7397
2386 4241
5688 8625
7839 8737
5171 8017
614 1592
8984 9502
976 2311
1427 9484
3402 6242
8242 8975
5412 6155
5720 7401
7166 7380
4950 5520
835 2390
6440 8601
2547 3864
7229 9926
9471 9898
9779 9952
6122 7994
984 3526
6781 9083
5225 5360
7183 7596
65 7990
7225 7912
731 2500
5998 7626
6258 6630
4118 6237
906 3001
2688 8109
5144 8386
3273 6695
794 2755
3097 5864
8337 9844
7638 8149
2465 6663
6407 6935
6474 8275
1083 3916
5019 6227
3877 7462
2180 8328
7684 7781
3367 8075
9212 9714
2293 4298
6915 8800
9757 9996
2552 3503
2999 4725
3495 5682
3151 4605
3073 9358
8824 8872
330 9138
9308 9991
8738 9478
7925 9889
5052 6976
4849 6399
6054 9352
474 3359
2959 7588
6530 8294
8792 9280
7996 9894
3556 6382
5856 8377
9876 9934
7099 8717
1548 5624
4089 7342
3712 5763
8667 8814
8431 9419
8450 8743
4267 8527
8959 9742
1407 2948
3597 4334
2015 6700
1366 9620
3767 5296
4356 8585
6228 8300
1047 1988
803 4551
6542 9671
8593 9270
1877 9541
3183 4887
8943 9912
41 6125
9061 9624
5096 7510
8916 9073
7051 7318
8298 9738
2823 9921
4248 6113
6137 6873
9290 9522
3716 3819
5200 9420
2908 2912
8749 9694
5724 9226
2234 6379
774 4895
9762 9899
9947 9992
4978 7157
3937 9415
5754 8029
2617 6488
6360 9116
9597 9955
7673 8444
4312 9897
1071 9663
4127 9059
2605 6689
532 625
7032 7770
7023 9081
981 2154
1674 2307
8206 9659
1011 4611
2863 8746
4802 8614
8638 8955
8196 9202
1961 6855
1146 7155
6982 7418
7663 9175
45 365
8169 9405
9848 9896
2405 7147
5280 8234
1431 2544
5493 7840
5301 7154
9228 9816
9166 9916
1120 6087
839 1163
8324 8992
5858 8105
505 6730
6016 6940
2435 4001
9533 9563
1104 1932
5338 8216
7387 7431
3268 8495
1752 2480
1866 2654
243 2581
549 7582
6963 8438
6260 6380
4714 6323
4681 6808
1509 3072
5158 7486
745 2574
544 4147
5518 6328
397 8771
271 7625
662 4520
44 1356
2879 3854
9565 9681
4861 5817
3778 8981
2824 3456
4244 5106
3007 9088
5636 8730
1729 5603
9511 9689
945 2555
104 5288
7995 8542
920 1574
2365 2748
3919 8164
3411 3417
1881 2248
765 8106
6999 8397
2892 8221
3834 4806
4750 5166
3524 3779
5306 7393
507 5159
3105 6033
1005 6815
8757 9693
6809 7842
4034 5349
4473 5116
4446 4636
7423 9085
1105 2181
4701 5732
7800 7992
1795 4056
3702 5753
817 5516
6486 8066
5819 7530
8223 8270
655 6591
6651 7106
7271 9976
3857 4083
2072 5265
1962 4678
6357 8974
407 1854
720 7917
67 1024
9450 9707
9070 9535
4202 5478
2291 8004
632 6574
7386 8012
3328 9895
1507 2189
6391 9136
9076 9904
7874 8582
9483 9532
3278 9102
9526 9594
2706 2762
3399 3416
443 7934
1330 6687
6852 8372
92 2749
4715 8301
6896 9508
9722 9983
2931 5831
409 6701
2215 8479
7282 8850
588 8158
4084 6642
6924 9291
3884 5999
1982 5439
4383 6014
2800 4591
9189 9706
3375 4964
5336 9477
656 5433
1205 6570
2078 9117
3801 6330
974 8435
4029 9653
4405 6025
3294 5977
9242 9605
9230 9686
5983 8097
2882 4285
2369 7851
1340 4568
8881 9334
9318 9408
9777 9988
9695 9773
4760 8380
806 4190
491 6292
7332 7694
8199 8788
1123 2103
7731 8514
2133 3805
2306 8883
6128 8578
1635 5035
680 1667
186 8636
6247 7363
9492 9648
6801 7870
6286 7478
6470 8602
2175 8177
9746 9968
367 7127
1850 8920
1288 4699
4936 7167
2106 7485
4113 9655
364 2822
340 7011
4368 6864
8857 9058
581 6800
6549 8755
4865 9380
5670 6610
3647 9385
884 8437
2620 5884
2612 4379
4707 9612
9092 9404
5437 8336
6987 8739
4276 9756
771 3369
1830 9400
7283 7561
1115 5582
8124 8917
1573 2910
3856 8690
1919 6301
5049 7313
2371 6547
6998 9394
6049 7409
8146 9542
8047 9206
7404 9060
1355 4393
9252 9598
3473 8820
4230 5392
4523 9139
2856 9277
4562 5620
1711 9104
9357 9759
2170 7274
5417 8651
7528 7555
6672 7176
1581 5721
3855 3997
1485 4874
1759 7204
9216 9843
220
8288 8248
1235 75
4885 518
7807 4253
3480 2483
7726 1430
5713 815
9274 919
7187 6268
6857 2370
9440 7825
6970 5413
1089 108
9019 7427
1570 949
7185 2535
609 42
2676 1756
7774 1350
8545 8220
7419 6174
9057 1289
1298 207
9491 3147
1882 634
1303 51
4903 2685
446 287
4068 3548
4782 566
5443 3006
912 510
5897 5561
5878 2249
7687 4546
3350 3078
556 153
4589 874
6550 3634
3498 2414
5921 2216
3424 1070
5515 4696
3086 2349
1897 1249
5297 1788
6450 1333
3260 1183
2899 366
9443 2079
3615 3051
2127 796
3333 733
250 22
6885 4171
6941 370
3572 2689
6249 3074
7369 5750
7022 3387
6561 6472
4789 3664
1754 412
983 119
4079 420
9643 6505
1022 322
3920 1639
4036 1400
9527 7730
3076 2077
5286 1200
7178 5539
7763 7330
3052 2736
7211 3727
1763 272
2474 887
4835 1173
3355 721
305 167
9924 9355
6517 6421
4876 1678
4456 915
249 187
306 27
3618 1976
9774 8695
9100 5129
7281 353
4081 3090
6055 2845
3205 676
4644 3959
4817 4351
6320 1142
2834 2289
4899 791
6856 2662
5456 281
1566 1283
3226 1131
8973 6003
4266 3541
90 34
4731 277
6329 5558
8289 4703
1817 1482
7027 5245
1512 657
3705 1184
5757 1503
8153 4675
4661 1910
1395 1020
9354 7595
5006 4804
2872 83
3133 486
4634 3721
1438 144
3232 1361
2841 1167
7024 1349
504 218
7484 5702
769 560
6093 1252
6615 2032
7893 3425
1582 988
68 50
6858 1926
6039 1364
7328 6499
5101 3558
2906 1888
799 289
2191 1883
1560 1304
3892 2239
469 282
7804 5860
4991 3836
7249 4211
2433 162
9407 4261
4303 3835
7128 4819
1040 103
7195 235
5804 1625
4982 2422
5468 5289
8761 4779
1769 100
7329 2256
9687 4331
8876 2318
9570 956
3807 1907
2359 1693
8259 2651
2588 2578
440 424
9094 6649
1323 586
4683 2514
7133 6211
1737 47
7865 5177
5450 5075
5352 2102
4651 1785
5407 666
115 76
5958 202
1381 416
4514 2047
2478 1524
9709 5706
3841 658
2069 1336
9559 2398
6548 5118
1417 526
6758 1101
369 133
9279 3551
430 32
3208 2061
8425 5300
5808 2098
3326 3083
7447 5779
8211 6540
6185 1779
9550 453
4148 2967
1523 136
1848 710
1846 1535
1809 546
9232 3290
4054 3581
2446 2326
8281 5502
618 398
6430 4160
6862 3675
6755 1221
6338 4809
9035 9006
33 31
6594 6052
360 342
6340 3364
7679 307
