966
9252 9260
3098 4014
9418 9678
2520 4875
7105 9315
5260 5510
4898 7341
7701 8556
2778 3916
7418 8916
5668 9017
5340 7595
9822 9993
1738 8552
6132 8170
6614 9445
73 7698
8322 9174
4464 8405
4732 7644
2956 7037
6771 9595
736 4043
5005 9457
2718 6660
451 3852
5055 7450
1793 8711
8030 8433
4649 7060
4148 8117
4806 5741
1515 3798
6536 8442
7944 9999
6190 8854
1213 2048
2876 9040
3328 6094
654 946
3397 4977
5683 7093
974 9557
3787 9800
3183 3762
3596 8818
41 4950
3908 7962
5069 6446
3357 6576
1752 9102
6370 9729
4036 8869
118 1356
1637 2733
6670 8446
7382 9885
6337 7911
6281 6665
9026 9956
6227 7578
5962 7581
5109 9446
230 9617
8748 9583
5384 8126
2832 5865
2788 4914
1824 9984
4209 8848
6474 8343
294 8200
2204 6372
5455 9996
5573 7168
5731 7411
6764 9200
7174 9333
2698 5165
4471 8638
9199 9242
5946 7806
9528 9793
970 2099
3229 4902
2013 8570
8009 8426
9799 9903
2428 6429
2749 5279
7348 7565
5739 8408
9513 9974
57 5239
7781 9538
4592 5445
8146 9812
2259 6692
8982 9225
2765 9034
4896 6263
6128 6506
9449 9915
5164 5938
6577 9605
8284 8564
5410 9241
5974 9855
251 9633
7036 9697
7198 8183
1889 9327
8566 8689
568 8118
6651 9008
6526 7182
6266 6802
1543 1556
2448 2812
233 3744
9380 9552
2590 9610
3498 9169
7176 9206
3439 8769
7625 8464
8066 9124
9063 9970
3212 9209
2662 7746
2302 5762
8350 8447
8611 8641
6451 8917
8495 9320
8309 9071
309 8950
4814 5791
729 5390
8359 8753
9602 9648
9740 9772
8990 9305
8877 8923
7863 8685
8067 9694
6972 9379
4292 9039
7147 9649
2908 8896
2988 3771
4642 9488
39 7210
3785 7384
7067 8602
164 6225
3129 3887
3239 3525
2068 6374
8768 8973
4566 6870
5594 9529
7009 8122
6048 9977
5847 8242
9468 9546
1616 9258
7308 8052
5149 9492
8892 9118
6209 9894
9067 9849
8660 8943
3989 7244
5855 8318
8320 9323
5295 5968
9498 9890
4374 6969
8631 9762
1451 8914
839 9088
7917 8941
1185 2492
4413 5652
4734 7410
3364 5608
1821 5329
2632 9520
9450 9625
7391 8811
2645 3195
2208 9788
7830 9913
4843 9944
79 9123
4761 5892
1649 9409
7002 9847
1177 3481
4880 8744
8437 8771
5816 6654
9960 9992
3740 5391
6146 6727
5299 7569
1313 1971
5858 6463
312 5602
1845 9851
9480 9934
1562 7601
2156 5180
1987 4997
6961 7961
1219 3371
5540 8025
7532 9882
9988 9995
1461 7166
9490 9559
439 2735
7139 9035
4487 5883
6935 8377
5330 9002
8182 9138
3266 5121
1102 1619
6472 7519
2007 6885
3234 7275
6537 7430
1265 6755
9142 9474
6971 8489
5589 7778
9608 9682
9317 9687
4904 5869
4556 9279
8033 8073
9194 9607
6023 8603
9278 9893
7456 8764
276 7538
3222 6931
7787 8752
1974 9069
4139 4185
4883 7528
4358 7924
8675 9526
6854 7081
6437 6825
6676 6926
2036 6001
7772 9871
2162 2397
8928 9572
6814 9515
8593 9712
6504 7322
7873 8040
1126 4983
2724 3228
626 5849
7813 8613
3873 7301
7661 9090
4857 7008
6649 9149
1045 2630
8600 9133
7123 9698
1570 6708
5151 9376
1601 8487
1456 8829
9975 9982
8516 8693
327 7395
1798 7628
326 6344
1244 6008
7425 9160
8809 9813
9296 9701
3730 8084
4012 7499
3653 6122
7551 8194
2490 4538
5704 7260
5651 7570
3221 4344
5616 8087
7304 7536
3164 7627
8773 9243
3080 7364
6045 8700
3641 4561
4691 7290
3844 7028
3402 9955
994 1691
2378 3885
4100 9792
3107 8372
7118 9491
8335 8401
5318 5863
4181 5497
9669 9714
7719 8521
234 2842
7607 9906
4056 7084
8793 9664
2389 6090
3514 5204
7637 9598
2533 3322
1857 1986
3199 3810
4823 8367
3275 3893
5600 7585
4060 8346
6030 9863
7055 8966
8727 9127
5254 7690
1940 3530
657 6758
2183 2943
6140 8020
6184 7344
8376 9987
4172 7035
4869 9236
9809 9888
5361 7501
1877 6827
2657 3270
4369 5132
7040 7796
2497 7795
8224 8569
6245 6637
894 3647
7403 8470
3486 6874
5418 7684
2278 8878
8380 8691
4274 9574
9100 9859
3751 9332
4864 8754
8455 8559
4466 9887
4497 8680
4260 7444
1067 3288
4745 6977
855 3655
5768 7915
5301 6675
6770 7808
6899 9298
7537 7849
4872 9497
4940 7351
3604 6044
4810 6812
1263 2626
7171 8184
3263 5941
187 2628
8666 9621
6307 6750
3912 8969
9091 9312
1430 4513
2495 3907
4015 7606
7221 7981
8659 8779
9919 9947
8158 8787
1019 3795
4265 9191
3432 5835
5854 6941
8868 9708
3786 7945
4330 4433
272 6786
3325 7306
6217 6528
2851 8374
7346 8704
258 5833
1166 8646
5206 7038
3521 7136
8271 9231
2845 5082
1272 9858
322 5646
783 4218
3577 8907
1695 5280
9051 9383
5790 7011
1681 5283
5685 5984
1726 9568
8500 8548
2294 2949
2329 5653
1034 4104
8933 9532
6881 8178
940 6507
6853 8616
4498 7985
8582 9978
9838 9942
3537 6918
6516 8776
232 5210
520 7469
4290 7822
4678 4858
3131 9443
9020 9696
5261 9765
2716 7318
1520 1700
3054 6523
9784 9821
8803 9575
1731 9082
2187 4867
5359 6150
2711 9424
1151 2113
5831 7155
7268 9500
6956 9817
3441 3612
7480 7666
2237 9632
1167 5909
7133 9877
3679 4590
6273 7265
6888 8945
2803 4472
581 925
8461 9739
9000 9493
2331 6955
6131 7898
3631 8051
4411 4555
305 9630
4121 8046
6549 9399
3540 5328
1186 1222
8328 9078
197 7923
2435 8898
239 7302
554 8851
1866 3579
1580 5748
3905 7992
1094 7044
3732 9286
1141 2971
1998 7834
9727 9803
3507 6919
6168 9721
7488 8134
6816 7110
4888 8443
5676 7954
9166 9753
5412 6079
5983 9819
4789 6503
1485 5995
2336 6476
8524 9198
5420 9935
8468 8964
188 7083
3663 6452
5200 6951
1766 7307
4418 5146
8240 9226
7462 8979
9246 9462
9322 9328
8571 9654
4747 6199
5440 9465
5956 9345
8241 9551
6757 9203
6362 6901
2177 7556
274 4469
9766 9870
920 8645
5090 6597
4449 9157
8980 9085
514 8970
8415 8794
6238 8760
1634 8607
106 7449
182 4093
4126 4447
2315 9050
3134 7858
158 3069
7273 8075
8937 9656
6958 8576
1606 3203
3681 6070
4455 6882
5449 7162
51 6962
8728 8911
9388 9502
2072 6487
6642 7614
426 7061
5160 8888
5351 8627
3349 8915
4684 8162
9742 9837
895 8060
9926 9951
1072 8957
4423 4639
9150 9207
4080 8828
8824 9754
9012 9943
9144 9221
7829 8279
9352 9426
1569 2795
5994 8958
9907 9969
4278 7199
7757 8261
8188 8554
3819 8673
5364 7512
9731 9773
5861 9436
5922 9541
2672 3837
2023 3039
6832 9217
6831 9505
6587 9484
8274 8512
1386 3230
1003 5590
5779 8054
2967 9115
8654 9287
5395 8080
4730 8270
4564 9389
4873 5051
9805 9864
4191 7158
1820 4046
1138 5238
4844 4969
5441 8536
6685 9674
8370 9979
5394 6335
1140 9294
7181 7620
8027 8159
8629 9378
6395 9831
5890 6754
4118 5619
2136 8092
6794 9185
3960 7017
2653 6381
4049 6778
1231 3138
7226 7279
1193 6398
5255 8539
304 7238
2307 3472
5451 5564
9331 9518
2172 6648
6207 9994
334 7433
1768 9795
758 7276
8347 9747
128 3036
7286 8001
3742 9120
1162 1455
7097 9141
8410 8895
1673 8397
1744 6496
110 2500
5867 6401
964 5947
83 6783
7647 8180
8197 9591
5074 5527
4269 5199
8172 8245
6438 8409
2409 3945
3776 7629
5609 5775
6164 6201
3777 7458
6973 7648
5050 5672
6964 7108
145 8400
7936 9074
593 8757
3329 8667
9429 9548
2901 4430
1339 1459
9466 9751
812 4694
4169 5207
4321 6351
8384 8568
8262 8924
4895 5217
9392 9889
9883 9904
1807 3544
5183 5795
6733 8104
4405 8532
2456 9293
8265 8287
4429 5788
8795 9509
3272 8781
1818 4778
3994 4937
2005 7868
1736 4616
5378 8332
2897 3223
2026 9715
1960 8733
2914 9119
4414 6743
5751 7513
4735 7710
7996 8622
5702 9453
3793 5356
200 1026
4945 5274
6865 8579
761 8544
6925 8053
2586 9769
9873 9920
1349 5145
6677 7782
3678 8189
9219 9355
7645 7901
7793 7877
7754 9043
6458 7539
7855 9093
4110 5611
4095 9713
8458 9657
3478 5089
6979 7287
860 2429
9361 9372
3789 5392
2381 6638
3694 6963
2761 3957
6442 7897
223 8161
7163 7740
6826 7584
2060 3853
403 1525
8467 9949
3632 6627
5992 9748
6704 8658
1452 2555
6290 8344
1609 7321
293 8940
4258 5170
1450 4909
1827 2345
8003 9705
2195 9931
6287 6404
5411 8263
3987 6338
9844 9946
4758 6673
7063 7076
1474 3743
3705 6046
6198 7282
7124 8575
4573 8254
7371 7736
2466 6744
7957 8290
3718 7419
2211 8321
8547 9351
892 2267
6300 8620
9367 9785
8687 9567
4477 8905
3879 9824
4373 5750
4892 7165
4261 6319
6328 7514
1550 3437
1628 6176
6202 9953
2745 2833
4349 6892
5287 6957
9472 9475
8546 8821
3747 5595
4706 7688
4071 9440
5726 7929
8185 8453
6761 7490
5135 6492
8358 8906
9832 9891
2082 5479
9862 9932
7925 8938
2659 5642
5405 8789
891 6840
2837 5980
2400 5450
1110 7151
214 2892
2441 8956
2676 4201
3529 3535
7377 7883
7045 8141
5656 7125
222 7737
5100 9403
6983 7705
7582 8207
4998 5774
8325 9414
3802 4664
6279 9025
7591 8865
9616 9626
1066 8089
1981 7931
7696 9397
8634 8897
6894 7334
2337 8382
4231 6741
5375 5452
9806 9948
1771 8303
3716 5629
4188 9477
1848 6239
5184 9022
1449 2609
3427 9186
4845 8475
5618 6893
3385 4490
4312 6970
366 4859
9986 9991
1993 2112
991 6968
1578 8788
1135 6295
5634 9599
5009 9833
7345 7455
1439 4372
15 1236
4135 6461
4958 5688
3727 5973
788 4213
7972 9216
1306 2815
4333 5058
7630 9743
3210 6453
1028 6759
2433 5070
6512 6796
8023 9603
8601 9676
5542 8530
5231 9195
5891 7059
780 4488
2241 4021
9794 9928
8488 8697
3635 7899
8538 8595
7762 9470
3428 8679
7180 9629
7573 8863
1381 5223
7233 9673
9836 9848
7254 7797
8275 8726
3460 7486
8212 9249
8139 8293
7201 8712
1022 7769
7638 7798
8249 8520
4826 6057
1454 6221
4838 9117
7860 9175
6467 8216
4396 6434
923 3970
3450 6594
6096 9613
6890 8032
993 3549
8484 8708
8264 8319
2405 7305
175 6934
6505 7208
4199 7270
6157 9504
5258 6375
467 8799
7712 8017
5718 9325
6515 9159
7065 7264
3068 7958
8311 9360
748 4351
2913 3526
4540 8131
2526 5133
1717 4583
9106 9396
429 811
9021 9486
8416 9683
2856 6234
2852 6297
9158 9835
4008 4547
3975 4289
1326 5614
1643 9250
1934 6589
5555 6950
9623 9952
3659 6662
7376 8783
5612 7673
2750 4982
4499 7977
5012 6713
3723 7699
1973 3761
9937 9990
3830 8456
4539 7349
880 6740
671 2361
6413 7387
6106 9706
1157 9105
2757 5416
7154 9364
2652 3261
711 7262
3839 4651
8683 9866
2983 7087
2418 6595
6396 8806
8819 9615
9266 9690
803 4622
3662 5115
6855 9302
9734 9964
6424 7099
4437 5655
3973 5128
3749 6791
1392 6124
1932 3392
5388 9451
982 3172
3796 4819
2084 6468
8640 8798
700
7292 1132
2962 2884
5840 3297
7169 1123
4623 542
8722 338
714 24
5381 4889
6289 1791
2741 1435
4010 2192
3682 2215
7100 840
1007 370
415 3
2121 1701
3646 1208
8525 4316
2923 1385
5644 2040
9358 1721
3400 2085
5448 4252
1574 1029
4328 1523
4957 4229
4141 1337
7856 2398
7914 3029
2643 872
9024 3071
3884 492
651 199
3113 2827
8894 7561
9618 5063
5393 5049
1537 718
6529 728
6349 6084
8465 8057
4165 3708
457 139
8388 4828
9968 564
4633 2078
7407 6240
3310 107
5108 248
6286 399
1705 240
656 582
5899 4839
3307 834
4916 2531
3458 115
2031 1991
7149 4988
4877 951
2491 380
3082 2502
9223 6995
7007 5338
1476 766
2463 1672
59 23
8855 8063
1225 479
2618 1895
9188 9161
1051 663
6448 5532
7953 3076
2194 1631
3316 2053
8339 856
2781 790
5971 988
7214 2929
3523 391
6411 606
2593 424
3988 3384
4817 1187
4813 1362
1903 100
9600 4522
6053 3865
4162 2796
7285 4928
7988 6583
5747 5593
9340 4285
3896 2222
3494 2019
9684 1058
463 130
5900 2878
3158 2762
2896 1748
4256 491
2351 2251
6179 3085
6999 4870
1351 655
2578 605
9029 4666
6361 723
3627 1495
1393 268
6475 4347
8578 7694
2773 1269
1817 316
8651 8164
3320 1963
7104 5025
8636 7850
7001 280
1513 973
6420 1728
4764 1387
2818 120
7956 1115
9569 4751
7442 2835
7025 5335
7142 6330
8977 4673
480 448
2684 1242
1508 297
7347 2917
9581 7054
8214 7062
9681 6581
7667 3869
7467 1388
5546 2360
5875 242
3351 1292
4130 3860
4537 1092
3482 2800
1352 686
2220 1719
6543 3079
462 447
1041 431
8387 6702
2132 136
5118 102
3936 2548
4947 2930
3202 2281
9155 8383
6 2
2080 904
7654 7
1761 1013
8702 6511
6790 6043
6527 2655
4133 3932
6455 3891
173 13
7619 7436
1324 76
7196 690
4970 261
962 454
8398 2175
5373 112
3394 1404
6829 339
4773 806
6726 3005
2740 2286
7079 857
8088 5839
1368 538
7579 3968
2961 563
4894 3571
201 193
9908 8864
1205 17
1315 997
1184 55
1600 913
5193 1759
7928 1689
7190 6232
2214 1902
6608 3108
896 310
3937 499
2230 1699
14 4
9537 6880
8918 7613
9309 4228
5637 5343
3754 1775
8778 3315
2354 1727
6485 5566
1861 902
2116 995
1194 741
5894 2224
7679 5661
8160 4903
7086 822
8529 4508
6571 2415
1361 635
4754 2942
284 18
81 47
1397 534
8277 1142
8577 4403
3615 1605
5547 2232
5813 5232
7320 2039
2629 2100
7131 4569
7333 367
649 478
1463 882
3889 2029
159 124
4266 539
6869 6480
3475 1992
1865 1301
5966 5591
9534 7838
1769 1680
5727 2513
1285 533
2341 570
6363 5912
1968 653
8652 1248
2794 800
9818 4554
9473 176
8166 3757
131 8
798 162
1136 1017
8657 3713
7580 80
7088 3519
3814 3808
5960 2613
845 166
2242 706
4759 515
5211 69
4603 3985
2049 1770
6976 2423
2344 119
4619 3086
3735 2347
9065 6491
5906 5446
4614 1517
5325 3390
321 244
6423 3863
1237 645
4534 509
9612 4112
3602 3257
2651 552
8078 6767
9802 7122
1061 357
72 16
5242 4178
352 178
3361 368
3144 1615
4861 3791
319 249
6465 3072
4927 3959
900 64
7691 2916
8978 2614
3840 2970
6811 5990
3797 3192
3431 634
2151 1078
378 161
867 684
345 328
8045 324
3404 2444
578 416
2931 2297
1212 1077
1747 1582
3539 98
3317 2063
4886 3356
5927 4598
2181 1105
6006 3260
5311 827
7524 6388
2227 1593
7934 7228
830 600
7315 7152
7635 3553
5819 4270
841 35
6270 504
3904 1002
631 92
5537 5230
7622 6092
5300 3395
3426 1369
1809 1375
7234 5444
2326 270
4995 360
5130 273
8505 4991
9178 3857
2269 485
2577 2073
1765 295
6384 217
1063 699
7567 5091
2510 958
2148 1730
4679 3548
4660 927
7760 2020
6340 777
7354 1915
8061 2333
5699 3600
1101 184
9901 1554
7717 288
446 387
4683 3174
6550 1437
660 91
7299 2158
8875 5761
5889 1966
3165 1021
8336 7618
7865 2641
6872 2656
2861 1294
6717 3340
3363 2437
8121 3286
8719 6762
621 359
1442 613
3453 3074
8790 4305
3878 2270
8326 1533
981 34
2688 977
2303 688
5643 5266
7027 1037
6186 4282
7801 6585
2427 1357
7729 733
8273 8198
7608 4952
9132 8086
3546 2746
6954 6170
6989 5331
4019 3016
3196 821
3424 3276
5159 4625
805 135
2166 1856
2392 680
5809 1230
9967 1627
1125 801
7367 6257
3977 220
1879 483
8074 2443
486 54
4972 2042
5354 4050
9512 9187
4692 4309
1677 562
9779 7575
9872 1996
5662 1483
7243 5276
9362 2440
4123 3373
861 315
6228 236
4617 3556
9547 917
3046 2150
8480 4160
5466 3616
6666 6156
6103 5822
5789 1256
7553 1396
8266 815
6142 1742
2250 802
6305 3442
5732 151
4743 2843
4924 2674
5134 1286
5658 1975
2990 2574
5080 597
959 143
7908 7527
8229 7979
2332 2254
2853 203
6980 5023
8177 2860
3412 3232
7427 1581
6133 712
1276 61
1894 916
84 67
5498 672
8282 2982
3866 3454
9092 7204
8763 5604
986 781
3220 1405
3211 1645
4094 1612
1367 745
5978 4966
2953 1330
942 420
2470 1087
6387 2210
3766 134
2390 1382
8029 5543
3773 2925
7742 5530
1447 1407
5302 2451
2789 2038
3440 1511
7012 2283
8419 879
4949 1935
3175 675
2855 1825
7050 5866
5045 3778
9643 4912
4484 1493
6371 196
219 202
6942 1829
9428 5078
7989 2263
5162 2308
3581 1011
9037 938
6661 6326
1571 45
4045 1251
9373 4376
6050 3139
9089 3511
1297 404
7394 2721
6562 4585
5477 3868
759 243
4933 1171
1289 1048
9650 3847
4503 4283
7242 6775
1773 1192
8557 2318
6986 1683
1882 121
9972 3736
4057 2680
3675 2692
2799 1962
1487 719
553 488
5581 383
9425 7731
466 396
6419 6283
210 58
9145 2273
1763 1195
4342 2077
2024 264
4526 3941
7599 7443
1182 152
5607 1936
1563 1040
1709 1551
3271 2446
4654 4196
1755 531
7401 4841
9211 4144
4354 869
3387 3355
6353 2129
1234 308
4251 2413
7722 1235
5563 2512
4106 2517
9916 25
9232 6272
9494 6842
5842 627
2705 1318
7356 7295
6952 1005
9368 2542
4028 1202
3542 573
38 12
472 165
8630 320
8770 5235
1607 887
5850 2475
8511 6269
7943 1147
5087 441
3407 610
6686 2966
7058 4688
7650 3672
5120 4769
2457 1805
1440 905
2046 212
2179 388
2547 673
155 37
8705 8285
5124 1567
1946 1663
4550 1526
8503 6959
1394 427
8988 7029
3207 2713
8196 6399
2394 205
6060 928
6355 4739
9343 7509
8312 2564
7987 2969
874 225
4422 2348
585 303
6943 2607
8750 8218
9562 3825
6169 3961
6119 62
8231 3379
6197 5615
2697 1373
8751 8132
5158 2382
3901 3075
5428 4253
5950 2292
7023 5060
5601 4954
9321 1201
8316 4242
3570 257
7215 883
2805 2355
8716 2817
580 329
9531 591
1674 1255
3126 52
3063 2729
9985 2976
4528 3774
442 5
1153 547
4273 1780
9645 6629
5245 809
5926 2076
4529 3376
7220 4563
7240 2338
1613 353
8021 1933
6214 5458
9189 2921
9139 7454
2830 65
7031 4668
7664 859
8221 6593
4941 3321
2472 778
7633 5192
4519 3157
4407 540
3624 1926
4700 3278
4663 1614
1342 926
3446 639
7516 254
2430 2226
2298 1892
8418 2191
2376 392
7380 2296
734 732
5936 1288
9854 1803
9269 7515
934 440
5942 4494
1611 1172
4604 1549
7887 6083
5951 3572
5523 3020
5485 2649
66 26
2787 2660
1690 1217
4492 3240
9015 990
7854 4214
7459 6310
6379 1457
6360 755
7937 3293
6054 2087
559 281
2110 2064
3580 283
7398 3984
8876 3389
6151 3294
3052 2689
5771 2231
5247 3166
2203 524
4452 3919
3628 1878
6220 4543
6301 1084
137 86
616 168
213 144
2663 1897
