67
6441 8009
1565 6469
9571 9821
638 5608
6087 8893
4905 9320
4311 6098
5089 7343
5265 8875
4725 9047
5849 8692
3267 6671
4568 6086
7066 9344
800 6659
1809 5133
2178 9765
6737 9728
9742 9753
1018 8950
4172 8261
2868 4364
7765 9924
1055 3002
4145 5786
177 5660
1000 8472
1847 6169
897 5241
9315 9612
9048 9928
1553 9881
215 9482
3119 9086
1182 5846
4244 7304
4184 9235
8978 9204
224 7691
2234 3371
2277 9910
5918 8471
2504 8592
1527 8837
9158 9307
6252 9463
6467 8316
456 6438
9992 9994
6598 9793
7783 8337
5491 5937
1057 9342
6734 9461
8993 9806
2917 5686
735 6790
2751 9032
152 4676
9818 9868
1385 3422
2638 8499
6279 9733
1535 9372
3087 5691
8169 8870
9484 9726
164
2348 41
9675 6233
7535 6601
9064 8795
3943 862
3388 183
8453 8325
1288 1238
5794 4273
1882 1128
283 120
2176 1848
9177 6167
8963 5822
6491 374
4058 1585
7704 2757
7460 6357
6269 6231
7859 7810
502 172
2647 1951
277 260
6033 2887
7140 5221
3917 662
9518 8008
5255 2818
4906 2324
4012 1143
1009 961
1915 1766
1065 659
2065 1436
5606 3855
2239 702
3979 1054
4005 2380
8038 5194
3697 206
5530 3178
3856 2309
5861 3194
4914 1717
6099 5037
9392 6675
323 126
7914 603
4752 1759
7669 3050
1525 87
3524 1621
8266 8003
9267 6238
2295 1581
4358 1728
8310 1344
1165 968
9483 7136
3054 337
6858 127
2828 397
7475 2592
2548 2371
529 391
553 305
8784 8551
7000 6060
4602 547
5490 4474
6333 2536
1952 282
8657 7689
692 406
2634 2105
9586 6028
7417 2669
5015 1093
8159 8143
2369 1367
5014 2053
3901 1916
1080 883
9293 3289
674 621
4850 680
7594 5150
190 111
5712 3471
201 46
3757 3313
381 310
8660 2780
6446 1079
4830 2087
5726 3325
3609 1739
9848 8773
7756 5122
3924 532
4544 4461
9430 1550
7573 3997
147 26
5447 24
7311 484
9769 2153
1342 943
7492 4750
7905 5973
5581 4645
1380 806
6878 36
4520 839
8492 1738
9020 7071
8579 5767
318 309
910 218
5108 3990
2097 74
2639 632
3740 2199
822 166
5200 3983
8890 6288
3795 1116
6072 5503
6135 2301
6415 1311
4521 742
2630 2206
3489 48
2037 428
4800 2970
2807 2187
5307 3304
3831 511
415 401
2272 939
7614 1643
7320 859
9057 6382
9381 5096
5994 3415
9050 4531
1470 379
6368 2786
4511 2253
2154 405
5999 3478
8618 7171
68 52
5267 4598
4385 3460
8170 3775
5535 4546
2242 2120
6275 2976
3066 873
1594 551
7409 100
9124 8555
8257 2397
