153
4582 7897
9 6461
8607 8849
3823 6546
92 2913
7901 8094
1089 5572
4327 7988
7576 8319
8561 9797
4640 6919
3878 9679
7071 9680
919 5418
3629 5164
6920 7218
9685 9829
7301 9250
3520 6468
2420 6245
9072 9167
8881 9625
4652 7963
657 9623
4143 8788
1424 2005
434 3194
8547 9375
6693 9397
477 1968
6963 8968
916 5630
1074 7711
7314 8452
2109 5010
4229 4995
4237 7428
941 5131
1097 8743
6136 6840
3679 6958
6545 6658
2537 7372
277 9083
96 1030
59 9934
7127 7703
8812 9454
2474 7671
1499 4380
1555 8684
2437 5269
2721 7978
4220 4922
7856 9941
3522 6066
7863 9385
8250 9986
2748 8893
5214 6282
8100 8846
1075 3235
2555 7418
9018 9308
280 4423
577 3196
8633 9368
7393 8879
2977 6018
127 3387
2685 9632
3144 4357
5160 6670
9936 9982
7732 8973
2112 9228
3392 5237
9139 9977
4567 7974
918 6373
1709 9575
7366 7586
8159 8873
8308 8693
36 689
9584 9851
8957 9064
8927 9626
3101 4178
3382 7936
9543 9788
3192 9564
6954 7754
9508 9970
8309 8721
3040 3991
1295 1793
3646 8477
294 1168
9067 9826
6976 8851
2868 4500
9728 9756
6554 8105
8929 9929
7560 9012
9638 9958
701 5360
2476 9123
4823 9327
6402 9991
1291 2211
29 7483
6641 9766
7551 7893
1069 6222
9034 9902
5489 7164
1453 1985
4850 9538
2428 2751
8630 9552
3840 5983
129 7345
5801 7750
1419 2587
7479 7788
4781 8611
9152 9432
6561 7946
1145 1805
8535 9989
5276 6672
8436 8700
5236 6892
9361 9425
8024 9598
1259 8092
6968 9205
5209 7542
1248 3832
9485 9765
3727 9746
7931 9221
1917 4208
8206 9442
7440 7844
6163 8877
9722 9803
3185 3848
1218 6800
5694 5706
3000 9370
931
4042 3582
2463 2004
2381 1104
8500 2808
3496 3082
4149 2795
5538 1502
6699 1659
3051 619
3358 921
5066 4166
2170 150
6340 5197
5083 4060
7339 1782
2612 2107
3752 2223
7188 5768
6569 742
7682 3575
2959 1818
3296 1874
3635 1980
6356 6139
1512 314
33 31
6814 5271
7357 2842
1193 55
8507 5619
6515 1637
4792 1263
2616 1198
8298 3488
135 60
2720 437
2017 310
3583 1792
4816 677
1803 1599
8579 5309
8067 841
9408 8421
8268 3470
1860 672
7883 2826
798 468
6395 917
264 157
7779 5827
94 70
982 141
2946 8
1817 257
4509 1329
7133 796
8666 5404
5381 4866
261 224
631 482
6201 4033
9316 7610
9519 3680
2996 2397
3970 1219
145 132
9107 5184
2694 2468
3942 2778
5601 3092
6308 6292
5425 2955
5772 5440
7384 5405
5159 2051
5953 3173
6105 559
6951 1468
2733 665
9712 1535
9616 2847
2262 1852
1120 975
3951 661
8327 6761
5865 710
1211 622
847 654
7266 6281
9027 3363
777 208
8118 7609
6522 3341
8207 4244
4950 3318
6034 5762
647 248
8463 1395
6929 5389
3011 2291
4184 1575
5596 1635
9786 5143
7374 5680
3884 2334
6877 3278
6994 6894
7285 868
879 461
9314 1405
1823 666
2525 1399
6266 5067
6534 1628
3406 2658
410 140
9494 3675
6216 6185
9032 6807
9785 3067
5544 3907
3360 2492
438 306
8220 7068
5707 4938
7304 4126
6686 4163
252 180
5249 2625
983 52
6947 3512
8144 2859
1032 214
7089 5268
9436 6370
9162 9082
1780 405
2744 652
4626 4622
7297 1338
8844 234
6119 4128
6667 3483
1569 1054
3616 2368
6949 2954
7889 6995
1763 1702
1633 650
7017 1290
626 40
5606 524
7899 4091
9449 2867
4678 1297
6482 2473
173 30
670 520
5407 3788
4275 1008
7291 1873
1117 593
5158 3238
7934 1510
1184 673
6709 942
4921 1624
8548 8023
7785 236
3013 1940
5202 3590
4315 2275
7124 5109
7985 4221
9718 5919
9025 2889
6972 6697
8093 2440
7874 7731
2968 345
8855 5669
5912 1501
2145 927
7149 6384
2777 2037
5196 1103
3670 978
6855 2047
1920 1469
9043 1119
6218 3479
943 758
4461 3738
5368 3183
1494 944
1842 1748
192 189
6866 4194
22 17
2073 1726
3036 2246
8842 7928
2021 820
4695 4241
3243 218
9915 7679
889 231
8353 7780
9063 6834
6789 4120
8762 1319
2401 489
7346 7091
547 522
7613 5116
9606 3346
6406 4335
3198 2656
3853 2422
3598 1615
3362 2630
3283 1005
7872 1647
9275 3459
7144 5058
928 390
4617 1400
254 11
202 178
413 160
8514 7556
6250 3391
1177 698
2699 1781
289 155
6787 1220
686 335
3525 605
98 57
4051 3757
2087 638
2545 1590
6882 1950
3552 2106
4525 2543
5990 4446
4556 1196
3175 1785
4755 2680
3562 1776
3867 1367
8226 806
432 271
7324 4730
6411 4467
2991 945
3097 2315
7292 4375
5032 68
2409 1388
9040 8523
8418 5659
9421 8805
4260 2221
4172 1911
1854 836
9239 7524
9569 8976
7441 6610
116 12
911 464
2674 354
4529 288
1228 175
6742 6159
780 467
7139 6889
138 19
8485 2193
3728 3619
2623 88
2497 125
1099 117
2918 2177
4855 2864
244 232
1522 597
980 77
9195 713
6660 5543
9953 2154
971 755
2869 542
518 258
4092 2341
398 203
8034 6932
4053 199
3098 1631
8578 5748
948 539
9132 4704
2435 2078
5245 4973
1043 870
5133 2031
4878 167
8827 8789
7394 4769
4443 922
240 91
5587 3518
3276 2783
4801 2354
8910 5966
6766 2294
4282 3958
2814 1337
5936 3206
9900 7096
3125 1192
9117 4368
679 594
1916 353
4329 585
4788 4068
3778 221
1216 81
7178 1012
8045 3064
1641 23
7048 961
1098 1085
1821 342
2714 828
3995 267
1072 808
7958 3829
6948 1898
7633 1213
8886 575
2711 1042
5191 3342
9533 8673
7331 1827
2575 1826
1996 765
6177 2662
4663 4407
5811 4383
4459 3509
1796 692
6003 188
5317 1404
8883 3912
6120 2265
5437 143
1456 964
6350 2216
4451 112
3336 2273
6925 4602
5092 4064
3324 3042
6389 3957
8386 1465
5416 1159
4671 1959
3928 2387
6380 1563
5128 4422
2666 553
1415 1002
7933 1328
705 564
2706 1102
3579 3400
2828 37
8157 2901
7905 880
2449 1538
9014 8132
7762 4887
6773 2183
3577 676
7009 196
2303 815
7208 6828
6694 1393
1832 649
4686 338
6665 6526
6231 749
8829 3609
7138 5078
2304 1163
6202 1910
7293 4732
2306 198
93 58
4273 1487
5773 1521
6599 1241
909 265
5307 1484
5036 4797
1695 253
5880 3378
1029 443
1551 483
7276 2491
3298 2034
2603 1288
2863 2190
1036 589
7597 6782
9634 2639
9355 3553
3457 1309
5754 3290
6297 4394
2248 435
4932 1925
9650 7681
788 535
8553 6360
9497 509
6425 5031
835 291
1848 1600
6647 3896
3365 3006
3610 1903
7263 4512
8821 7223
9723 4624
8314 8234
4917 4587
297 130
8311 3898
6501 2670
3918 3631
1585 295
5816 552
148 84
9416 5814
8222 5945
2763 273
6055 4291
1671 497
600 496
4783 2062
4648 1496
2567 634
5354 1750
237 190
7333 3841
8152 6991
5073 1952
8125 2460
5553 3822
4288 3916
5362 5352
4563 1765
6682 3248
7561 2255
3501 2128
2347 972
6215 778
2144 565
1473 852
3429 21
8352 2788
4806 2482
6024 1681
9435 4842
7116 2923
6595 2521
5148 3537
3190 123
3179 783
6662 2501
4205 956
617 388
8451 6168
2921 1255
3850 2332
6232 903
8822 3797
1572 548
521 139
6144 4235
2434 680
4185 1759
4090 2079
7031 1892
1597 200
6315 6052
8204 3286
4665 1391
9030 6916
3335 1122
1623 272
997 106
2163 2117
4125 4005
1816 307
7001 2191
5806 1591
8708 7130
9620 378
7429 1413
7821 7154
7040 1370
9654 682
194 44
1973 1619
3295 1166
5879 171
6432 4298
1156 46
8589 442
2668 99
6130 2218
1324 829
9864 4087
9076 2295
7814 4604
4736 2010
8315 7102
2313 1643
1540 774
8605 7514
5208 1995
3124 907
5456 1016
8104 7649
3329 1343
3702 890
5465 3777
3503 740
7519 4223
4494 422
2880 1165
6934 2641
950 87
6022 5325
6058 1957
3246 2801
3988 1991
3654 2876
9988 4873
6977 4296
6345 1022
8979 7630
527 329
9364 7769
867 754
2247 873
3043 2519
9414 7660
1503 737
697 538
8136 1773
6705 1830
3723 1009
8102 7128
8083 103
1081 530
4949 4405
5791 2140
8518 6551
2459 746
7390 1450
9366 7515
1636 486
4777 2055
1663 760
5526 368
1890 243
8026 5745
3681 326
2811 1728
1613 1330
5763 957
588 201
4770 1735
3735 3240
5539 2807
6433 1667
9578 6483
7353 4440
9233 3271
719 283
9393 4778
9777 4800
8488 3445
7770 6955
7332 6592
5523 63
3779 1058
5697 5333
6702 2171
4410 2589
427 239
5943 4988
5666 4107
7768 54
756 711
7998 5176
168 128
7389 2994
537 499
4531 4264
4179 4165
1580 228
5372 4147
7749 851
5080 3504
3396 2743
8171 1755
7406 2577
9736 9732
169 115
7247 2853
1672 1482
1972 412
9480 1071
9522 7784
8278 5604
3694 2661
7751 5112
2576 1427
6074 891
2467 1571
3507 3171
5608 1148
3745 2012
1753 451
8299 1545
4453 3834
5889 3405
2104 1954
6530 1941
3864 1770
9246 1548
6273 1403
5684 4838
4584 4356
601 328
6756 1556
8902 4620
8720 848
9824 5449
9802 4115
118 32
9102 7371
9557 6458
7888 5096
8660 6454
9601 1485
6871 286
3576 1518
514 259
1984 255
3170 1078
6418 2192
2372 1060
9039 2626
1725 1358
3379 3094
4085 2023
5324 2899
4139 4049
2184 1565
2557 534
5206 4269
1277 217
2480 1477
1312 773
9727 2308
1539 703
3489 2274
9219 5040
7947 7658
7954 3230
8750 8252
5232 4331
583 56
4138 1189
9853 6339
9093 3059
4267 1342
7865 4111
6102 1718
8853 2105
7871 5904
8365 4088
8215 5428
2505 753
7635 5981
1612 641
7686 2504
4550 2415
1935 1909
3615 20
2871 2024
675 249
881 839
1677 174
9465 937
9657 1697
7862 6755
4538 4029
4707 776
5644 469
5136 1340
4629 3143
4258 899
6363 6006
9140 5282
2404 2305
1553 110
9055 1014
48 27
9359 1880
9330 5504
9628 8796
4552 3187
8896 8394
4862 490
7680 2239
7759 6314
6847 4399
80 43
3247 2932
8631 5390
74 65
5146 782
9735 3480
6456 5081
3554 2328
5054 1547
6081 5769
1446 618
6100 3608
7501 5614
8015 2169
6532 2678
2541 797
9972 4578
47 38
516 440
2311 792
5140 2373
7921 6142
5902 26
8280 3747
7582 5952
7855 6452
7060 604
624 62
2655 1983
7310 3772
3592 1610
8755 6478
3410 187
3117 1729
9714 6038
1706 1490
8008 1454
4396 3743
8504 316
1306 1110
3279 466
7119 6037
6913 3234
7892 3989
9207 607
2676 1953
4674 4283
3826 3091
2665 1158
8617 6428
3773 779
4469 1888
3220 730
1567 315
3937 3564
1687 463
7057 4210
4539 3601
8217 4523
2243 1373
7424 5734
8903 6236
4458 2396
7413 2851
5303 4711
2632 2444
3764 3760
5581 4740
7239 7140
4067 3113
7734 625
5752 2245
4045 2637
8038 1824
1285 311
8963 809
4657 3910
3944 3199
3945 179
5656 4373
1884 545
853 14
6449 4083
7510 5013
373 39
4504 3515
8028 5331
9184 7283
1850 1451
1019 436
5963 4947
1857 994
6067 3714
9119 3337
4274 2761
6118 3442
3084 725
2141 1528
4333 2803
6971 5180
2940 816
3770 3368
7236 4226
8242 3805
6457 637
2503 1176
2471 2423
4142 1523
1185 1000
8411 6294
2050 144
6914 2604
541 392
3129 612
6259 5291
4713 1719
1497 1124
6148 6089
1462 584
7419 736
8679 6588
8745 731
8838 4547
3210 2536
3180 2331
1266 1234
4910 3795
3138 2489
6310 4528
8253 5976
8510 4400
4447 4182
4457 4004
3742 2466
5342 1253
8138 3281
8326 7300
9539 4152
9880 7781
4046 402
6398 5477
2058 733
2681 165
6788 1505
363 161
573 420
6797 3081
7264 2333
4063 2099
7721 2766
6525 741
2181 341
6997 1088
487 233
8911 2578
2651 114
5695 5514
3065 560
2485 824
4638 213
235 183
4248 153
3594 3508
5668 4442
6386 2367
9969 8811
3633 1536
1050 671
2622 1639
3695 1106
7051 5996
3674 1027
3242 2343
6713 2228
6710 595
3844 2531
3833 3697
5951 3857
9381 7601
795 10
9178 2891
6750 4852
9592 5294
2383 2348
5244 1878
9488 5118
3469 2535
5426 2059
7427 7315
8807 3955
656 488
7430 5719
5018 646
6679 6125
6930 4513
5585 3223
4662 2819
