225
4919 5393
9160 9736
9535 9873
1605 1961
3387 9779
714 5692
6215 9293
2085 6926
3814 9245
2119 6742
3415 4201
2453 6713
4565 4794
191 3598
2155 3666
1766 4913
4359 5954
2098 9318
1090 1373
6514 8201
4206 8961
4959 9564
8758 8916
2605 5813
2040 5849
6141 9899
6365 9204
6545 6555
4235 6787
9159 9647
2181 8529
4315 6137
5278 9130
2128 2216
658 6842
7030 8168
8532 9289
1311 2149
7878 8521
137 7173
2294 3569
9487 9579
789 6899
6219 6631
3028 8199
6167 7454
7869 9260
7401 7555
1012 9518
3319 6131
2987 7653
3735 5230
4363 5245
1786 3247
9607 9638
853 5000
3697 4037
174 3979
6561 7465
994 7628
1359 8659
3564 5757
8376 9926
2363 7256
2188 5349
5604 9839
4812 7345
4904 8081
7332 8217
9598 9632
9057 9987
2716 2799
2636 6212
904 9475
2462 9224
5616 5846
1245 6031
5119 8796
3213 3326
1866 8565
7871 8525
5565 8350
5618 6535
2720 6789
4123 7617
5153 5379
4181 8628
62 6400
6965 9421
5090 5876
6458 6774
7039 9451
6940 7277
5681 6633
3724 5889
8194 8274
5056 5578
1803 9078
3644 4428
2143 9115
7896 9716
937 1569
3631 4148
8757 9193
561 6337
702 9223
4291 6532
7274 9949
5180 6994
683 9842
3384 6327
9332 9686
8429 8840
4374 9439
4724 8170
3494 9968
898 4140
7455 9385
6041 8616
6196 8417
4997 7976
4657 5130
4894 9693
1173 7004
36 1154
854 1043
9619 9955
4271 9699
7508 7706
6908 7258
3791 9227
6739 9014
7803 9866
7621 9490
1881 5263
818 6263
1378 6220
6990 9481
2290 4236
6443 7078
3265 7283
9403 9712
9074 9111
4383 8180
8858 9267
1206 6464
5573 6844
6659 7460
2552 9182
8632 9161
5688 8153
9930 9998
1776 5114
1038 2598
9917 9928
1685 6672
3963 8142
6808 9071
5991 6984
3442 6004
8463 8706
9589 9612
481 8002
281 2510
7806 8542
8854 9466
9698 9707
2586 7229
3987 8365
8695 9872
4492 9220
9595 9883
7778 7938
7556 9098
7446 9630
2642 9471
9950 9963
4424 9450
5869 7786
1649 6928
5901 6030
242 5039
2947 6115
5771 6705
5679 7207
6924 7126
630 929
1917 9205
5818 8328
5581 7798
9545 9663
4785 5063
4908 8281
5293 8644
2411 5451
9671 9781
4972 8702
3895 6438
3081 8633
6138 8996
6444 9410
245 6036
8537 9705
6297 6629
1033 9542
3873 9271
1537 7520
6660 8285
5669 7702
1330 3896
2337 6898
3010 9094
8290 9117
8462 9201
7732 9824
1542 7935
103 3508
4060 8677
1748 5321
5924 9786
7497 8039
5117 7279
4427 7365
6627 9567
4910 6050
596
6553 796
3074 632
2177 1392
1423 1331
5041 529
2667 461
1361 568
6285 3223
2167 1086
4274 4203
6568 6154
965 817
6001 746
4813 419
4285 2205
7037 2464
5026 1836
7380 5671
2086 501
8514 591
3684 3543
6755 1565
2512 2019
9177 7489
1720 1584
9827 202
7922 1744
3716 3604
2089 204
3683 1954
6725 4552
7015 5346
2795 1242
2941 614
635 359
4059 647
2970 436
3788 7
6000 5664
2030 151
6017 284
7112 1920
4008 1587
7022 3178
7206 2508
3641 1936
7295 1337
2444 865
6411 3166
1158 52
6353 5575
1344 960
7116 825
9498 3242
949 297
8703 2696
3198 169
8646 2
8289 1817
4708 598
5845 1089
6658 6003
5272 5262
8761 907
7632 3426
5788 2823
5958 552
6515 2075
4585 3067
3708 765
4466 3587
8655 417
8374 3139
9574 9449
2108 672
4686 2102
4817 1900
741 636
5730 1165
4792 2036
2829 571
72 44
2857 285
7093 2238
5330 3142
1538 260
2018 1535
6117 2256
5790 175
1259 157
3800 1351
7293 1570
7795 5145
3617 1783
6622 106
7644 1355
2191 784
7843 2817
287 58
3015 1686
1644 1420
6090 4892
1042 875
7034 255
3894 2957
5583 3164
4715 4530
3150 1376
3917 1160
6559 4194
2769 2001
1850 972
4065 396
2761 1819
2572 1320
1405 826
6473 5112
6028 3996
7553 394
6523 2525
5642 1070
1317 1122
5952 3540
2803 2551
1723 1278
8124 5984
6733 6338
2824 2448
6776 2061
7038 5029
7453 6429
8037 1412
3460 3245
4716 451
2262 885
4356 1039
5150 2252
3672 2928
2625 1244
3503 2078
2233 583
7284 2451
4577 2804
5120 2228
3726 2944
954 950
4384 3870
3434 1806
8943 139
2436 1899
7339 2575
6323 1617
3005 314
3346 2751
1063 924
1085 1029
3937 3780
1416 988
4321 1113
3862 2118
4778 4382
5649 2686
3105 2646
2908 1388
5732 1509
2162 1251
376 125
497 363
5612 871
9884 1257
1478 393
8336 1275
8105 8006
5483 1934
5136 682
3915 207
5584 5348
6890 4366
2317 1833
2573 2044
1133 1071
3918 691
253 250
7913 5037
1429 172
8726 4576
9694 5347
6893 6202
9359 7070
4157 1314
4517 3448
1231 733
8771 3290
5023 3193
8017 3580
5051 1496
9219 321
6300 3246
8397 7826
2386 346
1045 161
8008 2776
5928 5131
7663 6012
3218 3125
5990 5184
3815 221
4607 3106
5862 2890
5765 5162
2309 1969
9543 6836
6902 5842
6593 6420
8535 2333
8394 17
6962 3935
8954 7861
3634 1669
5105 3713
7686 2757
8036 5900
8245 7352
9834 1726
9909 1446
4640 2136
196 193
1909 1141
4150 2912
6998 2366
2481 2173
2539 262
1354 1109
6439 996
6762 3849
3839 3335
4646 3092
4735 1915
4909 1722
6244 4981
8822 4990
8803 8367
6531 1011
3018 420
324 117
2683 1035
6558 2565
3821 1234
1626 797
6073 4034
8952 183
7379 7194
5580 4487
5280 3034
2456 572
6579 1476
6832 5751
2801 982
7514 3343
728 700
2858 2079
9286 7103
1929 41
8016 4493
6671 3280
8720 6318
3769 1811
4264 2507
5431 4350
4117 485
6488 773
454 140
942 917
6236 5625
8391 3974
3636 258
4627 2110
540 499
6123 2652
8675 7013
4819 887
7992 5725
7642 5396
8968 7154
7392 163
9885 1269
1761 963
7743 5082
9676 1894
9270 4746
9082 8620
8155 3573
1847 1174
1324 259
8511 3233
4273 4195
914 440
1120 381
4174 215
267 1
8847 4101
8150 3484
5657 3222
1891 1757
5776 421
6172 1752
3966 173
1727 1413
3341 1955
7763 3910
7736 3718
5161 4841
6939 5949
901 615
1611 187
864 556
9307 8026
4474 3356
2468 143
7174 6476
3671 1805
7175 3258
4914 3762
938 590
1384 1315
1054 857
7011 1913
4146 2142
7887 5589
7167 4330
7599 1892
1886 511
6744 231
849 79
1374 999
5298 514
4283 2004
7669 525
8379 6216
989 31
9438 6854
3676 870
6407 4358
6914 3
4538 357
4127 1322
8418 3890
4159 2082
5046 2200
4629 288
184 147
8348 5461
5675 160
7879 1701
5959 5827
4128 1707
9263 7158
4025 2938
4992 3787
8883 5701
969 752
923 520
9092 2487
979 617
1164 721
6287 2059
1050 657
7679 3177
6232 5098
8454 5141
6331 867
7928 7633
2588 1377
5555 2116
8010 1440
2254 1076
1826 415
2473 2373
9049 4814
9964 6760
5030 2165
8323 1136
5216 2138
6795 2315
8574 3751
3544 1924
3620 1358
4873 775
9864 1152
5705 5243
1680 228
1387 225
3919 651
8371 7971
3874 3145
9251 2279
1524 661
2709 745
8267 4197
2978 222
6969 1064
889 438
2621 1989
1580 28
602 491
8349 2738
2370 84
971 754
2903 2031
5951 1896
11 5
9468 5715
333 319
4759 4324
2946 2658
2962 1382
2919 681
2917 918
8354 6920
2170 2158
7857 4491
2506 1137
8502 5359
8489 47
2455 1156
323 292
9722 7100
2180 1729
6243 953
4115 3305
9050 3885
8221 4113
123 114
2090 496
8232 3653
4738 4282
9746 6487
2076 351
6769 860
956 666
1222 1107
4685 2775
6825 3576
2771 2115
4189 50
2758 862
1305 370
7914 2843
1477 1062
8557 367
3380 1854
6780 6295
5646 4152
5195 1302
7611 1502
5695 4898
811 290
3711 3461
6060 3241
3921 1125
208 101
5004 4870
3187 1129
4145 2383
788 271
1765 1307
1933 1006
9762 1177
3397 3159
2577 722
8964 1051
9185 1948
8748 3977
5579 4048
1447 837
8167 6174
1818 1553
4077 2145
5071 4126
9556 527
5234 2388
4229 1404
3712 930
3393 100
3797 736
9837 5329
2361 185
37 29
7885 229
6612 2892
1771 182
1885 642
5637 1589
331 118
2816 643
5506 4046
7546 1543
1562 433
3075 627
7336 7164
6597 4683
1247 186
232 112
4185 2791
1504 317
5405 10
8424 4745
9432 3422
9921 2521
3282 2644
4857 303
7127 1794
1316 670
8673 4998
9083 5487
3597 462
6445 2996
8303 7417
6192 2807
7358 1338
2936 544
6194 2819
422 411
5620 925
1656 781
5741 1084
2670 1943
9890 1597
8608 4401
4595 3822
7476 569
9672 9298
9505 5861
7626 840
2995 354
7095 750
4388 3061
6724 2124
7020 3736
49 18
948 201
7694 4489
2351 2087
391 296
9252 6879
4375 464
7463 487
9492 4954
9351 4598
517 372
8100 2007
70 15
6943 1615
7193 392
2841 644
2241 2109
5987 5783
573 504
3601 1608
9331 3838
5970 2848
5774 2480
2006 1925
5587 3930
3575 814
279 274
5830 1238
2184 1391
7816 6564
940 251
8658 6168
692 91
7308 2834
4844 1204
5205 5104
4933 2305
4797 1199
7014 5388
164 54
3311 2306
3045 1445
1760 1465
3248 1097
3452 1061
9709 6697
5886 5874
719 685
8090 5045
3012 2884
2883 1015
108 75
7452 2677
7439 3768
6432 1876
3421 1828
6321 3840
