610
8089 8631
289 8444
9607 9810
4416 9714
6053 7567
7442 8973
5561 5827
1862 7247
7286 8353
2966 5325
3664 8904
374 5804
1521 4325
8806 9329
8655 9965
5702 7024
785 4164
9637 9939
6141 6806
2067 5710
7433 9989
309 8499
5532 7508
2566 2616
8186 9289
4855 8361
7022 7972
6354 9722
6446 9015
6028 9875
2250 9922
746 1467
526 5946
2858 3639
356 6488
3858 9223
5119 6056
2503 3937
3613 8813
4776 5438
5807 9047
6303 8298
5986 6465
8371 9164
3214 5866
1951 3852
1948 7628
2035 2432
4170 5197
2377 7394
1508 4210
7800 9862
4973 5488
3655 5940
3968 5974
1593 6778
4230 9067
54 7757
825 4674
6952 8082
8002 9131
6344 8634
4340 7501
4734 4747
4120 6915
4175 9520
412 468
8078 9417
3962 8334
154 6164
2219 4324
6528 9773
4998 9711
2894 5175
6814 7789
3437 4279
3099 7849
1200 7975
9445 9685
9745 9941
2183 6104
7842 9303
6189 9032
9823 9907
9836 9934
1332 3978
4297 7401
2867 5779
5626 7586
6248 9339
8551 8941
5942 9065
9086 9514
1266 1794
7779 9111
5597 8122
1847 9666
695 8684
3395 8651
9431 9690
6602 7777
3938 5078
2264 8466
3840 7954
6099 9915
4547 6885
4015 6976
7881 9161
7698 9340
9290 9440
7803 8388
2727 4688
7130 7643
5288 5742
8214 9198
1949 3055
9189 9278
1831 3278
5809 6944
3247 9626
9872 9940
9599 9918
4554 7751
6792 8328
9710 9963
5170 9000
1826 7016
8743 9140
8497 8778
4 7766
5854 5938
7966 9863
2878 8905
6020 8868
4616 5725
2367 9396
608 7672
1891 9145
5265 9751
3668 8236
4313 8549
3209 6159
3475 6101
1415 5534
2042 2766
1179 5967
2237 9412
5422 7809
9817 9886
740 7815
528 762
2063 4126
9756 9895
7347 9461
9991 9995
6062 9262
9890 9921
8604 8629
4361 8717
6157 6261
9071 9178
8367 8385
9630 9986
2033 2689
3188 3894
9610 9988
591 7957
9122 9966
1343 7917
3925 5083
9310 9624
5733 5912
4411 4480
806 8799
1679 3065
5442 8412
6900 8478
6550 8697
6845 8961
890 5975
2188 3297
9390 9902
3642 8814
9244 9826
306 2069
2360 9383
7702 9399
4032 5190
950 5137
6571 7762
5086 8731
8936 9006
8096 9456
941 9799
9261 9847
4650 6482
3529 5795
4738 6105
7634 7754
215 7250
1837 8045
4491 9928
4655 5883
5629 9802
7891 9640
6312 8422
5978 8295
8306 9031
6368 9651
4900 7299
8612 9382
6931 8042
5746 5852
2813 8597
1931 3326
859 2628
8519 9358
7316 7326
1640 8132
9905 9909
1408 7955
5340 8701
5229 9992
6343 7644
4469 8689
3077 7824
2481 4022
3590 4444
9984 9987
3714 9838
2614 3253
5349 5634
2368 8076
2940 9825
1540 6834
5607 5762
4466 5463
5354 9206
6271 7328
4347 6222
1422 5264
773 4496
919 5726
693 8296
6077 9231
4447 6283
9513 9533
8755 9087
5731 9530
3850 5165
6874 9712
5296 6490
1022 2714
775 6224
2289 2421
2044 6667
2203 6951
3767 4737
3145 5989
8022 9076
2167 9297
9559 9769
6251 7655
9186 9192
2077 8819
6611 9894
1026 2160
189 7979
4057 9777
3467 4298
8522 8730
899 927
8741 9695
9643 9688
2782 4511
8948 9919
7967 9477
8360 9363
2671 9468
2461 8405
5575 9295
9737 9752
6967 7976
2821 4545
6260 6455
7638 9028
3626 8599
8397 9904
4832 8931
2767 5757
5199 9947
9793 9943
706 2924
994 7904
2126 8739
3105 5156
4127 9168
3845 8823
7580 8658
7437 9407
8811 9571
4247 6196
3301 3468
7938 9627
5182 6999
908 1272
2550 9731
6734 6837
7855 8075
3963 5052
7696 8029
7007 9009
7530 9816
1050 9379
5180 5790
3727 6011
3235 9568
6786 8897
2283 8640
2127 9652
3581 7839
7410 8235
4597 5524
8595 9655
7827 9296
4073 6771
6768 7555
9913 9959
4615 5720
5439 8060
7943 9955
5419 6118
3854 8953
554 2930
2213 2755
2850 5055
1491 1828
5764 7498
2408 9100
4173 5000
1471 2253
4062 4485
8512 9139
5375 5994
829 5897
8083 9790
6544 8714
1041 3692
1295 2184
8039 9843
3487 9973
9060 9444
1286 3513
4639 9321
1197 6417
4891 5285
9910 9954
7161 8094
7676 9803
2617 8379
464 9846
3489 5077
1387 5773
8567 9849
3798 9806
7741 8411
1211 2147
2146 2291
1737 6574
1533 1861
3419 7453
4792 7657
4370 9335
4726 8399
1602 1992
7852 8387
2022 3784
4898 5129
9848 9873
1643 2834
139 6054
5741 8691
7235 8058
3826 5954
5828 6470
4500 6888
7562 9030
9898 9960
7893 8890
7060 9387
9865 9945
5620 5870
6966 7473
6176 8771
2249 5465
9151 9405
6785 9246
9871 9896
8016 9936
9762 9917
6879 8511
7477 8272
3969 9577
2912 3286
5327 7379
8304 8969
8220 8565
5224 7166
8004 9426
5979 7318
5228 7771
4852 7114
4174 4663
5115 7922
8310 9835
8085 9844
4152 8348
4862 6205
130 9083
9487 9673
5861 7353
6578 9882
8066 8821
9528 9565
2413 2423
5877 6462
1807 9544
1116 8107
6093 7217
2959 8917
1131 2826
2244 5824
7467 9952
9279 9887
4116 8614
9130 9446
7199 7768
4626 9305
4470 6423
338 9341
7909 9064
1217 7466
2223 7441
6079 6494
7432 7749
3266 7928
9381 9740
7594 9593
3125 4331
3573 8468
6718 6779
7618 9428
2371 4352
5490 9761
6928 8188
5749 7727
3102 6977
1637 6690
2979 9723
5183 6498
1202 5427
6051 8707
2143 9616
9876 9964
5453 5468
494 8072
247 2690
172 3873
3355 6652
6893 9242
3663 8718
6642 6840
2200 9411
7234 8474
4428 8746
9193 9225
3745 4815
2439 5256
7608 9389
1430 2282
767 8325
4498 4706
6516 7645
60 7951
5097 7582
18 4337
8110 9869
9175 9602
2258 5450
639 3100
8873 9281
3480 6998
7711 8037
6299 8685
6787 8264
6565 9818
2159 5017
4944 5263
2065 8899
195 8642
8428 8820
6223 8070
617 4768
9353 9701
4725 8681
3964 8995
5865 7963
1238 8980
7817 8285
1858 8815
2599 3674
8832 9471
6273 8025
6395 6427
4433 5322
1791 3295
8213 9621
2594 2886
7879 7982
5598 8902
9081 9154
3498 9349
1662 4698
7142 7222
6231 9302
6685 9366
5881 7030
3281 7584
5902 5990
4304 8861
1739 8911
2629 3037
4535 7859
2290 4280
4492 9160
6668 7267
101 9625
2805 8493
1062 4122
7351 7366
8189 9494
3582 4204
6514 8516
6269 9442
4931 5907
6765 7301
1899 2646
3404 6552
7409 9049
988 996
1165 1895
5654 9011
1167 6211
4357 4858
3713 9435
9273 9570
2947 8218
5891 7804
6727 7846
9732 9993
7440 8052
2358 5153
5195 9824
7838 8237
1641 4002
1042 3855
9977 9998
8626 9758
8350 8723
3269 6880
3751 8856
7752 9212
6997 9454
2496 5943
9861 9903
1735 2459
8138 9292
5949 7874
8645 9259
9301 9555
2053 9880
5247 9588
2302 7647
2050 5761
5365 6664
9029 9401
7915 9311
7868 8176
8698 9733
67 7181
4813 5331
4787 5050
6670 6983
4112 4533
2181 9089
2911 2976
6013 6751
3814 7574
5002 5748
9808 9852
6442 7889
5308 9080
2096 4872
3547 4656
3994 8270
6824 8208
252 2359
9098 9647
9691 9804
9033 9255
889
8857 2891
2114 394
2995 669
8227 5579
1975 1755
5252 4571
9398 547
1315 1268
5777 1973
4319 1348
4055 2983
370 113
2787 1432
4302 3248
3790 1184
2447 2355
9885 8206
719 649
9288 8335
9851 5596
2585 689
4685 1979
5586 4108
4392 2648
3298 413
2395 1362
8407 5413
3067 930
8659 138
9837 7389
3131 837
1400 867
2325 411
2396 1941
45 43
2696 507
2546 2070
4519 4098
9021 4762
480 297
2890 2215
2141 1444
3336 1833
1075 1070
5372 3052
3990 80
3111 2469
3351 600
896 285
2768 2555
884 663
8297 3128
7340 6567
6373 3237
2045 1517
4407 672
1385 435
7907 6529
6036 2047
1104 868
7304 6585
8719 8274
4916 1903
1121 111
1097 1065
8190 1174
4472 2864
244 133
4239 1773
4449 3473
7491 7178
5198 1722
4001 3675
7563 7162
4128 4100
9978 5661
1902 912
9597 3372
3729 924
8349 7704
916 69
5516 3157
3986 1044
7707 5300
1786 517
4657 4606
9522 3232
5143 3665
3417 2576
9114 4154
784 367
4143 187
4600 1245
701 382
3905 1980
5998 475
2392 963
1870 1538
6170 3677
1078 614
8816 1472
1228 322
3934 3723
3553 2720
8326 1366
3411 1411
9210 735
1578 439
7867 5049
3607 441
2293 120
1285 984
1007 103
8950 7534
7297 7238
9062 1924
7590 2862
1035 64
1218 170
980 905
7219 2841
974 428
879 753
7758 4922
7398 3883
4528 1866
1140 484
7111 3130
6822 3450
1216 14
8646 5918
4896 3057
2221 1796
4262 1772
6826 5927
763 228
8054 6394
8498 6076
5323 696
9517 1290
8384 3226
7312 7149
197 178
5445 2854
4054 249
15 5
954 611
2794 981
8088 6800
6651 2598
7919 51
6805 1557
6517 1600
9376 1693
4697 2964
4659 3929
5985 5140
6352 4523
278 32
1930 852
5096 3616
9883 1904
9328 3009
7447 6912
5869 3471
3505 82
9590 3152
6673 5494
323 224
1001 673
6613 586
8643 6963
2475 2446
7159 1879
2806 418
8426 2422
8055 1493
4997 1987
9254 7743
5257 3640
5792 3412
1644 216
8964 6828
3928 3584
7626 5398
349 104
30 2
8977 481
6043 2191
6902 1778
6728 6213
998 312
2016 1630
8347 1536
7774 7003
5545 2715
2479 2145
5262 3147
509 55
7153 727
1843 1592
5400 5103
4033 1820
1919 34
4869 684
2507 1494
4479 4378
8165 1013
8676 2927
9318 8343
3875 3346
8710 1464
3849 2269
1260 386
1612 1487
2747 2732
4910 490
1246 395
3594 1624
3871 1661
7488 1413
3716 75
9535 8001
4736 2786
1565 403
7158 3940
4696 423
8693 7417
150 124
8080 6627
8358 4664
1191 425
5328 2343
8817 5414
1029 678
2551 49
2106 1947
2974 1631
2905 2803
2935 238
4005 861
2889 2849
5487 3575
1160 1019
2788 2023
8299 878
9106 2130
6748 6152
923 288
6604 1124
1759 515
4317 3177
2590 1617
2739 844
1020 627
1599 1590
3001 872
2591 144
7185 4242
2443 822
1723 396
4131 341
1559 1330
1482 352
5476 1642
7597 6505
221 157
951 454
8761 4848
1656 253
8656 2685
634 430
2504 628
8170 344
6244 2796
6262 2462
3109 296
697 147
2710 1733
2020 325
1462 1442
8867 6897
6671 6177
9285 2349
2893 1237
2085 1731
8471 5213
9779 2436
5387 3096
5667 3860
4868 4035
5432 2547
718 704
7035 4135
1449 1414
3785 2331
1267 225
4692 4254
1294 406
8346 5679
5376 4009
8959 4617
4755 928
7229 4092
4960 4771
3979 757
6676 4823
6993 6939
2925 2681
6234 541
2062 496
3019 2120
6694 2498
659 121
6355 1502
5073 3803
4339 2622
3555 2513
8435 2166
3722 592
4233 938
2378 1206
1513 815
2874 1943
2175 1584
2637 549
8128 5076
1337 970
959 6
1597 1243
432 205
9115 3239
606 171
5411 4959
5550 3331
2988 1995
9792 3440
9576 169
2340 1523
9587 2427
3927 2157
5343 5314
5928 180
6198 5164
4977 2691
4798 1195
2171 419
2954 2081
7850 6247
4520 1015
2884 2605
7787 2722
1447 1280
2014 1439
4171 626
7207 1865
3637 281
1738 1445
3982 364
3114 2790
1571 530
9214 1792
1139 533
7820 1550
7830 1873
3886 2737
5045 3972
2804 456
3251 273
4570 3693
7323 3889
8007 183
5329 3202
8700 5108
2661 493
661 383
6302 1815
3707 1364
5692 567
7000 1960
4809 4717
9173 5039
1746 1672
8375 3486
5955 4306
7106 5557
410 241
9969 4915
6032 110
2072 455
6802 6401
1112 340
7887 4801
4253 1327
9505 3013
9629 9619
9368 1684
6195 2274
599 486
1163 801
764 730
7513 7459
3242 1527
9556 2639
6150 3943
3809 421
7519 5473
3631 2897
2574 279
9884 1130
2212 1607
9152 7068
7255 3654
7359 7213
1720 371
1390 1205
2001 284
6201 1030
295 61
2717 2131
7093 5223
9783 7978
8019 2571
7988 1954
8143 1955
6156 353
213 201
9345 2539
8654 2967
9581 3624
3765 3265
5430 5289
1152 520
743 698
3357 3028
3148 1956
6949 3085
9058 5501
5208 594
8709 691
6106 564
7485 1164
2156 1113
3279 91
8209 262
3881 1896
1095 944
2136 355
7173 2831
6074 4241
8483 6208
5758 3822
4888 4649
7631 2600
8194 3373
7740 476
3186 1089
7039 1254
8024 2029
3921 3366
8485 8173
4084 2647
6120 1033
239 214
4448 1291
6435 6124
4031 1251
4672 1103
3825 1586
5538 2499
1713 489
9620 8179
4878 4714
3201 843
4354 3577
5961 1378
3793 1953
7260 2140
1082 562
510 500
299 134
4584 2527
4160 1636
5312 1155
7747 3060
4391 3524
8584 4348
1585 840
3216 2008
5382 2010
1302 112
1645 1083
6625 116
4201 1763
1869 40
6084 4145
7187 2180
3696 89
2907 1876
2969 2248
4637 4502
9344 4250
9553 6710
9881 7706
2207 566
3432 891
1901 1322
8185 2018
9864 3421
1427 871
6258 3730
7661 1769
6547 4029
492 328
7810 3618
5480 350
7245 2936
8191 2430
4957 966
3973 1719
7313 5796
2712 270
8316 1946
1614 827
7169 6319
8105 805
6069 1460
9649 5236
4839 3405
8976 539
2374 143
5848 4300
2151 845
5729 5226
97 42
2231 1345
3560 337
9899 5483
8912 3490
2196 1434
7936 4202
2339 1560
9267 6428
4971 3257
4677 2597
9760 7330
5581 1355
9502 4121
8240 8111
3352 1363
6940 2103
1690 631
4905 3558
5080 436
7291 4967
3427 838
5401 2463
9132 3062
4911 2721
4036 1376
1806 702
1839 802
1681 1235
4673 4333
8695 4225
3818 967
9176 7135
6410 5172
4208 3574
5555 3650
6092 4101
8145 4103
1359 1239
2030 1473
4949 3717
1226 153
9811 6635
721 427
499 168
3451 2610
6409 315
1857 1768
1616 782
560 330
6995 1561
4942 4197
1031 889
2002 1210
7821 3088
8210 5625
8460 122
9237 1677
9669 1526
7487 755
734 731
6285 2892
5089 4583
6007 3515
1712 834
8223 1911
4320 2564
4618 605
9218 5081
2621 932
5789 2315
1428 958
7046 3146
9073 3429
9452 3392
987 544
3309 2568
4632 1262
2257 365
7056 3263
6454 4777
8340 3159
6425 5871
1810 1779
7134 4883
4786 1244
9177 1096
4482 1281
2107 501
4165 3358
7071 5069
4329 3231
8916 6361
2757 2272
6235 3589
849 450
8962 1309
8809 417
9037 2678
9951 1920
4353 2211
1524 21
5924 5012
5123 3739
1334 1092
185 23
3944 1535
7853 343
426 333
6807 5718
1528 760
6459 4059
4695 1613
9276 5250
2174 1827
2240 1392
4982 3119
393 210
9579 7381
4359 4119
9260 2322
6846 6369
2313 1670
95 74
745 498
5558 1705
2932 1269
6859 3509
6484 4184
1764 1335
8345 7985
3005 1982
9347 8127
2043 1883
7138 4182
8123 4790
6445 2866
8935 5716
5793 2308
8470 1993
8245 5464
4860 4356
100 78
4505 3720
5405 4330
6178 4355
2624 1475
7511 1073
1087 86
5496 3497
4178 282
2125 1881
5406 4693
2079 1489
5258 609
7242 5134
3500 2086
5651 5271
8062 3557
1849 422
9600 4030
145 56
6478 1727
1580 291
5803 5687
7531 2655
7288 4702
1150 392
7388 964
1255 504
7377 5734
4592 1868
1518 818
7834 1374
5125 4729
6766 5618
9475 3314
3659 1916
4018 853
9384 8164
9043 2341
597 334
5713 4522
9224 7050
9638 4567
6587 1451
6149 1485
8166 4462
1910 108
2799 623
7452 5976
8401 3671
4025 3198
1054 398
5121 2658
6272 4221
2309 2099
737 647
6287 2098
1039 765
7805 2523
5515 3593
6045 2993
5660 759
7635 4130
5109 1573
804 358
9860 3981
8735 1058
1361 487
8108 1465
1016 167
2073 888
9252 25
6680 5067
5987 5478
7482 5299
8282 4093
7685 5844
4539 3154
5948 449
5484 4996
9944 12
7373 2168
317 41
8413 842
1417 1409
6367 4856
9938 3526
1456 9
5711 5230
5562 4375
8952 6803
3749 2041
555 211
3011 1886
9348 6000
47 37
6580 5283
3479 2434
7625 5893
1203 875
739 212
4328 1780
8266 4506
7693 6598
300 218
4713 1401
2684 1566
6181 2304
1333 44
6335 6153
577 384
7025 5556
6674 6433
8690 6520
8532 1570
3195 2525
6504 2154
234 137
3541 3380
2820 2005
4517 2129
4561 4386
2144 2026
9330 2214
965 220
7080 5127
4186 569
5358 5025
3680 159
3321 1170
9116 6125
1510 467
5048 2450
8677 790
630 94
7350 5491
758 632
5003 2982
6597 682
8373 6366
1522 886
2483 1425
4917 2366
9539 5788
9642 6121
7182 4228
6645 6263
10 8
3615 1908
7322 160
9949 7356
5523 3363
5098 3566
2046 222
6241 6203
9493 2572
937 444
4275 3787
6113 5251
7697 4038
3535 978
2735 808
613 158
4405 3507
5980 4986
4576 3205
2247 22
5956 892
5269 4071
9266 6894
57 7
9284 4332
7616 5390
9196 6872
324 13
424 148
2554 2350
8554 3410
6186 2534
2265 257
5191 2627
5905 1079
6750 1997
1346 277
6569 2177
7216 7131
8582 3167
3023 2769
4562 1832
6918 619
8779 3569
2108 1071
1215 733
8749 4388
5056 48
7682 7303
5099 2346
1666 986
5173 4151
8828 5120
7621 6097
71 36
3391 2082
1695 1336
1952 307
5512 1404
8279 8048
8073 5853
519 453
8605 1836
446 360
7090 1423
6379 4397
