994
2283 2636
2682 8142
2241 8731
7829 8750
9183 9441
9951 9991
5932 6080
8080 9351
6383 6549
5430 7882
3738 9343
1862 3435
7487 9760
4565 7365
6538 7372
1329 4430
295 5885
9499 9862
6949 9420
5605 5976
7185 9013
6490 9212
3862 6184
9330 9667
4571 8232
5144 6509
174 6648
3642 7355
3883 7866
3973 5999
3486 5872
1295 5980
9476 9654
3915 4378
4241 6960
6774 7015
9086 9782
3491 7526
5741 5836
2268 5379
4623 7060
5722 7910
851 2738
5647 9316
3755 6730
615 7971
4097 7608
6256 9007
9929 9981
1797 5626
2278 3970
5325 5494
4347 5113
1120 1204
7541 8649
4482 4592
5562 6530
902 1082
8172 9727
8356 8904
6592 9973
9142 9645
3295 7199
7770 8373
3935 6089
8660 9672
1046 2745
252 6761
8428 9714
7090 9605
4132 4661
1016 7322
1309 3335
9536 9599
1942 8990
173 5750
889 1972
4102 8709
9371 9517
7557 9598
6488 6966
8215 8545
5915 6004
2922 3361
1387 1779
9504 9717
3659 7788
4159 4585
1574 5255
8579 9581
8680 9784
6174 6688
4637 7212
4048 5196
743 3085
3677 5766
9450 9873
6660 7210
5302 8470
2032 7157
3508 5096
7384 7943
8641 9711
2030 4305
3536 8220
9699 9989
997 6426
8548 9934
489 6255
8475 9409
9088 9652
7445 7555
9872 9958
8566 9056
7474 7552
2088 2927
5902 6301
3469 4190
1440 7691
1787 7809
4433 4546
6506 8727
4214 9417
939 9590
4250 8582
1353 7201
8259 9729
1884 5073
7431 8975
4383 8442
4558 9609
7079 8955
1729 6439
4743 9182
8958 9482
1624 9797
646 5135
4648 9021
4100 9474
5282 5849
6554 9209
1088 4489
7974 9171
7851 8720
9841 9922
1467 8592
6640 9813
4773 5921
5492 5606
6957 7442
4905 9478
1816 5022
5448 7622
6533 8852
9974 9988
6925 7050
1585 2719
7143 9136
1085 5485
8060 9176
6994 8305
1992 9793
7665 9987
1249 4475
7062 8754
2864 5737
4515 8774
7247 9674
2539 8213
1345 7034
3925 4899
6793 9396
6888 7138
6701 6941
34 411
1112 9453
698 8190
476 2126
1084 6025
1750 2395
7894 8039
7346 8279
90 6027
1958 6197
8294 9365
1481 3227
3765 6131
9138 9703
3215 9753
8721 9915
7343 8919
517 4853
9048 9358
8557 9810
6260 7752
7659 9976
5277 9594
7396 8765
5734 8410
5060 5864
4042 6292
7972 8535
600 4370
642 9604
5303 5564
7532 8100
2572 3995
7182 7813
2414 9798
9255 9451
926 8864
2178 7330
4349 5974
6440 8696
5264 5519
3408 5990
7913 8683
2776 2957
7469 8273
8900 9556
3564 5684
366 3979
3734 7607
6437 9242
9302 9388
28 2068
1390 9306
7796 9290
5033 8156
8871 9952
6247 6838
6411 9553
8298 9270
722 3161
2295 5343
72 7612
8968 9440
7254 8011
2701 6489
4793 6961
4460 5375
3948 9067
9250 9430
1199 5217
5139 6906
9896 9982
6764 8722
1388 2538
877 2725
5649 6653
6145 6703
4313 6478
5583 7202
6288 7462
1257 6682
9819 9901
3968 4630
8036 8730
1579 5784
8875 8925
2378 5517
2689 3474
58 2690
4261 4854
4865 6590
4667 5001
6077 9620
2055 3157
1231 2465
166 9520
6652 9636
5559 9065
6087 9898
7575 8760
1075 7246
3736 4363
7348 9311
3775 5612
2023 6762
5466 6172
8260 8633
5052 9908
6981 8287
4046 4940
7447 8425
8236 8813
3365 4463
4708 6861
4223 8453
1863 5478
628 2445
219 3817
5553 7980
7217 8616
406 6033
2997 3740
5362 8966
3199 5359
2239 4740
9791 9876
3994 6815
5103 7058
5335 6453
5322 7040
2314 6639
155 398
4186 8226
1157 4736
3942 4439
3598 9861
6695 9446
9668 9740
3819 7475
141 4779
506 759
377 6067
2512 6318
9885 9985
5271 9379
8346 8989
5288 8829
959 7250
680 3787
2490 2769
6274 9269
5919 7052
9502 9715
5081 5759
6479 6741
853 2677
2694 4917
5688 6643
5679 5768
6416 9977
1912 3518
4507 4529
9148 9927
5563 8702
8447 9631
1838 3818
5788 9030
2172 5604
3828 4869
8413 9139
9809 9832
5621 8772
357 9336
5547 7783
5685 7945
7835 7927
4962 8385
1198 3310
6760 8843
5959 7919
3174 5065
3378 9893
9303 9949
925 6708
2509 3553
7951 8018
6268 8971
379 8206
1063 6553
271 6016
4814 9295
5115 9770
7763 9743
7600 8042
1499 5756
2422 6467
6710 7490
3432 7402
639 6070
410 1848
5642 9805
8387 8458
7620 7807
5988 7405
6395 9225
3932 5636
4760 9389
2903 6164
6346 8327
206 8296
1432 7519
6807 8061
4215 9659
2450 7717
5058 5625
532 8770
1000 1707
6827 7159
6243 8014
8830 8861
5141 7592
5877 9685
171 892
5591 9653
9778 9957
4758 9218
4925 9779
9402 9576
8230 9256
1893 5181
6951 9224
3118 9596
8850 9508
408 2540
8474 9757
5945 7585
467 491
5054 9438
3465 9889
2396 3578
8999 9411
7881 9754
7292 9716
9078 9992
1298 8669
4751 7616
1153 9532
3128 7970
3323 8918
268 2813
1393 5533
4647 7941
9589 9738
6947 9996
7789 8497
5752 6602
8936 9219
3835 9776
2658 7877
580 5852
8317 9650
4294 4503
9097 9262
7629 8619
2930 3168
2438 4035
4631 7288
5845 9165
6852 7652
6248 9085
2019 6156
82 9431
8526 8780
8934 9766
3015 9641
6476 7242
3386 6987
2946 3404
3651 9962
3591 4429
2631 3714
3563 4794
286 2857
1254 6943
7511 7842
9147 9701
4220 5142
843 880
3675 6013
3530 5726
6862 8982
3980 6543
4037 9568
4557 9416
8441 9130
4407 9978
9925 9967
314 4030
5152 8066
521 6700
1126 7853
1262 3567
9691 9781
6916 7986
9492 9496
1409 8343
9035 9993
8025 8856
2160 7485
6579 8248
1755 4203
712 5876
1765 2316
9008 9998
2670 8743
8742 9664
545 5928
9942 9956
2187 3671
7737 9587
6332 9363
7733 8083
5520 8173
5067 9518
3284 3497
369 9249
6544 9164
38 7237
4783 5740
5962 8053
1988 5165
5211 5720
6062 7059
7635 8033
5145 9073
6074 9195
3476 9157
9773 9790
9461 9970
2304 4298
5786 9950
1915 3380
7030 7083
8221 8939
8650 9113
595 3072
455 1552
9069 9318
7893 8556
2243 3728
3067 9014
390 2752
119 8297
4160 4171
3846 5815
145 5558
7460 7492
3368 5348
3602 9434
5839 7164
3379 9161
8432 9406
8789 8803
2676 9697
5275 5743
2333 8286
8977 9783
9329 9774
7151 8404
3004 4397
1363 2042
3525 4027
6287 8897
2136 6765
1940 5338
3032 5357
7263 7787
8809 9146
3769 7845
5666 6709
3083 7235
3832 5531
235 9905
7551 8652
9811 9954
4972 8423
3451 5610
3029 7863
6902 9299
6601 7293
3805 5778
838 8821
5914 9591
2235 5689
6623 6705
7580 9580
6258 8082
8638 9689
4818 6649
1822 9643
8923 9900
5521 6805
7443 9039
4422 8344
9129 9425
2210 4061
1613 1981
7869 9032
799 2358
837 4443
579 6342
8847 9997
8481 9120
8796 9091
7084 9622
1550 4530
9475 9742
5154 6097
7206 7517
3912 5661
3906 5412
6473 8450
15 4840
325 9084
50 3812
7122 8981
940 9820
4348 5508
3885 9009
3902 8253
7646 9166
4717 9971
3913 7418
9248 9394
4610 4757
4256 7705
8245 9107
593 4084
551 4856
7716 8421
9521 9984
6037 6552
3040 9542
3726 6112
6390 8921
7419 8238
8965 9141
3579 4485
9904 9945
5797 8593
9705 9825
8463 8502
3650 5536
3574 4333
1674 4506
6385 8424
7862 8735
338 5234
9027 9179
6291 8262
9473 9732
7808 9391
4226 8681
1630 9170
4593 9145
5205 9350
2606 3050
3111 7593
753 6038
2083 6168
9356 9847
2762 7797
8017 8401
7814 9292
3882 5011
1239 6903
5532 5683
4202 8994
4976 5330
6537 8335
6150 6798
9549 9698
2191 5757
6548 7229
5940 6257
1092 2114
1782 4618
7456 8311
4125 4389
6976 9436
6285 7335
7369 7964
1473 6795
9916 9936
2171 7708
8949 9660
6812 7197
4045 5526
5843 9399
6616 8456
6049 8381
8509 9857
8087 9018
24 5968
4638 5619
8666 9254
6667 7598
6851 6856
6468 9339
3202 4155
9886 9890
6983 8138
7174 7383
1641 8216
1683 2750
8882 9220
9375 9426
3151 4983
5565 8075
8547 9584
1739 3742
1377 2051
9804 9838
1288 3698
3600 9049
5324 8148
5499 7092
7069 7078
4562 8984
5369 8370
1920 9423
3737 5216
9648 9815
5913 8879
5963 8881
3543 6157
5383 8604
9189 9208
6924 9349
7303 8089
8058 8744
9538 9614
4095 8697
8736 9884
9367 9555
1370 3640
7601 7698
1020 4379
536 1213
5931 6216
6687 8615
1508 3544
9210 9772
9700 9871
7420 9759
9632 9817
6532 6637
341 497
5746 9513
8233 8318
7720 9344
4739 4800
2781 7731
6367 7315
7502 9874
1333 9114
2109 6628
2495 9133
4703 5280
6105 7260
4146 7423
2525 6647
8284 8685
8704 8901
2307 2517
3558 9860
5711 8748
6036 9386
6969 8684
4178 6998
6872 9132
4785 8466
9015 9267
2256 3148
7632 9010
7857 8967
4303 7304
603 1648
4240 8808
8688 9457
4533 6661
7515 8079
2403 8514
9527 9870
9089 9618
8116 9842
2961 6472
9728 9821
1708 6855
5541 9693
4824 5190
8210 9181
5403 7112
7249 9105
7689 9074
781 3879
7128 9332
8479 9024
8132 9663
8711 8726
8347 9227
4709 6298
8099 9370
4805 9286
3697 5023
8433 9869
7002 8406
7852 9422
6832 9687
1317 8947
1961 3457
8642 9756
2334 7958
5502 9410
9634 9818
2812 8258
2474 6273
2367 3616
5871 9281
7506 8303
4151 9395
2338 3797
8613 9383
5230 5699
691 8175
5160 7153
6204 9488
7820 8064
5967 6126
5716 6982
3192 8609
4090 6571
9373 9612
340 2479
8701 9222
203 7135
7177 8407
5597 7989
683 6830
6498 9763
4228 8870
4864 9331
7173 8015
9830 9923
7271 8264
3088 8802
1831 7581
2951 8355
9608 9824
8321 8751
3114 9251
248 3922
4568 6211
2524 6022
4238 8845
6219 8048
302 7667
6622 7429
4601 6659
553 6133
4087 8673
3779 9437
2950 7833
2182 9635
6185 9192
5125 7760
232 5308
4643 9745
7 6129
3109 9500
3552 4266
9731 9907
3255 8917
7662 9966
8251 9213
3317 7156
115 3887
657 1761
5790 9477
3456 6892
3201 8365
5345 7046
953 5831
9736 9943
4117 6609
5251 7596
695 1012
1228 8986
9025 9320
228 2034
3011 4635
4009 6706
1657 6249
6991 7621
2928 7538
181 8469
3854 6551
7975 7976
5392 9968
7457 7938
1263 6415
9647 9881
9509 9762
8840 9077
9642 9986
78 6081
8030 9385
5806 8583
2413 9758
3545 4691
8118 9911
1197 8988
7472 8460
6521 9100
1751 9472
3261 5942
1151 5700
5254 8068
429 991
4796 6317
9347 9615
7544 8164
1053 8177
4694 9156
5663 8911
1529 4180
5832 7722
4755 9412
9460 9470
480 5596
5459 8872
8647 9341
3897 9602
6909 8389
6312 9455
418 8151
3296 4318
8940 9376
8589 8865
5824 6673
5745 8427
6504 9294
2520 7791
4516 8779
353 4149
1514 1875
5008 9366
7872 8070
9546 9747
9380 9435
4428 5156
9335 9739
8437 8899
794 5007
142 2887
8102 9572
8121 9264
7873 9800
8293 8393
5252 7854
5854 9268
8954 9163
576 3340
6884 7305
7233 9561
8874 9726
4822 9692
1607 5414
1700 1719
3588 4656
3774 7801
4014 9586
8328 8844
330 1933
9342 9398
7482 9427
6912 8937
5219 8902
5415 8283
316 4912
2505 9480
2311 3589
2508 6618
8184 8946
8851 9795
2728 6600
2705 9671
5713 9188
1937 5573
8189 8896
7021 9135
2829 8580
2052 2491
3462 6463
8098 8452
7087 7684
3954 6930
7019 8764
6745 9196
7735 8074
5572 7119
1009 1086
5227 7190
1038 5787
717 1540
8457 8505
2881 6397
3064 6576
7416 8300
8179 8634
793
2163 2082
3751 1842
4328 2909
9429 8107
7671 4301
7677 1638
4248 3090
6567 917
7108 1303
7640 6009
1758 1158
9244 7117
2165 1343
4536 1403
2963 575
6419 6085
4891 2834
6766 3585
1031 659
1955 1451
432 290
767 569
1071 882
6531 1048
1299 692
5337 3976
8476 2742
2102 784
5476 167
4092 1457
5207 3376
8364 1269
3137 1620
5800 266
2175 1653
1571 319
1148 1026
8931 3928
8488 5889
7179 2965
6512 1320
6031 5131
113 22
5855 303
6132 5314
7275 1485
3987 3125
3716 1172
7473 3894
4498 3041
4548 1633
2120 495
7358 3257
3781 1651
9400 3075
486 68
667 47
2626 2516
2010 131
1224 160
9880 6751
9569 825
240 57
8113 3144
2100 1234
3712 3638
2872 2529
3889 1689
7573 3524
7318 5560
259 48
3179 1794
9787 3138
64 35
8759 2722
89 79
8111 4961
6125 6017
4295 2328
1339 339
5514 4830
7859 505
4168 1515
5905 5738
6927 6577
3924 210
5051 1335
2764 436
331 126
9000 1902
564 207
2231 321
7739 7131
5493 4147
4096 1220
6771 3688
5032 2290
8953 6352
8399 5671
3428 1710
5287 3147
6749 3200
1523 1494
3098 916
5586 4707
7711 1233
901 19
1372 1050
7376 6161
6763 6130
7923 7238
762 450
1768 839
5463 1439
397 272
5347 284
6536 2836
2426 679
9979 2893
7099 6398
4521 3399
9312 2653
5577 4306
3101 2699
8130 2234
4415 1498
7360 80
5882 110
7983 596
7039 1489
8446 2502
1746 983
2364 1519
6137 3749
3669 2584
8330 8046
8836 6263
301 49
4706 707
3873 567
1702 1227
6000 821
8147 6166
3210 950
3301 652
5500 1223
2669 1001
2578 488
929 305
7639 649
9038 214
727 431
5194 4391
3374 215
8614 1643
3535 2715
9529 1795
2373 294
3263 1074
3184 2693
6535 4088
734 243
9920 1272
2858 6
6483 4795
4366 982
7867 4198
2224 1404
2432 1777
2607 1886
6297 1394
4365 4229
8445 7961
6614 4967
3183 419
328 165
7500 355
793 735
2017 1448
5780 306
2427 1068
3219 1087
1910 1479
9878 7584
7610 3710
3594 769
2665 1742
4431 2471
8938 6716
3312 3051
632 168
2982 1542
8398 1567
8176 2899
304 267
4185 2312
6192 2614
7587 1411
4581 3702
3541 1815
8564 1647
2370 1726
1701 1449
5665 4711
4234 2486
3152 1160
1004 41
708 99
1543 804
6146 5171
5192 1963
6828 938
81 45
7613 574
94 92
1666 1230
3279 826
1814 565
281 143
3390 147
3143 1743
6781 981
8623 8224
1769 1367
8530 3422
3785 1501
4477 53
1064 234
8907 1445
3551 1093
7397 1341
8706 3345
8737 6558
623 323
2036 1027
1397 1342
4539 1361
3764 2376
5241 5198
6465 5865
2230 1502
8301 4473
8050 5951
8219 2118
2340 2246
5079 3725
3448 2229
945 152
6883 5938
9287 3992
2331 1458
236 111
1470 1200
46 18
2941 1597
9741 1989
8924 4970
4693 4376
212 182
2057 12
6858 1247
4345 2487
1181 900
4953 1201
3706 3270
5965 130
3001 2848
1258 841
1381 913
185 20
1734 1221
8140 3120
5367 1539
941 787
6278 3290
4269 3437
9735 5754
481 254
6341 404
3358 3141
5206 4806
9203 2477
3868 3512
3223 2494
4881 1990
2873 2818
395 256
2969 1999
3904 2668
193 151
6237 1536
1194 809
9238 8459
2223 179
7736 4099
4907 3193
2360 1534
2942 1405
2031 783
6496 1091
3024 2193
1632 122
3212 1669
2754 558
4860 3782
2874 2862
140 109
192 54
3268 2900
7203 6733
1600 1268
4005 810
1171 832
1576 1444
1835 492
280 279
407 345
1330 515
6406 4750
6320 1261
27 26
3892 1699
3289 1315
8854 7478
4936 748
4561 937
4471 2628
1133 602
4353 2756
6988 3022
4290 1656
911 100
4677 2216
3560 2854
3253 2392
3232 944
6967 4990
5242 2346
275 70
9403 4251
7374 4468
9548 7936
878 654
9628 5270
6481 3488
3851 962
9034 5576
9851 4153
1113 629
6814 5731
3332 368
6277 4252
7132 6585
6391 3463
7393 2839
6186 4436
4754 3471
1959 1107
9026 6767
1593 976
513 201
7779 523
3330 3316
4020 2007
8763 785
3655 1482
4720 4476
1566 1546
1965 1703
6561 4958
3829 3621
5013 720
3689 2609
3826 2778
3699 2868
9259 7430
87 62
3033 180
8040 4382
3417 1137
4802 1340
7421 2332
1070 484
5329 400
6784 3836
617 14
2704 2303
8807 1427
4683 3375
6160 4128
805 293
559 359
9919 1420
662 291
725 13
9405 4393
1511 1054
1165 65
6063 4446
9288 6938
8992 5858
2511 612
3777 3049
4915 4716
98 96
5090 526
6813 2040
8152 6394
4358 1081
797 423
8123 7354
7255 3795
8495 6233
6670 5266
504 25
5994 3265
816 128
4163 2260
9047 4257
2603 947
4372 2451
3580 2087
2321 1205
6642 541
3406 1415
1749 577
5486 3808
7400 1195
3951 673
9918 2644
7399 6094
5221 3354
8024 614
1305 728
3586 1034
3449 1709
2846 2526
2026 1964
1396 466
5257 4826
8707 5624
5894 4508
6675 1573
9445 952
8504 6032
6167 1852
8878 5353
8729 4272
6539 3658
4540 157
6501 4140
2948 2327
500 329
701 697
7871 5946
599 356
2037 453
7183 1245
8646 7710
6868 6378
375 213
71 63
3504 3122
2484 1654
8718 7406
5848 1029
4932 1667
5826 3542
9994 822
4416 836
6232 1121
1008 296
7204 4049
6788 1723
7660 6374
5442 3454
4320 3842
6088 2579
4993 496
2780 1946
409 1
8455 4919
277 144
2800 1874
6414 800
3511 134
333 265
893 349
2237 1570
244 191
2342 1784
8740 1976
4894 412
5548 5289
7702 3529
2772 2263
4225 4007
3682 581
7578 1601
1510 775
1811 1644
4176 621
1900 555
2726 846
9616 4913
9061 6523
4599 3577
9368 8581
9257 1735
7615 1108
3503 1332
1364 278
9022 7218
5779 5491
439 376
2869 103
2417 1155
8961 1434
2189 786
3077 2110
7647 2837
2557 2119
7222 459
1276 507
399 102
584 255
2542 1014
6934 3233
8663 8429
9670 5026
2440 772
5047 374
3392 1721
5680 1642
9266 8489
7461 966
4594 4591
3334 382
3694 2783
7196 5773
4733 1562
7769 3405
1975 67
4549 2143
7220 756
4680 4419
6689 288
5083 3581
2154 1389
1302 1173
2475 742
8077 5765
3914 1167
2076 1294
3806 3294
1561 135
5114 561
8403 7562
3068 1897
6778 3326
9296 6090
7468 1677
8549 478
5755 358
6874 714
6740 2387
4895 4821
4184 3800
8402 3222
9854 1281
7823 2804
5682 568
5936 5402
6790 3871
2953 852
4276 3171
2861 222
2468 2148
7434 3623
7844 3831
9563 8109
1232 1099
5231 2152
2298 1454
5834 2222
4071 2998
9953 1810
7088 4791
105 83
2989 1866
7563 6886
1830 85
8239 4734
4158 2117
609 251
9506 8848
2153 372
2308 202
7547 2274
2443 1596
7679 6210
8745 5336
1987 1780
7757 2062
6295 6109
3306 2548
4660 3244
7802 2882
9680 4008
7594 3943
4816 1512
5020 348
5187 4374
4973 1528
5574 3843
9060 7116
2744 847
8732 868
3501 2686
9458 2558
9110 1725
5481 1858
8575 7651
8084 1925
4194 4083
4268 1970
2585 557
3830 716
2054 740
5038 1238
8486 3252
2284 711
1077 312
4472 1324
7216 5728
8409 6801
365 245
4600 883
3344 3112
1476 640
3963 3679
3653 2897
4873 3387
7514 3960
1359 114
765 661
4399 859
3180 2377
1450 1347
3977 2084
8784 4278
8323 3700
840 451
7624 2747
4866 3703
8159 5388
5440 2924
7225 644
7226 5590
4249 3601
5552 2206
1256 1114
4889 757
8814 928
6179 3397
2911 1336
1149 172
7758 1833
6634 3398
8174 8153
3304 1967
6106 2959
8222 7001
2791 1030
5334 3256
3189 1102
4193 904
5121 2161
8640 3145
5534 5148
6058 5431
5344 5199
161 30
6308 4646
2790 36
6880 914
3352 1410
4513 3353
2635 334
7909 4782
5195 1997
3234 685
801 159
299 86
4067 2079
3418 834
5460 3953
3305 1186
7883 1273
3809 2406
3876 2575
7274 5070
3718 2271
2541 2129
5062 660
7338 5382
1840 755
7345 3778
1459 948
5818 4410
2673 2660
8133 3820
52 2
6461 5072
320 217
5385 1604
2009 42
2743 2685
978 187
6435 1531
6001 383
4817 461
5658 1442
2528 449
8538 4753
9123 7004
6526 1916
5993 3320
6758 3271
4483 1747
1789 782
3849 2952
7680 5770
6970 2594
7895 118
7795 5059
2501 2286
6989 2510
7741 4833
5509 1252
5927 5064
6729 6014
3400 3216
2880 653
7706 5598
1285 465
8776 4789
8714 8201
2877 2411
7785 6040
5669 5229
630 364
4260 3941
1103 709
1518 1311
4404 1914
895 483
9621 5262
6209 5977
830 59
5250 3952
3509 2018
5176 2741
3175 1138
3288 2643
6384 5837
310 308
5405 3198
1931 1417
3515 2885
1423 1101
8603 7572
16 3
6524 5469
5080 4735
7996 5646
6450 3208
4832 2709
1569 873
6444 4992
4641 4309
8119 2259
5724 3930
3837 3162
5292 4605
4405 2960
8499 6225
6723 6170
6515 5396
7686 4197
8785 1973
7467 2826
7775 7441
