152
5912 9669
8135 9017
9743 9914
120 7781
8937 9330
5890 9688
5115 7074
4505 7976
6941 9720
738 6929
6001 7326
6453 7390
2305 8269
479 7341
9342 9591
9191 9863
5808 7117
3763 6094
1881 7995
6825 9324
3012 4492
6090 6588
5635 7718
4908 7423
5840 7647
2226 8401
7106 8216
1823 6140
5123 6951
154 8279
8360 9084
8818 9613
2992 5405
2094 8915
8187 8590
6044 9989
221 3666
6822 7857
27 4384
4888 5147
5795 8689
8942 9881
7639 7953
8199 8609
4763 7748
5921 9372
9362 9471
1857 2516
9682 9924
1126 6561
865 7524
5066 9241
627 9066
9661 9838
437 2227
3728 8720
2505 4366
3876 8706
1446 8167
3842 6081
9960 9997
7105 9157
6160 6412
2536 9385
310 1382
4857 6718
9386 9432
2449 6651
4326 9955
8830 9265
1445 6747
9281 9406
8426 9831
8935 9607
6610 6726
4023 8465
8728 8852
1257 2128
4095 7608
9222 9599
9457 9957
8183 9579
5448 6486
6785 8049
4169 5470
8506 8964
5453 7685
5065 5989
3887 9146
6315 6773
4008 9395
348 782
2514 7773
5816 8359
1273 5148
2435 3958
6539 9721
4116 4958
2042 4067
8872 9434
3622 7388
8544 9520
4511 5240
4849 5404
6868 9341
7485 8719
1026 2544
4760 9380
1113 7814
9627 9670
6556 7984
5959 6976
6947 7188
9296 9325
167 4698
9474 9938
4480 5316
9506 9555
9215 9447
7760 7945
4341 6892
3644 9667
9127 9891
6290 8721
9391 9963
9663 9755
4819 7417
7398 8480
5933 7706
9816 9934
6787 7883
8460 9584
791 8417
688 3175
2606 6604
6038 9151
8238 9122
7923 9971
7750 9300
5513 6189
3468 3773
5906 8676
9399 9732
9401 9534
9359 9825
2026 2077
639 4468
3861 8893
2022 4984
5568 8184
539 4961
2301 3086
455
675 674
7826 505
3091 925
2732 1770
3075 38
5849 3498
1618 414
1486 1024
9135 4784
6440 2915
4960 4053
3347 2610
1393 439
1747 336
5318 743
6678 4946
6488 1603
8396 7610
4677 571
7648 1472
3015 823
3821 1837
3561 1774
4081 2528
1062 32
5856 3122
4959 1743
3857 3182
7732 5589
1715 35
4228 762
8312 3187
6828 4289
3672 1843
1145 208
5791 1587
1667 1343
4509 3220
9031 8215
8034 2523
8702 5482
5159 164
9538 4552
9295 7201
4996 1875
9901 985
6295 4905
3415 1829
5311 1982
8150 2673
3054 2381
1325 742
1458 685
5787 3481
49 46
7050 6550
25 1
7320 4294
9554 891
6548 5696
4414 1051
4578 4158
2333 665
4781 3756
957 631
3814 723
9972 5062
1551 1075
2968 2684
935 452
630 50
4360 3185
5662 3944
6721 4902
787 331
6710 4792
808 261
6874 4728
8602 7553
9673 7541
4869 2703
804 611
7095 3233
7317 5442
1846 784
4705 2417
2207 856
2067 715
386 22
5272 2589
754 714
545 395
4676 2967
837 616
2580 2421
2481 1921
4404 2031
4175 990
2740 2302
1128 518
2279 1244
9327 3665
6582 5756
1614 1412
4101 3898
6827 1251
5021 2813
1879 1003
807 318
2192 97
1676 477
496 442
3632 65
8380 8022
1171 1123
7889 5883
2759 2447
4265 1028
6894 5013
7990 6802
7385 3279
1087 778
2219 2124
2102 695
7511 5099
8501 1418
5551 3472
6955 3138
6021 937
6936 4335
8284 6175
4682 1797
5475 4270
8375 4626
6963 5216
7097 5220
8999 3790
8772 3626
9448 8598
4726 2796
6026 373
7012 1871
5766 2047
5138 5120
4872 1628
8206 1318
6483 1165
5917 5757
686 601
6328 1424
4765 2785
4547 579
2675 325
7914 3023
5278 1627
8171 4871
2738 2319
8715 4770
4864 4644
4201 4184
9484 1589
4704 2297
7079 5702
8700 7811
8560 5577
3724 3519
6202 641
36 8
4622 4349
7567 4618
9847 8344
6352 2834
3432 1170
52 24
3595 1761
6017 3818
9240 6736
15 10
6347 3782
6303 5096
1711 352
7302 3368
5697 2420
651 103
4254 1935
4446 4139
5666 4141
1962 1421
1052 821
841 391
645 100
5706 1594
1152 1064
2744 1353
6956 888
3515 1366
556 95
4727 598
4708 53
5628 3540
8646 311
8554 2761
7585 7194
3306 2742
5363 4920
6146 5146
9648 418
1193 772
8919 4126
506 235
8420 321
580 57
9744 2683
3151 1515
1014 270
2380 1309
2972 405
4599 2937
7070 2553
5603 3736
8878 7991
8189 4798
6774 2433
7902 1641
7821 4222
2822 78
3292 1160
6045 3332
5314 5069
7030 3742
7006 3497
7176 572
3393 3323
34 16
6777 204
9188 4605
9179 4611
7813 6332
3956 3267
7938 5983
5174 1903
2238 1578
4993 388
8352 8223
4343 1459
1906 444
8722 4018
4180 3342
5432 4406
8036 5188
2234 1645
2161 227
4539 980
1151 533
6881 2787
3682 2626
5265 3018
4429 4124
5613 3795
1901 684
4329 987
8975 6250
2325 1161
7754 6442
2264 1897
8527 1948
8709 650
2223 1431
3379 2153
6750 3667
6724 5327
7349 5670
7969 3359
6192 5137
5534 820
3690 3006
7895 3476
9445 5712
9347 8923
8446 8261
8841 6444
6298 3875
947 624
3237 1633
7322 4739
5189 4607
5939 63
4419 4070
5733 1322
7711 3695
1089 1033
9518 8054
81 73
8652 2334
6325 2575
4481 360
6858 4928
5089 4584
5925 3310
9827 5509
8471 7013
277 152
7614 3025
8441 5338
6578 4214
4560 2631
179 160
9113 1177
640 118
3602 3560
7650 5084
5794 3045
8595 1998
2590 2108
4400 2716
7641 5623
2147 522
3548 72
3568 984
7566 6025
5312 2632
1599 1317
9767 7067
9546 2438
1301 1166
6462 2033
943 939
6896 136
3177 1751
9286 8061
248 21
4751 1504
8309 2274
6118 3430
7983 4730
8839 3846
1059 332
125 79
1386 1248
4450 3965
9532 4904
61 20
8267 3631
5435 2690
9882 1437
1297 944
2184 903
7347 6701
1149 222
6103 2865
5647 874
4077 4063
4113 289
6679 5315
7559 3639
4949 469
9185 5657
6884 3909
744 509
3734 3065
4684 4554
1896 281
3411 832
4115 1333
8028 1677
6950 144
4181 2858
6426 3084
7746 6830
1264 765
3372 2897
6655 4459
8510 6974
2585 873
8292 3448
1574 1245
4943 4125
7157 2005
5522 3226
4062 98
5729 5107
1527 1049
3824 1925
5212 3737
4455 3298
3960 1088
5127 4659
7177 3829
6382 192
3864 797
6168 5488
2987 1534
189 109
2996 410
5595 3659
5292 4486
2390 1981
5353 2116
6059 5596
6526 6209
2874 2545
3081 322
3725 3235
4150 443
1005 693
220 170
7048 904
1093 604
4633 4221
9453 91
6036 4320
203 133
1281 260
2699 495
4313 2665
3260 2344
9952 9650
2261 474
7916 7483
6024 396
366 341
6608 4885
979 303
6185 58
9899 1091
2721 948
9606 4941
4825 1179
1415 842
7354 3134
9769 5397
9636 1334
1890 629
1296 464
8680 6664
9693 3831
1863 1349
7678 5016
9116 1365
964 147
6196 854
906 847
1423 1192
3882 668
7395 198
9516 1686
4453 42
3792 1726
9196 8075
2533 448
6810 814
7698 2970
114 29
1156 978
7467 1439
