826
8303 9809
6113 9957
7327 7364
7461 9123
4923 9128
9795 9912
1028 4748
7219 7750
9887 9945
9963 9995
3016 5396
3303 4159
3586 4602
4053 8543
6364 7305
1194 4796
5733 7397
6373 9272
3570 8759
6757 7752
2152 8988
6353 7498
671 4499
2818 7659
7999 9439
737 6326
4495 9783
8886 9083
6078 8432
6840 7255
1860 9960
1926 7289
4341 9563
6728 8744
632 5637
1570 6543
4658 9658
35 4516
1363 3700
7951 8878
2758 2925
6536 9167
8823 9724
7730 7800
8216 8242
604 5391
7482 9559
9173 9643
5205 6225
2851 4647
3750 9318
7272 9794
4813 7380
3827 6600
478 2479
7845 8159
5792 7382
2250 6270
8884 9000
5977 9059
1124 7626
530 8400
2969 6374
7204 9841
6130 8804
3905 4548
2601 9977
6247 8754
4618 6572
9639 9673
3071 6851
4478 9376
8222 8363
7199 9660
7149 8562
601 872
8862 9248
3812 7577
1733 4537
8740 9156
6138 8238
4282 5523
5730 9258
249 1785
7052 8209
5994 8445
4505 5813
6815 9251
182 1922
2798 8381
673 5100
3703 9356
2686 3043
2635 9503
8100 9415
7343 8450
7663 9063
6649 7213
7225 9256
4015 5462
8542 9553
4074 7935
7420 9998
2356 5232
9764 9787
4179 9003
4155 6659
4938 7496
2874 4597
3906 8328
7654 9437
9652 9803
5220 8486
8875 9900
2419 8201
3667 4632
2166 9755
8717 9609
2810 7412
3734 8514
3759 4642
3501 4489
4103 4984
4455 6461
9074 9932
306 7527
9278 9823
3396 4625
1600 6931
2040 4693
7108 9481
5651 9267
9143 9240
7295 7542
3358 7812
7426 9333
7609 8541
883 1434
3994 7915
1057 1438
7828 8623
4712 6489
7760 8378
9773 9951
2978 7408
1402 6435
4035 5468
4189 4486
7402 8979
7603 8499
4698 9259
1478 3394
4523 4964
6606 8193
2454 5980
6690 8560
4184 4540
1865 2919
8149 9321
4010 4826
6478 9126
6347 9060
2616 4254
4307 5330
6692 7533
3145 6922
6708 7339
2871 4142
1443 7733
9391 9868
1547 8199
3175 5875
377 5085
2340 5539
982 2647
5916 7437
2222 2334
9164 9890
1684 7573
6146 7727
7087 8640
34 6144
6410 6935
4838 8257
8451 9384
8123 8190
6446 7405
8416 8932
8075 9611
6705 9833
2756 5185
5460 7124
5367 6664
7458 9354
9905 9996
2691 6575
3966 6278
5729 9696
1958 4242
2030 4734
5383 5644
2027 9322
7005 9486
7729 9093
3771 7553
4062 8223
1647 3463
2431 2451
5833 8680
3606 5083
9305 9621
9222 9953
7347 8311
2107 8563
4145 4490
4797 8402
512 9215
8993 9531
7506 7771
5143 6933
5555 8050
3236 9623
7140 9329
2477 3604
6653 7475
5029 6921
1601 1726
7796 8638
5577 9850
1410 7197
2219 6893
8276 9348
6980 8286
9839 9958
3896 6522
3226 8497
2789 3197
9306 9463
5990 8430
6 3865
5508 5903
6781 9224
1937 5095
354 477
6555 6814
20 1431
9094 9730
4396 5043
4896 6444
3711 9199
3390 6892
9287 9538
9096 9466
1541 4078
5750 6405
6377 8661
5664 7043
1945 7247
6523 7054
3584 9214
1091 6380
2783 6725
5453 8899
1585 5805
5316 6545
7648 8047
5633 6167
7370 8902
5334 6011
7799 9338
5676 5836
4998 9792
3853 4615
3705 9087
5616 6497
1324 3476
9190 9603
2062 3480
651 9513
7508 8763
2491 9780
3405 7991
3102 9386
6829 6936
4262 5632
3879 7201
5659 6477
3230 3522
3041 3181
8178 8756
6005 7186
9718 9784
2136 9916
3670 4689
7193 8583
712 4426
4250 6048
3781 5087
5878 8771
8931 9323
9292 9694
7207 8128
4933 9447
5942 7984
5524 5646
5704 7282
2720 9346
4493 7931
8880 9927
864 8496
9992 9994
8167 9526
6227 8346
8318 9942
3793 6084
361 9285
1160 6063
4186 9911
6557 8060
8970 9191
1519 7535
7789 8839
1594 4017
6957 7007
7745 9616
1927 3057
1423 6640
1378 4436
8418 8635
6711 9062
2407 6076
526 4068
5837 8320
4774 8657
7605 9914
3536 7898
4629 9157
7294 9879
6238 7934
2171 5841
4201 9876
8287 9669
6404 8431
5953 9668
9615 9761
8133 9629
9117 9442
3275 4112
5964 8032
5111 8426
5720 6561
926 7389
6436 9772
5036 7904
8213 9170
8131 9262
3327 9757
7114 9019
1471 2156
8386 9081
2187 6978
9797 9844
4761 9686
6198 9937
2319 7349
2509 5746
7926 9428
4219 8959
3814 6598
2900 5787
1704 2243
7995 9443
334 5061
2526 8316
1543 4387
8379 9080
2766 8064
4538 9631
327 7322
5455 6142
1628 3440
1705 7332
2426 7713
562 9472
5262 9255
7145 9504
3117 6621
8191 9768
7115 8454
8461 8974
7423 8837
5445 5892
4972 6049
298 8698
9664 9959
436 5003
4619 6605
4425 9502
522 2207
6789 7034
9522 9970
6031 9100
4076 7346
2497 5557
8817 8876
7726 8473
9620 9681
9871 9889
8101 8466
1411 8306
9179 9461
5198 5922
6793 9608
9633 9670
9882 9969
7943 9763
6848 8492
9612 9709
6797 8030
1429 4177
2670 5581
6998 7863
8767 9705
9881 9961
7404 8348
9535 9788
8157 8619
1623 5019
5807 8679
9189 9580
4919 5009
210 7865
5923 7419
9885 9906
2537 6417
2193 2898
5141 7651
6506 9071
9394 9892
9161 9412
5144 7023
8552 8743
5921 9159
8019 9266
6577 8255
4817 5571
7835 8697
3438 4339
4239 6950
3872 4077
9277 9525
4281 8469
3452 6551
7610 7918
7227 8845
4550 4759
9946 9964
394 1577
1494 1722
6165 6453
8864 9637
5026 9365
3451 3547
792 6190
2390 4860
6733 9431
6588 7530
8148 9408
3765 7061
2366 8991
4732 8022
2275 8026
3389 5292
9018 9175
3247 6103
8503 8936
2894 4151
5180 9049
9738 9793
9456 9683
1765 4220
5944 8613
7308 9344
9952 9982
5731 8313
9824 9971
6791 7839
2614 7885
7776 9242
7274 7959
9279 9650
980 8344
1540 2960
948 7266
1260 5780
3427 4391
3336 4811
3950 4403
8624 8950
8417 8477
8221 9072
6813 8632
162 7838
9742 9770
2997 3685
4528 5490
6714 8245
5647 6395
138 2327
5590 8035
2579 5954
1136 8999
6985 9624
5880 7936
1863 8150
8846 9919
7233 8969
939 3376
1929 5971
5791 9547
1941 5748
8244 8659
3833 7890
699 5881
6859 6927
2449 9584
2436 4641
8231 8643
3279 4836
8118 8780
5894 8671
1902 4611
7736 9948
8789 9041
3942 6451
5614 7438
6452 6913
2794 5625
2841 3666
3448 8808
1164 2876
545 2736
8774 9798
2347 7567
2278 3823
1313 9153
9731 9854
6283 9449
1595 7649
5429 6057
5379 8651
1483 9024
6717 7022
4733 8844
1294 1719
4235 4946
6963 8678
9465 9684
6416 9101
6720 9249
7171 8481
7490 8239
1697 3877
865 5591
4827 5199
8135 9095
2772 4834
6665 9144
9027 9317
1995 5461
8592 9806
2475 8840
7146 9689
1000 9796
2679 9893
9715 9830
9762 9851
4858 7002
5596 7401
4731 9955
728 4020
2289 9131
3688 6173
6565 8004
5506 6294
3362 7704
9464 9866
4385 5089
563 3329
3632 9229
1311 5231
5311 7847
8828 9791
2859 5823
1795 3209
5007 9899
5054 6026
4848 7902
2838 6346
757 4536
3171 3766
6827 7051
7761 9685
8459 8498
3645 5511
8508 9406
2796 5602
5512 7940
2232 5858
2044 7803
8509 9150
3631 4271
2185 5725
4055 6361
3103 4279
3050 8675
9168 9184
5385 5839
3024 6208
4973 5907
3003 6150
4976 7080
3517 5685
2785 7245
2566 8709
707 822
1792 8579
7345 8474
6095 7469
3431 6712
3385 8292
4763 9473
424 4458
6677 8236
7241 7971
5521 7214
720 6858
1491 1837
5325 9253
1495 9974
6966 8112
7972 8622
8621 9147
2307 6882
1758 6884
2181 9336
717 1701
8721 8861
7209 9392
4738 7629
9491 9649
7914 8674
3287 8248
8863 9737
4144 5196
2684 7646
6678 6889
6680 9429
8690 8905
6215 7095
3450 5852
2269 2556
7563 8092
4674 9361
5052 6853
8265 9107
255 330
1456 6698
970 5452
2272 3885
2822 6237
6064 8194
9634 9815
6457 9848
7307 7494
4682 7802
8250 8293
483 4912
5706 8787
9674 9845
4764 8198
1791 4447
5925 6612
3842 4464
3183 6459
2879 8262
6709 7528
7868 9043
4886 9789
8230 8800
5433 6442
5456 6177
3036 8024
8183 8939
2749 8168
3437 9004
2487 8144
3725 5024
4670 6748
4512 4906
2397 5611
7265 8493
3603 6009
1676 8038
6079 8686
5032 7293
6462 6877
9506 9929
551 5261
2965 3506
4338 4351
5464 6075
1716 9444
4520 4956
5689 8102
175 9034
7782 8781
9453 9913
9904 9935
8173 9532
7540 9527
7913 8000
3664 4042
694 5627
9002 9294
4970 6865
9430 9753
7617 7731
940 9051
3473 3819
8989 9378
3166 6424
2295 9619
4722 9264
502 5131
2697 7353
3180 4723
3762 9295
276 8308
9023 9687
8645 8734
6847 7636
2333 9712
1174 2767
1509 5743
9040 9778
7585 9331
253 5525
5820 9086
8184 8746
8603 8900
7869 7872
4481 5757
6220 7770
4531 7268
1879 2086
1441 5931
427 7338
7766 8125
1672 3211
1559 2350
5300 6199
462 9554
4651 9124
5993 8843
6872 9379
9017 9956
3296 5191
2532 9530
3809 7875
5160 8827
6378 9920
5976 8031
4861 9494
5482 7628
2442 4889
7740 9507
815 981
1209 4785
4013 6328
4277 8251
4343 6124
6420 8510
3342 4202
7350 8691
8625 8715
9865 9968
91 965
7711 9711
195 6994
2135 7562
5423 5551
2450 8755
65 5203
4779 5103
4593 8114
7442 9155
5619 5648
23 4529
7941 8282
5388 9573
40 6008
438 722
4328 6045
7321 9288
4744 7723
6531 7066
2190 3526
2939 3318
7363 8137
705 9546
495 6089
6650 9697
4558 9162
450 6203
247 2716
5438 8788
8494 9605
5663 6596
677 1516
1806 4150
7326 7446
8866 9182
7961 9409
7103 8235
4498 7741
119
5935 3727
428 240
457 83
5239 1116
61 13
7400 6498
5862 810
8796 3538
985 769
2890 935
3601 1245
8436 1435
3005 1372
5404 4162
9070 3728
805 783
3802 1671
1944 1189
448 76
142 85
5323 4072
1086 338
2330 1220
3013 1666
1207 452
1342 176
8595 2006
1161 909
1527 1274
4929 1362
6917 4059
1184 957
9082 3923
7078 5343
1087 273
5950 1648
7963 7694
4696 2072
2861 400
218 105
6915 1432
4064 1040
2719 285
6065 231
7837 1706
3237 670
579 536
6317 3288
3015 1408
5416 630
9012 7882
9988 7836
2837 2172
2897 2613
3360 294
7712 4466
9822 6466
5876 4260
9863 4325
9980 3743
6331 2945
3770 1639
3951 42
4716 3555
4818 4216
5690 2493
9427 1506
1779 397
3574 2284
4577 2084
9298 6465
4474 1318
3917 2492
1060 54
2090 986
609 594
5295 263
5021 2235
3835 3276
8155 225
2486 947
8233 626
4957 2705
6354 2586
3070 2591
3626 2522
5679 861
203 200
4240 1475
4533 1262
3157 2282
9001 156
7841 5701
6315 739
6162 453
4546 2910
3709 2998
6438 1996
1153 539
4099 1486
2983 88
6676 4901
3350 315
6111 2432
9657 4060
7228 2227
6039 3644
498 173
1176 150
3213 2230
3975 3615
7159 3069
4659 2037
6944 4110
2244 832
660 318
9241 8130
9790 3773
6592 4243
