296
2082 3870
6734 9857
6755 8879
9494 9653
3857 5234
8048 8729
9992 9998
7648 7658
6304 6312
3659 5579
3328 6743
6165 7002
2577 8514
2902 5214
6639 9547
2803 9254
3930 5041
1715 2268
7365 9750
8320 8555
7816 8734
7023 7134
4386 8636
5080 7347
4074 5335
3466 5419
225 5300
1553 2689
3959 6815
4169 9414
7981 7988
8077 8596
2266 4215
991 3575
3577 8486
2159 9640
1601 1886
9386 9788
1558 5956
4449 7634
1094 2231
7400 9505
4658 7033
5599 6559
3878 5799
8517 9973
8263 9873
5225 5678
9020 9117
4024 8007
4149 5312
8581 8990
6735 9794
1123 9388
5049 7326
5227 8598
5415 7837
5218 7401
4209 7487
8308 9445
7543 7957
6445 8466
7078 7892
5637 7461
646 1793
1677 4419
6046 9612
3268 5589
9655 9856
5534 9905
9759 9984
2677 9937
1782 8482
8995 9684
5487 7975
5981 6543
1838 3844
4361 6089
3593 9815
5649 8905
2487 5454
3468 7180
4164 9483
5043 6630
5978 8362
1686 9581
3895 9399
8110 8880
9030 9202
8236 8490
6722 9551
1201 2425
6773 9269
912 1653
8385 8529
1092 9730
7652 9489
2749 6337
2181 5139
4515 4763
8139 9823
1971 4086
9174 9563
7708 9587
7573 7921
4945 7142
9144 9178
9310 9365
6566 9806
2545 9629
2788 6670
8030 9247
7595 7826
4348 5920
9104 9719
6565 8984
2213 3319
7579 7871
7045 9351
493 5957
2626 3639
8178 8653
7982 8195
4459 5940
4176 8947
4474 6440
8213 9363
8188 8389
6538 7590
4834 9709
1775 1828
8409 9261
6239 8742
5482 8525
3670 5892
3512 8439
9546 9739
642 8592
4364 9573
9481 9940
816 2160
4535 8649
7544 8715
810 4888
4654 6352
2745 8647
3363 5563
8970 8993
1361 5366
1241 6200
9964 9996
3551 4620
1694 6504
4880 9442
4420 6589
2226 3780
9119 9516
1666 8346
9067 9652
2414 7343
7238 8629
4636 9609
518 9294
7146 8589
3626 4944
3452 5095
5572 6424
5048 9091
3491 8343
4812 7221
3759 9467
1786 2787
5655 7825
6175 7353
3754 6936
3148 9848
8722 9213
8170 8648
8229 8524
1512 6240
1081 2220
4741 5361
1993 6571
4622 8086
9598 9901
6595 8557
5959 9181
3950 6541
5198 7024
3568 3803
2020 8349
6070 9276
4453 8584
2913 5351
7903 9930
297 9337
6635 9347
2111 9917
5876 7015
4002 5152
6098 9921
4487 9166
291 5659
7420 7558
9830 9846
8746 9796
4750 8853
4795 5755
7719 9821
2954 4189
8278 8428
2039 8479
8363 8935
3096 4424
8575 9367
6742 8497
362 9538
2373 3188
6091 7992
3036 4714
2009 3275
1057 6164
397 3574
4057 7516
8966 9074
5732 6982
2310 7387
8518 8660
3346 7445
9621 9708
7394 9214
7678 8269
4252 5744
8023 8502
3487 5741
6849 9544
6938 9086
3408 4692
4331 6196
9579 9662
9177 9894
2473 6087
3449 9140
6095 7019
1682 6354
9392 9635
1525 5267
8856 8934
7425 8741
289 6870
9278 9326
6675 6836
7655 8041
2705 2980
6666 7983
6071 8640
1095 3651
1546 3619
3547 4683
5912 7838
2048 8149
8380 9849
2710 3923
9101 9785
7341 7686
3434 7694
9492 9953
7688 9554
81 6607
9676 9699
6728 9928
2862 6535
9466 9523
4130 5990
7603 9766
3115 5015
9419 9540
3946 5465
2494 3804
2678 7738
1078 6756
8506 8519
1314 6022
1076 3796
9396 9425
4630 5127
7156 9859
1529 8192
9991 9997
9501 9977
4693 5700
8925 9368
5413 7780
3558 8542
3090 6820
9564 9645
603
1660 994
1354 1017
466 171
6887 6764
496 380
3962 503
4421 124
8347 1320
3047 800
2965 1217
8574 232
5713 2763
1926 790
5068 425
2452 1144
8839 851
759 14
6051 3243
2208 1696
976 638
4428 1841
3525 1894
498 202
1725 1053
1535 675
5779 5154
7520 6927
980 666
3048 685
2627 1472
2115 1145
2430 1127
1178 311
890 140
1167 337
983 778
3514 3084
7079 4431
4410 1346
1084 632
3709 1710
1419 618
6760 2480
3801 3083
2433 2365
3509 1599
909 268
4384 2641
6250 3817
1630 974
8852 8402
648 47
6641 6385
8713 6955
2064 1494
1916 702
5223 4006
1408 903
42 7
5106 4223
4681 823
7712 6906
4362 3885
8774 1507
3500 764
3910 3899
8093 7961
3154 2941
413 109
3205 3138
6155 5449
7818 2136
6281 2867
3377 1789
3061 2784
8624 3444
7244 5011
3979 1215
468 324
1232 1207
4339 3965
8150 1470
1109 765
2131 1080
5471 2812
5762 5146
3600 900
8920 8808
6627 4696
3748 791
8397 1846
6689 3260
18 9
50 37
5289 1617
9813 8113
7503 5478
6457 5344
6912 4135
2897 1751
805 332
3130 1966
8844 16
4624 2929
8322 1188
277 201
8723 1121
7064 1772
4442 376
3645 198
4609 4541
8310 1920
6425 2517
7332 4618
1594 515
385 138
892 691
5566 3158
4665 1487
8348 1197
6587 2590
1688 282
7577 350
5362 1194
7001 708
3933 1935
6075 1939
4901 3374
7029 5260
8923 2703
3758 2848
4937 1233
7076 5770
7472 6364
352 146
3674 2259
1517 1296
9704 3128
5739 5467
1316 492
3904 1402
6030 5129
6946 3955
3402 1294
1322 1020
5492 3882
3665 830
6100 3307
474 46
9589 7756
287 136
9207 8686
4233 3585
7714 1522
7063 2863
4506 1279
1456 31
1942 1503
7466 3903
9156 3073
1818 1425
6975 3628
2558 386
3009 1130
9711 296
5118 3601
664 387
5734 1875
3104 784
2822 2068
8854 5385
3401 1705
6964 333
3513 2551
7953 1586
2695 1757
7989 3107
975 597
9710 6925
9740 8903
5023 4497
8207 7947
8018 5166
7716 6008
5833 3916
4890 1030
9765 4029
1040 690
9220 145
8442 7877
6015 622
2609 565
8375 2585
6431 5243
8214 2743
1012 375
6129 454
2849 1953
8639 1128
7533 6944
9273 4187
1633 914
1678 827
4019 689
7335 1146
7842 5648
7695 615
8210 6896
7108 1289
9380 2244
1676 1005
7065 3119
4534 3620
4970 643
7993 2152
2379 254
5818 2465
7691 1067
6077 353
2561 2380
721 204
5417 2165
7675 7667
8337 4318
5542 3390
6162 2564
9520 7227
7158 5618
6490 5477
8755 4507
6585 272
2828 2191
3292 681
3808 1637
5788 2130
3201 43
9290 482
3431 2824
4139 2568
3680 1336
8707 2618
4961 3209
1400 351
9361 4161
3586 1242
2799 2612
8393 8373
6467 779
6853 910
8684 580
3472 1933
2041 865
1779 438
1051 617
4270 2582
194 55
9995 2752
7971 7853
4317 837
9717 8279
5987 5329
7767 7138
8505 4274
3118 574
465 205
299 24
2116 1752
168 120
5868 4095
1436 610
5582 3811
4388 751
4099 1375
2953 2309
4565 1969
5936 5916
1815 663
9965 5780
5380 4342
3403 2334
4967 4062
9777 7289
8245 2343
4922 1353
5411 3173
2592 555
3995 1161
3501 2682
9723 4594
3297 979
4759 2847
988 56
8053 4293
7960 4764
5135 5107
3030 1972
9497 3258
8165 5466
6360 1258
1356 928
8893 5340
8637 607
8812 450
4323 3712
1155 82
1008 958
6986 682
2981 1661
1956 577
6105 4110
7662 115
5493 1303
6921 2957
4813 1338
8605 6510
2791 2715
9042 8782
5571 160
9933 3787
5002 4555
303 39
6709 4576
3716 3077
3622 2067
2562 149
364 360
8974 7342
3768 3080
2209 1860
1028 532
312 159
2683 770
2399 1794
7133 4200
9318 4549
1309 276
1914 1326
8594 5245
9208 8433
8050 7208
2638 2456
71 26
1692 1350
4289 1618
7739 7280
261 245
6703 3105
8175 3544
2532 1902
4208 3157
1228 510
3120 1795
3492 2479
6398 2248
8299 7950
4608 3263
3708 562
9482 6945
4789 3493
7856 7776
1174 456
2293 1037
7285 7102
5124 2052
7586 246
475 302
7047 1317
9192 7709
925 729
7132 5010
5941 1607
8900 6929
9154 7528
9078 444
5485 1218
2901 2349
1796 625
485 414
6131 3043
1919 99
4427 1464
5414 5182
9416 6695
858 432
3229 3183
7587 2924
2735 822
1528 331
2597 2125
8602 4253
5233 952
3658 616
7797 4045
3385 1869
9798 3936
946 100
2839 2757
7297 5597
3667 2706
1002 262
2528 2500
4787 4570
8226 7200
101 95
8634 7041
8675 7385
5383 1988
3102 173
9812 6170
9595 505
8341 678
3004 1476
9187 7293
1089 1029
5773 4138
9436 6671
5804 416
467 102
3418 3136
1975 1328
3621 1343
8275 6935
9885 6578
294 281
6829 6315
9007 4743
8654 164
3380 2086
2718 2450
3725 2302
5056 1249
4143 2856
2118 1407
134 89
7802 3985
2491 449
5891 3152
8411 1295
9578 6591
5102 4980
9383 7789
5285 4350
8717 5825
7879 2388
8201 411
4351 944
161 44
6092 3114
5297 684
1922 85
4151 3249
7896 7030
9886 7095
1331 345
9118 2393
2858 1461
4496 2044
2606 259
8256 3641
3615 1068
7458 3011
6505 5983
5521 3911
3021 669
7325 3792
9346 2864
9746 6271
3565 1780
6506 4702
8572 2070
1520 894
1056 1009
1703 142
9244 4059
9400 7642
4560 1291
4288 2151
2153 1761
7116 1363
5497 2700
2176 556
2054 1022
3739 915
2512 2364
3503 2073
6489 2878
9883 748
7184 6926
4009 3432
4572 591
2149 1440
6055 5155
8228 2951
3843 3050
8588 829
3566 2025
9369 3678
3168 2675
5797 3063
8230 6496
4094 1980
7519 1129
5886 4758
3092 697
1983 1101
8064 4987
427 63
8182 7012
166 15
1712 1623
1380 1300
4406 4344
6026 1910
4307 654
4080 2233
3704 2946
5763 1313
6120 4123
7139 3085
9720 3007
8453 1733
1603 982
9755 4030
6911 6324
5051 4162
7665 742
1066 775
4120 2177
9259 4780
8350 5757
3309 182
7006 1923
507 152
4899 4536
5601 2410
2265 1116
144 113
587 239
1064 595
8087 7303
3279 2004
3522 1324
6713 5696
2942 812
3215 1102
6577 4346
1357 1191
1372 1335
8818 3146
9289 1404
2326 963
9950 3755
2251 1734
2968 2919
2355 776
9451 7773
6068 4320
4060 3267
714 398
9713 9065
5838 3224
2823 743
1675 1147
5883 5309
5821 4919
402 116
8964 3516
4088 3220
5955 4646
7395 3545
5718 1014
8635 3236
6478 5096
4705 1649
4065 542
1131 621
6145 6101
4032 3202
8845 5396
2134 896
6369 575
3650 3534
5170 1842
3298 573
6213 4044
5393 2908
7357 6678
6295 3098
5311 2708
8566 3691
7406 88
6692 443
6031 2875
4340 2378
2841 2802
6910 6778
5033 1184
5076 2295
6386 3372
4301 1312
8443 4456
1150 711
7881 2642
