776
7307 7969
7588 9770
9590 9661
7720 9573
2602 2925
2205 7920
6997 7880
5251 7140
2792 3609
524 8807
33 2535
2846 5922
4214 7956
1543 6015
4446 9384
7367 8386
5690 6702
1356 2830
3616 8651
5804 7552
8467 8741
7677 7807
1509 6009
2795 9234
2822 7882
4708 9210
6487 7777
5097 6181
9604 9711
6502 9405
7771 9216
2109 3523
6259 7021
8350 8729
96 7542
4807 6082
5960 7457
1355 2862
5423 8915
231 4355
6315 6490
3460 8383
5985 7510
7562 9864
873 6841
4146 8931
9073 9762
8867 9450
2305 5185
4207 8059
3145 5155
7131 8050
3361 5906
5680 8028
3829 6285
9346 9614
2652 5174
5867 6147
6634 8091
376 1376
5255 6846
8066 8699
3973 5846
4566 8767
1752 2319
1387 2604
5036 9869
1390 9736
3538 6112
8925 9524
2098 6554
2617 5301
6013 9169
6125 7819
485 4242
8213 8664
2341 9666
4947 7967
7370 8944
2244 4274
1656 4218
1830 4305
3079 5989
9213 9655
2580 3379
2731 9220
1286 2487
4376 4759
7991 8071
6102 7400
1498 5133
4348 8023
6786 6810
1660 5870
5516 8370
7214 7966
8322 8671
4365 6389
8277 9851
9468 9658
2484 9092
4249 6309
8794 9900
940 5298
8831 9393
3954 5789
4599 5330
5560 9964
5371 9517
508 4300
1658 9430
4801 5035
5294 6366
7224 8753
6474 7343
5832 6988
3411 4717
3536 9469
3038 4480
5417 8398
5253 8188
1561 9882
4953 8998
222 6051
2799 5659
3632 5620
8123 8881
3417 6842
6083 8520
7791 8225
6465 7951
3123 9454
3692 5282
6229 6821
6844 9700
5173 8016
5809 9538
7641 8553
3352 7897
6310 6917
5642 8706
5975 6918
4420 4701
3173 5445
4755 5164
9690 9949
4752 4943
2509 5733
5398 9284
1460 2959
5236 7476
7737 8064
1760 4787
2451 7873
8053 8543
6079 8250
6340 6683
5557 7441
9608 9954
3810 9035
2571 7770
2400 3344
8006 9116
6262 7145
9746 9858
6964 7289
5311 7603
4540 4700
5914 6397
3690 4162
7044 9175
8619 8752
4796 6096
7553 7925
9416 9951
8241 8484
4195 9463
8295 9102
1320 6113
5372 8221
8323 9353
19 4294
997 4790
140 9554
3235 8032
5652 6583
5506 8439
1765 3630
9337 9906
9059 9809
8945 9446
8661 9214
1831 4192
7901 9335
1439 4075
2635 9537
7272 9419
411 5084
2058 7779
4985 9673
9381 9937
1739 2215
123 8986
983 4059
6193 7006
509 5006
5788 7401
4881 5638
2866 7172
5001 9908
8286 8529
317 9058
1906 5909
5145 5728
1946 2623
1766 3022
529 3723
6581 9107
5665 8815
567 6677
397 3981
8824 8955
8335 9204
5891 8420
3124 4022
5646 5745
1833 6508
6777 7016
1123 6476
2088 6232
8327 9502
1210 2516
9710 9928
5092 9041
1332 4474
3031 6630
5442 6533
6198 6225
8280 9349
1761 6525
5519 5958
7614 8051
7068 7493
627 6482
639 9817
4670 8414
1458 7884
4899 8374
4316 5971
3908 8358
7159 9774
2855 9177
7355 9159
6103 7311
7486 8692
6593 8264
9580 9888
1872 4367
6362 7610
144 1478
1787 3885
6359 6681
2254 3867
7187 9821
7109 7326
1997 5360
3556 9651
6002 7155
9209 9522
174 9803
5845 9586
13 159
3806 8405
3308 4100
5404 9432
248 474
2227 6752
2067 6803
4020 4489
6694 6858
1501 8611
7444 9119
151 3389
9924 9974
574 4633
2212 9106
3635 5454
7834 9490
2049 8938
9668 9992
6839 8951
4765 8717
5380 9382
2296 6514
5470 8557
1187 4517
9519 9820
3653 8458
6146 7947
178 8814
6672 8796
6529 9108
9453 9515
7210 9738
5835 7458
3489 8328
2213 7290
6567 8514
4329 8941
4288 8932
6505 8325
1265 4596
7263 8384
6506 7817
8718 9038
1538 2091
5942 7313
5888 7127
61 6802
5668 5716
9179 9721
9778 9831
1679 4306
1851 2639
4310 9907
7816 9044
2661 4798
2076 3175
450 2236
2649 7998
8521 9854
6695 8750
6501 9518
7218 7928
5336 6249
742 5530
2526 5625
395 1652
3451 6203
30 9422
2687 5510
6086 7396
5499 6613
8848 9842
2216 4859
9816 9914
9292 9724
1472 9971
8008 9525
8313 8802
3544 5578
3627 6696
1850 7708
7922 8033
5204 5607
5060 5316
7054 9603
7194 7591
9740 9843
6422 6660
2184 7350
3736 4382
5024 6712
7373 9847
3201 5753
5568 6388
5643 6716
7629 7952
4770 7858
1990 8281
424 4817
223 1627
7276 7899
6406 8165
4510 5561
8778 9757
6067 6854
5424 6875
1279 2471
2473 7654
719 2746
2130 7128
3399 4029
5598 5752
5202 9687
7948 8766
2544 5996
1623 1937
7198 7890
7767 9699
4437 7754
9301 9444
9152 9466
6255 8614
1475 9541
6754 8610
1586 2028
9386 9549
1825 5322
4563 7963
9086 9460
8149 9645
815 8139
1133 4361
8376 9063
7139 8688
6530 8473
6673 7628
3296 5379
3763 4724
4604 9799
9560 9811
3448 6363
8387 8517
5714 6468
1293 5093
1578 8984
8649 9795
580 9255
7997 9995
8793 9688
1248 9550
5004 5726
792 6942
4126 4623
8809 9338
57 8963
3644 8430
3925 4335
9527 9748
1178 6947
2224 6779
1749 9417
4667 9769
3555 9910
6278 9437
1349 2413
4913 8902
1434 6569
259 8618
1352 9994
5466 5776
4132 6588
7829 9602
6417 9328
4448 8102
5894 7082
7219 8014
3199 5926
4077 5747
7802 9895
2151 7447
6387 9709
8662 9962
3299 6395
5590 8207
9779 9935
2010 7178
2594 2597
523 9142
9181 9232
1891 2375
3452 6522
893 6561
9233 9457
7456 9431
3207 6936
7540 7690
8549 8842
2191 6463
7213 8183
5647 7745
1776 5393
3063 8939
1737 6222
675 9001
3421 6934
545 1846
9520 9636
1174 2292
7138 7411
2725 5031
8069 9293
4019 7758
8888 9920
1510 4813
6949 9860
3824 5162
9115 9333
4529 8775
1987 6890
5199 6227
3720 5208
129 3006
6647 8933
1668 2359
2371 9076
5608 7464
9532 9815
8406 9866
767 1897
4166 4740
2806 9451
5796 8442
3759 9036
923 8371
754 1024
1770 8856
7625 8635
1393 2606
454 3645
227 7268
2620 4575
9182 9939
1606 4901
9578 9756
4283 8586
6795 9889
8224 9071
6399 9184
9922 9970
6900 9577
5737 9548
550 4987
92 3813
7236 7499
8491 9277
402 5462
5943 9186
8643 9387
1018 3084
7863 8784
1839 2901
5553 9616
9080 9802
4391 4802
7147 7691
6275 8836
9493 9579
4875 5117
367 5869
6415 7514
6364 9408
6231 7808
4926 4928
7342 8736
9827 9855
3842 5541
1924 5487
920 6060
1899 7428
9679 9938
5073 6019
8459 8817
7049 7482
1910 6058
7831 9039
3447 9535
9109 9729
1756 7180
399 2548
2178 6489
6010 7492
3014 6022
7449 7666
4828 8440
6030 7579
868 4057
6436 8805
2824 7410
5927 6089
2912 8564
313 503
3179 9022
466 8558
3820 8075
6481 8567
7248 8334
3568 8744
6298 8194
8012 9029
4215 4659
4645 6599
5293 5856
9081 9923
8995 9965
3081 7267
9055 9474
6312 7083
948 9121
6552 9632
5813 8764
4129 6497
1366 6100
8082 9067
9884 9977
7847 8132
2954 4825
3152 7557
6321 6652
4769 6480
327 4718
6977 8855
6277 9364
6455 7740
964 4165
4856 8519
600 5083
5840 7693
7992 9114
1964 6873
6974 8550
4545 9228
6704 8046
8389 9471
4513 6774
7981 8226
272 3117
3812 8799
5818 8701
5435 9407
9696 9999
926 9856
762 870
4710 7469
1415 5121
7748 8299
6425 8296
8705 9049
8956 9969
6727 8652
7855 9620
5163 8310
6775 8487
1140 6290
1608 3772
5291 8845
2756 4383
9319 9966
3470 6998
7550 8870
266 6705
1689 1726
3975 9104
6616 9867
520 8740
2147 5359
1266 3382
1202 7490
3266 7346
3030 8219
9823 9985
9412 9773
1322 6663
9893 9894
2092 4237
3074 7995
6602 7142
7577 8025
4565 9066
2277 4134
9329 9936
7727 7962
2863 7335
6643 8321
3058 3998
8119 8256
515 5995
6966 8638
686 1598
1046 1152
3926 9581
1751 7420
1440 9250
7216 9165
9680 9833
470 2039
1714 5874
1161 6110
586 6495
5782 7589
3096 7402
9544 9916
2951 7818
4867 6563
4259 8339
9583 9881
441 2105
3227 3574
8673 8795
5640 7895
6430 8403
1801 8400
3728 6263
4488 4773
118 8575
4204 9246
2924 9876
1193 7511
5418 9877
1996 2938
48 6987
295 2168
8773 9242
4639 4844
2902 9008
2160 7062
2692 9122
1525 9240
6094 8731
3852 7035
2856 7509
4564 5806
2804 8847
7621 9824
9488 9885
5343 6412
4229 4631
8303 9956
3802 7283
3407 8820
3691 9363
883 1635
1087 3302
2200 8063
706 9320
8997 9167
9584 9804
5230 5859
4777 5941
2999 5038
3539 8609
5861 7056
6679 9002
5178 6962
3861 9173
836 3131
3205 4976
626 7909
6117 8852
721 4803
1969 7207
1100 6526
652 6127
3532 4031
7037 7099
3765 9043
3766 9268
6585 6882
4520 5972
8804 8849
8044 8209
1948 7551
744 5071
5790 6719
2626 3905
4585 7181
534 6932
3864 9215
8727 9283
624 7918
3734 9456
3664 3931
9327 9486
7418 8536
7999 8366
7338 9611
8544 9814
2945 3301
2576 4321
2221 2819
7344 8142
761 9061
6413 9623
384 7525
5030 8087
999
9498 4763
8153 6666
9485 7356
2252 1793
6981 3892
2647 701
3873 2332
7908 925
928 369
2878 358
4886 462
1587 311
2690 1636
4954 204
9917 3303
3524 2802
3413 1517
1360 579
5903 3732
3178 1245
4619 438
1596 1388
5051 8
8189 4878
7842 6289
6736 6064
4608 4280
6787 329
4139 1318
6338 1916
1865 556
342 109
2157 1485
2686 2575
7470 2194
6638 4061
9046 4919
9960 1779
2230 991
167 154
4157 1031
3663 2128
9314 2825
4333 2057
8255 3610
1048 156
4429 418
1614 896
3554 2
4870 598
6251 4731
4788 564
7649 735
6190 6138
1782 360
4326 1667
225 80
4436 1866
162 79
6843 3425
5152 301
5685 5377
9362 9164
3982 1638
7302 3687
9553 18
7024 5088
8464 6156
888 455
2640 1191
9356 1620
945 293
3636 3316
6520 5137
5495 682
7481 5271
5558 1819
1912 969
6161 4456
3155 1234
7945 5436
4445 2511
9270 2316
5039 678
9141 7430
877 443
3497 2814
6261 4653
6207 1807
533 131
8048 4505
8417 4405
4286 1650
4087 2651
4224 899
1116 1014
636 583
4318 166
9355 286
1303 1233
2561 787
6790 68
972 15
2836 1803
1039 188
8525 1112
2629 2136
641 171
5349 967
1410 1216
3878 2940
4940 2048
2389 1579
3009 685
4263 2323
3418 2262
6038 5828
1744 645
756 368
7618 6243
354 44
5725 1628
6708 679
9839 5792
2854 1270
4934 1066
728 705
9358 5481
9406 5739
6017 2009
3307 1796
1880 1424
4980 2103
8971 7590
5808 2765
1728 1435
3795 2107
4491 173
5639 3496
653 607
4630 242
4772 1036
804 472
6200 1925
6428 4459
8565 2693
2253 1609
177 50
979 373
5056 4490
494 71
5814 4921
3936 3888
3969 2900
5661 4143
8583 5550
77 73
1283 669
3165 2289
1113 64
8404 6971
8724 4742
4231 2541
5821 2406
5324 3297
7491 1173
3112 1195
3933 876
1976 911
5873 2418
4256 2864
8388 7934
6715 649
8654 1794
5140 355
6014 4038
9235 6641
2132 406
2218 1457
863 217
5243 2798
5621 1341
7460 7332
2149 942
7061 5157
1938 565
561 6
2549 985
9271 4135
2834 1345
3681 665
88 46
4715 1583
6431 4683
5044 2518
3463 3462
3284 3168
1768 1071
1397 1029
3091 1619
7390 4974
4534 3596
1486 152
3416 2204
1463 1273
9050 3976
5679 3618
1159 1040
8841 7446
2036 370
6778 5439
7141 482
5777 1299
6419 3519
8163 3464
5567 3797
9012 4727
6294 5982
457 47
6860 1892
9660 8819
5848 3350
3002 104
2456 359
6908 4097
1019 481
805 179
2683 2498
3167 1774
4430 3401
4995 884
2706 765
4453 838
1110 1088
5473 611
8510 3477
7317 5218
436 51
581 70
1428 1121
7038 1537
2148 793
956 215
1672 63
6862 4012
5148 3822
5529 5400
5257 4346
6025 3403
4364 910
750 476
9830 7942
843 692
7368 4915
6053 1291
1847 1464
4319 643
4745 139
8621 7894
8162 527
3092 2713
8846 1327
782 718
4666 572
4902 233
3874 3446
3186 2546
4835 4738
995 575
1630 610
6631 3685
8438 72
6483 3839
7176 6335
4245 3126
2173 2159
8357 6911
4384 155
5635 184
4637 2936
1733 889
3234 1979
3526 3318
31 12
4182 2947
142 37
6545 26
1994 1661
2380 2340
5533 4905
3709 1306
8593 3512
2497 2452
4243 1260
2461 133
4475 4398
4647 3257
5260 4131
2708 602
11 9
4611 1934
4285 1142
1168 532
427 200
2685 1052
2642 1204
9287 6635
4762 3435
3481 1705
2513 1842
1763 331
2175 409
4986 209
5431 2572
8869 6807
8109 3068
6178 1017
9731 4536
2853 1032
253 176
4236 3696
1130 824
3085 1138
3335 404
2568 2536
6799 4109
4514 3080
8267 1035
880 14
4406 3140
5603 1089
9074 668
8446 3778
8993 2537
1552 760
1551 172
4831 1375
1931 1001
5951 5141
6668 3757
8138 6572
7633 1894
2197 1391
2325 1078
4937 563
469 445
6443 423
4497 2033
2276 715
4079 1465
5005 3971
9613 1144
9838 2956
7220 6955
592 372
3840 2032
6121 1963
9091 3708
2910 2553
8121 6068
8392 1354
6990 1569
7304 5785
8423 3695
6999 4142
6151 1960
375 20
3727 240
1719 1337
9919 937
1285 1135
3747 702
5310 5269
1438 1072
7009 5378
7250 2351
6625 6296
5299 2710
5670 5419
3100 2468
8801 5812
4879 475
6491 5318
7846 2310
601 23
3606 3486
2787 2242
5175 4500
3032 374
5923 3656
2994 208
7594 1532
7435 6005
353 298
4101 3755
3542 275
6855 340
9161 6946
6813 59
3176 2426
3503 2355
3331 1382
8603 4455
9682 2428
5826 1150
6163 145
4512 125
306 17
5734 390
3106 1077
5671 1145
7341 328
4997 3086
8972 3268
2973 2282
5511 350
3459 2805
3537 1806
16 4
5415 3841
3987 2851
6317 2042
5720 4296
4233 3328
8839 2937
2155 190
6549 1574
5136 2349
9501 7861
8271 5448
4800 1311
3065 2465
5331 2123
3374 3269
1314 1287
7879 7067
2397 907
2653 992
1708 1416
1536 1450
2596 1268
729 673
2404 747
3317 3288
7822 6012
7662 1147
1675 916
1670 489
9950 6920
1023 499
7689 6537
6416 2646
3684 949
2514 739
3245 689
1682 697
8004 3300
971 107
9414 4811
8031 1841
4617 1288
5467 52
2270 2234
846 667
9926 6373
6052 3116
6034 3613
2068 623
809 480
3576 1321
895 757
1275 54
2949 2603
9189 8719
2551 1336
6836 4095
8346 1585
9477 8451
6159 1995
5648 2127
9707 8352
4341 2189
7979 2505
7780 5735
2915 2520
3947 1067
3271 530
7225 4323
7672 647
4594 1351
5224 3313
860 41
2895 1255
558 221
2648 1799
3718 1315
3017 2353
9443 1220
4716 3229
5302 4593
9190 7096
4190 3612
1789 291
6418 2501
6118 4891
7824 5033
2192 1975
5385 1003
3793 1855
3260 1853
5108 4579
5976 5619
7832 590
9010 1999
3676 207
9768 8913
5460 723
1408 1257
8672 8279
4433 126
5829 5062
5275 4775
4244 594
8877 2374
2896 1673
816 771
8029 4799
1629 487
5363 4478
8247 6044
2433 1012
5484 5219
9399 882
2909 1165
9503 6202
4896 2803
8853 6216
2208 1788
5795 4784
9143 4816
5889 1862
4170 1697
3346 3135
8492 3741
420 175
2116 1368
932 811
2577 425
9641 3646
5459 1813
9741 43
9698 7426
2885 2588
8894 2727
6992 3410
3960 3760
6441 4065
6307 1443
2524 471
560 500
3872 2750
9963 8584
42 36
3019 2372
2402 1966
4282 2997
9669 1484
9425 4255
2613 1651
6796 1958
703 150
955 864
7730 112
2018 549
8512 5312
4693 333
1153 976
3241 1043
6697 4099
6069 105
5094 2115
5357 791
447 205
2658 960
4105 3634
2967 1207
8962 7728
3548 2085
8390 4509
9862 2628
3845 1137
698 584
7158 5052
7105 3739
9021 4054
1624 315
8599 5070
9701 3745
9953 2850
6269 5395
4435 3870
681 127
3579 763
4848 252
8480 8192
8677 3647
1108 284
8733 8657
1292 795
6224 3589
1678 1240
2930 1074
343 236
8413 2916
4855 4388
9558 5180
5746 1844
691 81
7665 4781
4550 2884
9665 2701
1972 783
6184 5780
1607 1274
3487 3010
1252 544
7712 5007
849 688
7244 664
8844 6291
4904 283
7052 2963
8999 2334
1394 352
3502 407
4616 4228
8237 210
6967 2751
507 334
1442 277
2772 1886
4123 3559
386 40
9786 3337
3746 2336
2733 516
1272 1170
1725 1704
5544 2167
7545 5037
1372 263
1025 597
7392 2118
4027 444
6475 4624
7174 823
7474 3213
5226 310
4636 1736
7604 2745
3773 2682
5992 3853
3940 1544
1319 279
34 29
5528 1230
8318 7397
3412 473
6603 3230
5724 435
4822 2667
4266 777
2075 1854
8393 7709
3409 3339
8777 2582
2625 128
4425 3668
7971 943
3054 803
5692 211
8730 4039
7640 4968
5617 4471
8018 7762
2523 2134
2100 1852
6107 1711
4549 160
3252 2852
8486 3897
1688 218
2411 605
853 106
7655 6391
6228 2301
4845 3368
9587 5801
6939 3278
9708 6212
74 58
4889 1065
8147 6896
4356 2322
6923 3967
2387 2008
933 302
5698 772
9397 3021
6447 3993
5334 1981
1433 1148
2063 2035
3640 886
2656 1080
2211 117
2638 2358
2485 1310
7186 4464
7206 5135
8722 1183
9932 1957
8099 5973
4522 2764
1730 1403
8588 3648
6157 1063
5160 2932
181 165
7448 3358
2438 2294
5040 2917
9040 7630
2154 337
8874 4785
908 548
8634 4246
8538 1420
130 75
8136 2095
736 628
6164 2055
3224 32
6394 498
4119 3951
90 66
391 264
3533 2718
6080 1671
6847 1302
4894 4088
1431 226
7953 1344
5176 4648
1684 1481
6076 1718
3777 1986
3889 3045
3150 364
9341 1503
8829 5167
2861 153
1361 540
7432 4277
2361 1016
4085 4043
3253 2560
9697 2093
6621 4703
1662 1295
6919 5600
1604 1176
9410 6453
4960 4226
7756 7177
576 365
3600 3461
7277 7007
8195 4832
1654 661
2382 2285
6791 3753
4573 366
4605 4111
6343 3039
8340 973
8441 3779
2813 419
6195 5146
4314 1545
2284 1499
2064 307
8526 3805
2601 2084
5994 2476
4076 1313
1307 282
3141 1519
6904 6888
5823 5347
6433 468
9753 4432
7848 3581
5115 3226
8604 7782
9685 506
7853 6662
1560 371
3992 596
5583 4956
3233 894
2392 553
452 392
3242 614
2108 717
9693 8556
2357 182
813 143
4493 790
1534 974
2807 1134
4865 3225
1249 1096
3439 3013
8768 2001
8190 5681
7382 4298
7936 1699
3909 254
724 239
1655 1591
8700 84
3326 1898
640 577
6914 3340
479 3
9542 4771
9006 7980
7723 2038
7017 3119
7197 7111
3221 1238
6658 5704
9652 5314
491 477
7561 4998
526 289
2495 22
4830 1053
496 146
3847 1950
4681 3899
2271 2120
3622 1873
9297 5076
9054 7572
743 97
2928 2114
8184 7443
7154 6562
5390 4836
7085 5427
734 115
4589 4089
7673 6651
5968 245
2525 2383
727 722
1430 99
9880 6903
9819 4442
7107 4964
3530 2190
6357 5405
4732 1482
8399 7479
1206 841
9309 2455
234 120
2021 725
281 257
3607 2143
1903 335
851 89
9557 3342
5086 321
5913 1437
2723 1824
3027 119
3903 170
2082 1644
1381 1124
6831 4644
3770 1188
7185 2111
5675 4590
9459 2083
3582 1084
8685 7788
7125 147
5863 351
7483 7121
3274 2753
8548 1615
8703 6427
7527 4073
5871 644
7303 3050
4572 3169
9303 8509
9495 6144
7743 3866
6504 3749
9513 1090
5254 2333
1879 82
6544 3621
7358 4220
9989 2410
5564 3506
6349 3369
8320 336
3097 2344
9790 2381
7232 2291
6045 1451
3431 2229
3073 2631
1242 1033
3103 834
3321 2927
3707 2911
9857 3370
1497 874
2660 1834
5715 1013
8893 3956
6265 1835
5893 3990
6523 6085
881 660
1247 448
9744 5637
6874 3048
6838 5934
4193 387
1542 408
1045 537
2600 1575
8691 4702
7296 7251
5016 464
8259 8039
7025 3796
6440 5041
4093 2031
2373 1328
341 21
1611 1453
7800 5539
7984 1441
4000 2581
6093 5949
6050 5754
1104 428
6448 4910
2343 855
271 76
8835 2672
3294 2074
3231 2832
8463 7378
4199 246
5761 2312
456 400
2666 1603
3304 2023
4402 3942
6288 2141
1263 758
807 303
8074 7593
680 330
4733 4253
6763 4368
7381 3884
7529 1395
8107 3807
2196 1055
8479 2401
4428 909
3608 2129
7484 6951
4145 3020
3569 2050
9018 432
5946 1154
6618 5805
8776 3816
