159
8809 9176
504 5233
4031 5975
5344 9992
1184 3078
8612 9757
3606 3822
5014 9193
1973 4157
2077 7991
1598 6359
6676 9333
887 5171
1196 7347
6608 9585
6050 9305
8914 9218
2002 7233
4642 6652
7169 9846
139 2558
4775 8232
8659 8961
8305 9424
9367 9500
3550 5880
537 862
1097 5686
4088 6418
7925 8493
4275 4542
5090 6505
4334 8119
2500 9011
9422 9771
8951 9051
8060 9620
9670 9774
4365 9632
5690 5958
6093 7515
2291 6258
7284 8578
4888 6133
86 6961
8648 8771
3171 8623
635 9263
2818 3242
3334 3780
7685 9143
6649 7827
1669 8292
2707 7083
1474 8793
6226 8772
923 1048
179 8260
9569 9636
4712 9615
1595 1869
6725 6947
1016 4747
3227 7538
463 8859
7094 8509
6713 7877
870 1942
6658 9165
5522 5629
9967 9987
5807 7160
8871 9211
3196 4599
7262 7508
7107 9887
2898 3744
9241 9410
708 5483
9631 9971
2801 6779
8047 8890
6825 8500
5794 7931
7143 9908
3199 4584
5499 9521
1070 5352
4724 9188
8979 9075
5573 6169
1506 1790
6590 8550
836 3502
4716 9255
6674 8177
4555 9431
5270 9026
4761 8811
7111 9327
9807 9974
2391 5019
1966 8749
1624 2209
4244 8719
8985 9857
5601 9377
9496 9820
9798 9865
4016 7381
7582 7865
3657 9833
1754 9456
9090 9710
1289 4402
6913 9989
5720 8310
6381 8198
2406 7960
1153 9923
8033 9469
6957 9197
4812 5663
3075 8536
4857 9589
5498 9096
2472 4750
2108 9175
6011 6927
5697 9166
7461 7492
5758 7356
9351 9752
4370 9452
8166 9868
9316 9334
7848 8832
9758 9922
6141 7030
9203 9963
8962 9635
9486 9739
2105 4141
1344 2984
9859 9906
3794 4400
7919 8867
556 2403
7462 9872
3922 7896
8386 9545
4968 8467
7234 9634
8252 8674
9880 9924
7026 7290
1059 6416
2400 8387
218 9394
499
1597 620
7279 3423
2575 799
2305 215
6786 4264
5699 2571
2678 394
9239 8990
8131 5743
9847 9460
6707 1098
4932 1268
3624 2837
8453 2649
4117 1002
8411 6561
1794 1248
1736 1147
5012 3056
7835 3416
4947 2161
5100 659
316 256
4756 3324
83 28
105 58
6329 1319
4436 3954
5623 4884
5112 3835
7179 2784
2006 421
7297 2424
1781 1249
4533 3725
9053 3632
4348 3534
6063 2352
3770 2587
683 252
4906 4889
8806 8795
7965 2114
7514 7502
2083 1843
4009 1247
1774 72
9437 4044
4491 2169
2237 2230
2031 1653
9475 2183
3872 3101
4539 4193
7312 2512
5194 1936
6392 5246
3551 2550
6346 795
6448 2224
5353 5237
9425 2480
2401 346
8685 8142
4887 2229
1197 460
3156 3051
3556 656
5192 3726
1206 326
7186 2693
3245 1591
7305 1128
8916 3316
6847 3224
4079 1606
3478 2983
6396 1891
3375 111
9345 7415
5335 985
6492 3975
3917 3522
8768 5457
9023 8427
333 27
2064 1739
8176 5923
6192 1835
9574 8099
3309 2223
3873 2001
1130 775
3396 3016
5489 3301
2639 765
4743 347
863 287
4830 1010
2485 724
8819 6433
9020 5596
5858 1276
6577 5290
7353 5085
452 10
4469 2689
3886 3869
5656 3411
678 666
4859 817
2497 1767
6379 1195
7818 171
6457 1746
2259 335
7782 3371
7862 3169
4472 2720
3265 2053
2884 2176
7629 6017
1250 44
6503 1287
3803 291
9297 1719
952 50
5652 2942
1297 331
6108 5722
793 545
136 48
1112 547
2471 1224
2822 280
4705 317
6039 2841
7624 5402
2731 37
7714 3819
7731 5482
1616 1053
1738 1125
9132 7473
7378 6965
4595 4122
5550 146
9946 5485
5347 3359
7947 7147
2559 1600
5301 5296
9384 7389
8546 2289
3927 2179
574 469
1235 601
564 174
9573 3258
9450 7314
1304 1022
5219 4623
685 382
9684 3143
7579 2995
8433 2940
9461 8712
3901 2904
7946 7633
5060 3593
6143 222
5741 885
2863 46
7281 268
5346 2288
3281 940
9458 8852
3417 2324
4369 821
1684 1191
9945 9108
7567 5175
1407 90
1969 1328
867 29
2042 1778
2513 1539
8901 4378
2749 450
3740 201
6875 6828
5521 2091
3397 2277
350 162
7805 5576
6884 3795
1654 1252
7693 4619
3494 1621
3095 2530
6174 5056
106 103
3349 3225
7921 6070
441 131
5902 2454
5751 2637
9809 1475
283 60
8031 70
7000 4110
4381 3437
5147 3569
2159 637
8773 392
4416 4083
4518 3937
3671 2861
6728 976
5518 785
4629 448
8222 7507
7225 6130
971 206
1393 844
9661 6973
5952 2729
8595 3859
4343 3617
1261 419
5105 3067
7449 2939
6126 3591
4531 3405
7626 5723
5554 4457
4064 3515
5206 3758
6004 2955
7719 7354
226 143
9991 8790
2541 989
1082 363
3757 2327
5132 2335
4993 1702
2553 1851
2599 1857
1726 587
9762 5624
1180 202
4065 1954
5853 760
2052 1512
5832 2891
9783 7034
5198 2948
1004 458
3600 782
7421 4911
8365 7007
2567 745
466 117
1222 939
7824 2947
1710 1169
2061 1211
5719 5436
413 359
397 23
9532 344
1058 968
1449 979
5568 3616
4895 4686
5641 2797
1673 1667
3753 3097
5591 4675
2409 1535
6990 835
5050 2945
3158 87
3304 2966
2879 1409
2605 1888
1549 308
577 32
3669 203
8408 272
4361 2078
9679 2809
5754 3287
49 4
1783 1207
8070 1902
8171 3100
7495 1011
2000 855
3127 1537
7783 5933
9504 764
6764 1581
6277 5127
2964 1956
9663 6177
900 224
1749 697
8379 2533
7413 7207
1689 1594
682 507
9010 8024
5140 4113
5667 2529
7446 3165
5423 1879
7606 3034
6909 4327
4725 2407
7400 2370
9534 9494
5666 800
9871 425
1039 588
1389 820
5125 3902
3638 1935
3542 1647
5782 55
7263 4869
1093 51
6631 3518
3111 1814
3222 2453
8650 6760
5669 2382
8109 5080
8216 2957
7318 1325
1050 254
2935 2234
8351 4038
9539 1652
9864 4076
1714 1464
5087 2207
3270 1657
694 98
2647 1138
3686 3659
6540 571
8759 8657
2762 566
26 15
1166 159
6954 4125
819 527
307 93
8781 8443
16 2
9169 33
5540 865
3000 1958
6943 905
9941 1727
4958 2690
4543 3961
2387 2204
9862 1008
7494 1707
7546 2191
3439 2404
667 38
9702 2034
9013 4464
4459 3150
8695 3446
2908 1521
3427 938
434 373
7061 5950
3415 2531
8665 2896
6350 5449
7908 4237
618 137
8383 3882
8154 1877
5329 2271
5369 2149
5148 3921
769 643
9849 3070
8354 2301
712 290
2476 1509
7182 6579
8904 7285
420 192
1005 430
1782 135
240 161
8128 7729
2498 916
686 100
7577 79
4881 4487
9118 6619
4843 3216
9022 8012
669 341
4368 2389
2491 727
858 700
5419 3003
378 205
1478 524
3699 1229
6374 3146
8970 4260
4588 4435
1536 99
2765 1397
6866 5866
4225 68
9858 698
4227 343
5098 4298
7015 751
4615 2799
4981 355
7918 3266
4284 2044
1700 1468
3026 2892
9415 4171
4547 610
3567 2779
7832 1612
3198 487
6464 4727
9164 5800
7482 5739
1648 187
64 1
1679 479
6912 4259
9373 3958
5574 4852
4535 3670
902 859
6969 221
323 141
8210 3447
407 340
3208 2441
5053 4987
152 36
1547 1375
273 8
8093 5164
7667 5378
260 239
4306 2538
8968 5493
4109 554
4454 401
4942 2082
1212 645
6321 1526
3957 3432
3947 717
3002 1141
7332 241
8114 1492
4439 3796
5972 4800
7854 4769
6784 2549
483 78
7418 238
1611 330
2116 63
621 186
4671 2951
972 646
5727 1839
1975 191
6078 6027
285 122
7757 7110
9729 597
2238 1071
7075 5159
540 477
5711 2142
7830 4476
