202
1805 7550
9829 9838
5433 8530
2118 3275
7552 7920
1073 6228
601 3634
181 5909
7124 9014
2517 4936
8533 8990
1860 4395
2958 9928
9143 9416
4099 7869
5879 6910
3404 3655
8671 8805
8886 9800
2066 7562
1813 8183
7458 7993
1335 5156
4785 4976
3055 8161
1616 7050
1394 5519
1213 6320
2386 5739
2693 5091
900 8663
1362 9265
7456 9870
5279 6022
9588 9688
2106 8128
7377 9912
3334 9585
5846 9696
3210 7914
8309 9610
2863 9911
2220 8101
122 5395
4870 9010
5841 7577
3092 9360
4239 4259
1692 2156
1017 2712
7592 7847
5103 7886
4186 4258
9554 9814
652 3759
3037 8908
6641 6660
5026 5586
6593 7076
9278 9395
2239 8280
9736 9917
2124 4832
8616 8703
5945 6812
5896 9169
1253 3986
8667 9194
1131 4309
3578 7477
7738 9518
9038 9117
3894 8443
6015 6584
3212 6270
343 9812
352 478
7355 7686
5885 5911
7979 9410
5546 5736
5699 9435
6829 9349
1723 7051
25 4070
4542 6554
7513 8855
5606 7589
8300 9515
6366 7787
9654 9903
4822 7125
24 7032
9566 9761
1833 6541
6478 7296
3475 8313
553 3753
1571 8811
488 5830
5436 8283
8823 9857
9408 9638
3821 7926
3715 8417
7156 7528
4831 9875
2838 9339
3694 5882
7461 9176
6827 8745
4646 5924
8922 9329
1626 7891
2126 2770
3121 5158
4821 9042
6401 9915
1409 8206
7967 9579
778 2793
8698 9519
2848 7859
4153 6311
9557 9979
3320 5173
5127 6235
5478 7814
8686 9483
2379 9491
4264 7035
2035 6740
7243 8608
8255 8427
3400 5543
2294 6259
771 8501
5923 6191
925 5541
316 5402
7187 7431
1421 7750
2460 8429
8134 8506
6598 7488
989 6396
3434 7343
7952 8304
499 1725
7331 8764
4097 5161
8319 8584
6276 6839
3992 6496
9535 9914
5438 7200
3093 8660
8714 9368
2524 4389
7297 8794
1223 7489
2277 4987
8564 8650
8753 9871
4246 7066
20 8515
5816 7888
9328 9889
7585 9250
9476 9788
2593 9145
4966 8870
9123 9984
7091 9991
4510 9093
3541 6888
526 6065
3640 8267
2385 7590
8238 8920
9019 9490
2029 7861
8436 9697
6281 9965
3884 4109
7040 8633
1510 3726
9455 9862
2217 6811
8171 9310
5115 7583
8483 9531
2849 9210
4673 8636
2089 7687
1633 3040
5575 9392
5978 7287
381 5742
3112 7259
4253 8445
4191 4932
852
4709 4574
3697 2690
6023 5884
8173 6247
1062 18
2099 1915
1697 743
5877 440
5324 505
4090 3473
862 603
8458 3224
8814 501
4079 349
1162 689
8879 5883
2619 1804
1814 1158
4820 983
134 36
9492 1160
5096 282
5640 5220
7966 6061
2899 1587
6943 1390
298 92
8263 6909
1607 318
5919 5701
7725 6480
3433 312
5458 871
4731 2101
9925 9016
8314 2608
2987 1453
1539 1141
4403 1237
6818 4408
7079 5735
3811 769
7005 855
2865 1323
5683 2859
3219 2785
1041 416
7188 519
8612 1254
6947 2404
7989 2887
5634 2012
3348 2147
4412 3101
3438 1899
8871 8191
4695 2823
2791 704
6134 5549
8423 834
2943 104
4601 4295
8066 1072
4434 1575
7423 911
2735 2732
9406 7347
9184 4545
5424 1364
9602 7295
6060 2216
7941 5286
1623 472
3586 2354
8569 8284
985 307
5457 2807
3256 1498
9196 7285
1152 247
7656 5751
5565 5085
1690 1212
9961 9502
6393 645
5600 4704
3485 1326
7711 2340
6445 2874
333 58
2657 1847
670 265
7181 6216
4480 2037
8504 3872
9768 1973
1049 204
7380 3717
7517 7224
2955 2231
4589 4160
2387 1851
4937 4094
9586 8129
8065 5052
2628 2563
8967 2688
2970 387
734 383
1659 882
2336 148
7474 4636
3855 2140
7140 4883
9135 7636
9027 5260
8599 3786
4899 4311
2658 1442
9266 8651
4736 4465
9742 7875
5747 2803
8898 3171
3051 1888
676 346
8765 1108
8188 613
1527 332
3736 3187
6725 4803
8418 7754
7057 5011
2512 56
6312 1797
5954 3288
4250 1138
2412 2014
549 365
2626 2039
8880 2452
1460 297
1644 1327
6822 5046
2219 907
7429 1172
4463 3104
8973 4652
1640 1086
7798 7106
5754 4478
8369 3574
3674 1608
5817 897
5734 510
7751 327
1771 1589
6323 3860
2018 1261
4786 1873
5583 5197
7713 21
6430 4606
6663 669
6668 6217
1337 898
1196 228
3958 801
2361 697
1066 301
1985 568
6273 1507
2555 384
8568 5227
8670 6082
3366 1426
5408 1686
7286 4867
4494 1904
1812 6
7809 5697
2780 2446
175 54
8516 155
9996 4474
355 185
5494 1542
7362 4108
8029 2457
4197 3393
4340 1454
7127 3576
6650 6059
3778 199
856 396
8543 3209
3440 853
8587 7130
1946 1912
6987 4628
6552 220
4404 4017
6866 637
3293 591
2373 1104
5624 5070
9286 7710
7621 6794
8619 1235
2397 561
7620 6863
5394 64
9637 5636
6181 4650
4115 2031
2787 508
6715 2919
4591 741
1970 486
9419 7715
8734 2954
9485 174
8251 7981
7221 3231
9170 2502
5590 4585
2589 1216
9999 2283
1890 1156
9844 1889
4642 1543
2011 46
8271 6510
5256 2576
3999 2771
6942 5290
668 163
9348 6981
4407 404
942 35
8812 7443
2459 63
9541 218
7090 7082
2764 1892
9772 9211
330 219
6768 4209
9167 5915
9056 1880
240 128
944 217
8567 5131
2275 1091
4587 1001
136 42
1103 790
8477 438
8317 5491
1995 1069
7448 3287
3600 610
9473 8637
6329 5770
3913 1392
9923 9300
2075 1610
1358 266
3619 2521
3057 1150
3903 2833
8923 8544
3817 823
3378 180
5121 1583
9894 6027
2418 2067
4454 1914
8353 4522
7136 2893
5887 2699
3597 2566
3417 1006
6050 1035
1250 71
9731 5130
8040 2415
3910 2931
4809 910
454 2
4064 186
6627 14
2896 2440
4120 3206
7341 540
1008 244
7778 3829
412 339
913 663
7948 5536
6631 1420
2053 1950
4168 714
3745 502
5399 2842
3276 2543
10 7
3573 2172
1217 188
3332 788
7734 319
2150 1943
6043 4010
8664 7309
9626 5205
7957 4869
632 484
2567 500
6123 4890
2038 361
8072 2631
8987 3892
6152 1752
4066 1074
4328 1674
2161 173
4352 1519
7195 6594
8547 8387
4978 3086
4324 792
6196 5183
3042 1002
242 69
2495 1178
538 245
5632 2130
869 215
5148 4313
6902 5815
3962 1820
5991 4842
7866 3480
547 453
8154 7116
8156 6265
6743 1096
5474 655
5905 1229
5798 1576
851 127
9118 3841
2829 2121
4511 2496
256 208
9322 3789
7640 6381
4793 2145
4422 4104
6653 5743
6302 2672
1620 799
8556 144
5232 2822
2939 1055
7718 3036
6751 5442
3165 575
9728 5300
708 290
8691 6113
8646 4912
6135 238
7911 7676
9288 4854
9245 8479
2678 995
1927 539
2709 2026
3507 1248
4183 1737
5834 1023
295 102
7883 6640
7447 6253
2683 459
9306 7626
9178 3324
3301 477
7757 4132
9827 3713
3263 598
7266 2092
4516 2022
2435 2154
1533 651
6564 6231
7978 892
5027 3157
2447 861
4369 2314
9796 8573
5511 3863
5752 1452
9907 3671
963 758
1919 744
1051 418
1228 1199
6972 5972
2983 1561
9691 5410
6439 5427
4797 4477
5829 3127
6690 3756
1090 709
3178 842
7198 6249
4268 3688
9133 630
7168 6243
3627 1365
3973 808
2482 2254
2679 1282
6446 5847
7872 138
8420 7062
979 761
4234 2784
6876 2209
1422 889
8929 2999
9331 3162
8180 7998
4380 1088
9640 1598
3689 2257
4281 986
7260 6962
4028 3285
9514 6540
8430 88
7235 1803
5822 972
2138 1279
8628 873
7096 1446
5902 2070
8311 4207
6487 5662
4757 32
7557 5964
2963 765
9223 4873
2835 94
8934 4607
4718 946
919 193
6053 4363
2834 1219
3427 1114
4710 2924
4649 2377
44 41
5524 417
5303 2244
4579 131
5572 328
1239 80
2717 1116
2478 1127
8404 4547
1419 271
5308 1586
1354 216
9468 6168
6694 1925
8007 1157
836 690
1826 1225
7463 524
5644 95
7311 2330
3953 2748
2857 664
3096 1469
8204 3551
492 76
3618 3608
2427 933
8983 4286
8431 5188
9874 235
3247 2875
8749 3537
3330 2229
6881 3357
6129 5346
4980 3509
8848 4255
3401 1205
7201 4113
4169 27
9440 3154
8091 466
5608 310
9062 8558
6495 1137
878 860
715 617
9784 9505
7810 1463
5658 5164
1233 1015
5737 5179
9025 8155
2669 439
5552 202
3064 1746
2158 1425
2007 1163
4880 2173
2550 487
7161 5102
793 627
7453 2248
4121 3592
2868 590
5703 1590
4054 3555
3344 1204
4436 2246
6062 3405
7199 3546
2352 1781
6542 6300
483 229
9462 9362
6546 4238
3893 1957
4043 931
1900 960
885 456
8046 6703
2047 1730
5007 3229
8906 2743
3471 2265
2573 2488
8037 6770
6685 1382
2642 1004
3232 1935
4603 2272
8386 5419
2403 562
7415 6435
9783 4732
7402 5135
8392 6376
8525 7689
3649 3358
6317 2251
5187 2242
2341 1629
8838 7255
2734 608
1751 373
6189 4909
7700 1871
5934 340
8921 1691
6095 1494
2471 1057
4150 448
5655 2017
4672 167
1601 1540
9706 5990
5957 5876
3587 2708
8659 2027
7117 2686
5694 782
7141 1048
9290 2245
2432 796
2906 2815
4616 413
581 425
2646 999
9833 786
3641 727
1462 755
5422 3840
7164 5028
5437 4782
3749 3687
3082 306
1030 382
2660 1333
3394 2215
7095 6293
6795 1941
8711 657
3136 1232
9205 8224
4891 179
9756 4823
7645 3243
4874 2392
5573 2362
5970 2143
3149 1356
3062 460
3341 2538
7350 3314
7760 1398
1124 920
6427 1893
5047 2718
9658 237
525 84
9233 5364
6163 479
2419 2200
5880 4598
4003 386
9474 8338
2357 223
3682 426
6451 777
2401 1699
875 661
9111 763
1642 881
8193 2490
8649 4864
5357 1144
1619 1476
1488 1387
7970 3828
6880 2218
5809 1753
6258 4449
3236 1184
3658 949
8717 5182
2666 706
7657 3102
9942 9022
6345 4755
4199 646
3425 577
177 153
5420 280
711 320
8697 982
5468 133
6724 4702
3954 2883
1176 764
6559 3933
8887 7167
9707 2779
8927 6590
774 200
6967 5184
5355 1600
9229 6752
8509 2480
8955 8942
2878 1819
313 258
6832 6816
5985 3027
4943 803
6463 288
7898 4524
5597 3321
2171 1218
8772 1643
1149 980
554 73
2652 2390
4512 4063
8918 2696
6732 5289
4242 1399
6025 1230
1174 817
7055 4813
8080 5134
2694 991
566 137
4088 3806
4777 1532
2437 115
164 117
8507 6116
2637 2547
1154 1148
9369 8157
9188 5782
156 89
7785 3255
5872 1988
9699 6838
3315 2549
8077 6072
7828 482
6330 1033
2580 85
1743 47
1386 1209
1475 725
5005 678
8200 6432
7344 3835
3661 969
3198 2607
4271 371
7529 2063
3951 541
3590 2276
2930 1799
7628 5853
4128 2536
6254 205
9090 8648
5483 3970
2381 1863
4446 1136
6034 2467
3369 1085
5172 3638
5542 4527
3791 616
8653 6868
9623 543
5088 1648
5706 4343
2621 53
5551 4346
2348 2135
7487 5558
5952 1817
5688 3948
1451 1402
5284 3435
5367 4837
9601 405
4958 3991
6208 2313
773 285
9389 8394
9773 5808
2166 1778
5325 3861
8456 4708
2557 612
3481 246
442 15
4221 726
3389 733
4341 1822
4004 644
7901 3308
7071 6523
9353 6390
914 147
145 129
8866 8699
9313 187
8375 6720
2252 1353
7290 3313
1695 866
7769 495
2871 2400
8299 833
4617 2994
8113 3283
8213 5109
2923 1290
8590 5870
7817 1191
7301 3850
2565 1564
2003 1905
990 776
2078 1885
6110 3100
6149 4846
3091 754
2533 1774
7567 7543
6458 876
8748 918
8858 2548
4850 4743
9630 1736
5939 2651
4906 4529
9128 5962
9982 514
9509 8145
2192 1614
463 272
2561 1793
5824 5648
2500 814
394 119
3833 1765
3912 2237
4237 961
7173 6040
9401 6532
7595 2726
1978 965
4671 4223
5760 3144
3542 1094
6206 794
5668 3531
9884 9319
8098 45
1314 1198
8073 798
8383 5153
557 112
7804 7506
3518 1658
8122 2268
2177 1841
2305 527
9825 4229
5236 4698
7320 3708
5072 3556
6792 5360
1259 192
4984 4949
2586 2351
7218 5276
5696 1377
1806 1401
3350 2491
3511 1000
7648 314
