205
361 6597
9134 9588
4645 6636
5324 9429
8369 9673
6101 7316
2272 6463
9640 9924
4985 6919
9026 9978
8075 9666
3948 9006
3970 5776
4607 7208
8284 9713
5674 5905
9580 9759
4967 8858
9653 9707
4406 7728
1784 8478
4455 6343
2020 9306
7932 8856
2309 7279
1493 9323
4314 5683
8285 9568
9394 9835
8336 8712
8769 9566
334 5830
6302 9889
4432 6987
7385 7803
3304 7460
2023 9705
8073 9536
569 9837
9596 9637
8942 9970
9188 9511
5975 9317
3997 8148
1563 5343
4022 7150
3555 3906
1513 4281
4105 7225
2579 8482
1251 5104
6986 7456
6966 9668
586 5429
9526 9826
9513 9737
5171 7230
4823 8988
8150 8292
1316 9827
4999 8149
9327 9818
2054 4789
8870 9360
6914 8104
9070 9105
1198 8749
1631 6108
7038 7832
4533 5239
883 1306
3844 5342
8045 9659
7326 9754
9833 9951
2959 8594
6320 9090
272 4032
4248 7550
3113 6375
7801 9391
1950 8622
7925 9625
4780 8427
3235 7444
5851 9852
842 886
492 6501
1999 3265
2697 7119
5856 9856
2587 2614
628 9347
1588 4018
9641 9944
7941 8310
8642 9419
3614 5989
5025 8475
2334 3705
2981 6301
5382 9200
3136 5422
6657 9926
1544 7825
8160 8826
5014 5865
6544 7118
4587 8585
8353 9964
3230 8356
3673 9283
8453 9878
7262 8965
6868 6976
980 9122
7918 8001
720 4670
4364 8655
7655 7838
5222 7908
3380 8850
3805 4122
8295 9138
2094 7378
7921 8002
7524 9867
5580 7572
2989 7647
577 1813
8355 8627
9688 9844
389 4806
2066 4046
226 1656
6113 7125
5044 5360
4398 9047
3533 5153
2901 8282
4995 9048
7922 9761
7304 7382
7938 9948
2 6338
902 4008
8296 8418
7508 8479
5774 6695
3391 4329
6628 9246
5258 6193
4948 6793
1337 8556
2248 5813
8862 9423
5124 7547
4343 5154
4539 4658
336 1533
6581 8545
8605 9233
4375 6226
5822 7257
4997 5253
8836 9453
8571 9438
3546 6219
5486 9385
1255 1903
3926 5080
6962 7980
4237 7314
2296 8247
3400 7428
1066 8863
9697 9967
8361 8456
8177 9382
5475 6813
3536 6471
2823 4692
8342 9483
3266 6798
1546 6058
598 5332
6178 8522
2577 6150
9102 9107
2015 8708
2029 2401
1836 9208
601 3951
4498 6963
5341 8367
8551 8982
7146 8061
8834 9344
1049 2469
8500 8643
9561 9797
3431 9315
2658 8393
722 3728
4687 5418
499
1930 1004
9644 169
3053 443
3611 2012
4197 3430
287 270
9407 5464
4262 1528
2109 417
6130 2278
4502 1344
3873 1357
1434 1014
7420 7177
4925 4877
941 917
4932 4522
9753 7528
3524 2663
50 23
120 10
9411 6128
1073 212
7483 1010
338 174
9934 2009
8581 471
4133 2493
8071 2041
4520 4001
7447 1252
2727 2421
8010 3220
796 789
7204 1542
1827 1140
3283 2260
5269 1988
5243 3334
4591 3350
1543 1000
3233 2164
3788 2600
1206 411
3909 1161
7522 5730
4784 3966
7754 5189
2945 2827
2847 2774
8691 1971
1093 644
1579 373
505 261
7332 2149
3781 3079
1901 252
7077 3262
7920 3957
2485 965
2968 1600
7554 6374
7256 6759
2572 536
9900 9299
2159 177
9508 8723
4590 3943
3544 2754
1736 675
5874 1550
5412 37
8993 3309
3156 521
2442 958
8790 1144
8562 4310
1285 90
3493 1383
7403 922
7275 2337
7819 2811
7965 3457
1328 725
2255 357
9012 3485
1567 819
7486 6954
1982 983
2876 1485
4775 3355
3888 753
9431 5751
4508 3837
9748 5573
1376 1185
4541 4416
9843 962
322 155
6655 3517
4362 3211
4026 3341
2948 1500
6797 670
9071 3116
4267 3273
6075 2980
6749 4357
7866 5224
6045 3507
8937 7341
3216 637
595 131
8015 4559
3972 1426
2089 251
6038 5992
1992 1727
7966 1159
6588 3780
7072 5763
6116 3714
8031 183
9573 6803
483 441
9975 2001
6139 3325
8459 982
594 55
3148 995
1734 175
2830 2119
8736 7764
5943 1709
991 97
6044 844
9375 4852
6825 3153
676 583
9097 6740
6772 350
5402 2962
9428 1355
6239 2157
5209 4191
1126 616
8730 7022
6908 593
1856 897
4393 3491
1610 1348
8099 349
7277 1822
9126 5558
1349 273
3028 1524
3054 1614
8835 5980
7786 1492
9449 5903
2200 1733
1169 1025
6577 2848
1068 824
3732 1293
3716 1938
9011 3434
1621 1015
5192 4908
7671 5985
5570 2826
867 477
165 113
2803 843
3102 412
8973 8927
1815 547
4234 4079
5371 2643
1323 1008
8258 6157
1481 655
2518 95
7376 3253
4345 821
1816 1630
9401 7120
2105 1521
6399 4462
2896 2815
9379 1033
4368 1032
8372 207
8975 7713
6386 3351
925 537
4868 741
8944 1443
6640 2091
2560 664
6663 5709
6716 6158
2594 2375
7883 2500
2504 64
3540 352
3856 3229
6117 1713
6389 4195
3626 221
3047 603
3392 105
3635 3165
3670 809
8019 1818
297 69
2090 1109
1746 1201
1152 1007
4831 3697
1074 575
1046 438
429 39
6981 2219
976 300
6587 3772
1397 1229
5314 1480
852 47
9029 6675
4993 497
9777 2392
2415 881
9622 8922
1451 102
1683 1301
1446 872
5205 3636
6760 6293
1632 148
453 368
4876 4664
3565 3169
5357 3490
5148 3893
7477 2855
8013 1240
1914 893
2491 1142
8074 2964
388 89
703 143
431 176
3036 118
9264 934
2324 1829
2182 1607
4617 3667
4851 2487
660 137
4381 2085
3525 180
6191 2917
6686 5023
7575 6936
5111 4619
4131 997
6272 5372
515 433
8156 4750
6833 1991
5719 2240
8957 5128
6337 4888
7790 1530
3543 1402
9942 2790
600 219
1803 807
588 354
1929 277
1835 977
4766 3414
2363 2173
7308 3105
4286 836
3647 1267
2024 1520
321 194
3134 2885
6085 3842
9619 817
6342 4294
7962 6540
2906 1388
9100 2912
3433 2204
8397 6748
5497 5316
5229 3608
3356 1812
1319 159
4091 2537
8802 8350
5313 2217
7401 3959
4395 895
9454 8735
6253 3268
9935 7814
7042 2578
1034 744
1026 101
3612 2668
5470 1433
7278 4478
6051 2688
6827 1460
4608 567
4146 267
4227 1615
6979 6948
9286 1069
8232 5689
8517 5860
7511 2993
2444 2033
3867 1020
2977 110
2736 794
5551 2384
1759 474
5012 1664
4626 1918
8918 8184
8088 4456
420 266
2812 542
7482 4620
3494 2478
3129 1981
395 394
8525 7007
7327 3240
7608 6944
9096 6904
1712 27
4495 2913
2817 1062
3323 1381
1995 25
3483 1081
9060 2212
315 253
8990 5043
9250 4305
4776 2618
6011 218
3465 774
3375 924
5640 3764
1057 140
6203 3940
6591 4889
2171 1663
4556 3182
8592 305
2705 1494
3992 3628
1155 291
9601 8231
4899 1519
7160 3064
587 530
8734 2249
1711 724
6269 1638
3369 932
649 108
803 96
6235 3625
8235 6318
9547 6884
6913 3078
7548 887
4242 3014
9357 3817
7353 3950
9623 2740
2125 533
362 268
5923 2239
9278 3644
9473 8575
9378 7121
1029 449
2799 1053
1629 673
4111 3429
653 11
7778 6034
7961 1392
448 447
5443 4567
5071 1766
9114 3435
2532 1099
1241 460
2143 745
2053 1151
1512 501
7209 250
4182 788
4635 1611
255 77
2131 1086
9756 7939
6073 2776
1283 683
711 98
7319 2570
215 188
2459 2447
5254 1041
9426 7124
9059 1371
4883 1380
910 831
2166 29
1382 705
1775 343
9127 4304
757 535
114 81
9655 6972
4363 4103
2344 1566
5455 846
3503 1931
8005 7468
1967 1606
4696 70
1030 63
1703 1489
6411 2762
5868 5459
2759 2446
1675 472
906 487
2292 2177
3785 2257
1947 1236
7078 3975
4376 167
3701 1919
5116 1197
4166 2008
9412 3807
5879 950
4181 813
993 482
698 313
6260 1573
464 377
5496 2635
8896 257
7679 3882
2379 258
8115 7016
1021 591
8808 2616
9809 4931
5540 2770
7087 1476
8057 3223
4820 355
947 800
8495 469
8281 4053
8322 6744
9337 3920
5182 625
9569 7254
2865 67
1749 973
8348 3183
5812 3111
12 7
8906 6144
8536 4943
612 246
6095 5906
5569 776
7631 709
6084 3573
6274 3062
7744 1648
4791 232
4257 1987
