3
3822 3867
9888 9901
8933 9120
373
8689 3582
3614 2386
6401 3486
9288 666
3313 2132
4124 1137
7169 1318
1211 33
706 525
8325 7108
5852 5002
5913 2396
1182 967
1219 468
7607 3252
7604 6341
2715 1425
840 491
8424 1598
8867 5880
7858 1741
2709 1356
9551 3894
3899 3105
7178 4493
5102 1275
8962 3508
9084 2097
8852 6812
3044 2149
1492 598
7081 3330
163 138
1284 600
1455 1002
2877 2533
1880 1003
6295 1104
8587 4074
4971 4577
1778 1313
3600 3107
6457 2680
8982 7255
4891 1641
4551 3874
8147 4050
455 116
7700 5961
9939 5126
6454 1879
5365 4992
2856 1228
5957 4475
1139 103
2749 2395
5061 1775
1898 312
8535 5221
2359 2202
1974 1065
7264 1176
6806 5712
7494 4997
6829 905
7508 466
9325 6185
5648 393
3130 756
7173 1804
7731 6585
3634 2264
8890 3353
6190 4323
9684 9183
7651 6146
8806 5411
4886 1973
3770 2848
5694 3198
8530 291
6138 272
1731 1655
4557 3333
9873 6168
1132 923
7909 7134
8716 3236
583 43
5143 4774
604 146
1554 308
9380 344
2209 682
4367 127
4240 3271
1714 994
6076 792
2044 1793
6589 4337
2966 689
5340 3997
9137 2195
1556 298
1111 464
3680 1713
7752 5631
2258 1698
7941 2265
8224 114
920 243
8174 3648
3568 350
4313 2431
9971 2774
7485 6158
2262 611
8499 7899
4097 78
3911 1079
9289 2618
6311 1708
3980 458
21 8
9111 6314
8597 3539
7211 2390
8212 2192
3544 1141
2926 2017
6452 4302
7422 1427
7276 5379
9476 5774
2357 1838
7116 4513
5653 2286
9594 5509
7662 6412
3590 2391
4967 1441
5444 943
6888 1023
7526 5964
9404 1469
2309 444
6291 3291
2220 1302
4646 2946
6031 4249
2925 2520
6659 5319
2382 1662
3824 3476
3138 2460
4054 3944
2282 805
4222 691
7482 1487
3670 1640
6657 690
4454 299
1683 1
4924 1281
3019 812
4241 735
8252 285
2729 2109
7219 615
2928 443
9500 273
3774 2177
4061 1540
614 278
9763 7726
1183 1032
8251 7474
9203 6663
1431 795
4116 3753
2895 2125
3091 825
454 160
6622 6015
9093 2923
8626 6027
3016 1524
8746 8463
906 4
2444 1103
9724 9015
7999 7102
1821 1475
7479 6030
8144 4795
9800 4802
4340 1789
780 493
5442 1057
3392 263
7235 5601
2595 1201
119 63
3334 856
2402 855
9668 9025
4219 3015
4876 776
3542 1553
7824 5235
3395 54
3880 70
7047 2185
2023 395
2101 1045
8112 275
7507 463
6815 1565
5907 3833
4332 2490
2127 1369
3688 1339
1528 917
740 602
1546 984
46 7
4824 3420
7654 7555
1577 1262
9552 1750
7246 488
4881 2441
5655 4187
2403 1404
5533 2615
7119 1074
4234 3367
5844 5803
8319 355
2036 1665
5463 3120
4524 124
3808 1678
4412 570
2566 894
6408 2736
5145 850
6525 5353
3185 2526
6697 2514
5770 3227
9797 4611
7280 5750
1854 452
8918 1531
4866 842
7465 90
5018 3171
1933 1668
8236 988
6439 4940
9156 8453
1533 1523
8348 6120
7308 2037
1864 977
235 22
1756 1049
2551 816
1428 402
5445 2449
99 29
6303 3221
3248 1477
4818 675
4809 2785
6962 1435
9704 8316
8813 6425
9696 9372
2049 574
9275 6621
5927 3358
4955 3536
4162 3724
6643 3547
5256 3814
8907 8706
786 126
523 391
420 283
58 52
9110 318
9649 223
4913 1611
3282 2902
5834 3831
5279 1773
8118 4739
5062 5060
9808 9175
162 80
1244 970
8563 117
5149 1725
8154 5198
7901 6078
5362 3332
5397 824
1149 369
2225 1240
7024 7012
7410 5034
2610 1613
771 211
8704 2010
1463 465
2821 2136
844 212
5596 3461
9995 8083
6057 5470
986 828
5277 2873
7660 2504
4281 3748
8290 6384
3143 1133
151 67
105 66
128 113
5244 3157
5047 3469
7167 3363
1765 125
5792 3521
293 48
378 204
926 388
396 229
3976 18
485 470
8362 5516
1186 1109
2840 2802
505 94
8277 6600
716 660
1286 1169
372 72
9125 6397
6375 3012
8800 3163
4554 411
3734 424
9458 7683
9301 1367
6099 810
1787 1637
7138 3516
9802 7032
8379 7103
193 185
2002 1663
8398 6988
2913 1478
4357 545
5225 4549
5758 3711
8659 1192
4822 2325
168 47
1999 1512
