883
7490 7792
7742 7794
9334 9579
5144 9289
5889 8496
4689 8481
5102 9169
5012 9838
3121 9762
8392 8557
7044 7971
470 2726
555 1737
1590 5016
6158 8148
2737 5210
8325 9842
820 6633
3249 5596
8093 8348
7763 9639
8309 9729
6608 9725
9541 9757
9414 9998
2417 3484
7349 8053
3952 7651
4181 8541
5831 6941
2446 3854
4395 6734
4228 5349
8136 8161
7344 8104
8403 9864
6928 8946
9183 9200
1348 6109
2357 4595
8202 8826
7051 8049
3358 9735
7942 8160
7249 8802
8068 8979
2868 4555
8720 9096
2991 6507
3278 7468
9219 9337
8001 8516
1877 2050
4911 6826
6684 8101
1761 2585
5068 8531
2450 7701
6598 9140
5376 9126
8803 9868
1734 6610
8642 9701
8808 9871
1946 2887
3483 7041
2468 8269
1580 3215
6217 7927
6328 7275
6360 9567
8232 9519
7596 8434
5581 8396
7006 7273
3125 3443
8453 9982
2798 8704
5474 5806
7608 8333
1768 9178
1504 8344
858 6501
3085 9948
7386 8352
3050 5268
8778 9401
4455 6051
7565 9133
7762 8264
292 5832
5503 6804
9658 9827
8517 9245
508 762
3744 6725
7118 8903
4076 5439
9038 9354
1596 2995
8254 8377
796 9247
7787 8620
759 6343
4154 9491
5183 5710
5217 9761
9554 9812
2588 8395
191 2597
3455 4840
7338 9299
1264 8191
4094 9529
6399 9346
2601 8609
521 5366
2830 3940
1245 8918
8916 9515
1862 2878
1016 9897
3296 7692
767 8172
4937 7739
9883 9884
5656 6678
7700 9349
2908 6414
3551 5813
3321 7718
1534 7745
1427 2293
8723 9557
8555 9176
2007 4697
4547 9746
8058 8429
5344 8779
1602 2733
8743 9301
7681 9924
9820 9952
3021 5515
2736 8584
532 560
5922 7555
41 6249
7785 9622
4234 5652
9854 9875
8402 8868
6839 9049
7147 8528
2339 7614
1450 4678
2411 3498
9496 9740
9020 9315
5388 6673
1480 3003
9223 9673
2826 4845
8267 9272
457 1200
1058 9609
5764 9909
1449 6080
450 7837
9885 9954
6224 9083
7190 8070
3335 9520
155 7108
4896 6286
4511 4541
9209 9220
4676 5189
6527 6615
4820 4878
2668 4545
3415 7632
6091 9093
921 2630
6489 7534
5736 8990
3119 7285
7237 8913
7003 8226
8608 9045
33 8882
5287 6980
3580 3894
7669 7838
3842 5077
7788 9549
9929 9999
5951 8948
8643 8875
4363 6671
6572 8077
7795 7929
7847 8126
6693 7258
8859 9667
3461 7552
1957 4957
9556 9893
7685 8082
1744 2655
1770 9890
9403 9799
1870 7451
2424 9412
1041 6976
7393 8488
6001 7764
6604 9011
3991 6244
6082 6583
8470 9434
1372 2557
3663 4713
3865 6466
9185 9458
9612 9768
8165 9830
1707 6578
9921 9987
8346 8619
4084 7811
1725 4915
5774 7505
564 6652
2688 7264
5299 5874
2494 4359
5011 9803
5708 7954
1689 4127
8568 9787
6736 9751
7419 8305
3731 6362
914 3800
5635 5862
5280 6626
5235 9159
8737 8888
5633 8880
8085 8761
7138 9865
7017 9419
9684 9916
6520 8477
5246 8628
6907 7771
9206 9708
4666 6415
7709 8174
1296 8579
1597 8469
5375 5383
8894 9312
7703 9739
4219 6999
1540 9928
295 8523
5027 8103
6418 7974
8867 9778
3143 6452
471 7881
5789 6431
7948 8412
2406 6404
7981 8194
2289 6812
236 3016
4549 4830
3978 4707
7979 8288
2488 5358
5218 5222
3553 6261
8660 9700
637 2184
488 5495
863 9207
1426 6100
1305 2153
8694 9562
9528 9795
7536 9488
5537 9068
4157 4245
9237 9956
1935 7292
7093 7440
991 6519
708 897
8550 9203
5272 6184
9503 9824
9971 9976
8393 8837
5447 9845
5279 6938
3173 7158
264 8313
1873 4852
9239 9460
4619 7094
5868 8387
7406 8993
2487 5903
8967 9915
7420 7519
6562 7774
2366 7833
1471 8416
1564 4040
4949 6265
7990 9833
3784 4746
6038 9218
6121 9790
336 1924
3649 4715
4417 9561
3325 4870
5689 9563
9015 9146
590 1099
2986 7241
7743 9512
4318 7050
2857 4037
3668 9407
2709 9241
5370 6483
8034 8179
6306 9646
1163 3611
4548 7611
4450 7384
4213 9773
9537 9874
8328 9607
1094 1251
6494 7559
5048 6334
8824 9973
6756 8281
2489 6975
9190 9967
6899 8454
2807 4933
307 3305
4857 7102
2176 2334
8303 9942
5309 6032
6972 9282
8980 8986
7564 8512
976 7622
9926 9930
6417 7229
7817 9907
3059 7078
9728 9990
6302 9060
293 3067
5479 8046
3616 9352
3993 4887
4974 8268
7179 8853
2464 7202
4903 8490
275 8151
5681 7188
1738 8961
3572 8729
969 7877
7339 9431
8717 8947
8508 9160
395 7235
6577 9244
5435 6738
5489 7816
4401 7096
2947 8650
9470 9741
5883 9136
3707 5152
7715 9591
8752 8845
4616 6823
6410 7001
455 1970
2296 7956
5732 9095
9381 9970
9573 9603
887 1794
6910 9355
2907 3559
5083 6112
639 9117
3709 4996
3530 8134
2820 3266
8055 9225
4285 6819
2990 9487
4906 8163
5634 8582
4557 5379
3905 8733
8051 8640
9041 9640
8171 9076
8297 8790
8583 9240
1143 8457
4674 5191
1892 5243
9644 9959
8748 9879
2609 4140
9455 9776
6832 8045
7480 8094
8658 9102
5303 7172
823 4604
6133 7287
9637 9641
7298 7593
7098 7853
1408 4385
2169 7842
4452 8099
3961 5143
6771 7488
5131 5520
915 9250
6884 9156
210 559
9472 9720
6048 7680
1742 6624
6403 8573
6747 9678
5917 6470
1150 2185
4657 6835
9264 9471
7834 9385
1867 4952
5637 7642
489 517
833 8860
3012 5276
433 999
7667 9547
1267 5782
3516 9968
7730 9808
9175 9914
8335 9415
6268 9490
5335 7618
3440 3479
1911 5275
2154 2477
2555 8023
8696 9249
3254 5739
2164 4223
6963 7239
6973 9343
7784 7980
7359 8445
1056 2084
7234 9174
1979 7538
8631 9418
1197 2728
8363 9892
9001 9694
604 2722
6762 9903
5785 8603
5196 6212
4513 7046
5961 8180
7436 9439
1310 5471
8855 9098
9551 9594
81 7899
3170 4313
8852 9144
1562 8167
8919 9009
9151 9592
5485 9319
2267 8920
2989 5302
5632 8240
2315 5684
927 7941
1129 3047
5978 7649
8210 8630
1435 2135
1731 5677
3334 5875
7874 9044
9995 9996
5900 6338
5793 6925
5748 7988
1634 7987
9179 9262
9568 9677
5745 9463
5854 9605
5629 6506
8973 9715
1856 9590
6192 6564
4769 7911
3531 4810
5541 8594
2672 5005
8433 9340
2162 4006
5734 7582
6873 6982
1055 2376
4371 8599
6443 7400
4248 6322
1920 2977
269 1682
8196 8955
982 5411
5219 5291
5625 8197
5822 7457
6486 7350
7336 8726
8067 9046
8385 9750
5706 8306
4117 9877
2561 8491
909 8015
6293 9570
2053 9081
4 6856
1833 6717
4817 7049
7579 8243
6813 9719
3158 6128
3174 5173
2019 3242
793 1008
8922 9323
3235 9061
5561 8956
4207 6806
4491 6098
4353 7371
9922 9994
6093 8071
3673 5721
7926 9104
6059 7499
6298 7304
4969 6267
2573 8223
2572 9898
7978 8677
4625 9341
8898 9442
3701 4379
9292 9977
5454 5624
2724 9856
3181 5539
1525 1684
6331 7704
2131 2513
4366 7678
5104 6308
353 7460
679 8800
1931 3645
3233 8229
2483 7196
6232 7201
3123 5680
770 2703
5756 8409
7912 9383
6505 6661
7315 9752
4739 7726
2430 7515
7391 7585
1909 8907
267 8662
4681 8032
6931 7615
4512 7198
1283 9747
7300 9258
8893 9581
1402 9485
4867 5690
9904 9963
574 5201
6994 9056
8435 8707
8003 9604
6188 8312
2073 3730
1517 7178
681 5263
1925 4519
3948 7012
7798 8489
7644 7786
2607 8780
9125 9148
7097 9145
737 4403
1831 6127
1500 3598
142 6597
5864 9530
3172 8546
6028 9120
5009 8159
4274 5497
3796 4987
6945 7259
6778 9017
9643 9918
2898 8330
3840 3901
6156 6540
744 2859
3157 8189
5852 8133
3646 7503
8851 8963
8887 8988
632 6263
1177 5174
7426 8407
3811 3963
8430 9157
7609 9227
6745 8738
7572 8777
4488 5313
7055 9012
9291 9423
5032 6546
3191 8805
372 1043
2695 7540
3382 7073
6957 8036
3681 6989
8977 9969
2275 5283
5215 8747
7208 8224
4384 8591
3072 8347
7621 7775
3326 6896
355 6950
8195 8890
9806 9983
8446 8504
2861 6966
9617 9671
1521 5818
475 1336
6196 6257
8178 8807
9690 9933
6371 9649
5001 6803
2290 3127
116 5676
5990 7836
5723 9199
3041 6321
6228 7168
7197 7509
6474 7364
8381 9110
890 1026
8329 9268
2950 6690
5729 8449
2068 8215
4805 7316
1423 7575
4682 6553
9475 9540
2508 9621
1432 7122
8322 9736
6115 6605
3120 4329
5234 8123
717 8154
7749 8452
1965 5445
6651 9006
1158 8062
8840 8854
7993 9636
5857 6467
819 5166
1502 6875
904 4082
1386 1486
2527 8634
2179 7776
2683 3596
7253 8510
7075 7891
6456 9437
6779 7228
2638 3226
6611 9229
9686 9782
5552 6544
2704 8112
1883 5742
8697 9154
1905 9917
6153 7733
1945 9082
631 7814
5532 7210
4560 5760
4566 9583
4180 8212
4535 7385
7620 8497
3541 5466
8020 9546
8029 9940
8788 8823
5004 7898
1446 8327
5403 6581
9232 9866
6983 8760
4171 5530
4079 6746
8891 9786
7876 9559
7047 7233
7970 9792
4610 6357
4324 7588
7376 8783
182 6230
5229 6438
3898 9307
7586 8119
4849 6111
8372 8905
725 8815
3777 6446
4944 6876
8192 9347
638 7314
3664 5615
540 7399
6769 8994
5444 8278
2985 9359
2043 5953
1819 4979
3745 6795
1483 5876
4008 6846
1430 6757
1603 3220
4474 9298
5551 6479
7048 7755
5304 6773
8031 9588
2972 4354
1607 2052
6122 7289
2032 9941
3420 9949
9310 9687
8623 9688
3746 5414
394 3839
4569 8500
9322 9368
2652 6937
3257 9650
1915 8811
826 5284
8072 9861
5288 7214
3247 4597
4078 6886
9391 9448
5148 6971
8275 8656
7477 7647
80 3044
5334 8184
8708 8962
9253 9459
4965 5030
2698 8362
8848 8974
4326 4509
2475 9263
149 8625
1370 4582
5385 5575
4090 4534
3634 5043
2225 8260
9016 9665
7132 7462
5029 6369
7312 9432
2971 3706
5039 7272
3029 7584
9839 9946
9074 9518
5658 8991
9251 9536
5798 9574
994 5151
1345 4276
4736 6276
1477 3363
9538 9802
8864 9118
1019 3563
3716 5354
6131 9238
584 3760
9211 9755
4797 7487
4431 7205
2766 9965
2682 4057
4883 8011
5088 6248
8722 8932
7936 8115
9913 9936
6266 7293
861 9984
5720 9026
208
837 484
1675 856
4423 2812
2530 2347
3861 396
4275 3570
1492 1476
5010 1857
7903 3647
8782 4827
6175 5704
5523 4121
7933 6164
5715 270
2626 2592
175 111
3830 3444
4135 2854
9097 1075
8485 8316
3864 3554
9114 5130
678 505
404 363
5510 1672
6493 5707
9267 1247
2498 1601
7360 2944
4399 714
6944 6680
5984 4069
1912 1358
1051 357
711 294
1988 1859
1780 254
2545 1836
5074 3694
5839 2735
8304 5593
1047 1024
8150 5453
6285 2116
4777 1431
7797 1149
8228 6386
3997 1592
8670 3604
6772 4317
2415 886
5963 1092
6594 37
8679 3022
9450 1350
7973 1227
1922 812
2661 1561
8951 5567
9902 4325
2367 2320
1664 1205
7737 3271
2248 2117
3920 1701
5056 924
6237 4733
100 82
3446 3014
3380 473
8966 8463
5750 2242
4763 296
5169 2277
1141 1121
1994 1224
7060 838
2352 1853
2519 349
5322 3693
448 31
9869 1222
6667 4823
3756 641
4701 460
5525 1973
3154 373
3307 2172
2137 1438
8838 8217
220 34
4327 3106
201 74
6319 2081
2656 56
4993 2098
2729 981
5529 422
369 27
5757 569
5339 2020
7909 7407
9846 6174
8565 6284
2055 438
5145 2560
6092 4877
4214 2012
312 154
7140 5175
5086 4724
8107 3699
1101 180
1237 1186
2828 1401
3350 2061
811 405
722 393
6947 103
8317 135
6152 5667
2130 1787
5319 4021
5421 2110
2772 147
3975 1061
7288 3658
6682 570
6382 1239
594 163
2192 2014
893 558
3110 951
8562 4348
9502 1535
7218 1046
9453 9119
6041 2004
6905 6715
8835 4658
613 445
3740 62
4265 1000
6913 6385
1037 498
3134 2676
1466 1318
6541 3933
5069 2306
9514 6921
9357 4345
2963 2472
8958 7058
1165 227
968 901
3457 3284
3935 3204
9273 6656
6791 3341
3560 2796
7537 4946
6138 5147
7991 2911
1442 94
4685 2974
4486 256
289 198
2569 144
4839 3214
458 350
4244 519
6688 2875
322 249
7650 6117
9285 6274
3188 1081
5747 5286
7695 1977
8425 2380
3101 290
9170 5296
2919 596
206 44
8935 7375
2899 524
7623 1798
5784 765
5534 1902
1326 54
5545 5496
2612 1982
8075 1815
9578 3944
9572 966
3913 500
3196 905
7604 1012
258 188
5085 1256
687 436
9461 5158
3767 1196
7137 6393
7116 3401
2710 461
3237 2186
4064 1563
754 169
