803
1102 9350
4307 7710
6000 7414
9664 9767
8128 8571
848 8665
4985 8021
3761 3821
4247 8023
1313 6101
8452 8954
139 447
3240 5238
6147 7464
8649 9403
4093 4588
3971 4190
6005 8149
3612 9020
1913 4089
3060 9689
3504 4169
9655 9827
5186 8807
1273 3834
6613 6983
4450 7743
5431 6689
8835 9365
3289 3622
5137 5388
1225 8919
1853 2475
3779 5361
7305 9734
5466 8895
128 2085
4575 6194
8051 8255
7881 8048
1359 4525
1996 8459
1907 7986
7839 9941
7728 9687
8482 9361
7782 8716
3878 9091
1299 8119
2834 9939
5694 6767
6685 7319
3241 5451
8666 9677
3684 5295
507 2143
7622 8831
1131 5298
8501 8734
2469 2518
5878 8678
3011 3550
1231 3906
9453 9917
2215 9768
9397 9608
8373 8811
6852 7112
2529 7976
5805 7180
6415 9622
8053 8439
3260 4095
7245 8204
1531 2899
7990 8839
6248 8585
166 4991
7952 8067
2935 6244
5136 8937
4941 9296
2444 4379
4707 6422
1771 3232
2940 9944
9721 9774
4036 8329
6071 6135
516 9388
9011 9710
1060 7472
26 6883
8229 9181
1065 4594
2449 4692
2033 5309
2920 8288
3005 4843
2618 9804
7354 9346
3741 5973
5429 6437
6522 6720
1826 8135
2963 3204
3006 8257
674 5088
2929 6702
9700 9757
3869 7268
2035 5291
136 3675
1386 2943
2158 7310
8188 9746
4297 4388
2008 9327
4624 8052
5988 9162
4034 9830
3521 4050
8973 9131
5149 5616
3930 5600
1929 3463
8929 9233
8432 8862
5800 9679
8379 9395
6311 7572
7575 9221
3129 7024
280 7145
5628 6472
3402 4130
4722 6555
4251 7903
5681 7009
958 8190
7603 8931
380 7653
2854 5876
5613 8411
2470 8863
3201 7604
8531 9455
973 9462
7378 9307
2166 9874
9407 9440
2682 2889
5335 6602
6026 8295
7553 9615
2031 8751
5807 8386
6028 6088
4152 4342
889 9018
9636 9693
1320 8485
4603 7339
3540 3740
8134 8461
3855 6653
3493 4597
9294 9461
6307 7674
5152 6141
3712 7804
591 4543
5645 7593
5288 5730
772 9359
3258 9583
9260 9634
8086 8151
8480 9597
3051 8599
8368 9523
1542 9943
4139 4428
939 1439
5199 7714
4865 9813
9833 9905
3708 9903
7902 9571
9330 9593
8049 9912
658 3777
2740 7329
7865 9058
5212 7634
4058 4500
9894 9992
6691 8412
3134 4456
1067 9788
2772 6840
3010 6811
7272 8667
5007 7677
9302 9799
4115 7274
434 1803
1026 6656
7584 8618
2255 7535
8590 9549
37 4207
1170 7484
9544 9572
6802 7479
4524 5684
1326 6879
7048 8736
9022 9800
2080 4902
9986 9998
2955 3744
1756 2862
7362 9637
7123 7433
5906 8610
1546 3249
7463 7780
1651 2091
6484 7540
5250 9933
3634 9436
7963 8684
1942 9524
4611 8769
7566 8410
9551 9937
2301 9860
4459 9051
4857 6432
5835 6906
5557 9426
9876 9994
1440 5341
1870 5336
7879 8096
6688 8524
9926 9961
1621 6342
1114 9540
3553 4158
1276 7558
1331 2712
5033 6569
3963 7507
4869 6368
5281 6826
6995 8264
1504 1513
6464 6886
160 914
721 8834
2927 4041
5722 6893
9445 9738
6917 7390
7792 7944
5693 9579
3723 4140
6597 9134
3951 7425
7665 9015
6298 7231
2879 4076
8832 9585
7316 7656
6139 7449
5432 7693
9000 9049
1340 3447
6442 7631
7754 8953
1650 7476
9862 9910
4431 8891
6269 7110
7288 9740
9877 9996
5279 6502
2951 9124
6793 6989
6412 7157
1137 8104
2922 3850
308 555
2020 8521
2655 6216
7387 8520
6607 6974
3608 6489
6646 7564
8795 9222
177 4234
7497 8284
4807 7880
1687 8046
8311 8710
7514 9643
3762 7668
4255 7160
4044 8381
3733 4322
5486 7628
5754 5884
5239 9794
2336 3587
4581 5700
8071 9250
9960 9965
2569 5378
9886 9949
8440 9151
3668 9747
8918 9831
28 3827
9561 9565
6487 8103
4393 8178
9859 9982
9377 9777
3695 6190
985 5392
3096 5818
6257 8594
8391 8804
9820 9953
2986 5604
4422 8327
9475 9581
391 2554
9848 9950
6963 8739
3853 5417
2435 4138
8360 9142
587 7829
9216 9473
1812 6984
1338 8352
2296 6069
7624 8404
5606 5784
2970 3362
1173 9382
9717 9900
3138 5771
1199 5363
5133 7217
8060 8160
864 2378
5310 5941
801 7633
5965 6053
7307 7837
4938 9642
2739 3046
7264 8964
9268 9770
5229 8620
2640 6612
4352 5631
1519 3784
6521 9273
5655 9993
982 8365
5458 8106
2654 8506
688 2069
4380 6690
6715 9119
2029 6366
6014 7947
1143 4436
773 2878
8945 9790
1077 8980
6875 8153
5788 8630
1918 4946
7681 7791
2412 7377
458 6919
2713 7641
9891 9946
9465 9527
4769 5405
894 8231
9340 9584
7542 7692
7279 7998
9367 9562
4026 5902
4538 5832
541 6566
6920 8186
1271 7331
3311 6045
2649 6060
9837 9959
9554 9887
9775 9818
3796 5913
1538 8718
2493 5617
4741 5328
5299 8922
2939 8383
4572 6663
6559 7345
2921 4673
2138 4113
1447 9404
788 4545
7696 7821
6010 7195
5415 6236
1892 2596
6694 9188
3852 8970
5924 8225
6904 9275
1949 4802
7171 7905
5067 6256
5537 5904
8568 9753
4745 7726
165 5444
4457 6160
3573 9618
3500 6728
6235 7619
50 6849
3674 6117
1121 2583
5505 5534
531 8252
4729 8421
4797 7578
793 1890
693 3829
8892 9229
1655 5021
1382 9526
3862 6455
4504 6683
1208 1673
3641 5599
2620 3350
1599 2112
4298 5227
495 4721
4345 9881
3523 5124
2801 9969
91 4564
1827 6185
116 6581
5856 5911
4495 7815
1232 4316
155 8900
1656 9737
2919 5164
9420 9724
1854 7076
1760 1975
5982 9343
4243 6956
4945 6004
6791 7393
9332 9666
9559 9672
3120 9711
4907 9573
1244 9161
8374 8401
7205 7747
6905 9808
5300 7277
1562 7992
699 4125
6945 8730
4655 8829
798 4053
7023 9227
8824 9516
1091 2372
2160 9984
9244 9890
236 7008
5840 8696
1281 7537
4535 5610
1037 8233
6191 8113
7970 8897
3848 6839
8932 9668
275 8030
9431 9616
2683 3333
4063 4391
3978 5412
8870 8968
1565 5822
6064 8740
6858 7873
1509 7260
8557 9154
7827 9259
6649 7503
1541 6711
6994 9390
8434 9317
2948 8844
7854 9414
4901 7426
1490 8595
2521 9156
4266 9861
9094 9263
3377 6212
1303 8874
2344 3560
2558 9667
9624 9653
9990 9997
1523 6912
8609 9697
6407 9962
8260 8692
7326 8289
5276 6723
4213 9417
8500 9003
668 3089
6717 9627
5930 9678
6007 9046
9030 9429
6743 9574
9645 9868
2271 7891
4592 9245
4324 8957
6657 7664
4046 6223
5402 9190
6296 9513
5892 9345
6496 9064
9167 9269
911 2753
8805 9391
99 7698
1432 1572
1349 9806
3734 7625
2107 8464
5026 6253
3061 4318
8700 9425
508 3542
3178 7635
1900 7591
8343 9646
5066 9756
6894 9761
6773 9486
472 5097
5043 5809
2050 5221
4340 7190
3915 7144
3315 9170
4163 6351
7502 7648
1772 2994
2216 2829
3036 5232
6066 6251
7042 9834
8426 9730
3598 4761
4445 7213
1683 2781
1113 4177
6358 7224
2890 4460
7528 8292
8793 9262
76 8647
5997 6943
7716 9013
3766 9623
3625 4196
348 761
6374 9543
3914 5669
1632 6952
7328 7720
3389 3605
8395 9130
2269 2952
7283 8603
2436 9749
2055 2509
2125 6666
8034 9297
8977 9219
4161 7554
2762 3937
386 1221
2012 6557
1725 4360
8842 9835
4203 4568
1482 7030
8587 9284
2391 4051
2197 6149
8320 8422
9479 9918
2580 8517
7381 7814
9726 9776
2377 2992
5064 9102
9784 9977
3836 5614
3358 5040
7899 9242
5991 7118
2807 3393
273 8802
8201 8698
995 8581
9171 9606
8902 9168
9180 9464
4623 8578
9974 9980
5308 5994
2880 5520
300 1879
4426 9851
5806 9026
5688 7357
525 7257
4202 9125
3721 9570
4653 8714
4120 6344
585 5949
7684 9537
283 8065
6921 8413
7215 8532
6957 9040
8392 9182
4601 6736
8185 9408
9719 9916
1140 4778
6274 9923
4585 9400
8519 8721
9899 9955
2440 3414
6001 9727
7997 8265
7139 7676
9111 9176
2956 5065
9706 9857
3667 9766
5812 6245
5073 6254
4801 8575
9548 9786
8627 9038
7694 9856
2078 8752
9231 9657
157 5763
7730 8754
9325 9983
7787 8865
3298 6092
6361 6768
3252 3487
3896 7917
9970 9976
7852 8924
7187 8165
7148 9638
6306 6365
7602 8281
4483 9016
5657 6228
6310 7935
662 9354
8848 9487
8601 9872
5106 5240
7616 8115
5917 9586
9291 9541
7063 8685
8552 9128
8403 9145
3903 8192
1183 4548
2695 8102
6703 9386
4705 9633
7609 8057
9741 9901
4856 5890
8708 9007
7733 7755
6475 9644
9661 9792
9195 9732
7229 8694
6120 6652
4755 6301
5591 7874
3520 8219
2272 4171
2473 3932
3111 8857
7278 9177
101 4132
7419 8474
7286 8629
2369 5304
907 4903
6951 9592
3706 7490
3754 4107
2335 5112
2990 3698
7779 8646
9314 9374
5866 6810
3248 3476
3954 4981
6877 9401
305 4080
3038 4473
8467 8615
9172 9456
9041 9739
1307 4928
6993 7441
851 1253
2629 9605
5305 5595
594 1920
6423 6511
838 6587
6113 8915
8344 9673
104 6585
1242 6856
3817 5063
6831 7840
276 8270
1352 4173
3660 9106
6409 9507
1917 2235
2574 9855
5292 7460
4002 7119
3373 9893
2496 7202
424 4976
6634 9629
3702 4072
3492 6608
3368 7021
9258 9385
3599 5201
4335 7444
7876 9155
9649 9869
7910 9651
5536 6047
2048 4263
6376 7991
820
4091 2195
1784 244
8746 2474
8402 6465
2199 1548
7356 2360
5664 1718
2773 1095
3478 607
6846 2486
7890 96
1200 797
7489 3176
1146 815
4168 392
5205 3331
7332 679
2154 1090
8860 5742
2581 1557
8894 5013
5042 3907
8143 5012
4526 722
2241 820
9422 345
4172 2026
9902 1066
8140 5255
4685 1689
6070 2864
3795 3037
457 30
6486 6118
1856 1351
2516 1083
8301 1644
7064 4475
7014 3043
4403 2981
170 154
8939 2191
6682 3961
5747 767
4880 4293
9114 2178
2163 1166
8940 1575
426 216
6177 2387
1174 366
2736 1746
2703 1405
7700 3295
1602 1175
2947 834
544 257
3514 1126
2139 279
2101 1079
2552 1682
5128 5087
1390 445
7405 1938
8234 5718
3510 1962
6385 1239
477 68
7629 4652
8853 2225
1859 1063
2268 1590
332 71
7085 1754
2027 1161
7178 623
5095 874
603 452
9199 3664
9428 7395
5833 4398
3025 2502
5996 2545
3638 2619
5023 2046
813 64
2083 784
2678 1980
9707 6734
5472 3773
2330 655
7643 6992
4283 1653
7455 4606
774 371
2368 1785
5243 1292
1484 1393
7794 5500
4305 1898
8253 6224
9243 1309
8663 2118
9280 5654
5707 4499
5441 702
329 127
2194 554
1042 97
9511 818
8886 5553
600 178
2928 1815
1156 1005
2040 1901
8884 168
633 291
9300 8497
8773 7084
8934 6354
1045 872
5453 4664
8743 5702
8340 4836
3757 206
7913 126
1828 431
6042 5282
4112 3496
2213 1454
708 420
9708 109
9012 3986
2045 710
3925 590
5865 3181
2635 1671
8456 7761
4956 743
1259 866
4027 3265
9121 7099
6644 1497
3753 2464
1891 645
2176 172
2676 2477
1658 1530
9175 1881
5391 1990
4265 2325
8913 5327
9399 899
4299 3722
1765 349
9363 8429
9781 8589
1481 975
1116 214
3849 3616
978 571
2827 1105
5131 960
3715 857
5386 3198
7771 2996
3958 3480
3310 981
6618 1388
8181 3980
7138 6924
1025 883
5113 3808
6560 672
2563 629
8236 5414
6980 716
5209 1218
7103 2465
4963 4003
2934 1524
7016 3772
8801 7811
2548 2447
6163 108
3213 3020
289 89
7932 7487
9884 2677
4552 3272
4122 1394
5980 5581
1877 1507
2032 218
1196 440
8867 7133
7601 1375
2949 913
3419 2517
8817 8650
4082 1582
2307 115
9308 3797
9381 6617
5003 4834
7350 5535
5579 1886
2174 503
661 575
6679 3833
739 51
3770 777
1858 66
2297 1867
3230 2512
2871 1948
5485 1844
5926 4772
8242 7877
7397 3098
3197 407
6757 5758
6357 1607
5080 4300
1250 1176
5041 893
8133 4706
1665 745
1801 1465
1735 902
4019 601
4011 3179
3428 2867
630 239
1193 456
3642 719
1849 271
6381 1534
8080 4539
943 803
4038 2698
2759 2437
8294 4845
1597 95
5266 986
384 190
6890 2972
2795 2519
2804 2758
1384 536
1129 449
3956 2482
9318 5323
5821 2959
9596 856
598 61
6324 2573
2084 302
1347 1323
4994 2327
9328 6165
8893 6034
5249 4030
5914 3371
3173 596
8010 6710
3344 595
6847 471
5172 616
9438 8129
9934 1855
7046 358
8535 7606
5301 39
9568 8950
4850 1230
8454 4509
4608 4078
2546 265
7287 2355
7086 1957
4249 4149
5939 5439
4023 2288
202 158
9347 1419
6497 4402
9432 8628
2168 1404
7727 3058
8976 2119
6968 705
5519 3196
9564 4957
9236 3009
526 237
7445 3218
3443 990
6575 2874
1500 441
1637 56
8766 1293
7073 3525
754 281
6539 3382
454 295
6242 2881
4325 2837
6383 2530
187 102
3369 586
9009 1151
1441 5
9782 828
1501 140
7313 6049
4151 2843
1368 804
5059 3137
1316 706
4303 1612
9843 442
3830 455
8772 7867
8963 2671
5790 2784
4418 3412
7270 5625
7934 3087
5576 1638
2052 2015
4338 1455
8447 6551
1888 1613
5322 5176
3931 2233
1620 210
5736 200
6898 4591
7620 2182
5674 3781
6795 3516
1491 40
2409 2202
7117 2645
6322 5234
5483 1011
8073 6973
6445 3916
4366 855
2847 1209
2821 419
6481 3417
1679 355
4968 4818
5144 1227
6595 1020
969 929
5409 1367
9372 1475
8789 729
7411 405
7618 7308
4339 2510
4224 3515
1850 1563
8155 7930
4582 2748
9434 4417
1939 16
8903 3814
4687 3518
9796 2738
6764 3618
8250 5104
5151 1061
4192 520
7527 5927
3053 2441
3746 117
951 227
6346 241
6015 3835
6982 4155
7098 5217
846 67
4586 3842
6227 3363
977 859
3720 2624
799 80
1245 717
7809 4969
9205 779
5242 2173
6932 656
6609 5770
5139 1187
4220 2565
908 270
1048 8
1087 823
1837 153
1420 252
4327 2699
6155 1573
4478 1506
1479 197
8124 7070
8688 3513
8681 2245
6425 5346
3454 2747
9648 6671
1796 49
1088 1032
4397 1072
6072 2135
7382 5838
8597 8031
8614 8442
4271 63
2687 930
7015 4758
2534 577
3946 2599
7530 5896
5395 2133
6611 14
9875 2489
3547 2382
790 69
3339 3291
6960 3655
1641 753
3718 2262
8356 1270
4699 2626
1478 203
5710 2770
2663 1314
7704 6105
1365 692
3301 1018
5155 1790
7295 6724
3195 642
3308 2950
7417 5708
6788 240
3901 423
8214 5960
6707 5028
485 412
1711 686
9366 7778
3083 408
9369 3648
6278 2887
7518 2281
6772 4101
7315 4443
2185 357
5350 4717
3102 2805
5093 4505
4804 2406
7576 4434
5132 3266
1603 1167
4885 3486
2924 827
2072 1210
3790 1223
7562 1372
649 475
6449 967
482 105
6492 1547
6295 1596
1346 970
1030 1007
7081 3989
4654 669
566 150
7243 4740
6106 2102
7201 6580
8486 4612
1228 572
5183 3238
7251 4420
6754 879
2300 152
4104 1212
6967 5001
1437 1257
6294 1589
9068 6473
549 92
5083 3075
6900 6700
3710 1343
515 20
926 654
6200 4993
322 242
2024 1992
6790 1825
8791 3662
678 75
6030 2145
3375 643
3224 2390
1099 365
8130 3659
8183 5823
9979 8731
5831 3355
3324 1987
1177 615
2428 2362
7342 6436
2418 413
4999 1147
4334 2586
2370 1155
4874 4219
8723 1528
3665 621
7868 3905
4604 2396
8205 3320
6447 6059
1153 532
3574 1194
8175 5254
3742 2426
6399 1580
726 638
3351 2003
2371 1703
3312 3145
1514 164
1835 912
2591 2140
2312 2019
3526 2458
1264 934
3536 1291
7833 2976
9157 2421
444 93
2806 1324
6512 1648
2028 1410
8059 6664
6011 2110
8239 1092
9062 3285
1306 697
602 107
7569 7324
6012 3391
6164 2844
5180 4337
3200 1117
1078 342
5054 2716
3192 1112
2752 1919
6572 54
3079 1262
6093 4510
3800 2275
7543 4726
1458 1266
4708 3325
1927 1330
3884 1168
842 100
5482 689
3535 2609
5969 4239
2123 1412
7662 4162
853 831
1111 839
5748 196
7531 1024
6237 255
5526 403
7939 1356
1361 245
8875 3645
4734 3066
3748 626
9514 7420
2848 2180
5225 2755
5659 2332
3450 2967
6128 5741
9795 4532
6643 5437
5251 5082
8066 6057
9691 4270
8330 860
4294 3803
6462 129
7615 209
3499 3322
1104 132
3022 2704
8889 5656
8018 2446
8481 2457
2961 843
8433 6019
8920 6343
3993 2725
564 344
1461 696
8567 4512
6933 3426
1821 356
2223 748
6308 1759
5647 734
3221 1452
8419 3380
8550 825
3163 858
7207 5278
4498 959
8986 8372
547 530
3279 888
9421 1554
8044 3114
4974 4958
9137 8753
464 367
1302 528
6718 1618
2541 143
1798 976
4776 2221
145 142
3786 2720
3424 808
6972 5966
8790 5704
4020 364
2842 865
6749 133
5037 3524
8077 2776
4502 2258
6404 731
9213 6902
7451 1956
5789 1486
7672 120
4580 2607
4733 4212
7206 2224
5075 5052
7529 1391
466 124
1848 611
7208 3647
7654 6122
3479 741
3977 1868
7185 6068
2673 266
8636 2200
2242 492
8856 5274
9147 7156
6038 870
3503 2349
4863 468
9695 8110
9814 2714
4558 1103
8873 6641
1733 73
5785 2873
3867 2379
7047 4273
7492 5588
7053 6037
7933 7729
673 400
260 238
4965 1336
7999 2374
2868 226
1041 3
2210 529
6405 4731
4700 4627
2157 1843
980 781
1952 489
7544 2933
1832 169
1540 992
8674 5465
5677 2399
9306 6107
9120 2622
641 545
7351 3064
5206 5171
1442 1374
2606 1457
8425 4912
8011 1015
5739 4719
3755 3709
5643 4670
4156 3569
1806 296
1125 361
1353 461
2098 780
556 35
9577 5870
9174 8297
4390 4267
7083 2601
1215 787
3429 1595
3411 1149
6431 3255
7059 2487
6708 757
6770 2257
999 98
4238 3996
448 402
1606 1001
1474 732
3056 1013
3042 2
3019 81
7039 770
9197 7321
4032 2783
5847 2789
7836 750
8245 5236
7846 3262
3276 1577
5253 989
7669 6279
3529 2152
6300 4088
952 553
7253 4084
5004 1058
6964 4631
1008 373
7687 6096
5418 4429
3431 2025
6315 5092
2416 2294
9919 1107
5060 3271
7230 2662
3387 1860
2351 1769
4257 339
8887 4905
712 687
2386 1115
4980 1830
5560 1925
53 15
2727 1322
9389 6261
1642 1434
194 125
5126 3055
8364 2128
6020 2251
3470 112
871 94
7265 6182
5110 2832
3889 3092
7732 5204
9897 2562
4862 4613
8123 7548
5860 3893
849 613
5944 3921
2345 2333
1396 1064
6421 6410
3832 1706
910 909
5332 3100
7980 2226
6542 6384
396 363
8363 1983
7844 5952
500 185
2839 2394
5872 861
8999 7943
8345 7037
6873 6050
