1
1425 3581
565
4373 2788
1977 703
4868 2922
1504 1359
8895 8738
9592 895
5481 4630
3818 2627
5637 3956
5307 3174
3407 3249
6529 2535
5971 3635
9890 5311
4205 1968
7573 4692
5719 1363
9001 707
512 359
8284 2082
8054 5495
3258 2643
6674 4355
7212 5736
3834 655
8612 4545
2633 545
1512 257
5006 4243
3382 3289
4517 2112
3790 844
4120 3672
2456 1853
345 289
2732 627
937 501
1153 644
2856 237
6226 753
5824 3692
4265 4096
817 132
7089 4417
2118 285
771 743
965 63
5843 5558
2495 1812
5320 156
6168 1106
3628 228
7976 901
1844 868
524 256
2190 1266
4181 3864
1999 74
3167 819
3239 3210
5630 4675
2093 1943
3723 1950
7316 5959
6218 640
6726 4449
4620 2509
4192 2767
4679 4105
6005 5302
7934 5097
1969 1663
6511 6091
7809 1177
9723 4833
5504 534
8115 2219
1295 601
1605 656
9846 1432
9907 2142
1990 594
6228 465
6481 3882
3693 2742
3438 738
2776 947
3175 1290
1573 1410
4747 3878
7630 1674
8932 6263
643 10
2604 458
9656 4054
5332 5270
436 336
9075 7333
4802 833
2696 1096
4482 3699
9607 6894
3165 886
7790 4970
348 40
2286 2215
3317 334
1188 1128
5985 326
6621 456
9183 1175
1063 274
5785 5287
2969 2352
4867 4653
3582 1368
7229 475
9778 3583
4038 3042
4018 862
8564 3132
7158 3826
1390 352
7465 482
65 38
8804 1946
7535 5197
3112 931
4581 1967
6729 5113
9221 8185
2048 815
8551 1631
5657 3550
9440 7431
4539 1699
9411 8096
6143 1680
1776 1600
4718 3297
4226 3374
6668 3586
9917 1082
755 231
8453 7798
1197 774
2644 2073
6684 5159
2416 1201
2632 658
4899 56
6658 1021
4009 3295
6003 4325
6200 3334
7824 5393
3100 1805
3585 602
6030 3961
1233 579
3003 1058
2959 637
5126 4981
2201 841
1051 319
6903 5751
1678 1135
3669 2159
966 960
582 402
5230 438
8833 5828
5239 3291
8816 6498
5181 3679
6541 5294
8234 4360
3532 2182
4358 1282
3919 3233
940 628
2368 5
8798 7651
8904 6214
5916 4995
3738 2378
3040 2690
4012 2153
7691 4900
2497 2353
5614 4958
9680 1294
8275 7077
2774 337
346 215
9217 3488
6981 3901
5444 437
5187 3459
9802 4135
6922 1366
249 7
6105 3260
9903 9055
7330 7225
5766 2259
3250 2178
87 26
1337 1215
4051 3981
8759 8388
5086 3921
2172 767
5900 1394
8696 452
9632 5808
429 211
1923 34
8688 4418
9324 4144
6556 687
9813 8659
4729 3754
661 61
1281 728
6221 5549
4030 2691
170 145
7276 3400
7576 3453
4767 410
6836 1108
6131 5928
1910 75
2132 1929
5227 1481
4805 68
9072 536
9133 2918
5952 185
8983 7393
1503 834
3902 154
5759 4973
4036 2049
3337 1625
7625 6563
4921 4878
2365 2017
6626 1766
8243 7012
4070 1352
9054 927
4759 3733
4128 2458
8424 6983
1325 183
9661 1011
6888 6883
3127 2777
1162 616
9124 8560
3063 2226
4440 2759
4395 2239
5330 3145
4283 3467
3914 2170
8279 478
5571 1705
5765 773
904 634
622 59
2873 1735
6664 1447
4858 3390
2225 1972
7205 5825
4326 3993
5716 4154
1414 705
1843 427
4497 3924
7857 5713
8162 288
5674 3370
3261 2210
5478 47
3173 988
4522 2822
7567 7315
7062 3840
7831 5609
1001 935
5042 2373
6870 1882
8231 1185
9459 1706
8636 1199
604 354
8427 5665
1962 1403
8355 1204
9938 4503
506 129
9322 4822
5233 3856
1173 1110
9932 6273
7097 4435
4411 3624
9553 8737
3611 2482
5875 5222
6157 3509
3331 1354
8762 3652
2766 463
3025 1037
5655 2223
9328 6084
2667 993
7633 5101
8201 6236
9569 3609
8643 5403
62 13
3742 3104
1816 1
7483 942
3140 1894
9090 213
7289 258
9316 8809
5631 5420
9247 2724
4702 2218
8626 7936
8304 7662
900 792
1330 1261
3169 2792
1163 577
801 309
6194 1068
6343 1755
8706 4126
8056 2583
3273 3061
5202 3975
8000 3631
9681 8567
109 15
4392 2340
9803 4658
7283 5494
9107 8825
4774 1533
5636 5131
9934 1060
1269 563
1080 217
3437 2395
2446 1243
2825 1720
1998 1555
8575 3596
9842 9823
3214 2089
2655 2067
6076 4218
2584 493
7670 6913
4386 146
4541 1693
7951 1790
3893 1985
5680 2399
9250 5650
3734 3720
8170 4764
2293 2212
7377 1887
6291 3671
4139 2879
4575 984
596 358
824 590
419 23
7475 2880
7410 4408
3806 3035
8711 6590
6902 5975
3209 1315
9197 3011
7074 2044
6369 3398
3079 434
8519 3973
8211 5508
1381 216
2839 905
6207 2454
3461 866
8385 798
9800 268
7846 6114
2016 1879
4931 2665
8771 3995
3227 2428
7979 3732
5880 232
5354 4244
1531 552
4066 3373
2824 408
8420 6585
722 240
9478 7331
4149 3606
2060 654
3703 2001
136 39
5618 4533
3929 3123
7853 1453
6385 5018
7674 7011
4486 3201
2079 1039
1380 1150
6632 4391
6906 2110
3494 2470
9589 4639
1591 1274
433 360
66 57
1161 28
148 144
5473 3491
1653 1641
2241 1834
7068 5662
1744 578
46 4
7640 4107
9333 4027
4115 1709
926 745
6886 2209
3406 3303
6890 127
2348 377
9211 4338
9461 945
5622 3660
8272 2317
3427 2903
6581 3178
794 44
9537 4187
131 58
3788 1319
7515 7332
355 115
5607 3333
3538 1737
9148 4323
6809 564
7150 1833
4059 3898
6596 6158
7416 5708
7397 3701
2527 2305
9536 176
4731 4257
4569 4273
8613 4892
6736 2147
6796 4593
9025 5076
9961 8317
3466 3085
3219 2858
3847 1125
6856 3464
2095 2055
7482 5374
9758 3191
5744 5539
78 54
4844 3870
4163 224
5408 2296
4366 413
559 247
364 138
4058 1490
5692 4104
3300 2992
2744 1203
7278 3186
2852 535
6984 3954
7968 7428
8117 7600
9301 3395
4448 1784
1214 756
573 296
7996 71
1376 1179
6966 6216
1456 476
2261 1636
2809 1219
3495 1006
3215 963
3918 3616
1285 829
1738 1036
244 112
1505 1159
6262 1213
4470 4320
8246 460
3362 2547
9861 2623
2680 1942
2161 164
7274 1973
3761 500
3199 1339
8540 5144
4202 3284
3330 141
8373 7196
6161 2868
2597 1413
3812 892
7169 6868
7729 2590
2007 557
8341 786
5153 4102
6234 3773
7759 7529
6258 4133
1312 297
2238 2011
6767 1543
6012 3604
6571 2579
4489 1328
275 118
7727 6250
416 370
467 342
2784 690
7271 3354
225 45
