253
4551 8920
2917 4178
872 2177
5119 7590
7414 7911
9454 9723
6780 8248
3737 4243
220 3387
6886 9779
4477 5956
9522 9989
4005 6628
7102 9622
813 6377
1619 2289
2420 7714
5254 7047
8156 9574
1737 5982
8090 8913
7639 7823
9000 9972
3314 7291
2379 5608
5564 6147
9256 9363
9041 9255
2786 6817
7348 9920
4355 8967
7296 8367
5817 8846
5945 6919
674 6670
7155 7770
603 7074
243 761
1180 9901
6765 9801
138 5074
1894 7936
124 9428
2026 7761
1558 3942
9192 9652
4356 8210
4151 4346
2504 3656
3871 5830
8370 8870
1458 4824
57 8845
8132 9879
2437 7700
170 5034
186 7080
9561 9640
2419 9611
4988 5523
6435 7040
3393 4002
6617 6834
8879 9299
3468 5338
4065 6690
2822 3474
9589 9631
1159 5661
5433 7553
3673 6678
6993 9907
3653 5432
3432 5944
5030 9348
1201 6318
8716 9029
1444 2777
5036 6252
7210 8875
6891 7966
8810 8832
7302 8388
1998 8882
6556 9630
449 4900
3677 7020
4179 6413
7313 9489
5008 8273
9036 9498
8733 8955
2004 6334
5714 6925
5671 6779
14 2688
6452 8257
4996 6500
5940 7439
4368 7671
5329 9066
4111 8007
5186 9252
9356 9916
2418 5567
9305 9408
1710 6836
4891 8100
2328 7305
730 3250
3216 5967
842 4085
7692 7974
3413 6301
9241 9274
9963 9988
8554 9473
1470 1563
2559 5072
835 886
5007 8677
2218 4046
6431 8573
8003 9097
4589 8235
8748 9186
1810 9357
4611 8816
7135 7561
3220 6058
2334 3120
169 5846
6360 7203
5397 9552
5764 8852
2635 9095
7958 9566
3067 7999
7789 8998
2327 8665
8287 8461
9857 9939
4176 9470
3604 8299
5963 9861
2904 7019
9154 9746
8198 9927
2374 7920
5005 8015
3622 8098
537 7303
4216 6594
3450 6606
1296 7065
8072 9361
599 1763
6503 8981
1566 5925
4391 7738
8169 9502
8473 9426
475 8827
7038 8973
1058 6800
944 9199
5683 6248
713 3247
7938 9606
5813 8579
3207 6449
6761 8314
4409 7944
760 3060
3288 4677
9515 9977
6967 8174
9479 9799
5510 6715
4495 8187
6946 9681
3334 4885
4352 5093
8778 9329
1955 4949
9386 9874
6201 9624
3552 8315
6695 9267
7887 7950
7528 9079
5836 9824
2582 8627
1383 6345
7962 9915
4381 5126
5810 5906
2796 7690
5586 6132
5658 9548
8772 9864
3996 9435
2717 8574
7686 8891
9816 9895
1117 3258
7084 8692
2046 8452
5772 7465
5650 9203
1430 6300
4747 9109
7500 9146
5641 9234
5182 5422
3419 8167
6536 8653
508 2527
9862 9986
1348 3381
2286 5566
6682 9390
5043 5145
3813 8889
6799 9231
2893 3682
6858 9033
6458 8776
2375 6973
9570 9965
6768 9650
9990 9995
1565 9898
1549 8168
5475 5865
9096 9394
2366 4204
5559 7782
1089 9307
110 830
8584 8763
9954 9968
9501 9807
7875 9529
1314 3426
2317 4916
7955 9846
8896 9671
2723 4986
9849 9996
3185 6018
2161 3183
7747 9282
128
3165 2599
9821 8952
5818 1110
1871 844
5987 1309
2074 2012
3690 2188
2446 1401
4806 83
8443 7025
417 346
2687 1547
5219 264
7042 2394
4803 1712
5742 4384
6725 5893
9147 1739
2146 588
8000 7831
8479 1907
2099 1789
9366 570
4344 995
5861 3891
8698 2477
1128 659
7301 3567
1909 1816
3578 1958
3347 44
5454 3388
3140 836
772 700
4695 98
9786 6742
4249 3231
8530 7131
5285 5022
2348 1380
4670 2903
5674 5599
9429 2186
5451 3111
5224 3951
4583 482
3010 2973
4317 2466
2551 514
4003 1029
4985 3946
2175 1992
8045 5547
147 117
7975 4266
8729 4302
334 1
5901 774
4630 290
5545 5227
4691 3218
2256 1716
7454 4073
253 132
59 45
8997 1862
7450 2625
5930 4776
1893 270
2512 2484
3075 2506
5170 422
9222 6246
292 131
6726 6650
1292 991
1091 745
1956 722
5876 3521
5596 4968
8931 7705
2259 510
791 106
5463 5122
890 662
6668 656
9827 8137
1615 937
8529 1809
571 472
4698 3755
9788 7483
356 91
8302 2398
5016 2406
8660 6884
7688 5673
2144 2073
6578 6172
1222 1051
660 350
9233 8588
4246 195
1845 1793
6037 1360
9745 7411
6442 5728
9292 4223
9001 8745
8223 400
4474 1149
6720 2084
78 27
3254 1358
9387 4814
9242 7212
2890 1654
7872 4730
2644 453
6383 19
9401 8183
7004 52
5415 2574
2354 2032
1985 1867
5462 1523
9672 8023
5301 4700
