636
5802 6347
5451 8972
2725 9974
2027 5292
1388 5892
8302 9688
6320 7011
4228 8675
2670 3238
910 4498
4660 5989
1267 4326
8571 9051
3170 9996
6006 8688
2591 9783
1306 7126
5495 6603
2169 6494
2831 4990
9502 9602
601 9869
4263 9324
9031 9849
2070 2791
6510 9898
5494 7286
4864 9689
7032 8747
604 7821
5149 8126
8447 9464
1335 6978
8265 9062
5127 7646
8521 8567
3478 7698
7614 9078
1155 5543
2139 4373
4810 7843
2101 3416
4449 5469
6297 8211
79 922
1858 9055
9058 9095
9531 9747
9331 9469
8217 8775
9742 9979
5178 9988
3453 5988
8423 8527
3843 4473
7335 8723
9867 9875
552 4371
4950 9186
7046 8098
260 4455
2829 8862
5099 8400
6670 8294
7543 9128
5006 9410
9039 9756
9644 9809
3080 6916
8057 8960
3786 5222
6531 8292
6262 6388
1718 3223
9400 9800
3157 3585
4930 4941
3376 9276
5671 6720
6408 7362
7832 8397
9826 9841
7925 9873
1636 3689
7538 9632
4597 6506
4517 7423
2381 5002
2690 7672
5174 9868
8914 9662
7244 8614
8319 9304
1732 9954
1296 3851
9903 9945
7446 7851
9695 9811
2762 5034
561 2786
1815 4685
2838 5382
224 6251
509 8330
6463 8470
2312 7959
7065 8955
4022 5236
5025 9179
6239 8409
9164 9313
593 7124
8475 8575
785 6799
6331 9597
6110 9292
2501 9105
7941 9040
6747 7967
737 5977
8440 8593
5497 6947
6264 9887
6804 9720
7918 8931
2826 4407
862 3506
1135 4110
4039 6710
254 7588
5987 7502
9123 9605
8242 8255
3579 4262
1240 8630
5619 7482
261 1470
9019 9308
9514 9533
811 6066
9286 9434
8651 9981
9774 9778
5730 5738
3666 8497
2347 2596
4858 8360
5870 9710
886 7880
9906 9944
5917 6273
9669 9892
1088 6327
5308 9428
3437 4687
4143 4393
366 4115
9210 9212
2063 8056
9089 9096
9363 9919
3259 8245
3255 5284
7757 8130
8146 8494
9499 9882
4398 5660
1409 5182
3176 7333
5574 8703
8864 9946
1965 7955
8262 8901
6610 8181
374 5811
3435 6944
2918 9916
9734 9823
1181 3386
9861 9949
7682 8038
2227 5053
8341 9595
9326 9607
6124 6337
9668 9806
8444 9066
8991 9853
8079 8273
8621 9520
7218 7234
1874 9575
2418 3452
699 6571
8689 8848
3857 8078
4486 9676
330 2997
1023 1210
5260 5756
4151 8971
4089 6870
8150 8563
4391 6823
3475 6611
4489 4500
9319 9578
8944 8950
248 6650
5501 9855
5410 5664
3168 5691
2637 9163
2806 5419
7999 9980
7127 8802
3413 4215
607 8595
1857 2234
2787 8637
7202 7310
2078 4875
5478 8899
7083 9119
7827 9312
325 9833
3626 6364
2326 7869
881 4199
6630 6992
1316 9701
6871 7910
6876 8684
6967 9570
8634 9614
709 2180
1424 5600
8990 9639
6796 7829
8259 8888
5599 6989
9947 9973
2328 7900
4993 7168
5508 6594
1438 8390
1525 4358
6069 8949
5238 5912
9524 9748
8740 8928
2266 9521
9073 9250
9976 9987
7559 8500
7067 9606
6484 8490
9500 9787
975 8857
7748 9008
650 6565
5101 8686
16 2417
4792 6693
59 3065
7089 9140
4027 8671
1861 1872
7285 9796
1266 6474
8408 9190
9344 9927
9452 9611
6163 7317
3669 4668
1017 7951
5972 6723
2887 4957
8388 9812
45 207
930 3634
2666 6058
901 5049
2940 7594
9523 9694
9037 9977
3766 6976
9132 9418
3792 9638
4892 8537
2475 5985
3545 4340
2509 8739
2525 7529
4370 7685
2697 4850
596 8878
6300 9593
181 7846
8410 8916
6574 6937
8235 8779
8680 9029
1671 8620
5812 9156
8707 9791
1938 6269
4041 7812
8919 9713
1231 6323
8904 9224
5859 9481
6246 8640
4839 5867
1973 4462
1106 6919
723 5074
2291 8810
9432 9708
6703 7425
4959 5020
7405 8097
9566 9706
775 6765
2225 2920
5798 7815
2903 3874
3092 8691
6719 7565
4320 5046
6950 7619
5291 8873
48 2116
3547 6184
5630 7059
3367 4540
1258 4289
8568 9102
8615 9491
6745 7436
944 5992
1278 4333
5997 8435
7120 9881
7292 8790
7860 9496
7298 8910
2979 6426
9697 9819
2768 5388
3025 9982
5895 6316
9183 9827
9757 9786
6240 6369
8917 9494
4328 7988
9168 9218
3007 6380
2810 4652
3539 7093
5 8206
2174 4609
2659 7257
2540 7996
4909 5087
2588 6107
5598 8073
5360 5857
3474 8868
3429 9160
7222 7758
751 9264
3378 4469
3541 7613
6191 7554
1355 4281
5758 6837
3530 3899
7873 9727
3051 3570
3683 4896
3276 6808
4044 5790
3303 5659
444 2761
2816 3270
2890 8170
7929 8358
1171 1808
4088 6222
9352 9610
3901 4576
2320 8953
7030 7823
6559 9237
4385 7663
6259 8404
8729 9764
2284 5401
2917 8361
3819 6660
8355 9933
9529 9902
111 6548
2657 4675
3723 5000
6927 7337
9618 9749
4004 5239
8463 9134
6059 7042
9437 9871
4072 4467
3287 9178
2927 3688
9154 9699
3750 7182
2054 5525
5348 9940
3789 8842
8019 8979
5496 9448
5185 8417
327 5412
6479 8065
5651 8290
6040 6653
8727 9924
2610 7677
7595 8711
4247 5983
6135 9888
8954 9726
399 792
243 3900
1131 9262
8704 8937
1916 6867
5787 9967
6621 9165
8788 9580
7831 9342
1050 6517
238 5409
5092 7012
8967 9050
8658 9923
7451 8080
1995 6206
6361 7914
5719 7003
1584 5759
5072 8424
7056 8428
6707 9910
1161 8791
6501 8989
8314 8443
837 3655
6375 6662
24 2671
6080 9240
1513 4021
633 8606
3151 6415
1692 4975
512 4737
1386 6385
5106 6839
5793 8291
1336 7005
6301 7368
405 8069
7351 8752
9349 9816
2493 6537
565 3164
5594 6462
7571 9594
2327 6356
9998 9999
3847 7081
3049 4129
1930 8123
8811 9670
839 6795
9415 9751
963 7357
6255 7622
46 5875
1229 5717
4620 8431
2937 8964
9553 9773
4223 8782
5167 8068
9485 9673
6453 8406
4812 9798
1723 7770
920 7439
6278 9201
6818 9503
3826 9955
7841 9075
8362 9679
1760 9498
516 1081
4217 5611
7242 8806
1105 7669
5313 7845
4123 8459
8456 8673
7260 9097
7443 8183
628 7079
154 8530
9516 9950
5367 9408
2843 6728
7470 9736
4090 4387
5058 8071
9371 9563
5828 6735
8100 8117
9684 9831
8635 9877
3895 4994
1569 2357
2926 6411
5377 5807
530 2048
2929 6979
6566 9364
1401 6079
8147 8473
1807 5102
6263 9388
4484 6067
7972 9599
5652 8830
6077 6318
1901 9014
8446 8796
697 9799
9837 9911
9268 9622
9517 9965
4672 9743
8807 9453
1810 5203
3967 4443
8306 9315
6648 8158
525 6001
9374 9535
8191 8849
8402 9843
5667 8562
6831 9148
3002 6052
4020 7314
6618 7898
8832 9309
5922 7653
9338 9941
1518 5325
9651 9942
5976 6868
3672 3905
5158 9067
210 919
7670 8414
3415 7859
5224 5614
6403 6825
1988 3925
6615 9581
7495 9608
9656 9978
2024 7366
8656 9174
7088 7867
2897 4487
6806 8226
6801 9864
813 7107
8469 9852
1640 2921
6249 7256
5757 9451
4548 7858
7175 9934
2071 8354
4649 5256
1003 1676
2913 3870
4860 7777
1048 4873
9366 9649
3731 4094
6303 7217
3873 4254
5315 7904
5363 6624
2535 8554
6472 6820
8624 9486
6572 7562
8166 8197
1573 9442
906 8036
2123 5735
7838 9265
1162 3860
486 7420
7977 8918
4309 6330
8540 9191
8149 9196
1720 6194
1561 8538
6962 8398
8106 9007
5601 7311
6902 9122
3130 4569
2250 4825
3125 3334
1037 1467
8247 8749
748 1400
293 4603
433
7994 4181
8450 696
3091 1339
4451 98
8612 7086
5422 3457
1743 1722
4700 1111
54 28
2738 1480
1779 1289
6176 5465
2779 2387
9082 8054
5132 2924
6237 6179
2707 2643
5596 4923
6988 6343
2969 2898
3288 962
6753 6106
8714 6921
4102 1724
6147 5746
5141 3390
784 500
8351 4369
9157 1832
5672 3785
928 584
2930 802
8881 5165
5029 4081
200 130
9369 4707
9341 4260
3586 1653
3720 3600
2702 537
5974 1332
2068 1114
2745 1853
7252 6928
9348 5305
4091 326
9717 5847
3923 2731
8660 7788
666 177
9416 3187
1013 838
1725 1136
8903 4525
3093 19
7581 7087
1923 1703
6266 1322
3920 745
4634 297
2297 733
5768 3668
4131 820
1321 833
5330 3778
9193 6017
8800 1883
1681 1392
1337 286
9733 7309
6608 2781
7134 1924
5960 3652
7650 1070
7466 902
8224 1026
9409 7273
9387 3349
7007 1134
4095 880
2934 836
3385 120
5588 2988
8745 5928
6294 1448
8455 5359
7354 4510
9493 3409
889 268
5089 3971
5762 4701
5697 3117
7027 3031
7438 5349
7834 3277
2764 504
4232 1116
42 26
3408 2857
4632 1660
381 10
8721 3972
6690 2658
3752 2407
1188 170
4583 3795
7041 4488
7574 5964
9847 9046
5267 799
1203 991
7676 3226
7390 347
3042 2705
7228 2219
3299 2376
1430 393
412 178
7667 1055
8460 3354
598 349
6146 4503
8084 3583
6115 3677
4676 466
253 65
3968 3047
5444 50
5062 1843
6832 3374
7040 677
3418 876
1259 258
2041 1190
2276 438
4460 519
5639 752
2488 1123
4125 4047
5252 2839
9169 5503
9247 1921
5705 523
3864 592
5569 4784
3858 3079
4064 4012
2485 1755
9591 6493
3146 2344
7170 7138
2592 915
7195 546
8114 3244
2138 193
2203 127
4171 760
6789 3821
9211 2500
4397 2213
8179 4601
3756 3564
905 190
8366 1314
2882 2107
781 403
9709 2371
3742 2162
7606 857
7668 4410
4842 3641
1559 1002
6711 6507
1500 1172
8535 2271
9609 3946
7747 2713
2487 1300
4679 935
9899 9080
4138 539
6638 4117
6515 3278
7793 2620
6580 3094
5958 2994
8609 6545
8906 1844
6019 370
9878 6341
6840 2959
6869 675
6836 2377
4298 2251
7575 1651
8629 4568
5718 3123
6478 346
419 82
4104 3174
6547 1626
355 264
9961 2726
8175 2717
9184 3602
5620 5230
1228 110
3576 3358
9896 6828
4696 1528
7632 2849
4202 1475
1579 921
4965 4785
5138 2644
7909 4245
7664 3708
8103 4989
7132 3246
6441 4374
7406 4952
4781 1688
2282 360
2557 834
4066 445
6141 4346
1980 1746
3916 282
5502 156
2880 2652
2978 2353
376 33
7340 6315
7794 1455
6914 6564
3909 952
1217 153
43 3
375 37
603 332
2077 1422
8474 3693
2672 874
8369 2832
5148 2131
7763 488
4519 4278
2163 747
5816 521
739 66
60 58
4005 623
2034 1792
4273 3167
1822 1627
606 450
9804 9617
4474 2018
2718 998
8742 4531
9675 6306
8027 4244
5982 762
1034 283
5306 3863
231 103
8020 3929
7205 184
6011 6009
9145 4830
4869 4053
2159 1751
6756 6477
4549 2228
2889 1517
1364 125
4918 1577
8687 1293
5095 4674
2800 2656
5565 5443
1215 654
6676 4582
3651 2777
1373 722
612 179
1833 1206
5571 4485
3754 3430
1535 701
689 491
817 753
1875 452
4594 1864
2471 106
8780 1563
2400 2313
6162 1072
4956 4546
323 217
8139 553
7377 5366
3717 3532
4220 3450
3982 662
2624 2242
9525 3906
6983 1393
1711 1000
2673 1426
5621 287
1840 2
8701 5843
7801 4142
972 569
4036 3144
2627 1092
7817 3365
5610 1655
4750 936
6189 4084
4734 1641
2678 91
5509 1975
5635 275
1512 272
9479 3016
3614 3165
9108 6134
5417 4347
632 289
3438 2796
4937 3361
1748 1622
8924 1699
7511 4793
1498 1234
756 291
9226 591
3791 2121
4606 2554
8188 5544
9540 6480
7983 7855
5453 1894
639 96
4589 3598
3426 1957
1654 477
205 1
609 242
3290 116
9285 1182
3817 2617
9296 4513
9840 3569
6841 6730
663 568
6258 1927
782 580
3950 3721
5864 684
9457 8365
6669 1726
7006 2699
3815 1714
4877 2231
8682 5530
5533 1532
5296 2128
8699 2110
9139 9035
4279 3237
7288 1764
9314 5701
4312 1562
9401 6198
7537 2580
9474 3293
8033 635
5711 1602
6576 1405
5105 2367
2700 2117
7401 1061
2243 1047
2074 1248
4533 865
9986 1603
352 88
9960 171
2436 2015
8260 5850
6399 2100
5774 1820
4189 1502
2603 2031
7241 5154
1701 558
6798 4947
7950 7567
3653 822
7428 6866
7709 6312
3560 3468
1397 868
1221 671
8594 303
5036 741
6357 1607
4481 4197
2967 1624
4865 4303
2064 1745
7943 141
4602 2160
2884 1089
3627 1863
690 233
8041 7822
8504 1685
448 11
8363 6751
6061 3245
3248 1530
2552 425
6340 3660
8690 3392
2073 1523
7717 4545
8328 7618
9557 3191
3813 3044
