890
3928 4419
9449 9887
5338 9440
8224 8896
3686 4895
9969 9970
8350 9636
3896 5337
9118 9521
3610 4652
4276 8771
6319 9095
6489 7762
9230 9753
5840 8652
4612 5034
165 9626
7356 8774
455 1467
9150 9458
1806 5649
8180 9946
7643 8253
4365 7971
2721 4773
4004 7380
863 7974
2171 3951
2341 3040
5983 9515
3867 6609
5092 5987
8990 9718
9625 9649
6642 7705
8695 9004
4577 6548
7256 8195
3827 9755
4734 8967
1713 2590
6914 9397
8098 8653
5945 7713
8875 9114
8072 8279
6558 7540
5065 8680
5967 9247
2958 4520
8829 9919
4629 7096
244 7194
7697 9315
416 7392
5362 9988
7322 9581
1817 9687
4402 5313
8021 8240
2058 7298
2634 4661
8378 9384
6520 7493
4997 9294
7066 7504
4043 6523
6312 9425
1776 7923
8267 9527
8941 9281
4177 5353
7220 7598
5636 5876
7010 9924
2892 4865
9789 9825
5304 9112
8006 9450
2587 2610
2939 4522
1555 4886
3351 4066
1547 6431
9274 9467
460 1630
5033 6743
9878 9922
6188 7984
6926 7899
5495 9252
3809 6826
3658 6682
8942 9476
6627 8327
2499 4236
7530 8996
4327 7891
1781 8506
4690 5832
665 2187
3270 3555
4069 4204
1222 8554
7903 8602
2548 5600
5290 7873
649 6796
1369 3763
5132 6451
2893 6106
1212 7572
4564 9821
7736 9997
7509 8355
6346 7128
8755 9377
5884 8764
4675 7606
1722 6744
2913 5779
7435 9529
579 4683
2512 9116
1897 6291
3901 7886
7574 7874
9699 9734
5450 5890
2400 2717
5908 9874
4196 8572
5527 6433
4853 7545
6948 8250
674 2535
8762 8813
3845 5986
7631 9066
4919 8273
4054 4746
8921 9027
4326 5257
627 1699
1915 3455
5549 6435
2813 7450
3346 5670
2170 8202
3009 3232
8259 8451
1235 1925
5841 7097
5851 9019
8621 9480
3824 4585
4858 9270
6581 7394
8678 9404
7265 9706
9172 9663
3385 7095
7851 9806
4821 6859
7794 9586
322 4187
1019 1350
6272 7249
9191 9764
9977 9995
2093 7455
877 1125
2304 8002
1863 2386
1427 9715
9166 9726
609 7829
18 6899
9460 9787
9234 9951
8452 8809
2799 7922
5052 8113
4023 4151
2001 3958
7373 9723
7252 8031
5053 6737
4012 7274
406 2190
1310 3699
1538 4111
2697 9056
276 1601
7315 8542
6263 7250
2052 3412
1896 8137
8105 8498
5358 7514
2519 5809
2998 4097
427 3868
6563 8885
32 7080
3648 6129
2146 5275
3971 9227
3536 3720
7264 8205
3393 3768
8251 9109
1937 2429
2879 7889
4517 9339
857 3164
5407 9617
5767 6993
8099 8194
1638 1840
6886 8140
5036 5478
8536 8743
5795 9094
273 4782
1210 9071
6554 7143
1583 8351
360 970
9881 9902
3698 8184
3975 8979
9733 9770
1640 7703
6108 9822
3158 9122
462 558
5211 6364
4138 4211
1870 8079
4279 6467
1375 4899
4390 6861
4665 7978
7308 8384
1224 7841
4758 8358
1476 8192
823 7476
4925 9531
255 5279
7637 9884
8107 8159
79 8080
1715 6707
598 2938
9928 9985
226 4293
1344 5064
1739 6230
2073 3217
135 6360
3953 4053
6971 8550
751 5219
2963 5762
5984 6016
2601 8693
2425 7304
4563 9062
4996 7802
3771 7862
4957 8539
9074 9088
2302 6937
1492 3038
574 9039
3907 6793
7426 8733
2772 9367
4774 7033
8039 8709
3048 5074
2205 5714
8388 8391
1919 6441
9356 9569
3125 4794
4022 4095
8056 9140
3136 4922
8332 9197
630 2281
6571 7098
9375 9382
4736 7998
5208 9759
545 4992
646 2576
3069 4063
1215 6633
1092 9087
5262 7477
6692 8800
5842 7431
7975 9351
3320 5142
9796 9873
6698 9070
3685 8707
3966 6167
3765 8429
8547 9863
2151 4222
1562 8053
6138 7885
5881 5995
4871 5827
6808 7789
7513 8089
6949 9259
9106 9700
5093 8492
5613 8203
8854 9314
404 7048
2021 6643
468 5475
6700 8728
1582 4452
711 2343
1326 4253
872 9421
6314 7835
4297 6193
2616 2776
9005 9240
1208 8234
8168 9765
6951 8887
4308 7692
3653 6093
3602 4030
4876 5659
227 2334
3179 4359
9043 9243
6155 7283
7936 9598
2845 3876
638 8281
5976 9326
7346 9160
4464 6313
1714 9912
5669 9584
5773 6388
2861 7744
1996 7640
3533 7550
9442 9925
5991 9631
5747 7555
9930 9966
8063 9423
1557 2639
762 2921
5904 7053
6102 8512
5391 7906
332 6219
9830 9854
4205 5993
1768 8339
5334 8910
6539 7945
1742 3133
7207 9291
3546 7102
5367 7559
254 3738
372 1803
1859 3382
8631 9519
4487 6790
5667 7894
2076 9311
9675 9677
4815 5816
9744 9800
4534 5111
6080 8058
3692 5925
6215 7032
9436 9851
8158 9205
7155 9627
1405 5625
5286 8909
678 4621
8377 8802
7233 9607
7714 9048
4793 9730
1140 1306
6711 6942
2925 4872
1462 6258
5581 7956
6277 9262
1201 9855
2742 8390
9427 9439
899 2874
3503 3534
7359 9774
6245 9157
9632 9886
8961 8978
1142 6372
4423 8088
5399 6448
5622 8988
6403 7733
9222 9349
4332 5788
8447 9750
9415 9463
1415 2832
6586 8666
629 7156
1481 7706
5944 9307
9110 9393
7273 8186
5971 8604
4105 5943
1381 5260
973 8441
4492 5571
3591 6502
3381 9190
1815 8442
8815 9811
2859 4272
6338 8217
3741 9327
1056 2257
8940 9207
655 5970
3900 4861
774 9867
1947 2824
2062 5765
1631 4856
5231 5541
2325 3639
7601 9102
9064 9121
75 1038
9914 9955
8272 9842
2654 6068
4350 5702
6409 8753
1479 4275
4749 8598
9366 9950
5819 8480
8770 9960
414 5919
4597 5760
1101 3473
8682 9850
1629 4049
6195 9929
9482 9588
595 2147
1054 8007
6085 6156
571 3493
544 3070
8497 9594
6422 7318
2919 7290
6075 7446
7702 9084
326 3805
1622 7244
6730 6854
4494 8578
4842 8999
6754 8894
7526 9418
9441 9778
5811 7863
1428 7816
51 1932
8200 9489
4967 8023
2566 8376
3570 4167
6759 8616
5682 9669
9643 9644
3087 9350
3708 9213
2003 8850
991 6369
7565 8477
2968 8915
7913 8008
8033 9654
1550 2718
6524 9396
7015 7166
3511 3870
2153 3954
3581 8727
5273 5889
9448 9512
2259 6377
5008 5197
8096 9217
4223 8381
836 4152
620 2368
9697 9875
4016 5558
5097 8312
2447 3187
6054 7782
7548 8223
673 708
7483 7632
3818 9804
8765 9151
1961 2032
1324 6994
4034 4545
1272 7914
4461 6465
2268 2495
5110 5318
4067 6203
1967 8423
380 9279
4203 5739
5645 8097
7176 8684
989 1854
2828 5859
73 3819
4686 8726
5727 6915
7316 9251
4583 9656
3472 7963
4001 7818
4693 6788
3236 7390
2817 9698
74 6355
3261 5441
8170 9504
3675 4892
8243 8412
1868 6980
7480 7994
6901 7121
604 1520
8938 9690
1820 2711
2585 4673
3520 8155
3251 7957
5810 9747
5893 6561
6897 9827
6218 9557
5582 7965
4099 5759
1962 4408
446 8301
5968 8892
6399 6769
9837 9961
8050 9147
2768 8522
6978 9119
3684 5281
9766 9807
9994 9999
4064 9541
8983 9073
4797 8018
4060 9877
2273 8962
8562 8647
7224 7855
5066 6659
110 819
270 7827
8704 9899
6941 9737
3055 4243
6869 7192
5523 9505
4013 8038
1301 7473
4142 8235
8688 9517
3145 3376
7527 8265
2395 5048
4179 9868
477 7302
1792 9306
1903 6132
8556 9859
2719 2915
9528 9917
5744 6992
5969 9456
3830 7399
5619 8596
814 1627
4657 5540
9852 9934
7803 9974
7616 9250
928 3909
891 2674
9862 9913
3370 3664
4363 6834
6175 9958
7813 9502
6242 7745
7284 9258
9124 9477
5051 5544
2434 8407
3513 8720
8635 8838
2336 8499
3578 4120
3405 8209
1931 9133
7992 8866
5218 9289
1988 8148
3753 7035
3292 5167
5144 5680
8803 9050
3108 9894
9603 9802
176 6469
6243 9743
5635 5642
5524 5733
7324 9703
7864 9757
3037 8268
9297 9658
9828 9901
5577 7171
3477 8955
5089 9453
9353 9606
1300 2006
7229 7693
6592 7700
664 9818
7740 8761
8985 9148
5037 5483
3663 4047
7195 7949
6207 8471
8516 9459
7793 7917
6675 7760
3729 4086
5029 8276
1970 8396
4626 7996
6913 7398
878 2332
6670 9414
2555 3214
4201 6349
3586 8931
7029 7505
4635 7168
5708 8897
3632 9777
2274 2534
3331 5804
4937 9749
5323 6320
7739 9645
9357 9471
3669 5406
6843 9301
3228 3631
2579 3526
1794 7748
4579 9846
6128 9137
669 4941
8580 9980
8245 8624
5749 9178
5514 8797
9215 9725
4920 9082
5253 5415
7948 8868
1423 8654
6632 8064
2158 9657
2882 5435
9907 9973
2307 5216
2549 8702
9452 9722
6140 9083
3991 4566
5360 9107
8699 9003
71 7593
2867 6416
2399 8563
9791 9810
634 1173
36 1407
6547 6799
3359 5397
5758 8036
8655 9893
3420 6284
5973 9813
7216 9407
5135 8132
1206 6487
847 2778
657 9655
3442 8430
4078 4103
8686 9891
5246 8424
3817 5193
2602 5815
6439 8918
7163 8344
493 8964
5699 5918
6334 6684
3828 9870
3415 3937
70 6693
733 9105
3606 9860
4805 8514
8314 9195
691 6047
1281 6179
9334 9520
5202 6449
7277 8513
1413 9673
1755 7989
6266 8968
3372 3498
8293 8873
2193 9049
4537 9639
8681 8763
2603 4376
8482 9431
4763 8493
4744 9013
7853 7892
7013 8746
8721 9341
9342 9900
7525 8357
6288 7814
2316 6003
3363 8880
3757 8911
1503 8657
2436 3011
9544 9864
1869 7854
7313 7377
949 9138
6907 8747
7603 8788
5075 5643
6069 7516
706 8115
5818 9211
8804 9206
1708 7388
4729 7157
97 4102
6619 8266
4316 8781
3389 7104
4124 8229
1993 9317
3203 9709
3603 6401
9572 9903
2736 5926
6111 7681
977 2135
2228 6139
6162 7804
7330 9464
8639 9879
6437 8799
4168 9199
2672 3015
7254 8818
8548 9583
4491 8428
7088 8026
8126 9933
7062 9204
3927 6061
2145 7676
9276 9296
280 5891
303 2340
7959 9843
5329 6205
6620 9309
679 2034
224 8884
4837 6723
7584 8160
9944 9986
4883 6651
6888 8811
3734 5152
3135 7375
8295 9965
7556 9037
4101 8255
2370 3856
6067 6227
8959 9280
9596 9938
2104 5217
5892 7393
5324 5560
5647 5671
4706 9313
5292 8632
5624 7070
1261 3057
514 6005
5654 6196
6335 7082
9816 9923
7471 7481
1920 4550
2216 3486
355 5621
3567 5387
1004 7937
4453 4511
3411 5688
1667 7210
917 9221
9493 9932
9767 9793
6544 8943
8258 9847
9323 9565
6063 8070
4084 4817
709 3683
7773 8673
8717 8924
4991 5912
968
5860 1901
4048 502
7882 2130
5356 3739
7127 3717
7154 271
6018 5932
5518 2620
6131 5626
98 59
375 323
3799 3080
2978 221
3151 1363
3614 2714
9619 3745
3840 1990
3483 689
1648 451
7259 329
6341 3598
3206 1254
3860 521
763 753
1069 827
6979 2474
913 395
8827 2450
6326 1083
1895 213
9962 8046
6881 1351
3497 29
9720 5894
4914 3616
4627 918
9029 7247
6476 25
8724 5519
8127 5204
9714 6352
4220 1200
7809 5955
6824 1457
6969 1109
1438 1124
1647 1079
421 408
1704 10
1441 694
3732 478
8949 8749
4347 2438
3004 1387
3014 2220
9824 7008
5465 3157
8108 4987
1561 328
7294 437
5122 3431
3487 825
4738 3670
479 28
4129 1537
9261 700
3154 2780
4375 1030
5383 716
1680 1514
7050 1114
7417 1604
8394 5855
2212 295
6239 3184
9746 5706
5729 4900
4745 3436
3035 275
7910 1675
892 788
9716 8671
2940 562
1461 1289
8613 1182
6710 523
7837 1834
6903 6398
2928 1610
4098 1823
932 737
5711 3118
1178 318
1266 1256
5416 2966
6117 3841
3476 1194
8111 342
2755 1358
2022 1379
5559 105
703 66
6036 5454
8020 3075
1564 1282
4068 1176
779 41
1551 912
7460 3459
2567 2247
384 20
8888 6296
578 260
3681 136
1439 104
2539 1978
9660 1145
549 430
8321 418
2290 251
4528 2042
9488 9089
4432 2743
1983 444
3923 1422
9403 1660
72 1
2517 84
2942 1513
1050 696
6835 3619
1285 931
3629 2462
7671 7078
618 196
5295 2254
6423 3735
1174 417
4800 3902
9483 8683
2337 1127
5310 4309
1780 1257
5474 2831
5481 4171
504 496
6683 4478
44 24
2011 1134
5823 1894
6464 781
124 93
1329 1024
2656 132
7664 454
4713 3976
9559 7573
5109 577
8336 5557
5996 3758
553 483
5886 2818
5628 2027
9059 6026
2651 2063
6517 1483
80 11
473 264
291 277
3229 274
2588 186
5845 916
9554 1475
2272 1362
7423 7016
5634 2744
8984 2483
9801 2967
2423 1356
2773 1049
1074 838
2344 331
3672 2179
470 121
527 348
2489 1080
1939 1480
7060 5579
458 258
3447 937
6032 3941
1659 960
3250 601
9077 3642
4560 2598
6204 6035
6668 3778
9678 3470
6010 3095
5252 2443
4714 4514
3019 459
7382 826
6645 858
9809 3784
5803 622
7561 7451
8449 7575
1574 806
5798 1954
8366 6071
7125 4009
5938 89
6154 5300
1796 34
7940 5248
1198 151
6715 5045
5724 5515
7599 642
6984 4322
7579 3163
7822 6027
1943 701
8508 288
4779 1169
4640 886
9981 9130
4983 3350
148 133
8756 2934
6564 867
2596 2569
4767 2089
2101 1100
4429 345
6290 1778
23 21
4444 4270
9803 339
2996 1980
3654 2288
4836 3789
2677 2271
597 154
1684 381
9024 8971
5189 2258
1874 341
9522 1816
4471 2795
8296 354
1642 229
1858 1616
6954 3773
4388 1763
7219 5964
8043 590
203 22
7271 140
7034 1536
7422 2074
2641 179
497 316
6653 3317
9201 874
9664 4810
3847 2348
3352 1498
4988 2013
4412 3089
6358 5137
38 17
4708 2053
1957 174
8564 2630
1487 761
5873 153
7768 543
1506 87
1155 572
6300 4045
7890 1750
3501 1166
5933 1672
1371 547
9321 5504
5073 125
1095 9
7441 5965
3218 3192
1003 576
12 7
7995 4668
9428 7412
9637 3831
7806 4696
3178 2320
5731 1122
535 467
6873 5405
9038 8723
6225 1191
481 298
9815 8156
7935 4116
3764 760
671 307
5130 876
8630 4624
8830 8464
7118 5662
1453 533
2222 687
6797 1787
9126 2600
6084 4405
7149 5794
8871 5124
6019 5562
3279 1431
2563 952
6236 997
3010 2988
6930 3898
3661 2652
6475 1418
7843 3421
3787 844
9585 1703
2295 628
306 146
1152 116
5175 2986
420 377
5090 1559
8823 6427
2706 2128
1521 907
3339 2335
1807 141
6400 1385
942 754
2094 349
218 126
7931 190
6757 5638
7870 1688
9188 5806
7728 4799
5375 5147
557 101
263 162
513 64
8732 5221
1165 265
3414 1011
3003 2665
9103 6534
1905 868
9591 301
8291 3053
5493 4038
1170 538
7602 1543
1365 330
5162 1579
1968 5
9429 3574
8150 2670
2330 1395
2724 2468
4751 777
9018 4055
8927 5114
9968 237
6786 4425
4889 3772
1448 373
1274 1009
2280 499
4333 4175
3296 801
2329 2276
5083 3117
8620 8219
8486 7366
5861 5543
5025 253
284 147
817 443
7999 6098
8141 6034
5098 4880
4718 3936
1810 1558
3449 3211
7921 3338
4833 4172
3356 2994
2162 1337
6772 5763
2064 1649
5287 3929
6279 800
4571 4367
5243 1549
3700 2008
7621 5195
7152 4319
7634 6209
3362 2612
3746 3437
8532 2685
152 67
9136 3973
8661 6613
4890 4625
7888 6918
2159 1005
9446 6781
1674 389
5687 4404
7479 5678
9057 7181
6164 2623
3641 1618
5433 2761
5447 289
9666 7825
9360 5953
606 569
2827 2023
4544 3579
3237 1287
9601 6283
7594 4979
3518 3330
2673 2418
3747 3674
81 15
6892 955
3231 2577
5032 780
5612 5194
9180 2214
9993 3027
6856 2488
9775 1132
8453 6800
7061 5770
4802 2439
3337 900
4314 327
4373 2315
6891 4190
7159 908
1580 967
4963 3386
3889 2241
5060 3495
8690 7177
7677 2653
9494 712
770 447
3403 3142
8123 7119
6916 1884
2605 2449
7792 5963
6989 4265
6060 2444
4329 1408
4454 3985
8069 4932
1572 1484
8305 4676
8124 5777
8222 1633
1509 635
415 40
3289 1432
56 2
1634 1138
4748 3863
2699 1276
5095 1643
7486 5412
8822 2989
137 65
5327 3169
4956 4469
6275 287
8663 1545
5305 5071
4952 3604
8494 6616
5542 2895
4008 2390
5567 2183
5660 233
1881 726
4772 1914
16 14
2371 299
718 388
2846 435
9416 3025
4614 3644
1007 582
9008 4959
5611 1772
6337 3508
2357 1372
6002 5119
7629 2416
6858 4607
9078 4271
7541 6909
2658 1507
8713 4568
1490 1355
4918 1575
2659 145
8091 123
3517 2181
5112 4823
3188 666
2855 1749
6184 1068
4409 4251
4740 3443
7333 3033
1012 982
5054 1655
4374 2809
7498 6549
1107 184
3744 3435
5141 4500
9575 2283
5017 567
5538 5261
9401 1979
4229 1888
6419 3109
1103 831
8420 1734
3996 2417
2324 2208
2362 2306
3846 2694
7140 3054
8863 3793
6981 759
8130 6112
8019 2552
4674 3942
5787 3238
2513 1184
5573 4215
861 719
5347 4575
9469 1102
2746 559
4449 3697
7260 2294
2407 998
4025 1164
4699 3691
2367 1756
625 605
837 130
6944 6148
995 921
505 453
7462 5384
3552 1268
8600 7108
1899 881
7715 1907
4790 633
9455 8462
6623 2461
1784 52
4719 3013
2702 1853
1805 934
4209 2346
4358 3143
1478 594
1434 1426
1366 768
6072 5606
809 200
7750 2232
4014 3180
6746 1491
181 31
484 245
1304 882
2287 232
6807 4291
3795 3608
4042 202
9648 3918
7043 3322
1469 792
6212 2360
3244 1316
2997 2881
5725 3299
2026 1567
347 257
1383 647
239 42
1548 1534
4154 1556
4724 808
6667 4507
6785 1233
6572 915
366 204
2982 1190
766 469
1716 1528
8191 6240
4783 2908
4273 3607
6990 3883
8767 2816
2705 1612
3213 1707
1380 96
4224 856
1695 1171
8404 4057
2932 1606
6226 5459
1382 963
966 885
8128 7349
1104 1058
4742 1394
879 422
6847 4353
6833 2466
9045 8029
5690 5159
3594 2065
7908 2802
2475 1906
9662 122
9848 7106
8879 1338
7196 944
3668 368
9978 5271
8920 1729
9712 6565
676 223
7928 5469
8801 2572
9650 2972
852 35
4828 185
5941 2767
7221 183
90 88
668 554
2002 1399
6585 33
2260 1252
8134 1442
4940 1898
5226 3701
4780 4140
3262 2252
6182 4509
7241 3853
7170 6752
5178 2500
6100 5371
656 161
8320 2473
1349 1297
7415 1847
108 78
1578 739
2645 192
474 129
3566 3195
4248 3153
3537 890
5299 2092
9708 6082
4231 4108
3325 269
1364 143
4953 3858
9614 3776
7036 3628
1236 247
5312 3636
1615 587
5058 3679
8670 490
8383 3689
2592 1269
3248 1016
9186 4838
3429 1956
778 356
4995 2359
9273 6938
1971 1465
2075 1343
396 266
9236 450
3307 1000
813 267
6191 3404
8419 8316
3068 1790
1916 1317
7515 7218
7347 4485
6466 4019
4109 99
6056 4235
5361 5333
2805 2733
9836 6832
2757 1065
6695 4337
7282 2394
3422 2310
6593 238
2581 511
1335 26
1037 128
6460 4041
3940 3181
8242 613
6190 1318
6977 6232
7086 4603
6411 1917
8805 5015
3790 2113
8857 6543
990 195
9164 5477
1249 1059
8646 5043
1445 608
3225 2174
8997 4855
518 485
2599 727
4803 1342
8843 7465
865 734
5906 2621
2122 1975
1885 1456
8183 2789
8114 6233
4174 3474
1192 784
3275 2698
4936 2138
8559 5580
7442 3190
519 94
2523 510
3770 1529
1141 362
1563 1042
7832 6105
7074 6559
5757 2747
2299 1486
5957 4254
9915 7880
5785 2820
3304 950
8015 6629
9200 7612
5455 5417
8950 7524
957 730
4318 619
6537 3293
9507 6302
7609 7122
2282 1656
4085 839
5927 1298
9729 6985
2317 466
1133 371
8820 3448
1565 1105
6599 954
3230 1856
6231 5145
9185 6579
1830 1800
9282 4160
8057 3383
5598 2333
6542 4549
4484 3103
2132 715
3146 2561
746 732
2284 724
3761 3500
7430 6462
4894 914
8417 4935
851 560
1837 738
956 150
1681 736
3491 515
9009 8837
7943 3703
645 212
6247 758
3100 1652
1248 1001
4214 592
4761 2894
5675 5070
5655 5230
3806 1126
1186 639
624 350
6535 6109
1070 992
5250 1832
4237 2647
3457 2160
9132 5792
7919 5985
3469 546
5772 1319
5225 3084
8777 4897
6501 1213
7081 6883
4559 2926
7342 1474
6596 3161
2943 2028
9420 6636
8502 3458
2557 2261
4219 1685
6493 230
4252 3915
1377 1374
7823 1211
209 62
729 376
1701 958
509 46
2902 1624
9380 6654
5283 654
3101 171
3834 943
4791 4707
7696 4033
7969 4075
1205 940
2918 612
8882 7323
2121 1440
653 528
8597 8164
3529 112
2759 1930
1015 895
4705 2973
1933 1504
1819 842
5363 2957
6170 2078
7133 5016
3056 1959
8014 3340
7951 7924
2875 491
9286 5852
4070 2249
7657 2070
397 317
3825 1568
1388 3
6180 5736
4255 2591
111 30
5196 4490
2120 1062
1757 210
5551 3428
8557 2783
9189 4341
68 57
834 471
5980 5282
1239 61
3440 1096
1020 175
4282 2739
4307 3467
8900 8288
5297 757
5102 3086
2385 109
8783 8025
5372 197
6350 3833
3622 3088
5691 623
7240 2976
4905 4135
875 370
9216 5591
7454 2544
6113 2478
7729 4961
2477 512
2326 2250
3981 2992
4850 2909
7512 1658
4512 2456
2762 1331
1788 1097
1812 552
1410 1013
8944 8585
4474 428
3017 2081
6601 4877
3374 2695
8737 8187
8269 6241
6146 767
9670 8178
4904 4898
1444 292
8474 5125
8744 4385
6986 2862
3820 3515
324 220
2199 1668
2669 764
2246 1450
2056 828
9975 3043
118 95
2239 1039
