61
5510 9580
8786 8951
7760 9655
5407 7470
5372 6126
7436 7525
2792 9507
3998 4033
5723 6576
7638 9939
4002 7628
6387 8871
8937 9503
7698 7846
5272 9334
9380 9727
9432 9561
2059 3700
1315 9681
3291 4226
9234 9537
45 398
9159 9296
7616 7637
212 3956
7501 9080
2237 2702
2715 7056
7283 7875
177 1310
5522 7039
9652 9732
8554 9989
6193 9431
1166 6842
155 8541
8164 8889
648 5148
6301 7284
4175 4681
5952 8065
5356 6206
451 6751
3864 3977
2268 7114
1750 5097
8775 8973
7568 8335
7907 9332
2019 5891
5965 7120
6294 8886
9704 9712
3290 4704
2621 7947
480 3093
3548 9642
2741 5262
8981 9144
1143 7054
6873 7213
780
3412 3079
2503 2137
3219 105
8996 6179
5060 530
2190 1177
1027 231
3733 1704
4225 405
6712 4855
2905 268
2255 1107
3789 1714
6632 387
2669 349
4011 3531
3428 1702
824 186
4565 4313
132 64
9717 3228
2413 375
6435 1105
1737 1304
3709 1134
1408 192
7802 7273
6424 6143
3693 2782
5601 4073
5532 141
583 37
8525 6282
2622 1549
437 122
4649 4091
7857 2126
3537 2336
9984 7216
1175 168
524 302
8323 5004
8448 731
9151 8293
5026 4116
8346 1927
9667 5176
6812 1306
7652 5950
9965 416
1112 587
1844 1080
1730 1205
7162 3782
3946 236
6286 5066
9807 7450
3042 3019
5377 522
2289 1169
7949 2510
4388 4012
2579 1856
4995 445
426 198
3481 1052
6849 359
6256 1412
2752 2745
6603 2833
2796 1291
3660 3609
1896 1518
5056 4619
8670 5289
2991 768
639 498
3105 104
5844 3507
3657 575
8755 7688
9689 8183
2536 123
8763 1163
5130 1598
7889 6964
3085 2334
8107 7702
1860 315
9344 3711
8274 7866
1785 169
3010 793
3489 3153
4726 4599
36 12
2225 750
7479 6706
21 18
6231 4815
3338 494
8752 6045
3377 2848
6519 730
5361 790
8739 1606
5624 5265
2209 2088
4843 42
503 415
1007 988
7915 5127
7934 7487
8608 4772
9888 1298
6315 4823
9306 2696
4024 2022
422 187
4746 3911
3915 2448
1981 685
589 140
3013 1802
3234 1229
9648 9056
6968 2842
3002 2928
8258 2091
1228 323
1768 816
3927 3440
1363 1130
1592 736
3516 3343
2263 1272
313 171
1378 306
9933 8487
9108 5546
4029 771
9403 6846
8690 705
6473 4157
3247 2704
1418 825
9309 2035
6528 3928
9350 2561
4464 2127
4014 2492
9849 1935
8390 2550
8171 2077
1698 1099
2200 120
4812 4668
2462 936
4007 2710
2846 224
1524 1433
5907 4954
5886 3905
7932 2803
3655 668
8453 4510
7872 3839
3090 25
4684 1955
4182 3039
1198 1071
9097 4521
9193 4298
9763 8751
8267 5086
6251 839
5801 663
7370 1783
8550 5882
8446 2868
3501 1465
3668 446
6866 5737
2941 2439
4507 1532
8149 6564
6896 1782
6480 1650
1850 718
5439 3851
6041 3021
1183 1140
7176 3862
3033 2686
9937 4749
7977 5679
610 342
8481 3194
70 59
6481 472
1628 471
7142 6553
2479 1911
191 124
2726 1568
2468 1454
4517 3016
3961 3299
7960 4334
9794 4341
5224 1845
9367 8211
842 90
2759 949
4306 4095
1619 1043
5826 3822
77 76
560 159
1179 1149
9963 9012
3889 3252
483 253
9714 4443
1795 1443
516 404
4671 1017
8426 928
7261 6113
9283 4849
6795 412
1283 1274
7009 2866
3344 332
8920 2739
8073 8013
9792 7245
5350 4723
5015 1490
7337 1835
3484 1865
6174 1232
2595 2224
2045 1266
3628 2570
7295 1070
1953 1500
8897 8879
1225 916
6177 4708
759 569
1092 52
9942 8731
9957 193
3873 3684
5226 1806
89 58
881 330
2901 2178
7206 2030
4117 2965
4461 2584
6061 2353
3025 1539
7546 1906
7333 2352
3233 2972
1923 654
9112 4458
5065 4845
8894 2625
7202 1381
9527 5078
9115 1451
50 38
9396 5717
7776 5596
4394 3953
8308 3087
8423 5094
5227 321
8439 7796
1984 1664
2957 130
2813 79
7974 7122
1933 1251
1922 1094
7397 1356
4596 539
6499 5074
520 176
8165 2900
5552 3192
9366 4283
9107 6081
9532 3959
3719 3068
6093 3416
8880 5239
4214 478
4515 1665
3193 2066
2112 146
9769 2724
1748 1390
1840 409
7237 5759
9143 7941
2248 166
4501 1781
6289 3748
1355 938
8577 6230
7503 356
3807 714
2694 593
7602 4402
1211 838
4826 3202
6291 6046
7454 3115
6430 1045
3165 732
4314 1199
3547 3433
8789 958
9700 5872
1305 686
8797 1123
3116 977
7820 1473
2754 1234
3560 931
1180 263
2169 1327
3026 1564
3776 2005
2547 251
7115 568
8318 5014
9461 9347
6790 4513
7041 6169
561 432
7650 4933
4633 418
7239 5382
2069 1727
2606 2288
5251 448
2147 475
8560 7878
7520 926
1385 265
6621 4875
6817 983
2899 1439
8547 3825
1316 1133
8861 4569
9217 6977
5054 600
2280 1622
6570 880
9337 5087
8821 2529
3818 2491
8468 5433
4841 4442
9585 2098
8227 6598
5129 952
3318 3055
2432 517
4326 4259
8570 6465
5296 1731
3462 2332
2320 1937
1828 129
7379 5200
3802 3177
3979 3324
3670 2387
6855 1722
1121 204
1751 114
4457 3031
7604 615
6212 3096
2925 2372
2426 1836
3857 9
6338 679
6223 1894
5660 160
2884 2607
5871 3226
9617 5138
9117 3907
3046 2992
6597 4711
6242 1359
8963 7178
6870 5650
2350 2340
7508 4581
6728 1064
1296 389
8031 5075
5406 659
9830 8890
6042 2297
3576 2912
4082 1376
9001 5835
8740 1093
8914 4367
8475 2937
1488 653
8815 1349
9398 6555
7091 1485
8198 6590
7837 1049
2515 699
3312 1998
3251 1404
5359 1853
948 548
1351 495
4848 3294
3239 2380
8959 3849
9275 8700
6248 5211
5946 4357
8657 4786
6840 1965
3895 3099
3691 1173
2093 1838
2643 1340
2865 1877
6187 5242
1212 1100
5230 2879
5572 3258
5352 2973
5556 4739
4222 1851
1224 197
2037 1460
3441 1671
4716 1146
7839 7306
1901 511
8175 7769
5286 2514
2338 1508
5370 4901
7301 531
2559 976
111 88
7970 1503
6361 1493
2238 1765
1158 630
5425 2670
8072 5089
71 65
6463 1880
745 563
9358 7517
9746 9593
7565 4538
3681 3126
8068 5368
5217 1182
6343 4830
6154 2181
9113 5101
3658 1516
2251 1558
4123 2950
2129 384
3874 3696
985 853
6926 6285
812 147
847 372
6868 3140
5483 4249
6115 6073
3129 1684
8137 7990
6959 5122
3225 2282
6331 5867
343 294
1958 1233
325 317
3610 1207
7154 2043
8445 4754
5264 348
3111 1855
7815 4938
9326 8055
7645 4378
3872 727
9758 8917
7335 1424
6155 1889
2906 2317
8545 4474
8249 6071
4481 2298
9879 2339
8605 8304
7124 230
7723 728
2882 1230
3619 1740
5547 4721
2998 534
455 429
5339 2873
1685 227
3215 972
7895 2385
8250 809
8528 8452
5536 5267
5837 5832
4258 1375
6690 6389
2766 1210
3814 3477
6745 918
7207 5957
5607 3335
6349 899
233 174
5029 74
5235 2428
965 119
5715 1087
8333 7286
1553 783
817 382
8387 7193
7219 1472
5312 4275
4690 1945
9929 8317
2611 373
4693 1569
8109 8001
3053 748
9465 7330
6834 6198
1686 213
9154 850
6139 5509
7381 5958
8935 4528
8064 3431
6861 720
4730 4652
2554 1057
458 163
4305 2404
5583 4393
3680 3034
1758 1089
3917 3350
6628 2471
3582 1985
4431 2083
9885 6856
3829 2242
8972 4361
9195 4935
620 293
7418 6437
4980 286
1430 96
7908 2939
835 767
2485 2157
5560 312
7028 6546
3785 3191
158 93
5520 4448
7635 6057
4286 2017
7766 439
2454 85
5542 5514
5324 118
243 154
161 107
8417 6434
4943 4396
7598 982
5476 3897
2307 1292
2588 1996
9448 5444
6415 3641
7643 5507
9184 8383
6151 2737
3763 2695
9809 23
1817 98
4520 4346
4003 3964
5598 4551
5554 688
4610 3769
5185 3722
521 376
683 189
5615 4227
8081 613
4963 2024
4414 408
2487 780
8411 6584
2981 1742
364 113
636 440
1703 964
7788 7204
514 335
7311 3286
8521 2729
7582 6616
9765 3024
4936 2874
117 39
4766 1517
8887 6502
1317 128
6091 572
6843 1085
9043 7190
7240 2959
9909 8251
2852 1336
209 127
4952 591
8633 2859
8814 5505
8702 2537
943 109
8196 787
584 435
9089 6754
4053 1905
830 632
2575 199
3840 3349
3345 2693
4362 3899
4203 1563
7440 7305
6354 5413
184 156
3727 333
2002 1108
5897 4440
6659 334
9773 9653
9598 4985
5680 238
9008 3588
149 97
6978 784
3210 2128
2337 260
9197 649
6164 3227
2189 2034
2133 2097
671 430
9305 3954
5899 5657
6240 1250
467 443
7289 1449
7777 5722
3200 1026
6538 743
2357 1384
9145 4570
4028 2467
9428 8782
7408 782
1157 24
103 43
4221 2530
2362 1086
2105 2032
526 54
1692 391
1353 1063
9292 8985
8492 827
6380 1400
1693 1496
892 794
9021 8931
5387 2610
5376 973
4568 1462
4327 4085
7047 6969
6925 2786
4090 288
6274 5431
8462 7726
2016 1641
5531 1634
6648 363
7296 1088
4377 449
4273 2378
5733 4872
3796 2230
5749 5492
5172 2953
7345 1867
4977 2538
7372 6611
1699 1352
9161 7151
4272 3241
2261 1884
8312 4218
7390 5023
3388 1852
9766 5206
3091 1117
2096 225
6022 2038
5937 3951
2974 818
3285 1203
5840 4705
8275 2397
978 806
7189 5790
3770 862
220 34
6739 3799
8923 3092
7884 5169
8649 4400
6111 4288
9495 4373
700 393
291 27
2878 2512
3708 3061
1323 884
2148 1757
7921 5092
9576 4478
5914 5626
1760 56
7153 5192
6244 383
4939 1168
565 564
8425 5367
