634
7784 9165
2302 4236
7010 9182
8575 9542
9729 9888
4770 9694
4761 7786
8167 9251
2397 9383
8412 8708
283 4615
2807 3535
3374 6580
8261 8440
6635 9414
4434 5508
8324 9607
2217 6603
724 2556
963 7917
7608 8219
5957 7950
8259 8935
1677 4139
9941 9974
6191 7232
166 7921
2245 5700
1217 4300
9664 9953
8560 9027
1255 7910
4659 9787
5939 7665
4754 9424
1803 8778
9278 9890
8843 9273
8808 9361
986 6499
4369 7951
3908 7265
8069 8381
9948 9975
1853 9160
2899 9151
5922 9186
1944 4819
4238 9265
1593 1729
9382 9591
4596 8728
6750 7945
6523 8832
6718 9631
4105 5986
2783 4973
1652 3002
1437 7705
4123 9142
4537 9850
8166 8876
7761 8952
2726 8945
9691 9726
5179 8098
6884 9356
2354 4179
3557 6738
5404 6348
9835 9973
4339 7725
9360 9992
1501 1736
3008 5315
1597 9504
7970 9368
4541 5619
9796 9964
6681 9032
6658 9311
9353 9862
4463 7589
9225 9900
320 7682
156 2351
9391 9737
8846 9944
288 787
3605 5805
158 3895
6254 8457
1769 4545
1839 4520
3057 8851
1353 7273
355 4062
8501 9571
599 6368
4591 8122
8805 9770
6209 9138
8974 9972
6201 8640
7718 8549
6085 7615
6080 8656
6186 8898
1881 6357
7082 9323
8745 9673
9476 9486
778 6680
3587 6451
1844 5630
9330 9345
7128 7299
6118 7261
5612 6794
425 8419
1282 5271
220 9966
6311 8674
6121 9808
3190 7888
6643 9928
9327 9724
6804 9659
6634 8678
2655 3071
7259 9625
5644 5887
7074 7787
1363 2742
2642 3196
7025 8767
826 5649
7673 8138
3671 9684
9253 9819
9096 9191
6496 8637
4232 4357
9776 9868
9708 9842
9820 9897
9853 9914
9000 9761
2130 9752
2165 4724
3435 4795
2549 3597
7675 8205
1882 5579
3257 4093
6078 9871
6977 7460
9892 9945
9066 9106
5076 7936
6779 9701
3878 4755
6476 8043
9559 9929
6686 9365
3790 9759
8671 9859
2444 9551
6578 8799
4278 4409
1688 7915
3772 9863
4563 4585
4709 5099
9994 9998
7794 9300
5412 5969
3051 4184
6728 8895
3226 3610
515 6956
5168 6937
4988 6919
9924 9956
888 3407
3351 7908
4418 6638
7668 7957
7015 9060
5462 8781
2452 3739
4411 8553
1247 2034
2913 8312
7604 8875
2533 3325
5201 5458
8884 9989
7585 8499
1199 9951
5755 7212
7096 7211
4935 9064
5230 9028
8484 9434
4829 5199
8498 9742
1037 1623
1438 2478
8704 9162
5558 9799
1846 4152
7315 8635
6393 7304
3991 7530
4802 6725
7318 9813
5150 6787
2675 7808
5334 5975
3631 5490
1029 7053
6242 6575
4914 8287
3611 4406
8003 8150
3646 5816
9648 9917
1601 4569
7800 8052
2588 6379
9442 9615
8194 9183
3715 7778
2568 9829
7088 7711
4763 7861
8733 8944
8503 9072
363 6639
3061 8348
9340 9746
8681 9033
9706 9710
7191 7659
925 9394
3345 7256
3976 8177
8141 8487
1441 8806
9679 9690
2386 2600
9957 9969
8578 9164
2002 6033
1905 7417
9939 9990
8742 9830
770 2615
6114 9600
3810 7061
8565 9279
4149 8171
217 2919
2904 5264
2964 9818
8706 9332
2841 8286
116 849
9645 9780
5708 9351
8675 8954
2363 5471
6019 6626
7000 9228
1197 5526
2914 8509
5335 7369
7412 9663
5393 5504
4228 6128
5905 5936
7467 7866
9376 9431
1644 9426
3313 9798
4983 6835
5041 7492
3755 5004
4092 5549
2963 5017
4948 5640
4898 9865
920 1894
1258 5552
8169 9984
9831 9852
5810 7280
2501 3889
8389 9049
8911 9395
2427 9013
4681 8810
7051 9335
8190 8996
5117 5909
7979 9469
6581 9668
5149 9169
8128 9677
5863 8794
3353 5580
2139 2988
5962 7278
5507 7271
1469 7595
4043 7777
878 6948
4627 5482
9312 9612
4041 7677
4201 4330
6433 7713
8366 8504
844 9242
7858 8339
6727 7341
2283 7773
6262 7501
7141 9303
2320 5876
2514 7251
3718 8491
3458 9873
8371 9172
5424 6910
121 8888
8050 8511
8897 9379
6546 9606
3146 4185
5180 9181
3261 5900
2791 3314
8393 9230
3916 9040
5724 8042
5457 9004
9175 9751
2628 6477
8058 8444
665 4009
1508 3797
6428 6899
9896 9980
4642 6222
833 9316
1899 3516
9656 9877
2780 4888
5195 9613
1009 7574
6404 7459
1950 5265
2915 6878
2768 7490
2733 8917
6561 9766
4467 5007
5807 6115
9035 9649
6071 8882
7518 8730
6372 7643
1470 6094
9058 9911
3564 3699
29 6073
5829 9445
5862 9321
2510 3499
163 424
6135 6288
6843 8068
3014 9874
8579 8814
1023 9748
2432 2760
5341 8351
362 2493
503 6219
3970 8735
1179 3225
4371 9233
7666 9561
5063 6729
7853 9566
8436 8750
9821 9999
9660 9987
6659 8296
2355 6613
7487 9050
307 8213
1406 2422
593 3174
7834 9510
6172 8727
299 6927
20 4197
3583 4985
8183 8616
4609 8024
8902 9720
684 6587
6783 7220
8550 8561
27 6060
395 3811
753 8008
9899 9968
1595 6312
4647 6418
400 6140
2955 5473
7241 8384
2115 9145
5527 9031
3647 5123
5322 6807
8040 9605
7493 9155
623 1486
4821 5782
969 8513
1698 1702
8833 9115
3938 7657
416 3655
9009 9506
2838 5851
5756 8116
4978 8319
7066 7105
7810 9237
1681 8603
6097 8922
5014 9400
6183 7176
2738 4621
345 8769
5269 8036
6307 6929
8707 9698
4741 8162
8186 8673
2515 7522
4256 6816
5359 8961
6716 8771
2495 3385
4161 8235
7087 9640
4171 4455
7674 9801
915 3420
9061 9569
3429 3468
1421 1640
4622 9590
5506 7898
5849 5996
6841 7222
3295 6970
6786 8650
8253 8486
7333 9696
2301 2365
3954 4301
3753 9608
1241 9277
2183 7486
3607 8598
5538 5723
5999 8159
9135 9614
7122 8383
9693 9943
1560 2902
6746 7648
6000 8606
275 9507
2778 8400
9144 9806
9855 9864
2484 3906
7968 9210
3428 7385
4855 5202
8055 9858
6551 8765
2910 4551
199 9650
4604 6882
638 8115
7346 8822
1700 4859
7344 8432
7526 9139
7733 9792
8007 9546
8583 9236
1289 4269
4905 5389
7582 8424
846 1209
5420 6945
346 9274
1187 2056
4024 9573
6666 7976
768 8263
6731 7358
2244 8574
9843 9870
261 478
1948 5832
652 7672
2084 9006
923 4398
1554 9662
6352 7464
5563 6409
739 981
809 7331
2654 6044
8118 9553
2542 5502
4205 9596
236 5725
4600 7042
507 2774
1962 3509
4157 5542
4788 5677
1620 8559
807 9711
5184 9458
9513 9623
8413 8627
7556 8103
9962 9979
2407 5157
5407 5949
8533 8605
5943 9213
4826 6283
662 8966
9630 9793
1227 7054
3291 7234
8175 9655
7055 7620
2832 3000
6599 7113
7687 9880
4159 5714
3029 6630
817 9140
9388 9741
5947 6197
6119 7181
2524 8684
8321 8376
8364 8529
6302 8539
1637 5707
48 7491
1711 7507
6214 6450
8664 8950
5104 7946
21 9550
5966 8834
2896 4295
4487 9800
1990 2814
9428 9678
1326 5661
3664 3727
6514 9549
8988 9782
7975 8038
5557 6829
2329 6901
9910 9933
2383 2771
4657 7327
940 7446
6042 6665
114 3683
695 7145
8153 9022
5356 6497
3332 4661
9616 9763
2728 4051
2180 4704
4512 8852
6356 7028
8154 8427
993 8191
938 9218
2993 4479
286 8241
2989 6032
4344 5009
8726 8907
347 6759
1063 4768
3133 6221
8377 8705
7033 7671
8091 8593
5804 5870
2566 5402
4071 5268
8615 9403
8095 8315
7418 8285
1439 3153
103 3707
4054 9188
7799 8380
357
7700 1128
3685 1031
2835 617
4134 2979
804 102
6594 2253
2053 513
2660 2099
8425 1701
2173 482
32 19
5012 577
8136 6445
641 322
5059 3800
7135 4732
1044 977
4326 12
8288 4705
9869 8252
7697 4673
7740 6521
9180 3746
5220 219
1589 1327
5158 2539
7356 3311
2806 1418
1354 1013
6516 4275
813 664
4916 3306
2978 2668
2458 471
185 111
97 11
9952 3191
8789 5056
5350 3360
1808 154
4266 650
8249 325
3160 601
9357 4906
5830 1360
4623 3740
1138 398
3615 56
1186 1147
8610 6122
2392 15
9487 6446
8784 7776
6035 2793
6733 4655
9173 4984
6959 206
253 85
1514 1449
7340 3635
9197 8831
4395 4288
1293 141
39 26
5927 2592
3694 1446
1178 609
2387 210
6856 1110
2967 5
2248 1805
9462 8710
9199 9177
6054 5875
8317 3376
8000 1042
7119 5087
5072 1165
6139 3218
4136 733
8476 5705
6766 3619
2193 30
7130 173
3886 382
4555 1440
9196 7655
7414 6821
4752 3363
666 555
4730 1468
8531 6489
927 851
6117 930
5731 3749
4594 3301
5822 1559
1671 1129
484 468
6179 4912
7237 5734
2911 996
8819 926
281 183
9490 5930
2206 832
9202 4408
7557 3030
3545 2049
6299 2931
1428 928
6670 3430
1895 1005
1746 326
291 98
4241 1877
7969 5074
2624 586
9420 4837
2026 1555
4688 1981
8020 4261
6330 2396
2723 2066
412 335
3450 3222
4524 3495
962 931
1417 731
2160 1777
4728 2293
5483 1452
6137 266
3786 3638
2305 485
1102 658
2811 876
3317 2117
1026 293
2448 1251
9374 970
7079 4156
6082 1075
8331 591
4691 4464
1788 627
8256 419
8294 875
4910 1791
5995 4340
2889 1583
9167 3575
5729 4646
4737 1686
6168 2257
1584 895
1874 170
1474 1433
4180 3239
489 62
5912 2935
6871 2834
498 157
6998 4942
5586 3915
4405 1842
1356 566
1279 451
8518 3546
6976 1591
6777 2144
6739 2636
1951 1191
944 155
2442 757
8072 4233
3338 1204
5681 5468
3461 774
4144 3686
7878 332
2451 987
5494 1654
4562 979
522 65
5229 2637
1587 1581
3279 1490
8482 2018
1409 589
9385 521
1224 943
919 331
3472 3309
5369 4714
5060 2176
6150 2970
6685 3395
7785 4676
7883 921
119 71
644 105
2670 621
9334 5422
9970 6830
2558 937
4663 132
6988 5048
4135 455
4376 535
5093 3617
908 722
5727 1614
4381 2209
5622 1849
197 159
333 144
8238 3731
1629 1084
2492 1819
1665 667
6984 6349
4749 2784
9134 3122
3183 1558
3907 1812
9205 5964
1774 1604
4383 2991
9336 7692
4662 2853
2121 619
1016 893
5617 1220
6225 528
5171 2205
1283 1150
9380 2092
4380 1657
2198 1724
1925 10
7458 4313
9661 9636
5010 4873
698 259
9067 5383
6232 4350
4986 2129
7019 1188
8267 5585
1234 1086
5228 4853
3851 87
196 193
997 109
458 124
8535 8514
8352 7651
1342 917
5413 3011
4098 2328
6915 6712
8303 3983
1087 838
1689 1077
5173 427
1083 66
7279 760
4362 2166
8995 7041
3884 1756
4677 3947
9534 7817
9827 5593
3383 3075
945 350
1754 545
3526 2698
633 161
7846 1259
6894 3763
7545 7357
4442 953
8442 3795
5109 3417
3206 737
4587 2230
8963 4941
2952 1001
1085 17
7791 788
4580 3371
190 22
8495 2617
933 560
7779 883
5659 1792
2010 810
1731 548
2104 1028
4005 686
9683 4638
1864 1126
2547 1616
232 90
6125 2897
691 256
7535 961
6278 2473
763 188
7090 6259
1124 33
5691 1615
2602 2535
9575 2652
1250 954
1444 383
5886 4582
1635 1351
3319 2968
1625 184
8243 5387
7525 3713
2390 822
3603 1843
7966 4476
5278 2906
7146 5510
6203 3107
1676 905
201 117
9409 918
5128 3875
7996 1339
4660 1580
5730 3350
9153 5940
7609 2695
6340 2015
4879 4844
8082 5760
4668 296
7512 1213
3050 1
5142 5131
687 587
3242 1074
7939 1246
7093 6608
983 974
1725 595
3154 1814
7399 6754
2730 1387
9861 4832
3444 1563
4789 870
