453
5680 9423
4661 5671
449 4510
8280 8674
7506 7878
3633 8102
600 7363
8517 8682
5236 6625
3157 3858
7939 8305
6128 9498
6352 9310
3166 6761
937 3398
5375 9469
6347 8396
5205 8324
8951 9868
7358 8155
4270 9617
797 1971
7883 9023
7547 8531
3368 5261
2668 9882
8120 8416
9839 9919
3676 6990
4324 4825
5953 6471
9739 9821
4788 8771
3102 5526
4772 9202
3600 5029
5450 7243
337 2293
7256 9059
9586 9830
2108 4650
2257 4618
2989 8084
6572 9308
9253 9724
3761 7076
102 7507
6231 6956
5630 8397
721 5142
9610 9771
4671 9938
3818 5402
9410 9736
5415 8427
9915 9952
8268 9241
7696 9693
6284 8799
8724 9088
6497 9884
2120 7843
4726 6847
5281 5651
5352 6340
3338 6244
8241 8491
4611 6643
4806 7972
1998 9468
2755 8722
730 3876
2232 5705
6620 9768
7119 7177
1760 4576
8453 9953
2540 8167
9505 9648
7605 8022
7126 9847
7571 9944
1472 4318
3256 5024
3617 7691
3268 4834
9805 9947
2646 4895
6628 7804
7966 9103
2771 7730
1191 8306
2469 7272
3948 8891
2248 3940
3766 9867
9404 9793
7853 9471
9384 9524
8233 8842
4583 7343
9064 9823
9415 9851
4329 7764
2439 4555
3994 7898
13 4621
8595 8731
5241 8940
5619 9604
9431 9480
2896 5943
7028 8944
5977 7339
4739 8115
3722 4464
2208 4376
6627 7396
4343 5149
8477 8637
1338 2461
8707 9880
3324 4539
2908 4350
8040 9506
680 7421
4425 7538
2327 5534
9492 9535
1279 4614
6390 8072
5440 8923
9982 9993
9624 9634
9961 9974
7505 8379
8697 8721
4095 8640
3724 8511
1999 4221
8775 9832
4567 7418
789 1942
5717 7936
8038 8382
3967 7603
7307 7453
5032 7805
8959 9200
5371 8836
2722 6216
5350 8261
7725 9892
3030 6576
9546 9606
1980 4276
272 5119
2777 6919
3277 6350
9673 9896
3181 7159
9339 9792
72 5618
4351 6542
6973 7994
1350 4692
552 1222
2554 6998
4689 8207
5404 6151
7619 9444
1537 2544
5823 9139
6586 9033
9477 9787
8816 9945
5532 6859
130 2542
2576 4398
4793 9992
4190 9119
7779 8141
751 9299
9531 9853
8632 9047
580 2505
7325 8117
736 4062
994 6846
8898 9335
486 8439
258 6135
8902 9593
554 733
8937 9207
8361 8973
8362 8982
7648 7967
3678 7625
1416 9403
1955 7059
6486 8926
9500 9907
5952 9224
9104 9602
1234 7278
2058 2895
3924 4659
7324 9356
9020 9411
1063 4304
1776 9957
6420 9243
3138 3211
2207 3018
5507 5819
1044 2035
8718 9184
7550 7957
1536 4090
1883 2152
5604 9135
2770 9132
6760 9670
6552 6879
9770 9980
2410 4422
6150 7781
8098 8949
6768 9323
2360 6947
4269 6323
1657 9324
9005 9355
9294 9690
9863 9987
9592 9707
8334 8398
3792 7574
350 2566
3758 5575
3280 5778
6399 7533
8516 9221
5120 9004
3915 7798
7921 9474
8094 9755
2163 9373
2486 4758
1263 1365
9080 9252
2911 4298
6176 9842
6090 9463
4396 5796
2243 3674
1597 7984
5310 8606
597 4546
5075 8512
8054 8514
5471 7626
2661 2988
2660 7590
7328 8100
697 8200
3776 5878
1424 9341
6453 8880
3301 6168
3294 5958
8522 9713
3286 3981
4634 5359
899 7776
1913 3093
8574 9613
2796 8342
4811 8996
3889 5453
3714 5777
8998 9697
7593 8553
8636 9518
629 4915
7892 8001
6166 8410
3052 7155
9696 9870
4779 5737
6896 9473
356 4402
2296 3244
6225 7071
8095 8850
4072 4983
9056 9728
1644 6969
4849 7778
4393 4749
5938 9422
662 7344
5407 8735
5577 5955
9099 9639
7342 8071
5291 7264
3328 8053
7671 9487
5199 8399
88 3332
8668 8734
3868 9219
3335 7893
1025 2199
4522 9652
550 6642
7983 9397
234 8109
4588 7455
553 5550
4199 6916
1593 7103
2793 4644
5127 8753
2739 7541
6356 6633
9767 9948
3844 5200
9651 9681
8286 9899
4428 8327
4152 9034
6906 9418
4506 6083
6618 9304
5253 8430
4157 6287
4440 5279
3125 9380
5822 7558
8819 9826
1622 6691
2336 7347
9362 9923
6472 9735
8039 8708
6877 8434
7201 8573
3376 7297
7612 9813
8671 9315
7869 8295
3128 8356
4809 8605
3933 4565
1867 2560
2637 8452
1774 4169
9752 9794
1640 5775
4353 4858
8540 9855
2879 4430
1557 9587
817 1095
2253 3123
8791 9964
3094 4596
9942 9994
8246 9153
4839 5888
249 5711
289 7105
3566 8105
4301 8692
865 9274
1672 5429
3854 3934
7888 9367
5635 7971
6688 6758
8354 9086
6110 9436
4582 9628
8353 8793
2189 6053
2001 5721
5126 9876
2547 3913
2624 4536
537 1304
5612 9357
1782 7044
9392 9530
9630 9717
9134 9788
1764 4008
5272 8472
1003 6036
1625 8602
9239 9668
7499 7767
7178 8666
3604 9954
4419 9255
4870 5015
3799 7773
8256 8715
1715 2405
9694 9932
9096 9764
1340 1580
4616 9705
7429 8661
4509 7498
933 1849
6226 8858
7866 8994
4087 6709
4589 9663
202 3014
3703 4734
9841 9862
4725 4918
770 9780
6484 9331
1664 2716
5089 6815
2788 6579
1470 6647
4941 8293
8864 8965
2509 4240
5939 6602
2680 6789
7797 8042
7525 8848
1199 1815
6324 9210
3987 4042
5556 6780
4822 6516
7466 8611
4702 8747
1660 3204
274 447
1435 3985
4686 4773
5152 8792
3741 4850
2206 7583
309
268 35
5231 2623
1202 926
3869 3032
3213 3099
4521 1403
5876 1861
4473 4383
4204 1840
6851 3001
5134 1032
8588 2339
123 68
6099 82
4051 3228
1818 1058
6786 421
1035 158
5500 3512
9510 1261
1548 1441
3308 1364
3655 3409
4077 3122
9871 2664
7567 642
4263 1886
2570 1209
5462 3390
6743 162
2559 1895
9320 8326
4570 877
3396 180
3968 2321
505 226
6212 5968
7669 6280
7253 3178
7341 6662
2127 1520
5815 5147
9332 7497
7504 977
5146 3016
1045 194
6942 2139
140 11
9148 5927
8136 6215
8918 50
9344 8882
4782 472
9374 444
7233 1636
5825 2103
1411 1347
3954 695
7151 6159
2459 1083
6971 6310
4851 2364
2432 383
975 51
2427 378
8785 4076
3049 1648
3237 1341
5608 5511
469 107
433 33
9261 4255
4409 1609
1157 645
8624 5035
2514 678
9123 8765
5376 394
7025 6145
6319 1242
6950 2612
4103 136
6008 2779
2611 2263
3681 2291
1573 540
1566 1036
3582 3342
515 20
1185 1130
7031 3153
8814 5427
6074 5605
4934 3711
9905 1006
238 41
1576 744
8424 3507
2449 1155
5364 718
8474 6421
1697 663
9745 844
583 366
6233 6034
5276 2653
8240 1473
7108 2569
9413 1134
7655 7050
6607 523
3748 2463
7314 876
4538 4281
2050 1619
6045 1874
7844 5842
3212 1359
9140 6143
1228 152
8956 1598
8308 2267
7353 2475
6427 5410
2279 878
3248 1844
5766 1599
4911 4064
4284 2113
7812 2768
6251 4648
1417 992
6336 6089
7894 2237
5707 3172
8307 2483
9163 5678
3215 2228
1331 349
1160 428
9117 5970
3751 2894
9692 1926
7962 5013
9076 1022
9635 530
4311 4066
5314 4125
6056 2370
9654 1641
294 128
1835 1328
207 78
7080 6972
4829 1009
7067 1787
6080 2802
3139 830
5040 3484
4741 3636
6281 5587
1214 446
1737 582
8057 2190
1217 1213
9601 944
5930 5059
4972 3672
6275 2655
219 65
3158 949
5105 709
6160 654
423 211
8647 4832
2981 2561
6865 1378
9753 8281
4879 1454
5749 2038
9611 908
1437 800
7731 3645
7056 2498
8677 7884
1723 453
9700 9173
5301 4993
3148 160
9259 508
2326 1289
8507 125
3871 1950
952 169
9122 6440
9030 2849
2191 1590
2962 503
4938 3106
4264 3097
7334 4881
6049 5947
7856 7494
7817 4597
3895 2052
676 177
4637 3142
8490 3005
7335 2630
2604 1766
6368 551
34 17
700 188
2905 146
4761 4288
9489 5135
1042 971
9090 4361
7922 3622
2734 564
1508 950
1689 100
4174 3500
237 179
9660 4578
8348 8294
2311 621
6980 3949
7789 71
1140 181
3942 2707
3349 344
4936 4645
904 546
4677 1284
69 37
6113 4598
1869 655
1968 1762
6317 4529
3980 342
6444 1605
5993 1964
8818 1138
5159 531
8426 4009
8104 2622
3537 2309
49 28
795 319
1634 715
8128 902
6068 2376
1227 21
6946 4055
9170 2917
2290 893
7186 6381
6379 418
7601 7092
6 2
3299 3086
9829 6459
4487 2633
4391 3780
6495 5373
4227 1281
5145 1725
6369 5568
1402 931
1366 970
987 572
4345 3841
9337 1439
3171 26
3700 1201
269 118
9820 2349
9318 656
9799 4248
8244 5824
8952 1632
1799 685
8662 1240
6172 1397
5583 3288
7556 5389
8962 781
7581 6443
7766 1914
2007 1131
8889 5826
2042 784
5882 4990
5290 1962
9547 1688
7542 3470
7222 4655
2445 1908
5714 5201
5584 2211
8009 5988
6690 5839
8394 6473
8252 4987
3101 1770
3603 2897
4280 3091
3579 2401
