815
7555 7702
6925 9486
450 1699
3917 8300
2004 4875
84 6689
395 9825
2168 5038
2940 8303
8476 9536
9962 9998
2333 9278
5495 7827
5532 6485
3015 4117
1969 5812
4559 8630
9588 9890
3455 9811
7040 9922
4839 6144
2670 6618
3565 4360
7169 9525
7777 9613
6145 9693
6395 9683
497 4597
5949 6792
4384 9448
2227 9878
4549 9708
742 6732
5857 8483
9346 9748
8310 9334
8422 9569
6492 6500
4547 5468
7650 7938
2430 4291
6846 7548
7173 8532
5069 6538
8454 9848
4797 9007
4582 7261
8417 9465
9644 9893
3184 8110
9078 9142
8216 8448
3741 9973
3096 4813
4138 8839
5638 7572
9122 9416
3141 4098
1066 9093
4060 6444
2426 9900
3521 5064
9570 9791
7038 9133
2668 9666
2755 6699
2956 3987
1337 3886
244 5806
4009 7388
5148 9931
6427 7188
7057 7557
4299 9985
268 5581
2474 2830
1197 2504
4755 6704
2991 7786
2736 7096
7181 8359
8728 9000
5648 7919
7297 8955
1404 3547
1542 4388
4334 7660
1730 8141
4715 5889
5471 7395
3713 6108
4235 5628
2248 8684
795 7627
8282 9344
8225 9454
3930 4908
9082 9519
3149 9594
8111 9510
6590 9585
4068 5408
6608 8190
1797 1972
2559 7087
9656 9958
7421 9687
6126 6468
5218 6202
7885 8968
8281 8412
8339 9120
5432 6076
3487 7721
2185 5448
5757 7182
4904 9883
632 5317
5830 6305
8703 8938
3517 4444
804 1654
5279 6003
8694 9392
1877 2932
9020 9836
1886 4148
8008 9317
8713 9239
7204 9040
4609 8619
6736 9310
7877 9458
3849 8065
8812 9702
7722 8024
7235 9049
8737 8869
5437 6385
580 7593
4176 9394
9102 9876
7166 8121
178 458
1075 1472
3653 8278
303 9561
8377 8538
6401 8361
911 8446
6690 8502
6323 9314
8159 9041
1248 4991
8875 9935
1675 9225
5851 7148
9908 9954
7944 9852
3710 5539
2646 5454
613 6630
5953 8207
7964 8279
5384 8615
3174 6607
5493 9740
6151 7945
4441 8720
4679 9345
709 1556
778 9160
7633 7686
9614 9696
9558 9790
7321 8739
662 9222
4433 6301
4330 4919
616 4128
175 5645
2537 3048
9037 9173
6582 9553
5659 5776
6961 7136
9275 9514
1360 2901
3529 9826
7705 7803
4997 8061
8464 9435
2623 5385
1547 4823
1456 8427
216 9462
4413 5714
6321 7126
5250 9779
4590 9281
8595 9209
1593 9719
414 8435
6402 7211
1828 7972
6750 7851
650 5785
8996 9248
5654 6128
1662 9639
2867 8014
4749 6390
7821 9633
9353 9736
1850 6324
5546 7632
8519 9867
9170 9667
1763 5690
8011 9254
6288 6672
8293 9091
8687 9913
2140 6078
9918 9919
7205 8317
7656 8238
4035 7494
3070 3104
9276 9326
8340 9155
4757 5205
2714 5268
6670 9406
1296 7195
6842 7620
690 3294
2209 3016
8602 8729
2076 3201
2205 5288
2992 5026
4127 7325
8289 8916
6753 8248
6700 7080
1505 9028
5078 7884
6764 9118
8484 9070
8482 9003
1772 6472
3611 7997
4745 8168
1359 9668
1976 9263
9981 9986
3050 9671
4350 9937
8146 9391
4106 9575
7444 9186
1543 5762
7139 9945
6975 9363
5723 9098
5357 7681
6674 7569
1355 5853
5290 5743
7718 8524
8845 8857
4648 7376
3803 4992
8320 8490
4393 7363
8973 9021
9095 9728
2253 2510
7993 8487
344 4130
6490 7328
3144 5612
6507 8251
6268 8297
6208 9903
2347 4069
5423 9729
9048 9341
6953 8759
1194 7425
2456 6222
460 1020
1096 3545
6219 7478
7513 8151
4562 6524
5164 6298
5841 9016
1727 6069
8629 9856
4675 6447
202 1071
5348 7186
791 7458
1864 4449
2724 4361
2560 8163
8625 8704
6333 9540
7026 8606
2182 3222
7564 7728
1486 6907
3818 5399
326 5647
730 4246
5110 5662
9140 9343
1206 5019
6000 7677
3614 8884
3684 6090
8771 8874
325 3675
3116 7308
4897 7499
5998 8053
2745 5321
7203 8870
8809 9204
5371 7311
4267 6100
9047 9778
4617 8822
227 8497
3735 5073
513 4166
9774 9806
5010 7559
2621 5224
4308 7678
6367 6491
7436 7687
6990 8219
812 6031
4251 4297
7943 7965
6388 6627
8389 9761
4212 6376
5182 5604
9996 9997
9483 9724
1789 8143
2265 9741
5698 6584
5579 7841
7138 9677
9211 9832
6596 9966
3766 6834
6074 6632
1552 5505
3662 9105
5615 9375
4879 5120
8549 9621
6001 7658
6984 9167
2789 4553
9565 9917
9957 9965
5458 8019
3774 9425
2602 8135
3703 4546
8328 8675
5944 7785
5703 9196
7544 9964
612 5470
5494 7062
7594 9576
2010 4177
9056 9146
341 8326
4626 5619
3531 5820
5952 6782
6357 8803
7275 9974
6558 8288
9168 9647
3215 3854
3001 9417
4967 7848
9295 9407
2998 3807
5247 8620
3612 5325
4486 8226
8287 9968
8165 9901
8471 9203
1048 5498
9636 9701
2249 3943
7631 8037
5590 5942
501 8023
5865 8832
6825 8527
6239 9821
71 4021
7659 9332
4229 8152
2144 7618
4490 7229
6366 9213
6099 7256
1739 9604
5359 9940
6826 9224
5354 6946
2890 3472
9921 9946
9571 9626
7487 8403
2723 6242
9933 9950
4542 9492
6941 9419
2914 9758
1 7504
8887 9367
9233 9264
2093 2515
9100 9113
7532 8618
5254 5627
8447 9653
4887 7968
1884 8234
520 9654
8230 9290
3320 8356
2566 7508
780 4462
1001 8992
2499 9469
5834 9560
2763 9831
3508 4985
1710 5082
2454 9638
112 2223
2648 9542
3773 5041
2128 5178
8070 8586
6329 6976
9516 9742
4860 5084
7736 9796
7740 9183
598 9172
3509 7065
4409 5859
8109 9617
9862 9926
5021 7716
4429 6891
550 5086
3165 5848
7108 8647
9351 9352
8656 8910
4899 7362
512 7763
4422 4607
9348 9747
167 9471
4540 6944
548 9531
8035 9894
9156 9589
5788 8858
4643 6615
1467 6448
8976 9781
2230 7577
5278 8423
775 2328
6016 8879
4398 5152
8102 8177
8961 9952
2984 7032
8188 9316
6793 9980
527 1288
277 6927
9745 9887
8537 9804
7865 9752
8791 9320
6765 6790
2451 5287
5689 9995
8469 8543
3477 7066
9240 9550
2097 6149
7869 8632
1195 9088
5681 6414
267 1768
7326 7672
643 6349
2865 9009
4488 9373
1500 7486
1008 5418
7744 8138
1484 2779
330 5018
600 6095
7570 8376
1657 6027
6114 6152
518 9215
914 2155
6858 9010
6922 8336
7213 9895
5014 5401
5797 8321
6796 8191
3707 6148
258 338
7755 8400
1405 4301
5177 8181
7081 8000
3267 9976
3002 3416
4721 7871
2974 4691
8907 9709
9655 9886
323 1033
2918 9342
339 8582
7741 8194
4973 9058
1929 5154
4868 7961
3659 8208
8291 8631
9498 9822
9285 9860
221 7816
6384 8123
8681 9488
3285 7055
9414 9433
2320 8294
6760 7667
6337 6422
2707 2790
828 4377
5869 8082
2913 5877
6556 7468
8133 8579
8711 9415
2124 4303
8512 9547
8515 9694
8613 9817
9672 9732
7185 8547
5239 8114
8193 9530
9385 9776
4259 8259
649 6273
2041 4567
3692 4103
6353 9397
1051 7463
9147 9971
4195 8439
1830 5976
7355 8526
5587 7853
86 253
5016 6536
4710 8453
80 516
9771 9979
6122 6964
3055 4700
3624 6742
9163 9739
423 1648
6210 9246
3777 7343
9359 9491
8384 9600
3235 7043
8912 9767
9109 9421
6497 7340
5227 9602
5708 6786
473 8227
1452 5308
10 1110
5567 8408
2473 6698
2917 9464
8657 8917
3771 7717
3503 6391
327 932
2979 8004
8222 9412
7338 7690
3909 6311
6959 9881
5978 9563
2289 4619
2231 2920
9393 9699
5730 7641
3781 6286
3958 4083
1600 4143
4798 7268
2327 5697
9623 9669
9607 9915
127 924
7316 7860
7800 8750
9853 9944
7073 7400
7608 8979
7868 9208
6316 7683
871 6572
199 6919
4244 5918
8865 9967
4654 9135
6754 9389
3209 7586
2972 7045
7859 8394
5024 6873
2476 4808
104 4633
5301 6805
6707 9256
4198 6280
4756 5409
6613 8069
6434 7982
4119 5253
8840 9847
4163 4979
6267 7545
319 5898
4266 9819
8552 9820
8233 8800
4548 8171
944 4332
6373 7129
8610 9312
970 5629
8777 9339
5740 8167
6469 9770
9794 9865
579 6241
2994 9577
5917 8063
7280 7592
6553 8956
8083 8433
5610 7794
534 3143
6870 7439
3277 5305
4112 4131
3470 7806
7988 8409
8460 9599
8348 9527
7098 9236
2973 8898
3391 6319
9436 9627
543 6188
1270 3424
6598 9443
3663 7054
973 9715
4196 7611
6751 8862
9754 9764
6972 8540
6436 9130
1129 5640
6725 9250
6302 7102
1660 5436
5235 7863
1860 3580
3678 4945
9523 9787
9665 9999
4687 7680
6064 9247
4210 9657
5229 5994
3182 4181
8868 9150
4448 6396
3648 4772
2683 8504
9387 9529
3195 4100
3054 6884
4178 9034
465 1179
5881 5900
7745 9888
3999 8680
1982 5492
4779 4928
8603 9318
6591 6611
6470 7882
8272 9424
6040 6811
4726 7661
2796 9812
6322 7516
6215 6952
1113 8952
4640 8015
7826 9941
6487 6821
1191 6989
807 5750
3328 8172
6235 7371
9538 9845
7471 9648
1185 7281
9453 9580
7561 7589
6818 9128
1812 7041
1249 5815
5787 9260
9035 9175
1377 9149
9920 9942
5511 7250
8421 9378
113 9707
2044 6779
856 3287
2798 6137
8820 9335
8505 9866
7493 8793
5623 8203
8821 9259
2802 3228
42 4998
6808 8801
654 2770
9906 9953
205 8381
8852 8864
6246 7979
5695 6537
1425 7813
3834 7128
7792 8740
3486 7318
328 7802
3566 6182
5046 5540
2732 7536
7452 8718
8736 8855
1674 6294
417 6163
5269 8139
986 7756
2538 2644
7581 9738
9152 9446
1284 2458
7907 8787
7163 9042
6554 9081
2410 9518
679
3173 1508
9643 9612
5452 194
6534 3448
989 905
5823 2757
4586 332
3047 1410
3263 2179
2603 1073
7030 5586
7647 1345
1599 349
276 230
8818 2260
3098 552
3845 1742
4459 1453
4431 732
8604 7654
1592 1521
1301 265
9978 2323
4673 1335
5112 2849
3705 659
3398 1515
1634 419
7542 6124
4424 851
8178 562
8901 4367
7913 7829
7613 6917
7416 2627
3088 2029
6525 5035
6211 4544
5827 5821
9552 1431
5675 988
49 13
8185 2271
309 197
8316 5769
4097 2574
987 978
6644 4442
9928 946
2907 439
1635 1583
1242 572
7873 7426
1156 24
8511 6950
1137 118
2308 495
5822 1323
4484 3291
7643 962
25 12
9726 385
9418 4155
5114 898
7676 1900
1939 1893
1107 370
1668 1572
5098 1640
2588 2441
4204 926
3028 2523
9850 7059
794 452
8157 254
1952 821
1538 887
5683 3926
2829 2356
5699 1285
743 593
5861 3535
7833 1382
6386 4684
1655 1117
2719 1132
912 151
7670 3657
5559 2653
1756 689
7369 1673
840 119
421 88
5958 5727
4222 3977
7112 43
5523 3137
8889 4587
5680 5318
3822 3607
1750 1176
4915 749
1322 770
1748 1573
9232 2418
1259 671
4002 219
1336 559
4405 3900
6908 6025
764 416
6264 3421
7150 2575
3837 2238
1333 587
8597 51
3081 1616
7337 2876
7422 1549
9676 7941
336 135
5391 2055
6695 207
2335 1878
1396 115
4606 679
6740 4272
5661 4848
9637 2948
1537 638
4043 2303
3969 181
6599 5088
3935 1736
9144 1536
8231 5291
213 120
4857 2938
8993 953
373 368
8391 7789
4634 44
6413 5578
7347 5639
7655 5420
5992 1266
8626 3276
2011 784
2886 2716
1585 886
1128 146
2897 82
8710 2080
5941 2626
5741 5597
4784 2375
3513 2871
7351 2150
3559 1385
7598 3457
1734 359
9039 735
4732 471
8485 3574
9252 5792
1793 279
9750 470
7960 2409
4323 2297
6317 6119
3032 1613
3272 1084
5140 3076
2766 537
916 387
5728 2895
1480 1213
3610 3554
2390 1539
6042 6024
6406 2837
9337 9096
6361 3354
3860 2805
5407 2338
2615 839
5644 2406
6723 4183
1010 920
1429 122
4336 1821
935 125
6656 1790
7399 4638
5943 1669
4076 3603
546 396
6828 3226
6830 5061
5549 2233
5605 4292
507 484
9126 1664
1170 214
1731 1496
482 101
5643 3330
8745 1964
9460 5791
3060 1189
1834 772
5543 4867
9296 2775
7435 2436
6776 5303
2604 1352
8824 2242
5326 438
3198 2949
9662 6002
5173 4836
1516 1350
1005 861
8239 4495
6974 847
6079 1609
9045 1298
4342 3452
5062 3462
7507 5748
3316 3200
7418 1491
4359 1050
1503 960
1511 179
759 251
8220 740
549 440
7221 1711
4896 1862
668 351
8247 3386
7022 622
1052 696
217 34
7300 1794
1030 724
2946 1106
8164 7644
1009 475
4473 2676
5417 1979
4351 1650
9442 6146
6420 5233
6403 6036
2199 1586
5704 2212
9535 8516
9210 5725
7579 6330
1936 1089
8042 5349
4005 1636
6091 1373
7666 5090
3865 1354
6094 5013
6588 6263
2099 663
468 320
5526 2987
6706 2427
9533 8137
3125 544
8767 7183
3541 2986
5172 1643
2686 1268
8098 2370
5381 5111
4886 3783
8068 6410
4934 4872
1849 826
8688 6710
7855 3134
3051 2211
2466 2301
8160 3868
9512 3466
4201 1165
2321 2079
476 281
9606 5991
4820 2330
5846 403
1579 1458
2570 2190
8084 2113
4830 3955
899 430
8413 906
7872 3721
9789 9307
9451 98
3168 289
7175 2318
2840 1702
9201 8149
2643 685
1527 1366
547 488
297 46
8669 4041
7987 6216
6249 436
3418 35
3968 980
7892 4946
236 182
7719 5223
4469 3185
4133 3761
1115 538
5985 3406
6933 5275
2731 664
8358 140
6923 1916
2516 1324
556 116
7754 19
7952 833
6463 5694
8886 7939
8054 5960
8144 917
483 33
6113 4253
9959 608
6716 2428
7566 6624
9634 2022
9086 6482
4862 4113
7450 2043
2567 1099
4882 1416
8998 3927
9282 7771
7554 4911
4972 4017
618 134
4592 2146
907 305
9279 1612
2464 902
6513 2698
1872 615
2533 204
5729 2759
1840 621
4630 1261
6306 4503
8523 5033
5961 3581
1436 1255
5929 74
9266 5426
865 212
5228 4949
123 75
8715 5754
3843 1236
7198 4962
7552 345
6543 2471
6859 2491
3383 2325
8088 7776
8275 7263
5347 2618
8923 6081
4668 1846
7727 2996
5096 2557
8909 8465
5768 567
7391 6293
7324 3447
1919 415
2286 1854
2101 838
1471 1253
7293 4480
7937 6084
8825 5012
100 21
8332 672
2906 2116
2989 2959
8308 4969
1411 1184
7269 6253
7366 4016
4186 1348
2947 611
6223 4325
5569 2923
1623 706
4365 1509
5893 3008
7537 1992
4600 1975
8856 3356
1187 275
7242 5479
3372 1587
1435 410
1406 390
3738 738
2392 806
5077 5050
5542 3754
4709 3419
2689 835
3808 145
6595 4909
1455 1037
5637 3145
6636 991
3498 2161
9106 7528
7558 6351
6131 5103
2997 2782
1134 193
2892 2663
1347 496
4194 1462
5977 3677
5029 1928
5039 4011
757 466
3522 435
1858 1104
3656 2134
5389 1892
781 185
8290 6483
4842 3779
2928 1140
8747 5428
5327 2842
5450 4752
7764 4479
6777 582
9119 2818
3494 2558
6033 1998
2300 755
5982 577
1147 884
2443 1121
8733 3339
190 105
177 168
6685 5427
4698 4508
2268 620
5244 1588
9219 3686
1488 225
9877 5255
4557 1956
1215 65
3704 2339
8325 1639
7842 3768
2925 1755
2562 2296
5397 2307
1857 1417
3988 29
8270 3249
5715 3437
5106 1558
4395 4070
7012 3079
8434 2507
1123 627
6589 3036
6605 1628
7565 1334
8451 7192
4464 1494
4986 2324
6788 4446
963 583
371 337
5045 1833
9080 4383
7278 2982
2384 1608
477 443
4906 4037
9797 317
4943 4271
7446 5065
7006 1367
2403 2332
3830 1401
4091 2256
8479 3275
8838 437
1986 1346
5773 2916
882 487
3870 1865
8491 4085
1564 653
2595 2192
7496 678
4741 673
4854 2117
6186 3953
7684 6304
2143 927
1127 846
1368 677
3029 1492
5049 860
8075 3190
3342 2708
6212 721
2912 147
7103 3996
1313 1067
3124 2123
1966 1923
9870 8708
947 722
4791 1204
3938 614
5573 1944
4790 1847
6143 848
467 69
6083 4639
3384 3189
2684 2513
9404 6166
3130 1728
77 3
8590 1173
5902 983
5547 1136
8706 2971
4306 2413
4748 2479
8782 5282
9818 5272
4737 4610
2634 939
557 249
6509 2266
7352 1744
1800 1299
5515 3461
3635 2198
4107 1626
9909 6555
5513 2545
4059 3739
2053 733
6300 1004
8790 1000
6562 492
5429 2282
2151 111
6343 2364
8724 2635
3214 1930
2858 1312
4471 4184
9631 8593
3627 109
3827 1026
2616 239
5860 2532
3787 2795
7115 4656
592 264
4677 3368
6292 813
2573 2261
6374 4837
76 23
7723 5632
3187 2550
2156 79
5462 5135
1061 531
3764 36
312 30
1332 782
2659 2598
3572 2800
2688 144
2638 528
6175 3140
6533 4704
8215 6966
8551 4712
7519 7020
1911 796
5281 827
4419 1621
9333 4224
3362 3345
9161 4121
6854 2457
1641 761
5987 2762
8010 5101
4817 1788
3007 1193
1629 1279
4169 3905
393 234
5160 3887
7224 2841
6855 5649
836 731
8592 7379
6758 5027
5449 2909
7231 5799
7812 5258
9164 841
8199 3867
7902 5611
675 96
8067 3820
4025 2397
8873 8107
3945 558
9982 2173
568 455
301 295
7462 5214
6107 3106
1310 1295
7410 984
9068 2617
1945 889
736 201
3281 3258
5341 5201
3850 2887
5202 5037
8920 8038
9625 3660
4601 4491
5783 2929
2693 2126
4418 3816
7070 4730
5491 3923
1222 994
8486 7921
6658 727
4322 433
8811 3126
4141 3877
3304 515
7288 2681
5746 3598
