103
9072 9871
8858 9150
5754 8277
6052 8741
7850 9372
7887 9236
1628 3131
6907 8338
6923 8533
9463 9815
8922 9262
257 6700
5802 6463
1050 1315
5010 9413
7201 9037
3406 3631
2956 3077
948 1175
8266 9490
8551 9018
7361 8334
2898 4382
8639 9289
3762 5839
6985 9257
8887 9050
8521 9718
440 4008
4294 5075
553 1927
7269 7688
1901 3947
3119 9004
7437 9191
2443 6869
3041 7408
8914 9272
6655 8774
6093 6486
551 1943
4481 6941
335 531
5251 5412
5871 8133
2781 9610
8851 9156
5423 7942
6817 9266
3934 8606
5772 7362
56 2915
4207 8915
1336 8961
5209 6530
7324 9788
9061 9637
5880 7784
8282 9434
9334 9402
4085 6307
3646 8185
827 5734
3384 8969
2450 9589
7479 9471
7010 8012
1407 5896
1555 4413
9789 9824
8449 9132
7068 8876
7396 8655
4873 7857
7473 7777
443 5398
1974 2588
4531 5600
275 2883
8445 9288
8923 9121
3352 9950
6606 9499
9159 9836
1944 2411
2971 4726
266 366
2832 3034
4386 4438
2718 6569
4896 6587
7237 8777
6140 7084
36 8297
6252 8486
9831 9865
5186 7059
6593 7025
2009 8982
6349 6734
719 6661
2416 9808
7851 9541
401
4660 4601
2809 2014
4132 54
4334 3187
8921 956
6682 3949
5634 3940
3968 2083
4184 1521
4696 2762
9426 6243
5368 1277
69 14
4255 2822
1335 920
236 81
962 616
4885 3463
3008 1568
3922 570
7935 5344
8641 5596
2030 668
2295 975
6269 3605
5593 4838
5773 5087
2542 1883
2793 657
729 476
3240 2017
5981 1178
6750 4867
1021 145
3032 2451
9512 9414
582 457
1344 1181
813 804
7393 2003
3176 880
9664 8813
711 19
8240 2235
1675 862
1119 423
561 338
8715 1036
3958 3019
3335 3170
8537 307
4876 4844
2037 1637
4304 192
5318 3566
1252 1223
9322 3231
4275 181
3010 2200
6210 2340
6769 5478
9661 6993
342 158
1926 809
356 75
1378 546
9833 6585
6591 5621
6260 2525
8797 6513
4004 2372
291 235
7 5
7294 1450
2240 46
8132 4231
1859 309
6561 5685
7919 7812
9006 2658
9619 9011
2875 549
1973 600
5303 1377
7703 4680
7072 624
3057 1510
4720 2050
746 42
3295 2819
1514 713
5640 5555
4224 4060
3115 188
2068 1401
665 517
8395 7030
9233 4521
6935 4963
3720 1500
1382 608
8714 4299
1618 780
5141 3490
8532 4019
323 99
3510 2453
8382 5056
6867 981
1771 1732
5779 5637
9924 5281
7981 1997
6946 3475
2204 1392
6564 6482
7984 2522
8095 6547
7161 6429
5847 5370
4284 391
3683 715
4756 3023
5925 954
8498 1255
3172 392
2943 575
672 4
8323 1863
2812 1756
1045 17
811 269
4564 2944
3614 2405
9557 3595
794 693
2058 1586
873 91
5646 3841
1605 426
9488 7498
5196 686
2577 1885
4991 446
7698 7313
1693 1391
1954 287
9980 357
4959 3927
6449 1915
7953 6096
4655 1147
1917 1325
4053 2589
196 160
8186 7584
4302 4146
1397 1349
995 442
6102 1653
9370 5294
4144 1826
5165 1773
1670 1123
5282 4514
9442 6039
5765 1365
9268 1451
7099 4536
7251 4649
5718 3315
3363 1424
7786 7122
5989 5678
662 347
5442 1399
4243 4232
6190 1580
9157 2296
1559 1465
1524 1312
3647 1241
853 757
9115 6676
4946 1616
1337 183
6915 3152
8328 1662
2352 1076
3553 1203
2597 2019
9240 3554
7779 6807
6579 4917
8070 7619
9381 6910
8807 6551
3620 3303
1975 1443
9595 4605
3644 3174
3254 1251
9373 2085
717 454
5399 4152
336 82
9065 6917
1608 464
3306 1531
1589 552
4779 398
9348 4042
7154 2155
3261 326
8690 7019
9820 3501
5755 5406
3045 452
5054 141
2548 2526
5189 1791
8771 6456
3289 2706
576 350
1629 64
8437 7385
210 165
9582 111
4416 2161
8355 8153
8494 775
103 73
5218 379
985 555
7691 264
4701 2941
9568 2655
2742 609
3764 644
6143 2717
40 11
6813 515
1225 583
1258 1067
2150 1495
7636 6476
6472 5689
6563 4459
6521 3089
6595 2349
9234 4278
7568 155
4105 2921
9745 9165
6330 1068
2124 1228
4336 305
7053 2728
9990 9022
1512 1149
9226 4032
7592 3432
3860 3846
5959 4297
6202 740
3300 3103
8870 4949
5556 3901
2198 1758
1218 847
8237 1831
1583 797
240 200
4688 3736
1188 290
5224 1051
9300 6241
5332 1346
7540 7198
4765 2032
5359 2591
2341 1847
2369 1740
3782 1645
1341 1112
9847 1760
5001 1266
8377 6109
4539 2510
7752 5093
3745 2346
1361 495
3391 2430
2128 1015
6849 5957
9038 8679
5284 2632
8473 348
7622 645
7049 4375
8106 286
4526 237
2565 1736
7858 2566
793 466
4632 3291
1351 300
6605 4758
1971 1528
6624 4771
9044 2401
3844 2973
113 34
1978 212
1186 664
6324 6044
9756 8848
4396 865
4899 3967
1741 1159
9607 8879
8904 3926
5797 2712
6248 4881
5936 3185
3127 217
7482 5805
8885 4501
9635 1812
4983 3290
7200 5007
5073 1284
8773 94
3430 215
4223 697
2646 2552
96 45
9007 3313
8265 5664
7462 2574
7475 1487
978 262
8725 8320
213 109
2724 2641
7869 5452
8428 4570
9420 173
7550 6364
9097 4872
4131 1745
4142 3265
6884 5681
30 25
8696 5507
5833 296
4345 3843
8219 8039
2644 661
1811 632
7272 2132
4354 2948
7524 3390
1217 887
1844 1081
3676 692
5625 4913
6439 216
7140 4654
3052 951
2661 1698
4721 3287
1273 166
5926 2960
6898 6522
5519 4087
915 100
9593 4798
1991 396
2868 315
7883 1877
7848 2090
2371 783
6815 3214
5971 5153
8333 5296
3482 2954
4491 4339
8482 6021
8351 5351
1853 1533
7809 2038
8754 1212
4241 1138
4210 3972
6365 2838
1328 471
3793 2986
8894 5682
2695 1664
6741 3241
