791
2447 6451
58 1194
8007 9800
7983 9496
4630 6717
6571 7593
5027 9036
9268 9358
6474 6934
6650 7239
9982 9989
7125 8166
9065 9598
3039 5962
8674 9037
8701 9842
1064 2371
5764 6211
9330 9919
5159 5809
5074 8558
2779 7163
3702 4888
7256 8059
3216 4949
633 1280
5194 6494
4789 9193
8551 9096
8630 8767
4866 7559
1282 8270
3591 9942
9334 9449
9510 9815
3509 7358
1742 6139
1025 9013
6686 9414
726 9717
7902 8373
2402 3828
1637 6122
4874 9370
8929 9196
8937 9831
3882 7721
652 4085
916 6817
636 2458
2949 9729
812 4548
5185 8552
5767 6573
4545 9733
4689 8246
312 2076
4495 7929
2183 6742
4087 7326
8953 9424
6636 6776
7245 8613
8353 9685
8902 9142
2671 4503
3340 9629
9963 9969
5351 6904
3182 4340
2328 6286
4648 5770
7896 8983
7996 8488
6081 9747
7258 8638
2020 8384
1050 8607
5010 7968
6404 8759
5521 9691
5579 6700
2909 6627
6713 7662
1161 5349
6454 6603
1211 9927
2416 5189
97 2757
243 8743
1115 4184
8984 9682
1432 6340
116 4739
2528 7216
6617 9118
6416 7733
8306 8883
875 9902
7033 9486
8062 8152
6572 9565
5972 9131
7648 9303
2608 7490
5068 7206
7140 8201
9804 9886
6175 9342
9624 9812
1219 5500
754 1362
4886 6917
1174 5147
8197 9373
3419 5237
33 2787
6438 6552
3638 4759
3228 8933
1283 9461
1218 7188
7777 9258
4898 8663
6124 7499
9661 9809
8609 9443
2975 3087
554 7491
3325 4846
2487 4663
7053 8769
1634 4097
4479 5550
2150 9219
2105 4129
7756 8642
173 6857
6725 6856
3693 3885
6115 9162
479 8118
5019 6397
4062 5308
4103 4682
2251 6589
8256 9340
7132 9411
7752 8192
7901 9050
5603 9128
1602 4774
9644 9870
8423 9366
657 4093
4599 5050
9706 9877
1301 8530
8507 8837
641 2855
6501 7954
6520 9143
7071 7181
5964 6783
1201 8269
6988 7988
8595 9294
3015 6879
9817 9996
2539 4025
5642 9178
8961 9693
4143 8554
7678 8973
1930 7503
8627 8764
187 9325
9535 9924
4564 6766
9916 9961
8832 9754
5738 7236
7746 9725
6974 7633
884 7534
1664 7159
6579 8655
4905 6033
9716 9926
6308 9242
9751 9806
5345 6008
9436 9503
7376 7675
2807 5075
1191 5658
1887 8553
2178 3705
737 7660
1814 5647
3355 6732
6389 8319
8610 9415
2696 4750
2785 8532
6977 9387
8745 9450
5312 7022
2553 6271
6138 8858
6204 6342
8926 9647
7640 9211
8247 9843
4443 7446
8094 9019
238 9208
6702 9285
9844 9988
7871 9292
9572 9668
2353 8683
1400 8772
6735 9865
2326 2385
2685 4364
6685 7151
2773 5516
105 7867
8971 9413
3972 4279
4454 6321
253 4991
9448 9880
3798 8592
509 5953
2928 5890
1426 5529
132 6795
335 2806
4809 5222
9 9198
2066 4543
3809 5136
951 6322
9742 9944
23 4761
1612 7102
7238 8704
4439 5772
4993 8913
2764 9885
1819 3311
9017 9521
6891 8128
3176 5576
1033 8688
2997 9974
1435 5755
5924 7046
5663 6839
778 1260
9878 9911
4082 4621
7250 8172
9839 9861
7494 9012
6283 8437
5444 8841
7617 8888
7583 8042
6731 8040
9438 9603
2572 5065
124 3442
3677 4486
6676 9492
1415 8665
5648 7430
6541 9846
1837 3411
9102 9437
2569 3754
4751 5483
5101 8205
883 6503
850 6046
1149 3184
5734 9139
8820 8947
1390 9508
1527 2283
422 6796
1086 4892
2316 7760
433 5392
1146 4417
7684 9635
6231 8375
2227 7255
941 9149
1259 5912
5503 8280
5140 8122
6087 7616
2548 6967
2656 4201
5022 8012
4659 7369
2865 7359
9418 9466
2652 4369
2795 5193
3881 4781
1012 8711
119 3396
9652 9835
86 6295
3091 4769
9183 9705
1035 7335
7288 7736
6228 7833
298 4167
741 9667
3223 7240
1048 3067
4510 6374
106 9604
1932 2395
5171 8121
2415 2655
4480 7712
3517 9741
6400 7524
7512 9954
5851 8486
9244 9441
2772 9906
9312 9581
133 7657
9428 9922
3208 8344
5782 9431
6512 7738
3681 5034
4560 4589
713 5223
8174 9559
1779 1861
246 6330
5938 6072
1824 4455
9028 9374
3213 3219
4514 9538
9783 9985
4086 4517
4722 5831
3968 6477
5649 8422
1094 3781
5370 6292
1339 3046
4415 9568
3772 8151
5979 7428
6371 7847
8757 9768
8791 8969
2848 7705
7743 9480
8133 8974
2819 4359
3685 6599
2221 8342
5801 8484
7641 8810
7695 9235
6871 9516
8325 8721
2025 7155
249 7741
6863 9984
1604 2394
2645 7614
9659 9698
1006 7119
4324 8037
7204 8749
8490 9748
685 4124
9654 9777
1635 6506
7472 8346
2230 9543
4213 5713
4500 7390
5874 6253
9971 9977
4046 5352
2869 4408
8896 9708
5400 9467
6183 9577
456 6307
5317 9199
2148 3428
3197 5399
6219 6958
1068 1652
425 4461
4247 9504
8855 9580
2264 8389
603 7703
2715 2721
3090 5234
6097 7026
1182 9940
7955 9795
3111 8501
1553 9947
507 9189
6114 9445
5787 7350
7967 8001
3202 4709
1297 3386
8719 8932
3414 8149
1356 3797
751 1910
4173 7592
2799 9375
131 8784
2778 3708
2920 3413
5557 8268
8309 8901
1428 6995
3919 9847
1346 9968
1675 3728
3011 6328
9271 9594
290 3800
3321 9402
7786 9713
8046 8746
6484 8180
342 5419
255 1922
6880 8887
5456 5999
9272 9813
2418 4623
5891 6079
1918 2895
7035 9727
4489 8125
8676 9853
3288 6544
9715 9910
4985 8323
1789 5113
8089 9512
2015 9209
8835 8990
6379 9004
9442 9627
1821 7157
8449 9314
8366 9257
9566 9797
5662 7298
2687 5170
7281 9658
7441 8879
7038 8215
2859 7737
4932 7692
6459 6833
7770 9653
9170 9970
3842 7771
3430 6622
8828 8918
192 3518
853 5080
8005 8700
1172 5423
9889 9897
9590 9904
2968 3880
5957 9489
1645 7391
6282 9623
6123 8958
3162 4343
6218 6944
2845 7854
9990 9991
5686 6281
6326 8039
2040 7223
4924 5983
9315 9965
8891 9454
2042 4339
3558 7794
6363 8556
6017 6987
7829 9309
6048 6427
4078 7579
6873 7174
1663 3583
190 7541
8729 9591
4032 7349
5228 7895
5711 7949
6639 9251
1054 9651
8718 8939
6368 9421
3770 6490
45 8936
9765 9852
1762 4959
6184 8113
1761 1916
5973 9528
932 8567
9913 9959
979 7610
2870 8442
9072 9288
1561 7191
3876 3940
4727 5338
2146 7709
5961 6265
29 5969
6966 9582
5507 5855
8092 9734
1627 5438
1901 4070
6693 8615
6630 7969
7909 8033
6277 6688
8100 9935
7342 8945
7365 7947
3277 3918
8415 8758
8267 8618
3308 4698
57 8948
3289 4421
3574 5760
3082 3923
799 5268
2048 5116
3237 5103
2252 6207
706 5777
2575 7187
8320 8897
8786 8924
1751 4254
775 6865
2059 5253
724 6669
7554 8208
8239 9297
5038 7105
3533 6041
4902 7943
9298 9626
4840 6925
8632 9789
8505 9805
8120 8777
9808 9881
1024 4608
4614 8735
6154 9646
5616 7934
7918 9351
9192 9322
9546 9599
7725 8416
6646 7148
4576 8875
4764 4883
1315 9803
1318 6647
2243 6433
3578 7642
9720 9907
1380 2933
1452 6256
8097 8469
993 1868
5572 7011
8343 9931
2233 4237
9628 9999
2498 6229
2313 6408
1668 8051
9265 9775
3047 8529
3251 5094
716 5227
7233 9743
8216 9994
698 4516
463 9241
5645 7810
5305 8571
9112 9829
1480 7877
7021 7781
6168 8590
7521 9120
1481 4393
3145 9337
4594 5667
3301 9785
8406 9361
2649 5152
4906 6294
1764 4711
7445 7504
446 7605
9761 9905
1827 6023
8096 9333
3642 4241
9613 9876
1729 5251
5897 8310
613 8934
265 6926
7776 8666
6983 8348
6534 8179
2017 8997
6336 8195
4877 8651
3394 8799
6691 8502
818 8473
1363 3085
3660 7962
2974 8441
1690 7769
4918 5669
3094 3860
8568 9993
3984 9945
4017 7089
9228 9360
4431 5889
2843 3361
6716 7290
8822 9422
3566 8653
6797 7189
8493 9998
5045 8497
4360 5542
6986 7312
5872 7527
9284 9915
4889 6210
8187 9875
3265 5612
2495 6593
24 4566
9210 9470
2782 3995
1966 6034
5506 8474
2147 9550
6346 8892
462 1988
9163 9740
6850 7889
1679 6722
9368 9697
6065 7716
860 3403
4374 5164
6481 8316
5865 7259
1633 3683
1122 2542
1177 1810
3021 7837
3794 9405
3038 9092
35 2036
8920 9379
9062 9545
8141 8302
3987 9530
4960 8142
1646 5043
9981 9997
4618 8036
4882 9633
3318 6580
172 1804
2278 5012
3945 4031
8689 8968
9834 9937
7340 9946
2119 5365
7039 7475
7447 8578
1877 7196
3189 4657
1462 8347
5309 7101
1475 1780
7060 9230
1702 5447
6036 7214
1244 8564
526 8633
8296 8377
7717 9001
862 8272
5614 6800
6313 9201
8390 8429
1332 2607
7682 9802
9083 9548
9021 9588
4995 5986
8446 8737
9849 9976
4338 7515
2239 4378
330 4562
6357 6739
881 7048
1196 4074
2995 8134
3907 6845
2877 8801
7975 8210
6045 6992
1131 1277
4707 5629
3146 6514
4786 5125
9949 9957
7508 7613
2212 3205
4678 6434
1931 8533
6059 9793
1838 3903
4370 8849
5967 6525
2121 7666
5731 8028
593 9838
4418 4913
767 4361
3602 4146
7372 7661
566 6854
9515 9518
5715 9649
4937 5180
7599 8679
3776 4704
3586 7946
6200 8129
5841 6250
3991 9524
650
3762 2771
6311 634
2443 851
1465 675
1140 930
7799 6084
9046 7286
2209 180
7443 3877
5619 834
5416 5093
2482 333
5977 506
983 572
1863 1027
5176 3863
1213 442
379 203
1456 823
8345 1392
901 191
7517 2851
4162 1964
4394 3261
1567 694
592 327
4109 25
808 578
4747 1848
5693 4466
790 552
3941 2380
8538 1641
4016 2604
6910 3930
5288 1351
5599 4897
5864 3529
4655 2351
9003 4066
8276 1856
6970 2915
836 19
5910 3081
2584 1331
1650 550
672 367
2775 1615
7371 777
1015 223
9547 1117
3752 2602
5430 2489
9561 6922
9317 4440
6054 2688
922 272
7654 5509
2170 704
5245 4312
6932 4258
8811 2811
2342 153
3980 2099
7750 7317
4580 2014
8126 110
1216 465
9821 4771
7711 5384
130 12
3771 1884
5313 2996
6422 5092
8161 6044
3936 2841
2484 1345
8000 1019
7265 1725
9482 3273
6738 1795
1256 766
7899 3921
2890 224
4392 3433
1007 627
3833 3194
267 73
7254 2627
3920 3768
9234 1934
2188 1880
9116 3415
6701 1382
5950 2621
9280 2686
3471 3126
9223 3072
5359 3527
7401 1523
7077 6356
3187 1755
3267 44
4935 3538
63 2
4571 900
3970 770
7537 234
7315 5409
3075 2969
3821 1575
6236 2047
6993 3617
2720 115
1573 854
2517 1393
8988 7928
9868 3671
693 13
8260 3472
3827 1383
7884 5335
6886 1684
1515 1290
2501 772
9124 4881
7972 6724
3910 297
5413 3287
2524 343
3335 2628
5820 1727
6668 405
9497 5788
7420 5436
7667 3709
707 504
3729 3029
6117 3256
1735 1608
2758 423
7295 2242
3098 891
6991 6555
9224 6462
6257 4822
9619 8908
5064 2344
111 81
8228 1490
7241 1443
8177 6192
3895 3199
2931 1862
2440 520
135 114
293 194
9794 982
1980 1492
3264 284
2136 282
4755 2123
4122 2868
6158 615
9204 5852
9006 6051
5761 1242
3899 3030
2375 738
5025 226
7213 2352
8458 5717
6510 6015
6831 2981
9465 586
7676 6476
163 112
4438 2708
3222 3119
9901 4549
3978 2835
179 140
305 274
8771 5939
9005 1434
6740 1961
8550 6557
390 244
3567 690
5752 4441
3236 1547
4826 4176
5242 3032
797 617
9338 2959
9824 1104
9564 7827
4079 954
3404 768
8400 6227
2941 2659
9950 5749
1357 976
9119 3447
4712 1317
3071 1507
3513 2527
8895 1767
1212 1062
7402 570
981 461
734 632
6931 1892
9637 1505
3790 2024
6989 3636
181 168
718 648
4297 3026
9483 2710
8989 6881
5141 2614
7170 5078
3450 1303
6042 227
5329 88
4773 3257
7363 186
3253 472
1221 309
2029 531
795 581
6965 3275
6677 607
9851 2469
1385 630
213 104
1985 1289
9429 1582
5466 5088
8636 4674
2502 2115
8060 3687
743 730
8852 4000
5792 2834
5623 5137
1643 1046
306 240
1039 257
1409 975
2875 2268
5997 525
4713 1571
8191 811
7567 864
965 31
7872 2027
4597 1269
7935 3915
4933 1987
9589 4603
4253 1657
3089 138
6057 4077
2130 784
4962 3466
377 225
2556 774
9757 1540
7758 2633
5295 2831
3440 3181
6161 1752
4473 4166
2593 1148
4851 2378
6657 3327
7632 1851
5327 882
7768 2954
5279 3866
709 417
11 7
5862 5644
391 369
8088 6682
6355 1542
695 128
6431 4684
4998 4721
5421 573
545 388
6473 1430
604 4
4358 427
5166 94
4811 2452
3372 2924
1305 688
1537 315
4115 318
2173 1904
2284 1784
8776 7876
757 275
2703 2315
673 466
973 475
7079 477
1625 1070
7138 1692
6369 5911
4171 2117
7710 6460
482 300
1888 1060
8574 338
5117 1429
2092 216
7173 5210
3505 3019
6430 4968
9329 7841
7000 6830
3711 3700
600 154
9718 296
1999 1869
9895 3358
3467 2098
2215 1461
6919 5118
8018 5301
9563 4570
7925 4573
5561 4125
9320 3455
468 215
846 471
6030 5107
416 321
1748 1099
8742 4715
219 126
5783 2417
2942 2253
3229 1545
5387 1189
2922 2335
3812 395
4096 2241
7609 1500
8893 8444
5705 4884
1449 1120
9296 6872
7374 3691
6237 1222
7584 769
1912 366
7229 6759
1309 1245
9121 3576
5604 3982
7322 6089
7336 4464
3149 1894
4200 27
7275 1672
7726 3564
8464 248
7780 7529
9759 3620
7370 6394
2198 1579
3114 46
6077 2421
3023 683
6252 1954
6942 6898
6814 4708
2578 2505
3701 3188
4692 30
7328 3622
4379 2083
6162 1996
8467 614
8761 1906
4177 2973
871 148
8016 2100
783 750
6047 553
3305 75
6680 6667
1594 587
9771 2442
8041 4305
2766 833
4792 3244
1896 229
9074 404
9574 8815
6598 3666
7459 7200
7763 2052
1809 711
5205 4817
5736 3874
4515 646
8163 4966
4681 4524
4410 3627
1832 789
9622 3351
8640 5519
7764 4446
8964 1284
8495 385
492 196
6878 2476
4403 277
2930 320
5366 307
2646 428
4697 2951
3439 2050
9879 1628
6719 2445
3066 955
2063 1872
544 469
5605 5415
1164 962
3555 2926
5374 3294
5393 3068
85 14
3171 643
1746 208
8821 2383
5129 2571
7384 5402
5689 899
565 304
6605 1379
228 89
2067 1698
9544 6101
6747 5155
7598 6771
5497 5020
9144 4567
2000 1375
3077 39
5179 1609
6024 5901
7700 1073
2110 668
6953 1853
4009 3387
4999 4051
6362 2366
4585 1370
2579 639
9675 7881
7574 1136
6726 3603
3748 2012
3952 2907
5470 3148
147 99
8176 6074
4910 849
1476 1261
3844 960
6492 3932
4593 1097
4224 511
523 473
4835 1107
5940 1812
4680 4569
9681 218
1486 313
4767 2034
4963 1871
805 437
2594 2011
8404 939
1796 474
6160 1903
7729 1909
1126 540
2265 17
9756 8204
9087 4690
5047 2372
3329 560
2238 432
1147 514
7466 5110
8076 3614
3913 2021
6665 348
4572 414
5568 5033
6091 3695
1621 136
2463 1849
8070 1112
4970 3802
4137 1367
2128 1509
1552 98
4244 2828
8857 1494
1397 1055
9014 4183
5821 4941
9584 3464
2439 1859
5927 2861
3966 1252
9107 95
6930 5733
611 242
1202 1013
9216 7100
1320 1286
5066 1889
2826 1366
3556 1037
397 373
1694 522
2464 1023
4980 1008
9281 3569
731 714
6999 725
9123 3051
1249 406
1026 655
5146 4330
9735 7162
4041 3736
6711 2043
5584 1410
8124 4236
4679 82
3341 2008
8329 589
7569 660
7724 3525
5609 3500
2004 719
5814 499
1080 493
2676 574
4939 2745
4741 266
6053 852
6166 3664
2118 1972
2776 1298
5774 5294
9376 9076
2191 26
4065 3260
9909 5131
9109 356
7232 3232
3209 970
2800 547
9022 8482
6103 5765
1325 779
7974 2672
7301 4234
961 674
3409 536
1829 571
7460 2270
7015 5378
7838 3544
6666 3382
5263 37
4611 4329
252 87
9188 505
384 355
9763 2753
7913 5407
4803 2825
1051 538
410 8
4540 1943
6347 4004
8137 3285
8407 2461
5115 3843
7377 6940
3453 2229
4120 2788
9407 8751
9928 3670
2190 1217
7192 5951
2156 764
3721 2947
6202 2035
1506 1258
4161 2888
4996 3573
2127 1265
3053 1778
928 303
4914 3476
2341 1619
4404 3745
6860 5433
3520 638
3589 117
3399 888
5450 4499
2446 476
1352 1059
8561 2388
7839 1314
9788 762
8431 4138
8577 3418
7131 3431
2992 1377
2760 1240
1234 245
2632 1978
8844 880
4651 1726
7650 6285
8450 4757
6127 1294
623 319
5933 3841
2078 914
2906 642
6746 235
3458 2902
