260
5493 7801
6711 8009
5278 8432
8558 8708
8422 8585
9217 9445
1961 4704
4162 5071
7252 7339
2853 6677
8218 8321
3098 8294
3523 8867
2242 6794
9777 9891
9568 9581
7698 9928
2095 8076
2965 8766
6200 8072
8171 8398
8589 9574
9813 9915
1150 2669
122 7422
7944 9816
8067 9189
5552 7008
5000 9532
3215 6374
7842 8138
3960 8786
8348 9209
5929 6239
4827 5522
6343 7289
5265 6321
6666 8874
9546 9817
5981 8834
4713 7055
9172 9396
2192 2957
1902 5713
3487 8352
8299 8754
7036 9577
3635 3736
1513 3725
5798 6620
52 7807
9992 9996
4885 9427
2045 2608
9810 9818
2190 3047
736 2273
3527 9991
4944 6025
1214 5559
8904 9472
4152 7802
9481 9969
2432 3257
4074 8244
1642 9626
6549 7755
1114 8617
913 8695
9007 9369
4967 5696
245 2516
5580 6723
1496 8827
4496 5966
5914 7277
4694 5589
212 8053
663 5364
8485 8961
7968 8499
286 1308
4370 8064
2858 4959
3484 3561
6767 6823
8826 9979
9636 9889
9910 9932
5413 6550
8830 9947
7948 8624
4753 9866
3758 9800
5682 8502
199 8537
1380 7646
461 6978
3429 3686
8212 8613
3082 9770
3209 6455
4034 5731
5227 6667
4579 5891
3413 7372
756 4703
2557 9162
6651 9354
7890 9502
7826 9249
9381 9882
7457 9087
8379 8704
7291 9795
4426 9713
5062 6967
3808 5321
6965 9876
1890 2473
8364 8550
3544 9113
6363 6774
5819 6642
9589 9911
4624 8911
2093 5213
4334 4815
4418 5654
4869 6608
7160 9874
6340 9041
3778 6632
6512 7094
6062 7928
9486 9622
4563 5961
769 2468
4852 6843
6786 8010
4559 5026
5705 9254
4261 5032
9971 9985
3885 8175
4098 8402
9190 9922
9216 9913
9645 9868
6144 9356
7819 9608
3581 9181
7705 9602
9571 9807
8805 9507
919 8033
2946 5950
617 3057
7609 9942
894 9380
1693 3801
9973 9987
5870 5923
2336 7306
8824 9092
1996 5035
7285 9185
7474 8436
1489 4848
2906 4102
5394 5582
9351 9477
9530 9702
5256 6588
8995 9438
8584 9614
979 3372
1982 9744
6598 7742
8767 9686
3334 7122
2895 7411
1770 3043
4611 4638
3593 5507
9098 9787
316 2026
4728 8418
9618 9994
5002 9659
2504 4945
9756 9893
9880 9895
2124 5252
5243 7837
5427 5871
8668 8934
9220 9416
401 6890
6174 6904
4575 8944
7754 8517
7070 9691
1928 8718
2751 3501
3153 4072
7184 8987
6249 8820
9644 9909
1766 3612
875 7787
3100 3224
145 9408
2703 8383
3112 9539
742 1597
4721 5511
8604 9733
3710 6761
438 4083
789 8563
3406 8948
9496 9804
7045 8639
8130 9560
8401 9040
1416 6795
7994 8510
5980 9149
6269 6357
404 3027
3417 6287
3104 3976
203 6876
2672 3369
1848 6063
163 5475
972 3723
3499 9071
7558 8957
7748 9284
3109 9688
8115 8937
2963 7648
1823 6384
4360 4847
6893 9222
1499 6689
1546 4137
9379 9431
2194 3004
5131 9412
9593 9924
5663 7087
4390 5711
8290 9110
7772 9050
4926 8155
5495 5838
6838 9793
433
1690 147
7530 1390
7709 424
179 47
9126 1712
1076 646
7016 1663
9079 3272
4350 1968
8446 7572
3005 1703
8428 7701
3934 2259
1918 160
6955 2386
9066 3117
5263 4332
8703 1819
1025 991
56 14
266 241
3232 140
2763 1625
1405 112
9160 1178
7553 4628
4464 2214
7513 3141
9668 5040
6587 4434
8570 1586
7895 2417
3360 1774
2256 1600
387 13
6289 5755
3352 133
6023 2783
741 102
5341 128
1787 301
2028 1142
5724 4790
4107 3134
7484 903
8024 23
4870 3558
5597 2102
120 88
692 15
3928 3673
4754 2713
1505 1327
6358 3461
4142 3984
1169 182
6224 952
9512 7403
1449 61
167 115
1895 1545
5304 4235
8512 2378
2670 389
8740 5642
7286 6481
926 788
1371 855
1081 35
6985 6179
8476 5877
6227 6148
8914 4709
3780 371
3827 1072
5431 3318
717 375
8775 7006
7483 2585
2907 2691
7785 190
1312 1203
588 467
3677 1059
5679 3194
7795 2210
5177 1026
666 447
6614 2833
5692 5178
5389 1561
100 92
8147 4756
9834 134
8785 5173
8658 4730
3399 3392
2128 1867
7266 4212
3805 688
3804 2792
2065 1314
7336 7001
2553 2501
7560 3622
7809 40
9120 1197
8535 2942
5566 4099
2268 1111
4668 1958
5219 1398
1504 535
4456 1158
2263 1535
9528 4300
1135 615
6842 1716
2567 386
8159 687
7903 3618
4478 385
5574 2205
5565 485
1591 1333
1772 864
5205 2619
5848 1760
9846 2871
7999 562
3343 237
4393 257
1855 527
6438 715
2798 1168
9567 9118
3050 891
7717 1550
3552 915
7367 7245
4492 3555
5530 4468
1656 1343
5777 5670
9757 500
1204 805
7308 6476
7711 7164
6232 69
6685 1054
6857 6125
9180 2104
6262 3081
1537 1469
57 21
6555 3237
6378 3359
2176 432
9562 6266
569 312
3873 1299
2610 807
7643 6663
2904 1240
9966 5410
3719 2699
7985 4814
6856 1324
1632 306
3690 2388
9478 2740
9238 8208
7611 672
8198 3577
5664 4842
431 265
428 19
2600 1051
6468 5652
8176 3283
3871 4
2746 1507
7401 6410
5258 3414
2584 1104
2463 1706
5461 1522
2905 668
7177 5411
1523 947
6172 4311
5282 4804
1835 320
8312 4957
4916 3161
6701 2723
3569 2899
635 557
9543 5369
1095 111
3597 3510
3504 2148
7704 7244
3522 195
8368 7671
4382 309
5029 1747
9123 1412
5539 604
8548 109
8078 5262
5828 1678
4771 2224
3954 3023
8771 2583
3288 2119
5232 1798
6605 490
4327 1448
3645 3252
9275 3398
6960 868
4700 231
2137 590
1666 606
7497 5145
8103 2445
5977 4783
3774 3420
3241 2807
5 1
119 38
5609 4351
411 263
7934 2727
2488 214
8182 613
9234 5803
3860 2822
5019 1732
4743 4348
4303 3582
7221 2772
6190 4951
8254 6161
3106 433
4180 4058
1501 502
6578 3739
3083 2162
6030 1957
1735 223
3802 2834
5003 1346
9403 5853
1313 1040
8901 2361
3625 2897
6095 5525
5286 1636
8736 5786
2737 1892
6623 5907
8818 6214
631 253
7623 326
1619 1215
1825 1470
8879 8371
2937 1099
9235 7804
6429 2422
9418 3653
4550 596
5326 481
5153 2295
1789 907
8640 2191
7535 4056
5088 1645
5468 4168
4004 1137
3667 53
4737 4661
3227 383
9294 7913
8111 2311
9710 8970
2109 1628
2599 1494
6285 1108
6741 2704
5884 3981
2603 2004
786 148
9480 7398
8848 6044
6961 3632
6984 6202
6012 2306
4854 1136
6881 6167
8752 7799
8920 8751
3979 2257
6607 2568
3754 3435
9630 3670
6291 5721
1714 1241
7038 5529
2787 793
2987 977
1860 1093
515 292
232 220
6077 3795
1977 714
365 162
5886 3480
8141 30
2826 2101
9038 6177
2008 552
9009 5272
809 611
4880 2236
6264 5830
7848 784
5968 1143
1110 94
2440 519
1850 465
9202 1064
5973 1578
9788 6255
7790 6412
3886 2009
4460 1321
402 74
1087 460
6868 2351
957 943
3664 2121
1611 1480
4933 4062
7109 5182
4640 4070
4204 3585
4059 3263
7344 6575
6912 2565
5415 357
7462 3028
6070 5882
5430 415
7788 3995
3741 912
6692 1742
3477 3337
9559 1876
861 187
2886 2223
192 66
693 50
6205 4297
7170 5617
4398 1604
4712 334
2265 689
7214 2195
9963 2149
8684 6527
8019 7330
4377 3438
4830 3293
5553 1568
1172 838
9442 6222
1683 497
1671 254
3177 671
7310 3388
7647 6552
268 107
5602 4486
3132 8
4357 1358
3401 2634
3497 1727
4264 2421
9980 8193
1250 93
1670 1290
6128 4722
703 176
3365 2801
8756 978
9519 3751
1209 98
8058 3282
4494 2459
6371 3909
276 125
4637 2744
6945 6660
8004 889
7635 2043
4118 3715
3073 153
2975 337
177 58
9791 8255
7839 6209
565 46
4402 2961
1795 1022
5025 4791
205 193
408 260
5557 2522
6022 2841
8132 4090
3696 591
3508 1524
6756 6610
8077 5659
9017 6323
8393 1874
8226 6439
8685 1551
2575 1427
4799 2171
