727
4284 6688
8248 9371
6237 9946
6324 7283
3187 5565
7907 7993
7815 9579
4387 6439
9207 9457
2140 7783
1296 4876
3760 8799
176 3250
5981 7122
7278 9796
6471 6530
5830 8052
6305 7514
3078 7687
4329 5273
6825 6859
2594 6138
3201 6093
4593 7558
8823 8908
4916 8273
2807 9113
7846 9622
1392 8957
6102 9934
5380 5579
682 2444
4370 9629
604 1052
483 1468
423 5855
5041 5101
88 9296
2175 3194
4429 6196
9870 9997
3929 4834
8517 9617
7210 8216
6144 9159
5255 9687
5408 8780
5772 8691
8514 8632
9787 9967
2447 6261
1481 2725
7099 8708
5319 7360
7214 7256
4795 8558
1950 6092
3740 7287
1407 5961
2576 5651
2866 6009
1128 1474
3419 4204
2453 7453
3893 4468
3817 7067
8792 9812
1856 2119
592 2026
2513 3314
3370 4629
9758 9759
7550 8972
3815 7146
7087 9231
2741 6244
7500 8812
1045 5274
7410 9036
5547 6991
3733 7151
4357 9735
7385 8507
6924 8032
2935 4581
4404 9719
4507 4599
9274 9957
1377 6911
3445 6582
3283 7013
493 9576
5256 7937
9845 9846
2756 9415
2454 4036
1791 4924
2737 8922
4302 6440
7665 8293
5709 7836
7672 9922
8838 8936
2914 3166
5116 7636
537 3675
3634 7163
2235 8245
2053 8359
2278 5258
7321 7685
1884 2121
8795 9836
2440 8076
7708 9909
9343 9478
1904 6377
7654 8542
3389 7009
6044 8961
2648 5934
5052 7876
2260 3680
3848 4836
8906 9246
3737 5407
9204 9323
224 9873
7145 8213
4334 6194
4483 8836
4351 9464
4568 6236
5001 8779
4624 6122
4644 4760
8902 9581
6857 7625
7176 9577
4948 7112
4654 9749
2162 9533
6820 9664
2561 8982
6866 8539
2656 3802
4881 5462
5780 8722
8401 9654
5068 7166
4410 4693
8566 9411
6323 8720
5248 9409
1401 4778
6685 7352
8079 8832
5795 8218
199 9188
4394 4781
8064 8676
9706 9786
9531 9991
8407 9810
7824 9227
775 8210
4619 5833
4447 5285
982 4918
3305 8013
4638 5239
7580 9318
4007 5609
1504 2094
1517 2507
7976 8279
9174 9832
8731 9732
1076 5838
915 1858
1847 5851
4185 5042
3396 8900
1613 2785
4082 8904
8489 9399
8259 9944
9295 9370
5982 7688
4861 6728
6767 8526
5663 8788
5566 9376
584 1578
2473 6119
6112 6977
1251 8844
2897 9495
8616 8933
5311 5641
9146 9663
7069 8247
5915 6816
3768 4961
9750 9857
2734 9616
4808 5984
8594 9272
6506 9593
2701 4097
7520 8944
1690 8365
158 7153
2476 4484
4273 7886
9469 9470
5366 5440
7437 7694
6378 9529
3959 8687
3601 5446
251 9271
2409 6948
6242 6257
938 5974
6912 7772
1834 2302
716 5848
2856 3878
167 1672
9986 9987
2176 4680
9098 9288
3316 9961
872 2828
6034 7464
5849 6932
3649 4335
2544 5669
6529 8038
9731 9805
4397 9896
2629 4990
9858 9891
2128 9555
444 2413
5536 8509
8810 8975
2509 4346
3829 8379
4075 9223
761 1362
7422 9279
5173 7007
3363 7187
5546 6896
1698 9062
179 8966
5975 9718
5792 6513
9038 9976
2069 5094
6026 7111
7346 7862
5790 6502
4520 9260
9757 9793
2710 3501
6462 7671
5980 8254
8855 9349
2199 3905
3204 3745
2746 8518
8177 9211
4195 8704
3691 8885
4538 9646
8947 9182
1920 9109
1139 4976
3764 9176
7389 7998
5715 9173
2400 5702
9147 9843
6663 7513
8759 9040
9764 9992
5891 9347
6556 6890
6184 9214
1396 8912
4999 5712
6989 8749
6916 9921
4935 6452
6494 8157
9392 9693
7279 7899
7072 8090
6245 6644
8468 8647
8533 9537
589 8232
6189 6860
1188 8963
1361 7924
75 4160
5479 8598
3090 9458
3432 8524
5036 9435
4197 5686
2210 9096
8073 8771
2903 8163
3505 7634
2736 8080
3555 7776
5634 9527
1933 5015
1154 4276
9636 9658
96 6569
6416 8569
6033 6883
2500 3780
3915 7957
4163 5586
6173 8757
9839 9874
1521 8627
2799 6863
4758 8971
3435 7722
2804 3652
232 2397
1702 6032
252 4934
6233 7303
6584 8009
4970 9615
6754 8324
3444 7661
8197 9643
78 2892
8694 8751
5432 8101
7833 9508
7150 9807
5496 7804
8721 9736
6308 8016
1663 6681
3890 8146
3548 6438
1429 3807
1207 9657
9830 9854
7203 7353
9783 9800
4499 8106
3623 4545
4458 7023
8545 9521
7133 9554
5876 8543
1838 5740
5618 7603
2362 8375
4059 5254
1603 7718
7939 8402
4646 5023
4922 9980
5788 9041
6016 9224
9715 9834
7894 8572
2364 7443
2646 8055
4733 6510
6174 7312
6739 8292
8597 8753
7298 9218
8745 9351
8655 8986
8010 8983
1556 9463
4328 7039
7032 8724
6665 9669
769 9215
9551 9607
3350 7728
4260 8361
7544 9473
2875 3403
6595 8747
1268 9468
4523 6653
5694 8619
4904 8803
3978 6201
1681 9259
663 2007
3809 4754
2401 7921
318 6841
244 5437
8979 9389
4860 9315
3699 9914
2195 3352
9391 9892
5074 8685
1434 1903
7806 8582
2144 9851
8027 9002
5354 7750
8448 9649
6008 9516
6136 7159
1443 6131
7741 9012
7034 9395
2523 8664
9238 9966
2333 8688
2433 4491
4435 4625
9692 9962
1491 2888
308 7060
4885 8797
755 8439
1506 7126
7463 8796
9014 9121
5166 8754
7817 8093
8059 9373
1472 1955
6422 7407
5530 7366
964 6652
4806 9020
764 1253
7041 8384
8249 9638
1262 3018
1565 3485
3100 4762
9494 9520
7578 9556
7532 9672
9626 9981
2585 5562
3681 8689
5206 8895
4978 9972
7183 8821
531 1382
1576 5277
4158 8643
2075 8455
5568 7172
3997 4283
8067 8429
9813 9971
3688 5004
7016 9491
8422 8463
7546 9021
2126 2618
2086 2685
6390 8516
348 5524
7477 8399
3690 4636
5110 7169
4174 6712
360 6588
429 508
3980 9453
4532 6701
1447 5635
491 8131
6142 8075
5571 9410
1814 7987
6655 9157
9543 9765
4462 7088
1034 5054
8875 9437
4632 8478
980 2689
9072 9535
3377 6682
4221 5966
2835 6990
5216 9423
1912 5134
1601 9280
3169 8160
6059 9978
228 6344
9297 9781
645 4780
3138 4807
3146 6304
3312 5756
3924 3966
4012 5664
1897 4665
9954 9958
6509 7003
5452 7222
7149 9156
885 3843
2264 2541
1302 8712
9801 9905
8563 9281
2930 6451
3696 8337
7306 9229
5716 5994
5775 9549
5574 7400
5449 8174
1198 9329
3811 4150
8932 9688
9028 9565
457 9212
3897 6533
2465 2744
1665 2258
3434 9015
5845 8631
5861 8268
4884 7284
2611 4453
5359 5563
732 4651
9510 9817
7299 9666
3388 4267
3273 5682
3074 6700
4206 4732
1224 8819
5985 8607
7613 7650
8096 8243
7678 9752
3317 9216
5394 6764
6676 9855
5061 6651
196 5821
3062 8153
6984 8223
9990 9999
590 3319
6367 6702
4333 5195
4101 4533
5527 8300
661 5180
1123 6047
5118 7070
3252 8350
4782 9165
8993 9197
10 5187
5674 7047
8907 9075
4313 9377
6118 8544
962 1327
9261 9753
93 1874
1998 7698
7523 9988
7562 8465
2286 4186
7664 9755
1680 6010
1787 4159
2452 9633
8180 9413
2698 8344
5762 7623
6554 8617
9545 9784
9011 9128
127 8877
28 8415
4738 9380
9163 9460
9608 9897
4418 6544
3244 6869
1639 8969
710 4124
260 2309
9445 9619
6004 8744
7202 7614
3469 9071
6307 6963
7185 9729
5377 7699
9117 9737
1735 2951
870 3834
299 9024
6902 7341
2545 7388
1161 1511
94 8044
7206 7469
1421 9911
3972 9256
3298 5304
448 2104
5335 6978
5919 9034
6186 6861
6586 7324
7798 8228
4969 9644
8651 9166
3128 7522
6679 9968
1256 4804
5549 7548
709 4566
3402 9018
1684 5529
1281 1836
3449 4936
7935 8511
4413 9656
4052 4739
8774 9199
1926 2865
8999 9033
5943 8307
9424 9438
5084 9540
8428 9970
5208 9149
696 8231
4927 6336
8129 9538
7808 7926
7282 8221
4559 4867
5236 8421
4259 7656
5917 7263
5747 7418
132 3239
1700 8335
873 6241
6354 7616
7446 7869
9142 9594
6873 7395
3857 7266
4875 8202
6955 8255
6309 9620
9713 9907
2620 5470
5575 7918
1002 3246
582 8992
7709 7984
3702 7116
2977 3173
6540 8818
410 5887
6878 8738
1861 4040
3110 3359
455 2887
6484 7723
7857 8003
1345 2883
3027 9717
1957 8692
5124 9751
6386 8866
7585 8393
1543 5301
4330 4519
8740 9083
5668 9406
6278 8764
3207 8635
3299 8329
5016 9466
6249 6708
7704 8485
4145 7452
9609 9900
6172 6389
3223 3404
6746 7543
351 7114
632 1809
8943 9314
7058 7096
1891 6848
8023 8147
6277 7342
6626 6835
4437 9025
1266 5065
591
2845 2755
1203 1145
7696 5561
7771 3215
3502 806
4919 4470
1528 533
7689 6744
745 142
416 65
9185 640
619 436
6761 846
855 518
814 694
3094 2436
9058 7143
1602 1547
7005 3752
7057 2317
120 53
4606 1726
9047 2389
3845 1430
2081 115
3286 2448
515 249
7504 2341
8622 8505
9785 6343
5211 2350
9493 1611
5096 3621
1122 203
7611 1652
225 148
2256 1385
1943 702
4811 529
4565 275
4815 4043
8380 2061
6722 298
3318 1116
572 394
668 21
2539 1744
5383 4465
9070 6013
1390 794
3906 2810
5091 1383
2155 1055
6205 3938
8486 876
7803 6695
3028 1060
3832 2295
8653 536
6256 691
302 162
2169 466
8504 6787
9773 2721
4364 4316
1197 405
5029 773
4958 4073
6656 1831
5346 1915
5113 3369
7971 1314
3570 3493
9623 9203
1582 446
1722 1173
5060 815
2979 1058
6576 5645
1141 64
9569 3461
2443 1445
3460 3019
7363 6446
7347 4289
2103 1951
4239 1022
6042 2468
384 24
1206 314
2297 966
3198 2559
8513 4829
3355 1261
6187 757
7927 1894
3055 2342
6815 4471
7510 5219
8411 5119
5888 3145
2231 972
7379 6940
881 834
8435 7632
5516 2565
7659 1621
1849 1211
3976 2962
2146 1160
2768 81
2569 303
9404 1162
3637 3309
7132 1480
5698 1697
9484 4023
350 147
4848 2619
7716 3049
1959 1134
4940 14
5992 4258
7148 3975
8853 1476
5079 2323
2890 1848
6371 1010
722 35
5879 4341
7499 464
2982 304
7043 6363
7333 2782
6 5
7175 4909
2936 528
3238 598
928 893
5733 3041
1208 370
8205 6537
4303 1276
924 289
3720 1585
9689 5306
3673 3200
9134 3766
9701 6117
9346 6551
7820 5839
1365 650
8937 2592
8824 3082
9221 7959
734 400
4567 3726
9311 459
9772 5019
1980 1322
5092 3127
4372 2912
9443 8130
9802 3467
728 725
7426 172
327 266
9066 6135
6285 2953
1988 1655
2190 495
2632 2125
3598 1946
5363 5043
4959 4555
3892 152
2410 2206
5545 4056
3157 1527
4116 1808
2392 1839
4857 3427
7488 2747
4695 2272
2221 1519
8460 3971
9890 4628
4269 1624
7186 524
5738 4091
7770 1265
4709 699
610 509
3081 818
7154 5194
2529 1410
8887 6964
8667 5752
2877 2553
3542 1693
6507 4793
5627 1645
1535 519
4282 1522
3731 1554
4912 1247
3849 908
3031 1913
4448 3852
4516 4355
3631 1183
5130 1412
2056 503
753 707
4960 1919
7561 3272
51 3
6294 2531
3310 2990
4554 3387
9865 3579
9367 8412
9953 5386
7757 3968
6549 5461
4190 3982
8690 2687
7199 2878
6503 2978
5261 257
1607 700
6200 1492
9733 5292
5932 1923
8782 3798
7573 2778
8357 1789
2663 2464
5990 1978
4678 1279
5372 2974
3900 3836
1579 453
9677 5276
892 431
7566 3889
3961 2284
3011 1309
7904 2989
2511 1006
3670 80
4340 2491
5735 3302
1686 802
7556 3684
1546 613
9277 2754
9883 435
7624 3820
1150 547
2014 856
2188 1065
5717 5640
545 468
8583 1525
4511 3077
9136 5996
4129 862
9730 6038
5189 780
577 214
9901 1566
8217 5860
6415 1106
564 237
514 479
8495 2032
3458 2967
2250 900
5268 1386
3172 328
5928 1186
476 272
6837 2018
6987 6903
5098 1785
7084 3605
7033 4770
5531 1969
659 290
2399 1963
8383 3730
456 222
8980 2766
406 20
1508 1235
1171 135
9690 9587
3039 1720
4487 2228
73 46
8593 1549
3054 944
481 197
8876 1326
8237 2981
746 239
3960 2407
9043 8036
835 66
9107 4409
6260 111
6180 3114
4671 3794
9449 824
6623 4032
7373 4587
1431 1137
8540 821
3727 1572
614 30
5844 679
3401 827
2113 1335
9861 2670
5056 4518
7022 644
4573 1398
7503 4077
1597 1115
8173 1768
9947 3569
7157 3017
4383 1177
3263 2787
7667 2811
4081 3498
8377 1225
8094 1069
6002 2749
8304 5017
8532 6329
6414 3171
5451 2773
729 586
4362 1025
5089 3234
9863 1635
4503 4295
2251 133
8135 3091
6401 5901
7805 3053
3477 1542
4365 1287
2247 1532
711 325
2870 887
5596 2806
7068 2582
5539 2627
2196 1358
9776 6481
233 44
8530 8022
7129 961
4094 1930
3891 2034
7182 2572
6824 1482
4986 2138
2062 1037
6079 261
2234 1610
4571 382
4617 3597
4873 1608
8606 1252
8784 5971
2054 951
9612 1147
8019 378
3547 609
2049 1984
3575 2025
7044 126
68 29
3115 2905
677 258
1877 1570
3587 7
8092 2575
6455 5497
8535 562
2933 871
2290 1089
2515 1120
1596 573
811 83
1112 372
7092 4403
7356 2415
8008 1575
9702 2873
9196 3241
5714 5447
7989 5578
8618 1637
242 207
1715 690
5477 2895
2813 953
4662 1571
5672 3344
2322 574
7834 7006
1815 1544
1852 1512
6617 6351
2423 1043
4691 3306
5960 187
553 253
3311 807
4942 3858
4089 901
767 208
1463 1458
9326 6366
390 161
1313 1217
9534 882
146 57
2716 373
4543 4107
5055 387
39 15
8648 2612
144 105
949 674
2704 2277
7681 432
2021 1164
7878 4093
9960 1783
2622 2599
2743 268
1053 1009
8592 2526
3561 1909
8269 1910
6224 4816
2493 2091
2355 1347
7674 4087
1818 461
8263 3640
1101 451
1796 886
8235 4643
1551 181
5164 4839
2852 680
2305 151
8046 5745
6450 1450
770 362
2880 248
737 490
3874 3577
285 273
2824 2788
209 130
3818 1311
108 33
4016 2387
174 2
6791 3364
4914 638
1394 282
6350 630
7413 3669
9639 2461
7238 58
9630 1822
2715 2642
1555 1125
5237 2205
6847 665
5550 4049
1395 669
6468 4488
4814 139
5296 3484
1419 950
9383 7789
2533 681
889 724
6877 3788
8925 5396
3522 359
3545 1577
7526 3010
3227 1906
329 26
7017 3330
999 465
5244 1035
6853 2713
721 256
9570 3277
9506 5188
8116 7305
2996 2674
5389 3063
6520 1961
1071 714
7547 3282
445 226
6290 675
5003 3615
743 618
822 664
2512 2429
8378 8376
5587 2141
895 475
6330 330
8561 5886
5700 1691
8085 7945
2940 123
3657 986
8741 3393
369 274
3948 89
6975 6823
9324 3024
5544 2373
2093 1679
4579 262
293 238
2720 1922
8809 7031
1041 896
1446 408
2058 463
8444 5615
4818 4166
576 499
1713 796
7066 6051
1641 484
7827 4253
9714 7936
3805 2753
6303 103
3348 1061
3784 1079
8940 5936
498 472
6273 2252
9059 7340
6444 1212
2241 1516
5623 1966
427 27
1193 339
9145 1530
9829 4021
3729 2156
607 569
2942 2527
4547 3837
9123 3448
5062 202
3607 255
3795 3531
7290 2367
245 8
4098 636
7454 3941
6068 3851
4228 808
957 54
3871 2798
7677 4928
7142 1682
6794 4578
5045 4655
959 629
