472
8423 9057
3722 6241
9223 9554
5110 5340
5214 8798
9695 9899
5895 5968
3672 5073
7140 9906
276 9891
4050 4158
830 8475
402 7997
6487 6966
7119 7921
7213 9315
2192 6838
6411 7552
4833 8914
4436 6180
7193 8911
8612 9804
2499 9963
9075 9499
8869 9268
2947 7650
2961 6874
7547 8385
3941 6021
667 1313
955 3586
2666 8940
6143 7738
3154 9682
8036 8997
5589 5839
1274 4659
2183 2498
5890 8107
5425 6009
1544 2228
6745 9349
8311 8420
5042 7573
9450 9905
6935 7468
8191 9455
2043 5377
5056 5131
8361 8968
7751 8647
1759 6658
2910 8526
4102 9741
3550 7189
1607 9267
2711 3129
7710 9602
5173 9397
2801 3864
1522 5701
7358 7656
6632 8602
601 7654
8524 9847
9063 9125
3032 8442
6003 6177
4186 7437
4762 9282
8002 9801
2816 8947
7760 8070
7176 8801
7662 8960
8355 9981
8828 9262
8259 9858
5104 8882
8300 9086
5162 6862
991 3407
8799 9611
581 6498
8580 9308
458 1787
9239 9379
3472 3536
3967 3968
95 1681
5082 7706
3841 5740
6065 6665
9732 9927
6601 7499
9702 9733
2334 3798
4346 7901
6228 9508
7936 9023
1911 6789
4498 6060
6133 8449
781 3735
1038 6931
4773 7391
4857 8758
2818 5172
8057 9076
6081 7142
5930 9939
5958 8306
2203 7344
6466 8078
5452 8266
3478 8067
1102 9328
6523 9205
8174 9718
8696 9870
3097 8555
7311 7376
933 2872
527 5181
3366 4814
4278 8889
8005 8557
9745 9768
3045 9030
6302 8665
2106 5757
9056 9581
7615 8886
7181 7943
4711 9074
6921 7558
8679 8720
914 7255
8927 9217
4502 7038
5606 8111
4267 5216
9393 9696
5362 8506
7697 8211
9145 9673
8389 9474
6508 8016
4203 7061
6483 8411
6365 6549
7505 8986
3541 7461
9825 9942
1586 2714
7159 8464
8797 9404
8364 9096
5929 8204
7201 9950
4816 9866
6857 7327
5326 9808
4748 5446
6637 7452
623 8751
9666 9998
1515 5066
1568 3086
8281 9456
1209 9281
1971 9765
8623 9914
8183 8436
9822 9892
6957 8045
1894 3605
3075 4700
3136 3804
6186 7666
9491 9597
6757 8510
254 9503
179 8265
7333 8308
2491 7233
826 3099
8585 9672
9470 9584
2148 9807
8488 9540
4025 4199
4749 6988
9425 9505
6802 7210
9776 9818
1234 8930
6946 9884
517 1778
957 2147
9216 9667
5007 9946
7380 8156
5755 9406
9296 9490
9788 9948
3002 3548
730 5793
7122 7785
4088 4774
8967 9024
1264 6553
9186 9991
2016 7143
4227 4389
2660 8741
7602 9526
849 3210
8172 8938
6275 6930
317 1376
2167 6100
6607 8569
5756 6427
4201 7404
8712 9416
2367 7553
2727 8711
8104 8279
296 3386
6337 6410
1134 3887
6030 6846
8742 9883
4081 6944
2160 2836
4423 6543
5296 6304
7052 9019
5401 6468
5435 7786
2330 7972
5739 9711
9335 9890
1850 8353
6907 9826
1712 4885
609 1132
1477 4159
7644 8412
4737 6679
1956 3855
4430 7134
3702 8149
9760 9874
1542 3255
265 8736
533 1360
524 2628
1977 4139
3064 7081
6834 8685
3399 3564
3622 6563
3257 8836
2222 7279
3336 4675
7595 9475
1051 1764
6933 9805
9902 9995
7011 8459
4862 9122
6591 9917
6541 7648
4922 7580
6586 9697
2837 6673
6130 7370
9766 9928
5274 9542
6612 8190
4258 5390
2070 6350
3203 6949
2653 4669
2456 8692
3973 4799
3434 9065
1504 2391
4214 6369
1588 5408
7809 8883
5289 8137
7701 8879
7014 9878
2701 3270
5868 9538
9469 9501
6974 8600
4092 6983
3848 3959
2747 5294
2072 5611
7699 8793
2675 8415
3687 8477
1675 7966
4503 7124
8815 9851
4863 8080
7276 7537
9535 9756
6995 9965
644 6224
1679 2763
6051 7689
6795 7702
5778 8601
6928 9270
8110 9253
8441 9677
6793 7010
2513 3139
7179 8507
8318 9595
5441 9390
757 4188
2812 8603
3907 6464
2345 8697
7998 8338
3259 8439
8790 9343
3997 4623
8064 8301
8987 9557
338 1332
4069 6446
315 1460
357 3050
65 9274
9258 9410
2712 9140
9924 9976
8004 8929
1707 7467
8275 8631
901 5138
4674 6981
1201 1419
4022 8346
6782 8201
4323 8574
2483 3778
6872 7740
5013 5426
9504 9579
4451 8217
5346 8575
3581 3884
7016 9049
6807 6941
9386 9488
6239 8659
2370 5825
9726 9748
7323 9263
1235 6195
7999 8860
8664 9994
4534 6131
3228 8908
5578 9867
2956 4561
9463 9605
8322 9570
8473 8958
5523 9013
7678 8103
7529 7903
9911 9920
6110 6146
1626 4776
4815 6684
6448 7873
4040 6288
2265 7154
7464 7865
6929 8106
3689 7209
186 4250
1001 7637
7916 9229
8508 8614
3809 7363
5215 8276
7497 9875
422 6840
6385 9111
5843 8126
3003 6666
5510 9669
2121 6863
2037 7670
8367 9318
5170 5392
8933 9185
4685 6103
1722 4951
3421 7084
8658 9987
1614 1756
149 2629
9195 9693
2825 8732
5116 6573
6096 9634
952 1080
7707 8655
5945 7839
8467 8554
3344 5219
1483 9824
2983 7347
7563 7868
8161 8215
771 1645
1445 7772
7445 7775
8752 9630
9543 9734
8419 8425
2580 8462
5127 8445
6298 6739
7695 8373
9521 9915
8320 9411
3398 5833
1610 2424
3304 5963
6087 6575
6939 8220
185 4741
9334 9382
4270 4482
6630 7091
9044 9575
9360 9885
878 9251
4127 8667
5031 9573
5544 6741
257 3362
5223 8559
9837 9880
4515 4987
9472 9731
6809 6852
1427 2588
7763 9141
9204 9548
9346 9417
8935 9283
3153 8512
3543 4581
5953 8669
3243 3664
7291 8394
3385 3786
1159 4376
678
1556 999
3006 2736
7610 3513
1663 1661
7849 5187
7045 5464
2925 963
8422 5765
5253 2003
9364 7260
6055 2803
2289 905
5474 1324
8371 2102
7345 2510
9159 3425
9415 2852
9720 3699
1007 429
323 275
2033 545
7991 7506
9362 6057
4870 1489
4574 2788
7006 6480
8040 7984
268 6
1862 1349
1624 367
3631 2092
8820 1289
1595 1055
9423 4060
6260 324
625 51
1745 843
1943 880
8252 4884
749 399
4252 468
5070 4512
2039 561
6198 5068
2253 1270
9796 9656
8562 8528
9179 8855
8862 340
3528 3467
9855 7500
107 50
259 131
2172 624
969 891
7182 3349
108 62
3128 937
9562 225
1958 698
3537 1442
7680 23
1822 449
8378 3803
9725 8344
8642 3630
18 7
3958 3229
5591 4898
6259 2758
4290 100
2181 1352
870 847
5355 2020
4916 4361
2310 2079
3961 736
1891 1295
1087 157
760 590
8990 5999
555 59
4100 1056
8075 896
3781 1190
729 77
3009 1753
8256 5881
5826 5021
7835 615
1281 312
4860 523
2390 1811
7062 272
4837 3096
2540 383
3782 3319
6560 1287
5186 3883
8055 5270
139 49
4730 3395
7926 7127
1065 912
86 55
476 337
4578 519
2383 1194
3680 493
3523 1183
8715 8014
5409 3452
8861 1856
3182 1158
6873 6443
6569 2115
3685 3415
549 46
5146 2114
8134 7211
4007 916
2894 983
5084 1803
1623 67
2697 177
2827 1319
8910 3983
4390 1913
7149 3935
4118 3216
4485 2212
3593 2661
2781 1006
3599 2502
7202 2683
9893 2621
2902 1320
1463 267
795 332
2690 2316
8587 1653
2361 594
9477 439
1195 1028
648 48
8294 7108
2665 2343
5224 2066
1375 491
9181 6027
8921 6767
1468 1394
8090 7476
6720 6257
4472 4316
2314 400
9407 592
530 362
8413 5554
2000 1503
9106 950
2055 1377
998 964
9769 4026
9647 3762
5051 1859
7864 4276
1314 298
4649 2542
748 646
9207 1175
1326 279
2464 2386
8566 4909
6965 3892
1192 542
475 120
6694 5840
7378 5298
5014 746
5438 2659
835 184
924 292
1640 1410
9665 1340
8298 2087
3279 2800
6993 1886
5747 4453
6098 5738
4854 3023
7604 544
4166 3830
4746 455
651 629
839 217
206 26
8572 7665
5195 1078
321 278
6068 21
6062 3572
218 87
5503 2684
6776 6038
1801 274
2962 1637
1293 1047
5938 3332
8878 4357
3339 2482
5820 4413
4794 3178
9166 105
4176 2796
2005 1775
9070 4008
3691 2500
3334 1506
3751 2760
7631 665
7337 6159
2769 2351
4763 3617
4114 3240
9865 269
3186 401
571 193
7022 1418
3093 922
7627 1092
4786 577
4023 3661
6250 2606
4335 1838
9133 1713
4161 3196
5884 5457
9322 3202
6668 4001
4441 817
134 20
9536 9275
8307 115
4018 540
8538 6855
753 104
5472 591
8239 3059
6238 5200
9196 3352
3608 103
5867 2388
6417 2015
248 232
3389 2891
3055 2804
3408 1989
2587 712
3677 1571
7325 4759
2295 307
8185 2538
5152 2292
5442 5292
6005 1651
118 17
4421 4363
5538 4994
2347 202
5071 4680
3378 2088
2926 600
7516 3325
7077 5055
8549 7904
7106 3410
2754 2014
5412 4261
1579 395
7922 4535
5819 1207
2298 1232
7840 5293
2509 2137
1687 1117
6435 2308
5453 354
4340 2592
1492 534
8054 4778
4265 2506
3671 1145
1469 63
3868 2141
5277 3185
1777 679
8905 3636
5571 2402
9550 973
5553 2263
9953 4094
5347 1970
1854 1700
6213 5638
5662 4407
293 195
8969 6053
2305 111
7198 382
1359 1225
5329 2063
4970 4944
5182 2239
9806 5914
1126 302
8176 1900
2886 1858
2568 1955
2654 2396
5309 515
7153 6551
1074 393
3236 2815
8083 6932
2928 2861
2320 2296
5128 2726
2302 647
3179 1919
9938 9345
7721 6066
4005 1729
291 173
8535 946
6734 942
8558 3633
8035 5763
5925 3085
6592 1728
882 61
3360 2340
7040 3473
4591 2952
701 501
8034 2184
8324 7722
8280 1188
4686 4494
8982 6506
5122 4704
152 128
1785 129
7847 4135
3850 859
6430 2449
8796 6898
1172 1072
5144 1781
6073 3978
7041 5455
5012 1587
2375 705
669 188
4339 2098
8129 1034
1825 66
4320 987
5752 2642
2214 611
9764 8140
9838 7841
6170 3906
6752 850
6398 2223
7342 6333
4183 548
8396 4651
8481 5704
2496 1060
4099 2968
7609 6362
652 141
4191 617
4163 3037
8270 7027
8825 1300
7032 3948
5922 5540
2277 2210
902 675
6158 4486
6798 2915
45 11
4856 2896
7653 6280
3324 2168
2012 702
6648 4078
1311 1061
1423 370
4621 2748
8135 6784
9009 4029
183 102
6294 2810
4190 145
1125 537
4982 316
8962 5330
4523 3577
6155 5926
9429 1996
3716 713
3901 1262
1993 1378
4477 3231
8325 7336
5050 4914
1248 925
6268 4631
8944 3642
6046 6002
5185 4948
6835 4964
38 2
7292 1635
3363 1685
4670 3171
4288 3604
4912 3526
4501 3460
1772 997
7301 319
8310 7451
8168 1438
7218 5942
5813 4709
9102 5939
2099 147
5202 2368
4341 4233
7756 5863
1597 1032
447 161
126 58
3822 273
2782 1198
639 244
8158 5320
3211 1054
2331 1704
7953 6334
7236 165
1812 1709
221 192
5745 452
1535 685
4663 4124
5444 5037
2108 619
3871 71
1011 562
608 411
3296 793
4504 2953
3690 2525
5911 13
4345 181
1403 43
8284 7816
4090 373
8675 5908
3170 1714
7591 4438
5809 4693
7115 1236
5996 1984
4818 2605
3583 3488
2471 2304
6958 4347
3911 1411
9003 7895
7877 1946
4688 133
915 807
4280 3232
1615 1097
4849 4333
7368 2189
4543 3189
4585 1939
3657 2169
5588 2519
4812 1357
9945 2065
7116 1692
6742 4726
4549 3532
6825 1573
3570 3471
1160 794
6028 5183
4096 509
9962 3773
7514 2994
1446 490
1526 567
4694 3859
6753 24
7206 3028
9388 3943
2145 1170
8832 6316
907 92
5374 3789
2372 1217
2264 1867
1998 1815
6636 5508
734 497
1361 426
3393 2112
4097 2831
8299 3067
1115 494
2029 584
5306 886
4715 1112
266 3
8866 7629
9551 7718
7267 797
808 408
8839 5237
1981 1000
3089 222
7530 1853
4559 1849
3667 782
1487 521
6467 5475
4607 2601
8092 5242
9578 484
6355 5
6144 4801
889 416
9248 1834
8605 803
3951 2174
838 435
2936 774
8546 6299
3237 68
6936 5160
1500 432
1888 1123
7388 1751
2010 1628
8965 8768
5972 2215
6510 3450
9052 1333
921 598
1260 656
7853 1250
4721 1547
8765 2427
9845 5902
5720 5569
1113 919
2339 514
607 417
9582 2384
158 96
140 124
6818 2232
4164 3669
6992 5348
3484 1735
5083 4596
5680 2933
2374 908
6449 4193
6711 2472
8286 4925
5366 877
2095 1245
2937 2336
5295 1875
6651 585
5240 3025
7727 3299
5254 506
6091 2563
6132 2855
8543 5692
1508 1017
3849 2224
2058 917
7411 3839
7296 4722
9273 6079
3814 2639
7669 553
7502 6283
6287 5054
2508 1215
7621 2111
403 204
328 88
8428 4336
7698 1845
6989 3678
3897 2250
5893 4016
8620 7971
9522 5259
6773 994
4579 3110
8409 1804
5563 700
9453 1450
8370 4910
2002 1537
4998 655
6791 3819
4878 2505
2946 2839
3862 3213
6567 4847
5423 3704
6330 1091
5749 3742
4053 516
769 573
9545 1795
1656 213
3930 2231
4960 2249
9853 1924
9907 1732
9105 2569
5478 5443
361 72
6634 6041
7138 5706
4600 3676
5985 4084
7800 3234
5212 5090
1296 84
8154 3448
1633 966
9131 8624
3549 2651
1494 1210
3619 3487
1347 718
4172 2226
7918 614
2198 677
9933 1104
3151 662
725 427
1761 1288
9272 8784
3124 1405
1050 837
1233 868
618 97
2417 834
7782 5830
8897 1733
4935 2951
7726 3542
