944
7001 9450
9364 9823
4957 5554
5314 9742
3338 7689
5091 5925
2755 7594
6389 7595
7852 9693
9404 9569
8133 9861
2475 3670
7912 9715
5580 9223
6498 7227
6851 9813
3959 5530
3231 3653
3404 5211
4251 4574
1731 3139
3666 5622
2117 8089
2666 7875
5753 8977
4076 9518
9416 9941
6591 6762
5088 5904
865 3013
8230 8563
7244 8819
1641 8071
1924 6272
8199 9593
3033 3113
4665 8947
6068 9406
6841 8753
7840 8498
5929 8761
9558 9807
8259 9879
8868 8913
5666 6423
9514 9761
9348 9859
417 3816
3787 6016
9916 9919
6386 8129
3440 8450
830 2150
7325 8948
3734 4184
2774 6856
2320 8641
5252 8978
9926 9997
1719 2508
6199 9074
125 8920
9930 9983
2041 8954
7211 7924
9448 9799
9170 9746
7221 7480
3146 8612
6555 9706
8536 9143
7796 9327
9356 9722
9947 9963
3944 7105
8933 9379
3768 8366
428 9589
2725 3845
4326 7740
6081 9649
1161 9012
581 4422
7276 9508
7263 8794
4923 5516
2762 6024
1342 5406
3241 5771
9415 9496
6159 7556
7725 8917
5189 6008
8070 8767
5902 6017
7788 9263
3249 8911
1937 4555
5800 7484
9901 9982
8076 8666
8792 9354
1466 9779
4812 9691
5018 8371
651 9914
5783 8369
3719 6830
1826 8663
419 6366
5560 9362
8141 9845
3246 8737
1346 1712
7625 8791
662 5229
245 1338
7513 7574
8436 8743
5158 7882
980 5823
6098 6276
4391 7100
1043 7161
1026 1550
5876 8131
7845 8957
2960 3789
6430 7047
4878 5233
2855 5161
4335 8673
7329 8756
4503 5726
7665 7967
461 4858
3357 7941
2826 8581
8807 9726
867 5192
4826 8365
5106 7202
6131 9786
9498 9628
4642 8865
4384 6689
6369 8116
4646 9026
1 5888
9115 9629
9662 9703
4994 8112
7185 7492
567 1256
7066 9476
4726 7635
6813 9105
5122 5324
4284 7676
1260 8323
1116 3967
7493 8872
8891 9658
8036 9042
1144 9787
5979 9825
6356 7654
7688 9156
4600 6928
1003 7447
8842 9709
5378 7231
6982 8168
9751 9851
1704 9802
7506 9937
8716 9734
872 7849
6417 8866
1422 8608
4590 8121
4608 5524
1402 9533
734 8166
1310 6500
8445 9679
3344 8081
793 9996
5149 6580
3453 5265
2040 7851
8231 8706
7177 9211
4034 6812
7028 7073
1034 5005
6586 8387
7052 9563
2147 3987
801 8831
8755 9036
1240 4438
7472 9784
1141 1578
3976 8411
2303 4225
8687 9146
5076 7884
5330 5610
5651 9377
9224 9710
3200 7145
3941 5958
3957 6112
1325 8207
1987 9285
8758 9009
5011 6551
9079 9674
9213 9319
7133 9609
7397 9542
8474 8611
5874 7399
1636 3880
6630 9681
1499 4151
321 4550
9526 9793
5873 6285
454 3727
6814 9571
4433 5705
9059 9987
1480 4544
1298 4493
6804 6837
671 6303
7197 8308
6609 7338
7994 9737
8905 8973
592 3192
7564 9490
4356 7181
5732 7936
5547 9863
4862 8203
923 1620
8694 9482
4282 8702
4765 7726
7305 9292
8835 9717
4653 7996
8834 9805
850 1720
3565 8404
8685 9671
2688 4650
6416 8367
5539 8598
4685 9733
9061 9675
3738 8642
8040 9771
2077 5450
2006 7538
8130 9789
5258 7060
746 860
6326 9158
6708 6865
3170 3313
3722 6091
4337 7160
6800 6981
1781 4213
2996 6485
4527 8374
6522 9442
4474 9810
8068 8385
8202 8815
275 8526
3963 8971
129 805
2673 8816
1311 4339
7371 9428
8064 9520
1129 7086
2838 4146
648 8575
1189 8340
1973 6681
3630 7892
1447 9099
8003 8023
1831 8538
1541 5984
7146 7610
6374 7677
8243 8520
3161 6932
3263 3563
993 7753
5027 7488
3763 9622
9305 9942
6231 7860
5996 6764
5609 7124
1651 8020
2180 2255
5352 6332
5315 6577
2879 7468
7440 9110
3273 7169
5897 8310
5913 6431
633 5185
6186 9019
5130 8236
6455 9004
3288 8888
466 5967
602 7657
6867 8103
2429 3958
891 5881
9822 9955
9434 9440
2788 7503
7010 8123
5898 7380
8725 9388
4742 5165
2055 6541
320 6897
4379 4782
3780 8160
5807 7096
9616 9683
2313 2596
8027 8061
4361 6265
1396 5401
3374 7170
6716 8695
2443 2477
590 4463
9587 9848
600 5236
6203 9272
4830 7334
1807 8082
5243 8478
4786 9800
7727 8111
7986 9536
2326 5727
7414 9294
8678 9918
4594 5711
9854 9992
215 9852
6771 6971
5248 8547
2053 6924
9197 9275
2154 8857
8283 8351
9307 9818
6258 9076
5528 7365
9031 9902
8493 8984
7939 9315
1579 7267
6192 7696
6077 7858
6827 7142
4898 9024
2127 2513
7075 9873
8824 8864
6515 7360
9297 9954
8054 9652
5618 7014
2993 3298
4185 4722
2169 7279
1112 9133
2990 8699
6302 9584
9148 9599
2886 6565
9436 9883
4798 4916
5013 6715
1984 2965
641 2404
9155 9890
2594 7598
8417 9357
4660 8813
3898 6631
4311 6493
690 4525
2356 3413
4810 9999
2279 3019
1665 1728
2834 7755
3927 5590
7443 7508
4872 7117
7103 7542
9129 9707
5123 5690
6663 7215
4435 5261
2032 3962
2995 7678
7241 8429
3814 5677
868 5866
5658 9030
1859 3499
2384 6770
5709 6798
3196 4668
6193 7553
8084 9193
7464 8088
4321 9017
2540 6520
5357 6090
6802 6951
2281 5146
8567 9259
8178 8198
5637 6254
6239 6593
2523 8731
5470 8358
4322 7787
1148 4207
4191 8787
6512 6936
1033 3800
951 1011
9780 9993
159 9435
7441 8960
1500 7323
4079 4264
4808 6975
4268 6853
7148 9443
6082 7494
2076 3605
7902 8841
5489 7624
1920 4515
5156 5460
2370 3697
8463 9972
3978 6875
1516 6483
3729 9804
3564 5241
2029 9398
8759 9716
3452 4614
9552 9641
8289 9247
7455 9491
2350 4804
2623 3628
7291 9167
3657 4605
3396 7460
3092 8639
1485 8945
163 5234
1900 4171
6973 7647
2138 7127
1737 7242
5138 7199
2793 6283
7590 9865
8878 8908
7223 8282
2707 3809
2611 6575
3551 6688
928 8720
8830 9911
4988 8553
3863 4763
8191 8254
9721 9785
8886 9313
4114 9561
2130 9457
5619 7500
7229 9207
5872 7344
7466 7566
7395 8476
3068 5878
9236 9505
9892 9928
4597 4754
5002 5413
237 740
114 6000
3536 4910
1265 1834
8451 8885
2547 8328
2372 2439
6901 7442
7136 8924
3512 3844
3591 6931
1460 9257
9713 9776
1479 1799
9209 9692
2525 8693
2000 5490
896 9551
1255 9986
4896 4947
5440 7375
2689 6340
2703 7496
6133 9927
6742 7888
6014 8125
189 6015
4482 6031
4316 5816
999 5190
4448 6558
3555 7072
7923 9318
5184 9698
9250 9712
8485 9384
6456 7009
3061 9647
4824 9112
1465 6076
8453 9188
6201 9235
2251 2874
2306 4058
7180 7299
9612 9688
9225 9326
7018 7565
9172 9847
3094 3899
7369 8406
9154 9513
1187 1473
7445 8964
1702 8153
4108 9447
620 3827
7920 8186
2494 8373
935 5098
9171 9312
3036 5124
6581 8318
8727 9886
3581 6657
4126 8372
8674 9425
7008 9504
7057 7658
5625 8942
6263 8317
2486 5023
7866 9048
9580 9582
2467 3382
9202 9276
4176 4781
6819 9063
5988 7682
5026 5582
277 8115
4407 6794
7250 7758
1491 5298
4367 7935
6174 8616
6138 8324
555 9136
6277 8996
1780 3830
5284 6817
8530 9828
7458 8549
1775 2016
7966 8775
147 9011
610 7343
9192 9900
1878 9853
5623 8481
2548 5070
7194 8381
6140 8840
5353 8600
5479 8955
7208 8771
1152 1201
3362 9758
4115 8653
1307 2637
7890 9970
6989 9087
8044 8220
3794 4697
4370 5015
393 720
1649 9400
1558 8435
2839 7606
7983 9935
7567 9866
7477 7848
8797 8970
516 724
7790 8533
1224 2860
1457 9077
4671 5593
9597 9936
7166 7405
3502 9666
6176 7865
6441 7490
9516 9548
3755 7814
754 6166
4083 5397
6882 7816
2196 7585
5885 8751
3303 7614
9682 9766
2456 3116
6328 9096
9524 9961
1674 2392
7364 9835
1784 3307
509 1909
7280 7973
1771 6552
5517 7114
26 3099
6061 8928
2323 5279
7893 8291
5656 5915
1145 8304
7759 8350
6517 8660
1779 3280
3301 4195
8333 8966
5574 9537
4092 4681
379 7456
718 7132
570 5024
2632 7214
3030 3114
9130 9355
7777 9053
5647 9264
4676 4788
8368 8630
2911 7482
2638 6261
353 5920
2652 5394
1071 8919
1078 2174
9137 9216
5436 6463
3731 3934
3826 4716
8048 9262
9870 9923
2063 3724
6028 8247
4065 4449
843 871
4426 7083
4883 5060
2942 7393
3215 8490
3054 9765
1893 4985
7799 8042
7747 7988
5000 5423
9979 9995
9258 9353
2440 8665
1549 6345
39 6930
1197 5010
4388 7700
7987 9025
6124 9421
2457 8339
4951 7959
7548 7978
2862 8843
1052 6101
9477 9650
742 5923
2739 2777
1678 2042
1725 7499
1290 2511
8644 9280
1166 5118
6844 9527
8897 9604
7711 9317
2558 2709
910 3707
4694 6224
3403 7674
1070 2204
9521 9565
5664 9906
525 9299
5718 5804
6329 8177
1393 4485
6501 7738
429 3870
8184 9968
1754 7681
8580 9777
953 4725
7224 9577
6454 6953
5143 8635
3464 9938
4064 5763
9164 9631
4080 5815
794 4891
5395 5586
3669 5119
6342 9481
3620 4912
795 7744
5755 9055
5776 7844
1467 3760
963 1946
5458 9523
7622 7699
9414 9940
1508 3817
1242 6622
7342 8357
7946 8705
376 481
8349 8434
1442 6266
2867 6426
1621 6823
4011 7628
8972 9381
426 4219
3545 4287
7808 8676
5527 8217
8348 9288
5814 9472
6643 9550
1107 7101
3213 4069
5445 9269
1899 7863
5448 9644
5239 7664
7897 8097
7864 9324
3000 8770
3066 9574
4849 6236
6584 9880
6173 8472
5867 7613
4137 6507
7537 8380
9242 9736
8362 9181
2840 3831
8640 8795
2820 5104
3434 4395
3785 8014
2628 4834
5543 9304
398 8265
874 3187
6874 9905
769 6729
9735 9951
1814 3683
2156 5921
9511 9988
5859 8058
7836 8818
1741 2536
122 9445
4632 4953
5830 6264
9864 9958
9000 9195
2905 5573
4220 4989
9557 9948
5350 6139
775 4567
4942 7643
1588 8252
6050 7719
9788 9798
2556 9624
5788 5998
3825 8149
8215 8889
9423 9872
7713 8740
5959 7965
6146 6623
5228 8152
3005 3737
165 5779
6121 8454
6260 8257
268 4320
710 2409
8060 9049
2005 8183
9083 9949
9157 9541
4117 6495
797 6842
7583 9977
4914 6415
4746 7396
9522 9725
1544 5107
8907 9283
790 7497
7004 9694
4715 8590
5296 8689
9065 9290
212 8643
7820 9507
9027 9605
2533 5214
5178 8951
6406 7817
5452 6704
9806 9985
4516 6398
4913 7531
6036 8263
6528 8293
9418 9840
6540 8169
8214 8726
1184 9728
5717 7327
7079 7970
3111 6871
4532 6314
1809 8916
319 824
3402 6471
9759 9933
7245 9690
2515 3171
3971 9403
2916 7824
6357 8195
2668 5382
8011 8069
2771 5209
4593 7090
2017 9723
9814 9817
7300 7475
6518 7608
2067 8444
539 4036
3982 5756
8986 9281
6458 8270
7733 8470
7546 8838
2485 5818
5595 8757
3577 7977
1600 6927
3074 3983
3748 7896
1448 4005
3325 4043
4629 6097
2713 4585
3233 9219
1837 2903
7040 7878
8803 9422
3044 4790
1247 7019
5620 8615
8224 9200
758
3105 2742
6796 6633
4029 3237
9106 5786
1642 220
1429 1362
8046 4904
1798 1179
142 57
5710 5045
6404 4239
2963 947
703 448
9395 5857
8901 6243
6223 2802
3948 1123
2592 2004
6682 3117
2495 692
4459 2466
727 413
5667 1645
2796 1513
1252 71
9002 2469
6985 467
1639 1209
4946 2645
7549 766
394 31
1007 451
158 13
897 552
7082 678
7803 2801
1142 862
2231 533
2535 1420
2654 346
1941 479
3496 180
4010 1706
465 40
6358 569
6754 4035
2857 2402
2759 2607
7786 6676
5369 5125
8596 4140
2716 1293
4380 4112
8712 3361
9095 2
8276 5624
8239 7411
4055 2269
4028 2991
7838 5592
1041 335
9888 5235
8271 8033
8805 1453
6831 803
7219 4230
758 281
4358 1418
9034 7154
1181 236
3487 2809
8980 1925
2417 2090
3762 388
6025 3315
3841 1019
6289 1835
4351 2974
9314 5733
5256 4497
4707 4636
254 151
3244 128
4200 1801
2089 1770
9899 5371
3183 3046
6876 439
4843 2841
9248 618
5475 3849
3311 1245
5840 906
3350 3129
6397 4077
5170 1022
5096 3179
3504 2287
4424 2271
4721 605
4638 4396
5250 3480
2520 234
3646 3485
8408 2119
5598 2186
7034 722
4860 2343
7298 924
4713 205
2661 1105
5843 1881
4410 2126
9424 4313
7842 5285
3654 1823
4094 2177
5033 774
487 285
2517 2248
4997 1944
289 25
5809 4428
4566 2274
5751 4537
6749 4
400 222
6815 4276
8136 1629
3538 2744
8398 1203
3227 2139
5883 4873
5985 4464
9149 6316
8914 7929
5657 1013
290 64
3379 991
7775 2710
6403 1128
6308 2487
117 5
9191 3151
6991 3428
1463 43
9090 348
8655 2615
8378 5137
2206 804
52 32
9082 1628
9104 8871
8442 36
9045 8592
1753 901
1492 188
8188 856
8785 7683
5433 4015
8438 1521
8949 1523
8032 2897
2577 517
6533 6110
3524 2209
3518 1660
4536 1590
3439 1794
4897 918
415 175
8189 5453
3638 60
4353 2872
5954 5640
5982 2555
9917 6062
385 273
3330 2588
6641 5917
3584 1251
4155 2664
7483 3868
6371 3622
2420 1721
3047 1065
5555 1666
8839 8452
7745 4051
1802 1627
5142 823
1336 725
6674 5043
1723 492
5310 3109
2116 410
2941 2124
6470 3134
8968 7473
5349 4084
7906 2367
6009 5708
6480 2371
6713 1976
7312 4969
6954 4085
6654 4752
4966 1609
6167 1840
1542 473
221 19
3645 2842
5089 102
207 174
1210 95
4286 4075
7183 1830
4602 3075
2545 1334
9244 4154
156 94
6086 45
8277 6988
6490 847
5700 4425
4054 3942
1276 1040
3437 2135
6916 5188
6665 4178
6645 1487
2383 339
5955 5092
8649 3658
4932 3521
8597 5068
5338 192
2470 1695
528 370
193 118
1243 639
6270 5200
9891 7536
9826 1587
8179 2901
1139 695
2309 182
8465 378
6442 4281
2767 2048
8413 4687
3450 2514
2527 995
4332 693
9334 7502
1057 893
8345 6466
8475 5400
7162 6833
6481 2352
3903 1462
6963 2007
1455 680
9811 2203
6056 2468
1722 354
3759 2424
6529 6476
8904 4163
4248 3463
5321 1120
201 9
8594 7819
842 443
4952 4867
3804 3015
2902 813
4931 3678
4922 637
4841 87
5044 4737
3365 1792
3454 2145
5689 934
8065 4111
5635 4371
4218 4127
4040 3635
9408 3059
2023 1301
2968 1540
2678 2675
6448 3281
6617 1229
6773 515
5871 4298
5794 1375
1302 389
1322 1085
3321 2173
8090 3904
1023 391
6394 1602
3130 2732
9782 21
4803 4769
4865 1644
7173 820
9091 8883
7953 1659
1154 359
8512 2235
3601 2243
3001 463
5191 1635
2870 2715
1248 950
2411 1351
8981 508
137 83
9549 3390
6525 6320
7841 2546
6099 480
8531 7526
2563 642
6354 1624
4210 806
635 489
2003 1797
1438 1160
1076 881
5486 1348
1970 709
1959 120
9401 2951
5601 5482
2891 1344
5663 623
2059 1529
3497 2157
6672 682
3342 1025
7439 6144
1323 787
2591 2445
271 70
1683 1315
3010 1813
2078 1147
9907 5680
9846 416
4511 4192
7911 5875
8800 140
1658 1653
4889 3951
177 112
8147 3367
1373 532
7584 3501
8008 3110
7754 989
8200 1474
9455 4226
7436 4082
9139 6156
143 75
4401 3043
7017 2449
645 362
5093 1863
7728 3421
9543 7957
4245 2512
6237 4693
3086 7
986 749
6965 4165
7175 2890
2373 450
243 97
2630 1190
3012 1818
1887 814
8499 2939
7811 3619
4838 4733
4119 1864
2510 306
9969 869
4529 628
5331 5116
2568 1553
6438 496
4499 436
5421 4415
8193 1035
1176 859
3985 3422
6511 287
123 93
282 146
8192 5750
8585 4506
6396 1219
5491 4832
519 184
4543 3973
8399 2105
6972 3336
1786 1021
3062 1841
4041 3412
7926 475
9945 3682
9205 5131
8568 3064
7435 503
1305 1277
7633 1915
2746 232
4071 2931
8233 3586
4246 1053
3458 1162
2852 1923
816 611
5889 1936
8255 4504
898 537
8171 1618
6150 2758
4393 4312
490 471
7476 6177
7030 4389
6667 6531
9228 6343
2529 1110
317 297
7179 791
7931 3633
8576 2405
3126 2496
1222 305
8063 4340
5518 1538
4794 164
3509 300
5736 4991
2351 1381
1289 315
3188 244
1088 833
3271 970
228 101
8092 3865
1827 110
1452 327
6632 5439
4145 3906
2123 458
9479 6994
7666 5220
9286 338
1729 478
6669 6625
3124 884
9208 1309
6506 658
5669 4229
9451 5287
2282 1585
6526 2066
1763 631
5748 1744
8486 4877
9545 912
5408 251
1304 1199
3786 543
5272 92
3607 1394
627 431
1047 15
971 363
2314 2192
5319 2161
6489 4892
3444 3176
5749 1376
4981 2962
1207 1169
6093 5053
6195 3528
1749 1020
612 324
4198 1552
604 399
3766 3689
8654 5944
9974 3091
2498 2241
265 67
8229 3625
2369 1652
7675 104
7087 2570
7041 6405
751 551
875 837
7609 819
8212 1877
8535 2927
8396 367
6041 2256
2612 1634
4063 866
6184 3296
6003 3808
1661 1202
4615 1223
6445 4106
7756 1926
8405 111
313 37
520 153
5576 4105
8409 1870
1404 1211
4965 4190
7721 6702
2925 260
1594 954
361 68
9125 5964
5141 4100
9752 1478
4806 3023
1768 1137
3821 3494
6005 5596
2730 1804
3918 3680
4645 4093
1439 1366
3198 2953
5769 5613
5648 2921
9560 1497
5797 1952
4714 4408
6052 4762
940 721
2491 1833
3189 2381
7026 5971
870 152
2924 1004
9769 697
3353 838
7809 3118
5343 2934
7349 460
2882 715
7346 7130
2110 1623
2346 1891
9619 7275
5856 1158
3784 435
1601 1530
8561 7278
2329 1711
7509 6660
9300 7485
1352 1095
8893 8543
2132 1974
7572 2238
6188 2111
6257 4160
3221 3073
4768 4621
7827 3220
2178 11
7873 3443
6280 3256
3847 2033
8505 488
9255 6809
3080 1412
4847 1127
3529 3432
4987 3405
409 55
8049 3138
9488 4295
9339 343
2935 1963
5308 892
6960 640
2565 1046
4854 4523
2205 1180
6078 1581
4244 364
1879 1010
9321 5066
6318 3347
4840 3037
2374 1274
927 706
1811 669
3952 3553
6820 198
4211 1950
7629 6743
169 126
6070 2631
1982 264
1163 1006
6808 3278
7178 810
3191 1726
2462 2434
259 227
2133 1856
8793 7898
206 124
5469 5365
491 131
8471 3775
5105 4959
2018 745
2106 1993
7168 2665
9553 5975
8383 3245
4616 1873
7260 684
7282 6896
3823 1275
5048 1985
6391 196
3466 2721
8814 2164
4003 785
5612 3989
8524 3644
121 44
7947 5467
5414 5286
3639 1592
5744 1042
6207 1580
9989 457
890 889
3326 3069
4738 920
2824 656
4156 3991
6594 1705
3095 3038
3363 2786
6905 2377
7562 6653
2651 310
8900 8462
3761 3087
6878 1126
2109 1481
3410 2073
29 14
6299 3106
5865 961
4978 4622
2764 1471
977 728
5863 5073
5662 1697
5868 1119
6912 5924
6847 5186
3211 609
717 274
7152 1300
136 77
3715 512
4940 3961
7642 2869
7259 5067
5217 3535
7390 2194
3902 1935
4505 483
4498 3341
4302 2322
5611 170
6911 2557
334 72
4920 2393
9836 9107
9407 4764
9677 2403
7818 7527
2736 1415
2864 329
3732 1377
9062 8862
7097 6578
4639 3694
4490 3801
3946 2108
9342 1353
8667 5383
2973 974
3102 1898
3728 2790
4545 2976
9830 322
375 258
1436 576
2039 1548
4675 3568
9745 4500
8661 7064
3567 1598
4793 2080
3523 1272
6600 4255
74 62
7406 4048
9204 4538
8281 5166
2999 2385
4535 293
7805 3968
3455 301
6271 4560
7150 4964
6650 929
5759 10
6821 5512
5416 3297
8988 4930
3824 2768
1871 1849
1845 1484
6214 3427
5969 4183
586 195
1971 482
1655 952
2315 726
2922 309
2202 477
