857
4880 5206
136 7281
179 8195
6803 8873
8958 9504
1277 2896
3360 9558
1029 8725
6386 7871
9634 9869
3950 9873
188 6968
9781 9868
3352 8146
5980 8767
3222 8115
309 8459
6725 9568
9539 9542
5909 8059
8201 9328
1489 3809
676 867
9274 9389
9067 9272
5214 6646
8006 9815
2631 8345
814 7141
8590 8637
741 8862
1678 7773
482 5159
725 7615
853 1560
5173 9316
8240 9423
1256 6486
7875 9247
2879 8132
6479 8311
3817 8419
7465 9184
718 2773
9632 9877
3228 3625
2887 6824
3522 7202
2817 2931
5978 9909
5050 6695
8900 9970
6072 9586
1875 9903
151 6993
4143 9381
906 2619
5121 7338
2161 6694
6353 6787
6100 6114
5635 9612
4881 8067
7911 8734
8913 9151
3810 9587
7163 7814
992 3428
3982 4748
6307 9185
5804 6323
4652 7458
9742 9863
6363 7097
7130 8255
7474 9396
116 5090
8107 9581
6868 9292
9007 9179
9441 9794
9157 9672
1935 2751
379 9764
5933 6464
3856 3902
4535 9255
9608 9834
8446 9838
6767 7238
3083 4951
2377 9248
8541 9987
7323 9665
4048 8371
6301 9930
6614 7916
5432 8751
2518 7134
2899 4682
4062 5186
7857 9678
440 4295
5249 6642
5338 7638
2309 6763
7420 9378
2485 8073
9024 9712
9326 9541
1147 2123
4513 9345
8798 8932
1197 9267
5035 9854
1520 7680
1131 4481
3332 6783
2578 3082
26 9445
3294 3785
5183 5362
4166 6141
263 3452
3866 8050
1104 4592
4664 9683
8682 9695
6992 7672
3406 9199
8225 9944
3461 8135
7496 7709
4959 5387
661 7706
8513 9431
1075 3542
1127 5019
1827 8627
3835 6149
3999 5733
4783 7493
2231 3494
2019 8013
1959 4256
5775 8337
2778 8021
1788 7899
9260 9511
7794 9895
4124 6424
2853 8680
1261 6039
872 6077
4915 4993
4352 8728
371 499
4991 6672
4419 5351
946 4637
4328 5869
4572 4884
4455 7816
517 4130
3662 9384
7267 9535
6087 9469
7653 9120
9020 9851
433 5963
2608 2654
4829 5489
5293 6729
8017 8529
8731 9982
2530 7247
7858 8071
3892 9220
9596 9880
447 3188
346 4285
3934 8410
2964 8027
1725 7126
2265 7382
2352 5157
4971 7145
3911 4708
6766 9447
9206 9735
4822 7308
3882 6588
1184 6421
8439 8466
624 759
3038 8270
2548 6543
168 5669
3899 9544
5650 6907
3544 9967
3193 3227
396 534
5441 7039
1778 3257
5404 6083
9976 9984
6641 7154
2335 7480
4366 8823
2179 7168
8307 9747
4271 5726
3276 9121
9827 9954
2106 8918
8227 8435
1272 7811
1341 6293
9464 9492
7396 7417
1848 6677
2418 7219
4538 8184
4121 7749
330 6855
1180 7982
117 891
8153 9821
9938 9989
3425 9231
9499 9934
3798 6851
9172 9898
1360 9662
2870 5118
3164 4307
8708 9209
375 7006
502 5924
6202 7607
4673 9910
3763 6344
4444 7137
6780 8934
1836 3687
4491 8192
3438 7331
3702 8782
4679 5270
7115 9702
3991 6598
4474 6191
5877 8961
4118 8624
6966 7435
7908 9894
9021 9470
5245 8121
7580 8732
3091 6407
2528 4411
61 1089
8518 9800
9037 9617
1080 6140
381 2679
8479 9901
3003 7767
2571 8238
3418 6208
1424 7501
1319 5415
4653 6528
6092 8566
7896 9522
5017 5721
9668 9905
9181 9552
917 3593
8945 9135
2111 6137
5320 6697
6815 7685
4447 8925
1241 6764
9906 9961
868 9843
2986 5700
3735 6710
2883 3324
2113 2770
4092 9331
4156 6986
6956 8278
6412 8509
1313 8313
1061 3478
5752 6243
2080 8283
8930 9966
7626 7646
3283 4061
915 4577
6751 7447
2359 4908
2191 2256
4485 7799
3929 9904
7010 9953
9417 9743
4586 5672
5425 7890
5689 7081
4300 8581
6827 7344
9130 9636
6117 9707
239 591
4794 4900
7361 8921
4227 5520
4932 8158
5665 8372
2012 9335
9341 9704
8972 9559
4149 8629
5725 7112
3936 5829
9992 9998
4632 6027
9483 9487
7441 9553
8603 8769
9628 9947
9043 9682
3705 8031
7518 8403
9142 9159
5540 9605
4811 6024
9926 9957
957 4055
5937 7929
9719 9745
550 907
5273 6701
3789 7787
3288 6444
991 1768
2185 9139
7909 8387
7818 8857
1406 5132
7827 9591
1498 7415
8463 9291
1897 5052
9720 9783
4729 6494
7169 8822
7030 7581
5395 6975
4066 5940
6563 9915
1436 1580
8527 9911
8298 8519
9884 9940
5595 7834
8061 8588
1966 4109
6008 7020
3893 7627
4479 6757
2764 8937
4220 9687
5318 8173
4613 7854
776 2669
9914 9948
3872 9398
8033 8820
1467 7286
2885 5123
5110 8015
285 5803
6718 9279
2575 7983
385 8656
964 3550
1650 2567
7606 8472
5568 8770
6337 8386
9061 9557
2920 4319
441 4533
9004 9158
7064 8080
7689 9477
2414 7540
8791 9624
616 5910
8792 9607
9207 9436
6772 9002
4426 5312
7372 8082
7451 8960
7062 7305
8181 8223
1070 4129
879 3896
6321 7364
5541 5779
2775 7363
6132 8385
1443 1569
4832 4899
8041 8096
6527 8981
1705 1750
7589 8574
6640 9563
551 3066
3036 6238
2718 7820
8559 9716
3699 9197
6726 7894
7043 8157
7166 7521
5788 6798
941 2632
1179 6758
3258 4553
7658 7866
6207 9560
2378 7021
3156 5900
1567 9786
4103 7268
5492 9733
9575 9689
3235 5252
8558 8597
4754 5411
3590 8836
797 3843
5440 8583
1191 3737
5567 9420
1766 2261
6654 7007
7538 8994
6533 7389
908 4532
51 1548
8309 9362
9317 9866
380 3857
4982 9462
4480 6570
8899 9225
1399 3989
9524 9806
877 7334
6693 7763
4634 7789
1717 2726
5222 9182
3787 9893
2262 4612
9818 9973
2537 7377
7124 7783
1479 4205
1774 9330
8851 9664
5097 7930
6262 9912
3582 5141
6124 9536
5670 7224
7845 9134
4916 7164
8647 8829
3680 5011
1643 4215
6361 8068
494 5381
2005 6689
3443 7938
8025 9694
1764 8953
8556 9385
3977 8191
772 6433
5424 9014
4263 8000
9176 9532
7429 9346
4469 8617
8846 9145
4482 6816
268 2153
3363 8304
7555 9368
3415 7408
6166 6683
4680 5819
4045 5822
994 6152
8951 9190
5536 6393
9649 9746
1640 4782
4912 6070
6180 8319
1328 6078
2040 9691
9187 9908
1254 4345
7568 8845
9556 9588
9468 9574
5103 6748
6493 8955
5359 5550
8678 9639
8209 8478
9032 9427
3273 7543
5544 8054
6165 6384
9466 9955
7644 8329
6142 6915
9156 9721
1783 7623
3743 8727
367 9486
3093 7510
8473 8651
93 1306
6026 8933
4338 7208
1097 5192
1594 8203
8741 9828
9243 9885
2954 8092
340 922
3440 7075
4810 8245
2689 6241
6275 7085
9064 9875
388 8497
4691 5464
9837 9886
2064 6319
1592 8623
1609 4710
9841 9867
6040 8802
9488 9979
7815 9040
6064 9622
6074 8931
2197 3757
6665 7531
4289 6439
7471 9670
938 7222
625 4212
669 3880
5538 7755
9650 9759
3280 5135
4939 8477
5903 6987
7077 8394
3489 9094
9775 9950
1855 2867
8508 9576
4259 9059
8088 8819
9055 9675
5243 8952
4835 7275
763 3249
8668 8967
7195 9344
7460 7486
874 5095
5167 8325
3797 7463
3246 7726
5505 8504
4594 8578
3943 6731
1842 6814
1965 5861
1998 6534
5680 6854
9365 9796
449 5979
3401 8261
5569 7686
7243 8959
6473 7566
2791 8973
8105 8557
962 1275
4712 9097
1807 4335
3058 4956
426 1653
8376 9799
3198 7609
9126 9439
1389 6844
9772 9960
4961 7191
6947 8716
5463 8411
9175 9647
2079 7283
3935 4727
4337 5373
6164 8572
101 6887
3819 3968
4051 9128
9196 9690
5304 6747
1301 2204
5274 6578
4699 4929
9917 9952
743 8660
3965 5108
1199 8517
5230 6049
1822 4407
6106 7895
4250 8514
1423 6105
7216 7829
5845 6327
7537 8795
8502 9309
9677 9833
3632 6950
2949 5092
9305 9941
2944 5843
6161 8217
6916 7826
6469 7984
181 1930
4808 6532
242 1516
55 1237
4854 7824
5119 8587
1688 9081
2940 7266
3548 5172
4363 4549
3033 5736
7730 9338
8076 9239
6990 9496
5742 6028
3469 7354
1046 4115
3905 4817
4795 9233
6944 8246
8081 9263
6157 7636
8537 8639
7498 8055
3052 6315
7991 9814
3869 6669
773 5952
6134 9461
7330 7917
8474 9256
6240 7005
5954 7513
1422 9440
9302 9485
7343 9505
425 6423
2013 6060
3215 3374
2585 7412
1011 3023
7374 7467
1001 4110
2959 5005
1591 9809
6471 8501
6955 7624
9802 9962
3077 3124
7754 9057
6813 7016
9890 9999
7901 9517
8569 8872
870 1145
6946 9700
3069 9756
1557 2270
8272 8471
2135 6529
2858 7965
5955 6516
7931 8163
1833 7608
2798 7491
7150 8790
3698 9169
6962 8649
5217 8352
4841 5497
1928 4980
9549 9808
6636 8161
2822 8916
5634 5901
5177 9550
7832 8367
748 3996
2460 2972
3885 7495
7925 9480
3383 3997
78 7625
5982 6634
8400 9380
9016 9637
3358 6660
5396 6364
4997 7405
1331 4197
8565 9164
5031 5453
4821 7515
3095 6818
7136 7622
5342 6302
3657 8186
4703 5234
293 4380
2551 5144
833 4601
3491 7038
2850 7707
2417 5149
5499 6545
1728 9981
5708 6213
1587 7422
5311 6438
5801 9804
489 4896
8183 9183
8561 8564
7989 8306
418 5745
2381 3895
1534 4813
2399 4210
2112 3372
2863 5032
9825 9839
2022 9842
684 8273
5840 7058
8701 8739
9450 9923
8222 8842
5723 5919
6068 7193
1558 6793
7764 8737
4433 5820
5332 7252
35 926
7100 8408
3878 8005
1605 7869
1033 2152
1291 6378
2435 4994
6525 6709
9985 9986
6168 8879
5392 6067
7995 8060
4706 4770
455 3545
1435 6143
2307 7808
3306 4760
401 3952
9693 9968
5894 6159
6583 9103
6440 8432
6452 7961
7244 7250
2535 4406
2716 8825
6883 8667
9883 9922
6976 7886
5278 7416
2323 3658
4126 8125
857 4726
6200 8886
9514 9534
7411 8141
2670 9117
395 3820
2789 6886
8065 9562
8675 9124
8772 9467
65 1823
5888 7395
1676 2880
8267 9310
4091 6097
6252 9766
1324 6924
8700 8855
5966 9107
5236 9106
7950 8366
7156 9403
9056 9295
9213 9500
2006 4595
2974 7737
6069 8803
3104 7065
881
8425 2787
2332 1369
1792 43
3842 1727
5617 716
4288 815
548 476
2503 2216
7716 4223
9091 5044
581 42
981 288
5732 711
5677 5375
7045 3296
869 220
5957 3163
8036 2912
4132 2546
8804 2065
6807 3577
6156 2060
306 256
4358 1658
7509 91
8099 4941
1502 1450
3185 2672
8185 6248
4952 3628
3013 990
3792 2365
4590 1418
7705 2576
3085 1960
8833 7619
4543 3960
7809 2347
1525 244
2732 1471
131 115
4169 2538
6589 3084
6635 4911
3210 1047
5060 3811
646 150
2774 1699
7859 7339
1990 1295
3212 2340
5906 162
3746 2553
8585 5228
485 397
8291 7649
7393 2953
1408 410
1968 1819
2555 1563
8120 504
3292 1891
6627 2028
3148 2169
7087 3320
7366 3407
657 629
4293 3261
9122 7424
4284 2800
8786 3431
4136 1801
6998 5839
163 16
4184 3389
9718 4907
8423 4351
8197 530
5203 4309
5969 3918
4093 774
7468 788
9844 6226
2626 983
9082 5750
3849 3321
5799 2144
4041 1853
4945 4467
7342 796
1950 152
5402 1440
9646 3463
9080 7592
1844 109
1512 897
9108 6427
4935 4096
7577 3602
5962 3062
2939 1447
6112 1293
4666 1154
5256 3979
6707 6061
7341 1101
4068 3815
7517 5704
3764 1067
459 203
3585 245
7632 4254
100 83
9031 6408
8902 202
8539 5403
7564 5918
1161 900
3822 2767
2115 199
7369 5719
935 176
8625 1809
7213 37
4076 2324
3717 394
7903 1817
80 50
8343 2074
9994 5579
1702 1023
7199 6788
408 94
5454 3871
4409 1477
3580 985
3281 1465
6819 5552
7743 5120
1444 95
1985 1533
6123 655
3266 2422
1240 916
4574 2586
6866 4667
9296 1522
4493 501
5763 2392
5181 1540
9865 8078
6569 2241
753 316
3706 2455
9631 8780
228 218
4064 1449
9415 803
7593 5766
5100 2393
4960 4063
700 17
2784 129
2189 574
6700 387
4029 1322
901 182
4027 134
6214 5490
1663 1584
8648 1069
751 569
2404 509
9294 7591
2430 1893
1754 327
8721 1367
3512 2186
2540 1638
3775 1245
4550 132
6042 2658
8111 3796
5223 2015
8429 360
7660 3166
7380 4585
5187 1890
235 58
7287 4865
1793 1378
9102 1523
4988 428
4905 3131
2247 2168
5073 141
4604 2134
7432 69
4238 3029
6686 4552
6891 3803
7733 3369
5530 5261
4280 979
9723 8252
6250 405
8797 641
6789 4382
5713 2316
643 23
1880 537
2860 1674
522 390
5588 3837
7611 1934
3450 2550
4720 4057
5061 4527
792 88
2202 785
8149 1510
6560 4421
8542 165
36 27
9322 4316
6509 3556
1615 423
1055 113
843 15
1634 631
9289 8963
8164 652
5570 2509
4957 4146
9428 6557
2909 370
3226 2636
8720 1213
9426 8779
463 314
6826 3391
9453 4797
9018 2278
465 296
4567 3477
5647 4965
7563 2252
7003 5437
9503 4416
4949 3333
6483 382
6366 3782
3192 3149
8533 7449
5859 304
8892 6795
8155 351
7652 4627
8858 3529
4936 2906
1964 1748
8628 6658
2823 2502
4434 2663
5360 5259
9457 9100
7699 2516
7629 3961
9651 5841
1622 119
8669 3839
523 97
895 645
3587 2768
4282 2814
1396 712
5874 4175
8044 392
9161 3639
4167 2803
5447 2539
934 904
4962 2780
6338 2350
8362 5695
5698 5126
3311 2233
3426 1513
4777 2290
6505 910
7572 5253
6348 19
6237 365
1244 438
3125 2072
189 133
579 127
5995 3931
8406 5460
7769 856
2176 123
1010 806
2747 1474
953 936
7276 730
610 112
7673 5798
7068 4554
3132 989
6280 1761
2157 104
1330 337
9555 732
584 520
7440 2397
4631 2927
264 57
3873 1518
1781 1497
5593 1252
1860 727
467 130
3600 3060
3055 2317
7946 3543
4898 422
5112 146
8652 2804
8965 5423
9194 532
9538 919
6314 535
1581 647
5369 4753
7262 1938
2826 993
2042 1931
1834 737
5813 560
2326 651
848 267
1782 1004
6836 4193
3365 1087
2526 1053
1196 755
320 193
8788 1411
9995 8957
9533 3708
5565 3783
1718 692
2237 1216
816 87
1721 699
9942 5174
9569 2684
9472 2396
4315 4229
5810 1314
3113 1462
8404 378
6480 1849
2682 1407
8208 1153
290 210
5850 2569
2198 1138
6178 3172
3159 1957
1280 407
3729 2601
2369 2125
3445 2790
7251 1426
3377 2073
851 209
2257 1078
3399 1729
8359 5782
313 56
1570 496
9750 2882
6329 2841
778 345
7847 1361
3116 2151
9347 2871
5929 3897
7888 5335
2145 2131
1208 233
4544 1340
3000 2874
5200 4500
1713 896
8614 5930
1364 597
7488 4277
6684 4721
4547 1148
9442 9077
1113 289
6937 3304
8866 5074
3709 653
89 84
8620 7914
5836 1446
4150 818
2758 795
1850 1628
7850 6350
5099 4038
6685 4756
1494 1073
5346 2068
2872 2487
4448 1745
6738 6600
1549 769
1410 568
200 147
5683 3462
1106 347
1790 259
933 400
3436 1315
5427 3867
7662 4650
8990 6515
1888 1039
6507 5504
8898 6597
958 184
1296 827
3747 2807
837 226
5684 4174
6029 3310
339 106
8481 6622
8891 800
2989 1878
8412 469
1263 555
9824 6155
6828 949
2148 1909
4605 1253
1060 695
7642 5164
444 437
4850 3614
445 11
7752 5461
2908 1429
2388 470
956 374
7974 2268
4298 1550
2385 665
5269 3006
4232 2625
1044 611
5974 634
1738 253
2260 1610
8998 5842
540 272
3958 1409
7172 4996
6000 3339
2045 1393
2220 486
7492 6699
7786 6894
2650 734
894 885
8941 5033
8196 5004
9373 5615
813 213
1902 1100
9421 585
1962 782
1873 192
3727 3647
5625 1787
9478 9131
5224 4379
257 252
3232 2362
6587 6434
3954 1169
2640 1974
5743 2184
556 251
4454 3272
2545 930
8176 5783
1146 640
5406 529
4039 3712
4445 4349
5180 1181
1543 1134
8744 6057
7758 6983
3501 435
2382 681
830 810
5098 279
3186 326
9826 3378
7781 5300
8322 4344
1816 531
1200 484
1009 185
7107 4774
9065 2806
649 642
9084 7648
3557 3538
6538 1920
1318 275
9501 1559
1002 377
5279 3279
3840 1894
6033 4137
2319 1323
299 140
3070 1831
7477 5491
9118 8703
77 53
5348 2283
9356 4955
2997 2454
6752 3883
5993 2085
8754 6037
4616 1666
4037 3049
3096 63
4671 3850
1000 855
3898 1380
2346 1337
9313 1606
4053 1814
6012 4840
4242 1756
3028 2199
9249 3470
4914 1575
909 515
3097 2138
1116 214
7365 7048
693 598
2479 680
4381 4301
6771 1366
1086 160
4633 2917
6889 5125
8434 948
6977 4555
4824 4690
8377 7692
690 175
2734 1058
9334 7665
6468 3392
2098 1346
8276 1770
9785 2484
5255 3384
8733 545
4660 3361
3910 2127
2831 1339
7475 4674
7466 1979
6116 5911
6530 5818
2524 2489
3715 638
6548 4695
8860 4106
6459 978
2647 2058
8321 2227
198 122
2175 1217
1583 588
1076 319
5277 721
4519 2288
3260 1672
5288 3575
8722 1162
2661 1111
2736 40
6881 1118
2536 1617
5586 4575
2549 34
9748 2129
3801 1602
5317 4274
3624 41
7602 4517
3502 2888
6261 1077
6051 3214
2406 1851
3061 829
8143 8049
1568 33
9136 2062
8488 4502
2651 295
2715 554
3695 2280
3994 3252
5025 2407
2038 756
2036 480
4414 2809
4558 1193
7443 1841
3427 1287
3583 663
4516 1243
3777 2786
9025 982
3303 3282
5893 3713
9404 7497
1445 761
4776 2303
4031 3807
8655 4649
3886 714
9870 6383
1999 341
8712 1879
5516 3838
3744 2743
277 44
2009 1221
4498 3752
2765 630
5313 5114
8634 7025
1544 1425
8448 3343
6893 4030
8498 1347
4987 1797
3434 562
8 7
7864 6436
3143 1110
6432 6373
6550 6541
9408 5055
5858 5003
6001 5352
2501 2413
7401 3618
5556 1123
6351 5513
7527 3223
9086 1751
4391 3218
2891 2140
2547 2212
4684 694
9393 4518
6888 3270
3106 1376
2652 2401
6108 2370
7028 5880
7293 3836
8864 6221
4986 4843
3738 2783
126 82
8268 3623
6521 6447
8547 6333
4648 2114
7384 3788
7796 2100
8847 3967
2919 2897
6445 2318
3138 2358
5143 2174
8042 6478
1511 654
3969 2590
450 81
6922 2832
4647 1190
4814 1403
2207 2196
4113 3411
2714 1876
8789 6905
3938 1457
5049 3008
6706 409
7801 3043
1760 1626
8493 8444
3508 3413
6271 4847
6484 2904
5128 2041
4196 3424
6762 2802
6385 1466
729 194
3025 736
8752 3865
2762 565
4020 1571
300 32
1433 659
6020 1226
9284 4655
543 45
7810 2929
2976 1464
9435 4545
8074 5983
8230 1978
6651 5089
965 348
823 249
1924 1526
8986 8416
1720 479
3088 1487
2680 369
9115 403
580 301
7448 1442
1927 884
4172 3103
9011 9006
6172 22
1956 677
2544 1955
5559 5006
8853 4450
5853 5720
7159 1071
738 287
2468 571
4742 217
3181 3074
2279 1904
5866 5531
128 108
5902 3650
564 294
6573 5045
4973 3596
3855 3289
2907 1824
3998 3888
2478 1419
1434 561
3133 1521
8243 7248
2271 606
5268 4080
2722 1030
5139 4599
4677 4071
3176 159
5319 4297
9703 5809
8657 6256
2357 1343
3291 1421
2613 2217
3375 3200
2660 623
5081 3022
5576 3745
3860 478
6638 6463
2574 2438
5041 1468
411 389
4772 174
612 329
8817 2411
2160 1671
7986 1303
225 70
5659 5088
3345 754
7735 905
196 5
4812 1994
4524 456
882 464
1492 1031
3692 1576
8468 4432
1334 967
5158 1881
1649 1536
2552 1775
7414 2154
4838 1345
3108 1164
4803 943
3844 3221
9218 559
4452 781
8170 842
4475 1431
9619 6547
7588 5188
4034 3182
2222 1312
9395 6062
4864 4494
3379 75
1854 1392
2573 145
4402 709
7121 5442
4191 497
8220 3449
8688 460
1689 1247
2811 2032
4499 3992
8026 1929
1895 1203
4763 3626
6196 1037
9312 6387
932 660
5828 5681
3771 2171
9805 7026
7900 1785
2588 1013
6034 3126
8550 5503
4119 3203
4976 812
6230 1908
1939 925
2339 221
4766 863
5021 1152
802 271
8449 4427
667 303
8390 4075
3637 1395
4560 2016
9897 5469
7170 4715
8745 2443
9434 8139
794 197
