538
3850 6861
8796 9029
8394 9538
6127 6910
7973 9853
952 3110
7273 9376
8038 9347
1442 8177
2179 5779
3066 4195
8772 9982
5951 9975
3227 7103
374 6248
2528 7254
758 1517
412 5503
1865 4069
1350 2759
9585 9961
2108 9777
6099 8668
6829 9063
4570 4846
8225 8751
8709 8955
3136 8909
9018 9877
428 2687
9517 9634
5367 7269
3151 4229
380 2709
9743 9813
3325 8574
994 4683
29 1342
4853 7233
258 1147
7852 7933
5175 9562
8459 9661
8454 9587
146 1630
9349 9589
2405 3950
250 3248
7597 7610
426 1415
364 5345
6162 6978
6159 8833
794 6477
4908 7324
8264 8550
2283 3195
4842 6906
6985 9142
1562 7320
1183 4684
9071 9342
7615 9363
763 8455
59 3659
8039 8291
8885 9437
3981 4194
6490 6539
2331 9028
9996 9999
2504 6032
7739 8170
3243 6166
3150 4918
6945 9525
6765 8343
4012 6804
6262 8607
9420 9870
1757 9057
1417 7661
9871 9979
810 2282
2459 5963
8391 9003
826 6047
4947 9787
9330 9839
9406 9645
3526 3921
8542 9558
300 1791
1842 4008
6448 8324
8590 9278
7207 7884
5283 9311
2230 2969
252 3401
5859 9038
6282 9604
8053 8650
432 2438
3999 8730
8277 8996
6295 9723
2788 7585
5788 5907
7897 8505
7990 9009
4110 6879
1908 2518
3692 4737
2790 6218
2071 4808
3535 5429
7391 9922
5116 6459
1385 4661
4681 6071
4544 7378
7406 9943
7465 9916
7475 9395
3134 8903
5456 8792
5231 8241
9271 9792
9542 9836
2815 3199
6366 9818
9715 9962
2262 6800
9516 9845
1418 2694
536 5349
8056 9229
3322 8856
6941 9219
2035 6867
86 3825
2209 3132
5663 8735
8644 9873
5383 7049
2698 7163
1849 3237
5656 6827
7985 9308
6150 6432
9453 9632
4359 9714
1641 2636
9303 9456
6780 7178
3730 8037
296 8152
7548 8723
2276 7279
4522 5055
8440 9322
6596 9519
1643 4897
4969 8155
8340 9647
5160 7180
2888 3818
6204 6950
7721 8278
8548 9518
7926 8103
9689 9801
3519 4613
6088 7365
7171 7458
4151 6960
9615 9717
8902 9087
6179 6213
6942 6955
2740 8484
9929 9986
1370 7636
4077 4412
8348 9573
9492 9849
9597 9791
2683 6180
1603 4974
7559 7862
6233 6970
5761 6683
4581 6634
2106 9310
8236 8901
6191 8817
453 2858
9760 9913
2777 4841
4857 5936
4203 4975
3109 3915
5011 5616
443 4636
962 7423
7015 7714
7328 9876
6024 6025
6290 9948
9435 9905
4863 9569
4053 5299
7285 7849
5176 6658
2241 8143
2953 5755
1805 5965
6570 8529
80 556
6797 8306
9390 9805
5949 6307
1478 3986
7734 9084
6430 7258
885 3559
3837 5962
1080 7093
3283 7470
1558 5489
6876 7498
9091 9789
746 9122
8615 9500
2572 6234
8876 9421
6456 8271
1024 9401
83 3403
8285 8642
2836 7266
3746 6755
6215 7304
440 7567
7928 9940
9672 9920
5504 7794
2719 4827
1482 8968
8911 9161
9417 9502
2217 2335
8071 8299
2333 6474
7098 9557
9032 9474
709 817
4118 7299
520 1315
5248 8503
461 7850
375 9069
8063 8720
6312 8580
6518 9250
7512 9989
8544 9015
2197 3463
7746 9897
7074 8832
912 9409
4529 5909
3435 5471
368 8107
9534 9616
9586 9651
4475 8786
6020 9012
1436 3989
7892 9656
1407 2498
8653 9769
4256 6440
2886 6172
9082 9579
1547 6847
8546 8937
5438 6878
1189 3407
2798 4488
8316 9649
1422 7727
8312 8533
4399 4458
5924 8488
7965 9103
7145 7193
5983 9062
667 6205
3115 6237
9625 9910
5177 8591
3289 8649
3566 8168
5729 8093
7815 8417
2495 4070
1483 5869
6118 8070
2540 5126
4932 5300
9709 9967
7466 8165
2018 8877
8315 9548
4338 6873
3291 6543
3363 9751
918 4879
4907 5609
5239 7053
9944 9954
9498 9874
5652 6070
7547 9618
8434 8923
7793 7826
1870 5754
3326 5678
2172 3628
5137 6933
105 7121
6005 9488
5427 7182
887 2016
8980 9752
9105 9513
3013 5791
9215 9383
6553 9693
3846 7976
1653 3885
1214 2091
4038 6360
5269 5649
4650 8378
8453 9101
8337 9321
5914 7035
40 2111
8179 9495
4946 9034
399 2411
3409 9644
7766 8589
737 7091
7550 9031
3637 7763
1022 9213
1835 2139
8243 8717
5576 9643
3372 5156
4588 5941
7362 8384
7419 9945
7524 8188
2389 3905
2549 9065
2202 4608
5878 9755
1244 8718
469 6352
5083 9121
5836 9596
4403 6486
2826 9899
3062 5147
9016 9427
4355 4782
7264 9384
617 4313
3783 8593
9732 9994
3215 6517
1574 5871
6084 6212
2341 9598
700 1008
330 5591
3296 5132
6257 8934
745 3866
4775 4972
4898 7647
101 782
5040 8662
8349 9995
5212 6717
3582 4405
6429 7964
9198 9419
7156 8206
2198 8938
8305 9285
5216 6661
1201 1709
5501 7330
3852 6449
5703 7081
3470 3616
9971 9988
7871 8386
8528 8984
5751 8074
9382 9710
6369 7480
8578 9025
4404 9021
9687 9766
1427 8671
7974 8975
4895 9364
3067 6355
2359 3898
2149 9863
9795 9997
2483 6507
8765 9160
2647 2895
3412 7801
9352 9915
2778 5802
5784 8392
1144 3178
4125 5808
5847 6349
3968 6603
5317 5484
3266 7570
7020 8342
5360 8159
4451 8223
813 1969
598 1832
1121 5915
5882 9166
7222 8242
8318 8791
3373 4258
644 7743
2496 2735
1141 8194
4939 9981
7994 9817
6649 7889
8346 8639
3459 3464
7783 8713
2028 4568
6601 9274
8403 8869
4625 8205
294 8106
7962 8259
2246 7373
2077 8183
9404 9833
6253 9674
2328 7327
7951 9547
5811 9232
6685 7272
6849 9724
3569 6928
2154 4014
508 562
4217 4230
8539 8557
3139 3434
5408 7855
9309 9762
722 2434
5835 6734
533 976
5351 7013
4130 5700
1693 1772
9288 9481
531 2380
6763 8948
532 4294
2223 7333
8523 9316
4379 9555
2428 3210
3868 9283
1947 9005
6339 7842
7181 8773
1456 7944
2839 7658
5904 7026
5468 5513
6051 9893
6580 8714
3006 9888
6810 8050
3941 7469
789 6779
64 2212
7952 8251
1011 5918
6397 9152
4184 7824
2992 4695
7859 9375
3300 3548
5905 8603
6441 9241
5888 6940
4820 7364
8494 9867
8978 9938
2645 5237
488 3822
4368 5433
3721 3906
8218 9721
591 7558
5529 6380
5127 5743
331 8596
778 8424
3741 9501
5243 9973
507 7969
384
8094 5201
2323 1951
6077 1833
8855 2421
2614 108
6568 323
2936 2491
8882 7735
3060 1898
7646 6805
5441 575
8861 5247
3357 687
6142 577
4131 3948
3923 1914
7432 1973
6674 3861
2948 2661
495 207
8015 897
3900 1453
26 4
8782 3773
4896 2999
8030 77
2150 1408
1202 1036
7130 1239
9212 4340
6549 6103
4231 3993
201 119
7728 3042
4449 3444
6320 4129
1063 225
9601 6633
4839 3329
8256 1026
647 171
9860 7896
9179 1585
1142 185
6977 2011
4802 206
3164 1730
683 358
776 697
5572 1882
7516 5077
5634 5343
6105 2395
4336 3980
7457 1432
6317 1873
888 68
968 417
3812 2906
2617 934
7143 4270
1086 195
5065 2330
4124 35
4482 230
9047 2064
1692 1092
8027 400
2574 1443
3691 1769
9676 5057
3146 1703
2773 2437
3578 1487
8569 4843
3994 1997
9530 8263
5544 2541
6401 1694
1821 181
4496 3397
8139 929
5607 2878
7709 7537
5070 1388
3656 2178
4651 2667
2320 97
2468 1587
6788 3280
9264 8385
4758 1845
7580 1816
547 498
8560 719
1648 908
9061 5776
8854 4574
9338 2784
7838 6080
9977 724
7845 6050
5074 3913
1561 45
9699 3828
1481 237
7888 1216
7217 1381
6994 1150
3501 2192
9059 2975
2308 1243
5568 2039
116 73
8193 1933
5939 4080
4798 1662
5989 3541
5060 129
2656 355
1480 923
4447 564
6399 1041
5439 4557
2840 1377
8957 5167
9476 4519
7786 4438
442 264
8477 4790
8135 163
6623 2850
4101 3454
2089 2076
4371 2305
5412 4963
8924 2852
6279 293
3970 2933
2703 2377
7043 6365
7776 4637
5186 3673
8721 209
5390 5389
5067 3553
7624 1615
1961 833
4591 2832
1732 403
9949 5522
2811 435
2558 1550
5899 5632
3687 845
8162 5586
9259 3839
582 188
654 378
1856 1620
5268 2365
5584 5120
6990 1130
2012 643
1278 144
4759 3854
4007 3732
5655 3556
5757 1034
8109 5908
1612 1360
7166 1758
8912 4663
8287 7474
4033 3145
8296 142
5382 917
3823 2731
5368 2124
1596 186
7983 4265
8195 735
6039 5720
7712 6121
1647 1458
7061 2402
1017 321
3213 2662
3483 978
6536 5119
5445 997
9171 3778
7437 5525
304 286
1663 847
5296 4245
4635 1916
2857 1457
7979 7696
6822 5009
1535 597
6577 5554
466 267
2576 2260
7817 5922
2945 1982
3123 1091
5883 2626
8675 5851
5647 3003
7578 6934
4773 4561
4965 1907
7078 3229
324 96
4891 2410
7819 7483
4009 3321
7945 139
8608 8117
6137 211
7980 616
2519 1520
5654 1744
1830 118
2958 2450
1245 301
2505 158
9590 6520
6059 2500
9446 7403
1836 1509
5854 4285
7530 7329
2053 1032
9490 7779
1595 1250
2290 53
4490 1802
7818 2342
4207 1761
7841 1503
4105 169
2412 707
9712 603
5919 4202
7089 3899
4562 673
4691 123
2181 198
510 223
9085 8606
1621 1594
9024 6275
4067 3272
2357 1519
6433 1258
1249 110
6923 4034
1046 47
3235 594
7725 3729
9083 6650
3971 2319
5807 1073
8129 3618
2957 1555
5316 2486
2679 1925
5308 1893
9829 2979
1016 639
5929 3508
861 361
4777 698
3298 2313
8140 5789
7389 5583
1591 124
9881 220
8577 7768
5806 5797
3576 2472
1787 524
9815 4214
1103 638
2779 1979
5407 2675
6686 3303
9100 6492
3603 3202
4784 4515
5260 383
5221 2388
4733 3532
4882 3468
333 208
9053 7574
2542 2337
8658 5692
2521 1498
7014 1048
7613 973
4156 1389
7164 1293
8985 4208
4982 529
2100 121
3815 3579
4162 3682
9020 7300
4545 478
7639 199
7688 280
6983 4873
8693 4255
7289 1839
3704 9
8354 312
5222 3881
2769 359
1402 1138
6505 2425
8026 4116
6920 1930
2415 363
3528 1934
3767 2644
8010 5713
405 297
5602 475
6868 6165
4618 4097
9747 4600
350 218
9958 7549
3108 2349
2711 429
5166 1231
6591 4984
7536 5487
2856 567
4686 3903
854 37
9302 8096
4426 3574
107 44
9912 6008
6817 2346
5992 5510
2816 1639
2321 427
3748 2825
8704 2362
4316 4251
2559 609
4610 3197
6675 909
7991 438
6812 5404
2065 1108
8585 5258
4481 2525
3949 1530
7096 4364
3518 657
7452 4741
8380 6126
6037 1363
3496 1861
9953 6961
2592 184
2971 2501
9408 759
4945 3053
8864 1711
1690 589
1398 1
5511 815
1153 706
2738 1281
4710 1340
2213 771
9493 1862
