635
6672 6877
2939 5656
8358 9041
9256 9879
2757 4281
1897 4537
9807 9994
5081 8914
5032 8619
6114 9779
5072 9057
3095 5262
352 1575
8125 8137
284 3998
4625 8035
4977 5152
6983 9548
452 567
3130 8846
4957 5409
4926 7587
9476 9764
8799 8808
998 4873
359 4103
847 8782
8161 9746
1909 6682
5315 9963
6071 8078
3563 5777
3730 5706
3013 8816
9409 9935
698 8676
8736 8855
713 2213
5494 8624
1429 6261
3980 6846
6508 6533
6282 7896
5429 8618
9531 9992
2326 6527
9383 9750
4858 7655
8817 8854
3305 4074
7255 9909
2961 7632
2013 6744
2864 4253
5312 9664
4292 6096
6298 9537
3933 9075
6957 7448
8912 9136
3864 8447
4490 4768
7091 9728
2044 3506
685 8069
1884 6616
3239 7499
2907 7136
358 9034
9365 9754
3850 9111
4431 6945
3220 8300
2381 3468
2613 5657
4090 5436
5283 9766
7322 9937
9356 9669
2090 2918
6348 9850
8686 8891
5608 9523
5956 7211
3596 6128
2552 9390
6522 7811
7402 9810
2953 9403
6720 9900
7132 8520
8578 8965
1686 3254
9869 9872
801 9264
1577 7989
560 7956
3890 3947
1796 7354
7143 8769
5266 6021
4077 7942
9059 9226
2966 8260
3315 8236
7358 8076
7011 9380
3869 6540
7672 8707
1634 3215
2887 5052
9512 9694
5420 6390
9132 9431
4726 8725
321 5046
2857 7581
9103 9308
7583 7863
5372 9629
4888 9195
626 9453
3243 3436
1009 6401
3250 8801
7335 7519
6839 8352
6440 8813
7249 8289
9483 9691
9140 9419
2791 9998
168 9208
3825 8080
3571 7296
8542 9549
6665 7446
636 5560
462 3260
6559 6771
5448 6036
6554 8258
5243 5910
9109 9482
8667 8744
4671 7875
4514 5479
884 3472
1459 4348
3001 9389
7271 7696
3461 5470
569 2104
4112 6041
9149 9270
1741 9913
1456 6802
7802 9862
624 7634
8956 9212
5154 7693
30 4863
2934 7777
4078 9848
7259 9342
9355 9438
9866 9986
2328 7401
4963 7756
9282 9632
7986 9552
1069 5744
7554 8474
9906 9914
7479 9165
6005 6168
7957 8226
5532 5847
8614 8703
422 9235
65 9357
534 927
1554 8535
1621 7927
8291 8654
6493 8301
2137 9344
6571 9386
6441 6840
6879 7528
4383 4889
1874 2216
6662 9922
6278 6582
617 5359
3266 4513
2167 9534
1977 4402
9833 9864
4176 4543
6645 9053
9947 9964
2421 5780
7566 9614
5104 9881
6845 8441
8359 9793
6132 8693
3649 9590
4855 8815
8896 9010
3704 5716
3046 3312
5632 7543
7005 8206
2936 8114
5463 8185
9519 9878
1355 7953
5864 7763
1303 6422
707 4905
6447 9625
1430 4162
8021 8881
1508 2290
2820 3502
6492 9569
4724 7327
2460 9818
9118 9179
2120 3495
6290 6673
6567 8100
3442 8571
6190 7504
3331 3754
9379 9570
1327 6431
133 9280
1273 1317
1694 9729
9573 9678
5992 8388
328 3557
9107 9813
4832 5236
1692 7796
437 2367
9147 9699
9290 9751
3229 3829
2275 8539
2303 6859
2850 7162
9338 9421
7936 9993
3712 9794
7209 7866
7003 9167
2915 7317
3081 7830
512 2863
5036 8115
4592 8849
8381 9446
1960 2279
7155 7742
4301 7068
7320 8384
4297 4950
8224 8908
1137 9347
8121 8793
9463 9786
621 5549
8604 9013
734 3073
4595 6079
1130 7816
2187 4509
7984 8213
9442 9870
6133 6342
1471 9478
5432 9191
4972 7644
7000 9285
1844 9236
606 8007
9767 9919
7648 8323
8288 9877
1285 9970
4716 9507
2714 7433
5919 6751
1698 1794
7352 9367
435 7657
5459 6576
70 982
2882 9124
6015 8457
6764 9158
6373 6566
4782 6779
9695 9904
4360 5892
3585 7851
3657 5320
1304 8758
8561 9690
9526 9741
634 6830
5261 6399
5817 7093
6030 7944
501 8724
787 3503
9229 9607
1100 6580
9918 9976
8476 8551
3836 6171
709 4567
5482 7971
5606 9834
5250 5870
1846 6285
2025 2568
5800 8794
8708 8893
371 7516
2139 6386
6871 9354
8170 8733
1491 3882
631 8122
5611 8369
8431 9183
2967 4157
3227 9182
5207 7670
3515 7015
4034 7675
6943 8780
8906 9035
2431 6953
7228 8930
6124 9608
3695 4012
6684 9331
9783 9921
8454 9025
3166 3479
3612 4449
3113 4211
8607 9022
7176 9293
703 6360
2581 7813
7713 8387
7887 8120
3343 8397
7377 9634
7395 8477
1392 5921
4322 5039
657 3859
9846 9952
4591 9852
8938 9269
2131 5363
6944 7702
2174 2451
7661 8592
5065 8626
272 7723
9070 9437
3123 5598
3536 6922
9105 9240
3966 8739
7768 9218
544 4466
344 3057
8988 9148
1215 2253
9082 9737
9681 9873
1565 7542
5845 8706
4138 6643
4935 9577
2448 5901
3206 4269
4589 9558
8382 8399
91 4762
2027 2893
3090 4486
628 1038
9406 9480
5884 7080
8004 9749
6117 8225
1924 5760
3696 6898
9824 9845
5741 6445
9026 9809
9460 9657
5415 5848
6626 8504
8807 9360
9098 9319
582 4853
7510 8678
3112 6321
8573 9440
5480 7665
7374 7926
4551 7730
9358 9804
9005 9535
8749 9667
8394 9268
2692 9177
3780 5851
34 4470
5932 9925
563 8015
6416 7223
6345 7703
7403 9841
5908 7333
7679 8070
9474 9842
4907 7520
1717 1798
4959 8259
4101 5778
8246 8833
7963 8231
9628 9960
7879 8108
5122 8269
1993 8345
9047 9941
5877 6518
4574 6353
5336 8143
9088 9682
5885 8366
232 5174
2041 4073
2761 7647
3789 6888
6125 6203
5474 7915
4066 9020
2724 6449
3963 8276
8730 9836
4100 4193
9675 9677
4027 7019
1680 8612
8696 9547
9096 9492
4168 6828
2830 6842
7725 8585
7939 8574
917 8363
7824 8809
8046 8727
6770 7733
2774 6144
700 6646
2631 4588
5607 6504
5873 7134
484 9006
7776 7969
1950 6889
5839 6906
8082 8687
6669 9777
5789 8832
6924 9346
708 3330
2132 3402
4673 5350
9892 9898
6639 8903
2752 3833
2198 7765
4969 7189
2335 4616
1356 8251
3160 6962
2970 6581
1690 5075
3508 5407
9659 9715
5164 6408
5227 8818
8117 8751
7801 9567
2043 3103
8027 9765
4242 7405
5471 9224
5566 6671
3156 4063
3086 9661
2084 6228
2342 7332
3409 5517
3347 8508
5386 9984
3455 8963
4132 5629
2154 4064
2651 4161
3364 5438
4156 7460
7754 9061
2619 3453
6131 7855
2708 3670
2825 8145
5990 9656
1439 1976
1132 7636
6300 8545
2351 4011
1487 2901
3196 4789
4372 8753
5317 9620
8445 9345
7356 9955
3375 3630
6907 7070
5461 8230
7513 8297
164 873
4389 8836
8671 8715
3679 8992
1326 7365
5305 9296
2036 2713
9995 9999
1488 8760
3507 9361
1652 2575
6418 6818
6490 7850
3851 4438
1056 4133
2083 4151
3184 8762
774 1103
1217 3863
7264 8981
9933 9961
8548 8697
1154 2387
7292 8922
5428 9415
931 3904
2196 6548
638 6635
891 5591
364 8270
9991 9996
809 3183
2982 5260
7678 9648
1733 3552
8190 9814
8797 8876
1898 6687
769 7370
8994 9633
539 6563
5022 8062
9260 9470
5285 8073
4810 5670
2836 9048
2781 8761
7804 8995
7152 7609
5200 8401
3158 9974
4397 6997
1775 5633
6917 9117
890 4182
845 8284
6942 8584
8460 9021
2475 5430
7024 9856
4962 8549
3210 7569
6638 6817
5824 5966
8023 8498
326 6184
9815 9940
1189 1893
6473 9391
7673 9375
5781 8420
4230 5009
2872 5327
3016 8510
4339 4473
8031 8317
3535 7376
8223 8489
680 2563
4366 6361
2620 6012
208 5505
8112 9894
2030 8030
4150 5259
4721 8332
542
2009 1433
7431 4755
254 43
4013 2182
3568 2794
9829 3855
6192 238
4054 55
1949 1872
9723 8350
647 81
1378 637
6621 6339
6691 4786
1432 357
6208 6106
8870 2474
3639 553
1970 794
9601 2382
7950 1240
5725 3341
7695 2255
2136 822
207 195
1133 6
7523 6507
8013 2334
830 12
7316 2671
6059 653
2527 1911
9058 2306
9959 466
9202 4658
7146 1599
7007 742
7940 201
9716 2181
8212 323
9456 9164
714 547
4183 2357
2080 715
8695 2942
8024 5426
4158 3208
6224 712
9394 7195
6659 2190
3989 1606
2547 1513
5437 3618
2615 1253
5451 2677
6762 566
9060 2094
1023 138
7916 4373
3248 3131
4459 2888
7628 2414
790 124
8845 8386
8029 3746
4802 4598
6824 1358
8099 4142
2818 1274
9363 1044
3019 1596
8229 1912
8543 3383
286 72
8599 1012
5999 1712
1361 374
5989 3357
1339 878
1213 432
588 476
3885 2488
7774 382
1581 1071
2879 1821
8673 3865
620 433
1971 1224
8927 7771
8631 6455
2146 611
5929 2904
8495 8425
2556 315
3339 1307
8274 48
7947 7849
2964 886
2809 122
764 64
2098 1037
8883 5871
1760 1398
2115 773
1293 1170
7997 5334
3080 3042
9652 4140
5984 993
3000 2274
1330 799
3614 3365
6028 6008
4238 19
6952 1156
8238 5110
1539 718
9748 7109
3894 2698
32 16
2709 515
5354 562
4319 2236
5346 5196
9600 5568
4117 2237
9435 3440
4180 3030
4734 3324
8885 2346
85 78
7298 4699
607 112
2753 2734
5178 2123
3926 2856
5169 1761
5051 1887
4 1
6622 499
5700 737
7540 6640
575 177
4744 1219
3602 525
2841 1732
9561 2064
322 302
1889 277
1975 1735
616 105
4148 3950
2446 1292
2590 1807
3358 1671
697 503
465 296
8256 6928
5364 3860
855 120
4149 3526
3415 23
7923 1424
665 577
3421 1423
9722 2437
5843 3937
4059 44
5228 4764
526 123
2983 1178
6674 5649
1084 793
1047 738
1981 614
1593 11
6805 5564
8566 3578
1638 642
9378 2049
7720 3517
4660 166
4879 2383
5931 5757
4084 3052
8493 3520
2950 1828
4489 456
4099 802
210 119
586 214
4572 2873
8490 2336
9897 1834
1251 938
2230 985
8666 5868
2675 1952
7399 4573
9 5
2726 674
8130 3591
8677 7903
7001 5740
815 806
5711 3054
2503 1400
134 33
9801 3068
1256 114
5144 1848
5000 1845
4020 1033
3407 500
5217 4386
7141 5297
6308 7
4619 1825
5783 4770
1583 218
8990 3677
9500 7861
1448 446
5267 3802
8991 5735
3162 41
5309 2736
5347 4258
660 83
7988 2870
2965 2360
247 234
9451 6696
1366 190
5341 2795
8037 1941
8955 5531
2551 1792
2722 1689
7933 211
493 243
3366 3249
1961 56
6929 2937
3577 63
9038 2627
6517 2006
5914 937
6887 2354
9427 4114
3222 2133
51 8
8754 342
3025 245
535 514
677 35
5829 4599
7440 6426
7717 2829
71 66
325 255
5834 1876
3659 1907
3546 1393
7313 2582
7999 2750
2526 397
6367 1537
4354 3741
3049 2061
6268 2529
3590 3360
339 227
8427 4198
9307 8917
4135 1421
7750 2391
7552 622
3349 1778
5038 3284
1145 282
9393 5274
1323 95
7220 335
1612 1536
3609 1070
1856 206
8235 565
9827 7031
7033 5299
8287 6118
8962 906
7221 3934
6217 431
9330 7110
8131 3405
7669 2152
8856 5801
8422 4919
8837 4406
3620 429
2605 145
7737 6089
3355 1785
3593 2946
5556 2611
3616 2201
5635 4966
4628 1550
5491 4821
3493 1660
1852 1549
2258 289
8438 7553
4722 3083
862 294
250 165
4518 184
2158 587
2658 449
943 442
3282 1149
4338 3621
1802 1314
9658 1744
3892 3844
8669 7884
4851 263
5687 1665
5612 2973
2853 17
513 278
4849 545
3939 497
8089 6525
8198 7893
131 74
103 82
18 10
4805 2540
7596 1386
6344 4856
2585 2476
2034 1752
2063 531
9122 1936
8877 4895
1291 1067
5121 3617
6625 3862
2248 20
9249 5203
5008 4128
6885 1450
8788 7381
6143 1113
6631 5205
6881 436
1890 360
1871 1324
7751 1460
7232 3452
4787 645
6642 2647
6462 2485
7788 3175
4828 568
1509 130
2859 2051
556 468
3556 2076
5561 4327
7555 1301
6452 1176
9936 9305
6147 1190
9615 2776
7686 5589
7342 2516
3026 1502
1657 1096
5265 619
739 487
7442 4876
574 444
8207 1806
5616 997
1166 797
6052 2117
3101 265
5148 136
4070 1365
3072 1411
671 26
4328 2129
4204 478
5268 4983
8790 7133
4580 2308
9027 5373
5084 3179
601 257
2610 2067
5865 4749
406 98
5424 4424
8806 6903
8503 4279
4882 4412
3584 1486
2511 892
5949 3999
5172 117
8244 251
4016 1395
6884 6199
2026 1516
4264 2989
7131 6678
1659 110
1495 632
8483 6767
4758 1839
1772 1255
7602 4432
9744 7987
3411 3209
5376 4510
7699 7488
1731 1477
7159 4314
1605 807
4094 1438
8632 6857
3551 2070
2601 744
5825 4363
7908 1923
504 248
5886 2612
6524 5306
448 407
6630 167
5527 3583
2445 2302
7966 102
6874 6697
3077 1674
9184 7099
5014 2151
8840 2403
2744 629
2599 2461
3799 1353
1425 203
5142 2436
8967 4243
4236 2999
5618 2046
6486 2653
3717 3313
4729 1647
843 115
6749 6264
2222 1457
2984 893
1937 517
3658 472
935 800
3727 3292
9802 298
8973 1052
2810 520
8247 5600
7239 2109
5743 61
1747 933
3681 3300
5651 2685
4893 2384
1757 666
9928 5369
8511 5160
5419 5385
8868 1160
3475 3064
6162 1930
5275 4947
237 62
1524 1229
8831 461
5903 3586
7082 3669
1347 546
2572 2188
5270 3501
4834 914
5641 3984
5701 39
4367 2512
3194 2729
2192 991
6474 4364
8880 5521
4262 1308
4504 213
3004 2796
4465 1650
1257 434
1673 1140
458 345
7478 4081
7964 3408
8124 3534
6915 1035
6848 3486
256 100
1774 775
8034 4246
5288 4082
648 73
5282 2842
1384 1003
2721 2019
2995 2415
2917 2840
6429 1458
8147 2758
1090 921
9439 7055
6266 4461
7266 2971
5602 2974
439 270
8410 3075
2731 2549
2330 1669
5548 1335
9385 3069
9150 2106
3038 2416
5410 2057
