189
3882 5541
3107 3940
5972 7960
5090 5185
8017 9490
7152 8274
1959 5803
4273 7292
9772 9869
1312 2705
9636 9985
120 2441
3127 7402
4595 8495
7999 9267
146 7594
4119 4635
6473 9107
1935 6475
1005 3873
267 817
9596 9860
6247 9117
5483 6348
6879 7414
1137 6440
1215 9298
2932 5926
9802 9977
2876 3496
3255 3464
7010 9941
6776 7296
3156 4253
6373 7230
8296 9062
3402 5708
9514 9870
3597 8838
5852 7214
8740 9989
1564 9496
5311 7406
8815 9364
8022 9452
6122 9049
1708 4176
3442 9573
132 8024
3673 9521
7530 8198
7287 9474
1122 1306
1930 2290
3691 8876
6826 9353
7072 7429
3465 9404
5562 8894
5342 5769
715 4805
5946 6477
7148 8858
8086 8396
2882 8940
7198 8918
5264 9765
7260 8515
5968 6180
2686 7913
2140 9626
945 4898
6123 8148
3381 8718
1272 4056
8528 9203
8722 9829
2485 8050
9143 9830
465 2131
4169 5743
894 1313
7562 8696
5818 7623
2312 8922
9299 9560
7283 8413
8273 9192
413 8675
8976 9794
4890 9970
7852 9396
1025 1333
4323 8926
2976 4550
1381 8288
9511 9565
2253 8163
3163 4602
378 3565
1082 2592
6236 7571
7183 9791
386 2752
11 2547
3014 3740
3147 3653
1992 3004
833 1569
4791 9899
1969 3994
7624 7860
7610 8717
7590 9805
9466 9828
5436 9909
1471 5598
5704 7395
8138 8744
7002 9122
7221 8635
4532 9853
3215 9764
9212 9959
3116 5258
928 5787
6692 8947
4071 6581
3076 5132
2222 4369
8608 9187
5525 6739
8039 8504
7172 7894
3374 6111
4112 9833
2320 3750
4518 5992
2446 5388
4917 7730
834 4652
3881 9155
4900 8023
4226 4848
1914 9419
2622 2734
6144 9189
1647 7216
865 9753
1049 9335
443 3155
8686 8807
3569 3943
4742 7288
9578 9696
2521 5709
1776 8536
8983 9627
2236 4549
5198 5751
2164 4577
3131 4254
3666 5474
3007 3719
6520 8768
648 5642
1369 2652
9161 9457
2639 8312
6760 7490
2666 9391
4177 7384
953 2744
9368 9718
1783 6674
5981 8262
5296 7521
8434 9164
3173 6230
2382 2775
5940 6141
1219 2317
8036 8755
4033 9664
1895 9421
223 4048
8703 9650
6148 7708
5738 8289
213
6096 3645
2817 346
5096 1689
1736 226
9465 5117
9746 829
4377 2305
5620 1055
3631 1495
2746 1031
7729 3966
5135 4624
647 526
6309 426
9370 2909
2141 428
6814 5533
5578 2623
2159 130
6073 2851
967 568
1075 178
5214 4145
139 98
9227 5596
2777 2368
3097 1
2418 1566
3888 1165
4546 4538
1777 909
4982 2630
7617 1078
557 227
1871 703
2503 362
4319 1254
3078 2450
8749 5537
1916 447
4529 855
3980 3575
1527 49
8059 543
6307 5877
4085 1417
2680 706
153 48
7693 5058
3069 984
7203 1676
2830 1814
9120 1038
6723 1234
9749 3451
1321 859
9492 9469
9255 455
1970 208
7371 5206
8828 8684
6271 4625
4920 3428
295 31
1891 302
8299 5864
6256 4387
3944 2350
1633 274
8079 1131
9639 908
2762 1256
5314 5136
2066 1896
2274 2146
9271 6090
6496 5571
7796 6930
7023 5444
5711 2089
7978 2992
2898 2533
1606 80
7772 6302
3124 3056
5991 3807
9270 1887
5303 1394
7554 1979
1997 710
4597 1973
3093 923
8459 314
4983 301
2181 553
9401 8487
5203 907
7548 7356
5921 5691
6397 1858
9215 1768
1097 162
9273 5941
7773 7450
1875 1133
7032 6344
997 830
7962 487
9811 3531
9394 8661
5494 5044
2178 1854
8392 1680
2433 920
4539 4494
6267 4167
5656 4747
8805 860
5039 2977
8569 2651
3518 1330
5487 1015
382 312
6802 5907
7509 7416
4069 1478
7597 6856
72 51
1363 765
3079 1519
7958 685
7481 5715
840 606
1561 1250
4171 875
5073 783
5683 2553
356 332
3216 1411
683 374
7083 3594
6873 5830
326 175
9058 515
7407 1057
4329 2866
8330 748
9096 5028
3383 2401
5511 3869
5234 5097
8981 4408
5916 4918
9275 6745
2044 1309
5718 4406
3613 2968
3111 2452
5974 1583
5048 3946
7657 5341
5336 3894
9709 8384
1760 936
8048 4584
2385 561
2617 1353
4497 2359
1461 1404
4773 1547
5854 1866
9313 4383
1894 962
877 593
6104 1252
1823 1116
7787 4849
3353 7
172 15
1543 182
8337 743
5513 1386
8418 3557
4373 241
8803 6101
1986 799
4094 1514
7586 6115
9052 1590
7898 3959
6047 472
4088 2362
3329 2255
6439 5219
6570 3315
1724 621
8261 2715
8905 8335
4317 1279
5497 1723
3506 3083
9042 8389
8307 2621
4022 497
1698 242
7067 2060
8355 2708
5088 4104
5679 3021
9962 3498
5650 3828
1677 795
6428 5694
