489
266 5028
2802 6926
7436 7875
3099 4112
8352 8758
6256 7871
1129 8782
6956 9970
1868 4069
2813 9066
503 9502
1344 7145
4870 9059
7238 8088
6603 8148
7274 8427
1538 6873
6725 6805
943 9828
9426 9440
9346 9590
1820 6982
6494 8243
1794 5622
8783 9205
9084 9233
5982 9477
8177 8987
7471 9310
4774 6617
6040 7460
4434 6269
9697 9770
5223 8472
4027 6119
4645 4924
3894 5609
4954 6155
9948 9989
4034 6310
8950 9942
178 6317
9020 9836
3713 4666
2032 7133
983 2117
2398 8942
4990 8618
5155 8143
6557 9665
7372 9271
501 7333
4291 8018
1092 7786
967 8685
4943 6391
2437 4586
1664 7190
300 2509
5338 7543
2425 8152
198 4285
9761 9881
4010 8372
3184 4854
8687 9390
3454 4235
2252 6666
1476 3236
1296 6108
1616 4244
4373 8439
5033 9470
9689 9854
9330 9472
5230 8178
9203 9694
8582 8975
817 4711
5517 7181
7877 8216
9076 9730
9207 9880
858 5745
1027 8952
1031 6547
3754 9329
7886 8389
4215 5578
9799 9934
5557 6062
3033 7664
4570 9028
1726 7361
6847 9446
1254 5245
5365 7962
7486 7814
3598 6961
846 3719
5913 9817
8733 9757
1250 4150
2416 6654
6602 9773
6642 8431
6691 9100
9187 9640
5514 6170
7955 7968
4929 7576
6301 8377
2613 3452
8996 9572
3446 6369
2359 4789
4845 6121
6126 7119
306 3574
4864 8774
6598 9886
6038 7407
2995 8509
4142 5434
3612 5428
2469 3116
3254 7822
5089 8588
6509 7203
8944 9965
2378 4200
4694 5598
7483 8611
1654 3724
8614 9167
5027 5193
3741 7338
5731 6674
5402 9601
5164 7209
5457 8828
1787 7915
6064 7755
3911 4083
2099 6067
8293 8953
5662 9658
3430 8696
356 8229
2250 4878
8928 9107
8492 9075
9907 9959
9646 9704
9260 9364
1016 2088
8186 9538
1229 2537
5431 9235
2962 5580
193 381
1706 2587
2772 3070
3571 7728
816 4871
2959 4534
6966 8863
2574 5910
3552 5311
1556 2470
7467 9073
8159 9225
1554 8371
5014 6149
6395 7930
3717 6214
7285 8674
5429 7801
79 5367
9482 9589
761 929
2346 2905
4391 9104
9114 9816
8529 9074
5079 7977
4456 4961
745 827
276 3405
7908 9485
438 8700
9925 9968
3198 3299
728 1676
8719 8729
7025 7154
2182 7824
6902 9476
7906 9257
7534 9738
7708 9149
9499 9561
9570 9851
5497 6098
5698 6823
5178 6072
237 4484
2634 5741
2327 4436
1505 7144
7665 9683
8416 8610
862 9560
1529 8275
1744 2607
8421 9228
7426 8949
7449 7736
1393 8437
3956 5163
3865 8765
8727 9447
1783 3160
9969 9975
8130 9375
4286 4317
4081 9876
6564 9199
2056 6525
8669 8709
9873 9981
602 8249
5859 8022
1607 2077
2345 8977
5107 6282
9514 9539
9508 9622
6019 8527
6773 8860
1179 2533
3073 7087
4530 7147
4993 9252
5124 7380
4225 8549
4063 7999
3428 9009
3030 3575
1718 7512
5628 7836
5522 8701
3952 9647
3625 9434
9964 9972
5550 8185
1075 6921
5961 9801
8826 9616
3555 7891
4579 6063
4073 4596
8391 9599
8279 8634
3147 4122
6876 9148
7601 9033
2381 6945
8981 9963
4986 5957
9709 9843
6336 9510
8052 8707
4334 5459
7024 8233
15 693
4148 9555
9796 9921
9782 9995
5052 8029
8142 9674
3436 9676
5488 8999
9777 9863
5070 8609
7376 8010
7080 9202
4805 7314
1968 5530
3901 6586
2645 6226
2301 4667
1109 7126
9175 9197
1589 5742
1946 6904
6211 7284
3483 6648
2874 8108
5011 6933
5955 7311
7503 8681
7905 8994
9015 9855
7322 9321
5570 7179
1155 1499
2415 8426
1079 2061
1755 2984
5151 9943
2960 6559
3422 8110
7916 9484
4193 4670
3817 3832
7468 8048
2709 7217
9127 9623
2624 7250
176 9838
7985 8374
7265 9417
6113 7986
1185 1411
4891 7766
5667 6180
8321 9887
9976 9993
2924 8797
6790 8031
7374 9712
6104 8441
8972 9879
5423 6787
4331 5826
8207 9371
5995 8410
8112 9087
689 9354
4461 7223
6585 9923
8299 9296
8493 8929
215 1951
4432 6262
1151 4237
3917 9853
9288 9656
2404 4349
5908 7451
9327 9347
512 1530
1911 5001
614 3068
7196 9722
94 673
5751 8423
6510 6651
7072 9693
1490 2812
8805 9246
6106 9172
5964 7044
9759 9967
9795 9824
1757 6690
791 7670
7245 9258
7055 7478
4242 7051
8508 9797
5115 6335
214 2707
1713 8136
8767 9684
4203 9606
6866 7869
369 520
1953 4113
7257 8718
3003 9525
2508 3931
3976 4208
6628 8467
1866 6580
5034 7666
749 4032
6060 8286
8746 9823
7445 8520
2662 3089
6919 9850
3987 4720
6270 9826
2618 6673
9492 9985
3971 9951
1644 2229
2586 5939
1264 3311
4643 4729
7580 7655
2372 6888
5385 6556
5312 6927
2022 3071
9142 9211
7573 8003
4942 5762
6587 7706
9125 9645
1509 2580
5901 8678
3251 3589
2793 7633
8469 8868
4515 6285
6482 7782
3475 4597
9902 9987
1275 6283
7859 8433
2928 9945
1368 4594
4692 9710
2307 9464
5364 8266
6759 9696
8323 8787
5728 6605
7734 9698
4471 9191
8913 9093
1182 4211
1183 2757
5009 6544
28 5636
2168 4883
1680 2799
9230 9291
1081 3398
2338 6893
7826 8111
2569 6315
8589 9496
721 2084
9584 9635
4274 8165
9611 9737
7034 8990
3104 6938
5727 5775
3827 4170
3519 7535
1987 2683
3701 8861
3999 7328
5956 8292
8522 9547
8864 9413
5875 6082
2629 4988
7405 8302
144 2273
5160 8639
1819 6953
4344 6986
4527 4548
5460 7435
9618 9772
1656 9701
2427 2708
6274 7012
7745 8749
6101 7358
7216 9933
3415 8938
7983 9433
8714 8730
457 3126
6028 9852
4190 8390
3150 6216
9703 9960
9179 9680
5196 5475
5545 7898
2339 2525
209
5082 2846
6164 5258
1539 325
6037 4021
4104 1329
4913 4709
6021 2809
9253 5104
9046 1431
8365 5065
976 688
6182 5243
2862 1321
8351 3623
2447 9
8530 1545
7599 5389
8077 3608
3933 2082
9638 3427
3811 3554
2686 1923
8340 1111
8315 2020
8882 4169
7424 6552
6362 5024
397 155
3227 2461
752 523
328 263
9586 6179
6682 5890
7009 6189
2057 1123
2585 424
9877 1807
6944 386
9653 5069
2548 165
8204 8117
5520 3124
8057 5840
6942 4153
1402 715
2387 1203
864 59
5465 829
9144 186
3816 2443
4051 3480
7351 7303
3258 2785
7348 6649
5139 718
9791 9103
5120 2661
5105 82
4860 2158
333 207
7944 2217
1132 185
1234 431
9281 3477
4401 2226
6136 5256
4327 4020
9631 8601
9498 3305
735 680
4566 3252
3379 3080
6049 1245
2741 812
6918 1573
6003 1834
152 5
2794 1299
9878 8127
6738 338
2476 1495
2098 44
5678 2547
8079 7091
1146 852
645 71
7635 102
3838 3283
7807 4625
8724 5907
5872 2501
4498 1400
7637 5553
6708 1337
4078 2135
806 205
7732 2752
6576 3500
1651 1390
8080 4094
5220 998
6479 3707
26 17
9099 3983
5483 3684
3177 856
8859 6630
5873 384
8790 5501
8497 4157
60 40
6735 691
5978 584
4465 1077
9556 6431
3528 3459
8145 4480
4154 3275
1002 701
2267 247
4293 3087
5370 442
8822 3757
8873 8616
1467 486
5262 312
4888 1067
6338 6090
1580 316
3472 582
7514 2749
9739 9363
7475 6568
3599 2856
7674 3384
2769 2286
799 592
4558 2860
3841 2042
9373 3680
5324 3441
7590 382
9201 3790
677 550
7691 6672
5142 4952
5670 1876
558 13
546 460
3660 2390
787 599
9274 5663
6842 3075
4518 3829
3264 1377
6896 5469
7106 2247
1638 839
1303 755
4129 2893
1076 101
6471 6213
7083 169
7111 2836
4757 928
4588 1974
3836 1893
9451 5198
1895 323
9057 5984
4227 3825
2689 606
553 391
6434 3791
2612 2011
6726 1852
6976 3538
847 219
8916 2844
4100 2204
4585 3216
1705 1418
9732 6081
7798 5896
4904 1113
7569 653
2245 1444
8789 802
655 437
2044 1005
5358 1204
626 481
4300 1982
9247 3009
879 303
5577 5314
7961 6039
4563 371
1704 901
9352 5427
894 305
9267 5794
2916 2666
394 273
390 370
561 506
5533 860
6105 2767
9051 4521
