642
699 8328
3082 4224
1106 8114
4069 9625
3022 5360
2223 4213
5335 6620
4476 6206
578 4002
8782 9602
2863 3634
245 4397
678 5190
6676 6787
1884 9411
3137 8364
1851 5509
2128 5637
4765 6667
1482 4382
6961 8646
145 8762
2120 9967
7985 8195
1440 7814
8690 9160
6795 7119
6194 6886
4875 7499
6649 7319
4392 8688
1934 6632
1919 7946
5916 8240
238 6050
3993 5048
1570 2193
8744 8944
1581 7464
8816 8928
4466 7104
7829 8393
27 2764
4346 6995
1179 4876
1748 4066
7533 7721
9813 9893
6087 8772
6865 6889
8611 8741
7455 9903
3514 5526
208 8410
1799 8716
204 7054
1507 6743
8836 9504
4170 7000
1693 2370
8784 9214
5705 9307
6364 9927
8516 8877
9997 9998
405 831
161 8425
2757 7062
5616 7716
6518 9631
6643 8631
3066 5672
924 9505
5879 8648
8950 9633
5156 8055
1615 9344
957 3420
1895 9564
4990 5691
508 3873
8435 8707
8514 8783
713 6875
1918 7629
9581 9712
3442 4430
9923 9953
7282 7836
7573 9882
5348 7003
9977 9999
6160 8333
3237 5239
8214 9885
2143 7046
3773 6793
2013 7925
2922 7879
5124 6056
9509 9519
6144 9534
6375 9781
1587 9120
4930 8809
3604 5581
823 2201
9260 9540
5267 7552
7747 8866
3088 5426
4607 6490
2136 6806
6346 7896
397 1710
7394 9375
9200 9805
7712 8103
653 2638
5055 8335
8566 9049
7276 7610
4891 5436
1275 5612
6165 8929
5623 8022
4274 5602
524 4298
1131 9207
350 6924
9223 9737
9319 9649
8063 8420
1792 6220
3468 6345
8680 9759
7833 8072
5264 7513
5793 7296
5037 9442
9651 9987
8175 8571
2462 7800
3541 8219
8792 9462
6905 7398
7915 8849
268 2954
2342 6116
6075 8719
1466 6684
2225 4042
1099 9056
9175 9794
5025 7688
1791 8921
8597 9907
8587 9360
357 7442
8543 9708
2869 9400
6203 7105
4829 5925
8639 9683
7660 9892
4184 8278
9806 9858
5865 8438
641 8133
4563 8710
5109 8470
9974 9988
3493 8309
695 6999
7220 8111
528 5558
6579 8140
4496 5318
1364 9557
9332 9878
4734 6697
410 6816
3321 6536
4935 7453
5818 8357
462 1569
5321 7977
7786 9227
1272 3893
3724 5519
1783 7714
1379 6356
175 473
9870 9891
7072 9383
21 6140
1347 2030
1495 3026
380 4701
4971 5605
7535 7635
727 2525
203 4335
2733 3984
6679 8905
8096 9217
8504 8750
6129 6976
4899 7234
8084 9426
8797 8986
9085 9925
8900 9933
5721 5858
7927 9963
7374 7947
7117 9571
2300 7226
445 9051
5845 9449
581 7086
5203 6664
7661 8395
7733 8124
4813 8455
6630 8544
8862 9493
9236 9690
5534 7447
8777 8791
1260 8513
6354 8355
8768 9965
5072 5771
6992 9582
1215 3124
7334 8447
1356 8224
4901 5899
8323 8630
3064 5655
2527 4667
385 5935
4309 9284
3179 9030
628 9433
9765 9926
2319 3368
7783 9867
3654 4330
368 8554
9910 9938
8439 9751
1387 3985
3462 4712
2002 4231
5024 6773
6273 9928
7509 9357
3235 3862
1817 9726
8930 9107
2119 7165
6196 9306
8231 8968
2631 7802
6341 8821
7597 8981
8287 8898
1149 4835
915 6502
6932 9196
5641 7039
3470 6560
8604 9922
8540 9230
9475 9905
7931 9543
5063 5980
3690 9363
5146 6496
5549 9874
9512 9768
3923 6639
4422 8537
166 4527
38 5817
5733 5881
8959 9558
3020 3371
5041 6968
4094 8434
4240 5443
3506 9816
9594 9678
8385 9291
2687 7918
4573 7778
6939 9479
8636 8653
9495 9546
7845 8822
5117 7894
2750 7968
4200 6553
2027 5753
7446 8749
4727 5069
3852 7264
9106 9611
3691 6328
85 7631
4749 7074
8038 9408
4997 8940
7532 9320
7699 9930
2650 8873
8271 9082
6215 8894
5308 7876
6703 8062
1175 3905
7384 8190
2195 5593
7328 7986
1393 1577
8871 9180
4650 7306
2642 3476
9245 9341
9237 9841
9814 9843
1516 7245
4141 9757
9058 9622
6355 8212
8522 9444
9692 9798
4656 7595
670 4524
4262 6226
5107 9754
6405 9027
4304 8421
8025 8640
561 2628
8193 9628
8979 9730
8160 8264
5767 9261
5317 8697
6368 9764
6342 9154
6593 7964
3069 3461
6989 8301
8122 8634
5074 6823
3901 4280
8359 9021
595 6893
911 9326
5320 6040
2126 3191
3510 9966
7549 8933
4133 6437
2590 7767
8018 9187
516 6480
3718 5018
4477 7388
3222 4324
4844 7581
7916 9580
3437 6599
7331 7640
726 1013
7191 7470
3271 6700
271 3838
8200 9434
2184 4135
5613 8808
6862 8927
4562 9460
6759 7204
3139 8116
7028 7125
731 4979
168 8406
5636 7587
5685 6042
5112 7041
1132 2141
4268 5382
6493 6991
5776 7791
2214 8282
3451 6332
1591 9695
2343 2401
2506 7430
3739 6705
8210 9647
5528 7991
8801 9845
5242 9103
8722 9233
8975 8978
2755 8154
4812 6067
6658 6776
4161 5140
923 1104
8913 9645
4390 6728
7622 7690
4369 8976
7034 8198
3287 9282
7115 7178
9102 9859
6183 7550
1489 9830
2417 6148
4052 8474
4855 5905
5513 5576
2874 3643
3019 3697
2967 9975
7510 7707
6299 6715
9605 9864
3354 5261
1751 6281
9661 9972
6570 7292
6084 7102
9153 9776
767 7477
8819 9379
2818 3958
3747 8910
2589 3522
3370 5540
5031 6819
306 4780
1511 2731
4020 9253
787 6585
5569 6327
6249 9921
6138 8579
9590 9688
6562 8807
8174 9871
5087 7881
956 6543
9894 9896
5409 7753
4981 7456
2657 5816
2859 6503
2055 3157
7273 9209
776 3527
6947 7989
4358 6295
8387 8603
7604 9772
3444 7715
7058 9992
7383 8708
3361 8786
6680 9596
171 8481
7400 9500
8345 9796
478 4028
1849 2304
4110 7454
1088 2931
4568 6457
1401 9584
2064 2477
3167 3817
7785 8213
191 6681
5943 8817
2230 5841
182 4349
3215 7706
4006 8095
3482 4166
3449 3886
1488 4418
8468 8500
5525 6446
8879 9057
8787 9220
2057 5245
7494 8098
5713 6187
6031 8662
7793 9769
151 3789
7382 8989
5932 8327
2008 4706
2132 9952
7173 9465
1017 4612
5408 8675
2720 3332
1790 3104
3006 4471
7558 9367
2045 7633
5284 6565
8665 9338
2443 5867
9654 9790
6461 7253
9682 9837
6333 6814
7283 8813
1436 8490
2779 7580
3705 8803
1840 8764
7339 9050
1501 2529
1323 6245
372 6758
5304 7713
5538 6239
2698 6022
2351 9913
1523 4381
6824 9110
1373 2830
6442 9823
1443 2669
8401 9851
7207 9746
7701 8288
7884 8619
5778 7417
4984 8010
5099 5529
1924 6841
1565 2983
6609 7655
1822 9368
4331 7720
2155 6412
7053 7101
8672 8829
1072 1599
7600 7869
5889 9518
9619 9719
6061 7016
1485 4294
2649 7174
6100 6526
9742 9770
9929 9937
1367 2619
6092 8365
2865 9854
8651 9022
9880 9881
9481 9734
3964 7867
625 9304
5150 6721
5070 8970
4878 8194
8176 8458
5331 6962
883 6861
4671 5697
9077 9314
5545 9674
9793 9847
2352 7515
6383 6906
379 9735
1093 5343
2436 3951
7042 8129
746 4693
3765 5134
504 4434
9132 9550
3477 6719
9176 9292
955 2826
7409 8473
6510 6808
7501 9979
6231 7821
1472 4696
2176 8400
2809 3243
8275 8478
8510 9133
5959 7412
9364 9387
1956 3390
6286 7824
6670 8418
9437 9684
1305 2711
8300 9285
9061 9299
3592 8496
5323 8441
3504 6425
3279 8023
2883 3247
3242 3605
5654 7870
7939 9325
7094 7390
6523 6766
6377 7831
7914 9170
7389 9412
7960 9530
2516 9745
7371 8576
9382 9604
1694 8684
3560 7718
7242 9019
8352 9407
531 1098
843
90 15
2394 1611
63 14
10 8
6474 1253
6307 4244
4124 2376
6385 1169
3614 3098
8177 215
6197 4091
9435 7305
4230 1835
1309 1161
6462 685
1949 1882
5292 253
9659 4064
7696 1397
9473 1376
2375 564
54 37
2593 2510
8508 3880
9246 440
5503 5002
9269 4739
2372 655
3024 1413
3373 1976
2885 472
7411 241
8179 5894
2404 906
6150 5689
2867 977
9043 2911
9124 717
4504 1930
9366 5368
7301 3542
127 106
8635 5777
4012 2130
9078 5062
3234 2761
290 162
7067 4698
8903 7637
8128 6204
3641 1494
5473 4540
5921 4295
2463 931
8632 3034
1781 255
1032 821
781 163
9380 7819
6117 2116
9875 5381
3887 430
2385 567
7290 3633
1866 995
2508 2470
2970 1392
3358 404
7862 4079
9182 8524
3937 1855
8255 1444
233 48
5986 3161
5013 1076
2297 2088
2023 611
2067 176
6444 4235
2766 187
8251 5258
7772 6907
9514 148
1103 467
4025 2086
4303 1755
7176 4481
8291 6439
2616 257
2806 876
9415 1779
5157 1474
424 52
5007 2091
6403 1405
6059 5856
8436 4994
8980 806
6710 5548
3804 2396
3994 1110
2702 1808
157 50
807 93
6458 4735
8067 5373
4536 2393
3977 2866
4119 925
8297 6588
5431 3596
4677 2374
4537 2831
6214 1659
7180 1911
8087 5047
9323 7762
299 189
9321 3089
2667 1226
6675 3844
3943 1184
413 335
7044 797
4038 2778
5568 1679
3073 2145
7212 3464
8247 2085
2545 1153
760 687
9499 8657
5537 1936
2941 2686
3548 3338
8643 4232
5334 4581
4029 1916
3632 291
2730 755
7249 5108
7038 1025
7652 3409
1216 646
111 110
7763 6268
5901 5773
7948 1947
4654 2884
2857 446
7789 582
1823 214
6672 3378
4120 3014
1172 125
9779 9567
3489 1753
4638 4056
6584 6043
8394 6143
4468 1339
5084 2776
4334 2076
3668 2532
6944 638
2036 1510
2610 2313
2114 1005
4491 1365
8702 1031
6290 4291
5821 3745
1075 913
2784 1257
9311 1279
4694 2735
5573 2881
9656 1434
3213 2577
6868 293
1552 1029
2741 1283
7152 2220
3334 2459
2040 1533
1160 1066
5523 2087
9211 3351
4985 1366
5026 900
6139 181
6581 3039
8658 7081
7902 6115
8299 3830
4546 926
8362 2951
7511 1784
7397 2644
6542 2787
6908 3239
4035 2923
5325 1515
6569 5712
2369 1563
6582 2081
5920 2253
3333 7
1151 352
7794 3719
3047 3030
6338 696
4188 4131
543 196
5674 1820
2475 864
375 246
99 9
949 400
7378 3341
3169 824
9848 2660
4695 2597
5953 1024
9873 4463
3125 382
3240 2847
5834 4456
9463 4970
4933 2543
1977 936
3078 2943
1282 1173
7848 3854
3774 932
7256 1285
1276 23
4911 2910
6727 6666
7726 500
7057 3980
1735 1663
1090 344
1548 827
7155 1780
9042 1080
5975 491
6202 6171
8574 7842
9758 6846
3226 1567
8303 4673
7037 1990
6825 3058
8004 3904
6347 5195
6997 5642
5985 2587
9399 18
7934 265
3228 2479
9917 1800
7909 7893
219 86
4838 682
1968 13
3123 2392
3651 1809
198 76
5762 3810
5475 994
1896 942
3355 1353
4945 4437
3121 2154
580 275
8856 6828
1471 51
9545 7853
1951 304
6746 1573
3908 2411
9171 5567
7537 108
5405 1018
4356 4092
3786 82
5604 2215
4814 2827
5225 4599
9696 912
4794 239
7064 3131
4523 73
1749 1560
6322 3181
3116 2345
4724 785
3881 3025
1594 1064
3059 3017
8864 1650
3085 1135
4820 270
9791 9015
1967 248
8602 1150
9762 1579
7847 1363
7323 3143
1845 1112
2227 1002
327 77
2095 475
1654 326
8972 1496
1165 95
2018 1192
2407 218
2007 307
2648 878
351 122
9080 788
612 19
4486 3428
9985 5071
5561 2429
6094 5572
1230 140
5614 4939
947 754
805 672
9904 4928
9075 2710
3801 1897
3009 1126
3456 1880
1532 1267
1705 1247
1506 1372
9728 6637
3947 790
9028 6012
9109 3831
9513 4873
1383 798
9973 6312
6551 577
6952 4752
6778 348
3511 2269
7493 6399
8627 928
345 61
6473 3749
7492 4353
6946 2190
1109 276
9492 9138
7043 5365
9902 7636
8951 4785
2744 1575
1714 1288
5130 1667
5835 1881
8991 7571
6881 362
1721 840
9429 4242
4031 3895
4718 2246
6799 5944
5215 920
5078 4282
4655 3060
6790 6696
2820 2466
1120 242
9846 5444
9906 3152
5791 3647
4966 745
398 156
8334 4583
8563 3948
8457 3752
3699 669
5819 4178
1089 715
6983 6847
1991 150
9969 5180
6894 4792
7277 3543
1944 833
3969 295
4357 386
35 29
9130 1148
4787 4666
202 180
1857 648
6981 765
6275 3190
8167 5340
9599 2034
6167 2329
5687 4414
8475 8132
1722 211
3262 816
9748 5931
4300 2359
8161 498
7609 3016
1241 6
5600 437
1246 902
2364 403
5723 2854
7957 7724
3750 1030
1647 652
4473 3330
4123 661
6191 5310
5389 5224
1690 1081
2084 1677
8073 5086
6244 5706
3003 75
3963 2564
4616 3741
5967 1553
3544 2233
9222 3939
1233 982
2 1
2160 28
323 286
5116 1034
7628 4779
9385 7671
1826 1042
4539 2805
9206 6880
5804 1056
5802 3991
494 96
9013 2493
3976 3435
7272 5472
1424 1041
6531 3936
9403 2515
6353 5040
1709 1455
6114 5214
84 43
3859 3640
7435 7426
4764 2323
1807 1287
7202 4821
5703 971
1743 1051
3565 420
5508 2921
732 716
8601 5030
5750 3114
5766 3755
243 170
6302 167
6855 3306
3743 615
4061 1063
2232 1221
8593 1146
9121 4047
7189 1712
301 12
4766 904
2997 2219
9502 9142
9118 5293
512 480
4443 1676
4904 1939
7376 829
9119 1306
3652 1962
7114 604
7129 7127
1655 1598
3251 2536
5500 5123
7941 173
2058 317
6669 1023
9615 7357
2276 1629
2891 1058
8305 1910
8338 2260
1804 1426
8242 4906
1830 768
6871 6798
6631 968
4297 1988
7874 3398
7674 1502
1819 1166
4854 3008
7882 4893
7959 6870
9950 3725
1696 1314
7069 5132
618 332
5208 2316
9986 8424
8904 984
2209 1997
866 339
8982 1671
4068 72
6208 4596
1958 1632
3263 1237
3856 3593
7840 1050
7974 1913
9788 6720
33 24
2439 459
8451 4748
5226 3631
7040 4760
9174 8834
6158 4152
7332 2550
5998 4862
6812 5336
8118 5141
9371 2257
5273 3182
4493 4433
5557 4059
7096 6898
2661 1137
4285 4215
4776 496
5344 3783
2073 1648
4687 2927
2415 1893
9113 2535
4818 1825
9948 9731
780 334
3707 426
9359 3902
5607 5351
5303 1408
7428 5770
5645 3680
7420 2836
622 20
1732 880
6540 1326
3491 283
6936 2617
9345 6025
6392 507
9044 6577
6547 1873
9856 8825
8673 5744
1828 879
8308 2189
7408 302
2717 2566
3820 2799
346 269
603 139
657 115
9872 9273
9777 3888
9860 1504
5696 1307
4959 576
6005 2368
7743 4842
4181 2621
6571 4284
5801 4577
3866 1238
8045 2653
650 160
9522 3863
2188 1202
4113 3848
4488 1240
1334 229
6692 1556
4964 4195
7029 1328
3599 2872
9955 4355
5254 3642
8923 7369
322 124
9029 2602
2281 1012
8565 6782
7921 6317
7812 3484
2314 192
1068 1039
4320 1933
7070 5847
3521 2988
3366 1465
1701 44
7076 4560
8456 6238
8592 3077
8538 5174
3583 2060
89 11
5188 2812
5699 5057
4218 974
2109 541
7222 6045
4793 3494
1869 599
3372 1744
3362 1195
5296 1308
1877 367
8407 2851
9572 8307
547 112
9036 4450
7591 3919
9381 8705
6212 5271
810 119
6689 6049
1892 1044
1100 707
5956 1369
2670 1745
2283 619
762 230
298 231
1304 742
9384 5362
3610 895
2928 2583
3557 952
9711 6243
6402 914
6389 2565
1952 1317
3794 1557
885 552
9157 2845
3141 501
5491 2196
8274 6655
5478 74
1180 432
8916 8572
658 605
199 136
4228 3733
5657 1457
1717 631
5076 2413
5167 3168
4995 4559
6379 2491
4761 4316
7073 4759
1351 712
3833 1731
7757 6872
83 3
4076 484
2528 1144
6253 3657
2556 273
9312 1263
1608 739
7521 6769
4118 3519
6834 5122
7403 4728
7576 5830
3380 280
5563 2562
1740 1231
7150 41
4026 940
6257 3973
1623 1332
5106 4689
6288 2390
8036 5730
6950 6587
1631 64
5996 4643
7047 3436
5658 2930
9855 4375
7123 2901
7776 1998
2171 796
9658 7656
104 98
1128 587
6349 3850
6517 455
6080 5274
8874 5556
4604 3485
4824 3035
8518 8086
9883 8946
2005 1727
4773 3041
3105 174
4614 1815
4859 1847
4019 2654
970 684
281 169
1345 626
5184 3023
8733 1555
4858 2452
3524 1818
2534 2418
2646 1125
1886 1492
4145 570
7749 937
2840 2280
4758 1022
186 55
9040 1409
178 102
1995 488
2039 1016
6369 3425
2099 989
5175 960
8598 2285
3049 1524
6935 4010
4276 3839
6057 3555
9740 8736
6387 3495
8861 2197
6541 2848
8155 1549
1191 966
769 676
6039 2202
9897 6047
2282 2161
9939 6323
6748 2546
9610 7855
8920 4489
7060 5399
1530 408
6826 2674
65 49
7519 3307
7458 6674
3965 681
5147 4615
6817 573
6763 4969
8373 2070
8583 117
9126 7994
2932 1493
3193 2256
6690 6297
6616 2050
3429 2706
4008 2780
5962 4804
5459 2170
6210 987
2563 411
5887 1668
2841 1464
2908 1950
7970 3883
4801 2083
3498 837
8229 4948
4509 2701
6682 3170
6686 2955
2441 514
9010 256
2125 1441
9802 4098
7975 147
431 195
4976 1546
5073 4205
7065 3870
2457 2263
3738 1531
3898 264
3200 2966
6319 2933
2354 2224
2017 839
6986 5933
3824 3612
3294 2079
9213 2548
2935 2158
7979 1284
4322 802
1681 197
3676 80
5546 4451
8621 7547
8661 4741
