213
3958 4376
4590 6753
891 3988
7038 7679
6228 7867
836 2724
8875 9250
2026 4259
6888 7944
5791 7556
3664 4727
5865 7887
7444 9126
6748 7930
6019 8252
8517 9510
5592 7386
9938 9968
4056 8749
702 3431
518 3039
2550 4982
876 2103
2563 9797
9939 9952
1670 9376
1042 4358
9761 9774
8251 9869
9611 9764
4789 6288
4262 7146
1110 6294
9782 9815
3492 9946
9710 9713
2858 3156
2918 8445
6524 7048
6196 8211
3477 7312
2883 6916
2770 3530
6299 8380
6002 7234
770 1149
6262 7081
1822 2060
4954 9915
7828 9154
2065 3396
2099 6756
626 5324
9545 9673
9364 9524
6098 6821
8276 8757
291 8913
6096 8180
9622 9984
4564 8432
8213 8429
2888 9149
6374 9082
7208 9643
8038 9269
9486 9948
1658 3253
7530 9679
6940 8367
8957 9720
2831 8531
4762 6576
9287 9993
2736 3259
6600 8386
5243 6832
3048 5345
6725 8849
6898 7352
4506 8547
8563 9955
9940 9961
7072 8481
1978 9767
1404 4905
2927 6158
5887 6804
9387 9792
1350 8762
5133 6161
306 9778
3419 7046
4945 6449
4722 9584
7863 8941
1469 6959
7883 9835
4237 6061
7015 9085
4872 9146
5280 7981
845 9787
6221 7909
9325 9858
65 5537
9709 9801
1679 7314
8491 9560
9394 9601
9604 9991
6851 9257
6982 8353
7936 9419
1159 9441
780 5663
4441 8721
5857 8773
5744 6033
1329 2096
5631 7654
9334 9987
1771 5083
4190 5505
5500 6651
1283 3648
7080 8018
9537 9577
4791 8853
2703 6507
1417 7124
7438 8824
3357 8270
8462 9151
9876 9902
1412 6954
460 5659
2381 4429
6382 9258
4530 5838
5716 9072
4953 6538
3668 7452
1295 8163
2635 9540
2346 5153
2651 6039
1793 4383
2810 7702
1226 1940
2643 4483
847 5072
4354 6988
7656 8023
6933 9261
3498 9690
1423 2178
5115 7163
5230 9019
7265 7872
6525 9777
8314 9265
8570 8867
7660 7755
8307 8598
3811 6321
8881 9003
1253 9362
1146 1290
7362 7905
8752 9178
1975 7898
1305 4286
512 9822
4881 4916
7604 8983
3172 6566
1887 4697
4173 9447
4282 7785
8308 9848
904 5023
8530 9977
6709 7384
8320 8943
5087 7132
5303 8373
7490 7744
3589 6203
6410 6869
1308 1997
7307 9793
5334 8910
3713 3847
5214 6894
8197 9661
9190 9608
7310 9901
2707 9922
2255 3720
5069 5511
8954 9158
6992 7064
8927 9361
2459 4683
900 4569
3108 7574
644 9803
3394 9509
8170 9964
7516 8417
3296 9944
4172 8121
312
20 7
4758 3073
9553 5754
4851 4555
9312 8647
3361 2791
1540 580
2116 401
2330 1698
7593 5630
4224 2419
1858 800
1782 1398
3770 3070
5735 5121
9531 9522
6009 5336
1151 986
1873 323
7420 5035
9438 2656
8646 3436
2022 853
5804 3295
8336 642
7082 4321
5254 1732
9271 8448
7540 2980
8778 1320
3117 775
9711 8135
3473 201
8890 8594
3009 1123
2442 1201
1589 760
3133 2572
5341 3307
2589 149
32 18
95 66
4386 4178
981 233
6392 5140
6365 1190
2072 1862
8523 8267
1946 738
1737 619
6582 4913
6758 376
67 39
3910 2083
1162 363
4311 1766
8564 2879
9247 7723
3450 3378
8687 7569
1447 261
2317 655
2403 1790
339 147
1249 898
6567 2673
1690 1324
6744 2300
9431 2659
5784 2657
3722 3152
9909 5163
7254 3799
4069 2237
8375 6069
4536 3475
5392 2119
9566 4854
858 531
1772 636
2214 1765
1860 589
5239 776
5662 5544
7763 825
6281 2056
3132 2176
502 398
3264 2717
5262 1463
6305 4790
3966 3756
1142 594
2699 1049
601 364
7772 6199
1848 1362
966 189
7167 4136
226 9
3213 2726
9578 1292
371 130
1055 916
4543 456
6787 63
8389 6767
4763 3882
725 81
1971 430
42 30
3126 600
4842 3805
9156 129
5176 2076
3746 1497
6603 4250
2517 2452
447 93
2970 374
6173 5811
5926 53
4852 3168
427 250
1434 718
4883 3223
2728 1777
3568 928
3084 337
3128 1648
5329 174
2416 234
919 599
6148 2148
2702 407
4215 3453
8555 2594
9232 6944
5108 1018
3827 2853
8903 5621
4057 25
1626 110
1853 311
7846 1306
284 48
9285 5272
2538 932
4691 2339
8759 148
4067 3875
9456 5241
2949 2373
5582 1386
1047 278
8600 2149
5277 1751
8654 2577
2623 2608
7063 1844
2143 1927
9973 1982
6960 6863
6080 3689
115 97
9064 1614
3363 2760
8208 1025
3642 1007
2467 1595
7622 568
817 679
1426 486
9505 2710
3750 2042
9724 9675
4114 3946
2062 1960
1810 1585
3064 1079
4700 3055
488 285
9499 1779
9501 1168
7136 4755
6778 3388
8190 2081
8782 3548
9536 5946
2045 1458
8387 6426
7812 4557
154 131
2114 988
7032 4343
8049 4738
5794 1618
5027 4205
419 29
4292 1520
8074 7664
4388 1943
2942 920
6151 2830
5715 975
548 318
1711 1261
8316 2174
7520 4718
1081 857
1381 1072
7417 5078
4869 1303
9862 9487
6831 2886
5301 658
3418 1384
428 16
2864 972
2187 294
9224 5522
134 28
8056 6457
2482 1880
7007 5611
416 199
4601 3293
4396 4064
2200 1769
3175 1537
4510 4300
2929 1005
2369 1939
2173 158
8841 5095
3645 708
6036 5058
3998 1496
4521 3892
9544 4163
7348 3625
5928 1379
4964 1973
4000 2418
2789 1952
4402 859
9712 3603
7084 2899
2693 577
2582 723
4895 2971
1374 516
9330 7659
1506 1438
6205 4837
7471 7402
6801 184
5623 2132
4688 3560
4862 889
4223 4131
8329 1330
8158 3250
220 87
2460 68
4563 4362
9005 1976
3196 75
6409 4476
1989 1823
9296 569
5635 5460
2090 1615
2049 1509
2451 2157
2122 511
607 602
8338 1003
707 271
1345 673
2637 163
7129 1152
9843 3422
1172 43
7207 5807
6015 3417
9715 8278
2064 1282
1196 455
8222 6394
3155 1154
9624 7512
9889 4876
2159 477
4489 3382
366 191
1457 751
1086 263
2936 2584
1821 216
3660 3304
1788 1713
8363 5585
356 14
3325 3095
3595 1228
666 230
5325 3350
8956 2084
7446 5112
4676 2975
124 99
