206
4203 9418
5080 5450
5329 6907
9884 9989
7266 7959
8557 9416
5525 6885
443 1562
352 2965
7217 7294
121 5920
6973 8391
3840 9473
9021 9291
4831 8331
3147 7772
4680 6766
1341 5466
9543 9802
624 7109
8705 9463
8455 9347
9966 9995
9206 9932
1335 2692
2111 8802
3550 3768
4905 8957
6986 9390
2774 9254
4165 6548
1731 9492
8269 9644
3205 3213
2608 4894
4703 9859
2585 5703
9145 9844
7693 9474
9158 9304
759 6411
6120 8072
3826 5262
6894 8827
9843 9930
9772 9916
4686 4838
9383 9923
9258 9597
5480 6638
7987 9359
6226 7142
6642 8409
5417 6651
7475 8470
5459 7421
3713 7047
4960 7151
9840 9931
3778 9758
5991 6880
7695 8138
3960 4632
2970 5806
2519 5299
772 2247
2935 7778
1102 8554
7338 9768
941 3825
3089 9987
4434 6939
8305 9289
3643 4282
6355 9610
5408 5547
3017 8268
2903 8438
852 9523
1750 6416
4197 4769
9376 9659
2894 9401
9827 9973
5963 9556
8374 9406
6183 8558
2834 2918
9101 9720
4728 6840
5551 6851
9697 9876
4404 8979
3189 7405
201 8976
9263 9917
4940 9805
5259 7984
1065 7536
9615 9626
4620 8281
688 2406
5197 9128
1329 4454
9736 9963
7014 8245
9675 9908
9848 9957
8404 8588
3357 4148
9549 9578
995 5635
719 1235
7604 7716
3532 3856
9063 9209
3025 3478
6417 7498
359 3462
2684 6050
7710 9833
854 2703
7744 9583
1201 4455
4989 7004
1834 7060
3537 7771
8686 8699
8045 9462
582 7847
3730 8207
7961 8316
2489 6225
4229 4322
9877 9896
1899 6698
9997 9999
4522 9783
7878 9129
8151 8887
1637 4486
4208 4508
5971 9893
9230 9378
4499 8867
4055 8620
87 7483
2648 3653
3350 4252
7455 8267
2480 3539
8892 9613
1665 7315
5255 7059
5709 8842
159 215
2655 8673
5723 8226
6933 7370
6762 7337
1048 2293
198 5342
2405 7609
7309 9047
1884 6635
4173 8157
2306 4752
2569 9533
6834 8187
3235 4581
6058 8321
8532 9551
7576 8196
9272 9565
2570 7044
6919 7238
8537 8874
3198 5613
7372 8041
5625 7247
7409 9018
6042 7122
816 9221
3718 6178
2705 8930
1191 4865
4482 8399
9199 9205
7603 9070
18 8851
7256 8329
7970 8708
5101 9700
673 9113
4456 6333
3040 8917
2182 3575
8116 9042
8147 9025
8449 9649
8582 8743
7381 8772
1494 1742
5959 6647
6328 8739
9512 9851
343
3500 2458
652 217
4697 4691
5504 269
5824 1134
1294 575
8120 5423
4594 1666
7817 7570
478 344
3727 654
1462 729
4221 1531
5035 93
8225 8050
5119 1717
561 391
6019 2163
5506 2638
158 39
1796 1031
4591 1577
9748 1425
5053 1572
1074 321
3433 1071
2913 2025
7343 3193
5781 417
1258 62
3026 864
4585 1297
7016 1207
9866 5816
9505 5586
7699 692
7442 1188
8494 5199
559 358
9486 5486
836 68
3194 227
326 5
283 73
9240 2701
7892 5487
2855 1745
7222 4604
8921 1052
1208 1127
3381 1290
6781 5872
431 340
3180 438
383 137
4781 4528
9016 943
3438 2559
7712 5837
7700 768
2276 412
4201 4161
8539 5306
1991 754
2292 1097
5122 867
4150 3799
596 77
3764 395
3360 204
6793 4410
421 64
1913 1013
2544 1315
3868 2232
7281 3594
3002 27
528 241
7671 2132
244 20
3092 3011
6170 4311
4226 1480
6267 4601
3942 1437
613 71
7803 3910
4829 366
7763 5391
2237 1937
9830 8893
5857 4926
5165 3527
5298 174
4353 2565
784 7
8559 804
2023 1064
3279 3148
9352 4714
9066 5313
5769 2385
6624 4624
3503 591
512 230
6227 346
8545 553
4505 2049
1876 949
5655 1864
3137 2279
3530 3383
1407 108
4025 3444
7301 5836
7414 492
4864 3622
7565 6006
2303 242
1325 706
2241 2113
211 1
4451 3697
1841 743
4583 1465
8732 7973
9852 5974
3240 745
4955 2281
5406 5016
2588 1915
4108 633
5187 4369
7235 2140
7465 6749
2954 2334
8428 4888
3483 389
1400 1168
3837 1484
2426 648
2606 948
588 293
259 56
526 307
8993 2149
9391 222
946 552
5937 5817
1979 677
2887 1535
7108 2858
4328 1215
2347 2326
6245 1164
7049 6149
8552 4561
1403 65
4747 376
7893 7013
6381 1162
9718 6017
7203 5124
3977 1137
7272 5386
7032 4382
1636 838
6366 5332
6084 3225
3561 1872
7080 6869
3890 2005
8431 3441
9922 896
3030 663
7788 1260
2421 2336
2088 519
6240 4844
3845 3817
6191 78
5100 4612
989 75
7990 4373
6633 4821
7848 4873
5526 5238
9225 4374
1795 627
8155 7613
4766 871
6738 945
9733 4958
4481 2650
9335 6232
3972 2989
5669 3814
1821 107
4990 3096
1947 1461
5483 1652
7566 6521
6466 2924
6926 1469
4984 2816
9762 427
7668 5027
5054 4817
6108 1513
6734 4443
6136 969
5543 5377
1921 1510
8436 6903
1408 1364
8614 8460
8215 3998
7375 996
7042 757
7358 6238
9345 1103
1642 535
6661 6475
1371 826
8422 4725
7599 167
4869 148
5412 3549
8184 5224
2203 1724
7854 2437
579 482
3655 555
4536 1833
7118 3813
5409 3924
9785 9195
7816 6819
2982 2410
884 781
7012 4289
6353 4144
6139 3565
3630 1992
8179 6413
1550 671
8127 6829
6217 4568
954 913
8018 5683
2875 705
5364 1622
8912 1693
4411 2194
4147 3815
4875 2533
1045 543
2429 1059
484 85
1891 1739
386 308
4791 409
8375 1651
5141 3270
2133 1099
6573 3204
2942 670
2920 516
3046 2348
6739 3953
9371 8604
926 106
3943 531
6077 2473
9259 9094
6927 3406
9399 2915
5097 4614
900 303
5639 4546
6602 2538
9571 6657
2094 142
7676 5489
7879 765
3088 1567
650 549
2826 1187
6454 1638
7647 780
1931 1171
6224 1321
877 496
6737 5275
1242 637
7677 6254
5916 4237
9210 8252
3886 1998
1200 243
7708 2630
4623 4257
4370 1661
6795 4707
7123 4091
1375 52
3362 2097
2667 2403
1072 362
3022 817
2863 1057
4542 1819
5657 4467
297 171
7872 3920
2738 2278
9316 5160
6133 5150
7140 2389
2448 1107
7587 263
2157 545
4194 738
9425 8962
1624 1617
498 298
1620 1140
2181 857
968 540
578 435
1646 270
6213 4219
8576 1205
6460 641
1053 547
8221 3356
9752 566
5678 3298
8261 4417
6041 2503
3610 935
9750 1212
3052 875
