374
93 7123
3891 6703
6516 7211
3479 6896
805 9220
7489 7622
3465 5275
4171 7167
6320 7420
4616 5667
3837 9175
4385 6363
495 5933
9756 9785
5471 9917
5760 7501
6758 9818
3898 9748
9640 9813
5699 9666
8406 9320
4893 9697
659 7204
5257 7709
6194 9044
3204 9580
8143 9177
1093 4938
2724 5397
1043 8635
3929 6294
5804 9523
2293 6033
1854 4529
7674 8641
7609 8343
7728 9819
9559 9791
4266 9434
600 7413
3803 5381
3641 8948
5770 6146
5177 7602
249 3731
7839 7902
5943 5968
6685 7097
9754 9800
8721 9614
6426 6863
818 3244
5817 6519
383 642
6500 8240
1599 3871
9930 9988
1102 5782
7555 7685
7668 9641
3917 7871
744 6010
5183 9236
3844 5380
9069 9980
4182 4484
9317 9780
9862 9903
652 8346
9909 9918
504 9297
7419 9602
55 8756
8003 8483
94 1885
8620 9437
5320 9003
6243 8410
5459 7085
1718 8216
653 877
9642 9741
3826 9420
8983 9751
2030 3873
2000 4233
5738 6120
7303 8926
5927 7445
6722 7954
9198 9348
4542 8368
1125 2372
7069 9953
5025 6970
9279 9949
3644 9890
8555 8899
6906 8686
7702 8833
9998 9999
8242 9174
4323 6937
5189 5225
1136 6720
1646 3638
9540 9905
5393 8099
3536 9433
8499 9893
541 9497
5495 9572
378 1371
3300 4054
120 6017
6001 7715
1534 8438
4586 5681
6293 7933
7065 9102
2360 9981
4536 9621
6713 7287
3445 8607
7089 7160
7477 9995
4331 5007
4739 6376
8575 8866
5971 9415
2427 8542
4141 4475
7323 8869
1274 6570
4369 8288
9576 9651
7700 7791
8871 9932
9539 9939
4929 8938
5277 8022
6047 9224
3624 8104
8497 9700
8083 8189
4123 6686
255 9564
2631 5274
5264 6045
9483 9833
8376 9607
9829 9962
4088 9290
5822 7197
7092 9611
2077 6049
437 5838
272 9897
8586 9633
292 993
8465 9714
289 2289
7121 8128
712 2520
4513 6276
6995 8220
1116 7283
3856 4043
9839 9992
5384 7971
8774 8804
2271 3681
2570 6529
5026 6119
9581 9943
6158 7655
6229 8391
1930 8298
719 5918
4183 5243
4335 8680
9635 9866
3069 3666
9609 9708
6992 9892
9396 9425
3367 3775
1028 6361
4479 9335
1259 1761
9210 9544
3212 6099
894 1334
9461 9553
9531 9657
6639 7492
1521 6503
1973 6162
3673 6991
9620 9848
3700 9139
5778 7596
4535 8109
9692 9841
9569 9769
1970 2273
9495 9530
1925 8132
8310 9048
9887 9941
5832 8896
2880 8708
4720 5374
8550 9281
3075 7248
1185 4047
1055 3222
7667 9305
4984 8630
2320 4242
4670 8614
7006 7563
9662 9989
2202 3331
9436 9957
3836 8835
4216 5309
6025 8415
9758 9963
6353 9812
1733 3411
687 4548
7336 9913
2686 7219
5727 8024
3661 7372
2328 5640
7442 8405
4239 7531
9898 9970
9622 9891
4215 6222
7692 9150
9179 9271
2390 8056
6942 7969
3693 5743
6921 7744
4212 8886
1619 3979
1167 2895
3990 4836
414 1092
5048 8581
8554 9238
2488 7488
322 7223
4995 7083
6418 9217
1176 8537
1236 3047
9775 9921
6918 7104
1590 4629
9782 9959
8373 8783
9843 9861
5610 8117
98 2856
6926 9520
5707 9344
5040 9851
4119 5101
1264 4264
174 8110
4884 5234
2786 3930
8158 9280
3207 9735
8702 9549
3913 5086
6737 9565
1658 3927
667 3562
3342 4189
9480 9971
7830 8991
4510 4983
5057 8018
1860 7845
2492 5979
8261 8907
2749 6844
5047 6165
811 3151
1469 3037
8923 9498
3263 7411
3486 6761
2689 9189
496 1611
9585 9732
6700 7504
7402 8562
1637 2765
8039 9554
2898 9517
2315 7148
1141 5353
7633 8769
6286 7505
4741 8729
2340 4887
912 6504
531 3282
2102 8957
6251 6375
4630 8014
6187 6256
3456 5527
4028 4544
9007 9156
6413 9757
2684 8265
3592 6883
1694 4986
3654 7162
7189 8036
7920 7948
60 9606
5792 6793
8226 9908
2792 9820
8787 9261
3796 4407
4222 9512
450 2582
5291 7119
2948 7641
8455 8836
3590 5312
205 7045
617 2092
5575 8648
2658 9894
1610 1687
8136 8496
7298 7934
9060 9667
5690 6427
7332 8751
8267 9817
5431 7479
7328 9836
634 3195
715 7863
6895 8722
4380 7471
3339 3983
9180 9625
2182 6674
6088 8063
8207 9439
8847 9880
9083 9327
1645 4996
3503 8166
766 3606
9669 9882
106 7580
5356 7542
5487 8000
9091 9550
6478 7798
497
9460 8830
1598 996
3234 889
6824 2932
7212 517
3345 3045
2032 516
7258 3208
6044 4133
2606 1279
2060 1982
9513 1875
5691 2926
7225 1914
3530 270
3615 736
17 3
7547 5547
1370 599
936 50
142 19
5829 283
623 276
534 91
1933 1443
1282 580
7118 6663
9340 3173
1544 677
8464 2166
4318 1719
7821 734
9760 6899
1939 868
9004 5994
1137 998
5123 2067
8204 7557
3008 468
9339 5331
3407 552
9525 6665
8566 8031
6938 456
915 354
7740 2384
9501 5891
4395 858
7646 639
8363 4541
3318 1699
7865 3749
8840 2018
9329 881
3124 1348
5783 3647
1044 197
3466 3410
8883 3341
3224 1656
9393 8969
1034 335
8233 945
4654 4570
965 482
2034 1745
6611 3866
8810 8574
1429 670
8854 3896
3637 2885
7749 2083
9260 8656
9634 3577
8736 1546
9738 6168
9954 7220
1255 6
431 4
2580 2526
7673 6953
6954 5570
6955 1064
4307 3732
2809 1855
7326 5468
9794 1134
3521 2409
4659 1981
8891 485
1468 1182
3720 780
4364 2950
5514 784
6144 1037
7502 4495
997 75
7921 115
9324 1199
5506 4134
7454 3716
9390 5119
5124 2837
5960 788
9745 3076
8569 2857
6436 2824
2266 38
5820 4941
1129 896
43 32
3569 1858
2206 2026
1261 1145
3185 2443
5712 2892
5937 1008
1057 227
5989 3268
1165 557
789 67
2093 2045
7636 4271
9925 4162
6983 1423
347 293
1807 346
472 417
6798 3640
1105 418
9017 6121
6567 5212
3525 466
7987 7525
133 69
1309 259
5366 3475
6404 1168
8308 4960
7395 6777
6843 2553
5382 3352
6415 515
3834 954
9773 4115
3706 145
440 434
2546 1412
9321 4974
7232 1497
8666 2845
2549 1391
9994 525
3500 62
4424 3074
6006 5790
4078 2211
9431 1403
3438 2927
9363 6876
822 775
2731 1104
1966 1289
8361 1109
7725 5812
705 681
3739 1778
3988 3085
3351 1965
2193 1713
1821 1328
5859 2207
9723 8689
1496 846
595 381
8420 7624
4253 3601
343 316
6544 324
336 193
9005 5975
3408 1844
1246 813
7604 7222
7405 2918
9860 403
3800 2843
6218 1139
9822 3095
5741 4890
748 234
4919 568
1212 880
8213 4263
5566 636
7254 6930
4661 1181
906 842
6298 5997
8764 4556
2812 261
8839 3285
9821 9132
5155 853
8933 86
7567 7540
9453 1101
1133 845
4578 739
3574 657
7433 5800
4177 1957
1146 648
6255 2111
8119 4501
9916 9323
2474 223
1323 644
1374 1251
8597 1917
7256 6967
2283 655
5214 4455
3719 3604
8609 3680
82 8
4170 1030
5677 3308
5992 5674
473 139
8057 5116
3036 2543
3651 25
5390 2274
6074 5906
978 807
6575 1269
9435 1100
9046 2434
6449 4550
7409 184
5159 4176
7163 6406
218 215
8644 2124
6884 2700
1618 148
7217 7107
2486 2217
2940 2503
2322 1038
8662 6102
551 548
7041 4015
6227 15
3441 2758
4700 4526
4721 1061
4580 3507
474 447
9863 2419
380 254
1608 810
9706 5824
8629 4813
1814 1739
7939 1045
9478 814
7695 6669
2239 567
7201 2173
6945 6225
5111 4147
1179 1004
890 159
7426 5694
564 535
370 23
2869 1878
1075 453
3025 2875
5897 3948
2576 1435
746 486
8909 905
9859 2319
2718 975
2517 1232
1123 597
6408 5404
6161 41
849 528
1913 1069
2957 2276
1907 1107
7537 7229
4478 4143
8740 3171
2842 2031
262 243
2344 2170
4575 1662
1446 927
2915 1523
4846 2214
4704 923
5507 1296
3062 1648
8316 5460
2388 103
3672 2937
5537 5318
9314 3022
3839 483
2418 135
5608 1439
5925 4797
6840 4934
4590 1764
9241 294
3272 2261
2263 492
11 2
3788 1033
2200 1231
2334 1954
1941 1223
2566 479
1447 1128
5675 2648
6716 3046
9292 9081
4591 1
7273 6920
9790 5669
1245 1227
2528 2267
3707 519
1529 778
8015 2326
2245 280
1798 26
929 208
8902 8102
6682 1381
3229 2936
3496 14
1674 263
2288 802
7802 2599
2849 2365
6656 1532
8906 4601
3533 2005
5369 1508
2156 1366
902 693
9464 1663
2452 226
1066 167
1968 117
7918 176
1414 1361
2382 1698
2042 1696
358 241
3495 3027
4063 2626
5753 5328
9021 3329
8567 5436
6254 107
5734 4340
7690 1960
2632 1301
100 57
61 48
3692 2537
8377 8052
7285 6658
3528 2395
4621 1549
3068 2540
6582 1320
8625 7698
7128 2586
1571 433
2641 2162
991 908
9193 9085
1504 1392
9624 5430
8489 3583
1267 696
6279 356
1703 71
6817 5884
1643 1046
2679 1514
5974 5862
854 221
5819 2866
8191 5170
1014 772
8379 741
2813 1303
2311 2120
8381 7024
5772 3382
3254 376
5788 5457
156 52
6303 361
1734 1632
6188 3559
9561 8579
8404 8401
1355 1197
7075 1753
3784 3215
4167 995
7335 3766
7390 155
9446 6290
8058 500
5363 3363
7956 2133
127 7
6259 3758
2687 1291
9770 5746
4256 332
6207 5538
3053 1891
9341 2087
619 30
8799 1119
116 97
9002 844
8280 3292
8515 4381
1805 873
6059 3805
3145 1475
8195 2154
6312 2296
3107 1757
898 720
8030 2127
3440 2784
6473 1467
31 28
1790 573
3643 2636
4464 3044
360 160
9750 1492
9345 5242
2152 1265
3859 2216
9590 5300
8911 2123
4711 1509
5890 5314
4205 3811
3112 2788
1724 1481
7915 3746
5287 3596
4092 2037
8371 2055
4634 4008
8002 6445
4673 1160
3129 1126
3200 2237
9529 2694
9809 8476
1204 397
8228 7042
4730 3002
692 690
8086 914
4397 12
6388 3146
7299 4718
5703 1515
9148 2130
1248 960
8246 974
7589 3969
7938 308
277 192
8997 8257
6356 1430
5697 24
5543 5185
