693
1335 3299
7023 8752
4833 5104
4801 7146
5580 7010
4245 7635
6337 8595
3031 8027
3375 6700
355 3138
4484 9779
5961 7384
5121 9725
2588 4512
7024 9599
3429 8250
4590 9943
5895 8043
4172 6085
1553 2645
8527 9988
1882 9871
3634 5793
8123 8765
5622 8071
2199 4444
5686 5948
442 5365
5073 9332
8187 8292
1552 3555
6813 9598
6671 7299
1989 5434
3175 8166
2389 8404
4613 9285
9052 9990
320 6235
2412 2671
5561 9198
8643 9435
2576 6899
9420 9953
855 7955
5933 8428
5986 7868
5620 6195
7504 8082
2395 8393
7558 9145
7694 8757
9558 9935
2175 3284
9801 9948
2021 2902
1869 4814
3615 6273
9411 9677
8116 8418
2659 9611
3435 9166
4042 9013
1066 8772
8274 9515
8938 9744
1363 4123
6932 8412
9495 9873
6633 9545
2461 6116
3564 6545
7640 9740
2329 7560
5987 8333
531 1843
6054 9016
9629 9697
1389 6953
1466 4130
6376 9918
4928 7828
2006 7392
4467 6934
1027 4549
3716 7980
4654 9396
8063 8267
9171 9208
6066 9272
3289 3892
1298 2091
7257 8956
4987 7526
4835 6987
4617 5085
5737 8273
3518 8312
4420 4469
7712 8839
9661 9960
7446 9882
2001 5238
4034 9989
9012 9986
7854 8103
7351 7900
5456 9222
8869 9391
9579 9765
211 3440
1157 3204
7645 8877
7994 8859
4011 4074
1025 1695
757 4231
5487 8674
4637 8437
8232 8427
4475 9176
2744 3261
1431 9319
5791 9524
3453 6515
5652 5937
63 7202
277 9269
6114 8656
4356 8897
2640 7826
6955 7514
3342 4825
836 7463
538 1005
3561 5662
3967 6248
7180 7972
6397 8408
3674 9822
3397 4757
3959 8487
4259 6198
4662 9835
6008 8302
9298 9668
3198 4478
1047 6520
8925 9470
1073 3243
747 5865
8311 9412
5540 7588
151 2490
4497 5808
5781 7722
2201 2746
4332 8110
5226 6165
4999 7339
8781 9251
8561 9500
1315 2861
9080 9734
3591 3923
8890 9503
5751 8940
3385 6634
4456 5870
7398 7519
4579 4652
3503 9795
6000 6810
1238 9091
3866 4779
931 1966
8825 9802
4416 6402
2312 7775
6629 9246
382 3864
7016 8179
9546 9833
8564 9498
4089 6089
3890 8570
362 2587
5406 6419
9766 9818
5846 8793
9568 9806
3450 5463
2326 8939
6160 7676
6290 8572
7753 9551
2579 6554
2496 2657
4396 9423
4473 4520
1791 7114
4239 8950
137 2535
439 3894
7358 8943
3512 6753
4782 7797
9964 9999
4954 9866
448 7747
178 9129
9791 9902
2342 7450
7762 8714
1442 4233
2238 5083
3535 6088
5788 6083
141 742
9124 9229
4679 6350
1133 6022
9523 9846
154 9977
142 226
667 973
1039 3262
7903 8888
8070 9652
3721 4873
1260 6358
2338 9469
8266 8727
3828 5581
2162 6877
8594 8816
2628 5020
3522 4888
1604 4044
8100 9328
3073 8184
8339 9457
2353 8215
8975 9969
9782 9889
480 565
8573 9108
898 5462
1153 4408
8221 9002
6164 8438
4553 5374
2972 8577
1523 2080
1364 8635
2804 5280
8169 8213
5795 7081
8937 9146
8034 8746
7222 9444
1091 7944
1201 9923
1308 7522
2986 6944
7215 7950
7062 9356
2622 2673
3647 9897
8522 9445
2070 8229
9686 9714
7751 8704
1766 7667
6244 6469
7037 7251
5915 8402
6920 7416
4795 6021
8149 8907
4645 5578
744 4612
1697 3782
7908 8661
8258 8663
9473 9975
3658 6440
329 5731
3635 5004
5411 5862
1395 9007
5233 5698
4008 5180
3117 7984
8391 8429
3322 3425
2668 9659
8392 9767
9160 9301
9279 9596
6207 6948
7288 7474
9623 9949
6624 8546
7047 9037
8357 9507
7420 8358
8974 9260
5749 6768
377 5960
7590 8024
6302 8093
5101 6134
1824 2912
5208 7586
999 9177
3074 4607
1502 6011
2896 4402
8073 8761
6291 9875
9335 9922
705 7210
2126 6858
653 2708
8798 9001
4460 6186
7213 7969
3584 9600
4979 8162
3489 7070
3384 7925
1304 8788
3156 6380
2348 2666
935 8671
9419 9877
835 8520
5453 6990
7183 7743
4990 8019
1792 5352
4630 6086
529 6763
4449 7734
96 5072
1808 6742
907 5678
6684 6840
5443 6140
3929 6635
4150 7517
1319 5958
1379 5040
6344 8157
5959 6537
5589 9223
5738 6060
2608 6275
7683 9008
4216 7285
4143 5322
57 4720
9043 9543
2152 8241
2089 9413
16 769
3668 9788
8263 8444
2398 2406
9320 9944
9040 9773
6093 9841
5230 8378
5309 7916
3399 3826
794 6016
2284 8130
4716 4775
7468 8800
4019 8710
2787 8138
5905 9572
3827 6690
708 5921
713 819
9140 9638
1841 5288
1054 6643
4026 4275
8630 8731
3600 5181
160 3817
559 9362
7812 8230
5089 9992
2766 9395
4594 9058
8827 9987
6117 9342
2765 2913
9798 9932
8227 9670
5591 7232
7253 8260
452 5845
1453 5341
8596 9123
375 5735
9564 9781
9455 9845
9648 9700
9138 9826
8536 8912
8056 9899
3832 9743
4230 6480
7198 7805
1922 7308
4134 6943
6997 7143
9343 9843
1598 4188
7807 8831
7782 8452
8191 8882
2208 4450
6830 9981
9057 9488
5222 7000
9292 9606
4016 4232
6807 8864
1684 2169
7 4253
6940 9340
4314 5664
4083 8534
655 2742
3766 5002
9466 9631
1654 6999
2699 3912
9261 9374
9399 9531
3301 4837
6051 8262
1987 5377
1170 5477
1990 7419
1434 8795
346 7711
6850 9759
390 3995
8715 9127
6375 7794
7546 9729
4096 8978
5564 7499
5331 6180
9418 9800
607 2522
7870 9583
8009 8593
5796 9446
2607 4338
2295 6474
3799 4023
4752 8446
5146 7660
9386 9878
7976 9655
7811 8801
665 9369
4655 8815
2759 9456
619 2889
6368 8905
893 3905
873 2940
5969 9751
5178 6751
3575 4448
7165 9816
5658 7366
2994 3541
1107 3140
3676 9840
5123 9696
9522 9807
4502 6454
631 7142
47 762
6369 8490
5574 7443
3965 4328
5529 9029
2743 7583
7162 7597
2946 8015
8519 9492
6967 9895
2275 6172
2299 3433
5615 8517
1797 2052
4817 5498
4908 9644
7780 8954
5718 9299
8885 9553
2339 2473
2016 6562
6906 8345
493 9186
6952 7452
885 9458
3333 6795
239 7663
6717 7140
2518 3760
5619 6667
5914 8079
4302 7841
8836 9078
2604 9018
1564 8952
6242 7986
8640 9310
3136 5113
7692 7741
2691 4355
522 5209
8348 8711
788 1321
6265 9357
4129 4327
913 7144
5314 5367
937 4823
1056 4566
5168 9741
8206 8941
3581 9588
969 1853
3080 9838
5814 8843
6865 9896
6910 7041
9692 9945
1063 3578
434 604
260 5186
1456 3193
4539 8457
7057 8784
6427 7948
86 6470
8512 9014
7174 8673
6968 8774
5255 9712
8947 9809
5336 7311
2764 9365
8067 8543
3314 8485
1672 7935
3093 6133
6591 6786
1530 8946
2737 3272
3327 3749
7518 9326
6293 9120
8400 9289
4422 9239
5572 7097
2724 3467
5940 8239
7429 8604
3380 4516
100 7071
3944 8212
5640 6852
8323 8361
9731 9856
2287 3906
992 2217
7490 8245
4021 6936
5740 7322
2519 5047
8544 9039
8303 8538
6137 8193
8891 8963
940 3765
807 6403
6450 6801
5674 7087
5248 8632
8003 8189
9241 9271
6959 8288
1125 5982
7912 9031
327 659
3769 8797
1622 4852
8309 9915
8289 9154
4763 7702
4151 9038
519 7056
5513 9318
4875 5244
4571 9893
3189 4939
8508 8914
5197 7860
9182 9815
1339 3694
6888 7992
9315 9942
9898 9905
3940 8785
1451 1956
2682 3745
6681 7815
1329 5881
3774 5747
8606 9317
6757 9555
2292 3550
5774 9287
4080 5584
5343 5558
2864 6613
1525 7825
6224 8102
2847 7634
4202 7076
9592 9847
6303 6533
4635 9865
2154 9561
7244 8615
4265 7333
6227 9061
1540 7075
8477 9534
466 7385
272 8205
8335 9919
2354 4811
4570 8631
6076 7229
2865 9892
9082 9243
8862 9557
1443 6435
1820 3086
4490 6894
9350 9680
6453 7769
8117 9913
5757 9632
9194 9195
7719 8533
8415 8440
2763 2863
9684 9994
5643 9117
7783 9717
8911 9046
7487 8329
2259 5770
1448 7606
55 764
1085 5321
9414 9587
5372 6989
7020 8942
5294 5762
1673 7138
9460 9837
6639 7678
2944 9682
1594 8005
501 3335
338 5681
7296 8145
921
4734 4336
2146 1396
7512 2477
7137 2922
5981 1245
1204 158
2210 1874
2903 597
5370 1123
5150 1806
5096 4918
5474 2133
8395 7608
6793 4094
6985 3209
5459 3900
787 540
9274 8541
1279 209
4229 2790
4235 1614
3285 3270
7562 6471
4601 2884
3719 3607
4313 3379
8290 7349
2559 311
8616 4401
8131 847
4195 4033
1979 488
111 106
8161 247
2010 1452
7456 645
3426 3377
1046 444
4430 3104
3650 2976
3891 3158
5690 2656
1270 1018
8876 1720
2598 516
265 85
7850 7837
7803 720
1862 1568
1016 23
3246 248
5713 971
1845 1641
1886 1648
6499 3908
5608 4802
967 420
3033 901
6563 4305
9192 1597
5018 2990
9713 1117
9478 2248
3286 1951
3932 666
2042 10
3876 3516
2965 1221
9542 5381
1369 323
2405 1432
9258 8603
7830 4346
7414 145
1589 1064
9255 1427
7895 7134
5079 3916
4075 421
7365 4056
5794 4762
9306 2333
3570 1591
8174 909
5042 2700
1759 1235
7556 4717
2775 1924
290 112
3060 2131
2484 726
8775 3587
1515 985
3883 3187
3985 1011
4299 3582
5391 621
4371 3530
9447 4666
7963 3925
9794 6287
7958 3989
652 216
8979 5553
6891 2262
3727 1493
5051 3039
8965 7873
6 5
4289 1873
3527 268
4804 1524
50 14
6770 1618
9824 9288
3165 1854
7116 1129
9563 7221
5281 3345
4581 1664
3616 2306
2825 68
8342 1581
7034 3987
7326 3181
5151 4053
2482 1702
1098 113
8173 4956
210 156
3982 3927
1676 1075
4209 3513
8619 5860
4903 1985
9266 2762
5683 2350
896 557
3732 2728
5049 1973
9702 8720
2749 1642
6758 3999
3369 28
599 280
2841 1380
9023 7315
3787 1246
1146 579
2901 295
2637 1859
2676 942
9890 2979
5016 417
3784 1161
3579 2107
2968 2303
6424 2951
5386 1197
3862 117
4551 3528
6648 4148
9200 2892
9544 685
5258 3874
6713 802
2176 162
4878 2957
9803 136
919 123
8753 8441
812 450
9494 8739
6250 3365
3776 3097
3928 1455
2029 1592
3569 2953
3438 2679
1168 782
391 51
1506 1341
2215 2143
2785 1650
6559 1554
2203 614
9491 3738
2534 905
4867 4783
4648 422
9034 972
340 200
1101 789
9518 5985
7342 3968
7650 1980
6988 2214
9175 1182
1693 1505
395 312
6567 1850
902 376
3576 3471
4412 826
159 90
2417 475
5708 2310
5835 1952
5239 1607
9067 2056
4087 3506
3833 471
6857 517
546 333
4857 4288
4915 464
8319 914
7115 3491
1934 890
7786 3417
394 228
4914 608
799 459
3409 135
7216 1500
6362 1303
4464 3642
9376 2173
6174 5661
844 22
6558 5259
8787 6761
7380 3499
824 443
5139 2634
1611 748
5328 2828
4303 1961
2501 793
8433 6883
8777 2525
6268 4567
5111 349
6330 5998
3770 3023
7982 5409
8919 7291
582 264
4995 3563
3058 2101
2110 1608
4934 3792
7960 3149
1194 928
4154 3351
9149 7671
584 494
3562 1283
3360 938
5663 2692
8562 3188
4162 3914
3877 2858
811 470
1575 883
4354 2840
8463 882
1688 405
3095 1418
5021 418
4320 2701
109 107
5610 5404
2120 1411
8401 1344
4224 1348
6915 4386
423 302
2186 1689
3758 3451
2959 1584
2213 1941
9028 588
515 359
4764 2735
7943 6776
923 774
9234 309
5894 746
3819 1267
9402 2838
7263 1991
7665 3154
8563 2439
9282 339
4312 184
5358 2807
5067 618
2832 2505
2012 1627
7249 3171
5554 3410
3737 269
4792 4599
297 116
4222 34
4528 3688
3455 3122
2164 1696
9707 2400
4500 2182
542 300
8449 3898
9132 5754
372 4
850 758
9196 3230
736 574
4525 4294
456 310
4683 3879
4830 4641
2221 2129
8148 5889
6153 1200
9754 8931
4085 1619
6599 3277
2116 412
7397 5290
3439 2707
955 718
426 120
987 396
6805 6709
6204 2730
9736 432
9888 5917
9355 8113
1649 1185
7781 4157
5261 3019
5183 958
6221 1281
699 570
6314 3824
6875 3132
5785 3139
3573 2567
3858 2430
4488 4081
9368 3677
3172 2672
9550 6822
255 190
9354 4493
886 567
6756 5446
8430 1788
6283 5405
2521 1036
4555 1789
8745 6091
4983 2346
2729 1231
9382 3148
8053 5496
4117 2616
5970 5953
9602 6464
4774 2440
6610 6074
3717 1761
6526 3596
1118 366
9739 6884
669 467
1224 518
2068 273
6254 2079
7679 2868
2452 414
5975 1050
9334 813
6651 3045
2046 1088
6733 6680
4910 1917
7436 4628
8385 5460
816 581
182 72
4477 343
5669 1895
7102 5790
5609 3280
2121 241
8426 1191
8802 1763
8159 4532
4110 2343
9218 5635
1441 1405
2268 2011
7254 5756
9857 6096
1944 648
6493 3357
4784 1326
3454 335
6975 4874
2686 2625
8878 6938
7425 3142
9293 7552
7539 5228
4375 3267
5401 800
9280 6718
6082 4108
2251 385
7604 1241
6388 1535
6222 3386
4711 4372
7584 6288
5375 3859
9891 1071
9112 1324
4067 2390
2648 78
9904 4267
2786 1534
2387 2261
2188 1210
8279 3568
4442 636
514 236
4771 943
1819 1013
9059 6216
9448 8413
2113 763
6896 3325
9290 3857
431 129
6002 716
9616 1150
9475 5741
2081 1487
7619 398
6277 6226
9210 1583
5057 1814
9139 771
7265 4544
9506 7493
357 20
6415 2888
8315 1998
4378 2752
5263 25
4413 2274
9408 1640
3531 706
8244 2047
4004 2118
6731 5952
6320 5571
8997 1003
8419 1971
2565 1428
6682 5852
1383 697
3486 2584
1565 1294
7082 4949
8558 7910
5024 3992
2537 2048
2022 1035
6488 5147
1781 1537
2586 1256
1555 205
4370 2900
1067 990
9844 4124
2063 1057
6904 303
9428 730
7324 89
3636 3191
9851 1879
4853 1978
4816 1857
1514 1347
7135 5840
4090 364
6215 5547
6199 2952
9026 2014
5482 4018
6976 6539
5880 2852
3960 2988
9164 3464
8137 7617
1657 876
5489 3403
9914 1867
3398 569
8898 2619
9143 7727
622 356
2165 2055
6489 3762
1205 641
6502 2827
4330 3963
4480 962
803 451
5688 591
1352 895
8199 7021
6436 4381
6015 5565
8627 2038
2788 9
5299 1988
4453 1479
8660 7167
4203 3178
8984 1885
2875 2421
899 35
670 164
4022 761
6847 2088
2255 324
8396 2402
6141 941
275 246
8127 5736
4767 2136
3630 1578
7099 5570
8171 7390
1721 1053
502 69
3771 1378
3853 680
5464 2569
4854 710
6258 778
2476 1694
4068 1508
70 52
3951 1728
1297 193
7592 3151
1171 1119
1489 872
4587 3943
1810 1343
4810 3952
4656 354
7141 5134
498 244
8370 4858
7321 5712
9774 5510
2073 777
9459 4155
4069 345
2839 2276
3459 3222
6926 3490
2805 1851
8990 772
1467 207
3845 2898
399 95
8657 3372
9439 7310
8200 7879
5074 691
3884 2271
5892 4786
5832 1023
7026 4560
6890 4657
5671 392
4149 2096
1740 511
4824 334
4849 1478
8183 4550
6662 649
3702 1960
3121 331
6728 4400
2936 1314
5340 5235
7792 6119
820 179
766 157
5804 2817
2069 33
6530 996
6916 5891
1803 388
5191 1632
370 189
530 278
4572 1390
1541 1511
2632 2161
4405 325
4703 138
3733 2510
7646 1567
181 105
2890 2369
7077 4481
8144 5978
9883 5332
3437 218
8542 1361
6841 430
5379 4395
6937 6407
640 143
1602 1322
587 401
1460 404
3334 823
9323 6421
5827 5410
8949 3646
7975 1196
7610 3863
6425 4540
4627 2367
9183 825
3036 2931
5842 2943
3643 2850
5029 3010
4761 3662
7670 2527
6118 413
4455 1048
8237 6431
6769 5604
817 87
625 301
5271 1226
8397 7413
7770 2457
6370 3241
5637 4935
1994 1195
7465 4598
8469 3263
1110 76
5084 122
5977 2874
3347 2320
3391 3119
9462 1891
9768 5936
8224 7262
5822 1239
600 397
8129 1169
3396 3025
2661 1366
2893 1840
2891 1215
995 846
1412 1006
5211 3392
2636 2578
7847 2675
6570 5293
8894 7242
9322 6689
688 148
1661 43
262 1
6211 1254
1373 1105
5413 4756
3468 2290
9064 6348
1287 1251
7334 5508
2191 2105
6590 3259
298 285
1722 897
1861 1687
4967 598
9284 5908
6958 5506
9336 6492
6848 2467
5277 118
9180 4350
6057 1831
9939 8904
1490 779
231 108
9147 7301
8234 1561
5530 307
3111 369
3797 1804
7823 3390
2267 679
6536 1345
9385 4713
5789 1916
2872 687
8022 4415
3680 3304
8491 2249
4167 2037
725 682
8208 4588
5709 3037
7388 4945
3144 2119
6859 1219
3311 2392
6508 3754
479 402
5212 1651
7171 5185
5313 975
953 875
4559 1615
2793 991
4050 2005
368 191
9022 7004
8300 6954
6871 4280
3253 2992
1203 959
3585 217
9416 7892
2932 2650
7687 3127
2551 1438
7961 93
2247 124
3008 539
3689 1921
8707 330
4985 722
8866 5135
5956 1911
1167 288
2266 1155
212 66
7520 6561
9203 5476
1516 1393
5387 1890
1876 505
7484 1232
6271 2975
6423 1172
7488 5323
5354 2085
7424 5395
4175 3946
1784 1086
6619 1928
4644 1686
4906 3542
172 3
9050 2030
9591 1108
6523 1557
8709 6789
8018 6306
1743 1223
3515 3383
2142 2028
8050 2218
9133 1499
4158 1800
8951 2599
8518 2916
7256 891
5199 3625
8256 6017
6269 4897
4324 1207
7279 6280
3867 829
4843 4738
7297 409
1905 1228
2757 1060
7369 7344
8488 3692
982 484
198 15
3164 2721
6676 731
9053 1700
7495 3288
2489 2061
7437 7187
6804 1938
3250 568
3841 2411
7654 1258
4057 1860
3109 1463
8111 1566
8194 3500
3849 1825
2296 770
7158 6834
2498 2013
3465 3421
5335 3101
1342 715
7472 1653
2851 1818
4311 4170
7804 2280
2856 1068
6285 1222
206 185
2059 1019
4114 2158
9567 1947
4729 4255
8297 4864
7346 61
2581 946
5285 3949
2098 491
5493 1154
5809 1229
2938 2880
1083 1059
9237 8988
9062 7131
7043 506
1692 1040
5566 4698
7956 6580
2722 1031
4760 1522
1236 643
1388 26
8565 4970
9051 7477
1365 321
3182 2834
4522 3320
9657 8451
3536 1078
7934 7790
2109 1609
7755 7354
4166 1386
1355 1055
9474 8955
8688 7907
6727 6012
1202 1144
8296 7072
9360 2572
1420 289
2374 134
3348 227
6531 6490
2403 1559
1177 316
2575 2486
5297 3838
5587 4436
3664 1262
4700 1247
1794 499
7208 5438
6249 4241
5461 3223
5760 243
5724 4179
1972 842
7110 6457
4227 3978
2304 1992
1610 1141
4694 378
2886 267
513 30
8567 6974
2641 520
9792 6132
41 19
270 183
5929 4869
2289 437
3752 3123
1549 1234
2665 1652
4605 2094
8349 7773
3312 1870
1126 469
1908 1737
