465
8077 9036
299 999
2675 8773
1631 1972
6150 8855
7091 8289
4556 6793
7484 8179
5152 8729
1807 2662
8989 9762
4325 9133
2940 8369
6195 7097
374 2265
8733 9405
2504 9563
6859 7290
7268 7627
3271 8997
4588 8112
7471 8505
9444 9806
8319 9546
9728 9765
7925 8688
6672 6900
2942 7508
2209 3222
4912 6795
3223 6283
8194 9793
5086 6620
7536 9329
4387 5383
4436 7916
9901 9906
7017 7042
6591 7874
9467 9960
796 8451
4573 5471
1576 4938
3581 5620
2199 8646
5132 7581
4366 6496
9637 9954
7401 8414
2750 7932
3798 5984
3027 4407
3295 7462
4374 8678
8377 9101
5894 5939
4481 5909
1069 8067
4092 4724
8833 8834
7913 7930
9104 9186
8602 9413
3643 8314
371 7145
2159 5975
9119 9535
4898 8220
2250 2407
4323 6992
8046 9136
1687 6653
9661 9977
7529 9005
619 6072
3998 9514
9496 9719
3386 9797
1923 8017
5315 8937
3551 6102
1872 9219
4262 7449
3749 6646
3552 9145
8864 8897
5502 9211
7374 9056
3154 4064
9788 9968
5982 8318
5349 8498
9449 9588
5945 7465
6298 6582
9350 9711
9931 9932
8504 8866
8681 9190
4833 6820
3047 3986
5250 9972
988 1124
8359 9928
5838 6564
6085 9739
1946 7584
8921 9253
5568 9335
2500 5912
3465 8056
7722 7853
8632 9724
9106 9991
8740 9909
5561 9488
9347 9559
6846 7551
5219 9899
9192 9378
3653 6538
7184 7485
4847 9730
7379 8902
2601 9839
7113 8582
2018 2833
9971 9974
7296 9282
5363 6312
7655 7939
935 2473
6531 8960
9094 9827
4296 7450
3440 7835
4389 8594
9296 9664
998 9876
137 5918
7025 7666
9021 9100
6174 8332
7720 8402
3594 4547
3566 8682
9312 9337
3606 3903
4845 7223
6512 7986
4300 5464
6532 9675
9090 9555
6440 9280
662 8282
6373 8138
96 8908
7513 7708
8725 9726
9383 9820
72 1667
307 7112
7304 7678
4270 5224
3435 5034
7457 9616
7605 8531
3400 7178
7843 9123
469 8575
410 1140
1650 1661
8577 9470
7062 7846
1255 3460
8045 8176
4760 6872
6919 8910
4523 6800
1586 2592
3227 5312
4313 8757
2570 3134
5738 6274
9167 9556
192 549
9364 9502
8987 9141
248 3084
4918 6706
5431 8539
8481 8858
6687 9572
1773 7767
7109 9799
8190 9703
1974 4330
78 8827
9867 9891
5221 8851
4919 7260
7200 8640
1942 4515
8305 9886
2796 7623
6987 7567
3421 4633
1549 3196
8157 9930
7313 7800
1615 6700
7058 8337
1316 8213
1282 7234
5775 7219
2523 8601
5861 7087
1249 3010
2187 9894
4149 6590
4363 5635
296 1848
7367 7892
9085 9273
528 6855
6551 8272
1384 1424
6300 6472
5409 6099
5389 6171
9338 9414
6105 9154
8299 9966
4310 5902
9454 9912
4171 6456
3183 9435
7960 9363
2780 6526
4117 7446
6220 7190
6471 7944
1786 7873
2463 7144
8643 9156
7350 9355
7149 9647
4862 8238
2968 3648
5957 9062
4865 6963
5526 7634
6367 7098
3952 6932
551 2130
9580 9639
5780 6198
2996 9819
1298 4596
4718 8350
3320 9610
894 5232
2201 7354
7295 8398
8165 8493
1342 7999
639 3553
512 8386
3043 6124
960 3225
6042 7461
4649 7990
7893 9893
2895 6029
8463 9258
2737 4320
7198 8648
4767 6014
4960 7982
5551 5671
2743 5357
8182 9257
73 2797
7673 9845
5107 7936
214 7909
3456 4279
9117 9593
2814 5604
6326 7943
875 6309
1561 8698
2638 5792
1272 4324
6613 9392
6762 7831
5444 8741
5971 6041
5057 5474
3413 5015
8400 8905
4399 8089
699 4083
6346 8044
9690 9731
7294 9019
9495 9824
1803 2541
1195 5365
5070 6989
2404 6776
2325 4796
8657 9777
6558 9801
2215 3600
199 3927
1616 5490
7572 9170
5612 6879
4055 4132
5530 8747
525 6410
373 2799
689 4927
733 5481
9881 9915
2173 6610
2933 7856
4576 9518
694 1886
6192 8005
5632 5835
3892 3990
1336 3649
9976 9993
5056 5442
2649 5473
9193 9539
6666 8861
6902 7502
2545 7422
7726 8925
2446 8153
6052 9582
5380 9898
8312 8744
1975 8692
9439 9598
5904 8014
5762 6536
3433 9511
2040 8517
163 7436
5973 7249
8302 8781
4945 5029
34 6689
7252 9693
832 8431
1718 5168
811 2574
2024 9427
9523 9990
8328 9462
8356 9281
7031 7057
8578 8954
8149 9471
6636 8390
1123 9159
3135 3948
2760 9579
1648 5673
3415 3735
5516 5747
4392 6250
5824 6580
8567 8762
9910 9989
3577 7728
4553 5367
1642 8627
2257 6502
2905 9568
152 9189
6314 6641
6464 8695
3452 6084
4337 7808
6364 8470
514 9837
5708 8310
3078 8178
9132 9468
4019 7186
6030 8806
7501 9520
8417 8519
7781 8612
3536 6466
7621 8490
2769 6219
5793 6664
7957 9061
4028 8702
615 1067
3778 3890
7334 8972
7877 9755
4715 5779
626 2079
8502 8595
8126 8440
5483 7557
7391 7434
8291 8372
4939 7076
1055 7797
2969 7095
9277 9430
7222 9646
6337 8565
1458 5653
2460 7645
2255 6208
9368 9916
2725 3498
2964 9334
4704 6906
6811 8734
1766 4522
4540 5707
8078 9165
6630 9490
2511 9887
6414 9134
6814 7928
26 8052
428 4567
2269 5794
4263 4690
9158 9649
9262 9387
2591 5371
2619 2994
4198 9840
8674 9343
2445 6448
1779 4420
7674 8409
486 9243
1825 8909
381 2382
5776 9708
5622 7659
2286 7324
5402 9377
3416 9907
2512 4131
1498 8161
8980 9805
900 3264
5599 6438
5343 7564
3849 7197
142
9838 182
2800 649
3837 1557
8843 7563
7444 1676
9112 427
4444 2653
5675 5286
331 124
8168 5237
9129 4923
4066 1840
7240 3915
8654 90
6378 1801
5470 2872
7933 5476
9199 6658
7630 6066
4728 4577
791 631
9004 4178
858 84
3448 2050
8584 4454
2984 2470
2613 125
1707 1489
4613 510
7362 2424
9125 3056
9151 7004
542 99
4982 304
3571 1201
8622 3929
5398 3182
2956 2061
2946 735
2190 2069
17 10
4169 887
4617 267
6972 6589
7504 6017
5811 4180
85 20
1816 257
6096 5093
2467 2340
1541 1532
8385 5925
6244 4113
7341 1260
1761 1354
1867 1176
4877 177
8984 6318
7273 6692
3449 2454
4930 2327
3508 1734
850 269
3352 2830
9425 5922
4549 1109
5840 5069
1159 730
6570 6349
1757 673
5582 2981
7587 6287
8788 4202
7254 4492
4377 3873
9904 1060
6213 260
2226 155
9401 2877
638 234
2025 1961
6310 2091
140 47
1789 1540
642 181
1559 587
6071 4605
8846 8188
2012 1179
9871 7472
8576 1154
6246 2502
2281 711
1150 254
7577 2307
2820 785
7128 1883
2509 1658
6703 5787
1983 1402
8867 5626
5592 4590
6111 3896
5652 4695
3668 3217
1785 335
2720 1671
6482 1247
1050 150
863 581
6638 1916
1810 457
6960 4717
8591 7589
1273 215
7048 6781
564 386
601 75
6311 5487
7595 6592
9628 4891
2262 2036
8973 5498
2947 1808
3022 2948
8081 1353
755 406
635 623
255 238
3766 2862
511 114
15 7
865 268
4255 3957
9574 7946
2308 50
2751 588
6021 1127
3417 2827
8968 959
4500 2324
8645 3332
