271
7054 9506
699 3853
7635 7739
2408 5460
4798 9434
7070 8788
3138 8172
4297 8855
9648 9773
1555 3566
7668 8114
1586 3962
9276 9627
9924 9953
4291 6073
4268 7820
8331 9123
1708 6817
1975 3625
1489 7016
4557 4931
9634 9965
7150 9130
7312 9144
7204 8597
5206 7275
8853 9007
6929 8018
4362 9085
7815 8775
1306 5543
3443 8297
964 3560
5771 9730
3825 9570
936 8004
8712 9297
5567 8089
6397 9095
9212 9520
4390 8111
6427 7338
9004 9578
7034 7285
9783 9819
2830 5508
8283 9892
6005 8915
2748 6645
4857 6320
3937 9657
2423 2460
5717 5904
4477 9483
8931 9491
3044 8938
7722 7788
8473 9732
1030 7166
8949 9353
2867 6168
8082 8480
3680 7487
2887 7171
2251 2283
8475 9579
2172 2209
5831 6818
6783 7023
3518 4506
3977 7381
5262 7025
8134 9543
1674 2333
9624 9775
4854 6106
7416 9461
4650 9715
8424 9983
7265 9045
5627 6123
2449 8706
6849 8088
6062 9880
4032 8982
4480 9571
4308 4780
314 4301
2300 4606
8684 8872
6244 8161
3637 6489
5151 9551
988 4475
471 9574
8300 9736
2498 5544
6050 8141
2399 4985
84 5807
4438 6403
5695 7673
952 3672
3467 4080
6646 8325
9214 9877
9523 9718
4839 9042
9250 9505
8732 9753
1368 8830
3686 7524
9618 9809
6720 9501
6680 8656
9226 9515
8284 8612
6404 7235
2916 7669
9714 9952
485 9755
8643 9865
3738 7835
4816 9260
721 3767
1260 2806
3129 9475
7043 9500
9590 9862
7280 8449
6961 9873
8203 9527
7870 8176
4919 7923
3178 5114
8907 9756
9679 9950
1712 9312
4001 6970
3230 6025
2217 9358
6431 6556
3538 5838
8009 8236
1194 7799
7144 8390
9835 9848
2924 4579
6994 9110
9647 9899
4894 9911
8970 9727
6096 6496
4496 5750
6741 8309
8524 9311
3755 4169
6303 7422
5375 7237
609 3791
2766 7102
1329 9102
9761 9995
2035 7714
1110 1389
8080 9101
6132 9044
7066 7644
4172 6596
2099 2314
1526 9552
2825 7730
5020 5101
6702 9443
2911 8942
4410 4833
3541 3953
1453 5181
6990 7239
7708 9354
6976 9055
3533 8273
3483 3875
493 5315
9119 9271
9767 9938
8574 9480
8156 9263
2087 7769
9155 9304
911 2183
7112 8117
5403 7975
864 8559
6453 8460
5055 9299
8538 9035
6668 7196
6531 7904
5116 8028
1229 2676
7080 9660
7317 9387
1379 5285
5094 7913
345 5343
6166 9195
1254 2139
6054 7139
1812 7228
1390 5231
8708 9665
9932 9975
6573 7245
8702 9870
7019 7436
7056 8243
1018 3225
7072 7716
6703 9612
6328 6956
6722 7419
2081 3428
8978 9638
9774 9860
4214 8752
468 6626
7052 8447
6821 9286
4152 6149
5716 9255
5689 9281
7278 8290
3370 3726
2772 5221
5395 6308
3041 3352
6870 7272
6510 9643
4176 4847
8188 8319
7665 8811
8430 9529
1955 6273
6659 7189
2636 7777
9823 9872
3549 3769
2536 4190
5812 9853
2159 9829
9078 9722
336 5410
2698 4707
9450 9917
3720 8610
8841 9909
4065 7193
438 8113
269 5553
811 2749
6669 6796
1266 9012
3681 4343
2564 5504
8617 8818
2227 3947
1178 6076
3796 7333
750 3482
837 1843
165
9868 7291
9409 822
4902 3180
6074 2962
4752 4505
8791 3895
5535 4095
1716 596
4645 4269
2681 2495
2060 3
7015 4395
2319 2187
4674 557
2000 422
1364 940
9439 2631
3813 1985
4818 428
556 389
6731 2250
3082 1765
3583 3469
3848 2630
8618 2079
5176 917
4805 3477
9 7
8335 1192
1427 1041
1410 1078
2724 325
5016 329
8008 2674
5493 2557
7466 1226
6143 1336
9510 4760
7757 1743
6663 2918
971 867
8825 206
7577 736
6616 6370
6068 601
1935 599
1457 778
2880 1124
1862 1385
1606 1210
6079 734
8448 2552
3209 890
9827 3593
9147 2093
121 82
4365 664
6740 3548
1405 26
6070 931
2398 2245
1777 1134
9036 5586
1659 1082
2920 1787
2225 140
4316 3187
882 248
2034 1035
8451 7900
7888 2204
8935 1107
8208 4072
824 232
4370 3228
733 338
6379 1938
1898 898
74 19
9070 5748
7976 3222
3100 326
1288 1053
7417 5575
9059 840
759 47
3628 3585
3392 1214
6270 1468
7017 364
9804 2903
1417 589
8137 4325
9592 8990
2786 1951
4955 2448
1757 1430
7645 6420
724 57
6232 4751
2535 1158
3363 1950
4716 1111
9639 1495
5246 2441
191 173
8545 5738
4489 2985
4817 4182
982 538
7494 200
3081 2086
7331 2285
2644 1022
4457 2405
5029 355
3602 1470
1400 358
7414 6246
1207 606
3987 1823
5208 5120
9888 8554
9519 905
8210 5795
9043 6435
3376 1237
7559 301
6716 4532
3847 3336
3523 2765
5419 4364
6803 1120
8959 1792
8458 4531
4918 2853
9206 7583
4720 2601
9978 1915
1652 997
8555 1051
5784 1169
2834 1027
3959 1616
8960 4171
122 45
6491 4951
213 155
9934 2411
1541 276
9741 8407
302 40
7696 2241
3524 636
1807 1503
2402 1251
2957 1855
4566 1903
5869 1576
7684 7681
9593 9089
8477 1954
9333 1998
6989 3242
6613 370
