676
3349 4167
9473 9751
9105 9721
8116 9781
1843 2173
5030 9177
8355 8693
2609 3468
6641 7133
3336 4283
4 8428
8343 9253
8091 8404
3865 9595
5226 9200
4678 7382
7872 8078
7786 9733
9404 9575
3753 9540
126 8919
9043 9872
4142 5280
8156 8220
2041 9818
8848 9613
3793 4888
412 2233
4650 7793
6308 9359
9992 9999
2481 8208
3085 9774
2428 4805
9094 9953
4363 5356
3406 6856
8635 9976
2470 5508
67 3314
660 6101
472 7572
8097 8207
6659 8524
6160 9567
7269 8893
2860 6289
1295 8986
2735 9614
8934 9886
3740 5740
9825 9997
3736 8329
8423 8954
1299 5849
4542 7814
3709 7398
3821 4534
5489 7072
4954 8845
8356 8603
4340 9112
5340 6954
5007 7990
5824 6621
7254 9839
3775 6010
4097 8326
6634 7165
1536 8728
5642 6725
7878 9543
3161 5670
7708 7847
4644 7776
9135 9962
6128 9830
4690 8347
3308 7393
6136 6263
6517 8863
7831 8551
3650 7333
5053 8600
4887 9611
3651 7216
1921 9882
8187 8797
8961 9282
8050 9592
8477 9491
5502 9948
7621 7964
1509 4462
1096 7756
7732 8132
8740 9109
5099 6185
718 1838
739 1432
3747 5769
1457 3648
9827 9899
3545 8316
6371 7131
8819 9951
6713 6926
3611 7829
7721 8667
4128 7343
2668 4952
505 6975
9715 9837
5184 8512
5284 7106
5032 7074
6987 8502
68 1950
4733 9576
3855 6065
8491 9884
6154 6785
3418 6381
9224 9770
5871 6146
2858 7806
5342 9353
3681 5890
2221 8190
9175 9761
6103 8415
2338 4249
7866 9167
5602 9862
2430 7686
564 2830
2131 9218
3164 3752
4556 6124
1048 9395
3077 6024
8903 9599
3344 4079
3890 7629
8441 9809
585 9517
1751 3542
4114 9687
6944 7783
3171 7855
8949 8973
3764 9399
1241 5994
4014 7465
7606 9989
2906 9223
1387 8983
9165 9663
3257 8626
687 8483
3568 4528
1527 7287
6895 9680
4307 7335
9636 9959
7915 8791
825 7884
7813 9055
479 5048
8440 9562
1863 6753
4673 5070
1954 7569
8352 9686
2100 9052
1873 4924
3871 8203
8108 9627
7808 9910
3280 7201
2637 6726
8557 9162
981 7740
6388 9215
3818 8711
5265 9156
4312 9338
9456 9548
7227 9871
6458 8930
2650 4619
7294 8881
2456 3824
1323 8507
3327 3999
2151 4876
1065 3364
7868 8123
2411 3039
2058 8617
8325 9620
8183 9183
4200 4616
1889 5331
7848 7854
9532 9932
6858 8336
6872 9337
6562 6752
9263 9996
4959 6239
6696 8011
8429 8912
8678 8814
8385 9971
2368 3032
8971 9668
6657 9803
4358 6563
9762 9817
9066 9340
6618 7226
2670 7497
2570 5639
1941 6203
5551 8608
7941 8520
1265 8465
883 4926
646 1391
7837 9930
6767 8300
3188 8519
401 3637
635 2615
293 3083
819 5082
5616 8463
6733 8411
3548 5507
4491 5306
8350 8541
2273 6838
5117 6281
6661 9535
8254 9082
3773 6353
1524 6161
1018 7021
2881 8369
8923 9038
5546 8403
5865 9879
9303 9617
9216 9219
4885 8943
3531 7120
4171 8193
5423 5599
547 2114
7414 9037
9858 9928
5518 6483
5704 8138
3525 8489
4681 8033
1947 8331
8901 9446
4829 4921
4378 4979
1125 6518
8677 9671
8591 8670
7428 7484
7162 8892
94 1146
9915 9942
9943 9952
7646 8363
7110 7692
1173 2856
5607 7097
921 4158
9380 9940
1089 5658
4219 5901
5735 9434
2514 5544
2460 6985
1483 1594
6066 7450
4630 9640
9978 9998
3491 9281
2072 4412
8724 9084
8509 9720
5212 9967
1773 7171
7011 8340
7693 9323
4734 7772
9851 9852
1303 6445
7589 9583
5512 7765
3590 5896
5863 9512
6195 8115
5982 8009
827 1037
7315 9986
7169 7612
9449 9878
6448 9873
7056 9275
1033 3662
3305 8146
4217 9104
3011 3732
6803 7320
3201 3576
6054 7577
5973 7676
1366 3515
1444 4421
4058 9596
1664 8534
6411 7180
1900 2160
4499 9297
8125 8354
8479 9821
7544 9347
3442 6500
1183 4485
112 7794
1269 5434
5279 6186
4906 5108
5441 5925
168 8251
451 9625
63 2508
760 8496
1679 8210
1301 1733
3139 7086
4552 6945
7119 8824
3902 5133
6588 8604
2247 9075
229 7963
5125 6177
6949 8708
9897 9907
6350 7429
7324 8394
1632 5864
558 3178
6647 7167
2579 6484
1470 2790
9490 9601
7302 9041
7464 9656
6264 9086
8761 9533
900 8206
6200 7625
3110 3209
5334 9458
8272 9557
6982 7885
1661 4453
2767 5016
2899 3187
4620 7471
4238 5917
2728 9152
1147 5922
8301 9318
811 7574
846 9466
973 2663
8981 9995
6701 6718
4789 8941
5522 6902
3511 5273
1488 5612
2270 8425
1747 6108
5429 9847
5088 5208
5150 7124
7035 7404
455 6439
474 1074
8098 8610
9054 9424
4418 9983
1728 3832
6878 7301
1293 1960
543 5974
952 3938
7461 9859
8515 8988
8843 9334
8047 9042
8157 9123
956 9355
3671 4197
4162 8647
3729 9523
9324 9750
3609 6636
124 4432
8972 9150
9391 9541
2606 9955
6408 9070
4187 6338
5828 9457
844 1583
5937 9919
3833 5713
3306 9956
1061 7610
2346 5390
4277 5933
6491 7206
7666 8459
6596 7747
4950 5634
7079 7338
422 2250
8069 9895
3175 6409
9975 9990
6597 9714
1380 3571
2745 3513
637 4259
1231 1280
2263 3440
9250 9727
46 5992
8878 9793
465 8785
6485 9810
2986 4804
6740 8655
4768 5491
9524 9857
9335 9865
3910 4135
5197 8769
6358 7258
652 2765
794 5304
3743 9775
4480 5414
7339 8063
3463 9406
7759 9171
187 9209
6584 9192
9296 9903
3263 9651
1770 8818
1559 2500
1881 5757
4675 9208
719 6828
955 7550
5104 9138
1945 6592
4231 6240
1599 4989
4786 5395
686 9476
5673 8538
4600 9855
1748 6943
485 7697
1360 6999
160 5999
8554 9300
9985 9993
6314 8158
390 8642
1949 2182
1904 6038
3882 4769
3409 7899
3626 8851
4305 4428
3001 5936
4007 7407
3933 5256
9260 9591
9118 9214
7321 8629
9785 9801
2427 8516
2792 3891
6519 6805
3812 8995
7423 9447
5755 8656
5436 7030
3369 4746
5715 7463
5171 8311
3859 6915
5205 8274
1869 6969
882 3808
7987 9748
4393 4430
4547 6860
5689 7525
8071 9242
4820 9443
3451 6745
2666 7903
7698 8492
6396 8834
6709 7504
5062 8270
4901 4963
8501 9076
4850 5559
1007 5921
820 4686
5991 7036
2888 6390
2573 5843
6724 9288
4026 7262
4521 5657
1045 6589
3913 6488
2783 8307
5137 9289
699 2034
3276 5856
2849 6540
1624 7769
9322 9771
2028 9299
937 6278
2219 6961
1737 7771
7657 8553
6871 7816
4293 5168
1088 5980
2688 8262
2048 3312
1151 7582
7631 9700
8136 8517
4744 4783
3486 9265
5065 7147
6496 7418
3151 8738
4198 5585
861 1415
7994 9121
5178 5582
6359 7087
1911 9489
4780 5649
8657 9160
8712 9650
7542 7674
3251 4345
2614 4052
9164 9572
7858 8858
8165 8956
5943 6920
5669 9587
3712 9519
2468 5084
7529 8755
583 3105
8582 8864
1909 2753
9093 9890
5349 8631
3679 8594
8167 9191
1705 3397
1440 4689
7701 8416
8473 9144
2516 9537
1590 8707
1119 8014
425 6251
1602 6380
8426 8886
2395 4296
4444 6280
9503 9788
5908 7191
1397 1799
6958 9184
4895 4939
311 1296
4617 9315
1726 3487
9522 9846
5209 8059
3731 9964
9234 9325
3530 9131
1052 4964
2059 5695
2450 3757
5765 6049
2587 8924
9929 9972
831 9539
6912 7015
1549 5997
3630 6796
2931 8585
3872 5219
4610 5188
1893 3354
7648 7785
2632 4869
5410 6977
8070 8842
2414 5688
7670 8032
4636 9257
8490 9317
4344 4702
367 3316
6165 6613
5712 8076
9246 9472
1564 7642
1491 7980
5953 8388
6443 8484
1060 3273
2572 5486
1778 5216
2406 3266
9364 9426
469 2096
8877 9462
7821 8213
887 8897
7192 9024
4640 5132
7155 8486
5981 8362
9631 9784
2297 3864
2340 8152
6339 7578
8195 9053
9675 9786
2829 6212
7377 8368
8117 9922
734
6416 1376
5941 2416
4660 3184
2373 837
641 427
277 61
6935 128
8742 1775
3049 2702
519 356
2211 212
4986 4372
6118 255
8763 8134
4213 1423
4115 2033
8046 5797
244 12
8979 984
6579 1912
8258 1535
8725 6953
1198 364
5996 2963
1403 716
5527 1688
6413 2548
9946 9436
5393 4123
7328 6866
1215 829
5271 4175
6336 190
4497 2867
1729 478
5907 529
1772 609
7923 3415
3616 943
6854 3492
4881 804
5620 2837
2215 1252
4928 4799
448 23
7346 4473
7403 3536
7170 6389
6577 2384
7422 4903
9134 2126
6649 6549
2062 1982
7038 6405
430 199
4106 1996
5811 1800
1102 768
2296 1829
617 315
5328 1598
9525 2778
5984 980
6499 121
8607 3632
7151 1974
3923 3246
2563 795
6633 5764
2196 2105
1267 36
1980 45
3851 2565
493 248
6688 2489
9089 1195
6864 4435
5300 334
5731 4247
596 319
6184 3667
639 49
559 301
6606 5463
506 202
4290 4008
5074 4646
8535 8461
539 85
2334 1282
4794 4760
8891 7675
783 758
2050 731
3416 1332
7836 7636
6470 2690
9080 5011
3600 2836
2862 948
2407 2189
1880 961
7118 5316
7707 6099
9605 377
48 35
8975 5078
7007 2872
3353 2139
7071 5043
1752 821
3359 892
8641 5497
7912 3706
431 400
8164 7332
9375 6587
1785 156
3683 3405
8113 4069
3438 3432
9393 7279
107 93
9653 4896
904 15
9350 8976
4977 4584
5761 3195
3653 2103
1365 143
6547 258
4461 2377
2354 1005
1621 432
1550 1013
9573 5147
8072 4855
4431 3326
5574 1608
1313 832
6925 865
9206 7950
734 626
5336 3448
6104 5725
3861 863
9702 6031
8094 2171
3439 663
9430 8505
546 304
4071 2742
6624 2902
7906 4397
4264 2116
271 57
6290 3550
4591 1233
3289 1341
1732 1294
560 256
9906 9389
9329 3029
7495 7379
104 21
576 565
162 64
6919 5020
8421 4918
6671 473
6654 1211
3300 1130
3992 3225
7046 6477
1662 1553
6007 838
8131 7932
4254 1469
3687 1841
4911 1381
5515 2719
2325 1406
8236 3954
5677 1805
1492 278
847 419
4146 1144
9726 2195
6533 787
3070 2667
7109 2796
2665 1973
5373 4546
8994 4186
2149 1963
475 83
7736 993
1071 223
1623 866
3592 1631
695 584
5094 2657
1135 322
4856 1518
3342 1370
1573 193
1955 1353
7043 4227
9213 5736
8393 3831
8652 2178
7161 823
5026 532
1588 1038
9342 7474
6274 2289
2756 2391
7731 6205
5899 5246
5327 3090
5538 263
6217 4140
7445 941
3572 1685
5028 2364
4144 1878
2788 286
3268 2907
3792 720
262 260
5325 3968
6283 4758
4118 2135
3943 708
1115 341
3454 232
1504 1499
2529 226
3425 594
1670 1476
8734 5510
3904 2049
6115 2823
868 325
4523 3173
3132 2229
2848 58
1023 132
1322 933
798 675
4669 2002
7931 2718
3776 3262
4704 623
5199 3381
1862 1304
4113 717
9149 4189
3688 2675
1634 1437
9724 8917
4763 66
8112 4709
117 25
1734 1626
4525 603
6766 1477
995 129
1639 1030
6831 2127
7551 3429
2713 2557
5073 2030
8034 4094
5741 4496
3762 8
1951 1782
3278 792
5128 2204
5964 3750
4969 3674
4872 2511
7527 6478
5541 4623
9713 7583
7033 5812
4708 379
2402 2294
8510 7576
4330 2754
6558 936
2928 1579
5894 2982
4000 2693
3341 1887
1694 712
9600 4698
1411 1254
6229 5617
161 149
2691 353
6095 3976
6029 3680
2485 582
9095 1952
8048 6152
7225 6550
3930 2082
644 289
1659 604
5177 2576
1186 1085
9536 2213
2071 881
1520 1122
4010 3567
365 241
251 56
122 120
1047 960
8664 1139
7481 4944
2991 2543
3024 96
1894 507
1943 1234
3098 1861
514 176
4940 1409
5701 2737
1438 737
1401 92
6625 3504
6656 6432
8904 5231
6893 18
7809 6169
2547 611
6418 2838
2255 1651
6492 3766
5402 2365
60 1
3594 3265
7647 3875
1225 905
2951 1798
6220 6037
8400 2825
5592 95
7761 1655
6086 1976
3689 1145
5052 1348
3965 3946
810 745
6903 1791
4849 4564
5242 4454
9372 2053
4870 1283
6546 2656
1314 1190
9759 877
8944 7222
208 180
8334 6686
8663 6342
2331 1093
9111 2155
3267 568
8964 5262
1547 1298
4070 3036
8676 5154
4371 654
6863 1888
2113 1172
4266 4126
6255 3060
3908 13
1447 1080
4088 1324
4762 2060
7531 4694
3538 268
6035 2938
4379 2577
1610 10
3617 2711
4396 3135
7871 6052
4145 442
7662 2117
3960 2884
8420 2549
1763 272
4606 3914
4913 2822
1823 1449
9046 1110
2473 388
4291 1792
3935 953
7643 3435
6147 1336
7054 5754
8446 8314
3825 2801
6215 518
8669 5344
1389 186
8580 1036
2664 2252
9361 1320
1870 1514
7134 4827
7823 2679
5162 4325
9484 8346
9670 3579
4452 940
4659 2387
785 441
4017 340
8284 8031
2721 2464
9333 7252
2218 864
8052 461
2865 1333
6098 4549
1197 1187
3746 3179
2074 1284
5000 1886
5245 274
157 98
1760 972
3261 1851
983 964
8857 5454
4451 3698
5359 135
1858 437
786 599
1094 992
1446 73
6327 3949
2118 1811
2984 2329
6846 5357
1622 674
1735 1210
3634 2140
5369 2045
5408 3994
9520 2641
6407 3555
3961 2504
6179 3726
6750 4031
2101 1712
8905 3751
6530 5565
4155 1006
8064 459
4313 620
7925 5979
5787 88
6934 2491
2137 916
4402 1820
766 556
1394 1156
5914 172
4465 327
3168 3058
5433 3858
3990 291
5791 3798
6489 4131
7329 7064
6079 4384
2107 1927
9609 4875
7002 1413
2459 138
7907 3119
8294 4317
5295 859
3347 1456
6299 482
3372 593
6051 946
2764 632
5116 1424
7716 7493
1857 656
4961 2780
5583 5525
8198 6809
2950 44
2092 1232
3065 527
4192 2036
3500 2238
9248 5503
5045 4006
6055 2440
8721 2042
7439 540
9029 8781
7751 6658
2990 1534
3897 3087
598 22
6595 4508
5298 4495
7160 4541
1042 714
636 524
74 42
6008 862
2423 741
642 424
1243 561
6061 3150
4104 3033
2134 1519
3462 1571
888 114
8179 3309
8597 2945
3884 1092
1416 6
5420 4816
8169 3116
4722 1230
2824 2268
7669 5929
9984 4910
7725 2095
2900 2748
8581 8019
9059 8739
5867 142
1860 713
2361 615
7384 5215
7061 1217
5338 3333
5654 4327
5024 2091
4840 4273
2558 1066
5730 563
4322 118
3046 1224
850 280
2533 1767
8392 7356
2751 929
1276 1236
3271 20
2894 923
9510 7274
5424 2375
849 790
5400 638
5928 5745
963 537
2537 2070
9227 5595
3584 308
7053 5172
389 250
6799 4759
6452 1271
9459 6885
2241 2051
5225 1157
233 75
6816 5146
4280 2350
3461 2056
1807 1537
8453 8292
3835 3391
3917 3561
3356 793
3215 164
267 184
3656 1959
4139 78
6137 5379
9779 1055
8053 7142
6748 3044
7039 2244
328 231
8880 394
6699 3540
14 7
6651 5165
8233 326
236 169
4706 2689
6222 3971
9425 4405
4507 1992
4892 1337
8997 2916
8276 3533
6590 5010
3106 3061
896 215
3920 2544
8691 7763
3335 1106
265 230
7237 3598
4967 3153
8816 6609
6780 495
3107 313
8209 1410
4927 779
6082 5831
269 71
7729 52
6967 3483
8239 4803
2124 426
2309 398
3288 1753
5568 4188
3532 2766
8197 4907
4688 1429
5220 2898
5956 4836
2976 1555
8762 4985
536 342
3186 404
7803 192
32 31
4136 860
2694 732
5786 4367
8141 7381
217 147
9471 7177
443 207
8419 6931
2415 145
633 151
8185 8005
2759 2176
3160 175
9633 4468
9892 7556
5106 3212
1715 1138
2351 2187
2933 572
5770 155
1854 1359
6506 4024
6695 2484
7679 4670
878 488
6437 4873
8310 2538
8828 5221
9077 5711
9867 9703
8493 2145
3754 579
6151 6120
509 110
8735 5055
7485 1618
8027 198
6463 552
7334 5426
9936 1643
9051 2627
9401 7894
7757 4652
6357 2736
8854 4173
8133 1765
9276 5478
5200 4486
562 343
6058 3378
9272 1669
2622 1801
3028 2418
2820 2704
8306 5619
6775 6744
8438 7955
3005 974
1822 782
5889 799
1009 801
2426 1490
2083 588
8360 7913
8709 4391
3906 3849
8729 2013
6429 4729
1650 612
5536 5519
689 358
1582 989
2809 630
8043 3972
5089 2287
8547 3725
7991 3103
996 928
2943 1815
2234 1987
2681 137
672 360
3618 1525
3330 1226
2099 1977
8722 7841
