862
3693 8984
7232 7754
7554 9833
9854 9956
679 2949
7239 9355
109 1311
7540 9370
753 6369
8353 9064
6221 7750
5673 6052
7182 9505
8888 9809
7408 8520
1199 9297
654 9272
500 8853
3308 7220
9960 9976
7274 8474
6712 8344
3088 6519
8065 9691
9810 9905
1688 8529
9590 9594
1020 4219
2720 3570
2463 7054
3842 9661
5343 5491
1310 9444
8417 9521
6903 7627
3496 6570
1652 1773
8233 8858
290 5514
9119 9680
8052 9066
9924 9947
8430 8499
5433 6678
7543 7641
6766 8017
781 5978
9206 9438
1381 3934
4959 7685
4642 5753
1738 3480
9023 9083
2489 5738
4089 4278
8376 8801
3870 8092
9766 9784
8190 8872
2251 7665
9595 9851
5835 8825
3149 6727
4610 8290
9069 9194
158 9769
8469 8684
8288 8787
685 8512
3462 7329
9111 9271
4926 5375
42 5446
1340 1459
5700 7664
5866 9351
2940 3271
325 5513
9712 9994
3307 6145
6553 8316
8268 9371
4646 9921
1232 5175
7499 8664
924 6177
2639 9310
3784 6813
5869 7565
4389 6273
414 7463
7264 8753
1726 3358
6707 9662
1264 2445
6243 8694
8739 9439
9549 9567
2974 8410
6424 8763
9654 9844
9008 9393
2514 6496
1044 6680
1928 5135
8759 9800
2667 3273
7144 9750
6906 7692
2509 7881
8434 9746
5594 6733
3569 8377
3024 9656
6555 8332
1369 5552
5257 7057
7799 9823
3502 7561
8201 8915
2697 9309
9053 9316
539 5154
8502 9483
4027 8653
3999 9700
1003 2763
1397 4640
2067 4276
8583 9887
1217 3372
2632 9915
7703 9436
951 9785
6073 8652
8006 8009
7705 9107
3868 3928
2238 8087
9864 9959
6809 7188
4061 6911
7041 9319
7478 8790
8115 8488
613 4412
5322 8042
6862 8737
9264 9289
5425 8208
5710 6330
4265 4310
6481 8731
9210 9992
8545 9926
2544 5990
2873 8172
786 5696
5942 6756
8877 9573
6637 7678
6788 8870
5193 8342
4832 9634
7288 7671
6829 8035
2818 5069
9030 9701
4444 8267
3909 5646
5529 6245
2865 7872
9888 9943
619 7031
2895 5627
9350 9460
3484 4495
5848 8202
2658 4637
7061 8358
2262 7248
4122 7161
4511 7769
8537 9886
7525 8230
8008 8920
2318 7363
2441 4778
8981 9997
1041 8394
2192 2768
8101 8278
7824 8610
1378 2098
9218 9437
1534 7969
5630 7063
6112 6196
3860 5448
3205 7617
7431 9380
4960 9287
5463 7243
8442 8913
6218 9257
2850 8607
3203 5637
1148 9326
768 4485
4975 5262
2342 3013
1807 7152
6422 9773
6600 8176
5183 5929
5723 6739
7309 7521
2425 8612
8628 9869
3765 7550
6658 7577
972 7045
8259 9133
7992 9440
530 2094
8492 9270
7305 8226
2507 4652
5891 6229
2596 4272
877 941
2722 7607
2580 4766
9780 9948
8040 9557
9106 9609
7451 8957
6465 8228
7681 9027
1373 2148
6926 9191
5961 6497
6185 6818
6026 7106
6153 7455
4613 5640
3763 8105
4376 9518
6413 6946
7173 9268
5653 5689
1240 2978
7409 8643
2989 7438
5706 8507
1234 9860
4086 9417
4828 6860
8987 9715
3718 4799
3660 9376
2819 6289
1360 8138
1715 9699
7763 9826
18 2795
576 7136
5805 8955
2650 4280
7714 9686
46 9936
9237 9259
1104 9047
1817 7839
4901 9523
964 6641
75 3153
4351 7927
2860 7972
1614 6614
7334 9501
9991 9993
5352 5424
7402 9055
3453 4797
4419 8329
8620 9078
986 6866
9006 9618
8584 9145
8483 9787
9401 9802
5347 6257
8321 8656
3260 9716
2092 7114
144 2788
8518 9508
8993 9621
2007 2686
1051 8533
7658 9608
2458 4431
5604 7467
7472 8961
2960 9596
7704 9125
9553 9640
1487 7315
8775 9109
705 6240
138 4273
2996 5664
2966 4862
8833 9000
280 1140
958 7273
6865 9702
1473 5936
8588 9134
2228 5525
8873 9493
3996 6560
1156 6615
2391 9354
6362 9642
5532 8028
7090 7171
3731 7707
9660 9949
5959 9414
365 8449
8452 9866
5207 7326
9152 9265
6884 7618
6873 9671
5327 5381
6695 8837
4341 6890
7261 9490
5626 8051
5562 8631
4108 7801
6272 8080
6648 7998
7566 8910
1668 6649
8482 9695
7469 9932
8057 8976
2779 8150
2393 5679
1734 5890
9062 9821
9828 9952
1082 9158
1109 7163
6864 8629
1427 2718
547 1611
8546 9659
4182 8033
3247 7980
8135 9176
3700 5020
8740 9848
1552 7383
8171 8561
314 5324
7413 8368
5788 8815
1533 3771
608 5790
2597 4803
3754 6716
782 4136
8069 9600
1290 5854
3132 9989
6825 9220
8183 8748
2481 3146
4804 6171
9569 9690
9122 9906
7548 8451
8621 9408
578 1718
5286 9736
1342 3848
6482 9406
3130 3501
8828 9456
8579 9074
4053 7819
9499 9565
7900 7950
2339 2907
3300 7602
8734 8829
90 1804
4519 8350
7009 8022
2866 6598
9296 9850
7454 9240
4891 6907
5796 6474
4486 6385
4798 8463
5713 9333
7666 7996
358 1076
5797 7856
1960 4895
3447 4634
2586 7515
8977 9560
4857 7395
3682 6104
8668 9940
2115 2600
9876 9980
558 3196
4994 6431
1778 5351
6002 6955
7312 9262
6361 6631
9607 9644
3613 4101
9195 9320
755 7149
9676 9740
5617 9233
3735 9730
8007 8093
2257 6874
2009 5151
5816 9928
8702 9412
3108 6925
2797 4790
3491 5559
5499 5833
7110 8836
1182 4725
5184 6096
8827 8994
5357 7977
4534 8166
4740 5625
6897 9112
7224 8921
7358 8978
2540 7531
7072 8091
3284 7354
8311 8857
6603 9698
1181 5452
4220 5598
4594 7044
7204 7937
2231 8646
3806 7332
8485 8570
9143 9745
2104 7901
4241 4328
2614 5914
1019 4930
7682 8300
3876 5697
3837 9880
5136 7761
9034 9913
2279 8658
9407 9983
6762 7836
527 5618
3414 4052
3656 6645
8143 9777
4504 7365
8221 8808
1157 5515
6067 8127
3185 5105
3846 6352
537 2043
8119 9468
8600 9786
8835 9214
7790 9244
7138 7759
8214 9462
6479 6777
8544 8916
8286 9727
2385 4813
9395 9564
7930 8237
2958 3551
60 5717
3664 6034
3220 4257
2229 5834
242 1741
2352 9748
1819 7850
5852 8013
4877 7579
6556 6735
6940 7768
9796 9830
9216 9729
48 3885
7475 9541
4448 7404
6138 8109
7544 9177
1709 7623
6975 7773
5170 5596
2455 7104
92 5139
3030 9357
8718 9374
735 2793
7882 8189
1658 3299
8528 9091
3478 5801
9266 9737
4197 5258
1732 5979
827 7594
396 3264
7178 7490
5349 5462
969 7918
2041 9029
6309 6942
759 7726
6663 8956
385 2786
5521 5916
8120 9477
3474 5659
1825 3062
5208 5635
8769 8931
8669 9938
7722 9252
6722 8925
7635 9318
1987 4753
8572 8841
2072 8882
2225 4757
7135 8988
2743 9202
6122 6811
6792 9614
8575 9972
575 7736
7292 7480
9683 9764
5006 6997
9276 9681
6113 8407
1419 2400
3129 9181
9978 9987
7019 9584
1190 5186
5276 5278
2329 7675
6008 9873
531 2782
9459 9616
9639 9995
3721 5200
7253 7484
6270 6597
3425 7462
4199 4890
4300 5367
2933 8817
3137 6893
8192 9324
4500 9450
376 1209
4546 6625
744 2841
3631 6518
1783 5373
9522 9732
3488 4068
693 6610
6449 7324
3131 8838
7094 7624
8346 9347
3986 8100
7437 8320
6771 7038
8313 9442
9900 9922
9137 9321
2662 7003
3221 7841
295 9973
9065 9149
8279 9577
1756 7833
99 4657
1964 8229
2682 6644
5551 7053
4808 8199
3803 5926
9540 9624
8618 9509
6939 8464
7373 8366
2306 5377
6721 9485
2136 3436
4978 8487
8945 9530
2467 3347
6535 7267
2200 7832
7896 9950
9672 9911
1997 7466
7584 8231
1059 8044
7396 9643
6080 6520
3386 5580
9304 9957
8159 8369
8519 9902
1084 5254
8796 9554
5995 9229
9962 9986
6622 9241
1327 1886
213 8758
6016 9294
3655 4673
2567 5957
4990 8282
5541 8106
7289 8885
4334 4583
7330 7730
3211 4571
7256 9817
8671 9160
1319 3910
2470 8348
721 6475
2252 8549
6676 7360
7971 8714
7055 9451
2131 3644
4735 9339
666 9697
7794 9340
3256 9504
8778 9363
114 1002
6022 6898
7557 9028
4944 6095
9884 9955
1878 2822
6863 7200
4929 5893
9985 9988
217 9641
8390 8820
6956 6969
965 2922
6327 7995
4463 5762
6209 7221
8240 8805
1345 4279
6843 7903
5293 6945
2801 6949
1198 8061
6350 9168
9935 9964
108 5271
6435 8503
6151 6781
3861 4882
1676 4353
4703 7257
925 8813
4844 8271
8326 8711
1336 7560
3152 8038
9658 9840
7328 7482
9664 9706
3126 3177
2212 2444
8861 9173
6989 9679
9583 9771
7514 9315
1546 3785
6916 9473
560 9762
6724 7702
2073 7830
2291 5878
3566 7374
5378 5527
9148 9651
3120 9024
4385 4747
8851 8891
6579 9816
2623 8964
927 4965
2739 6453
7371 8310
8996 9767
4501 7698
330 5882
5167 6418
4393 7167
170 5408
4884 7733
894 8399
9479 9514
6354 7410
9159 9236
836 1832
2906 9918
8826 9204
8816 9931
9387 9719
3522 6456
3882 4233
4175 4607
1769 8459
5046 9979
6383 6711
851 5523
1163 3380
5444 8386
4226 8107
609 7049
7254 9674
1363 3351
5138 8906
4621 4914
2160 4065
5892 9205
7453 9578
2255 6308
5411 9037
1408 2809
1266 2747
5076 8771
5056 8683
9555 9566
1758 4360
7086 9867
7999 8337
8225 8590
2167 4018
3244 8077
3958 6793
8969 9842
2429 7143
7109 9872
7961 9225
1839 3402
5575 9375
3477 6399
4542 9531
8705 8854
6904 7653
1469 9228
4985 5166
3041 4012
2075 6406
1571 6982
6097 8046
4934 6236
6495 6515
3730 8170
6234 9246
9341 9529
3168 8760
3918 8164
1855 9832
129 2800
8673 8982
5871 9198
3845 6888
2047 6769
5486 7407
783 7372
4632 4952
5906 7823
2477 5825
4020 5229
4784 5239
6725 9544
7092 9742
415 6224
2999 9847
8341 8663
5376 9633
7835 8266
9067 9838
1291 3064
4490 6119
5390 7042
8113 8334
6700 6892
4650 8776
1339 3383
5657 6019
5732 6773
3432 5021
4539 5818
6347 8818
2980 9575
992 1404
2246 7174
5714 6322
9301 9331
4368 9705
8866 9457
5909 6593
3403 9190
2087 5474
1001 4487
2942 8025
2921 9419
8766 9619
3816 3884
3270 6868
2608 9878
9099 9718
4164 7116
948
3677 139
6923 695
2126 1810
7619 6346
7920 1757
6414 4162
3832 3517
7879 5517
6487 3309
1892 1543
5633 1512
913 298
5629 901
9325 1359
9283 5585
9110 194
3123 2152
6202 606
8850 1940
4580 160
6005 855
8788 1831
9466 8556
987 36
5504 5155
9098 1405
1823 649
1400 71
2973 2916
7422 3979
6889 1916
1174 729
1228 400
212 104
416 64
1180 1038
6007 4855
902 4
9013 1005
165 14
7008 3990
8983 62
2080 1540
9139 3893
4672 678
7663 565
7448 6063
7509 1088
5903 3053
2785 1985
6772 3942
8206 5442
5362 2479
3802 2522
1993 1714
6582 2550
2502 706
3148 2829
3508 1331
1159 1107
9076 821
8523 5787
2401 356
2526 896
2812 1590
7465 4251
3768 3612
6246 5372
8197 6694
7868 6917
9235 6288
5174 3212
7028 131
6757 6368
12 1
2399 293
7889 800
8972 431
3046 2198
5676 4395
5197 4763
3800 1516
1936 1462
1152 664
4874 3106
7096 3509
6759 2427
9382 6646
6901 6684
6157 4998
1519 1186
2388 1915
6944 6575
2863 903
7137 790
7828 5395
4151 2335
3930 3676
8596 5201
9410 168
2613 686
9329 6341
2363 2328
1320 336
6704 584
3651 1316
5264 3336
5114 196
4496 624
2883 25
7968 6580
4563 479
3261 1836
7981 4626
2769 2119
5263 1538
6797 1967
4426 1662
7075 1386
3626 2397
4104 2602
8420 1225
6578 3913
3635 1045
2638 346
5294 5126
8165 3018
4100 1456
7984 663
5437 3811
3722 2301
8328 7989
754 671
6256 5484
117 20
9364 7620
4142 3707
7228 2179
9142 9063
1187 489
4059 2714
1221 289
1183 21
3712 2645
6013 3744
2823 1351
2370 1937
9052 3423
7214 857
7122 5937
2624 2505
6421 278
5884 2121
7987 391
3194 1252
6174 2585
6568 3696
816 651
7696 820
592 78
8333 1556
2202 917
1875 1389
2774 287
4297 3327
8098 239
378 205
3360 495
4348 1024
6841 5189
6484 8
4587 4405
7545 6155
1083 521
6440 1954
5015 427
1393 1233
640 345
1634 636
5296 254
2267 1160
8156 7070
6979 1260
9314 4207
2359 322
4039 3397
4537 259
7765 637
3951 875
258 227
8953 6567
5719 5288
3900 1043
3341 949
4032 591
4889 2326
3648 3530
8209 3495
1515 492
3668 2861
3405 107
5179 2384
7223 2315
8907 2377
762 177
73 47
2562 831
9104 4692
5571 24
7925 473
1161 185
4180 2337
9923 2671
6020 2618
368 33
8232 4209
546 461
6650 6523
4160 2468
6835 4710
4309 4254
2348 865
3904 3184
8793 8188
7209 1362
8950 7156
3207 1364
1532 132
8886 3839
5039 3113
4247 85
1912 1497
119 58
5730 817
199 22
692 570
5117 5054
3815 934
7335 4977
9946 6329
4865 2140
7970 478
9487 5187
7425 5623
4240 1694
3472 3293
5764 1010
9649 518
8153 5341
8567 1065
3077 499
2471 2154
2656 1739
9870 4905
9604 4558
5974 4920
1602 44
5638 551
826 209
1945 407
734 582
4717 67
665 53
8161 4140
5409 2430
8439 3741
2146 739
3796 944
9646 4121
458 19
910 76
4647 2528
7068 4333
6659 5550
7301 4172
8547 2254
6317 2106
2031 1192
5510 236
5932 5794
3368 1366
5320 1279
1421 1077
5001 1115
2124 2036
2199 553
1294 1054
879 736
9411 4565
3943 2964
9808 375
7729 502
3544 3169
8187 5112
9781 7189
3321 1274
4822 2137
3101 1948
7369 1133
161 121
7357 5831
1253 842
6392 1618
6192 1030
6259 5476
1725 1142
6504 3927
1837 1545
8501 7886
8448 3142
3701 1126
746 419
1490 1167
4430 559
5081 3779
2381 907
3279 3202
8359 2442
6160 5904
8508 1592
5383 487
7172 6168
2168 752
3553 2500
1222 1170
2290 1095
2838 2269
1418 96
2321 301
5520 35
3922 2701
9735 1988
3237 2784
4168 370
4372 2243
3150 1527
1435 904
8795 1184
7935 3632
28 6
5299 2367
5606 1292
1793 1642
5721 5417
5312 2664
8732 3574
7689 5212
6300 2710
7552 3093
7504 4467
3983 714
1042 1022
6611 4411
9707 221
897 498
9958 6004
6723 4127
4509 2807
3550 761
1845 1440
7449 6882
4154 2548
7674 5336
4344 3831
7535 178
6952 5827
5031 255
6957 3748
1377 377
731 302
1784 1433
5475 2876
9051 694
6720 6507
5399 644
5540 3014
9533 1820
3011 241
5078 1866
4924 1066
8108 4010
8325 3197
3487 1131
3711 1565
6858 6092
3350 3023
6338 3639
1006 984
935 146
181 30
3042 323
7087 5925
1455 1178
4218 1309
4676 3692
646 192
4047 2558
8500 2278
4605 2157
2303 1091
8911 7219
7595 5397
408 31
1724 1321
5648 1951
65 34
7991 5583
7342 3819
737 211
3532 625
5043 3685
3140 29
392 200
8125 3878
1908 1674
2802 1747
5511 2871
5652 188
1036 97
3406 819
5302 2901
8397 6382
5896 4887
6060 1816
2777 1989
3424 454
6744 2603
2640 1494
2741 2469
2309 1923
4099 872
5841 1788
6604 5045
9687 5291
1304 566
341 292
2403 1727
2404 956
589 190
3283 2297
6499 2593
712 235
8435 2647
8181 1402
7609 653
6015 716
4085 4043
6551 163
8132 3340
4648 1258
6687 3399
8896 7975
1982 607
8780 7559
6643 4131
8097 6972
6211 4668
3559 2227
9492 7485
8784 1361
7643 796
6055 214
6819 4996
8047 1071
6367 3757
1470 95
7687 5752
5962 5577
7235 3395
5968 3828
7939 7095
8050 4212
5952 5061
4234 1585
4653 756
4193 94
3061 2117
3899 2984
4451 3429
4567 384
5482 2708
5754 343
8768 5206
5432 282
9792 2440
5092 2496
7537 2935
3229 151
6634 4255
4575 4472
8280 1479
1324 257
8779 7411
1475 720
4498 2729
9201 6665
3949 3762
9506 4037
147 40
3296 555
888 610
8954 406
4839 4720
2364 2208
8460 2719
226 11
9774 4800
2006 167
6463 3752
4807 2434
7890 5107
8695 2772
4258 2854
5870 3545
2524 2341
5948 2636
3416 2418
7349 2118
7356 2806
1355 198
3627 3164
4361 1138
8990 3254
2132 1457
470 335
9550 861
1265 183
1944 657
3666 3094
1827 833
688 89
5722 113
1995 1616
7032 4961
8351 1437
983 52
829 642
1905 995
4332 1513
3428 54
5920 1208
448 93
2322 2028
319 253
137 134
4494 2386
5544 3671
7880 2598
6902 5071
5745 118
7460 4831
5412 445
750 626
2728 1700
8809 8635
2110 434
3825 2158
1478 496
3840 3304
3258 586
2020 920
49 13
4913 960
4780 4474
7962 1664
7377 3469
5782 3761
2040 1764
1276 501
2366 1943
9788 2880
2985 882
8582 6191
5012 2992
453 41
4608 514
8960 3759
5660 3316
4236 3104
2331 709
4315 1624
8411 1716
2086 202
9108 5430
994 504
2062 1938
7708 3305
3667 1328
3102 3002
7712 963
1887 1463
4554 2511
143 45
9123 8554
8597 5348
135 123
989 218
6276 6042
8079 5460
4917 3337
1012 970
6817 6591
6983 1977
2961 981
7780 5561
6417 4572
1262 509
3579 519
815 369
8012 1992
2794 1263
6629 1322
1712 100
4177 2750
6085 467
4955 684
9267 6457
8389 2993
8876 8385
5304 3170
2408 506
7785 5744
8867 1447
4231 1649
9645 5682
4736 3431
2615 993
3418 1353
6802 3965
5864 2930
3770 1212
6349 5453
8361 4677
5053 4357
2025 1204
8510 1004
5360 680
3090 1840
399 265
7542 5934
8445 868
8605 249
8291 8272
245 233
9422 6405
3850 708
4477 1275
8551 4609
6737 1743
807 805
5149 4706
2051 571
814 321
9336 5120
9834 6662
5843 3606
4742 2578
2749 2378
1865 1376
7915 2764
3292 3274
4074 3059
5057 1391
909 223
4548 3514
1278 869
5477 2116
3966 1511
6710 1752
6274 5216
3459 471
3609 2634
4840 4249
9464 1856
8527 4781
4397 1092
3192 2583
9861 6372
5214 2287
3233 1554
3813 600
5116 379
7311 2543
4109 329
2976 2253
9586 5850
4508 1580
8995 5845
8262 3020
5325 2323
548 404
7936 5901
4814 2022
9920 4942
9627 4443
4469 2288
4499 2892
7432 2937
9829 7308
8103 2439
952 733
6252 1607
2508 1485
4536 3794
832 587
4462 4051
9285 5880
1147 1118
6062 1805
7002 4750
7473 7314
950 503
1388 1349
5493 1130
5610 1568
7180 27
2478 2183
9789 9482
1155 803
2755 2665
2765 1719
7827 1295
8682 7458
3015 2102
2851 2525
824 772
4545 429
9054 5615
9290 7676
7083 6436
5651 1547
765 337
1318 286
5337 542
1625 1550
541 383
6039 4892
2965 1811
9102 3583
1927 1503
4524 2081
2277 324
5237 1177
5579 2079
328 72
2791 577
6854 1880
5217 1780
5281 4507
1476 124
449 7
1501 66
5388 4364
7677 4709
175 51
777 544
689 523
373 164
1255 273
2847 1998
8576 873
3970 2557
2904 1902
9901 1909
8973 5537
5037 696
7895 6279
6842 2695
8647 2446
8692 6794
1303 823
3797 3010
4102 2959
1667 1247
1871 251
3637 2532
436 127
2792 1596
2412 2362
6084 482
2987 477
1352 742
8560 4979
5820 422
8395 4003
683 55
5557 512
1994 1862
2955 1067
4714 4406
3268 203
2731 513
8678 1390
4933 1277
9161 1542
3419 1903
7424 2917
1269 926
8726 6445
4266 176
1682 615
5624 5297
1620 914
9945 1759
3329 2694
9755 8806
2537 1379
6937 5361
5512 246
9937 483
8124 7260
5560 3972
9692 6459
6206 604
446 366
9871 9708
7810 3151
634 574
2644 1504
2295 412
529 120
9105 4008
1029 308
2758 1693
846 658
1139 5
2217 599
3367 1761
1060 1008
7376 2226
9443 5118
3565 3413
6301 4371
5080 1434
6478 1932
8330 3442
7587 4788
9428 8494
1935 299
4392 261
7796 3739
866 334
6586 1135
852 627
9636 4401
7638 6448
5546 4923
9765 7387
2529 1868
9377 4114
7738 5842
8058 3330
6915 1737
7405 6616
6461 3863
9779 4319
942 288
1468 700
3037 2488
6564 4163
4045 567
7590 6768
3391 858
4726 3989
1121 906
1285 283
5778 1581
5963 3709
3139 978
9238 8148
5289 2330
8630 1237
7397 2475
455 174
5400 2456
154 142
4331 3636
4029 2281
7816 3066
9536 7333
2855 1438
4473 1692
6839 3946
9747 9465
9346 5380
8305 1934
3230 1647
7728 3902
4947 804
5172 3222
9526 1860
3451 581
9124 5489
3798 2368
1137 867
4528 1514
9797 5119
5454 1087
707 82
6548 4035
8709 1851
2011 1498
1086 564
2159 493
3390 148
6258 464
3661 3529
4408 4248
3409 1706
5274 398
3588 677
3568 629
4282 4173
7361 4438
2766 2436
9968 6426
8128 3486
1016 465
9717 3417
2810 1506
8317 2114
3890 426
7731 5516
4379 1144
7892 6393
9313 8312
8986 4638
6635 4380
2396 766
2029 1610
5279 3781
1661 88
3924 2563
1026 215
2398 1677
4774 1064
959 939
438 102
7468 4785
1337 579
3643 2668
4475 845
8890 5415
8193 3843
6284 2707
6713 1722
2392 1323
8070 1853
