46
8321 8359
4237 8046
8938 9069
4108 8847
461 7285
1055 7466
4553 5031
5650 6987
9522 9845
4534 5586
7149 9437
2579 7891
8907 9443
3705 4934
3876 5111
7248 9870
4 45
3593 5171
4748 8786
8551 9585
17 1607
7964 9777
1336 4538
217 5677
6763 9025
2351 9537
5414 7713
8200 8408
3489 7369
612 2151
7608 9296
4222 9253
2585 6251
9303 9734
7544 8644
9325 9511
6545 6729
9919 9955
9904 9998
6358 7322
7453 8952
4437 7956
1165 9928
1932 2813
55 3585
6965 8219
116
8685 2463
5551 867
3294 1386
7688 5893
2565 234
6351 1899
5068 4340
8185 2659
3380 2015
2363 1355
6092 1409
7824 4472
4591 1752
2996 2667
161 70
4299 1383
2931 142
1879 683
781 261
6187 5709
448 428
4679 1871
8488 5536
4945 1976
8755 776
6908 1269
8656 3534
4514 3533
9622 2639
1337 523
1942 422
6171 311
7520 6623
3818 446
9073 5654
588 279
1712 854
5726 5091
7199 6100
6753 514
1691 1686
9941 9135
4744 1021
7429 897
7803 4173
9557 246
7060 1151
9178 3716
2420 369
3008 1472
5557 5409
3195 16
1838 1209
3102 2396
3773 2734
6885 5217
5172 2860
9692 1611
7240 1907
4436 2231
3274 2752
1075 98
243 226
7147 1997
9506 5259
171 56
5810 4380
5137 1745
72 27
8806 8548
5518 2221
9593 249
8492 1157
6257 1361
7505 7218
2909 2795
5294 76
8589 6088
9784 6475
3835 2227
9802 7547
9269 2610
7791 1678
771 740
510 12
6533 3127
6148 2626
8259 2373
4878 2632
6063 1738
8006 7912
5092 2345
3339 951
2424 496
5377 3039
1257 970
4348 4099
6170 4623
5766 3054
2643 2293
4244 2172
2365 644
2735 2058
9385 4733
9190 8581
1087 574
8104 1198
6329 6113
3830 3369
8804 4459
9428 2179
9123 7420
4373 3542
5758 5556
5332 4756
9681 6039
