41
1418 4730
5850 9707
3193 3397
1082 6648
410 6012
5360 6649
8143 9535
5505 8500
1265 1939
5736 7149
2892 4397
7735 8154
9098 9558
3059 7039
2488 5474
3386 3771
7323 7621
2827 3959
2262 4065
9951 9976
5694 7766
9240 9241
5063 8346
3896 6606
490 8919
6621 8666
7553 8493
8615 9466
7428 8697
1397 1521
6 3916
882 5894
5603 7114
8858 9308
9173 9919
4870 7472
6878 9340
1961 6174
8570 9964
1838 5775
6269 8320
973
1341 916
5448 381
112 88
4638 1144
8488 7242
401 235
2597 1730
5491 917
6585 1083
4938 4349
1321 1140
1009 190
7950 7059
5306 3541
8104 3782
6460 3064
690 251
8594 3788
4706 3957
3706 3108
2150 650
4671 2928
150 22
2430 233
9792 6960
74 53
5919 3215
5764 339
2524 1581
5484 1004
1199 549
4966 3892
1884 590
5664 2474
2899 765
3742 1347
6678 6253
2880 479
3874 2780
8560 3464
3493 1384
3187 2440
306 10
4918 2784
4735 1291
2100 1381
5342 3202
224 120
4962 2079
9417 5620
6629 598
5624 3997
5824 1688
6987 5563
5507 992
4761 3647
9123 2658
7786 7194
1876 983
689 331
1129 1117
5646 4895
2790 2475
1411 148
9283 5695
9582 6220
6272 2875
3140 416
192 17
6463 4391
7619 6966
1909 1906
7534 5857
2367 253
8263 3122
8427 7921
6579 2275
4563 553
3203 50
5038 2982
219 103
9786 5404
4077 735
1267 920
790 597
4655 152
6838 2716
3564 1022
1843 1560
5440 2742
6522 5704
1989 1890
8818 2782
4676 1868
9300 1789
6046 2227
1152 240
554 346
2017 432
7730 4473
911 337
8450 6277
8549 8139
1629 1091
3756 2191
1320 1127
263 197
3851 955
648 330
8189 5848
5068 195
5549 223
5520 2907
1392 54
2637 684
9008 1480
6512 1734
7464 4169
666 645
5146 3128
9431 6410
2259 75
2447 785
9550 6520
8254 5528
3115 981
9332 6294
487 1
7616 1213
1329 1019
2382 1382
9901 5836
9051 293
2364 602
7080 3574
8833 7803
3950 1036
4094 1050
3449 1597
3173 1257
8763 6075
3331 2230
5599 578
9483 1769
5473 1891
1944 1657
3816 1767
1377 1087
3863 1363
2592 1133
1134 655
5327 5215
1390 1202
3321 673
4090 4039
1511 891
8435 4681
2471 46
2270 207
2575 705
2662 1194
6265 1481
2733 1095
8537 267
6767 3029
5050 3529
3482 3308
2893 115
613 65
5626 344
8960 3372
6685 4196
9905 975
9036 5713
3933 3242
1636 1028
4903 4225
6994 6819
1715 1448
8544 459
6523 2605
157 61
1325 302
9312 6161
5701 1644
5867 2840
6135 1399
6296 3536
8169 5778
818 559
9839 4258
9386 4808
1174 968
6652 3190
9425 8027
4277 1438
3228 2072
4447 145
3795 1360
3964 1610
676 399
4540 3083
9314 3014
4192 3185
3175 952
3264 2781
9663 8476
8920 8677
4742 3198
1726 562
1700 1254
2228 1771
7875 7861
1549 884
8946 393
9552 9529
1844 201
7319 6599
3053 2535
3716 2494
7033 3475
1974 37
5192 3076
2739 2456
2186 423
7711 90
4189 2178
8670 8165
4970 1137
3903 3841
1639 300
8426 5922
8709 8043
4332 3826
6631 2994
9993 2478
3456 1920
4458 326
859 89
7775 5924
3057 512
4104 3602
4276 4195
3058 2006
737 203
1596 530
1460 508
9820 867
9018 8480
4576 4183
1778 457
2290 1097
4071 1088
2655 1932
2220 534
6983 5410
5612 5366
5687 2951
7292 4003
4713 2774
9714 503
9131 8471
2159 1357
2661 2431
6717 1242
4300 2669
5137 1393
8649 3728
8375 810
6811 6200
8809 5763
7828 113
3177 2572
7827 3725
5635 4919
4472 382
5425 5025
7422 5232
5494 5223
8889 4948
3590 1128
8870 5237
9378 6099
5527 918
7432 7131
6033 1671
7244 1677
3080 1006
3039 2692
6376 5642
4564 303
7677 1654
1041 791
6204 3293
4654 2138
9141 1285
405 128
4202 1698
2413 1594
2538 320
6997 5133
1756 377
365 274
2688 2599
8844 2719
3995 119
6142 2532
8354 3674
9078 7672
3924 3037
9996 2050
8065 6756
6292 5207
5253 4378
9692 9638
4373 1889
9632 8068
3557 759
1912 899
3860 3413
3436 3046
7190 5462
7155 3894
1593 1309
770 627
2686 471
2960 2229
7709 3312
4767 1952
710 681
7470 5321
7151 3687
8261 1955
2446 1261
9522 6618
6760 2516
9114 6831
6776 5079
6188 1440
1812 1579
3732 3657
769 275
6353 1078
4865 4409
3819 1977
3654 1634
2508 699
271 158
4652 3345
4784 266
8774 7087
5938 340
3499 3178
8326 2351
250 73
4907 3340
9611 1924
1080 772
5377 3432
3024 345
1871 1175
5032 1749
6221 3263
9339 4446
7248 6260
9580 6479
3233 225
4314 1446
5719 3184
2949 1536
8214 6226
6158 6018
2838 2032
1437 1278
3762 2813
9625 1673
7264 5991
7294 3
5033 688
4701 2003
1638 475
4862 4176
2981 2090
5875 836
2089 1292
7336 515
4608 4374
5225 4879
948 633
1280 92
5311 837
5594 3893
6028 1711
5136 2980
1412 185
3032 2241
5724 2501
5557 4504
1255 171
2667 1696
3856 1281
6128 1967
2120 451
4312 3276
9870 6716
1228 999
3426 1303
9296 7380
147 31
3538 3316
9400 8733
8485 7128
4379 270
7846 7695
9555 5745
5189 2087
823 184
8140 5249
7792 4549
8522 6502
6672 6042
1538 1387
7850 2002
6661 4663
3494 2999
3650 1678
6828 3437
8707 6663
7865 7330
8631 4611
8922 5284
625 100
9436 3468
7529 7497
3116 482
9232 1619
9683 2099
879 161
8795 6371
7261 3021
2665 1119
9313 249
8115 886
7693 1800
8120 947
2016 1649
6139 1533
8350 1334
7508 5738
8771 6293
4214 2736
1349 230
2596 1478
5030 777
7066 5399
3505 3423
3200 318
6183 489
8369 6489
71 20
3882 2644
1163 840
5162 2075
254 66
4045 2855
6908 4429
9426 4500
7272 1442
1424 445
4776 3954
7462 3358
8599 6893
5927 5240
8775 3383
8092 5542
6478 1564
4881 2714
9761 1859
368 309
1809 1396
9898 9222
6257 4820
4894 2772
7098 4902
6379 5926
9967 6516
8094 3678
8098 7806
6314 693
9262 4944
4310 429
8975 4583
2909 1369
7744 4888
7791 4926
7267 1045
6243 364
2815 2136
5368 4835
977 711
5364 3898
3123 280
5156 3421
3556 3375
8286 8052
6830 5990
4657 311
2105 1879
2257 839
8380 935
9464 6688
7877 6619
4787 3390
84 52
8005 3211
7654 4764
9685 5119
2866 2792
9185 6616
7397 5153
7705 1353
3274 246
663 446
1368 878
6591 6017
5125 2706
2761 114
7006 6748
3974 914
7310 1633
2676 1099
4641 651
8671 2989
8647 341
1520 876
4723 1691
9812 7851
6508 3471
3018 939
1013 155
6513 1616
6317 5176
389 290
2936 946
9212 8062
437 413
4875 4114
7076 3395
4046 783
9516 6955
2454 2095
1528 174
5258 4089
738 156
8289 5807
5178 4319
1459 154
6234 4538
7936 5556
901 141
586 36
6566 5065
4444 923
7060 5392
6742 4514
9460 7421
2591 273
4437 3277
9848 9608
6804 3392
6185 1122
5901 3753
2671 1829
6734 3539
2064 1238
8778 4535
4885 4744
9327 8662
950 628
8847 7978
9972 4117
4324 1728
6002 2931
7300 7176
4345 1084
7048 168
9022 8429
2279 843
8526 2985
3778 514
231 216
3519 1441
6045 2373
7281 5037
3412 357
1042 291
6656 1063
4333 4265
5120 982
5685 5098
8195 3030
4256 3928
6740 2343
3473 1495
350 35
5979 4031
3664 1600
3699 3510
4122 3042
3713 3668
3467 1825
2505 1813
4868 3036
4400 803
125 116
159 40
3458 3071
5956 5655
9654 7064
6521 5413
9677 7417
7810 687
1731 118
9606 1724
9873 8477
6414 4147
8556 7
9700 4827
1716 1047
4467 531
5208 2775
5187 3112
2423 519
3865 2616
3134 260
5313 1032
8126 149
7474 2148
8466 3151
3344 2381
2786 908
1336 1040
2824 2642
4910 4194
5041 4517
6081 4254
8559 6095
2751 1287
6543 4668
8624 6517
8890 7871
3776 1589
5304 3131
7707 2451
8575 5512
1373 855
8272 1590
8360 3967
2049 1850
2901 1576
6533 3138
9424 2829
8398 6737
6286 4070
2397 328
5096 2192
296 79
3944 2365
6592 2411
8940 6267
3409 3013
1968 1071
2223 2031
2420 1680
7785 2122
4123 1704
5329 4927
4438 288
9545 6412
7201 2328
4971 1054
6527 4182
2340 187
4112 1273
9315 8839
3501 2378
8093 5375
9255 1587
6988 3442
9858 1656
7665 858
1553 746
3970 756
2925 2455
9485 8968
9825 3611
7690 846
4230 3269
3586 1914
6471 4945
5789 2900
6500 166
5619 5252
8157 7703
9279 8893
2370 1655
4000 3069
3569 2384
6602 5216
4804 670
5430 2042
1831 47
9224 8508
5560 1157
3074 2550
3348 3234
434 287
694 376
642 227
3723 483
2040 1105
6069 697
4553 3460
8730 3243
3633 1518
1546 931
9741 1231
2694 2176
3286 2175
4015 3867
3275 1540
2461 658
2727 1713
1827 1707
4883 505
1294 1000
9459 2612
922 919
6347 6176
3624 3623
6611 5650
1085 570
6850 334
2012 99
9732 4058
4898 3965
316 218
3879 44
5907 3419
5444 747
5499 1642
2541 1376
7929 1997
6904 980
9562 8223
4636 2860
9174 5554
4507 1185
5592 1015
7564 4326
7820 7141
8636 6384
80 38
1104 615
9265 5975
5415 1894
4439 3643
5750 1204
4851 1892
3487 962
6747 773
5260 2260
2489 1226
5211 2414
5629 1541
3217 2438
3660 2334
1470 861
2459 1979
8051 418
6982 3857
6422 973
3006 2808
2973 1510
5675 804
5525 2383
8487 5262
4470 1836
2496 865
7302 4992
324 165
4923 2313
667 108
5487 722
4544 3019
2218 682
3693 2125
8797 8687
3132 1484
8808 4177
2987 2203
4550 3751
6569 5492
3512 1747
1286 122
6505 2197
3054 976
5684 4802
6325 3237
6726 2121
2934 367
8558 6034
7908 173
9438 2389
4834 2858
9442 7197
563 387
4707 2427
1436 1316
5296 2990
9713 1001
9088 4113
8478 766
9239 3371
9990 5247
7939 1250
5829 1327
9306 2295
6082 2400
5920 5301
5780 1282
852 565
8621 4778
6098 771
2065 671
3562 1289
9189 5289
8512 8382
6344 5984
1193 1142
496 448
750 569
6016 2794
8650 5359
412 163
2076 1896
6201 1976
6655 3323
2037 1108
1239 110
8822 8742
7904 6638
1699 1139
1517 1098
6821 4843
7565 724
5017 4278
5230 1240
4677 4002
5680 131
7384 1732
9795 6778
6581 6210
1745 984
6332 1788
1908 1118
5049 1852
3309 1386
3839 4
4561 2527
1201 702
6885 971
8262 4890
409 325
5688 4013
8089 7350
7106 5442
8927 8151
5838 252
5108 4342
5522 3949
6467 6159
2552 2067
802 96
9318 5772
904 447
6917 315
8361 5847
7620 3593
2199 700
782 255
3075 1798
5917 3172
877 470
7838 1554
9650 8970
4385 2886
764 499
1394 308
7992 140
3347 2530
2061 283
8807 547
2690 841
28 23
1956 721
3130 443
3111 102
1172 355
3012 2888
3337 2818
3794 2699
3072 2947
3189 3117
8201 3318
2512 1026
8971 2551
9204 4236
5132 1622
6097 1552
2673 2562
1647 1304
6876 1433
8013 5923
2788 2329
313 269
8160 6367
4451 2127
4091 674
9724 404
6601 498
7226 5595
9086 2536
1865 1833
5776 1427
7858 4499
8197 6961
4664 1855
3035 342
9992 7761
9708 2282
4151 1293
3520 1694
5777 2190
9243 7799
2915 572
8203 7406
7769 6225
123 104
8905 4041
2700 1857
3147 1069
9561 8241
7935 5452
7947 6727
7125 361
8287 2635
1112 1062
2214 1215
9587 4210
6407 5417
4364 2398
1895 64
1842 1443
649 426
8290 5316
5826 5046
4511 3213
4489 629
3637 3171
7722 7591
9568 8179
9109 6089
