539
4535 8339
2272 3556
9700 9721
1599 9230
107 6788
2580 9511
4313 7675
1749 7380
5538 8648
3579 4135
5235 7207
4425 6152
7452 8599
8939 9738
2271 7945
6877 9888
6156 6927
9053 9122
1785 4086
544 5103
4312 5709
6767 9154
1647 6964
6831 7140
2617 4931
7425 8022
5975 6451
3460 7642
2782 4435
2115 4823
8298 9670
2338 5761
4105 8870
756 9948
8277 8479
1379 2438
3482 4120
8865 9869
6879 9625
4272 9294
5100 7432
3039 9469
1128 5569
5484 7493
9236 9971
1237 8182
1482 9340
7707 8698
4355 4785
8401 9096
6904 9646
6830 7416
5815 9065
339 2398
236 6980
1726 9940
4821 9931
7706 8917
4418 7424
5267 7947
9865 9894
7292 9316
3517 4484
2786 9037
4505 8803
6580 8931
1295 9753
9522 9965
4868 9078
9142 9476
3259 8601
3260 9506
5856 8308
4971 6569
6251 7582
8120 9746
3750 5232
7128 9762
8255 8850
9308 9517
7504 8322
7713 8321
7879 8925
8492 9799
4974 8320
7558 8193
2136 9666
486 5159
3613 9720
1650 7259
3256 9767
8188 8643
9130 9562
7301 8139
2512 9958
8517 8707
4017 8460
4854 5632
7527 8106
4068 6069
9047 9141
7422 8266
4113 7849
947 6718
1744 4567
5300 7060
3911 8637
7799 8999
1141 9447
6487 6754
7645 7708
6704 7789
4225 7563
7471 7712
5648 8729
2097 7069
3624 6446
5587 6720
8563 9051
8784 8937
9986 9999
8614 9257
4688 9733
797 2804
3874 5845
5067 5811
7654 8758
6833 9220
1459 7127
4375 5148
7831 8411
7203 8894
9155 9455
6532 8346
4837 9976
8932 9184
6454 8838
2836 6075
3618 7765
1474 3753
3731 7290
5340 5960
9357 9523
5603 6232
2861 8928
9386 9916
7957 8638
8519 8566
8711 8918
5543 6444
8393 9731
3440 3906
4881 6765
2814 7931
5127 7652
8251 9748
3097 6756
4548 8761
8326 9964
1795 3437
3123 9295
1826 3020
9364 9978
5189 9487
4273 6525
3067 9920
23 9470
3587 5451
5349 9564
9879 9913
192 1490
404 6471
9544 9854
5094 9094
9378 9596
8444 9207
1265 3047
3356 6042
2766 6205
6566 9062
9887 9942
789 1573
3891 8046
6771 9404
8779 8934
1540 5627
7512 9240
6971 7946
4019 4309
3566 6415
1357 9796
2707 8467
5143 9906
8284 8516
2388 4323
2336 5915
8659 9091
6295 7066
2358 3958
3323 5658
8992 9192
5808 8586
3635 6700
6382 9352
9547 9791
9835 9936
1386 1516
9346 9604
4159 6492
7921 8824
3244 4598
5649 7852
9740 9818
7813 8950
4686 6781
7810 9018
3159 5697
5893 9878
4399 6043
5628 8990
1721 6523
4050 8323
6874 7341
9035 9752
4673 6635
5011 8982
4510 9770
9811 9891
189 4162
7668 8478
5771 9679
8296 9049
9903 9947
4616 6047
1110 4696
4042 7041
2251 2658
629 1168
218 1410
9863 9875
1023 9509
4799 9771
2238 2443
142 5830
8583 9379
4889 7372
9360 9424
1809 4084
9355 9376
1457 9594
4614 5240
8977 9842
6620 8170
7679 8054
1021 4603
1411 5518
7659 8962
6591 7443
7288 8404
1281 2936
8964 9494
9172 9326
1709 9182
6016 8945
5353 5911
3715 7083
9966 9985
8412 9339
3676 3881
5770 9739
8343 9566
4441 8666
6133 8621
6970 9560
8752 9925
5903 8938
5252 8210
8685 9712
7469 8952
9885 9908
9195 9519
9415 9657
6942 7252
6282 7278
3516 9599
8036 9781
4669 8149
6698 7235
1427 6157
7337 7392
1950 5956
6197 7816
4083 4483
2055 8848
8349 9391
9036 9786
4059 9724
8442 9944
3836 4052
7303 8057
3879 9707
6061 8080
4503 5358
8770 9134
4680 9458
1714 6203
6699 8777
1792 5026
1700 2448
1164 1954
4606 4637
7564 7693
7166 7837
4437 4932
3966 5775
3552 8263
4621 7055
5525 6171
2493 7592
9952 9979
5136 9011
46 4284
6421 8837
1836 4173
4904 8456
7441 9688
1402 4110
2145 5877
9304 9905
4929 8821
3980 4181
2769 3769
7819 8409
3200 6672
4721 7466
7747 7791
3276 9328
4443 6105
3278 5621
5092 9110
1263 9809
6988 8087
5620 8576
1991 8485
1214 2334
8097 8944
8449 9126
5091 7499
3510 3912
2996 9648
416 4141
7409 7759
4367 5174
718 6109
8570 9939
4691 7410
5635 6702
3191 6576
5292 9343
4095 4374
2436 4099
3509 6636
9780 9922
3404 8768
3673 7418
370 7981
1697 5277
3000 4359
1675 9076
9653 9993
4796 5066
1007 4650
6430 9190
5308 6746
4339 7580
1718 7184
67 4965
3543 5611
8415 8998
2206 9471
4509 7333
4901 6054
1365 2107
3277 9565
5606 6865
2069 7553
3670 7355
9005 9861
8895 9603
8494 9641
1169 4341
8715 9459
9238 9713
1922 4716
3896 7363
2858 6839
5835 6318
6646 7733
4321 9043
1724 6287
2120 8383
5016 5949
4966 5236
1406 9917
2194 5245
7043 9909
2517 2651
5074 6670
7500 8916
7189 8431
8845 8857
5503 7539
1910 8078
9501 9929
4043 6579
3940 8040
4416 7095
3388 5812
5668 8983
5558 8946
7029 7589
8152 8334
4994 7575
1943 9218
4380 5892
2288 9366
4649 6784
4879 8019
5922 9426
7979 8538
5337 7150
59 2343
3749 6130
6709 7579
8447 9945
4608 7325
221 9288
700 2574
1019 5785
813 4187
6389 6588
3655 5768
2300 4056
5722 9212
2602 8375
3204 5887
4089 7904
1373 7996
2680 4336
6714 8475
5046 5485
5943 8386
7001 9701
3135 5504
3431 9349
1750 6412
2362 9135
8860 8978
2499 4450
9645 9855
3227 3581
8911 9150
514 569
6036 6609
1992 4869
9484 9896
1120 9407
8317 9255
8830 9291
2014 3763
2117 3825
9631 9668
2568 4038
5644 9959
5205 5329
1596 3833
6852 7385
7529 9095
4210 6051
4701 5554
6277 6634
9102 9179
6411 7619
7895 8884
7182 7238
7468 9974
4036 8558
32 484
8262 9672
8100 9683
2187 5449
911 6992
9732 9921
1843 3870
1754 2262
9624 9727
449 8783
3677 5823
6563 6786
4536 5447
1431 2421
4759 6775
5280 9576
4807 5806
9399 9569
7104 7858
4150 9089
7111 7782
4314 8477
4434 9684
6705 7942
6453 7016
3975 5660
7075 9174
6110 6870
9649 9977
6760 7381
3153 7731
3949 8436
4951 8826
1403 5760
2197 3466
4594 5491
748 2404
4678 7681
5992 9194
4107 6101
2284 4887
8105 9160
7371 8514
3035 6324
620 9322
6078 6644
3863 5934
3111 7853
1458 5666
8127 8168
3627 9635
2613 2873
149
479 275
2440 2061
6363 3434
5450 5375
3674 3343
3028 664
1202 89
6002 4047
7247 3141
5494 2152
497 463
4228 2470
4108 3657
9231 4170
9874 1467
5642 1796
2955 2053
3930 1598
137 114
500 495
6012 2742
5555 4882
2772 440
5043 4414
4890 1009
8362 1861
7896 2227
6509 3734
3266 2276
8657 522
9871 8341
9017 3776
2465 991
2760 1368
6717 2480
8866 3384
5030 2299
306 186
2125 543
1387 255
224 33
3243 2294
7165 4132
9737 3741
3722 935
7937 3154
5601 2670
3869 250
1426 1108
6758 4489
6168 1586
7490 5470
2261 2215
5293 4368
9899 1906
936 263
2296 542
1523 1014
4949 3228
5886 4816
2545 670
9057 6302
6541 1478
8235 2928
7188 3181
6472 5465
7676 5790
8996 2138
2982 2371
9963 119
6166 4157
6120 1989
7871 6719
6777 570
2796 436
5530 712
4740 4078
1723 1308
2020 732
6074 6064
9329 1129
9515 1334
9292 3785
2382 1659
5113 80
1808 1321
6633 3197
7916 6936
2569 1350
1199 588
1819 527
8021 4659
2279 75
4872 2749
4975 424
7743 5750
9268 576
8567 6214
1568 418
6915 650
3077 213
4777 3234
9860 5055
5137 2461
3173 1687
4643 2269
1408 18
9975 1534
7027 2366
3867 2287
84 44
8169 1481
920 233
507 419
6793 6774
9365 5409
1103 312
413 230
949 630
4290 3369
4519 22
4495 1936
5336 3704
7507 1504
6898 4354
7751 5791
8175 4819
488 487
9496 3405
8086 4808
8166 5706
889 517
7130 5025
6564 1429
3160 1741
8419 3330
5069 485
9844 9833
6399 6293
3952 676
7745 1094
8963 2972
8496 154
8042 944
7555 2250
6975 4876
3724 553
3182 1156
5564 2249
