432
6421 6580
7328 9827
7312 8238
8652 9105
3421 8375
1393 4586
4809 6384
4661 6755
4779 6918
3429 4731
1192 7455
9780 9980
2937 4055
3 2943
7452 9355
5962 7738
4263 5701
2202 6003
960 4272
4030 8778
84 9591
1908 5101
1802 6225
4728 5905
6178 8948
9205 9779
5121 5497
1519 4374
6242 8991
3605 9028
7444 8966
6724 7352
525 3586
5133 8931
7674 8836
2379 9650
4149 9395
619 3241
7562 8063
278 2615
7789 9461
8437 9562
5323 8029
926 8685
2269 4001
6625 7802
8856 9066
3744 4051
5341 6498
5892 9652
3888 4147
2762 9708
4212 8837
4960 5173
7559 9886
9337 9890
1076 5784
1262 4101
8231 9330
2622 8663
9902 9982
9901 9932
5008 7002
7604 8792
6764 8159
1046 2241
419 6581
6913 9924
151 8555
3044 8937
8222 8520
3525 5118
8315 8519
2921 8736
8766 8930
7750 9728
4262 5146
792 1312
4539 6874
8783 8846
380 9934
2793 6140
6008 7219
8615 9063
1990 8371
2523 3903
453 6078
3185 9172
9903 9914
3871 8827
1726 9605
1877 4925
8128 8548
3621 4921
3803 5001
1798 5387
1711 8892
3022 6867
1009 9822
942 7917
8459 8682
6834 7081
165 9473
9164 9907
1015 3148
7979 9766
5705 7115
8364 8462
9138 9470
3638 6731
6213 8000
5870 7647
3279 9187
2741 8749
91 5779
5617 9203
8034 8281
8393 9735
342 3125
9570 9709
7782 8784
1289 3540
4777 8942
8137 8506
135 6621
5290 7197
5137 6642
5042 8567
2942 3928
5855 7766
6305 8301
7581 8418
6056 6170
9733 9942
2079 6743
9457 9996
7918 8504
8949 8961
632 9216
3591 6667
978 8853
3934 5622
3628 4444
4218 4693
633 9360
6922 8087
8935 9590
2075 9076
3201 3877
4181 4477
9091 9905
2506 7973
8928 9326
9587 9885
7648 9870
1769 2234
3368 8630
3641 4289
7005 8642
4505 7149
3932 6095
1455 8106
1197 5107
9321 9749
7964 8751
7874 9357
1269 7057
235 5370
4330 9358
2609 3355
3074 7573
3267 3594
2430 8220
75 7905
5247 8891
2073 6943
7014 9125
3065 9325
5670 6124
9054 9379
2947 6235
6521 9092
7110 7154
681 2887
5282 7951
1546 7875
4531 7931
4832 5269
8278 9535
8917 9394
6437 9933
3597 5925
6756 9176
3210 6346
8400 9557
874 2939
5677 6277
9160 9177
6853 9327
5182 9670
7376 8408
2711 4991
6148 6286
6166 6604
959 9475
8450 9577
5799 7833
9340 9441
8253 9830
5953 8963
6593 8826
268 1072
907 2097
6257 8100
6295 6457
2468 8333
8294 9965
8411 9181
5785 6773
5494 8215
3482 3515
2699 7565
9213 9931
8338 9553
8336 8461
1586 9791
4756 7524
8910 9111
5584 9290
739 2101
9920 9926
6359 9755
150 7471
9941 9948
8358 9776
945 5653
8873 9065
2244 9083
3654 7639
8394 8586
4628 9842
8879 9967
790 5361
9022 9427
1940 7330
5604 5795
7131 9284
1507 4528
7709 9332
833 4819
4120 4259
5505 8771
3179 5719
3995 4203
6269 7849
5283 9581
993 3259
5199 6985
3619 9563
1286 1370
636 4029
9469 9680
9281 9449
50 1362
1881 6489
262 2975
3430 9242
7252 9705
1416 3358
2475 9142
6833 7554
9152 9629
7799 9396
6229 9720
818 9585
7107 7507
8410 9107
9261 9740
7370 8543
4258 7664
9491 9807
3425 7191
7520 7560
5847 6081
8952 9254
6783 9821
9747 9772
4519 8750
4591 6892
5017 9820
8267 9264
3939 6995
9760 9829
735 5254
8053 8229
3813 8386
4805 4989
9748 9752
5068 8180
406 1109
7366 8628
7180 9364
6073 8343
359 4311
9700 9981
7193 8627
8021 8056
8458 8799
4776 9794
5175 8759
8844 9998
7994 9691
2542 5840
5210 6216
2984 7655
9750 9853
6164 8544
826 8854
4552 5479
752 764
691 6671
1735 8057
9460 9758
3157 7589
1017 5466
5424 7442
7922 8470
1707 3494
5458 6728
1011 8489
4548 9578
5613 5664
2255 3002
7787 8788
9386 9514
7172 7224
9757 9891
7063 8423
7243 8443
7828 9215
9136 9462
2637 4028
1247 3160
9860 9953
7843 9579
2006 3882
3295 5142
4255 8659
5461 7628
2759 3177
1541 8032
8593 9746
7751 8832
8621 9252
8729 9305
1889 5602
2642 5181
2418 9732
5900 8422
1196 1571
3028 4249
8554 8798
7703 8623
152 5955
5088 5722
3779 7257
3823 5646
6331 9523
3211 3990
5899 9453
6817 9093
6894 7763
1237 4625
6283 6702
7666 9069
6111 6426
5725 5816
861 2836
1699 5407
8017 9544
1239 1557
5055 7510
7349 7540
9062 9153
7715 9041
660 4503
671 3704
2639 8904
1230 3731
2735 3524
3247 6429
520 6531
6436 8041
8421 8523
7732 8224
5681 7650
8144 8833
7699 9561
1906 2067
5512 8700
1611 7285
6751 8114
4516 6060
8776 8907
8439 9862
7848 8440
1227 9552
5509 7387
2488 3838
5817 9380
9090 9130
2290 9397
4418 4982
4130 7752
9651 9773
6341 8337
2574 4433
3467 3788
7546 9834
6326 9068
3996 5555
5401 9451
4738 7405
6197 9526
3653 5305
315 835
4474 4595
1424 8800
3645 9005
6765 8221
7333 9359
6846 8039
498
1994 250
5408 3913
7292 1214
9596 5379
2014 1414
1344 996
7308 4162
6771 3895
6517 6333
2855 1753
9954 8135
5215 1448
3024 2809
1213 937
7365 1955
3254 2806
1277 934
6297 6220
1603 179
8314 3498
7186 2974
7811 1783
7777 4398
2972 1369
3096 203
3122 1327
9435 1684
4364 717
8762 5382
3023 2878
7850 1485
7027 2228
7739 5329
1593 1397
289 237
6293 584
5148 4003
785 563
2221 1716
1718 1361
3758 303
4813 2875
2805 498
6459 5330
9659 9002
7202 922
2971 530
6413 2843
5940 5236
3651 2863
2628 2247
4907 580
2088 57
4152 4007
4863 2365
5754 5395
2030 1492
1947 502
365 147
3399 2764
9798 1759
7340 3420
2454 2343
9952 3136
4746 658
6638 3703
9703 1294
1482 1339
5930 5734
9928 747
545 270
4928 4812
5753 1171
130 94
6446 2127
6238 2048
4128 3180
3676 1804
5391 1215
8667 1667
3889 3239
8119 6193
894 98
8430 3736
4669 2991
4676 675
2678 1714
2285 191
5786 1332
5422 939
6439 5045
3382 2355
3281 2688
4733 3171
8193 5966
1534 283
2035 363
2256 397
2149 1576
6265 6041
3327 910
4037 1728
2217 635
4577 1788
2676 1187
2818 896
5668 5403
5230 5158
6645 5711
3221 1682
6177 5662
566 38
3335 1233
5482 29
4241 1810
8195 4088
618 588
1183 323
4871 2706
5583 2417
6742 1797
7734 3257
8312 5151
4536 16
531 68
2162 1087
1737 1385
9334 4538
7681 6217
4209 576
8947 4042
6715 4793
1381 1293
6803 2146
8028 3862
9963 6020
284 230
4732 3536
7265 3915
971 657
6872 265
3522 393
8308 2899
6380 15
2002 1852
5367 768
7450 5915
5147 1452
6180 2330
9849 5486
9865 8531
3304 1462
3787 2700
783 756
4459 3253
7539 5233
6614 41
9604 1862
5086 4153
5864 3562
9551 5005
5921 3416
5139 3138
3994 3440
5828 4758
1995 1314
4072 2380
7775 5343
9533 8914
3578 2566
4557 2509
2138 1962
43 5
6127 2550
7087 6136
5039 2320
845 830
5437 521
4126 3277
3615 556
4949 3646
1715 862
9831 2610
4465 2473
6066 1525
6567 1633
346 294
2505 1832
3669 1410
5693 1656
5362 2327
1177 1014
5030 1284
3189 1913
8113 201
5394 2169
5965 1697
3237 2354
3137 952
6131 5857
5591 2810
1555 816
2941 2455
3278 1575
6247 4310
2775 2424
1648 382
1047 360
3837 1086
2730 2267
6144 2368
4189 49
1133 128
6160 2851
3155 1473
8066 4009
5736 918
2480 1626
1403 1217
7473 3444
2407 692
7175 1190
5757 4476
4510 4285
2194 1083
2766 2728
5057 1518
7913 3159
9999 3966
3087 1641
116 100
9559 8673
6365 887
95 63
1348 661
1901 14
9169 589
4138 757
2845 333
8838 4530
7358 6662
5678 1085
1078 583
2951 1533
420 202
8524 3481
6232 2233
8409 3333
1149 552
2888 1165
6347 1818
379 79
6495 3546
473 255
513 194
917 878
7199 4426
2215 1567
8681 6099
378 266
6201 4862
3875 1488
1527 1347
1100 1027
5773 4099
9873 3275
2885 1930
7305 6888
1970 105
4015 306
2909 999
8426 6820
5908 2208
4458 4071
3694 3509
6697 27
8037 7698
4569 85
805 142
3695 2880
8551 3076
1497 205
8597 962
9437 4157
9848 4614
2797 786
3025 2466
5239 2463
9513 7522
6788 381
6240 496
3868 2612
5685 2225
7235 967
4796 914
4534 1173
4214 4167
254 223
7897 6050
8818 5314
4133 2685
8639 1882
6816 3377
625 348
4161 2665
6578 4933
5822 340
3284 3032
5931 3214
4603 3797
1771 1666
9269 5226
5991 3184
9515 5140
8556 3435
6182 1111
476 275
175 71
8695 3128
8251 5588
1419 336
5814 4424
5699 5310
2569 2304
2222 1803
485 260
5782 1627
7982 5560
5098 4828
4994 3248
1164 511
4388 1141
1472 1160
3383 1061
2296 550
9161 4387
2274 1496
6690 4555
5366 5150
2310 492
2517 1231
2576 182
5041 877
5435 456
4884 4063
439 228
8668 6927
4852 460
7190 3969
7629 4747
6612 5485
4722 58
2054 1159
1678 1308
8536 7840
3620 1834
2624 2611
5502 3337
606 421
668 153
252 234
4981 980
7337 1019
1404 4
4636 537
7178 5004
3933 1489
1318 600
2423 1331
4626 3776
4874 1920
8691 2058
6609 2916
8169 7497
2493 553
6209 170
4294 3796
7336 4573
1116 452
5368 2773
344 168
1296 932
8164 5026
4683 2600
3056 899
6302 2667
9966 4764
6828 1740
4363 1341
4769 486
4217 438
1885 879
3020 1767
908 617
4058 2503
2360 2104
8062 81
8012 7351
9686 6422
4462 2559
4365 2820
7492 156
6386 5866
1008 366
3544 2997
8487 4314
8804 231
9311 4901
3917 3243
541 88
9594 9481
9080 5879
5635 5081
8875 7962
3907 1883
6991 2729
5448 4354
6435 3084
4200 276
3658 1566
7284 6875
6705 4556
2629 242
8797 1919
3574 3306
9770 1057
6564 302
5336 2009
5103 4239
6859 2996
132 82
8139 2709
7618 1988
6786 2358
6200 820
8666 6159
7643 2094
9411 8058
3992 1396
6007 1618
8848 4622
723 377
6063 985
1768 648
3588 390
6335 2534
5463 714
4885 3464
3378 2536
1191 314
6526 4372
4712 1909
3699 3216
8733 7254
4816 1354
9245 8654
8349 7635
2635 2593
8974 5979
9877 322
7217 5144
9324 7605
181 101
1018 308
1143 743
5376 5002
6871 1292
4833 3042
298 246
2580 403
2925 2303
6709 6037
30 26
7730 4356
5338 2970
1306 184
4230 355
6941 4367
8483 6694
5544 882
7770 4551
8309 4317
3052 1510
1386 1080
4616 3313
3728 3190
6858 6143
6605 4275
3162 2066
8344 8048
3643 992
710 44
6659 5803
7512 5410
6582 5546
1925 280
3349 977
1272 1146
