763
5560 9195
8204 8825
7120 8268
9107 9274
1401 4230
3714 6834
8096 9550
9124 9128
4605 5659
3311 7787
7247 9442
5312 5317
1062 8073
2392 9192
2468 7008
3110 8612
1576 7124
1415 4486
5646 9151
8467 8687
9117 9594
5806 8745
3308 4393
5150 5331
7808 8034
3927 4171
3193 7085
4872 8438
1523 4655
5082 6136
4516 9951
8419 8680
1005 1562
1821 9400
4550 9098
3472 9063
6925 7812
8153 8683
8272 9537
6352 9396
1456 4492
9689 9795
4366 8448
4494 5435
360 9963
1089 8417
6697 9607
6151 7348
6210 8318
5593 5868
3538 6634
7956 9305
9382 9743
3805 5508
515 4294
6095 6161
3346 8241
7449 8533
8933 9329
7720 9875
9029 9076
2037 2084
2128 7019
505 9372
6437 7494
690 3053
7758 9479
7966 8964
3763 9253
9508 9637
4322 4620
3116 6006
2618 5755
2352 7011
4903 7691
7480 8717
4603 8032
5888 6400
6076 9896
6587 9873
5792 6112
4048 6965
3180 4169
6899 8085
3393 9943
1473 5343
3879 8724
8937 9371
7702 9540
1133 2969
1203 2454
3224 7766
1030 1858
7854 8452
3420 5897
257 4538
3525 8833
4512 6493
9781 9865
2804 8497
7263 8164
8581 8643
3901 5848
837 5523
175 7866
822 3354
8175 8334
2727 7468
70 7949
1548 7365
3624 6652
2285 3962
6298 6931
2347 3410
4175 4693
9869 9924
7722 8647
6571 8371
6139 8012
7634 9600
6586 8584
5187 5917
2232 7005
4953 5804
7630 9877
878 7747
4440 7118
2781 9073
8 3854
51 7304
1518 6581
1223 4043
4150 7940
7041 8779
914 1529
1823 3922
4143 4487
7447 7509
3395 7166
8383 9134
6556 7888
9323 9721
6170 8436
7270 7873
5274 9649
5520 6093
9801 9964
7016 8742
7646 7832
4646 8934
1214 9828
1240 8762
2960 4470
9412 9957
1943 3719
7690 9189
2574 9166
8218 9017
6085 7767
4214 8974
4167 6846
6035 7277
1605 3743
5978 6137
24 8048
780 1644
4481 9659
4583 8361
7642 9457
6399 8838
8080 8344
5205 6248
3403 3445
1524 8538
7354 7517
3827 8408
9521 9664
7989 9497
7107 7234
3633 7438
4665 8426
6419 7099
7134 9359
3456 7044
2648 7408
1588 4416
1833 3380
6047 8582
6646 9975
2816 6221
5260 6030
6007 7801
8849 9627
4703 5835
381 8016
9493 9522
3452 5328
5783 6404
1108 2217
5266 5373
4273 6563
4911 6260
5414 8881
714 3291
9772 9910
3621 4349
4279 4438
8851 9198
6760 8900
990 4641
7671 7958
4045 6414
234 5871
610 9026
7181 8057
333 3405
1078 2540
8351 9230
4702 9891
465 1417
4062 9923
2028 6202
2299 4215
9143 9907
5475 6705
5949 9989
9835 9962
9609 9876
587 7355
6064 7000
3279 4829
1366 9252
9993 9997
174 5155
2587 8880
513 8395
1186 9214
3292 4055
9031 9228
5184 8260
3666 6099
6436 9872
641 5779
541 9710
6242 8056
3014 8171
9681 9937
461 3860
2049 3909
1664 4369
6885 9229
9855 9978
6636 8445
8396 9608
5189 8429
1557 8500
5364 5525
566 1925
6688 9863
622 1260
6196 6370
306 1267
5229 9348
5214 6786
966 8503
5770 8558
4193 6948
165 1738
4633 6092
5586 6357
9687 9704
6739 9354
1947 4765
8449 9358
384 8286
7064 9105
811 8661
615 7343
5284 7645
7373 7523
6037 8971
9259 9913
5017 5826
6572 7624
4295 8367
1547 9351
3286 4587
4984 7450
8515 9367
3438 6143
4580 5088
6527 9295
4363 8414
3096 5336
6374 6828
7291 8420
1208 3023
2726 2958
8234 8507
7830 9851
1880 8359
5751 9180
6359 8055
4532 4865
1405 6441
8307 9570
5058 9232
6542 7238
102 4314
7394 9974
3226 6751
1517 8133
977 8988
6433 9083
637 6475
50 1881
1587 2980
3713 8337
9940 9960
9799 9849
2926 5855
4125 8547
5901 7136
6173 7922
3083 6984
4041 4187
1948 8706
3267 5590
4160 9337
8659 9363
4431 8969
3594 5597
7961 8787
2649 9995
640 5134
2466 5012
2297 6313
2286 4408
7935 8836
5692 5973
1032 3070
7417 8274
3556 7655
3896 7697
7075 7929
3819 9901
2121 8795
994 7100
6042 6395
3796 7864
6657 6956
2880 6286
1559 2706
209 3709
8223 9089
4249 7211
16 7599
3056 8778
5920 6558
1753 5398
6477 8944
3519 3826
1635 6053
4469 7943
1633 9884
7280 7288
6891 7500
8577 9820
1101 2249
5787 6595
7264 9112
7718 9272
5183 8975
7030 9068
6087 6662
1927 5217
4959 6075
8058 8376
4671 4894
941 6907
2381 8432
7629 7782
8732 9238
9347 9756
729 7171
6875 8994
1680 4914
7002 8843
8940 8957
809 3020
6820 7364
8375 9741
1934 5318
2097 8190
3925 8063
1199 3811
8462 9065
9724 9803
9297 9365
4005 8231
6472 8831
3658 7231
3759 9638
621 807
5579 9984
9044 9955
976 1358
7895 9900
8692 9463
6354 9595
5349 6406
3315 3469
2171 4022
2471 5578
3881 4014
1748 4017
8179 9898
3210 8084
9788 9845
1449 5288
3277 8624
1749 5974
3851 7920
6061 9005
414 7221
86 986
4625 5702
5279 5694
5421 9621
3832 5998
6843 7413
6066 7455
6060 6280
6109 6677
847 5591
8176 9067
1194 8605
1810 3920
9867 9988
9292 9754
4961 7076
3980 5612
2833 4839
6167 7243
4529 7357
2151 9294
5606 6871
6004 8535
3071 5030
3573 6631
5904 8464
2839 4997
9948 9965
5450 5679
790 2244
2590 9454
4794 5065
8250 9113
7467 9434
545 7336
4907 9033
7420 8707
6488 7683
2988 8136
772 8935
7970 8711
6973 9569
1216 6611
5243 5468
6133 7222
3751 9735
1789 6048
4631 5690
3696 8929
1895 7851
5758 8580
4188 5964
6379 8517
2537 3449
5748 8752
4287 5538
3332 4740
524 1739
8815 9125
2159 8453
2937 9319
3030 5841
7265 8869
5775 9738
4080 4551
3738 9417
84 262
9345 9352
6928 9833
9854 9899
8258 9713
416 554
2500 8518
9686 9878
7040 9860
9336 9593
3280 4120
4081 7299
3995 9977
5269 9774
1819 3451
1331 6753
4745 9503
5697 7326
6162 6432
4543 5014
6692 9574
9344 9748
7660 7674
8147 9281
232 5734
2042 2465
6108 7863
3166 6642
5305 9859
4220 6668
4468 7887
4194 7335
4206 5500
4905 6644
5743 7498
247 5486
2836 3232
7276 7558
9316 9445
6635 9408
6094 9853
1962 6363
60 1325
8886 9458
1513 5992
1802 5068
6044 6762
9426 9959
9631 9938
1173 5937
4008 8865
1901 7290
7383 8186
5825 5996
7351 9961
7536 7821
2994 5352
9439 9602
8483 9056
9182 9792
1506 9644
1706 3195
680 4847
9236 9758
9716 9808
7191 9406
8168 9257
1652 8010
8189 8914
676 7865
507 4337
575 9285
5522 7904
8463 8662
3396 6212
2450 2827
9642 9787
3388 3892
2461 9433
5509 6255
3703 5947
3592 4972
646 6218
9023 9313
9222 9302
3520 6041
1746 8560
9467 9682
8801 9482
5727 8688
7567 9625
4885 9157
1084 9148
8629 9416
7753 8413
9921 9936
47 3872
6222 7667
4741 7977
4835 6323
8229 9480
5267 5731
1710 8817
891 8551
9202 9976
5624 7607
8814 9843
1356 6840
3582 7914
4775 5635
8864 9289
4452 6911
8896 8910
7921 9184
6579 7106
1790 2737
4376 9486
4678 6246
1845 4191
1373 9920
4766 5157
1873 7363
6919 7105
5856 9779
237 2830
2462 8596
3052 6791
4877 9586
8297 8819
8327 9584
8124 9769
9698 9816
2870 4651
5137 5495
8727 9268
5185 8670
2361 6111
9655 9981
4153 6821
8664 9020
6758 7689
1481 3740
3982 5261
7826 9407
5895 6962
3382 6009
1339 6926
431 7792
2204 8131
1031 3155
8233 9299
7454 8702
9529 9919
4627 4849
3374 3436
2863 4373
864 8416
5511 7397
8755 8898
7932 9450
410 9836
4548 8642
6850 7743
2715 5535
6628 7695
490 9350
6322 7606
2622 5777
9530 9766
2470 6549
1152 2660
7788 8209
5114 7282
2065 5972
6585 6638
2806 7465
6366 8155
9388 9708
1021 6046
5085 6717
1323 8990
686 5718
5983 8217
5545 8407
4902 7245
3440 9841
760 4611
9514 9527
5211 9818
1480 5514
7796 9852
1692 2944
8736 9844
9386 9620
1241 9934
2821 5025
4419 5144
4642 8996
8372 9079
8611 9066
6049 8442
827 4390
6375 9234
8866 9928
9320 9614
6691 7022
6015 9110
1269 4931
8845 9932
906 4281
7437 7789
6435 9162
9729 9871
3697 8207
936 9050
7773 8669
259 4540
2383 5151
184 241
8086 8386
5477 9022
3 2935
1894 8792
1968 5133
4046 9093
9515 9658
771 8613
5559 7862
8985 9751
3720 6056
2513 3157
3223 7453
7017 7641
4710 6755
2889 5600
6330 8083
374 508
5887 9566
1776 5781
5172 9916
152 7378
4581 6743
6772 8846
6203 6243
1621 2025
5553 8505
7056 9270
8120 9507
9078 9590
1350 7185
6289 9415
9324 9491
7375 7861
7275 8526
5928 7111
3528 4318
4131 5886
4806 6605
5097 8329
6513 8018
6272 9519
7729 8391
1428 5839
5319 9915
8609 9251
9470 9753
9634 9944
2704 9610
7182 8942
3705 7878
4430 6332
1793 6669
467
5354 4007
7811 4336
1007 140
8887 981
5461 2439
8390 8145
5707 5625
7411 3599
1508 1197
2775 611
1154 285
1973 1525
2652 797
5062 3430
3998 3808
3850 3787
1727 322
4862 3364
426 92
6995 2306
7119 2663
1507 452
3662 443
3227 267
1641 1232
9857 8700
8111 475
3510 1685
4770 2992
1648 1327
9421 2212
6950 783
8559 3297
8121 1188
3488 876
8109 7707
6857 1384
3206 427
8460 4107
8791 1396
8104 186
8867 8525
7512 5298
3006 2387
4479 1398
4796 4174
9130 8540
8923 6396
9669 3251
3377 2976
4685 3065
1193 1104
9641 6424
2140 559
1485 137
6666 3771
6777 5199
1342 305
6247 754
7617 3211
7605 6709
4409 1408
5685 2956
1812 287
4016 3416
8350 7761
4437 3959
9197 5259
2614 61
5309 939
4099 995
8844 6511
959 509
7901 6589
6297 147
8793 8617
6001 2722
4184 510
4502 1637
6389 1472
8953 4572
4343 855
8656 562
4565 1290
8705 8369
9170 5047
6913 2791
9177 1724
7542 6900
3134 698
8195 8115
841 214
5074 4944
3899 1298
8144 1273
9749 8798
9118 2165
1872 391
4523 1782
5859 2847
8401 5838
71 44
444 315
207 163
904 403
9657 6328
813 731
3883 3527
8789 3836
2175 1237
8973 2222
9317 2914
1037 603
2194 205
8897 7938
8212 4089
6496 2910
1372 1281
9807 2906
6220 4864
7990 5345
5772 5246
3266 420
2786 1295
4204 776
4861 4758
4149 1271
7091 3813
6648 6086
7109 2261
766 616
8313 2529
2458 2110
7476 1360
4278 3324
7267 2106
4474 1460
2700 912
7852 4092
10 5
5346 88
8038 2955
2832 301
5993 2138
3603 1374
5647 290
4596 1843
3717 484
2060 1565
5457 5033
3897 2421
5043 1672
7923 4900
531 359
9525 3612
9619 9520
5276 2107
8857 2417
3022 2515
1365 948
2488 907
9980 1177
2020 849
3989 1615
1045 89
9733 7320
6371 5405
464 157
1867 1019
154 114
7710 2137
2787 592
6421 5516
3272 1475
5255 4482
3036 579
4459 481
5011 2100
9459 9024
4085 717
2355 1380
8920 2949
8951 6701
2419 1073
1817 1076
8415 4264
387 330
9598 411
4610 664
5027 3261
2176 400
6804 1686
2236 2200
1773 1387
2254 1168
4748 4267
6078 1903
3635 1328
99 57
2126 1807
2920 1762
749 145
9739 1338
3255 3234
8678 2262
556 367
1335 1145
8776 5575
9773 1036
670 223
945 492
9552 1990
7594 7015
9325 834
4676 511
1285 975
6450 2520
9435 1808
6129 1677
7765 4071
7356 518
8440 6077
8191 5830
2517 1665
3731 48
4833 3069
3057 2716
7483 6466
5878 3535
4198 2139
5010 713
281 130
4288 2596
6453 2187
3300 743
2898 2532
3066 2701
7293 6184
5161 1994
7513 1139
3954 2083
7682 4859
6440 1638
7431 4557
8722 1367
9364 4389
882 67
6530 607
4981 447
1572 1129
883 297
1070 970
6188 514
752 565
5641 3239
3864 3838
3934 1479
5225 3919
1195 87
1082 961
1243 445
533 503
3978 2589
6249 4111
6017 5375
2482 1695
9904 4323
5577 273
3637 3342
4893 2629
1979 1697
4375 3270
439 312
8226 1760
7588 4940
226 195
3801 3178
845 704
8312 3343
8319 4239
6181 4170
5921 1620
9152 7392
6512 1758
3716 2473
8353 6823
8074 879
593 233
3015 985
4805 2533
9693 2302
9233 4232
7306 5299
2710 1970
3009 2288
1896 1556
6812 4453
8927 8135
3402 1161
8314 5234
9011 2985
8908 294
2549 825
409 246
4029 817
4301 2930
3191 1427
2046 2001
2290 2230
1700 9
3974 1613
6186 3310
4433 737
1489 1176
4116 3758
6492 80
7390 4735
2336 1304
4328 433
553 396
8842 7580
5452 3562
8355 6522
6462 4808
839 659
8036 1876
5663 4164
2772 313
3338 2760
8103 2008
9674 6083
3089 1536
2946 2410
6737 2080
6182 2922
8444 5965
2630 54
1813 932
1315 30
2239 135
134 122
6349 4458
9366 5297
8279 4208
6658 2524
4497 2826
2293 280
2350 617
7055 5158
1442 1438
1422 1109
8346 8142
596 398
8696 7268
9048 5989
5773 2954
5687 4848
2202 1874
198 65
7768 3791
5087 3032
4982 1515
193 23
1069 1044
9290 8311
1601 727
7353 3485
8905 4402
4553 730
8316 1244
7139 539
9823 8841
7569 5717
2426 897
5822 523
3533 236
7794 278
2040 1516
5294 4519
5156 3516
2483 1551
1775 715
4465 3341
7926 6858
9309 1980
4691 211
4202 1010
1552 877
7043 4547
8607 5999
6551 2291
8237 3265
7448 227
532 112
8783 4840
2163 1239
7965 5290
4608 3050
7317 1602
5249 1853
4315 3494
5599 1577
5811 283
3325 2416
6983 4177
3948 3569
1311 677
8725 5882
4690 2578
4962 4165
3735 881
2695 581
4857 4590
5893 2295
4304 106
8197 549
7551 6287
6725 245
2790 663
887 382
8011 3045
4178 454
1630 1329
4259 1
2054 918
9771 4078
5925 3441
5658 3475
4142 81
5195 203
3094 1868
6924 2923
4285 255
649 82
1478 228
3816 3192
6787 1386
4483 1505
4813 191
6905 4426
7026 3595
3848 1718
3500 115
6407 4889
7414 5073
3544 2370
764 456
8305 4047
3042 815
3910 2406
605 40
4003 2751
2362 38
83 21
7721 4546
711 271
5469 3055
5862 2613
9062 1144
8092 3299
3513 1798
9393 4544
1914 1900
2818 1162
2484 1128
2280 1419
2505 929
