621
4929 9373
3418 9862
9652 9904
8779 8980
3318 8839
5144 6509
7902 9390
6327 9764
6473 9248
4223 5854
8741 8799
9515 9668
3900 5657
8059 9239
7471 9389
9628 9885
8788 8916
1631 4417
1923 9284
4158 8537
6453 9937
1320 9962
3507 9245
6882 9145
8899 9690
4648 9538
8956 9539
8787 8947
7680 8249
2820 8225
5959 9319
3079 5633
6500 7725
4689 4782
1319 3915
742 6057
7415 9534
6402 9610
720 2704
6499 6603
420 8637
153 3539
7663 7721
7296 9029
894 5960
6668 8816
4656 5638
9575 9805
9130 9760
6301 8804
3590 5109
5752 6285
9782 9946
7121 9201
5415 6389
1708 3955
7380 9235
6905 8572
1044 5575
2298 4565
3176 5489
9593 9736
729 5120
4037 6099
1649 2649
9193 9605
2578 7774
7391 8701
9819 9943
4251 5453
8620 9288
9540 9753
9356 9986
3340 7974
8050 9642
6147 7814
5744 9792
5102 5212
8324 8353
9112 9305
8226 9700
1795 8425
845 7404
6469 8841
8720 9393
5724 6197
5054 6213
5889 7851
5068 5887
9746 9985
9102 9911
787 5578
4108 8882
72 8302
671 4159
3973 4725
6365 9123
9182 9327
39 2737
6123 9218
5823 6638
9679 9761
9428 9756
5884 7884
6727 7802
7151 7645
4631 5949
877 4476
4812 6523
5667 8107
4484 4582
5488 8769
5418 7561
6092 6384
4844 9818
5504 9555
1760 3534
1279 4218
5905 9850
6799 9682
3209 8558
8206 9824
2469 9571
6363 7019
5510 7189
4015 7924
1799 5272
8994 9116
1697 4354
2540 3938
1687 7366
9282 9615
9210 9331
9714 9831
5197 8933
5316 9451
8308 8903
920 3198
1141 4544
373 4359
9762 9966
9469 9561
6370 8499
4146 9315
9953 9968
4494 8975
5932 8068
8752 9972
5834 9093
1335 7239
2443 4244
2673 5435
7711 9947
2849 7984
3398 5821
3919 7861
6568 7701
5957 7092
2506 8234
5685 9344
9088 9673
2903 6759
2345 2928
8657 9918
9785 9827
8826 9944
2689 8718
1559 2668
403 7555
1539 9771
6904 8515
8555 8562
4148 6407
2015 3035
7367 9495
4909 7039
3244 8431
6645 8725
7192 7879
7220 9542
5833 7278
7739 8699
4811 5175
4375 9855
4501 7066
6125 6533
4094 9357
6969 7455
111 1274
546 4757
8267 8301
1609 7605
6219 6467
4239 6670
2144 9991
8255 9412
2622 2957
13 6465
494 2086
2183 5676
2757 4109
3911 9057
9317 9894
4715 6758
5566 8365
604 4934
5180 6566
4328 8887
5048 5697
1245 1984
9612 9795
4737 7469
8895 9566
4541 7596
3351 4447
529 8666
9476 9585
7027 8331
1061 3822
3912 6929
6519 8093
7397 9598
2138 8400
8480 9650
1558 8127
4198 5681
2140 5429
3193 5320
995 4293
6774 7885
2493 4531
5283 8472
7398 8176
3502 6865
6870 7149
6239 8370
3878 5014
8288 8794
1110 5298
5379 9724
9262 9747
2264 8661
3905 9811
8470 8507
2527 3941
9699 9853
4179 9385
6489 8023
528 5934
2288 9635
5100 6235
3825 6435
2829 4130
7424 8781
6008 6357
2868 4399
9474 9857
3987 6257
4171 6923
3311 5060
8604 8607
4850 7763
766 3889
3331 4568
2631 3308
9599 9779
5816 6490
5319 5800
3921 4273
7926 8418
9886 9999
7292 7598
5461 6700
4769 8545
5434 6189
5059 9376
4920 5425
2899 6289
560 7088
4166 7219
188 6113
2003 6371
3056 6862
6025 8554
7198 7613
4351 8034
6818 9657
6450 8763
4091 5561
8780 9583
521 3521
4714 5626
7866 8580
4736 7485
9909 9931
7921 8115
3816 5704
4356 7331
1543 2069
6021 7262
1544 7910
3350 8535
9416 9745
5005 5140
6206 9978
9506 9800
1220 7496
2658 4753
767 1172
851 2724
607 8922
1712 2187
7625 8630
5367 6772
444 8186
8081 9507
3103 3207
4609 7630
7667 9395
3043 8310
5525 7674
5413 5653
2098 6432
2681 7478
5205 7181
4925 6157
4642 6709
3631 7373
9835 9912
2870 8585
6746 8223
7265 9883
4621 8571
1038 6653
7317 8524
2734 8131
176 8570
5361 8017
6895 8566
7449 8463
5552 7566
5285 8644
3995 5238
5647 5775
8977 9141
2593 2938
7249 9396
1979 8076
101 9464
8475 9493
1073 3851
2839 4698
6358 7916
8837 9740
8946 9728
5770 9002
3778 4563
1725 2328
1898 3448
5911 9043
361 7361
8762 9611
2697 8130
7289 8965
1915 5596
1374 4871
8919 8920
3874 5715
7250 8940
3879 9391
7441 8997
67 3957
812 6316
1216 9183
8642 8927
369 9794
4545 7754
3070 6853
8091 8669
2362 2541
5166 8454
5177 6908
8616 9157
5838 7772
1267 3739
9529 9617
7029 8901
8089 8784
4983 5674
1835 8878
9280 9838
445 4658
9126 9793
6546 7947
3626 3648
113 822
2897 3237
7581 8083
9169 9442
2643 7726
5013 5806
3433 8200
8297 8420
43 4071
3000 8609
5003 6671
8123 9773
5777 7228
6635 9321
6280 7607
9877 9989
8712 9268
3460 6118
7742 7833
4350 5546
3869 9774
1119 3164
8316 9370
6175 9609
7564 7964
4012 5975
9839 9908
6768 7920
637 3698
1474 7747
2992 3723
6203 8869
6608 8036
3303 7821
3060 3635
1282 8819
9339 9372
1314 4659
5057 9777
733 5964
3791 8057
6272 9723
5511 6927
2455 5441
1671 6737
9626 9938
6571 7399
6559 8165
374 6399
3137 4852
7113 7372
2319 9100
6160 6530
9173 9867
864 7153
1355 4756
7795 8859
6637 6880
7895 8088
4228 7152
8341 8889
5408 6286
6593 8465
848 6155
8474 9310
4542 6508
2070 2862
3443 8964
3977 8183
3049 5262
527 2028
2202 3373
2898 3844
9092 9869
5549 5864
5402 8066
8944 9426
5117 9363
3030 5995
99 590
4474 5794
4396 5276
2099 3228
5612 8662
2774 5558
2560 3606
1836 9154
5143 5852
9940 9955
6493 9131
4810 6447
386 3251
6848 9358
2305 8982
7748 8436
2441 9859
9967 9992
4490 9890
4761 8335
1666 3808
4697 8751
4786 8208
3200 5230
5866 8492
8012 9075
9604 9902
6615 6889
9988 9996
1583 5362
3599 5970
1338 9833
6334 9892
3570 4525
2612 5705
7647 9224
9502 9580
2067 9960
1735 4539
9768 9942
4282 7358
3767 9161
5877 9663
9159 9916
5582 6081
7838 8108
4192 6452
2269 4527
5912 6431
5446 5567
7877 8352
2303 6188
3205 6981
1383 4709
6227 6770
675 1300
7536 7537
7750 8002
3285 9099
3067 4121
4398 8369
1519 7679
4607 7585
8145 9597
179 8936
3806 4124
7144 7864
6954 8423
9287 9338
4947 8278
507 2538
8925 9140
6900 7859
5668 9893
2117 4013
3178 6845
3436 8315
3003 3712
6584 7036
6395 8909
4321 4913
564 611
4060 8484
8498 8857
5694 8419
186 9035
9579 9677
5660 8246
27 3716
5233 5370
6416 9008
8679 8957
2042 2960
1094 8364
609 7601
1128 4998
7713 7873
6186 8892
8384 8500
8125 9300
3725 7330
1594 3328
2914 6248
7475 8917
7352 8907
8215 9212
8589 9703
2659 7650
2594 2749
3109 7202
1484 4688
456 8782
6641 7970
1662 8937
4400 8990
9223 9260
8448 9362
462 6472
1585 6811
9017 9070
6388 9705
9970 9995
9084 9840
2346 7226
8855 9527
6060 6555
1145 1549
4569 7075
6420 8646
1688 2565
1657 3780
1415 8440
2484 5782
9623 9997
3220 4747
3956 5365
5392 6984
1600 3279
9854 9933
7548 9500
4009 7067
9511 9801
5123 8209
5472 9676
4460 6796
2194 2277
5827 6868
306
5938 1991
1228 1131
4959 1033
1239 627
1947 505
4333 2009
8581 5907
5988 4922
2375 922
8151 1593
3242 573
9564 5016
4099 694
3116 1638
9215 4183
1992 830
4112 3835
3077 2234
3301 3277
9379 3093
1555 1302
7025 4636
1684 1106
8332 7508
3854 1686
4990 2466
331 46
4965 4667
1578 613
8337 6103
7656 6791
9263 6713
263 83
1626 415
116 103
5607 5278
4001 3269
7347 6259
5956 1347
9252 5394
7608 7110
7888 3527
5732 5133
4028 878
2940 16
8459 5186
9335 5966
2260 1175
5802 3922
7995 5200
9482 1618
8728 8048
5085 1083
6657 4090
405 11
1451 1148
1418 221
2665 1861
8830 3971
5555 2592
800 385
2032 127
4855 2163
598 416
1673 205
6372 734
6783 2558
1832 1668
1779 1723
6528 4728
9402 2911
6178 4982
125 33
4575 3084
266 182
1147 477
1408 918
1972 1377
4050 3578
6287 3877
8258 1125
2383 1520
2946 648
5787 5064
9067 264
8293 5977
5202 3026
1646 1570
4311 289
5670 372
7710 6733
4665 842
4188 3927
4801 1031
1744 1678
7208 6744
3106 1624
2916 1592
4196 3513
5032 1436
1479 1171
4690 2716
3462 735
2549 756
949 228
9925 1762
5053 4537
6261 379
531 1
3154 2405
9443 2767
5250 1804
4682 2078
208 181
9816 6669
2908 1548
1001 981
5204 533
3226 1932
8257 5210
9770 4102
1123 730
4613 2688
6761 703
9028 5104
5990 163
7769 3439
9863 155
1222 102
2645 2307
4978 3892
4036 3597
9189 1986
666 211
9430 8941
6040 3603
2657 1052
1090 710
5617 5190
5517 858
2365 884
9470 6228
9545 2937
7375 2017
4480 1695
5485 1805
34 17
2943 2084
4676 4466
5437 817
7037 5338
8945 8745
2168 192
7893 268
558 520
6858 3379
9329 2247
5855 4720
9044 3579
6846 2825
1089 794
1231 749
8152 7847
9119 3133
3867 2091
9081 6068
8277 5025
1263 697
5167 954
5536 265
7761 7572
9813 914
841 538
3688 1045
8766 7379
4202 2499
7551 704
2050 1758
2088 705
388 375
827 86
8929 1346
5630 4470
1024 319
948 239
6556 6201
7666 6120
2093 1351
1998 1187
9449 5524
6369 4227
3105 1554
5093 626
2745 2715
5103 5022
3996 1306
1468 867
1541 953
5627 1961
1041 799
9132 3354
6054 4021
1502 1425
6717 4727
1827 601
1818 511
3371 2059
3090 1386
9744 622
8366 4638
8583 2204
4144 276
618 443
8846 3364
5735 5086
4694 451
5945 377
6305 2494
6970 3359
1182 537
3743 3174
9726 6317
6409 2106
455 115
3456 3297
7448 1490
552 191
5302 5237
9672 5989
8342 5901
9814 410
1195 881
3014 2251
281 122
2761 1238
9964 3923
7118 2196
5979 4584
5651 4957
3547 3324
8275 1234
3222 2806
4136 401
3427 1047
7580 810
563 167
783 540
8412 3700
5403 4137
8798 7171
6805 739
9662 5423
512 165
7068 5817
1893 1433
68 9
7130 6224
1313 472
4856 1734
3595 1906
6148 1912
3611 2635
2904 1426
2547 2369
8453 4543
6938 816
3212 151
1350 1269
1156 138
2481 1621
9645 3763
9654 3408
3388 840
5493 1759
1205 868
5074 904
2572 561
8368 724
2775 2130
5850 5229
8333 935
5689 2611
3586 566
8876 6921
2171 201
2827 667
8024 4775
2324 2190
9522 9018
1739 1441
4618 1770
4792 1664
3847 1020
9137 2780
7577 1552
801 565
6342 4150
28 18
1085 219
3876 3696
4438 478
3217 2224
5533 4860
1081 663
8493 4632
8843 1162
