39
354 9057
4520 8372
1699 6444
5846 6386
2206 3005
5 5986
7605 8483
8409 9570
5939 7104
9761 9879
1032 2518
3230 9819
1332 7339
4560 8717
4146 7812
557 2754
1008 9258
8951 9747
5061 9647
9268 9783
1852 5542
4323 6859
3453 7324
1854 7420
7484 8110
7915 9430
2628 3626
1740 2651
8211 8876
207 6034
5114 6514
3450 9285
3593 7449
8745 9833
9454 9655
502 3818
6833 9287
8085 8595
954 9381
835
8996 8904
3139 2917
8320 8114
6000 3850
7362 460
758 231
4598 2321
1134 987
4245 2171
5612 3197
2692 24
8473 7284
7938 4526
8113 3881
6293 5299
361 321
4726 4240
4682 2306
5879 1949
2361 1255
6259 386
1991 546
3033 1524
255 85
157 83
5050 4950
3491 2974
2260 2007
9580 8830
6533 8
9342 3085
7216 4885
662 409
8074 6113
6560 4742
843 258
3051 1455
5661 5010
3958 1158
1714 1591
5048 3013
8891 6026
5870 2885
542 399
3946 3580
6807 642
8861 765
9053 2102
5664 2884
5117 438
2044 103
3262 275
9519 459
2515 2120
2082 1419
4819 3391
9264 2026
8284 3342
7008 773
8999 2830
2196 942
5345 968
5249 3227
4064 544
9071 7548
6121 793
804 168
6802 6693
1076 389
7610 2155
9775 2763
5204 4653
9871 3796
3065 2046
4180 616
7226 5463
8200 4131
9343 7609
4907 1070
1306 1301
8302 3237
986 803
9123 285
4677 4276
4906 3143
8907 944
4939 2035
5976 5659
5528 4728
6332 3175
82 62
992 583
3753 187
7798 2256
7779 2693
7118 3592
7343 2420
1237 1159
7421 4318
5051 1027
9785 7114
4290 4237
1173 676
8782 6963
1401 572
3494 2104
6392 749
6509 1090
1508 64
8013 5792
9263 6964
6706 4744
3412 3407
5549 3622
2519 506
5287 5039
8467 5107
610 377
3739 2852
667 245
6812 2045
364 9
771 302
7702 6778
9181 7456
308 21
1960 1449
1612 702
1257 559
821 27
9695 7012
9979 975
4971 4270
166 34
6669 4074
6551 2769
3194 2097
6627 4985
8979 4395
7371 3214
8578 379
1697 483
922 841
1599 1081
3743 2931
9742 6141
5710 4424
3927 1214
6999 6711
341 316
2636 356
3525 1095
8143 585
9179 4960
3487 1780
1576 1533
6470 1772
3022 2364
8593 3775
1623 430
1176 206
6209 1837
6243 1380
8230 8014
6928 4546
4573 315
4979 3518
9584 3858
5648 4558
7848 6036
5078 201
1523 580
6272 5826
4047 495
1339 591
6851 6605
3440 1730
5796 5149
5366 2022
726 331
7461 822
8421 1626
4775 2641
7027 1863
5372 2275
1674 358
9447 5194
8692 2709
3783 2365
7069 2600
7999 4386
5794 2640
2338 1758
7228 3135
574 424
8676 5417
3803 2559
1037 1013
5544 383
3078 1567
6232 5386
5005 202
5525 4738
2741 347
9926 1672
1834 649
6393 2569
7287 7155
3434 1274
4903 1253
514 444
736 411
8744 6017
1934 637
8039 5683
1608 1060
7132 4992
3089 2480
5890 3900
7467 7261
3456 573
4243 2055
9521 3556
2360 1460
7243 6846
4036 2056
3869 3845
3443 3247
8512 5810
1468 290
985 955
9516 2860
8570 1276
376 16
3283 1866
1084 578
7408 6234
1040 868
8970 4798
7042 4117
7125 4547
1839 893
4061 3273
8444 886
2328 675
4435 2816
5909 3445
4811 3781
8099 4946
1336 1082
3691 2297
6202 3476
9025 5745
5596 2680
663 106
4694 2832
3573 530
7322 1102
4847 4316
7202 2975
8949 6607
6692 1437
5933 5552
2419 2100
2899 2824
4556 2179
6062 326
2205 1080
6080 5021
7207 6324
8887 5433
2254 708
5662 1337
3669 2417
8091 1450
8009 3758
8304 5124
6753 2113
5278 3771
8137 6320
380 4
8682 2418
8666 1323
3964 2049
193 148
4681 4474
4972 1869
9970 3844
3061 301
1720 1238
4594 2169
9060 5834
5080 3847
7598 1643
7052 5371
3035 1719
1958 1452
256 167
3226 964
9145 5755
7775 5255
7250 5941
1545 1029
9476 3699
785 664
4624 2537
6834 277
5647 735
9242 5180
7388 6168
8057 1551
3112 79
6523 3780
7409 6462
6919 1968
9888 3467
4588 4308
9265 3614
2149 1773
5540 2144
9998 3007
2261 1099
3882 335
2990 782
5394 3172
7847 6318
6424 2296
2605 163
9317 3304
9379 2051
2654 129
2405 1615
8489 4966
3536 745
4342 3588
3366 957
2978 1691
1800 1587
4212 1902
2189 1328
4174 1953
4841 1818
5944 5930
3299 2142
5276 1046
3510 1857
2167 486
4941 1954
5564 3787
9064 8566
7443 7234
8668 4839
3317 877
6119 2743
2753 1439
6351 6086
1507 455
7914 5621
3541 1251
9135 4368
1942 914
9211 3624
3937 3190
6982 2774
552 58
8567 7524
9055 8845
8436 6631
3423 272
7783 1624
4908 1319
905 740
4760 1297
6659 2607
7796 220
2786 2012
7693 730
5462 99
2469 1170
5270 1941
5175 808
614 246
1246 322
8419 5999
8632 4568
2823 500
6874 511
8819 1244
5038 683
5639 3676
9474 2453
4683 1500
2347 2024
6384 4208
5367 2684
7260 6104
6569 1420
4101 2736
2614 473
6196 4304
3604 969
1688 1668
4416 1358
3320 2937
5812 1302
39 18
1520 531
2247 1288
5529 2198
2414 2158
7998 70
7326 4548
3838 420
657 295
2676 1860
2454 1552
4228 1995
1367 1197
3993 397
5434 4442
7510 6799
6144 3815
3914 3093
9485 6437
433 51
9452 4319
6764 619
8024 2140
1245 912
4002 3542
7270 892
3714 1160
5629 1832
2764 1334
8619 7185
9507 9063
5498 865
2434 1988
2175 1560
7227 6589
2839 1710
1950 1409
6904 6270
5569 2877
5888 5561
3640 805
3885 456
9157 1266
6775 5849
93 40
923 491
7074 5169
9033 6845
6752 1308
7473 1495
2604 1377
8746 5970
3034 2916
7927 5079
469 171
4978 2740
6584 6038
4246 242
5183 1375
6526 5470
452 265
8373 3084
3399 48
2534 1198
6532 4554
6223 1781
2982 1131
3750 1786
3841 1482
5128 4454
339 1
6233 2659
6079 2241
5631 4608
6217 2083
4729 3298
7704 162
5790 5340
7241 1392
6534 4361
2303 824
3478 2601
9986 945
6732 5802
881 717
6434 2660
9680 5325
305 175
8246 984
627 563
7264 2963
9400 5649
7406 2249
625 597
2567 2245
9921 4981
8725 3652
4388 2683
9626 5242
6946 5948
5377 274
9546 7301
6742 2107
9724 3233
3608 1825
9841 4890
8719 4369
5094 4431
8902 4843
6391 1540
8932 8129
2784 144
2977 11
7818 7562
68 55
4770 1541
1761 440
2727 734
9614 2264
5019 3090
7267 6885
4499 592
2433 1023
2957 2581
5284 4071
5154 2991
2657 1959
3167 3017
415 196
362 204
9455 9411
7380 5519
2995 1814
3972 2021
7329 6406
4733 1767
1210 152
6292 1662
5066 4657
836 477
7130 1446
1467 1096
7542 4109
2513 847
3146 2039
7220 101
9360 8848
9131 3605
151 105
9375 1922
9730 7259
5804 5726
324 130
5214 3482
8835 1191
1956 1565
5168 932
7535 5070
416 229
8913 1499
6733 1584
8208 7722
976 556
2194 589
5077 1812
3096 2540
7036 5354
2987 1346
4671 2344
5435 1041
1779 425
2067 681
8231 621
7767 6484
9537 1871
4851 3117
3633 2274
2688 1765
4924 4223
7289 6588
4956 3411
6637 2971
9717 772
697 250
1534 155
8461 7328
9311 6096
9113 1898
3488 1590
1611 199
449 185
3430 925
1478 505
8408 4054
9372 5213
9591 962
7496 1463
2734 141
8672 4563
9845 2653
8242 6572
1129 404
2914 2424
7164 1943
4288 1775
6224 41
8243 4051
1000 590
1838 728
3166 658
9035 3387
9883 9799
3768 3363
5602 4173
9906 7429
7778 3680
5945 3692
8886 2239
5441 3941
4813 2586
767 471
8318 6792
1536 1180
363 104
319 251
5608 19
4123 146
6192 1981
5708 5420
6095 5092
6105 5116
6357 6215
888 623
6419 2929
5995 2114
2894 2670
9356 3707
5851 4634
8265 2466
6842 6447
7109 2950
5029 4845
1831 451
7469 1429
9150 4075
8397 3522
200 140
5293 1017
2389 217
8893 654
4836 3156
4018 3687
8267 7596
5294 4838
4784 2942
5352 4947
5011 3828
1394 617
6358 5198
3388 2620
6811 6781
1486 262
3068 2900
9164 6525
7565 4543
3486 3296
3672 2041
2798 2077
4458 3742
512 372
5385 2428
7110 6648
1638 670
6548 2608
8645 7804
1808 1796
4278 673
8921 5808
3483 1856
312 184
796 624
9246 8795
7864 7057
9755 9408
5640 5012
3512 2227
7500 240
6664 1333
205 138
9756 6703
3268 2415
9670 7665
1652 723
6658 802
7628 2621
1166 833
7333 4793
2320 1667
2643 890
480 160
635 587
6602 1325
5520 4465
118 3
8323 762
7335 3074
3191 2858
1669 133
7017 5739
2732 2071
8468 7695
6943 6014
4292 3896
6231 1373
1531 902
4926 271
8157 2696
9634 4084
7098 5961
6417 6222
8380 2078
5718 725
7806 753
2407 463
1961 1427
9503 4672
9105 5489
1120 158
2505 244
2649 744
7615 2137
8312 2244
5672 1914
4502 2236
3288 915
5237 1235
9734 6967
1939 812
8788 2038
1055 844
5104 4268
8531 3169
5257 3785
7917 7896
8658 6109
8050 537
1138 1057
4193 2429
8171 631
6218 4457
2525 1982
2690 1972
8411 2131
6049 5220
8069 5429
6011 1737
1644 1202
7462 3108
127 2
4874 2299
9689 1485
5985 3598
5841 3888
2566 692
5319 4650
761 445
1403 639
7617 4082
7113 4161
8202 4382
6579 3469
9315 5912
1036 837
7046 5365
1215 858
5413 1835
4106 1045
4224 2312
2708 545
5949 4016
9202 5007
4107 926
9298 2457
9097 3212
8407 7330
238 65
1284 1115
2229 1932
4867 3157
9089 534
5028 3698
4306 1892
2875 1686
5486 3495
8195 2549
3275 2715
2539 1896
6440 4383
2352 2300
4684 1426
8400 8010
2921 1766
727 350
2129 1440
5767 2356
9030 825
8917 8349
9015 2226
1709 252
4629 956
9471 7574
4549 472
8250 5485
3352 2999
2423 791
8430 748
6075 2411
6491 1393
5461 3674
504 353
2915 2844
5630 1435
3684 1303
9141 7376
3374 3280
3490 3242
8704 2015
4405 3015
2304 860
5155 1364
