515
1102 9419
6586 7511
793 2824
8678 8747
4840 8871
1945 2278
7133 7666
719 9079
1885 9330
5757 7240
2402 8303
9820 9992
508 5665
8330 9195
1576 4270
6547 8102
8328 8718
3883 8642
9423 9981
8159 9142
7603 8749
2492 6746
3735 9254
5765 6020
9227 9269
8231 8827
6956 7464
6627 8092
6040 8222
4246 7968
1752 8729
6272 7985
4039 5383
6144 8514
8511 9372
8427 9978
9365 9619
9129 9265
8392 9396
5277 9140
6421 8423
4320 5301
539 7945
2149 5173
169 8277
332 6232
9331 9436
2945 9869
9923 9984
4316 9811
9065 9501
4188 5933
6841 9030
9188 9534
3097 9893
6721 7675
180 7405
6762 7871
6069 8224
2322 6406
7084 8983
7399 8895
366 8036
890 2005
5282 9123
2011 6242
7077 8620
6477 8836
396 2039
722 4757
2237 5033
1839 2636
343 9818
6994 7218
4500 6666
5931 9666
1525 4375
4276 8227
5122 5235
2958 5051
7118 7789
542 7166
411 7344
1087 3187
3713 8134
8324 9210
4241 9677
8477 9313
4492 6482
6344 8753
5069 9588
8862 9024
3162 5901
1357 6852
4472 6283
230 5238
9305 9940
6855 9368
6188 9310
4507 5719
4055 6441
4149 5804
417 4376
5658 6619
9422 9424
9162 9779
9680 9837
4556 8070
8587 8910
8266 9049
3238 8488
5450 7175
4930 8100
4574 8841
8320 9248
7301 8077
8188 8472
9905 9964
6500 8178
5183 8225
1248 7336
1064 8595
8641 9716
6318 8740
1623 3768
7581 8853
2449 5598
8807 9071
5726 9094
8861 9245
7159 9746
1735 4964
5478 6034
1792 8287
609 2308
8503 8627
8033 8337
663 4227
4185 5257
6741 7658
1613 4498
3751 4895
7720 8604
4127 8363
9616 9693
6551 7497
828 3901
9567 9810
1280 8524
8575 8579
7300 7527
5070 5187
5203 7383
4587 5375
7892 8815
6154 6469
1303 9109
8161 8679
5170 7467
4210 8087
6481 7782
5105 9826
8285 9113
4174 5441
3121 4164
1463 9366
413 6963
4793 6801
5320 7424
8927 8949
8838 9571
958 9219
176 7192
4491 8267
7652 8592
351 6388
9922 9966
1209 8903
5418 9274
6455 6921
5388 9064
1580 2669
7343 9778
3080 7951
9439 9493
5975 8368
3241 6744
9074 9950
904 2657
9833 9887
1999 9579
5962 9393
5131 6784
4868 9284
1852 6982
948 8456
4080 6649
2067 3841
4878 8399
8585 8600
7083 8010
1782 2502
9739 9943
3683 4458
7826 9748
9500 9703
7334 9483
9614 9637
4313 4617
3288 3918
3114 3327
6190 9558
1278 9443
8326 9537
8214 9967
1741 6786
2236 3020
4774 5796
7733 8779
8623 9275
7620 9224
3762 5890
3561 6201
5252 8453
5480 9153
4904 8145
9578 9953
8999 9467
4154 4808
9130 9752
6042 6642
1875 2274
9288 9612
1649 1653
2095 4720
6776 7278
318 9770
9800 9889
27 1836
8353 8723
3330 6579
5845 9214
2701 7853
2625 8257
3653 5121
5472 6160
1831 9075
7231 9180
6254 7624
5954 7969
5007 6365
6225 9473
693 8336
7694 8881
6462 7849
680 7478
6791 8460
5018 5643
1083 5426
3939 4739
9840 9954
3793 5177
6687 7292
1057 1979
4496 6999
7576 8915
3082 9434
2128 8060
7584 9395
851 1078
1477 5427
2996 8486
9409 9655
3616 6389
7280 8403
2832 6938
3113 4487
5003 5519
6130 8216
8211 9987
2549 3474
3551 4377
2765 3207
780 6026
7266 8420
5276 9309
1488 2841
5189 8649
9996 9997
9705 9795
6915 7516
9216 9404
1306 7487
4262 4813
2266 8005
3004 8565
4983 5753
4539 7743
7180 7370
5502 7627
1081 9051
8064 9403
9718 9829
8025 9585
4388 5556
4211 9988
9449 9881
9231 9851
1122 1433
1976 6641
5790 6817
4860 7918
1364 5973
6785 8428
7347 8855
9878 9883
7824 8445
1086 7645
3938 6211
3663 9918
2265 6224
536 2689
403 4762
1518 8261
9450 9605
1543 9782
5959 9976
6621 7232
6991 9202
309 2821
9036 9539
3570 5555
2864 9384
2817 4224
5302 7305
2191 8757
7912 8589
388 8011
8333 8416
3120 9764
3424 5141
8521 8936
468 6314
2468 3731
8376 9990
4514 5310
7750 8737
9540 9626
5912 6919
1004 7256
2220 4331
1075 7322
9032 9568
9602 9955
1499 3481
5744 8675
4611 8234
6352 7182
3273 4287
5741 6277
3989 6631
6360 8031
7016 7535
6214 6752
3873 7320
6183 9241
3282 4175
1439 8840
1931 9580
1034 4613
113 7432
43 7245
5899 8441
9709 9909
2234 7331
5524 9620
8482 8885
2403 6799
1639 9243
8805 9282
189 554
191 2694
6005 8468
1529 8982
2123 6908
5838 6250
5312 9765
3262 7923
415 8826
7148 9476
2642 7034
5356 6021
2655 9657
2049 9662
95 7952
8085 8813
610 7222
3309 6521
3625 3634
4829 4919
7792 9813
3646 8830
7036 9790
7443 7538
378 3906
1212 3111
337 2588
5689 8933
6022 7560
5849 8542
4278 4298
6098 8839
7761 8075
7449 7553
190 5229
8548 8883
7913 8520
5691 7293
7184 7508
1129 9777
8387 9916
312 2835
1765 7566
7471 9197
8215 8786
8694 9145
7342 9912
2665 5842
2899 4031
1928 4266
8954 9468
9298 9949
8732 8785
3405 9321
7233 8909
1003 6844
3950 4393
9649 9952
527 7742
4575 5553
947 6943
2863 3708
3421 9012
2886 4085
4987 9042
2522 9070
9521 9651
2758 9286
9020 9295
8814 9854
5075 9177
6542 9232
4996 7199
4778 7360
3210 9796
2776 9008
5863 9663
1443 8766
3629 6974
5285 8244
1446 3802
5964 7472
7851 9316
3268 9131
3825 9456
1020 8361
5247 6329
3479 7838
3184 6205
5774 6514
6001 8378
5676 9376
8821 9230
581 2912
5495 6000
6674 9757
1152 3677
5992 9647
8866 9229
5616 9307
362 8795
9690 9708
6110 6353
9134 9654
6519 6989
2441 7608
9635 9787
4148 5089
7812 9170
1027 6273
4714 4732
293 9845
4792 5078
4896 9268
1842 2427
4289 8891
2626 9722
3038 5293
7167 8626
5952 8250
5209 5455
8459 8530
1997 3415
8877 9479
5267 7643
207 3344
7582 8436
7503 9733
3087 3917
9611 9665
8567 9596
4044 5138
4537 4967
5935 6356
2634 6952
215
1156 84
8705 5721
8254 4534
2852 1884
1124 1014
459 74
587 500
307 42
7444 492
1389 103
1338 653
9034 1295
7602 496
5652 5510
7868 4321
5192 4159
1082 552
5461 1557
4999 17
4095 2723
406 297
4960 2135
3507 952
6753 5226
5965 1371
9296 87
75 28
6056 1356
3355 2609
1351 874
5237 4555
8802 3406
5950 1422
64 36
1091 123
4250 4090
5503 3673
4993 887
5582 4911
1763 1582
1015 197
3013 482
6710 300
2331 142
4176 2276
1940 617
925 919
6581 6274
3518 1951
7092 22
7289 3947
6407 5678
9104 8928
1182 436
805 65
1063 329
6549 2008
7179 7172
237 133
3628 2010
2748 1989
7858 4275
4081 1381
5775 2326
4612 1088
9650 2186
6384 1115
9806 1916
8940 3157
1294 1195
274 247
2619 788
3729 1392
8832 3937
5318 3786
7104 6663
549 59
2833 1109
1173 677
8770 3905
7065 3784
5254 3538
2151 12
5494 1300
4716 580
2974 686
7120 4966
8256 5675
3552 1308
6879 6782
6046 3352
3201 2426
4026 666
4329 662
9053 8444
1704 491
2520 1690
3852 573
936 455
6059 3223
1592 671
2324 1622
3680 333
2797 2137
2032 1539
7567 940
2512 2484
8995 2677
8470 8072
6658 6268
7659 5603
8835 2576
9630 1227
654 616
2746 2682
4374 706
421 279
2291 117
5806 3009
2932 26
4403 2204
9789 1721
1430 240
8593 6662
3148 348
8925 8439
1301 814
254 164
1037 257
7940 5704
9169 7558
8489 4183
7246 3519
2910 730
3750 2663
1504 1453
2637 670
4986 3057
6877 1898
9702 8640
5976 779
4467 2301
1196 708
8996 932
1187 162
5194 3045
1505 541
4395 524
5248 4
8099 5214
6904 4182
8633 1701
5939 3780
8278 1652
8037 1536
1180 202
5108 77
6119 3881
9560 7367
4800 2353
8263 6366
656 6
2755 1328
4831 51
4917 512
1913 395
4197 4144
6382 1873
3425 1519
5982 1727
5058 3235
1435 1117
255 62
529 167
8499 2780
4560 3185
9390 8857
725 579
8481 5184
5569 4675
8474 4466
667 532
454 97
6810 5056
6094 2474
4155 2716
8338 3620
6617 6338
4542 2615
6470 965
966 669
5440 2385
4069 1335
7259 4600
5656 4451
5723 14
6450 2675
9237 9099
2309 2018
5477 695
3256 833
5905 1950
9867 5217
6688 1717
2844 2570
5337 1810
5777 1618
3077 535
1812 422
9683 7440
4655 187
7896 4280
3489 1402
3378 1683
2543 200
