803
8565 9225
4288 9574
7660 9378
7663 9192
3952 5600
6562 8651
5726 8012
2428 3128
8139 9806
7111 9002
848 6914
7297 9077
5772 7491
4197 4353
5976 8416
5740 7956
458 9086
6458 6554
841 2505
8292 8946
1461 5305
4730 5235
1409 4670
5883 6420
4491 6355
6154 9798
4448 4948
1127 7985
9105 9283
4269 6468
2502 4000
1377 5787
2526 7551
1460 9552
5586 6674
599 1584
9802 9890
1572 2988
8274 8965
4083 4763
4906 8206
7852 8887
6058 7770
4278 4898
6256 6622
29 1111
6875 9536
4286 7974
9856 9907
9869 9990
4190 9569
9051 9692
1036 2763
8456 8693
1244 6049
8036 9974
6858 9883
4240 7262
6483 6910
4901 6777
7747 8446
6293 8510
1158 9754
9721 9957
6637 7873
9469 9970
8065 9452
3988 7132
2567 3492
4180 7399
8062 8729
5554 6763
2676 3791
1301 7714
4430 6642
7086 7564
2152 5477
9971 9984
4835 6604
2924 8870
53 150
7067 8031
7900 9783
6296 8517
1989 2908
5618 8203
6212 7212
5126 7845
131 8423
5773 7670
3796 9459
555 5240
5441 7052
9151 9975
8344 8374
1740 3930
400 9673
2395 7586
2330 4376
6424 9843
4242 8146
3840 9304
6477 7211
510 8053
7058 9948
3560 5334
4862 7418
8739 8791
9356 9827
3641 9861
9784 9959
1773 2547
6394 8652
2039 5783
517 4871
9877 9955
1915 3996
3368 7722
1235 6274
9530 9762
4811 9541
7609 7739
7477 7689
518 7169
1524 8601
9481 9559
9744 9936
8956 9596
6023 8937
6310 7159
2355 5771
2663 4135
7983 9388
7756 8184
8106 8861
5599 7964
7883 8974
9168 9350
6612 9325
1419 3305
2144 4137
6025 6462
5134 6205
4585 9735
7210 8030
4666 5369
2720 5353
6054 7389
6874 9771
9215 9312
9932 9965
9080 9149
5439 5472
5797 8367
3256 4648
8787 9190
4650 6172
9660 9736
7073 8008
5078 8026
7170 9270
7449 7998
7959 9226
7166 8323
6896 8280
9285 9635
5335 9724
3099 4731
163 6644
4025 9217
8728 8992
7352 7605
17 5448
9492 9952
9793 9949
6169 7502
9297 9852
6921 8477
105 9691
9588 9814
3520 4483
3167 9999
4924 5315
5612 6829
3093 9599
8868 9036
4412 7831
5617 9081
3453 4073
8803 9939
8534 8701
7181 8297
9040 9090
9170 9817
7139 7293
9091 9131
2404 7409
8704 9363
7871 9125
801 4604
9501 9526
8607 9061
5760 7804
7579 8509
362 7374
5331 9977
8716 8768
3298 7509
7044 8494
4462 7637
3589 9308
845 7097
7037 8827
1488 5255
668 7863
9275 9309
6081 7775
7646 9093
3746 6437
4071 9062
4121 5094
8847 9602
282 2580
6242 7447
2208 4176
6758 6986
3516 7960
6068 6673
5158 8392
1667 8656
1588 8526
2252 3715
24 2563
1570 4865
2496 5809
5269 9128
3745 9410
3314 8434
8227 8438
9319 9747
4110 7877
2809 6147
6977 7206
3525 9422
8811 9117
2385 2856
5287 6360
8821 9286
946 3147
936 2749
2260 7027
2799 3194
7528 8298
3913 4884
5952 7700
6062 7613
4667 8796
9535 9981
7841 9134
5438 6880
932 3902
7127 7446
6918 7920
3073 8102
8603 9399
2486 2740
4888 8879
8971 9070
9342 9775
2392 8636
9449 9729
5188 7036
4966 5083
7755 9488
468 8014
594 9570
3944 9384
7676 8068
4481 7657
9854 9895
4697 7872
3241 7772
117 943
7895 7924
7381 7574
7727 9402
500 5785
6383 7314
8619 9392
3033 4410
6399 7634
4203 4549
9555 9642
5938 8321
2855 5293
8875 9911
456 3423
5958 8893
3531 7849
7333 8545
6463 8279
3966 9924
242 9173
6500 7252
4383 8618
39 4317
5388 6762
1729 8312
6365 9106
96 8499
1879 6246
7546 7828
820 3627
5273 8809
111 1771
708 8409
2080 5443
829 9703
9220 9258
9009 9982
3034 7496
1345 3111
676 9622
3837 4636
3850 4534
5992 6765
4209 9653
2559 7246
9242 9571
5633 5780
8089 8996
7945 8952
4199 4573
2386 2598
6701 6751
5708 6718
278 1761
7235 7599
9718 9847
9276 9919
8028 8816
7402 8710
596 3654
7182 7604
7829 8825
2874 4377
6404 7594
3987 5647
4103 9678
179 6436
2929 8370
3396 8222
7633 8896
4250 8158
4953 7997
5679 9456
5456 8523
1406 6337
3106 8289
7041 9688
331 2588
6243 9115
2250 8114
9359 9720
2594 8254
5840 6769
3000 8268
211 6974
4801 9730
5086 8169
8888 9371
3014 9259
8810 9425
9380 9882
3760 5532
9313 9373
9007 9137
8136 9915
3757 7741
4219 5989
6466 8060
1815 9684
1248 7949
2566 8752
2741 8639
200 4532
8214 8285
7493 9689
6638 9855
1091 2730
2165 8348
5851 9849
6807 9164
7308 8414
8966 9963
130 3505
731 2699
6119 9630
444 7427
6821 8240
2465 7593
453 746
3165 4800
7695 8364
181 4342
4404 5506
7261 7495
1532 8990
3634 9273
4781 9645
8126 9191
6411 8869
5764 9034
9702 9908
8271 8758
7730 8497
2833 4036
2434 3046
9480 9600
1197 9670
8595 9479
5805 6031
3054 3872
25 853
6275 9097
2015 9194
5782 5969
9487 9838
1995 9930
1186 7152
8857 9625
2183 4334
1210 5316
8592 9792
4886 9804
6507 7303
1016 2666
6206 9420
9463 9746
5725 7541
677 9904
4413 9879
3587 4618
7654 8610
4497 8055
8898 9214
2632 2969
2447 6174
3119 7141
8658 9582
6847 9432
1058 9266
6841 8034
762 8939
1260 6496
9277 9572
3386 7459
8951 9138
2213 3695
5745 8852
9800 9986
3017 6441
8754 9710
1339 5107
3642 9733
9778 9927
4794 5074
2483 8023
3082 8346
552 2634
4838 9961
8554 8687
865 8540
7802 8000
6261 7836
5045 6443
5040 6946
182 919
3240 6410
7881 8249
619 1189
4563 9346
891 4331
4124 9560
1317 1636
2210 7382
3489 8432
8329 8506
7451 9551
5823 9450
2542 6294
3732 5281
1388 2313
3624 5632
7383 9345
2176 3003
6408 7439
1634 7972
736 907
5002 7092
8749 9831
3604 5972
6870 7429
170 6506
8511 9332
3512 9197
8162 8258
8284 8626
5343 6783
1493 3683
8860 9966
5941 8489
1972 5109
6331 6728
1559 9267
2365 8048
3430 8430
1355 1378
4795 8714
6876 9020
3399 6209
9750 9823
1820 9379
235 6746
6904 9212
7260 8918
3766 5313
125 1968
7419 7589
7433 7566
3947 9198
9010 9967
6938 9240
7018 8801
5489 6278
2088 8332
3006 3933
6573 8058
6157 7826
638 4564
9172 9938
5066 5230
3313 6833
9074 9230
6648 7961
9867 9964
4312 5879
6677 9293
8631 9482
5670 7824
9271 9540
8797 9180
5075 8442
5919 7909
5859 8790
2819 7150
8521 8806
1085 2650
2622 6145
2724 5189
6574 7913
9485 9921
5347 9474
1357 2381
3276 5791
7517 9609
6000 7725
1226 9014
1603 8239
3660 8305
5842 6204
952 4387
3680 7888
1269 5275
3921 4752
1323 3177
9878 9910
1176 2828
8130 9576
6497 8699
6675 7444
2240 7272
2746 5891
4507 8654
7835 9176
5195 9546
3765 7492
1043 7846
2417 3564
3405 5564
3891 4160
1757 8500
6667 8771
5901 8286
2376 7422
5804 8608
7350 7632
8991 9049
6613 6973
4673 9996
2679 6949
9444 9674
2482 3799
6454 8380
4064 7840
7057 9205
2940 5676
248 3279
9886 9899
8110 8476
1784 4323
2981 4167
6843 8823
7678 8360
3413 4052
8464 8904
2233 9901
9375 9866
6244 8125
4518 6288
4166 9822
4660 7781
7076 7626
1735 4350
3367 4720
1931 4584
7658 7978
5942 7507
3406 8019
8614 8845
6775 7578
3355 9394
895 4038
603 1818
9006 9504
3847 7912
3971 8558
7664 7931
1385 7798
1872 7818
8824 9490
6561 8669
7268 9844
5479 5936
4067 8466
2186 2234
5885 6753
1103 2317
1744 8835
1930 1940
2672 9415
8891 9528
7266 7621
2977 4050
4514 6885
6097 7349
2491 4813
4793 5662
3029 9860
9773 9983
1569 8359
2361 3027
1088 1240
3328 8637
7322 9734
1874 4309
6709 8054
7783 8132
7778 8308
6155 7580
3661 7814
1568 8933
1551 4978
9256 9712
5256 6639
1232 8784
1504 8256
6715 9436
4837 9407
8820 9337
8999 9165
1863 6153
6787 9554
8794 8881
3237 9460
8759 9428
7187 8550
1238 7163
982 6149
3010 7000
7500 8300
2425 7394
5155 8949
9765 9917
5581 7766
5228 5864
5365 9057
6042 9997
3743 8743
2996 9362
3015 8181
8207 8895
1501 6942
1657 4850
6106 9937
4321 8236
1805 1830
2806 3172
6469 8968
9059 9423
7919 8692
617 5763
2132 9898
3778 4153
5121 7668
6699 8016
4938 8832
2345 5826
2743 4066
8552 9727
3188 5681
2347 9175
7645 8570
5572 6826
4267 9123
286 7233
3231 8204
3649 8291
7674 8178
1035 8712
2026 9777
1978 8150
2458 3345
5422 6723
2137 5654
3961 4339
4122 8910
1256 7155
1071 8647
7970 8290
6271 8691
3289 3638
1392 7996
9846 9870
2707 4181
6135 8407
5340 6041
770 4718
5338 6735
4372 5834
4297 6140
4996 7220
6584 9683
874 6610
9751 9896
2464 7771
8483 9794
6432 8327
2280 3772
6657 8085
9037 9483
6479 6662
7096 8128
6846 7358
6800 9029
3002 8116
2791 5501
7006 9503
7435 7532
8303 8808
2198 2703
8480 9152
2438 2568
2119 5519
9121 9439
3838 8585
2263 6776
2095 8368
2014 6965
3752 3803
5576 9104
1774 2610
7060 7458
3603 8662
6828 6931
6656 7280
9728 9842
5525 8579
2316 6362
9154 9213
6414 8911
4082 7648
9667 9697
7947 8408
3286 5454
968 9023
5765 7387
4365 7327
2110 6707
2390 4198
1449 8597
160 8572
8390 9863
609
985 312
6401 1646
9933 8705
1448 432
8098 7003
3418 562
7499 2966
6012 5017
2596 315
6339 4319
23 1
2028 1096
4807 4148
605 465
1132 394
6811 6541
6933 2911
4608 4480
3148 2099
2956 2748
7074 104
5961 3125
7673 7143
5421 3469
145 33
4935 49
6016 4044
3206 959
3836 2916
4505 114
7738 4088
3770 572
7876 1328
5980 4033
2283 1800
3983 3957
3349 641
2084 1123
9153 2821
3515 2885
8295 2572
5684 369
6547 349
9455 4797
7899 5716
2539 120
4399 3874
6329 4428
7817 473
243 190
2030 1134
6617 4040
4401 1033
2058 772
612 554
1161 564
4560 301
8892 2745
9922 3483
6873 6538
436 191
568 192
2581 1159
9340 1849
4162 2460
8049 3852
880 46
6295 5537
5483 3408
1796 1027
597 469
7222 5583
884 328
2820 1205
9357 6712
4817 3137
1886 314
8605 571
6417 4411
4529 3339
4130 1530
2403 2107
5802 4272
6822 4700
3356 2927
7576 6260
7957 1362
1418 675
6702 335
7683 6071
8525 3804
2277 643
2046 1274
5064 626
8661 7794
2626 515
9000 4192
8850 466
6402 2271
5184 3484
793 45
686 530
3488 249
298 88
6881 2712
3050 2442
1137 297
4726 931
1389 47
2285 271
1420 1013
9156 4589
2211 166
2528 2040
2976 1700
4095 2678
7758 837
9782 7120
5909 5246
3007 1390
2065 1578
9509 1129
6289 1640
4699 2134
2093 1319
5611 140
6606 1095
3425 254
4461 2480
4810 4766
9048 3075
334 64
3382 869
5688 4740
6034 3744
6844 689
2527 10
2219 574
6891 5686
6148 2762
6391 5795
141 71
6374 6107
3577 1751
5359 8
7043 6630
9391 1589
9326 6650
7789 3384
6915 172
5251 1932
7556 2010
9236 3164
1391 819
6005 110
7372 5207
9525 6897
446 339
2790 155
3859 1350
6460 4022
5973 2094
6596 4322
5324 523
4575 4519
658 457
9076 1498
8640 2268
7481 6114
1705 19
4754 2532
8541 6065
8219 2881
5061 3839
6464 2818
1120 974
2169 1826
1203 775
8981 2627
7039 5437
5328 350
5401 2
3319 1463
2660 1560
4738 3308
2982 2141
812 565
4492 1792
199 21
4547 2253
159 57
4440 3321
3671 842
2138 162
7510 3705
8341 3949
8403 4443
6818 230
9393 8594
2344 616
2126 986
9387 2497
1566 295
8164 8071
5644 3229
1707 711
6359 1465
61 42
6349 2933
5435 1749
6692 4151
5832 5587
4026 3366
2623 1979
6559 1090
6356 5836
3139 823
8537 3535
5844 1980
3639 1193
6403 3679
695 479
927 14
7617 6390
471 177
1163 570
7083 6945
9367 7833
6705 2995
6063 4651
6092 4060
5257 173
9222 6
704 687
7284 5848
5758 1416
2876 1325
1962 1470
2887 1119
963 742
835 178
7642 546
352 287
4554 1445
3310 2934
6898 2857
274 77
3266 2060
6035 4161
1789 62
6131 739
1693 1213
3365 2893
1474 1291
2773 2429
1790 410
7530 2281
5245 1644
3457 962
5550 3383
6689 955
9627 5145
8496 2599
8038 1541
1595 1265
4972 451
8707 6508
9988 4949
3357 1854
7834 1369
7357 1678
8706 3361
8229 4358
7255 5239
7416 209
4094 3254
5232 3257
3849 472
6370 1466
4221 3761
6531 2839
537 113
7123 3995
9400 5115
6330 4909
4023 2424
8568 1803
9284 5845
1257 940
2932 440
879 175
2391 738
3901 1083
9343 1507
5100 309
9257 1819
9005 75
867 782
3397 559
4568 3081
8983 421
272 210
1910 1010
86 26
6845 221
9617 4478
3330 2358
8302 7795
7361 1344
4226 495
6725 1844
6281 1222
344 340
9427 3856
8445 1681
5241 2507
7943 5630
1835 56
2191 508
3735 2454
5185 3931
118 58
5881 4609
9244 7939
325 205
1483 126
1829 1398
6766 4540
8151 7561
7195 6195
6161 670
7055 3004
6341 1162
8272 7115
364 276
5899 4476
9556 3725
7692 5146
4058 916
9289 5150
7649 7631
9254 5512
6082 5806
2109 645
2645 2215
4751 971
8780 5410
5433 3548
4235 2949
2886 1836
6831 4149
1682 723
2466 97
3522 1528
7981 3582
3270 1954
683 528
7572 3465
6445 5786
6521 5917
1156 1116
9335 228
4234 4014
4502 4217
7511 860
324 147
169 63
4940 3175
8304 7017
5625 3607
3102 1890
54 28
4316 2012
646 478
1384 15
5449 1145
4923 2870
3674 1242
2665 1745
9419 8529
2289 847
1178 733
1944 660
882 262
6593 4687
2879 1283
1330 1079
1480 824
7214 2960
7902 2415
4592 3281
6866 4416
6085 5707
420 202
2852 37
2087 1963
7716 5748
7940 2402
5828 2411
5482 1861
7392 2523
4633 2190
7701 4988
1412 1171
5607 450
3300 2357
857 550
3388 2479
9320 4458
1202 1042
5379 2673
4140 367
6045 1427
715 702
5375 2853
4222 1077
3565 3533
7513 1316
5939 1298
3867 714
1952 978
2890 346
1447 338
329 214
7788 2520
5258 2360
5004 3205
9682 2633
4546 2220
656 222
5627 383
4304 3260
5593 3831
6714 5738
9216 3738
4355 3830
2468 2163
3055 1296
4313 2830
9942 4803
6029 5649
72 30
3141 107
8874 1228
1434 1290
2961 1494
8001 6372
2049 947
2814 119
2612 1329
2521 682
2478 593
6118 4756
3876 2998
5266 3058
9832 4969
1539 225
1381 1308
4606 3132
1433 397
2312 787
2971 1335
5339 545
3250 2326
3606 2354
9412 1926
9810 2692
7890 984
9183 5549
7707 1721
1346 1052
8928 8172
9820 6515
6112 1164
1875 269
5341 5104
9045 6992
4115 3736
3432 862
4344 323
8897 1908
1900 1862
7147 5117
9440 4961
3773 632
3675 918
2516 2116
6415 5380
9163 7748
8889 5233
5981 4311
1742 474
520 413
6908 3813
3781 1575
2349 1610
1054 640
1666 93
4337 2051
2031 433
3272 303
2304 224
207 152
4522 3274
1769 1655
881 404
8259 3421
4536 3309
9355 8764
1431 1266
8072 7020
6350 2334
6388 3450
631 266
9662 7420
2868 1766
5048 1154
6855 4287
6320 4936
1990 16
1842 1500
6532 3253
5571 2897
4980 527
1935 604
2401 889
2498 1887
3040 1435
7339 5400
2732 1000
9786 529
1039 651
2202 144
189 124
5015 2121
8495 7526
2018 1002
7156 422
4541 4041
470 183
353 123
3437 2752
1550 870
6220 2177
9100 4069
2036 2025
1487 1200
6447 5071
3584 2247
3456 577
8783 7227
6892 2101
2687 1552
7079 1853
1514 1220
8157 1975
6249 1286
7183 4031
6412 1582
4501 1535
7307 4911
5668 2920
337 171
8426 5297
1299 371
5129 2786
8943 7021
5655 2639
7179 2073
1936 716
3948 628
428 411
480 231
7099 6416
4771 534
418 174
6990 830
7570 6570
9774 563
6516 2024
896 372
1709 1686
8388 745
417 359
3508 1641
8805 4231
3410 1606
5925 3651
6850 2083
7215 7072
3976 1395
6719 3400
8246 3664
1993 1680
3013 1611
6546 6284
8425 778
9624 361
8087 6110
5366 1928
6902 2001
3951 1833
6398 6214
1452 1131
7225 5018
9245 3792
1768 713
9252 3431
4757 1691
