324
2689 3300
1781 8685
3672 6155
5449 5879
1685 6244
3503 5642
7438 7486
9724 9782
8526 8630
1464 9589
5995 8084
1402 3945
6223 8108
7239 9618
4167 6713
9147 9634
3546 9504
3356 7028
2440 9060
8787 8912
7561 8736
2576 5813
2169 4274
6957 7953
7753 9577
9045 9904
9897 9958
1286 1999
6714 7345
8072 9879
1723 4212
7490 9323
6117 6503
3465 3842
1405 1461
7566 9330
9388 9507
4162 8169
271 8627
4772 7809
929 3196
2223 3573
4424 8143
9884 9961
5058 5928
7770 9509
3585 5788
3447 5226
1918 9362
8523 9720
6283 9144
4210 9242
1104 7422
7183 9100
351 889
9974 9999
8795 9964
6552 9621
2075 3498
9743 9994
6416 8469
3733 9901
2364 4054
3856 8498
1862 8158
3352 9539
6490 6569
5741 8190
5032 5116
4592 7043
2984 7563
5883 7870
7783 8558
6166 9203
9750 9984
3582 9195
3963 7400
9160 9739
838 2320
4397 7061
5882 8075
6297 8381
5430 9650
8956 9199
2846 4987
2613 3234
3184 3249
6199 8984
5280 9248
9065 9694
8717 9096
6853 8973
3501 5057
9005 9804
2861 6237
2514 8346
1036 8182
5700 6059
6874 8863
8657 9318
6744 8369
2005 8204
9054 9492
2235 9176
6629 7531
2629 3908
6468 8747
6499 9067
2143 7583
4137 5279
9092 9591
1820 2356
344 5964
189 2280
6900 9138
1134 8254
551 4879
8040 8678
5397 6148
2947 7944
9253 9304
8920 9470
9872 9917
2191 2863
9222 9716
6493 9966
768 6221
8067 9434
2371 2648
4824 7865
4456 6880
9468 9687
569 3292
7554 8662
9765 9996
4996 8032
2366 7436
7249 7299
6081 6702
7585 8847
3181 4219
7379 9674
9329 9865
4685 5574
5557 8082
6674 7908
4796 9527
6181 6238
9542 9564
6879 7958
1304 6933
4972 5216
1205 1942
6341 8749
2521 8198
6718 8401
2207 8788
9815 9862
6474 8495
8611 9420
8479 9923
8017 9382
6681 9921
231 3012
2045 2374
7864 8725
1069 1388
8400 9985
9074 9573
729 5118
7319 9266
9607 9867
949 3823
3261 7364
1292 1373
4332 5172
4003 7733
6859 9529
5035 7646
9861 9939
843 3978
8335 9171
8580 8605
5016 9995
6108 8853
2942 8598
9833 9947
7444 9801
1010 8414
8418 9868
2975 4766
1678 3258
6449 7070
3371 5486
5622 8396
4667 8068
6048 9135
1872 8696
6257 9416
7675 9992
9026 9349
257 3321
465 5380
5433 6368
8289 8591
5922 6331
6739 7331
3165 9638
2934 3245
2656 8987
7693 7972
2882 4180
4279 6696
3578 7945
6953 9799
562 9524
195 4124
9723 9796
1610 2814
6104 6350
8303 9348
6599 8682
2944 9371
2419 4912
9790 9816
4559 7538
6476 7110
6043 6454
849 2858
955 3046
6801 7818
3837 4868
2785 9464
1982 4158
6033 6787
9839 9911
3940 7537
7315 8754
6413 9571
582 669
7103 9749
361 9162
8308 8430
6395 9015
2816 7857
9737 9931
7778 8437
5901 8907
4638 4874
601 900
946 1022
26 1434
3137 9228
5102 8249
264 9519
792 9885
3314 3890
9788 9820
1370 4846
5165 7360
4939 9668
6420 7737
3652 8708
5679 9102
6605 8184
2687 5479
3774 7092
8817 9387
4964 9568
5171 9835
1961 6321
9902 9934
9680 9969
5716 7827
8947 9642
3218 5242
2268 9439
227 4486
4326 6995
779 3651
8941 9270
1711 7197
1885 4365
8560 8862
9748 9795
6515 9290
512 7842
4961 5702
8641 8860
5070 8683
1569 8606
5595 8486
4975 7141
4579 9189
5375 7160
5498 8470
3016 5708
1513 8149
9272 9291
8307 8819
1784 2836
7643 9600
3761 3847
2073 4509
485 8570
269 2835
4013 8061
5343 9381
3404 3603
8351 8445
2872 3223
8828 9465
4315 6137
5846 7545
6029 9562
9913 9962
5783 7814
2116 5122
8858 9302
616 5509
6556 8201
5770 8766
3322 6944
2555 5523
69
7068 4869
286 184
9317 5703
4363 2340
3225 1270
8317 3055
8765 8357
7273 6840
2946 2110
4838 198
6250 4327
1012 652
8110 2895
7184 1563
3874 1597
2187 156
1848 784
5258 2269
1540 540
7988 3343
7093 1277
1989 804
1630 1572
1229 248
2920 2396
5681 4444
1916 281
2141 1789
8501 2148
8285 3988
4544 3458
2189 174
3331 3191
4099 3416
8165 1616
4353 3442
1280 622
1552 914
1753 587
6252 790
8407 4967
4408 1623
5871 3271
9119 8392
3385 695
7582 7525
4028 1084
572 97
6277 297
1399 242
1704 869
5307 4695
2512 980
323 152
8083 3250
4636 2897
811 117
7479 1586
4356 3715
5047 3784
2217 1490
5669 3260
4517 167
2706 2455
6088 2606
2507 523
7394 5108
6296 444
2236 2097
