227
5970 7824
1698 6173
7067 8013
1489 8306
7241 8910
3992 8424
7956 9872
3643 5740
2885 5311
4933 8728
2772 2926
3425 6278
8616 9588
3155 9036
5690 8389
3364 7116
8737 8928
9931 9975
4719 4913
3401 4783
3800 7674
8322 9211
3407 9402
3443 4839
9912 9965
4383 9003
4667 8073
5797 5891
2960 4279
5881 7163
4221 7349
2224 7543
5393 9666
8800 9403
966 9933
6450 7023
3699 4649
7214 8052
5364 9302
2745 5664
6763 7047
66 5110
4437 8326
39 1703
952 9495
1281 5245
3293 4310
8103 9764
2870 4777
3649 9051
1438 1918
8797 8884
2334 9598
3030 5733
1579 3279
3260 5248
9788 9865
387 546
8472 9685
4538 6773
7311 9879
3295 4393
8530 9767
1987 5091
3251 6307
5159 9500
8100 9373
9852 9910
205 6629
3977 6147
2023 4325
5751 7080
6610 7171
9923 9977
6982 9043
6420 7750
281 2732
3503 4802
3994 5518
5625 7468
6275 7442
1902 2017
2625 8524
4161 4971
3457 6442
4746 9489
9431 9820
1736 6094
8179 8189
8201 9186
9282 9549
2840 8594
2832 8709
2359 3419
9952 9964
9148 9717
9412 9857
686 5016
3561 5904
8649 9974
3451 5300
6808 8996
5641 6348
5680 7598
8701 8889
542 1301
2205 6558
2294 6146
677 2741
6286 7295
1002 1137
9205 9636
5983 8826
8885 9542
8066 9954
815 2435
8152 9730
1107 3362
8405 8708
7219 9365
9128 9916
8032 9127
1392 9189
8612 8922
2312 4125
4975 9006
6970 8473
7892 8679
3397 5452
3937 8350
2070 3137
3775 7853
2661 4840
8713 9427
1778 6562
745 2382
856 9433
2459 4669
2207 4769
432 1750
8572 8878
767 8135
7590 9263
8754 9674
2751 4693
9310 9361
3622 5447
5862 7215
3581 4333
1092 5827
5758 8290
4704 9109
4177 7035
2794 5840
7446 7558
3567 6886
7285 7359
776 7048
797 6074
8469 9863
7283 8478
5510 8517
1586 5541
9070 9087
7657 8587
2498 4773
3982 5714
1772 6085
2007 9449
434 8955
3 8433
8093 8108
2881 3076
4953 5176
1928 7615
9754 9898
1665 5006
4972 8337
9277 9873
3398 8682
6757 6758
2502 3008
915 4150
5203 7345
3621 4226
6279 7421
2693 8591
5025 5276
6061 6198
3713 4391
1362 7060
325 4763
945 1464
7408 8446
5326 5649
7928 8663
9386 9545
6448 7178
7062 7081
2165 7959
7321 7793
2707 8676
8486 9170
8408 9471
6781 8560
1343 7640
7085 7921
6470 6818
5071 6051
2377 4051
9690 9718
1001 4334
4728 7223
3259 5596
1070 1855
1336 8718
4629 9338
5513 6418
1934 9943
8371 9679
6145 9304
1511 5384
4858 8559
7671 9107
7405 8436
4241 4725
622 8178
786
5230 3361
7506 2965
8683 742
9621 528
9929 3562
9287 5197
75 5
5408 4634
1991 1173
3333 1851
9444 9106
7461 600
7444 7224
6777 6640
3547 418
1881 1312
376 168
8965 3110
8662 7927
999 693
7109 813
7411 5842
407 93
1320 907
3418 155
4648 110
8933 287
7564 4244
5845 2405
4452 1592
6424 291
5383 2524
7804 3849
1487 1463
3534 1773
4339 2641
7263 5367
3976 3523
2509 1660
7612 6989
9569 3795
7649 6343
1589 132
754 314
109 17
5095 705
1366 226
9104 879
7790 2936
9584 6573
3236 100
4180 1760
8382 7870
3516 2086
4032 2305
5416 97
6361 2254
4641 3241
4565 4364
1179 326
6607 5879
9344 4668
2919 1537
76 73
9806 8793
7934 4388
6234 5647
1798 787
3304 1303
7052 5995
3728 1104
4740 3291
9297 8267
4750 3828
9210 415
206 58
7007 783
2725 963
1148 554
3788 1549
2818 1929
3369 2413
6686 5711
6762 6015
3680 2819
6479 899
9034 1555
1026 131
2557 1369
8349 74
2795 436
3515 468
7235 4396
2981 87
1615 300
6240 3664
7646 5852
9218 5457
8694 153
7013 1685
7861 4056
6027 2137
8163 1321
7237 1740
3500 1973
9235 3963
2084 1335
727 79
9195 1071
188 117
9783 5621
1848 1290
8994 5982
7110 6530
8693 1188
670 595
5847 1770
4206 2736
522 319
2930 1353
4019 3740
9454 6651
7720 3038
7850 2058
7427 5262
7725 3729
3671 2466
389 348
869 338
6384 2798
1823 824
3345 78
7199 4229
628 197
2068 25
2018 341
31 29
8307 1398
3387 3114
2391 2248
4011 3036
7503 2473
4313 2982
2267 768
3156 2299
9379 5498
6248 3088
3491 203
1667 182
680 194
6342 4735
8794 5327
8492 7129
101 22
6908 6653
452 21
5726 4470
6136 5653
8493 5570
1569 91
3424 2979
7550 5273
1792 1273
8229 4335
1060 9
146 46
3751 404
6497 2853
1804 1472
2149 1530
7746 5652
7990 2232
9084 1593
6205 474
9518 638
2152 950
3453 1543
3305 2390
1227 1039
7898 4957
5688 4138
6130 5874
4868 1959
8149 2551
8986 5456
3964 2828
4401 4179
4568 3925
8533 2604
7766 3190
7815 2845
9261 4656
9435 9323
2746 2177
6118 3921
6994 2659
5048 2490
2869 1763
648 362
9095 230
1998 722
8717 5957
3339 123
4482 3074
3789 292
1675 863
8373 3273
7770 887
5501 3055
5003 1286
3497 1357
4918 897
2860 1476
4974 4633
8541 2091
620 103
3296 2113
8861 7763
920 701
2568 2247
1933 1642
5194 149
191 27
6774 3237
6378 340
7999 7694
8639 2365
1406 581
1909 1533
5296 1490
4195 107
6446 2168
1329 967
1283 1263
2505 1386
2105 498
8050 6319
20 10
4781 1112
3502 1634
2407 547
4320 1829
568 80
2442 1635
8828 2586
7951 1105
6416 2740
8942 229
233 68
8191 7762
1265 888
1341 602
9909 1400
6887 4710
5808 2162
7056 5400
375 143
539 181
3091 1524
2140 785
7532 456
4759 3182
9997 6563
4870 4760
2261 675
3614 1623
1245 828
8094 492
696 506
8921 6821
995 611
5747 4722
7783 1831
4370 979
8766 7179
8205 6466
4385 134
9194 5388
664 179
4639 1223
6728 2080
385 275
5292 174
8600 1842
9165 4801
4545 3859
9813 5682
426 333
6191 1448
9273 4134
2874 2307
3138 870
7302 944
4170 3499
2849 688
9230 6955
9303 1709
1501 853
1852 307
9182 930
4413 1905
6010 266
9928 5200
4821 1653
6034 5873
8966 140
1028 822
216 77
725 190
2364 183
1120 121
7704 3868
9793 1878
2504 2204
1050 928
5168 811
4987 1459
7614 328
3996 3400
8939 6212
3739 3186
4322 4062
3344 1789
2315 636
5010 4885
9280 4263
6992 5736
9604 9222
9766 8945
2104 1832
4756 4327
619 416
6053 2596
671 473
1232 175
4597 939
4907 4699
9743 1451
8504 2340
3042 1367
2366 1194
439 339
8765 2534
3222 1323
5988 5984
1405 645
450 313
1146 1052
4367 1897
7627 3057
4784 3757
2871 544
4671 4080
7169 3264
914 857
6452 2077
4608 3379
6831 2961
5156 937
2452 169
4246 1808
6284 2031
2245 1371
8368 3276
1453 353
479 224
6660 6555
634 608
476 247
7599 505
9067 349
1019 400
1931 1217
6123 1470
5655 2044
6165 5325
2065 171
9531 6320
3513 142
9804 8458
4771 1867
4902 3717
3282 2447
9638 5246
4054 970
9265 8790
5991 1017
7168 6332
3681 3669
9341 1089
9532 6326
9831 5708
900 576
8552 3973
7997 4687
5826 5358
837 732
9773 2931
1974 1389
2762 445
4185 692
1495 28
2016 1580
1598 308
3252 217
7079 2403
1701 1575
839 624
2381 1254
6949 1331
8714 6471
5429 1404
2239 633
8346 5089
5052 3359
7738 2059
9381 2959
9243 2147
9160 5557
3456 3069
8496 8165
3758 1380
5319 672
7310 1889
7625 7064
2857 1163
344 11
571 381
8274 4014
6314 2866
5545 2433
792 329
9899 2371
6768 6713
973 241
8353 7589
7805 7723
4738 2614
5053 5045
8008 4484
5072 1754
7583 5533
6993 1732
6222 5771
8927 7450
9586 7859
7189 4978
2430 1035
8642 3490
4209 805
3619 2571
574 30
9162 246
4006 1752
3254 1961
8468 6245
3527 1578
5436 2635
8832 5767
6040 5684
4445 3079
9530 7108
5444 3354
5177 3641
222 2
3068 504
7701 2164
9074 8688
9902 858
2728 2285
6687 6544
5117 4837
1067 706
5920 1182
3769 1011
4034 2114
1184 1150
9719 8514
5915 5083
2311 925
261 245
8677 5462
8370 1545
5374 3337
1455 586
8731 1647
7695 801
274 126
5157 297
1243 1077
3551 3157
2540 2263
8975 2078
4072 1110
3816 156
6561 1381
2013 1528
3710 374
2577 2367
5549 250
2689 2558
4479 3125
826 312
3239 3192
3652 2825
6031 968
4590 1617
7521 6398
7391 6092
8184 1904
7183 6039
9981 933
4857 382
3071 2946
1447 550
8303 2212
6026 2237
1482 1246
3269 2664
361 115
5422 2478
1432 1117
4022 1394
6615 1809
2175 2124
3047 53
8835 2480
7756 5710
2198 268
7161 4081
3092 2679
8263 55
5886 4351
4765 1756
6276 859
9624 1269
9770 1990
975 212
84 61
1264 51
6630 3919
9191 2900
5479 2040
8818 460
5516 358
9622 6116
3056 2589
420 372
5709 1946
6038 4709
6154 54
9178 8641
9044 5973
8138 5322
5254 4964
7736 3465
6917 4329
5193 4630
8908 8070
8583 3830
9151 5487
6366 2429
4786 3675
1342 593
2418 1198
831 232
971 514
5572 616
743 667
6344 2470
5391 4635
1170 512
6791 5532
9921 430
2716 1636
6616 5561
9246 3366
1658 1619
3101 1882
9375 4886
3135 2647
256 69
6225 1411
6639 5665
1229 881
8586 6619
8210 8114
5143 3328
1079 749
8012 6617
8935 4799
2277 8
5558 3744
1704 1275
7677 3818
8235 7814
2807 2066
105 95
707 32
7713 6333
8427 5707
8668 8516
4251 710
2465 560
3169 2250
7536 3481
5378 4872
5295 3094
70 57
1352 49
8153 2333
6164 1143
2782 2686
7608 5033
147 72
8811 3563
6769 1279
4331 2719
8414 4216
2293 1864
259 47
8788 7546
5712 2477
9476 2665
5894 1558
3674 584
3072 1570
6187 1499
503 411
6780 1860
7121 4866
4236 2064
5202 3936
663 144
3872 3027
1669 397
6972 5139
4651 1308
6799 1790
5293 3370
1930 1735
990 472
1768 1297
2496 1836
3542 2190
6743 3147
6579 3950
4543 3140
3974 1467
6047 2004
2130 481
7989 5410
9866 9800
1854 1276
8447 3884
817 747
844 444
4070 2820
2446 778
9272 8550
729 286
8603 5705
9418 7976
8127 2650
8227 4674
641 98
4547 2945
7211 6749
3298 569
9081 5578
720 113
873 762
556 425
9942 7333
8852 700
1225 489
3223 1833
7231 1678
6064 1064
3485 989
9479 4267
195 162
2258 1260
3768 1517
4258 1984
810 730
8747 6218
3041 630
6478 3763
5622 635
8816 3211
4705 902
8900 5956
2681 1964
7792 5686
3697 617
3215 3070
5162 4935
4168 2515
9689 318
7802 7135
2897 2501
8081 1926
5240 359
9299 1944
8815 3309
1606 1133
1237 882
4776 695
454 447
3179 2383
7998 5764
3807 1129
9420 2889
4549 189
6806 4772
3856 2933
8083 803
6299 3696
4041 3331
218 85
9583 8113
6001 980
9984 7849
6078 4143
1111 429
4715 4282
9415 7932
8715 4845
7448 5247
4386 703
99 34
6323 2581
1957 1177
9400 5592
2242 1061
3762 2200
9450 3474
2422 2415
2521 464
6765 3873
7953 1597
2115 1791
1708 1407
8506 4524
1525 782
6756 196
2603 1830
3892 3382
2508 1686
2257 1953
2619 1941
9200 8566
7467 5371
2500 1365
5272 4173
9714 6850
9356 2907
8058 4409
7112 6302
823 120
2112 1441
5504 2726
7102 3908
8160 526
4555 1695
7755 2813
2445 2199
8779 215
363 347
6463 431
5469 2652
9753 5392
4053 2489
4867 1268
6488 3731
4570 2565
1162 808
4889 4504
5255 5152
223 19
4139 2956
3399 371
1256 357
2271 167
4148 996
