724
1721 6424
3066 5689
6627 9874
2834 8134
9345 9946
9872 9893
4078 9960
1015 3119
4860 6200
819 6558
2196 6570
509 5959
765 2792
8195 9292
4655 7578
4639 7439
7810 8317
304 7349
6716 9850
5184 6107
7358 8789
1943 2908
5448 8823
3679 6579
9750 9879
3070 5908
6158 9691
8161 9052
3969 6279
9726 9849
4420 5396
5702 7849
8313 9553
6263 9035
3740 3828
1132 3571
7776 9919
7889 8597
7800 8632
534 9514
3036 7653
3168 5467
9290 9657
276 4667
1619 9079
8556 9262
2962 4697
9577 9675
6950 9924
6371 6482
2850 6173
7298 8663
4623 5940
6642 8201
9022 9908
6917 9277
7882 9390
2358 5041
5317 8151
4429 8689
8268 8977
3800 5412
4395 9709
1731 9160
4773 7177
8073 9132
756 4802
3151 4316
1473 7655
8431 8875
7527 7832
6003 9524
3696 8586
6803 8772
5485 6489
6785 8554
77 2153
3044 7060
6118 7936
8677 9172
3353 6018
5851 6732
7284 8377
4129 4913
1850 4378
380 1169
6637 7731
5658 5874
9057 9502
5067 9957
5247 7729
8184 8506
3394 4787
3606 4482
2472 4160
8968 9839
8067 8229
7931 8259
9169 9189
9979 9991
9071 9599
9479 9633
9118 9751
7015 9614
1529 5853
8289 8343
8114 9143
8686 9067
3906 8046
2899 6760
7182 9830
8824 9204
6794 7738
4520 4953
244 4246
3088 6167
3115 6780
3299 7312
4453 9913
1601 7575
5968 6349
6779 9737
2658 6212
2854 4518
9724 9791
602 1514
346 2303
6106 6131
6464 7398
7175 9718
2503 4315
8299 9549
7971 9235
9782 9959
3188 4682
4426 6776
1042 7589
6523 8429
622 974
6849 8463
8614 9867
297 8989
314 567
2151 9728
4224 6535
8078 8778
4664 8124
9798 9842
343 3983
5999 6114
5784 6575
8776 9833
8490 8713
3372 6516
8583 8906
4535 7755
5935 9069
9673 9721
2601 9119
3063 9115
2273 7309
3019 3627
2987 5207
9442 9971
5950 7322
3351 4307
6022 7495
5046 5331
4614 6362
8484 8579
5494 7545
9366 9564
1387 5243
4478 9113
2789 8551
9682 9819
2363 6343
8333 8375
3899 8130
3646 8146
4659 9197
7369 7711
224 7616
9762 9947
6695 7215
6556 9438
7352 9688
1282 9994
2188 5206
2167 6408
1618 3484
341 4517
6034 8255
9148 9665
188 1320
1796 6020
1441 1642
1424 9704
3514 8816
9043 9429
4212 9368
6959 9257
9472 9705
1427 6614
3362 6892
6412 9567
4458 5341
7710 9310
6093 6224
3560 6130
8179 9779
177 845
1790 2446
812 8143
7816 8550
6204 8394
6999 8908
1315 9347
6340 8555
2366 6713
6418 8438
884 6609
1673 2479
911 2198
2236 6126
7430 8301
1916 6740
3257 9038
9866 9980
1776 3689
8608 8817
5894 9627
2960 4720
7510 9048
8050 9198
2713 6850
8065 9662
9298 9382
4583 7600
3027 9244
663 9501
749 2401
5345 7073
2619 3013
615 3910
2165 7704
33 1305
693 5007
9446 9786
6617 9155
3538 9498
9969 9973
681 9465
2258 8063
3339 5807
9101 9489
477 4991
1962 5078
6837 9733
5966 9958
1805 6701
2651 6981
1120 5296
1942 3948
5760 9608
5678 6534
9063 9353
5722 7392
699 5486
6292 6300
6506 7934
4502 4730
6051 7845
7612 8163
1216 3295
4562 4564
4403 5855
5428 9372
9322 9748
8753 9185
5719 8092
2207 6554
9308 9663
2518 9431
8724 9910
2275 2477
6152 8033
3726 5925
1487 6344
6949 7558
5752 9930
1858 4023
2080 8611
3802 8948
6875 8604
6211 6869
206 5813
1434 6036
6409 9374
2422 9448
5629 9430
327 7530
6757 9630
5612 9444
5730 6980
9233 9494
8415 8771
2736 6834
7895 9083
5820 7384
8761 9878
8985 9206
1975 8730
9838 9937
7716 9026
8646 9684
9643 9760
409 5871
1737 7160
932 5329
8760 9660
2488 8291
5189 9869
9436 9932
7227 8754
2136 6078
7321 9571
1536 6483
8705 9580
1350 8175
526 8673
9589 9708
6320 8216
253 6798
8694 8729
5569 8950
6889 9330
9338 9360
3945 4798
4908 5963
1251 6600
7444 7838
4726 9283
3187 4262
2555 4948
5462 6715
5373 7581
1549 2716
4810 6468
9414 9554
4241 5918
2769 4777
1332 2520
7296 7933
4000 4118
8365 9600
569 6137
1482 2473
9398 9545
355 9753
7431 9778
6541 7264
4841 6940
6897 8755
2523 2948
4722 8716
9757 9987
1616 9175
5435 7657
3911 3980
5443 7423
2266 3954
8120 9300
9475 9648
1155 6880
2554 2600
1865 4916
4704 4936
1318 7081
6257 7825
6857 9266
1193 2696
5872 8284
1289 3898
9458 9676
8620 9644
7648 8898
75 5942
9152 9905
7781 9250
8141 8565
7396 7955
9814 9845
9264 9766
8500 8540
8971 9049
2812 3909
8804 9451
6722 7043
8851 9120
8225 8499
6478 9213
3010 8005
1739 7429
7886 9302
7391 8155
7642 9576
3389 5422
3907 6549
9394 9780
7649 9557
1334 5661
6710 7139
6458 8992
6305 9820
9805 9864
4980 8498
2588 8996
549 7161
5558 6655
2801 8795
5421 6763
630 1987
6092 8538
3743 9296
9495 9811
3260 8978
1093 3233
6686 6985
4473 8649
6290 7304
318 984
8508 9894
4086 8354
5598 7811
5840 7779
6070 9419
8518 8587
8451 9586
8054 8128
5175 8549
828 3383
5261 9535
8746 8934
1566 2119
270 7219
2423 2452
202 1572
824 4130
4468 7308
9505 9787
157 6699
9301 9584
1871 7914
9362 9661
388 2598
3407 4699
7007 9181
8122 8389
5645 9219
5997 7772
6891 9149
5061 7465
5087 5711
2725 8637
5603 9655
4105 5960
3791 4323
1263 8357
9532 9889
2936 3583
6511 7001
723 5352
6 116
2107 3662
7319 9460
7784 9764
536 2653
4293 5790
5904 8058
2416 8461
3141 3685
3217 4552
6682 6817
7288 8444
8645 9942
4640 5022
7624 8265
2211 7573
2818 6805
437 8738
5039 7713
5194 8641
2680 9711
522 9017
3676 8379
4707 9335
7876 8208
3984 6631
3103 4228
883 4084
6948 7038
6486 7336
4428 9176
6963 8312
8915 8983
4801 6687
4745 9972
6035 9876
6979 7195
4621 8449
3269 6229
6808 8617
3442 3513
5779 8087
1208 7255
6903 8667
7902 8244
5304 6764
2312 8671
9129 9364
5137 9961
4672 6500
2257 3599
5877 8363
8736 9273
3776 5150
6076 9636
7602 9096
2766 5655
3953 4198
3941 7486
6351 6366
999 2361
9318 9863
386 4208
8953 9485
6372 9810
7680 9659
4020 6846
9492 9516
1895 6175
2529 6289
1555 5385
7408 9134
1159 8414
8326 8821
813 1665
1087 7504
4734 8280
7537 7752
9106 9809
6816 7093
848 5727
185 9461
5264 8426
6338 9178
4512 4780
6626 9582
9002 9672
2888 5665
7466 9065
7909 8039
144 7459
6398 9720
6677 8341
9966 9988
4746 7848
7609 8940
5361 7745
4483 6852
7331 9481
4140 7980
9321 9903
4126 4344
7414 7917
4523 5657
7200 7229
8970 9529
6676 7059
4097 8651
9350 9822
971 8489
1516 2428
7753 8537
57 4944
2118 2717
8781 8863
9193 9696
9237 9860
3368 7051
1896 3656
4182 6207
838 7236
8211 9333
9484 9583
7188 8288
6142 7698
8041 9281
2436 6671
3467 7454
9276 9744
2861 4975
3490 5499
4874 6638
18 3946
8921 9437
3686 5630
5453 9918
5073 5343
4250 7675
6001 7503
5456 9601
6572 8252
6703 8644
6448 8870
2052 8190
4069 7774
8920 9800
7617 9171
7415 9528
3166 4763
6497 8083
918 1293
6214 6736
4413 7123
4337 6397
6303 6574
6759 8674
5432 9270
6394 6707
4862 9561
8764 8993
9313 9962
3050 6538
7787 9824
462 6201
7995 9343
4910 8183
5806 8767
5771 7605
9531 9717
8471 9480
1178 8606
6280 7125
3169 5380
447 983
7625 8464
2648 5519
4905 6067
5699 8253
7568 7881
8770 8947
6151 7230
2973 8396
8929 9417
9471 9731
3018 9025
9356 9707
3087 4878
210 8726
9252 9668
4700 7835
9654 9844
3846 8855
4854 8476
9306 9447
6122 6933
8534 9526
5915 9462
4066 5051
1734 5653
8056 9781
8443 9059
3960 4083
5086 5423
9992 9999
9703 9788
476 4295
3121 8271
8699 9716
560 3248
3 7249
4029 4265
6512 7744
5954 6545
1422 1568
8456 9944
2084 9062
7843 9196
3502 9157
4491 6316
5508 5796
3655 8981
7957 9182
5360 6491
4762 5239
5943 8307
7385 9841
7948 9275
3811 6751
9411 9723
2133 8799
1304 8140
3778 8049
7023 9935
3647 4760
3992 5496
1950 4573
5321 7027
867 9508
6179 8185
7269 8479
8752 9425
4240 5167
5992 7506
2359 8406
869 3533
1432 9989
4469 4971
1615 6527
4818 7243
3175 8369
7959 8839
748
2674 705
8277 1024
94 41
4379 2293
768 113
6014 4002
4879 572
8966 2891
7159 3944
5472 4519
8413 418
6311 2496
6557 707
3089 2455
1166 525
7676 7202
6928 6800
5620 1376
8881 8106
6612 243
3715 1524
6220 4342
230 30
3977 923
1683 573
611 408
574 296
2953 1410
291 69
50 1
5756 1659
6386 2214
8664 6238
4641 2410
3302 3266
3871 282
7221 4736
8399 3519
7366 4849
3641 3365
9647 529
2082 145
6836 2929
7750 2788
1917 1669
586 541
2745 171
5271 5107
7427 1537
3844 1454
9926 2475
2377 1707
8890 908
3378 1227
1548 1423
2863 760
6387 3239
5659 5108
153 136
2318 1481
5193 1685
4365 1605
1620 269
7585 3865
742 140
3728 772
4803 1687
7714 1021
2637 798
5011 1369
4463 1116
8829 4831
3209 89
9698 6052
1160 916
4516 4131
6011 503
7106 716
2702 1459
4820 3547
5474 2597
6189 5318
3683 2253
3964 3402
666 445
1995 1488
7834 1201
5949 1825
2481 1039
8850 1322
4589 2381
2220 1447
980 72
7003 6568
7856 3511
7417 3659
2012 1535
4575 3940
8100 229
7728 892
3970 1384
331 246
5103 3377
8672 7706
3890 21
3604 552
6913 4569
2122 214
6365 847
5065 853
7684 6620
5875 3311
5429 2830
3454 3265
1793 1668
7281 2414
8465 320
7836 3276
4238 2988
4558 2072
9996 647
5120 3222
5550 4369
4245 112
1608 1203
9245 7196
5043 1954
9066 6006
3878 1526
576 221
5618 239
8150 2531
4631 2442
7491 4540
1142 432
4592 1700
641 412
3208 1835
9560 2867
8085 356
5721 4155
4236 3337
625 134
3816 3587
8344 2170
8834 2900
4771 2913
8690 1740
7989 7678
2950 1795
5766 4588
7597 6922
3334 745
398 81
7732 3675
1761 1359
6436 3535
2395 2246
9223 8576
3747 3253
1993 1257
179 172
8744 2739
6243 423
8892 5253
9386 3448
4396 3626
5876 5254
2990 2599
4937 2659
5323 4947
9515 2103
4651 1578
5223 4229
3281 3059
105 67
8959 2694
2794 1686
4613 2964
4103 523
2707 2427
1234 827
4496 1834
5748 2088
2734 1460
7190 6324
3875 1032
4192 3880
8230 1544
8446 6096
5582 3784
2256 313
6863 3955
3753 938
8927 4837
8889 1050
4590 2102
4764 376
6027 4751
2138 1010
1060 517
3661 3436
5700 4266
4087 823
6266 1339
711 371
935 843
1151 617
3411 3255
5201 3245
6604 3067
6102 912
950 435
4723 3658
5552 4747
4999 4932
5029 1815
8661 7097
6017 4465
5290 1131
7387 6176
4717 4185
2389 1213
2210 1152
3081 2853
7445 671
8769 1313
8077 1947
8763 2174
9341 4447
7252 5611
7685 4501
413 163
3797 1380
2290 551
4350 4282
6477 3785
2876 2334
235 92
9329 1301
1095 1034
1109 682
3326 2467
9512 1837
2353 946
1505 1177
557 545
8788 279
5738 5240
5382 2150
5948 1399
7542 358
8293 7351
79 22
5487 3617
5284 2652
3118 438
9653 9179
5492 968
8605 2234
3335 3101
5094 1136
571 452
7993 70
4450 4434
8535 3224
3760 2869
9165 5476
4431 2134
1328 809
2800 2679
7472 1403
7747 3729
7523 1013
5190 2282
1071 810
4735 1241
2115 704
2086 1458
5759 864
3766 3178
259 238
2607 2181
3496 3307
3821 217
4634 2670
3237 2985
1326 1196
322 35
7420 5755
4341 458
7251 3234
7619 5936
9956 5677
4294 27
3584 2827
5774 5160
1185 578
4826 612
8504 7718
1814 785
7700 3529
589 555
3782 958
6847 1409
9367 8759
4593 2399
1588 1531
8543 1877
5050 1438
1911 608
8591 7634
3179 1561
8891 6649
5801 724
4057 1929
3996 830
3409 1649
3601 945
2732 170
6547 2026
9706 4935
927 159
2469 996
3022 2212
8407 1752
2089 1394
4106 1287
1901 191
5947 5177
3431 508
8837 1589
6688 620
7346 6976
5154 3724
7918 852
6121 5595
1811 957
8477 4525
4170 3054
7368 5887
3420 1799
4612 2884
1025 197
8202 2189
1600 76
7571 6603
5302 2803
4123 3637
7640 1924
5953 1433
3184 2606
4658 3654
7005 5089
3652 2087
1274 985
9316 7325
1026 886
1718 1372
218 125
7397 3843
969 831
553 46
1905 511
9623 3194
5129 2581
6186 3057
6828 4393
1264 1084
9344 479
2845 2191
2806 808
8468 4276
7132 4709
2116 1720
3872 436
1038 995
7360 4346
4900 3308
6046 1690
8669 1408
8990 6580
1848 1471
1396 234
9122 1928
2957 131
4317 1476
1513 751
8887 3879
4038 3127
9735 5575
8980 4770
4615 649
2775 2005
6693 6624
7451 3247
7517 2031
5932 5020
1003 457
2362 135
3755 3469
5983 5404
5482 5407
1126 292
5718 216
1891 1122
4336 3205
890 88
2006 790
7554 141
5967 2083
9519 5525
5180 3298
3332 1054
1298 232
9904 2860
1826 120
6525 5781
4077 595
4382 613
4401 263
5069 3147
8016 7991
5787 1014
8459 3425
363 312
1637 1629
7272 2970
4701 2906
3440 531
1331 901
7109 6898
9068 1057
9573 2306
6339 1133
7311 6308
9278 1846
4920 804
8276 3316
6476 108
8410 6083
8342 5933
196 104
8842 8282
7809 3929
5357 5130
6952 4114
4772 3296
6043 280
4297 2646
6866 6406
349 12
2225 1360
4149 3477
4566 3393
4888 3074
3186 1598
1936 9
3540 1744
712 44
7499 4251
1875 1468
2622 86
8961 922
7770 5819
1657 502
302 190
8815 8548
8017 7850
8751 160
9714 5337
1675 1554
7593 5252
575 372
2126 2029
6026 1660
976 951
9125 4249
7497 4280
535 62
603 512
4522 518
8509 149
274 176
1742 821
7110 1576
6919 1300
9354 3864
4364 1047
8338 440
6678 2909
7268 5208
5274 3922
8786 3251
5324 2248
7601 2159
9749 3839
9868 2754
7930 2731
9212 5388
7643 2958
4580 2045
8820 644
5346 28
4834 4274
2028 1496
7184 1370
7875 5383
2498 1004
4366 2783
7299 264
4702 494
9683 1238
5705 161
6309 4788
6778 4847
5227 3005
1256 1112
9882 287
9173 8099
6002 1784
4099 307
3328 2983
4037 1584
5625 4449
1072 374
1597 1284
4716 4611
9774 2813
2223 1053
2454 789
4039 3576
9570 2611
8372 4352
7830 1613
840 818
6195 1934
6405 1666
784 329
6433 4822
6164 3578
4375 2875
7998 7371
6832 6459
4292 1782
9183 8957
6967 3754
4243 325
4861 909
1294 953
738 337
7639 4340
762 293
1248 930
9320 2014
5356 4553
2237 1379
3126 1365
9511 7717
8964 6431
2570 1969
117 51
8631 8101
9618 5800
4882 3038
4220 1400
1664 1352
416 405
2580 539
9077 1743
262 186
9911 2124
2955 158
7068 1029
1502 1030
5144 3288
7266 6288
1746 1452
8081 955
5444 897
677 454
1235 340
8358 1788
5567 1278
3051 600
7788 7162
3002 2544
7146 5847
3438 384
7869 6004
419 82
3380 1273
4076 31
1417 348
7964 7569
9091 7539
710 228
37 36
281 165
6993 954
6533 544
5767 1397
3986 2144
5818 3819
63 25
58 54
5542 5441
9880 9337
6407 1722
4006 2166
5704 1913
4812 2644
5817 2175
5023 3541
1255 1211
2538 780
1154 365
4969 3114
4485 2693
2959 2773
71 40
8193 1517
2809 150
5906 2417
1477 174
6370 1575
4606 3820
9473 6053
5863 5535
7388 485
2274 1771
1291 656
299 124
5187 2152
5169 2590
9719 3542
1179 1100
2004 1426
7245 4867
1357 1252
4210 359
5147 1692
3042 871
3156 1770
587 39
1983 1439
1681 1670
3279 2486
2877 1786
3283 169
6971 4052
103 49
1135 748
9769 5859
1451 122
2429 1407
9566 7646
8131 1168
5650 2708
5081 1175
1128 123
4161 2650
7780 3398
5548 3045
2154 1121
6346 2605
5273 1302
5505 4987
942 645
8385 6692
8965 2215
8777 4407
4680 3286
8634 2824
9272 4439
7858 4872
2314 1836
4625 2968
8884 833
9621 6488
6335 2579
1265 689
635 598
3039 899
9963 2425
3416 2776
7519 6025
5156 537
1167 310
7748 5710
6636 4063
6015 1646
1733 1444
4187 2464
7063 1406
5251 342
2171 90
4632 4141
8569 6792
8593 2993
6674 1174
8514 1765
5601 3090
7376 3539
3095 2856
2510 2380
6471 1343
1500 211
3159 2351
257 151
8541 2413
6403 6286
2837 1603
8547 7220
3756 3395
7926 2402
1462 770
6037 3381
6796 3856
2566 1808
3550 2474
6938 803
2176 1794
3392 2996
5682 5401
459 323
5074 417
9680 861
4622 2355
2924 2016
2916 2097
4529 3870
7443 3515
4557 796
4242 3619
8194 8026
3075 2726
2687 1570
4601 1194
4973 2482
688 659
4712 1957
3630 3621
4737 1076
8432 332
9086 3344
7584 3818
6934 3708
