490
5168 7903
1533 3535
7153 9169
3114 8884
3027 9535
9198 9211
2826 5188
279 7299
5816 9801
9975 9984
7794 7812
1449 3262
2424 8620
7522 9563
8087 9726
4690 5524
6798 9943
4665 8842
7486 9716
8328 9218
2894 8198
2834 9982
6159 6726
7880 9690
567 8818
6614 8120
9578 9958
8786 9981
2910 9656
8622 8885
1056 9735
6705 9368
2494 9916
4809 9289
6324 9455
2966 7854
312 8720
6758 9655
8324 8432
5981 7264
7467 8564
4163 8766
8840 8898
5020 5375
3929 7912
3840 5525
4908 5573
793 1842
9653 9744
4058 9997
1108 1623
6743 9691
7802 8248
2346 4396
792 3950
1583 3922
2765 4486
1397 1980
5017 9514
3448 7781
218 8102
8777 9832
6921 8255
7022 9155
930 4461
9321 9451
7432 8614
6533 6759
5386 6204
8635 8681
667 6974
2861 7692
2110 6623
1308 8291
4024 7383
8346 9693
2159 8553
7863 8171
8138 8883
9134 9889
6698 8340
3789 7950
2291 8335
72 9359
5692 8499
7165 8292
3542 3658
3413 8917
1977 4566
2173 4414
2168 2704
7354 9018
4733 6669
4493 4985
4915 7811
4731 5455
6453 9558
738 2726
6583 9985
7455 8314
5823 7888
5197 6837
8057 8159
9874 9939
2430 9742
8189 8955
924 1710
4605 6903
422 3390
3439 6104
6980 7745
1786 2840
9372 9407
8790 9635
9130 9613
672 3125
2045 9252
381 7872
9020 9392
4062 9952
5706 7041
5126 6655
5822 9299
4777 6511
8918 9582
4860 8062
2022 5045
2069 7222
5645 6691
2147 7130
3374 8995
140 3332
3373 4592
6183 7553
1373 8792
1205 3090
402 1778
1883 6251
650 4364
8091 8615
3491 8410
7706 8456
1199 6589
4574 9650
9131 9993
1038 4151
3732 6430
5299 7922
4037 9182
2929 5766
6351 9527
721 7857
3297 3328
4673 7517
5684 8341
9316 9973
5190 9530
238 8514
1263 8158
6031 8861
4265 5276
5286 7991
1344 2750
3620 6644
9721 9967
6084 8180
5767 8393
8966 9932
7989 8963
7250 7722
7058 9762
185 4016
2931 6340
6539 6604
2616 4508
3932 6489
9207 9838
4901 6347
4436 6730
3882 4370
8249 9837
9111 9881
7646 7890
7931 8096
571 3914
1532 7720
7214 9977
913 4406
2879 5058
6284 7527
9835 9968
34 4169
1992 9600
4881 9225
5389 7768
6584 9590
9236 9648
7145 9424
8380 8775
7894 8074
4779 6259
6441 8744
4804 6851
8716 8971
436 6648
2175 5556
4459 5643
1759 7397
2360 3426
2201 7290
5805 7511
5964 9517
8076 9897
5789 8762
6897 8579
9077 9728
9902 9930
2068 4382
3791 4708
8441 9428
5026 6774
4154 7031
983 4119
4585 9275
7546 7859
919 7307
8438 9133
6959 8263
9784 9819
8889 9528
9196 9243
6320 9264
4570 8772
9393 9555
1873 2229
1464 6718
2857 7775
5123 7693
5824 8079
9676 9739
8776 9816
815 4961
4241 7088
4476 7790
5688 9187
7164 9423
846 9869
583 6839
8922 8992
4032 4789
9092 9546
669 4030
676 1476
3992 5575
9381 9464
1179 3110
7791 9247
7559 8854
8738 8931
2693 8715
897 5440
258 2047
6288 6577
3777 5615
996 8212
8053 9267
5518 5583
5288 9942
4780 6447
7574 8488
7838 8310
2886 8146
6957 9947
2241 2630
9815 9906
3564 5550
5962 8904
9191 9682
8382 9972
2982 4053
9901 9957
980 1063
6638 7394
2815 5510
1442 7215
6274 9213
213 6213
659 9634
5778 5915
5971 6535
1145 6220
9623 9875
3723 8082
7607 9562
1475 4249
6940 7597
3973 5721
3216 8195
8430 9614
4023 8351
8710 9343
45 4117
5574 8197
5463 6690
8390 9147
1307 5773
3164 6792
1563 4447
7024 9591
5437 6063
4828 5081
9256 9427
9038 9160
7769 8780
3916 6910
2237 9700
4533 8055
7981 8967
9953 9964
4680 7243
4555 9917
7727 9024
4188 4194
9480 9639
6490 9083
9859 9941
1930 6902
585 7006
863 5053
1534 3969
1832 6790
9462 9497
8608 8961
9019 9436
8128 9431
5958 6055
3432 4861
2273 5163
7840 8988
3157 4671
783 1209
644 5534
6244 7643
176 3327
9350 9893
9580 9994
2569 9887
2437 3821
5716 6582
6683 8361
9709 9826
4218 4480
6553 7244
1255 8345
4334 5784
8462 9239
4014 9086
8464 8791
1112 4445
1299 6998
6920 9766
1982 8246
5145 5580
914 3285
5799 6660
7053 9771
565 4900
3979 9383
7496 7805
9219 9646
243 2316
8860 9150
7371 9863
2711 8809
4499 6171
2279 9240
8805 9484
8166 8418
7482 8736
7983 8774
6254 7207
1010 6766
771 2920
2820 9193
7279 8907
6815 8834
5159 6823
8680 8847
4781 5923
414 3642
7573 7757
7987 8956
7801 9754
225 2728
9482 9812
1277 6090
7934 8225
5161 6529
8866 9996
8570 9107
8253 9556
2766 8289
9342 9403
1586 8267
3274 7315
8850 9445
7347 8416
6474 8280
450 6091
3903 4715
3035 7433
5 8798
4498 8602
3344 3522
843 3604
8088 8492
6056 9315
8638 9112
2681 9643
2843 3951
1420 2599
410 7738
7644 8131
5164 8698
3538 5033
15 4115
8723 9152
1687 6024
6075 9376
2180 2441
2235 4462
4271 5009
1899 5612
937 9308
8019 9704
9576 9803
2792 3976
9456 9756
3769 7060
4506 6493
7728 8467
6634 8264
6555 8098
2525 5066
8419 9164
3823 4348
6724 6880
8869 9076
3624 6178
6678 7655
5948 9509
3502 7298
3230 6158
1415 6720
5650 9850
1210 9444
5267 8979
9488 9867
4033 4327
4710 5755
1327 2261
8858 9617
5924 8423
7231 9313
5919 9145
7605 9205
6112 9701
733 6860
9340 9652
7071 8673
5826 8742
262 3471
9796 9966
1803 4772
4656 9776
8400 8559
3551 9261
4951 5420
6864 7848
1053 7647
957 6237
7545 9706
1459 4467
7755 7943
5452 9276
5821 6988
5564 8481
7335 9829
8930 9137
2811 7523
746
4722 915
2179 1793
2956 673
3537 994
9512 629
1015 432
7525 2915
3235 1125
2682 2071
1558 523
433 120
9955 6636
14 7
2731 2549
8435 3217
9265 6087
7746 7348
4131 2872
2380 1839
4267 3479
8758 4394
3628 2332
3008 88
2562 1378
1069 338
2821 2296
860 464
7308 4368
563 22
4164 1144
1952 1264
2204 2184
9367 2151
7178 4384
9199 5245
331 143
9074 1116
4250 1937
5898 2400
6954 607
9257 8701
7565 3060
388 26
6709 5626
9139 849
3737 1548
912 584
3920 1436
3974 3132
7256 7146
42 32
5881 3309
7054 507
4571 1514
289 173
1001 382
2170 79
1984 387
1440 510
6776 857
2036 1414
9065 4543
6314 5139
9085 7669
54 37
4106 1187
7258 6009
2912 1596
5528 1469
799 722
2789 1220
4156 807
6900 5450
6787 4519
4093 1266
7091 6422
4258 2015
6020 5049
6 3
4960 2284
1510 714
7280 1292
7352 832
8820 2679
1467 981
5572 3871
3621 2447
7301 6942
1195 1011
9568 4747
2303 1896
4948 4143
4624 4599
2091 1328
4424 3119
350 203
4174 2649
5587 2730
5055 1559
4282 1185
2721 2270
2643 296
3422 2639
5974 2952
3965 177
4316 4193
7771 1395
3673 1336
3784 718
3079 2425
7557 5373
7107 747
5879 1389
1115 628
4545 1478
2288 2063
4756 2833
8954 6833
3144 2328
9990 7661
7128 3123
9023 3705
2335 2187
2435 208
7599 3196
7585 5356
6263 2376
4958 1348
6405 6105
334 237
8812 7564
1849 1717
1500 427
5177 729
878 147
6230 1761
6136 5149
1060 858
6207 4623
8165 6098
8202 6327
9962 6011
4627 2556
5037 1427
6941 4207
3571 2661
6088 5313
4410 179
6434 2684
5925 1578
6359 3786
9862 4714
3682 3531
2398 107
1130 108
5653 1079
3368 156
7627 4825
6565 1158
5364 1867
3064 356
105 18
9551 6967
8634 7716
1286 310
8895 3948
6245 1546
9212 8764
160 145
2223 1282
4534 1649
7445 1048
2499 1409
3945 1628
5410 662
4645 3680
2880 664
6870 2182
2167 1513
8741 1938
6847 5346
4064 711
7056 3268
8828 1605
8303 1727
4856 2025
3771 1822
8106 4108
3525 853
9272 3816
3105 651
1579 193
5421 380
4631 4329
4934 3341
787 159
4496 2598
6596 5000
8717 5115
5906 5738
7446 4253
2216 1716
4826 324
5511 2196
209 123
8370 6268
2776 880
4758 4136
543 186
1359 482
9791 6070
6118 3592
6486 6271
5336 4132
6914 4586
7873 2392
1224 544
5335 4561
112 11
4263 1655
772 162
3603 2579
2944 1075
1367 1118
4969 2106
9963 2511
5142 3879
515 250
6425 5740
7220 3020
2333 1509
1135 375
7861 3601
9554 9168
8924 7163
8505 3116
4392 2743
2232 2049
2685 4
1221 1103
7500 1706
4296 2981
7349 77
7361 6840
8561 86
7997 2174
6208 6145
6943 3261
3794 1528
4565 1981
7562 1614
1995 142
4654 4052
5552 2534
5715 4378
3684 1536
4038 3383
6538 63
8523 6071
5505 3342
7663 1416
8951 1754
6513 3077
6461 5357
9033 7318
3276 654
620 41
9786 6199
791 591
1880 288
3778 3635
2172 418
655 103
3464 1979
1290 348
5829 5080
2828 2040
7155 6848
133 24
8897 1237
1095 370
7937 2418
5522 5199
9373 4867
5933 4488
445 439
6270 1050
3167 2867
3191 2670
8364 2781
7653 7421
7579 5124
3946 2254
2086 1914
4439 1028
7154 5194
3173 1641
5980 5400
6380 5176
3828 323
247 221
3175 2163
4446 3738
5329 3647
5604 3447
3145 2513
7253 2989
9543 5804
9719 8958
679 447
6047 2624
2033 773
5627 2528
2967 471
8797 6997
8998 6612
7055 2695
5444 3404
6647 3800
888 330
6797 2621
9250 5851
3755 2117
6859 1757
9557 5708
4294 2782
2203 633
7460 260
9747 56
750 191
8461 8332
6147 1448
6080 1076
1025 902
5171 4321
9903 2515
3320 2399
2985 1676
780 287
8109 2228
2837 126
184 80
7375 2853
9888 1349
9855 7630
8354 5106
9098 6306
948 390
1708 1215
3310 2484
3529 2990
5298 873
2662 2584
680 572
8226 2320
4352 3843
8601 7556
3824 40
979 936
5475 3736
1869 513
8409 7248
2797 1041
3433 1566
6127 1747
7561 5752
5491 3228
8204 1134
1003 504
8210 3169
553 475
6176 1014
8892 7042
6250 4903
9649 1411
7259 6803
6527 2747
3477 3184
4590 3294
8952 5322
713 597
6167 2153
195 20
7160 1784
1704 53
8914 8
8830 4514
3162 795
1287 110
2548 1518
696 46
4866 1818
6353 2368
705 201
78 1
6154 70
3271 333
7673 7262
7744 4929
7919 1219
8832 3466
3837 1235
6060 3852
8254 368
3280 966
3597 267
9227 9094
4701 2902
9013 8007
9039 952
3643 3072
200 61
1091 222
589 520
3088 1598
812 784
1713 810
2669 2449
7141 2497
5136 2070
2520 2310
2835 2687
9979 1081
5007 1693
6777 665
828 813
6068 3141
3619 1894
5639 3980
2154 2078
8356 7183
3058 2567
6285 2541
4784 876
5775 3848
5502 3842
1996 1616
5566 1126
3303 1241
9547 8902
5500 1180
3094 152
3505 144
5565 1665
8575 4563
5648 5152
3688 3021
9986 8367
5676 5028
6388 5060
1057 542
2919 1288
9469 9216
8794 6843
325 12
5727 3788
6187 403
1772 1585
5293 4470
7357 5899
211 69
5156 3019
8606 5608
2200 163
2675 1524
6503 38
8502 4792
3665 494
1516 118
8299 3726
2948 1334
1444 844
9775 4000
2341 1431
1715 1197
7823 5395
5050 4657
6725 4966
8023 1447
7182 734
3807 3059
1236 1022
9545 2471
3915 1113
7370 3636
2197 2
4734 3314
6473 3375
4027 1423
6252 1242
8779 1276
7645 6917
3233 1306
2048 1429
1122 561
2058 1330
8344 4309
3710 3585
7441 6826
9328 5409
6732 5362
3693 491
9763 2976
7528 4799
2949 570
8069 6991
6611 2297
9154 2676
6018 1162
9425 2710
249 146
2501 922
984 573
5341 3024
841 29
5307 2342
4991 972
9331 3952
7380 6262
4314 476
6121 638
5281 2379
1016 96
4177 1994
3252 2635
9651 2042
7634 3580
7749 1393
8182 137
916 587
1983 938
6904 286
3943 3942
6103 3782
8658 4191
7057 4221
8185 6203
643 171
6212 521
5859 3185
6162 1496
3626 2878
1489 625
2195 920
7632 839
1072 172
1365 50
9460 4774
974 290
4379 1697
1047 636
8968 808
7759 6857
1564 139
412 170
7742 2732
5872 3857
7552 7431
689 560
562 36
1366 596
5765 3666
1212 307
5858 5658
5886 1119
5791 4729
2565 1957
550 441
4435 4397
9322 1877
6989 3455
872 230
4159 2610
1335 1084
3249 1465
1078 621
9222 71
1153 862
1147 856
6687 2539
8808 5863
7869 1695
1247 646
9586 3158
1862 921
6983 4028
6926 1666
83 21
2307 487
582 241
6356 5257
9068 277
4522 278
1097 790
751 407
6996 6120
5989 5723
5303 5227
6478 528
2953 2666
9158 5048
2429 1387
3483 3143
2741 2717
7333 3591
8046 6650
4205 1151
1208 104
5210 3927
8557 816
7576 6618
2803 2544
3137 1654
7377 5250
9633 196
3939 2349
2816 1100
1400 931
3559 989
1198 1107
1541 1338
2913 1812
9017 5970
2148 1907
9876 7442
8987 8718
4141 2657
8090 5031
8453 2373
2119 1506
4955 2188
870 114
5332 3579
6646 3868
8307 3701
7602 5581
7995 743
7566 6568
2756 2739
493 270
9847 2331
1036 932
5231 3486
8366 2008
1454 1174
5878 4473
7303 6765
7436 166
3484 968
2212 1502
8163 801
3838 2481
1226 344
4927 3388
8934 6749
9611 9532
8560 8151
3419 416
6366 1369
505 354
5660 2727
5498 3818
693 666
7373 2085
4691 2686
7131 4840
7398 5687
3038 285
8482 5810
9787 6643
2642 2461
1921 918
6969 3499
9879 499
1588 1030
3016 825
1168 93
9525 4091
9253 1651
9345 4421
7162 2510
4279 1245
4849 1232
9138 8042
8687 7168
3306 3050
749 9
2324 660
7233 699
7309 6165
4307 1177
5911 5876
3405 1917
1418 800
1801 1777
2566 617
4755 1763
9459 2433
781 683
9839 6201
3803 2939
7362 1664
5739 254
2975 2927
7813 4646
4871 35
5296 1810
111 100
1554 786
219 180
9096 3460
2001 1490
2921 1808
1780 893
1485 536
9374 6965
2207 2114
5103 1456
658 95
8627 7341
6349 2651
4638 3188
8092 508
8155 6077
2345 89
4679 3605
9764 7230
2783 1584
5315 3498
1511 855
4596 4481
6034 3764
1173 165
5638 1297
6445 5701
5953 805
9067 2597
2030 1463
1492 1110
6255 1656
1631 1333
3478 2374
9877 4892
3797 2059
8073 4932
1916 809
