451
7050 8934
1472 6050
5535 7570
4925 6973
9745 9879
5455 7315
1059 5478
6179 6726
4152 5989
9284 9547
4347 6493
950 4315
3807 7025
3576 8223
4500 6054
7076 9943
5664 7767
7056 9702
6701 8493
2191 8018
4880 7585
2354 6635
4651 4728
8627 9887
5585 6029
8902 9347
876 5928
4605 5782
6612 9057
3830 4294
4215 6124
5937 7002
1167 5926
4110 8310
7211 7872
1547 5920
237 9364
5353 5751
5736 6704
7535 8950
9716 9787
4819 7801
1656 4269
5275 8834
6594 8343
5358 9441
5305 9370
3326 7884
5496 9142
4665 8089
1941 2341
6657 7338
2934 6552
3908 9515
2691 2751
8424 9552
5503 6126
4236 9689
4040 9089
8909 9853
3258 5123
4226 7203
1896 9688
2586 8753
8955 9649
8831 9905
838 6773
9610 9647
6059 9481
9372 9521
2466 3394
3917 5143
7946 8588
8631 9767
7828 8332
4093 7538
5929 8543
9564 9834
4584 6633
6318 8081
4649 8061
1602 3812
2625 5686
5530 7297
2491 4567
6410 6455
9632 9829
3702 5936
7966 8889
2402 4292
8538 9397
7038 8133
4863 9774
4633 9769
1332 9214
6229 7284
7926 8171
8981 9708
4388 6218
1993 6183
269 5770
8189 9676
2524 7919
8613 9199
9553 9987
1011 1616
5471 5922
6890 8218
4363 7047
1470 5756
9318 9775
3386 9949
3462 8199
4254 6337
9830 9869
708 5349
4008 5815
3798 5283
1241 4238
3239 7168
1033 7072
8735 9029
5428 6140
7507 9818
9178 9957
3222 3646
4413 9773
2668 4407
9302 9900
3294 6388
1465 9659
5980 7254
2948 5083
2995 7733
7440 9918
1276 1449
2616 5858
2878 4398
5423 8596
943 8536
5205 9376
2648 6681
6642 6960
7185 8574
1670 5005
5462 8572
9941 9963
5397 7652
6543 6643
5716 8832
7322 8790
3168 7216
6048 7457
3560 7277
2801 3612
1038 6901
1746 2505
7178 8338
9797 9975
5368 9733
5528 9360
2538 6485
2192 6491
5859 6709
449 5424
6375 9578
3609 9937
3780 4499
9414 9489
9824 9928
7425 7437
6371 9222
755 8497
3066 4870
6729 8727
6016 6341
7875 9075
1247 3815
5453 7865
9683 9993
7831 9229
6811 9130
9681 9770
8886 9841
6436 7487
5191 8824
1675 2352
7669 9094
6035 8620
8743 8887
4133 5065
7147 8186
3870 9513
9508 9816
7044 8131
7420 8696
4423 5023
1186 5839
9403 9525
3232 6542
3427 5308
2149 5597
6527 9747
7943 8238
629 1227
2596 4473
1166 7210
9561 9779
3028 9248
4257 5697
2329 4865
9462 9902
9679 9901
4887 9538
1149 4193
7267 8752
4639 6636
2901 6288
1331 7658
2527 6303
3230 9449
8925 8940
3356 4216
7232 8215
3062 6782
6813 9996
3153 5268
6592 7146
6389 9604
9103 9393
7913 8962
6133 8929
6349 9468
276 7990
3117 6040
9111 9723
6185 8772
7342 7696
2388 9291
8971 9090
1478 3571
8392 9851
7806 9837
8319 9060
2848 9324
4507 6172
5345 5409
7561 8771
12 1834
5281 6556
4046 4108
8280 9344
2256 6102
3052 8059
9084 9116
6446 6767
5959 7402
311 7956
8946 9799
1016 8767
2165 3752
1420 5262
7754 9514
392 3776
986 5897
7235 9159
2482 4427
232 5580
3382 6174
6743 8815
5606 5856
8094 9320
5602 6057
4678 9232
8480 8920
642 5944
1094 3038
935 5327
8049 8433
9728 9806
5414 7126
3775 5393
6170 9793
5533 7241
2790 5576
4376 5440
6667 7512
3781 4706
1645 9260
6038 9453
8091 9537
3790 5639
9262 9465
3532 3698
4034 6969
752 9875
4854 8716
2929 3622
6854 9531
5491 5494
8446 8470
7922 9061
9301 9594
9176 9777
964 3267
8779 9363
8203 9119
2752 7030
6190 6777
4026 9671
3256 7230
1453 7896
9870 9903
4839 5805
4361 6199
7439 8318
6055 7576
7533 8289
9709 9888
5575 9889
4915 5292
5497 6290
1635 2641
2507 7737
962 8522
702 6861
1956 8533
3829 4676
7513 8924
3850 8107
5659 8774
8016 8221
509 4081
5800 8720
5568 6807
5152 7792
5258 9194
5080 5249
7916 9962
1957 3144
6460 7221
8502 9184
938 1800
1089 4050
7029 7805
2986 5194
792 1246
3984 7583
3067 7846
9898 9984
2260 7724
8814 9746
710 8062
1050 9807
7654 9099
3828 5493
5277 5790
414 6751
3869 7134
9340 9572
9739 9930
156 8126
5225 6263
9994 9998
347 3750
9240 9394
7677 9974
6355 8337
5924 7334
5456 5795
6150 7432
5338 5893
7665 7752
4548 5677
5586 9408
2035 3586
3876 4900
6162 9835
7421 8881
749 3928
602 8553
7829 8566
9379 9602
7401 8117
6440 8535
2068 9895
9815 9971
324 4801
3533 3657
6 3515
1488 4615
418 8261
4171 9030
182 4799
7646 9015
5131 9418
2492 6967
1061 4409
5648 9589
9139 9618
4779 5112
6206 8469
7436 8647
8266 9281
4045 8411
4208 9041
7067 8686
4268 8120
4335 4935
4492 7920
2112 6903
2013 2432
1494 1854
7602 8507
9761 9833
920 4342
6431 8297
9200 9501
9098 9259
9346 9548
4166 5469
4886 7383
2786 5557
8812 9759
2020 8518
6821 9584
3208 8635
5101 7705
165 378
9154 9932
6653 9112
3397 6030
8785 8870
6536 9234
7429 8534
1666 3955
5289 6110
6826 7244
4946 5610
2097 8503
2756 8329
562 7460
9023 9772
5740 9034
189 7424
2893 5754
4805 4873
4583 9766
5136 8174
2145 9285
5171 8995
4
4329 3099
8384 5463
8952 960
2509 1264
