631
8966 9313
929 7053
6273 7313
41 5972
7549 9308
5932 8500
6951 8536
1335 2388
5793 6482
6902 7232
2804 3565
9479 9632
5076 5549
8791 9617
8463 9705
374 2217
1896 5283
3049 6797
2526 3408
2131 7191
6080 7523
7508 9718
1157 7472
3419 8099
8052 8920
9060 9125
4566 6076
4999 5818
5606 9532
2209 4072
5447 9822
3964 9164
6567 8209
9004 9029
9512 9920
1357 9236
1591 9979
4966 8456
7542 8717
6253 8182
4184 9581
4460 6137
3627 3932
9109 9242
5753 8908
5519 6421
7809 9257
3266 8609
1640 6325
3262 7945
5813 9476
3413 9462
1993 4454
5323 8248
7949 8873
2924 5327
7412 9536
2866 6918
3068 3238
8978 9343
8025 9380
3944 7086
701 1254
4305 6153
960 9540
2015 4773
2707 8868
9856 9926
3231 8391
5731 9721
4637 8682
5679 6719
1563 5408
89 2693
9057 9530
3902 3905
5330 9397
2174 4543
4738 9520
7321 8379
7306 9264
5225 8086
2059 6570
730 7356
1844 7767
1277 3378
5184 9064
4921 8165
2887 3780
6571 8478
376 1519
4835 9960
8450 8875
348 8916
3146 8179
8487 9695
7096 9208
562 5737
8911 9222
6324 8686
5655 6241
7956 8877
5624 9737
7173 9693
9602 9799
1601 6597
4846 8732
5035 5770
4560 5749
9348 9994
896 9160
243 4881
9198 9443
61 3888
888 5722
4493 4802
7326 9137
5257 7279
7613 9284
6358 8443
4771 9097
5828 6493
4483 6675
6825 9417
4418 8085
6523 7075
1181 4223
7896 8246
5825 9056
6830 9877
4071 6383
5197 8510
1353 9560
8524 9369
14 3984
5851 6478
4029 5148
1664 6363
8003 8544
1813 5428
674 2451
479 4104
2733 9424
2964 6801
1865 2037
4146 4605
5038 8789
2672 3879
2260 4244
5579 6175
6803 9766
7337 8541
3670 9349
6973 7067
8039 9788
6456 8731
9857 9893
3205 8617
8816 9671
1843 5917
6756 7531
6229 9402
2738 4116
7165 8026
1234 4748
2468 6018
8333 9595
3474 5853
3535 9245
4651 4937
7368 8922
6188 7569
5156 7933
267 2026
9096 9364
4356 7916
2353 4181
9161 9802
6762 8639
4415 4969
2240 9916
3128 4737
9854 9915
6490 9403
7119 9796
5882 8713
7479 9701
4093 5750
2354 5746
2077 3463
5361 7031
7374 8814
4829 4978
6404 9046
8197 8798
2017 8384
3975 8995
1712 8578
245 4902
8514 9052
3954 4034
8835 9851
2706 3044
6870 7091
1398 5142
7093 8334
3371 4258
3689 6127
6259 7924
6992 7994
8469 8959
6484 8674
8268 8605
2140 2980
7815 9656
1790 4440
477 1493
6892 8250
3436 6850
4584 6406
9529 9711
2567 3201
2333 4572
7178 9808
4686 6166
6245 6391
748 5217
7715 8120
4624 9050
1256 7726
4406 8981
5436 7628
7158 8063
7057 7745
4882 9016
2993 5508
7001 7736
3784 9819
5820 9944
2514 6974
3124 5450
9473 9660
5085 5678
7241 8346
949 2701
3375 5458
9571 9876
8850 9301
3193 3425
1687 9534
8474 8522
421 8018
544 4716
6688 7348
8862 9987
4706 8679
4783 8535
9878 9968
7899 8534
8608 9681
1479 4571
6600 6666
5560 6141
9383 9604
705 3632
2331 7000
4065 4129
7168 7649
8134 8820
5740 7080
2705 9210
6103 9510
8618 9662
9433 9995
3086 6237
3763 6517
2974 4592
2696 9836
2167 5849
7918 9757
3158 7782
3450 4165
1369 8245
3021 8289
6718 9452
7184 8610
140 9689
2793 9730
8181 9515
9636 9692
2237 2768
1442 9329
297 4472
5221 7621
5916 6416
3002 9569
1306 7186
4009 8899
5444 5986
5352 8865
8238 8830
3075 5266
4905 5732
5954 9663
6150 7665
9032 9201
8684 8804
4992 9246
6382 9910
603 1255
7146 9013
52 1149
8734 8967
8267 9347
313 7498
887 6187
9114 9365
631 3514
5077 7207
9580 9601
1041 8465
5686 6781
1512 4689
3852 5641
2418 8638
7587 7983
7335 7793
5201 5980
5522 5979
3589 8145
6424 6492
9168 9990
8846 9827
9185 9298
8077 9840
2883 6686
4734 9287
9178 9395
4215 7400
361 7382
1853 5400
8730 9410
588 9769
5866 7558
5527 9067
5903 6709
9955 9986
1699 7691
2994 9339
389 2880
4995 6947
5898 8060
8236 9130
8581 8930
6695 7301
2366 7842
4094 6235
2295 2535
9018 9524
4751 6092
1331 4898
6359 8229
1402 9141
4183 7328
6967 7730
9439 9699
240 4965
6572 8710
2021 5146
1828 4521
2051 3362
3156 3324
4368 9390
7824 9908
3050 5235
5170 8059
2549 8105
1452 8176
5707 7486
4977 7362
5509 5900
862 2772
4980 7527
9331 9855
8904 9754
7671 9937
6381 9852
6620 9272
9271 9568
1136 6623
8680 9814
3638 7504
6601 6736
138 5465
2367 3300
609 7417
2667 6489
2909 7277
5401 5717
6997 9830
4366 6337
6846 7156
4639 5947
8350 8648
2838 4150
3211 3999
327 4664
5276 8483
9649 9821
6568 7770
1872 4341
9486 9726
2812 7180
1980 7501
3432 6267
7292 7410
2984 5597
3396 5421
9983 9991
699 9197
6448 9393
7996 8273
717 5092
1242 1919
2786 8927
8013 9086
6963 8080
8548 8788
7118 7821
9131 9862
6123 8545
1069 9745
1085 7823
9214 9883
9997 9999
7922 9384
9860 9911
3336 7135
681 9786
6304 7016
1344 5280
7603 9658
2620 9279
1772 8906
4214 9152
3477 4564
926 1158
228 3390
677 7466
8114 8513
8937 8949
1385 4170
6420 9527
438 2437
2310 7021
2402 7853
7113 9341
4523 6806
4233 6916
5834 9254
4143 7905
8314 8817
7024 9659
4105 8748
1633 8133
7806 8351
8485 8797
4097 6763
5998 8098
9248 9299
9174 9324
8864 9677
6437 9679
8560 9599
8837 9600
9831 9940
819 8171
2995 4636
4963 8669
4736 5589
8423 9797
4695 6957
9047 9804
7517 9873
3969 8843
3639 9848
2480 9977
1644 3977
5971 6246
2862 5700
627 4858
3534 7548
2714 4277
9005 9739
8796 9183
8320 9550
2596 5021
3723 4216
9327 9881
4514 5808
4329 9567
7676 8204
4534 5975
5256 7346
1166 9670
3920 6126
551 2503
3000 8774
5013 9488
1303 5800
6622 9396
1431 6186
1721 4711
1190 6190
1034 7982
1969 6856
823 8741
7790 8881
5633 9744
4634 8089
440 6559
9884 9951
4131 6281
6696 8665
3237 5212
5413 7881
2519 6585
8237 8878
1562 3416
9215 9886
8590 8957
8705 9843
9176 9243
4909 4926
2341 6443
7114 9258
3354 8666
5348 8266
1310 1411
1384 2918
596 7073
822 9676
8857 9746
5713 6017
5605 6316
6163 9332
535 2833
6323 6900
9388 9717
4644 4964
5443 8262
1730 6929
5353 7032
8728 9120
7162 9703
1905 8614
2794 9771
3453 5620
341 5155
3940 7639
9614 9900
8818 9694
3110 7642
9521 9555
1911 6457
5925 9033
9434 9988
5877 5951
3815 3858
3138 5870
7940 8103
8755 8936
2046 4650
4398 9075
6485 6926
5254 5576
3045 5336
9256 9976
4102 4597
6550 9354
7882 8874
1523 4206
756 7878
35 2096
254 4680
8991 9276
8368 9557
2248 3536
5587 6066
1284 2958
145 5119
9399 9661
3304 6682
1478 9292
5682 6128
8137 8703
7220 8488
5656 6881
6234 7044
1025 3445
8854 8903
4079 5169
5794 9785
2381 3521
8213 9847
8935 9289
2569 8036
1557 4681
1196 5357
8200 9607
5780 6347
2038 9219
644 4235
762 3512
2244 2736
6674 7188
7403 9071
3263 4147
4229 5990
7514 8505
6843 6982
6031 7970
1076 7506
4717 9207
8413 9437
2276 3976
7645 8020
2422 9478
924 9193
1543 1989
4727 5867
280
9460 4559
5337 4347
2305 925
3675 1522
8312 1961
625 301
8005 6433
8217 68
6832 5922
920 703
7738 5639
8833 8498
8597 5362
5695 3549
2536 486
2080 1839
195 78
7491 6614
2668 2073
2119 280
339 65
4301 3035
919 419
1460 358
2777 951
7689 6593
4866 4396
3645 1000
8265 5040
8054 5111
8147 1986
8969 4794
6114 3782
5544 3568
6725 3729
1326 20
2372 980
9773 4312
6758 5665
2129 774
8028 4709
9887 8251
9300 7684
1363 73
3647 2200
611 469
8563 7765
6582 4423
3470 1422
6876 1548
272 90
8689 2087
7489 2100
8422 1421
3701 1484
2401 114
540 402
7992 2864
1028 812
6314 4839
3467 1676
8377 6945
2997 2719
915 707
250 204
2967 645
9401 8302
6139 2092
569 186
3267 1560
2144 170
6994 1951
5567 4425
4906 1015
5609 4973
5736 4039
988 689
6094 5940
1340 286
5814 5273
5652 1210
6640 6541
9108 841
1598 350
4848 3332
6712 4967
9597 2001
6284 5795
352 277
9610 5965
8010 7372
2824 2177
4714 2508
4306 1652
1276 1091
2432 1945
1081 1061
1742 590
5332 2988
2550 1118
3065 2264
1935 1542
6228 3712
7255 6049
7664 1706
6641 443
7946 3796
4159 3636
9224 6496
3295 165
3559 1715
2291 1691
3353 80
1249 736
7633 6670
9089 834
9111 50
8962 6955
2247 1870
3097 1291
4663 1704
5396 1211
224 189
6922 1329
2715 278
4495 210
7760 1168
9482 8555
1973 675
1674 467
6028 3346
2472 1834
3250 1623
4283 508
2204 939
1972 1407
7161 5089
5091 2811
5988 445
568 275
4043 613
9220 2373
2298 1821
1131 702
6774 3429
3583 1154
7145 2775
2257 1186
2625 2553
3187 2699
5543 3320
2424 1153
2826 1988
4817 1197
8234 3678
7927 3533
2426 2297
8286 791
8277 6621
9072 8664
6679 2458
1163 891
9781 1698
5107 1625
9584 9175
6783 3706
1348 830
4591 1812
8778 4282
8048 2670
1430 610
2238 2024
2877 1622
2865 1797
623 304
2195 657
9651 5872
7442 1850
8403 6647
8565 7437
9533 7574
347 141
5375 4100
1533 369
9777 525
2590 2075
8030 6414
9325 5533
8140 3108
4211 708
3871 3830
8848 434
4694 7
1351 1349
2647 371
8987 5493
1854 1568
2574 473
665 380
4515 3382
6604 3809
1940 1005
2018 1416
2688 206
6752 3028
4760 1858
8187 58
1817 1650
1871 1035
8676 3556
8170 2056
6453 710
502 394
7401 4251
5037 4889
1420 646
7712 6473
9578 3298
3240 1590
6759 5581
3584 401
2840 848
9003 755
4263 1737
2317 1909
1483 761
3345 3199
4841 554
5890 1111
2348 1624
209 64
519 155
2981 2053
1266 1128
948 921
5349 3274
6804 6768
3038 3029
8891 6779
8287 3454
8012 2554
1488 241
9363 6364
7595 6848
9525 7436
9080 8406
6826 6548
1319 1248
1346 927
6209 3042
5211 572
1140 492
6465 2210
7367 6373
5479 3120
3776 55
3058 2041
7762 6908
7278 1095
9668 3665
8151 4759
3990 1629
8984 8714
8106 5466
4344 4172
3496 1748
4508 3697
3239 1219
7270 178
8525 989
234 133
8880 3275
8530 2710
4313 3937
6334 882
5970 3617
2182 998
6891 3208
2086 231
8683 8447
