987
4725 9375
2591 7841
3805 9021
9871 9942
7790 9610
6313 9078
871 4256
6790 8930
5092 5265
2869 5616
2187 5261
876 1501
7042 9623
7637 9222
3734 9098
4869 7411
3664 5660
7354 9137
3267 8597
6775 6796
2652 5665
4672 6536
8767 9431
659 2256
6819 9975
4090 5433
8152 8954
1336 6197
5873 9800
4267 7676
1174 6915
7092 9633
3534 8426
3922 4610
6974 7495
8606 8771
9318 9902
8383 9828
5110 8180
697 5156
7802 8602
2795 4940
4494 6057
5140 9569
9141 9718
1440 9991
937 6665
8147 9450
9974 9985
4370 5905
3188 9321
3010 5766
4293 8370
566 5426
9930 9953
6523 9135
5594 6968
2690 6321
490 2398
562 4386
8182 8527
4724 9368
6031 9749
4608 7319
4558 8801
101 6157
7213 9557
5860 8431
7691 8320
140 8535
5316 7259
1587 3915
8687 9982
5533 6081
3070 5876
7195 9356
3628 7378
7579 9606
1211 7284
1666 6060
73 5212
4655 7695
1228 9667
8251 8787
4727 8680
420 3375
9963 9994
8033 9579
949 2006
6829 8419
3426 6316
5164 5365
285 3858
5524 5543
757 8750
2719 2999
5399 8020
2042 5835
4629 9109
2992 6669
6462 7816
1990 6570
5023 6318
4649 9888
8909 8991
146 5448
2392 6457
735 2443
6569 6625
7317 9358
529 5651
5248 6739
9124 9659
8303 8650
5301 7771
2809 6114
3950 5676
8501 9617
6854 7350
7880 8402
4713 5984
9546 9777
9957 9980
893 2980
4970 8279
8995 9204
6837 7740
3757 8923
9643 9792
9892 9933
1534 3178
4906 7565
339 1155
574 815
7569 8498
1878 6430
4066 5585
8179 9587
8901 9806
656 7893
8945 9247
619 6329
4555 8114
8313 8961
4916 6029
7795 8371
2119 5305
3936 5662
4275 9338
7203 8526
8777 8796
2062 8958
5504 5583
6098 9392
8263 8943
7721 9910
3155 6537
2441 4810
4651 5056
6856 9099
7066 9665
7374 7930
345 845
7193 8467
6798 9695
5348 9586
6314 7080
2436 7603
2858 7866
4299 7358
681 8976
4621 6300
4208 4538
7362 9525
8314 9685
896 5778
5437 6381
905 9101
8571 9679
1589 1949
9664 9929
2897 5075
2629 9481
1874 8378
1860 9970
9661 9996
451 5040
4276 9954
7778 9223
7266 8506
7097 9232
62 5776
1846 7907
1701 9412
2330 4209
5861 9274
1914 8166
6613 9589
30 2667
1337 5709
7668 8289
5678 7198
7497 7808
5974 8794
6887 7301
3390 4984
5455 5727
4317 7477
7460 8605
7253 9131
974 3535
4935 6392
1565 7261
8296 8774
4134 4507
493 6090
1716 2159
5236 7858
158 6943
3137 5959
2365 2405
5514 8348
5345 5848
4259 4994
556 9509
5657 9752
2787 3659
2077 4719
1704 5807
1349 1935
4854 8121
8211 9199
3496 4996
4332 5671
3517 6584
9491 9763
5858 8849
3684 9804
2083 9457
16 2334
3268 7034
5063 9444
8292 9851
4515 7064
6490 8851
260 4665
5397 9530
5215 6914
4065 4993
9742 9959
1122 3883
3736 7313
9026 9463
2012 5085
3223 9609
83 8480
3023 3617
4532 8478
7390 9716
7341 8338
8718 9286
7737 8726
6853 7867
4129 9391
8594 9556
8629 9640
4977 8813
9709 9921
5141 6588
7527 8724
4213 5985
7277 9681
3498 8592
3490 5225
3019 9063
6608 9585
968 5811
7722 8815
8304 8822
1144 4868
7556 9062
38 8782
5526 7523
2844 8307
1341 8471
3913 9371
4400 6636
5973 8305
8178 9282
3174 5632
2857 6365
5557 8811
3972 6131
5638 9746
2497 7143
4033 7791
8865 8871
9388 9881
6249 8852
8241 8276
5024 5275
9536 9856
9612 9941
443 9937
8410 8582
7602 9753
9445 9595
5700 9728
7943 9073
4552 8103
5649 6388
5456 7483
8993 9065
913 4139
4345 8072
3196 6364
1369 1881
1116 8150
5360 7562
8788 9051
4728 7908
4990 9781
9218 9671
1262 8700
2770 4314
8972 9093
8939 9226
1993 8775
277 8918
8269 9404
8666 9108
7191 9085
7112 7794
2654 5234
8435 9564
9287 9879
6511 8107
8321 9884
2232 7914
3675 5591
9650 9715
5402 6818
7306 9810
3795 4766
5126 8002
2003 7178
4075 7823
4044 9634
6307 6403
8083 8388
6250 8264
2419 3129
4752 8143
8762 9355
3477 7520
9195 9372
2891 6895
8362 9268
5240 8704
5717 7377
3688 8696
804 7172
1409 6093
2445 7990
1849 3322
6759 9638
9057 9096
6163 7005
5349 7972
6582 8998
1719 4820
2826 3410
3770 4855
7447 8698
7805 9209
3226 8389
250 3766
5124 5214
8667 9743
1247 4088
1594 6286
7384 9293
2996 5463
3902 5283
5982 9807
3632 4127
3862 9915
1722 8204
5578 6105
2049 6205
3201 9911
6344 8641
1931 2076
993 9072
881 6674
4463 4521
7085 8530
8218 8308
6130 9651
7738 8580
1073 2683
9995 9997
6804 9730
4699 7736
8496 9522
4706 9907
5337 6419
4122 7404
5971 7630
5547 9190
9976 9999
4142 5714
6794 6821
7689 8892
4601 4890
6484 6733
2625 4207
2504 5855
1970 3878
7101 9125
1850 5368
914 4290
534 8807
1868 7106
865 7145
3713 4516
1974 8035
5468 9050
1475 6471
2553 8023
8745 9885
7222 9498
3598 7534
1017 6680
1547 3301
2781 8008
7716 9724
8487 8825
4433 9979
8681 9553
7318 7434
2207 2295
1123 4908
7651 9931
8848 9532
1301 1584
634 9186
8468 9766
1085 7678
1749 2814
2800 5395
3022 6143
1797 9922
4848 9316
7846 8454
7680 8181
7224 9487
9395 9776
5784 8366
4246 5737
9426 9484
2390 6633
1402 1550
2765 4697
2354 3686
4458 5185
3555 3834
3840 7599
2273 6761
1160 9843
8886 9914
4394 5904
7115 8098
671 2912
1332 4960
7011 9582
6902 7549
7046 8648
4562 4957
6589 7290
8574 9006
5357 9513
3055 8670
7150 8881
560 8999
6975 7694
7703 9873
8552 9860
5153 8551
4015 4283
1777 4656
7281 8588
7000 9194
7159 7274
6828 8940
1782 3938
4988 8176
2852 5038
1334 4193
4568 5645
6209 9515
794 3329
2939 8327
1724 1955
2573 9956
2598 8584
2949 8731
6187 9456
8446 9823
5987 6367
3875 9505
6487 8029
1817 4871
966 3578
6437 9423
471 721
94 6293
7282 8381
5428 6711
1595 8234
251 2952
1347 4152
8201 9799
459 7772
1037 1401
2563 5963
2156 2825
319 6560
4550 5975
7604 7869
4498 9236
2222 5839
3279 7160
8457 9785
2009 4951
310 5219
1079 3979
7652 8299
6686 9572
1917 2618
2759 6788
4382 8662
1968 4946
4679 5838
9046 9815
6179 6825
29 3154
4244 7777
6075 8533
6991 9449
219 1551
9379 9757
2029 2034
9829 9965
568 5921
4530 8162
2987 6391
7591 8744
7016 8109
6464 9258
2036 6801
3597 8634
9653 9890
5107 6357
4617 8080
3397 7428
6228 9144
7558 7896
3187 9511
3927 9285
227 8521
728 2566
5077 5531
4053 6664
1824 4450
4844 6564
6933 8405
4785 7156
3305 8428
2520 2701
7424 8229
5992 7459
7351 8659
7999 9663
584 4792
662 8369
4172 6085
8803 9736
1468 5527
2632 9551
6787 8989
3910 7273
3525 9202
8466 9501
5683 7468
1592 5071
4551 6760
645 8130
4023 6765
3144 8053
4743 5687
325 7171
400 4968
1887 9053
2541 6684
8790 9783
6750 6905
3438 7174
3722 5449
413 1983
7220 8647
3169 7779
2679 5298
3443 5352
2567 7612
7793 9067
1299 6929
7134 8737
8547 9332
1982 8713
795 9803
9441 9875
1135 5025
8465 8838
8751 9508
7454 7941
3971 4436
348 4543
708 7948
1395 2321
1107 1950
6463 8868
9504 9520
6816 9419
2028 4109
8873 9944
468 6480
1376 2757
8184 9750
9037 9292
6993 9779
1348 9430
5008 7038
6122 9054
7083 9319
2863 8447
9253 9711
4489 8281
6243 6553
2252 4430
1930 6559
7397 8438
4517 9798
5007 7970
6644 8970
1636 4809
5653 8290
2035 6685
7741 8368
502 1081
3121 4149
2205 7239
104 5314
860 7388
1291 2893
1384 9675
2272 8117
1398 3898
841 3673
1149 7299
9682 9893
2776 8462
7023 9409
2655 4660
5035 5178
3204 5681
4573 6742
2359 5760
2677 9489
4534 6217
7255 8385
1792 4101
3197 4095
1259 2830
9103 9988
5191 8776
6522 8952
5016 6844
5654 6524
2098 9171
2754 8430
886 9837
5486 6581
3044 3574
1660 7371
4216 6591
576 2115
926 9812
2848 3467
3581 8406
6438 6863
6517 8274
7830 9847
2508 5886
2262 5832
1770 7035
7760 9215
2775 5045
7465 7486
4893 9400
6070 9657
3947 6196
1831 4842
8793 9935
6813 7560
2261 9211
7086 8399
6234 9852
4408 6274
2537 3209
9495 9936
5977 7230
6182 6846
5539 7850
3106 5434
7905 9339
9904 9952
3646 8738
8841 9407
8422 9598
7345 7923
8493 8880
1816 7828
9729 9905
6248 8174
6876 7870
1915 3570
9621 9710
492 9353
7608 7989
5707 6253
4085 9451
8286 9403
6436 8948
9117 9267
7061 7176
4405 5767
3327 3670
9801 9986
6349 8302
4907 5556
1129 1871
7405 8413
275 3647
7918 8587
9480 9844
3351 8967
9118 9490
9280 9951
4701 5639
7964 8403
6629 7849
76 6614
4298 4563
9396 9502
2401 9059
7217 9605
8800 9365
3811 7265
9362 9712
8938 9060
4265 5842
4781 8175
9555 9981
9734 9814
2043 3289
393 2516
4961 8151
3232 8621
8720 9619
404 9042
1142 1856
5519 9276
7725 9588
7555 7628
9768 9918
7576 8831
2346 9163
2366 8113
1900 7296
4313 9370
5083 6172
6192 7611
6100 9594
3374 7859
4661 5367
2136 6467
2720 9603
3266 6433
3985 4425
3422 8450
3216 3814
220 2496
5057 9225
2578 3689
3745 4638
3776 5996
1746 3683
3884 8802
4271 4924
1562 4255
4614 6014
1316 6258
6635 9552
4164 9014
2424 5323
8705 9414
1798 2595
1447 4074
4588 8577
6354 8887
7980 9308
3818 7208
6558 9105
2678 8840
7589 8640
6002 6254
8416 8612
5041 9608
8489 9740
2416 2616
7355 7856
7855 8944
4644 8962
3430 8924
2311 5927
8407 8768
6244 7620
2384 4576
273 709
9347 9938
7715 8845
88 1630
1293 3098
9219 9631
2266 8859
8486 8847
8495 8707
8723 9203
6576 7939
6009 9261
392 5149
2160 3482
1009 6704
8911 9439
4214 6920
5460 7586
1157 3180
3798 8929
2440 4798
5230 6544
2153 9029
7418 9440
9299 9601
3253 3962
6717 9984
946 7524
862 1623
8955 9644
4315 7748
3923 4611
5484 7114
2387 8170
45 9592
1110 4954
6481 8336
1159 8769
8893 8946
7590 9939
743 3530
3511 9496
386 3243
3255 3967
6810 7098
447 7138
3127 3386
9304 9732
8550 9352
3116 7638
9106 9143
482 1001
4632 4675
3182 5108
1200 6110
3237 5877
6139 7343
4468 8562
8102 8310
5847 7102
2258 4630
8569 8853
8214 8975
8710 9411
3877 6288
3090 3946
9503 9771
1994 7059
2275 7548
6504 6950
7925 8063
136 9534
652 4722
1528 7356
2361 8514
8573 8965
9708 9886
4367 7645
2706 9784
7006 7564
8173 8415
1444 3042
1352 7902
2103 6694
5042 7498
4914 6514
8785 9024
6173 8233
13 6071
8034 8216
602 8067
9721 9877
6406 8973
6710 8092
1323 1899
5704 8992
3666 7810
8160 9150
9384 9642
8717 9424
361 8084
6010 6981
7055 8443
3973 4054
3621 8789
786 6041
6660 9558
9462 9722
7610 9342
1607 6289
8817 9561
6361 8069
2645 6702
6994 8277
1890 8189
9535 9596
9374 9533
629 6033
5487 8702
4680 8449
3139 6987
2583 8699
283 2024
1609 4896
2139 8626
6691 6836
3854 8284
2327 7987
655 5840
5879 6776
998 5862
3361 4451
6547 9256
2739 5853
2726 6757
1064 9479
1191 4789
9895 9947
4457 4904
8553 8703
202 3550
636 9909
5525 7734
5743 9836
1032 5949
4956 9272
9660 9762
2675 8108
747
1381 8
6405 5122
1198 810
3887 733
4861 997
1805 592
9249 4117
4470 1254
8326 2331
1802 812
491 454
9116 1270
7292 5054
3051 1945
3715 1748
9040 961
7201 1943
8427 5810
7018 5119
1435 569
190 152
8874 6529
9655 7219
3230 1558
69 14
5532 5000
210 145
2133 1428
113 24
2054 1363
8671 3287
5580 2072
226 168
1193 107
731 337
6789 6295
6390 5697
9652 3163
823 647
6597 2093
7968 7528
5026 2360
5027 399
2640 868
532 211
9840 305
9786 3904
7502 6868
5641 5313
8809 1588
9714 3545
5179 4582
2450 1205
6429 6414
2973 1408
5912 5599
4431 4093
7522 6753
2738 456
4156 2831
3744 3450
4744 2305
3059 121
139 133
1232 1036
5675 4903
9004 4909
1509 244
3191 2065
3427 716
6732 2896
2895 387
1640 551
4288 1836
8837 3307
3373 2439
3867 3706
1035 329
4234 3507
7082 6166
5875 2594
9787 5640
1449 1204
6671 3319
2292 17
3311 1745
572 22
3208 2479
3575 1788
2588 1092
7003 1916
8747 6682
8090 1416
1217 301
1263 537
3650 653
7843 4863
960 588
679 430
6488 3105
261 240
2471 2212
5564 742
9755 402
6346 3437
9624 7004
3747 1851
5254 856
6942 232
9296 1289
3780 2325
7381 7242
8206 4165
1733 1559
4598 1787
6181 774
2459 2086
1275 375
6617 5333
4376 4342
4161 597
9473 8966
9630 799
7472 4037
8159 3312
3435 3347
8869 5938
1865 680
3133 825
3126 1187
5790 1710
3049 1997
2684 635
2803 1486
8054 4474
6898 3615
5729 5147
3560 1507
455 312
1684 660
2731 2141
1853 383
322 181
9185 4178
297 19
6162 2798
2005 678
8158 611
4882 3917
638 320
5165 4912
1439 1322
5052 3644
5253 4545
2002 732
1094 213
6369 5702
1222 720
3891 1413
5872 3661
9234 8129
6026 3087
2432 2145
4888 1194
9351 1480
258 42
6350 5439
5282 1288
1811 1552
2997 2143
9977 9252
8364 929
6945 1472
7395 3630
182 174
1328 1165
9173 4650
3300 1863
2628 1100
4831 4182
5745 5325
7517 6500
2485 1561
7714 2069
2026 509
4472 3728
7681 3345
178 176
5940 4260
5755 134
7624 2195
4955 3194
1548 116
7619 6575
5319 650
311 72
1852 1663
8433 3183
2206 747
6095 3218
9331 5233
2375 1677
564 475
798 589
909 675
2020 895
1145 187
6951 1761
684 395
20 3
1071 365
2530 807
3955 835
5741 3089
9538 8365
3005 2430
7500 3162
4240 2681
1971 401
8323 2149
1493 1162
2194 1170
587 498
1832 972
6456 6059
419 388
5909 4354
6526 1438
9867 1524
3033 2474
2290 257
833 550
3288 700
6077 4723
5804 236
5290 3368
4339 1357
6106 1897
649 246
2050 1790
5898 3228
4383 2394
5359 1526
8883 1870
504 374
6212 4188
797 205
6741 4162
3281 885
7865 1241
9945 5930
2682 1755
7487 6678
3303 1744
9876 1320
2957 1516
5906 5258
6843 2873
2413 558
117 15
6805 3034
1906 97
9789 9013
932 607
9882 1219
9593 4343
445 304
2414 1124
975 547
150 41
8239 3189
5859 3667
3515 3048
6882 4884
9385 7840
7423 4585
6323 994
5750 2651
7506 6384
7761 1753
3624 1933
7104 5933
255 142
9858 81
5440 2789
8196 7037
8499 577
6809 2898
1236 163
6626 6371
9373 5981
5441 3165
6881 1482
8534 5770
8576 433
767 362
7027 6509
8398 7184
4618 714
6240 6011
196 65
4303 3961
8230 971
2808 2702
7731 908
4952 4277
7491 1189
8997 2749
3773 3409
5022 4900
5723 4544
9058 758
2091 1514
5545 2131
5012 389
43 23
2899 2001
256 84
2587 1394
4877 738
8278 2277
1208 953
7262 940
2373 1306
5870 4947
1510 1008
711 262
5493 2859
2224 1988
6155 973
9367 3166
4454 4048
4027 2073
838 330
8980 6677
2348 849
8272 6779
540 344
2494 2314
6042 1928
3406 1763
1894 159
1431 1414
902 890
5315 515
6545 2127
3159 2922
8816 3843
5613 3806
3493 2550
6441 3739
7267 7057
581 342
8315 6925
5931 1947
2444 1809
1794 802
7076 1622
9224 4135
3671 915
1393 1156
6982 5647
621 173
7124 1487
5799 3123
2287 2202
3060 2197
5618 4175
9646 7570
1272 570
5781 5128
2336 270
2993 1181
9769 3842
5286 2764
9238 6332
761 549
1314 924
9438 2324
1121 446
4560 1616
519 429
8060 7288
9590 7596
5565 2268
8617 6530
821 56
1827 925
3063 2048
5138 559
8657 3352
6561 4435
3956 1531
4231 290
6290 4628
5506 3158
6319 2379
2819 616
1629 1091
7814 1712
2176 508
9698 4387
1059 1057
5249 3297
3146 2509
7438 6193
3893 453
1361 224
284 183
1154 954
1164 870
2884 194
964 727
57 21
9307 4206
1893 1513
3793 2722
6035 464
4531 3832
7139 6823
9344 5010
7363 2797
9350 2233
5667 3247
7196 3935
4795 1296
9949 1462
6744 4553
9184 3102
4157 1277
4769 1912
6276 4633
5427 4476
7394 5031
1785 1051
8758 3021
7648 3229
5544 5029
527 254
4377 3749
8988 7499
3797 3763
4132 1673
274 155
5186 5082
4670 2610
3775 3295
6771 2113
3202 3084
1374 1020
2040 981
7109 682
8131 368
5901 1491
1345 677
2078 434
7087 6593
2189 264
1591 1240
9713 7090
6138 791
5296 2209
5648 1938
1317 992
8247 3803
4509 793
5343 1346
6486 6340
9428 3872
844 2
3740 857
3334 1478
4047 3086
3254 1365
553 406
2856 1520
8818 4739
2753 477
6426 1025
2880 726
6785 4477
2004 1015
9737 5623
8001 5303
1360 1186
5017 3931
2096 2070
6048 3997
2523 665
9485 7096
3136 1050
7568 394
7706 2169
3388 522
166 114
5534 5001
7910 5020
1212 294
1267 126
2023 306
4414 3285
331 52
1605 1549
4427 4360
6901 4252
7162 6596
6454 4540
8613 7235
9189 1839
7519 790
8153 3540
2841 238
7164 5154
7333 179
5011 3236
3141 2389
2647 1754
9198 2613
706 513
1268 1226
7971 1082
1359 741
3817 2281
1992 1118
7901 6238
978 782
6038 3626
6910 744
6178 5203
9467 7647
7904 6612
4853 4393
9482 1774
6185 1396
9616 5939
4294 1380
2783 2219
323 191
3505 1702
6051 771
3697 928
8895 5329
7679 1500
7084 4061
8964 1693
6745 6306
7617 6088
2116 489
9519 7240
5773 1736
7107 2839
7244 5820
1511 349
6773 6643
3028 1498
5962 2399
2687 1437
7644 1958
5703 3398
3120 67
1563 1127
8104 2828
7054 6586
9177 3018
2140 685
7739 4716
8654 4211
5037 2958
4841 2718
3897 2199
3110 407
5148 229
7192 3992
208 132
3460 55
1250 1139
8836 3743
7032 1764
7503 816
2264 1654
2186 1304
5978 3068
3865 201
2755 2576
4664 4307
4834 3081
6394 4704
9483 2369
3549 1932
36 11
3828 1202
3210 2696
4673 1752
9707 3616
2191 1583
7448 6879
7509 7039
5991 948
5728 5330
3074 977
2056 1305
8119 1951
6428 5997
710 474
6587 3778
4461 476
6096 4237
5749 4176
4843 3118
5058 2673
1737 1130
6812 6725
3504 1371
5036 625
6749 5115
2276 5
7501 172
6928 3395
7237 2344
2000 1891
4087 877
620 70
8509 7873
259 141
9488 8616
3318 1939
9726 9627
9760 1908
6927 2942
6485 6432
5602 3290
603 528
6455 919
5666 4892
6964 1115
3852 3224
5341 2465
4873 3710
5882 2698
2355 1373
3732 3600
1058 609
3495 1786
7563 6756
624 486
9699 4652
6838 6216
5162 2297
6503 2730
3802 3184
4600 2397
9305 5142
1253 614
2923 91
9227 2824
5079 2575
1319 1218
9239 8485
1338 98
9418 3573
2921 371
777 396
3583 1953
3112 2109
2975 1927
3207 1266
5966 4622
1574 818
8360 4082
8225 487
2902 1659
5792 148
1910 1829
3873 279
8339 5670
5764 272
6997 2646
983 766
9206 6601
6156 5945
6799 3448
630 575
6858 3692
524 162
2631 1470
6746 6330
4013 1169
9049 7170
9868 734
1312 785
2847 1709
1285 1175
4008 206
302 49
5398 2555
1543 484
7020 5874
7979 958
7060 3014
756 58
698 347
4392 2045
7618 1197
755 460
6342 3753
3825 481
8328 3790
3586 1302
7367 51
4067 2304
5281 4747
6652 5822
7883 5819
4625 2620
7328 3899
5635 4403
1886 512
8112 1527
1465 1040
8003 1453
9990 3880
752 111
8384 4537
2988 2412
2342 1095
6311 3292
1883 1007
4740 3403
9700 2995
7745 5193
8575 600
3071 1674
1539 751
9866 5986
1579 646
3432 3001
2865 585
9778 5628
1014 289
6474 266
8984 4043
7573 1300
488 403
1041 878
2883 128
3937 2802
130 54
