650
2046 8652
4855 9628
2975 4779
2251 2273
9906 9955
6617 8833
9216 9219
3770 7541
8403 8933
726 9761
6902 7280
571 9319
2318 9212
1943 5290
2235 5516
2749 9931
4978 5476
9022 9476
7253 9431
7856 9188
5625 9392
8744 8768
6011 8793
6472 9949
7575 8312
4221 6182
436 481
6517 9306
4484 6722
416 9831
2953 9375
1907 4405
2822 9067
2449 8888
386 3835
638 3152
5429 9132
1754 5364
7556 8169
1197 1265
1743 9564
9207 9690
2861 9609
999 5953
107 6748
6056 9914
882 1865
3701 8530
5303 9246
5842 7619
3437 9674
8607 9217
561 5734
9789 9962
123 5813
2622 8929
2950 8810
8911 9517
9414 9774
5102 7397
1987 3244
2465 8506
3594 9450
3510 5735
3218 6228
204 2483
396 6477
8917 9438
2719 9114
1156 7400
7423 8438
9527 9719
8704 9302
9249 9625
6529 7946
3644 4504
2053 7162
6064 6587
3488 9043
7314 8799
2249 5801
6888 8009
898 2711
9788 9968
1734 2164
5441 6107
6824 8393
9159 9368
9953 9973
5716 8579
9277 9547
7504 9717
7743 9759
2867 7548
3880 5166
6370 9247
8780 9873
9852 9928
1260 4517
4426 9750
4687 7036
4262 9673
7932 7961
501 2949
9835 9987
8565 9395
3303 7695
11 8221
8658 8974
2018 4006
9483 9737
3008 3705
9014 9531
4007 4038
9990 9991
2972 3355
6256 7766
1648 5260
5020 6273
506 5583
8182 9103
4840 9098
5093 8316
2400 3092
3516 6348
360 4658
183 5004
5521 6927
7041 7305
7599 9803
7322 8815
5034 5078
5412 7641
8935 9667
8128 8200
9006 9791
317 9689
588 6697
283 5770
599 2766
2203 7262
1225 8908
2989 9836
9869 9951
5570 8359
6225 9042
199 8095
1435 6564
8434 8613
1644 6675
3129 9853
3731 4137
9245 9766
1795 4109
6536 9464
7395 8244
9735 9882
4980 8887
7558 9151
4236 4938
9250 9593
8616 8729
6178 6433
5492 8314
4157 5655
7284 7384
7445 7615
414 4261
7722 9429
1849 6236
8482 9092
919 9068
7406 8448
7338 8536
1992 2721
7484 8564
6092 8272
1237 6471
2582 5414
2010 5387
4356 5876
3113 9867
5605 9753
1612 8327
1862 8292
587 6773
4175 6803
1732 9211
698 5076
6057 8466
3440 8950
1921 8626
8235 9493
9704 9917
7562 8355
2191 8889
4932 7621
6213 9487
3824 5098
6836 8246
9580 9992
6811 7039
7389 8336
6461 8397
1207 2453
5926 7150
3883 7978
323 4967
3042 9828
5489 7598
4127 4283
7189 8716
7158 7660
5271 6559
9150 9607
7434 8432
7948 8241
6779 8507
8270 8408
4049 8766
8264 8893
4342 8424
6530 6861
4781 9605
100 1608
54 2388
17 7070
7938 9566
8638 9570
2683 3970
4336 4909
9026 9084
4502 9472
6097 9074
6679 7736
6098 6970
4877 5746
9296 9584
1660 3489
9694 9858
21 5849
6683 6823
6096 6711
1100 2496
1440 4422
9065 9537
2668 4314
4655 6398
8717 9458
1968 6785
2377 6102
4123 6640
2159 3312
4849 7533
5075 9171
8873 9161
1789 3680
4486 4631
9522 9698
4740 7693
7485 7690
1723 6688
918 2000
5542 9790
6171 8676
5996 9915
1853 7324
1421 8452
6816 7326
3036 9847
2016 7659
339 5761
6458 7252
7344 8385
8156 9460
6452 8102
5789 6624
9697 9998
462 8915
7131 9377
659 6188
2787 3063
276 8007
7566 7714
6804 9616
1026 8523
5854 7991
5949 6451
5608 6478
7670 9435
6226 6828
1226 9575
1737 6923
5843 8625
7238 8087
4880 7531
2518 8876
2161 5882
8117 9875
2592 6934
2076 2671
8551 8617
4464 4573
3083 9865
1483 9782
2547 4184
7593 9463
893 6237
512 3669
9551 9795
3151 8370
8940 9654
2013 9895
8230 9025
2655 4304
1149 6174
5581 8554
3292 5599
2927 4186
8027 9746
8575 8610
2482 9513
2036 3236
3093 5891
2919 5241
429 6826
7430 7527
4716 9572
5654 7834
967 1933
9964 9994
154 2193
711 7009
5997 7306
2722 8671
5646 6027
7168 9512
6532 7467
9538 9714
3260 4860
2380 9111
4153 6413
2597 5411
773 4537
3741 5152
6122 8539
8116 9035
9899 9910
6117 9988
5006 8989
1382 1433
8650 8857
3976 7622
5898 7646
5639 7375
4689 6862
8591 8800
528 7710
9205 9637
2833 6075
2754 9358
383 9590
8767 9301
3382 7892
2771 9408
8020 8071
3501 6308
1317 7860
4143 4376
6975 7409
1760 1869
423 3868
730 1704
508 4341
8307 9091
7543 9886
2332 3782
4862 9102
3892 7199
4310 4393
8437 9810
9072 9794
671 4767
851 4545
7534 7752
9104 9293
8714 9453
7820 8544
8547 8555
3075 8702
7913 8287
5866 9693
3405 6025
5275 6856
240 3906
4837 9436
3617 9793
690 3480
2659 8546
2228 2819
9193 9502
7085 9885
5820 7112
3834 7833
8038 9652
1329 5965
4205 7840
9484 9918
5177 8798
430 8700
635 9045
1165 4328
9878 9948
8886 9785
6943 8033
1194 3865
5547 6384
3710 6113
3193 7781
3241 4075
4612 9716
875 1272
6467 8365
577 6535
5435 8304
2577 8103
6442 6713
6326 8179
4933 7356
5717 8836
8807 8823
4012 4571
6501 9848
4329 8489
929 4982
3876 3921
7989 8218
6945 8603
1595 8021
5537 7411
2758 2890
5937 7609
1489 3820
5454 7281
4816 6238
7135 9565
6842 7905
1876 5074
8204 8965
7011 9012
8467 8966
1404 4820
4483 5959
1018 1465
4365 5752
9606 9801
6542 8600
7260 8096
771 2222
2259 3387
831 1905
7245 9922
2220 7706
2675 4357
6787 7438
9221 9747
7859 8357
30 6778
9208 9927
9165 9760
6498 6926
4130 6615
5977 7330
2236 4743
369 526
8587 9711
8905 9109
5493 9076
143 5833
6682 7724
4615 6893
2417 7572
5778 9118
5837 9743
5023 9996
4176 6899
1199 7888
9897 9940
4934 6329
5342 9099
3742 8628
395 959
3393 7665
4526 8781
3665 4749
6479 8084
2539 6663
1803 2645
926 2438
4057 5543
2804 9419
7876 8283
4780 8840
9226 9490
1830 9117
2218 9862
5068 9668
4231 6860
9772 9814
8341 8499
5546 6889
4634 9303
8566 9777
5270 6569
8269 9086
393 8763
1650 4445
6988 8921
6440 6953
6756 9051
2702 4319
7972 9229
7422 7502
5781 6286
9840 9966
9552 9959
4616 9957
6177 7790
9993 9997
2138 8238
7869 7958
5332 8572
5989 6549
8865 9664
4971 9506
9373 9454
8413 9896
2745 3419
5708 8387
8663 9351
2834 4448
2250 5201
8054 8172
5718 7969
3602 6692
2090 4347
2558 5496
6164 7358
7428 9140
3975 5259
5783 7903
2077 5809
6043 8934
2712 6424
3375 8300
4135 7850
6652 7054
4911 8396
2092 7727
6121 7999
4246 4379
8922 9619
9179 9234
9329 9837
2246 2663
9430 9485
2765 8455
1299 6586
8441 9509
1188 3506
4731 5243
6466 9477
4625 6001
6488 9870
9272 9691
5593 9614
7082 9164
8245 8785
4863 9618
2717 6105
7185 7198
5978 7218
5562 7102
6790 8898
2692 8943
410 5331
4589 9069
5036 7803
2489 6545
7064 9038
6036 9280
8055 9100
9297 9465
8089 9663
2396 5135
9978 9984
4514 9422
1672 5291
4361 5422
3249 9755
227 2688
3722 7291
853 5457
1328 8822
3438 8569
8231 8759
7705 8421
8850 9186
334 2506
7555 8686
9400 9620
1241 8890
6625 9033
9881 9946
9178 9256
1575 3768
7083 7405
7707 9649
7456 8410
541 8435
8545 9403
5794 9471
3623 5619
3571 8000
6142 9588
1711 3945
1863 3566
4859 9677
4607 5423
5904 6046
3664 9930
7470 9635
8002 8354
2439 6162
9799 9880
8816 9529
2507 5469
5239 9589
9073 9294
732 996
6570 9977
8097 8101
6673 7730
8937 9046
8073 9290
6676 7866
7454 8192
1941 9585
4171 6144
5305 9387
731
5836 3817
8473 397
7087 866
4523 4372
352 153
3173 2727
5681 3370
4062 1144
427 2
9218 2874
9723 641
702 602
6032 1942
9942 2458
1957 1387
9985 4654
330 314
188 66
6013 546
9838 5905
5621 3339
2132 715
7608 3448
3253 1446
9857 828
8189 2929
5232 2047
200 77
292 256
6391 5653
6349 1749
833 363
9000 9
4583 3558
1479 1381
3927 260
3922 3498
9057 6600
8219 8094
3038 1029
4915 1148
4661 1418
4444 4306
9989 5133
5950 4664
8331 4524
6712 4590
5137 4949
5637 5019
6206 1480
2648 1354
2207 1195
3638 1031
985 567
3324 2140
8035 1940
6399 5432
5647 553
756 306
6065 1580
8234 2256
5089 4891
8918 6879
6840 6387
138 83
3937 1513
3926 2429
7680 913
161 139
3167 1119
1208 764
8430 1915
8952 5913
2962 1559
8093 1815
9456 6265
8412 1899
9854 9281
7552 4969
3666 1634
453 181
3812 2797
672 115
2414 168
3121 1159
6513 6200
6422 3832
981 109
9124 1531
6626 4706
1980 185
2279 850
2608 1813
3335 2556
9595 2868
5156 135
9824 6040
9410 2343
6414 4986
1893 97
5371 763
657 286
9738 2952
6026 5553
7459 4457
8961 8731
4983 2204
968 125
966 814
7261 1327
9554 2552
2214 1112
3684 1326
4258 3334
4888 2110
6939 3160
8220 4825
1604 1524
4188 600
9356 293
5168 3090
4800 1174
8725 4480
8391 1637
6718 3280
566 370
5150 899
6670 3979
4886 3050
6543 5410
8757 3709
4013 2814
4352 3216
8347 6744
4563 2260
8493 5567
652 210
7157 6355
1615 327
2616 596
5730 5528
3988 1872
2999 1976
707 379
1370 1230
7760 6403
7914 2133
7144 1486
1969 1897
3961 2979
3761 1594
7089 6112
9860 4796
8643 6421
3127 122
2057 568
7979 1791
7463 394
2086 1055
7354 2392
2905 598
9722 5907
6891 4363
682 373
9780 6848
6073 2020
6864 665
4896 3724
9182 582
2421 1993
9903 1458
2042 192
9341 1340
3369 374
7380 871
5533 2686
7584 1135
559 206
6672 5940
1613 766
7639 4858
535 116
391 332
463 46
6527 3295
8136 4993
6195 447
5119 4394
5680 4264
7755 956
3146 1380
2062 654
6060 6053
3255 537
8296 7464
7894 5596
2217 1888
4624 3995
3386 2502
8142 2519
6708 2587
1423 1038
2906 428
3274 1598
4116 3965
3 1
5725 4380
302 142
4580 2942
7439 4613
1548 1280
6291 6111
8649 1780
8176 5703
8422 6332
7468 701
1293 812
3150 2535
6521 3333
3938 3592
7742 2405
6677 6278
8846 6656
9349 8420
3217 2537
7466 2630
2660 781
196 112
1991 1321
4645 686
7545 1678
1501 1314
7785 1709
236 91
4614 3736
8141 7055
8925 8092
3078 2973
6885 6653
7079 1745
8459 455
4320 3643
7367 516
3640 1777
7694 1142
7677 5225
2412 140
3058 514
4479 2450
5577 4210
9491 6220
6567 790
9965 3102
9765 5463
7219 96
7056 1076
3401 1557
4530 1946
2151 2019
9313 5289
8173 4764
7535 3852
6607 129
1243 1016
8733 7896
1269 209
5903 1296
7452 5482
2514 2149
751 405
8525 3974
3525 2512
279 262
378 24
2084 1761
5179 4648
5330 1767
277 269
2670 329
264 71
4381 3231
5049 4519
8252 5591
9845 7774
5445 468
8330 7661
7094 2847
6797 448
1140 728
2901 490
1282 661
8751 3962
6850 1111
9556 478
4665 4311
1133 145
7111 5638
3496 2050
3711 780
6942 5471
9647 3275
5887 3712
7096 1850
237 27
3541 722
7292 1482
1155 859
6261 2803
6197 195
2341 1292
3132 1784
7408 2456
6447 557
2860 1930
5826 4144
1816 627
5895 2639
9252 6120
1383 1073
3803 3276
2107 99
4073 1539
6091 2330
2832 2791
5622 5002
9971 1861
4677 1276
8010 646
1286 1275
1432 311
7925 7747
987 205
6379 1169
6405 2425
7299 2095
5695 6
7547 3572
2071 867
9184 5132
5433 2422
5732 5326
8580 8199
8773 1721
4039 995
1625 1255
78 60
7205 6605
511 295
7889 5631
9011 6224
3754 3357
4163 1663
4974 362
3229 2326
6858 4201
6696 3398
5927 1127
3179 3091
6428 5438
7852 6276
6318 3670
876 819
2274 1812
7838 6335
1377 1064
4412 2842
6316 1532
303 298
1967 452
4146 3003
9155 7627
854 263
1741 1375
7815 3627
2085 1393
5860 520
3822 2613
2620 1019
8305 4267
5350 749
8258 3601
7213 2437
3145 675
7837 5204
2945 1515
5366 2089
1856 572
5616 2816
354 38
5359 564
2497 2492
4081 3531
4902 2486
703 268
3407 548
5590 147
550 307
4610 3020
5083 1550
2320 1087
7765 4866
4735 2258
5190 4068
489 186
4159 1163
2730 1041
4281 2394
1522 1228
2873 412
9851 8695
2399 175
2049 844
5855 5248
8197 1807
4015 3446
8310 466
6508 2114
3046 2886
3284 1250
1017 415
9239 8149
3894 2142
1890 1735
9494 5844
8826 4416
1227 12
1298 1139
2598 467
9106 4355
8217 6350
8468 7138
7350 817
5532 5095
3774 735
4383 3917
3963 1239
2097 980
595 384
2876 1533
6151 663
9024 6502
9827 5698
7709 4170
9261 7649
4766 25
6185 696
4424 1792
5662 4023
717 88
4028 3170
6883 5279
5336 3648
9003 4018
1929 1129
2152 1758
179 90
5880 3491
5827 5508
3650 1090
5793 2986
4755 2691
3882 1201
8976 3134
8195 1731
4001 10
3213 3135
5228 2687
2956 411
3618 1001
3381 2650
4070 3858
7699 3972
5505 680
2701 1643
1082 621
321 222
4348 434
8386 4423
7620 3678
9191 3931
3613 1558
1536 830
6305 1926
9688 5540
7511 6645
3285 2401
2167 601
1249 449
1109 26
5859 868
7364 5189
2789 2324
5518 1782
2511 2012
1162 215
7415 5606
3277 2287
2761 2461
7683 5936
8708 4225
8524 7007
7756 6526
8811 716
1062 835
4120 1722
4531 3793
8928 6330
6783 889
3538 194
5636 207
8088 3630
4198 2907
8069 7236
4277 2728
9510 1877
6831 2653
2423 1086
1972 1495
5941 5865
1333 1223
1947 1843
8568 1677
3187 556
1512 753
6800 2565
4164 2793
8279 3392
8864 6897
4709 324
9807 8409
8510 1866
4527 1488
6016 2939
162 19
4269 1167
9727 6812
451 42
3801 31
3551 2629
8783 4326
1786 1014
9018 4255
6500 3954
6821 5954
8632 3985
6539 3192
1822 16
3771 2347
3540 3344
3406 1569
8821 7686
6765 355
5663 4626
3158 2375
5894 1638
2170 858
2623 2503
3932 3686
9613 6362
5160 4721
7980 261
1871 167
1419 5
28 20
620 494
2932 1606
2156 1338
8047 3396
3288 3002
7842 1300
7239 5684
4841 605
4824 2309
5249 4461
2348 1977
6847 917
8061 947
7203 4868
5620 2528
368 64
4567 3830
9157 5627
1335 1115
5824 5045
2303 1783
1614 14
1113 471
1840 1273
1509 693
5656 5584
9496 6127
8293 5974
9999 247
6873 1244
1928 1443
5525 3394
2618 883
7633 4759
6082 3022
7483 6647
1391 629
3745 460
8022 358
3903 3573
1556 235
8951 2014
5512 4739
2631 785
6427 6103
8560 1699
6890 5174
7145 5602
6702 3753
8963 2855
3721 3013
2818 2525
2846 770
8259 61
5883 4047
9944 6503
2141 1963
519 503
6358 3427
7540 56
7002 5238
2658 724
1697 89
2510 187
8066 7034
8321 6767
2202 1046
2724 739
7771 826
5268 1847
4620 2463
9156 3682
2310 1459
4646 2305
2366 1503
5504 1401
2471 786
1886 907
7183 6854
337 305
9856 5477
7053 6669
6703 1832
5286 4138
3507 1447
9952 1514
8711 7663
9339 8576
5796 336
9604 8417
155 52
4525 2223
1728 562
79 39
945 928
8789 5312
2966 2889
1717 1366
2292 2233
331 304
5946 5691
9685 3755
8067 3885
6597 457
3786 3758
6337 1591
8400 265
9611 983
1215 879
7211 243
7302 6547
558 551
4751 2593
3472 669
5439 2619
720 225
3068 607
4228 1352
191 144
1630 1371
1098 84
1045 613
9298 3085
6441 1178
2936 2561
5360 1460
4682 3581
6497 1316
7517 2742
4227 1707
2109 234
5502 4192
3947 3564
1161 811
6289 2574
1467 825
4285 1124
584 326
9192 4060
555 160
3224 2239
4822 633
3621 2958
1448 1182
6519 4125
356 248
7971 104
7265 1022
5933 3356
7975 6612
8060 6553
9446 3097
5285 2555
1700 706
2661 2072
1931 1673
1120 67
4684 1308
7701 464
9941 3550
8805 6420
9542 8119
3735 3184
7482 990
497 202
7944 2652
2004 752
