386
5148 9084
3702 3914
4120 6264
1439 8250
3142 3863
2040 6848
335 6652
6723 9649
5596 7895
3275 9005
4481 6038
1836 5007
7992 9857
8670 9948
7266 8064
5470 6210
7696 7699
645 2207
8070 8072
5713 6100
5922 7611
8531 9070
1318 4288
3953 8040
6375 8812
877 4241
2543 4827
9565 9625
5909 9727
2405 8394
4986 5622
7941 9289
4306 7445
770 7283
92 5106
9437 9959
8127 9812
4472 6018
4419 5717
6601 9447
6245 9492
2628 8773
651 6626
3027 4498
3538 4718
5456 6806
1621 3862
7478 8917
4173 9685
9666 9853
492 4568
3977 8483
6277 7491
2969 7309
8689 9975
9302 9746
8111 9215
907 4056
8555 8847
9829 9899
7802 8929
624 6933
2535 4293
6291 6642
6986 9081
7122 8453
64 4927
2095 9167
7277 9641
235 7335
580 4143
6022 7499
2194 7343
8730 9869
493 7231
9189 9467
8125 9211
2323 9881
3037 5062
5653 7967
7198 8539
2862 7892
5661 7601
4716 7438
2582 8294
4480 6413
1479 2031
8881 9911
6025 8231
4361 7463
5050 5904
7598 9645
1937 7425
6237 8055
9442 9583
1389 4953
7786 9699
1622 3038
8433 8736
1509 5300
7677 7894
8424 8756
5900 9420
2805 5243
3093 7593
4557 8131
6076 6595
5075 5314
6675 8815
1851 5841
8838 9508
5598 9006
1999 4430
5532 7605
608 7734
4136 7564
2430 5063
6119 7665
2294 7450
665 2402
238 9598
1309 5482
2047 9321
3997 7245
7022 9769
3508 6443
7127 9230
347 8205
6862 6956
8065 8446
1313 4179
2378 7819
3129 3297
3954 6287
7635 8298
2563 9079
5817 7051
7299 8028
5977 6145
7013 9497
1737 3328
4354 7045
1492 2773
3111 9107
5721 5863
2071 8971
4754 7337
5679 8356
4545 8884
5725 6869
7887 9757
8406 9249
7128 9736
2135 3236
4470 8026
3530 6233
3959 4866
4757 5304
6457 7367
1272 5842
3878 4522
7369 9311
5888 6041
6844 7014
7772 7928
873 8498
3677 6979
8546 8680
7876 9639
7193 9533
8526 9078
5548 9168
6468 8404
4380 4984
8676 9382
2629 8810
2956 3164
3850 8422
7029 7034
809 5965
6547 7538
6907 7852
5986 6369
9054 9731
1339 2916
2341 6437
3803 3990
9900 9932
5492 8574
9246 9886
1714 7742
2523 8961
6572 9672
8020 8875
7776 8919
2320 3082
9657 9851
2 3153
4168 5839
886 9547
8614 9541
32 2725
181 642
1521 8570
4913 9559
2172 2949
6752 7603
6275 7515
4876 8405
4059 7206
8850 9578
5861 9407
7950 9788
9954 9978
7148 9297
4680 6308
8008 9528
5592 9945
9501 9643
5619 6765
8114 8811
8634 8954
3222 9090
1568 9920
5547 6928
2370 6730
7764 9180
123 3363
47 9515
1815 3112
6029 8778
1876 8383
6225 6837
761 2496
215 4292
3385 8698
2243 6810
3482 4514
5505 9969
3568 4029
2695 4390
5325 9348
3370 3781
2309 8739
1700 9765
2314 7155
9924 9990
319 8997
9278 9953
3560 3962
1728 6469
3972 4884
1979 4749
7582 9487
8310 8843
3127 3792
4847 6611
8172 9197
9461 9833
5981 8362
8300 9337
1081 2944
8909 9713
7508 8049
4445 9135
3395 8202
3858 5376
7752 8506
6901 6994
3901 9089
6230 9173
8443 9928
5953 7276
4023 6068
9933 9993
6866 9369
6735 8189
6661 7249
5042 8142
8804 9698
9339 9976
4558 5323
7217 9191
7842 8050
3932 8106
4785 9539
3302 8892
9083 9282
5777 9241
6480 7797
2407 9510
1356 3618
6538 8588
8440 9725
1455 6422
8923 9895
5744 8897
5374 5399
6380 8171
5495 5617
7812 9658
9394 9910
9676 9809
7867 9080
1597 3059
6431 7295
3425 8003
4373 6854
4800 5411
1994 5890
7183 8176
1223 4707
838 3110
6589 7771
901 9439
2406 6575
4850 8745
3170 7679
1989 2901
1680 3667
4728 8583
8638 8966
5562 6236
8852 9938
4888 8306
3904 4451
9893 9914
482 2385
7002 7307
6709 8499
5938 7926
5527 7310
4873 8610
4979 9058
4841 6075
2546 2726
4653 8660
9956 9963
5506 5927
8857 9571
5478 9411
7587 9505
4887 5046
8164 8382
3951 9573
2932 5664
3147 5102
4737 5728
7052 7975
7747 8628
618 5004
5066 5390
6900 7740
2099 8278
626 5779
12 6932
8081 9125
1880 3348
206 1113
8285 9474
1894 6084
9226 9907
5771 7437
5819 7543
9764 9944
4007 6327
3705 4489
4948 5820
4317 5341
6325 8944
5448 7154
5005 8377
5967 9330
8150 9259
1923 4770
3308 9004
8487 8545
2404 7986
2006 4455
5920 9021
5743 8926
93 702
5761 7620
6043 7715
2420 6507
8494 9619
617
4660 4319
5794 3912
5449 2178
1641 1376
1117 892
364 111
827 525
7626 5458
5073 3386
762 97
9637 1964
7829 3436
530 325
941 912
261 84
1415 745
9473 368
2377 2128
7546 6569
101 63
6857 5258
656 442
7916 3774
7532 2080
253 18
9706 4596
703 587
9878 8549
811 778
5545 2266
673 122
5301 39
1174 769
4929 1042
8385 8369
4339 1192
1971 1596
9127 7692
8602 6398
1854 298
3885 427
2447 1030
8128 6176
3378 2801
1226 708
6007 5709
3351 285
8895 3389
465 74
1976 324
2829 1188
3393 783
2489 1768
681 180
2002 300
3832 3020
1767 832
2794 494
4312 2994
8321 3458
6269 4467
7708 7551
9511 1949
4919 4667
3118 2780
821 389
2868 2717
589 333
3477 3126
948 469
5594 4071
5645 3124
617 523
9186 1435
4671 1510
3629 1440
8388 7703
1631 331
3290 2555
5221 2979
391 62
8637 1924
3636 3057
165 75
3031 496
8239 7220
7646 597
6873 5199
8764 933
2729 1345
5446 4367
8784 3460
8444 5234
7966 7789
6035 1134
2331 350
2548 1179
4816 3849
1849 998
1956 1330
666 228
105 95
5639 1395
9352 3285
1665 1338
7695 3919
8902 6755
3929 3376
8340 513
8302 6153
1283 334
9101 5030
893 828
8668 390
8651 7705
9785 740
4398 2156
7683 3150
834 156
5154 307
9807 6944
9096 2820
117 29
8328 6242
4602 1791
9507 1196
1590 406
282 263
4613 4010
3471 928
8648 6368
8829 254
5864 517
3961 2050
2757 1186
897 895
872 195
671 243
8038 4591
3361 289
1696 1434
8523 2925
6156 4129
4388 3076
8197 4204
1868 850
2538 2469
9604 3900
1273 434
9695 7072
3842 1243
7179 5426
5600 4899
6921 4708
3456 1808
7456 1039
5697 3845
3272 127
1008 412
6811 1778
7204 831
1518 57
2902 1414
5795 3128
8553 4781
5684 1343
9221 3048
4337 1635
3795 201
2350 1363
7187 1695
6149 3039
3317 1604
7027 6090
3286 979
1303 662
28 6
5070 1419
4280 2210
8417 7627
318 240
1096 22
4634 2160
147 146
4487 358
4700 3151
6344 3424
4997 1216
462 344
509 44
3338 2924
5586 1108
1878 1214
9995 5893
8616 160
2215 663
991 534
8296 3085
519 163
5883 1959
6012 1515
4961 3402
5678 3114
4672 3696
134 70
3177 1852
4175 2287
5114 1201
1250 840
8068 154
8936 8191
8753 1554
5235 4655
7832 1143
166 159
1983 789
126 114
1587 1368
6925 231
726 397
3693 3249
7846 7796
5937 5669
4714 871
6818 3498
9582 4082
9441 6272
6835 6619
829 622
5511 2570
6162 1658
6967 1763
9808 1282
4334 2141
8408 1351
8095 7726
9378 3772
1425 1421
2556 2539
841 562
6257 1150
6056 5692
5340 131
6978 6124
8359 5706
4508 3231
1167 694
1909 304
4303 1396
2676 1877
77 15
3695 2284
1156 685
7194 2411
697 574
196 129
672 308
1130 1047
9908 4230
8262 2023
7123 3028
5147 3429
9020 6706
2285 1938
3875 1915
5958 537
7591 3697
7421 2848
8640 5992
9563 6971
7902 3213
5672 518
2025 351
8338 4435
7577 5032
8037 7409
6798 4184
3165 78
2139 1187
6481 4255
3617 1620
7589 7263
9988 4348
8755 3973
5452 3637
2595 430
5330 297
2768 2462
5740 5333
2246 2173
8464 1427
5522 4575
9861 6244
9462 3599
9868 7845
3226 2241
372 355
8998 3455
7860 6779
8021 1230
6273 3079
106 67
3673 620
8059 7091
4049 3583
759 591
3654 2913
9931 1873
5029 2143
9937 5436
7275 4324
6581 5212
1199 604
1255 837
9567 1721
3700 2591
6817 914
5635 4995
1065 800
1305 237
6050 1846
8577 3587
3763 2262
5156 932
5912 3719
8835 100
4516 3502
7265 4420
9232 8493
5656 312
5094 2621
2603 1266
6516 2723
5575 2914
3123 1614
3737 961
8707 3495
8353 6613
9212 6632
1913 1874
7762 6136
5518 2145
4637 452
7749 6333
6074 1116
7247 2661
1202 197
1785 1359
940 899
4869 727
2055 414
5116 4331
7 4
2192 1706
9504 8886
6279 3645
1119 878
9041 1281
6695 5019
8219 5643
6909 2817
1773 564
8608 3158
2528 1228
1461 191
8199 1934
2507 341
5248 4251
2063 255
9422 6534
1041 418
1361 340
8203 423
9257 7359
4062 1769
6388 388
3198 2511
178 54
8398 6748
386 217
4465 3669
3898 2812
5048 1311
7865 3334
1075 965
644 606
8247 187
1708 1128
5524 3084
9742 9724
4107 633
9714 5783
6913 5385
6328 2344
1182 244
2229 1337
8277 4689
7084 1100
5499 4313
7913 1748
542 17
4779 916
1549 1400
470 125
3576 246
1322 649
2442 1302
6079 2384
5711 3300
3113 732
1573 5
3896 1452
6101 1488
6991 5012
4019 1780
3204 508
4081 264
9431 3410
3937 707
4507 777
9139 366
9393 6358
6770 393
7821 855
5556 2707
2703 2571
8580 4952
4169 3567
630 595
1525 479
8901 1701
6070 1857
2188 1828
3265 2448
3985 3913
326 315
6232 5053
5273 4658
4797 1897
8215 643
7660 1656
9410 7304
9116 8567
2509 2267
3 1
6653 4421
2632 426
4030 2111
1236 804
7378 5163
4897 4053
2830 176
514 43
4128 3030
4220 3958
9144 7394
6816 51
7192 113
1083 926
5272 557
2579 31
2654 1210
3060 2796
2252 2045
7106 4015
927 863
7803 1241
7207 2271
310 179
9421 7919
7497 7237
3819 2964
2280 1126
8286 2742
5082 3243
9276 1416
2217 272
4668 4262
5776 5634
8950 6452
5872 2495
2530 1741
3234 1734
6627 2357
7100 1342
1832 1111
7531 3504
6768 3192
2339 972
1761 1467
7614 3666
7363 1975
5420 565
4284 1629
7133 3070
9265 7908
73 9
2599 484
7032 2876
8076 3739
1850 905
4400 1551
5311 1232
5367 133
3760 1667
2074 614
2785 908
6329 5917
182 135
5947 2425
5895 2869
4552 1630
8042 7573
2526 454
5950 4512
8206 2096
8743 5001
9865 3786
7041 369
9677 2438
5759 2624
2769 1155
710 301
2433 650
6252 2886
1172 866
2545 2046
6334 2232
6968 2594
8771 7781
6393 155
3463 1022
9115 5936
6681 1074
2476 767
5490 2861
8402 3268
2488 1875
9855 4427
2409 2123
9368 2208
8930 1954
8532 5404
714 585
6142 1907
6732 4005
9688 6467
7490 5512
8995 6283
6742 3496
8027 6361
1752 976
3141 25
4000 1482
2981 2175
3684 2024
2037 971
7225 1738
8916 6423
9390 7652
9229 6725
4628 381
807 59
511 448
5993 4722
7784 3605
4286 193
910 149
535 374
2098 380
4509 3200
6606 757
8968 1953
639 601
5772 5336
9365 3533
3698 2569
435 275
1146 211
3457 2301
1471 1181
9102 382
7233 6097
4268 3625
4820 3241
2828 1319
2147 1677
501 428
8562 6265
9977 7907
1252 459
3791 2302
1600 205
4101 2197
9138 3332
2506 2421
6990 558
453 27
424 294
9693 3034
8642 2389
7826 4304
5942 4300
1902 1327
7196 4921
4651 1951
8946 1777
421 365
4949 4229
9228 6622
3217 1012
3011 150
4040 2296
6426 1211
4936 1804
1892 1177
4326 2637
