355
2782 9771
6695 8213
6061 9346
6778 7824
121 4543
7503 9105
1870 8741
154 317
3524 6002
9335 9408
4885 8546
6142 8750
2916 6279
5159 5917
8143 8632
1358 7128
8408 8638
8190 9684
5708 7771
6004 8974
3211 8397
4683 5155
7032 9279
6703 8145
1705 1709
1168 7775
2788 8007
2743 4492
2131 7125
4021 7319
3864 7760
5005 7687
4810 7430
6922 8372
5791 8624
9804 9926
8889 9046
8643 9837
6963 7556
6865 8980
649 4168
4424 9608
447 2843
6318 8770
4845 8996
2209 9041
1806 8097
3499 5942
7076 7471
258 4860
5089 6676
52 6828
4927 8689
8209 9772
3323 4555
7665 9733
701 5117
8221 9791
4473 6645
7040 8332
9477 9678
6970 8915
6563 9696
2096 4700
1774 1973
755 2620
5848 8851
1414 1489
4101 5009
6340 6781
9130 9867
4017 6353
5044 6073
5559 9087
5263 5483
5385 8508
7492 9750
1909 9637
8095 8382
7639 9000
4055 9106
7521 7563
9424 9986
3656 7638
5907 9580
8811 9358
9843 9911
1636 9794
5592 6881
2821 6600
1187 9159
2635 5438
4183 6387
6407 9367
6908 8524
4393 8585
9544 9780
5189 8263
8927 9399
2653 3979
799 9790
4135 6123
2230 9634
4337 8268
2484 9011
1762 3807
5491 9842
6078 7214
5624 8576
9128 9207
8124 9141
3011 5273
1523 4893
4008 5548
8732 8960
474 7600
4912 4963
5918 9214
1674 6867
4374 9155
5494 8521
7262 9295
1844 8114
32 5367
1794 1934
953 1279
9545 9552
9786 9897
6500 7835
5183 8148
8318 8417
8742 9711
1303 3939
6817 7977
3010 5021
7339 8656
9685 9815
3777 5944
2647 3605
3795 6454
7729 8890
1641 2571
3445 5970
5557 6236
7913 8102
837 5533
3696 3751
5928 6855
8360 9097
198 3793
101 6572
2985 9927
2592 3295
4910 8496
3157 6317
2428 8451
9731 9863
4527 8294
8615 9532
9003 9406
2970 7157
9168 9645
2267 4103
7387 8769
967 7061
3625 6907
9732 9866
4082 5136
3539 6144
8928 9348
7576 7858
7991 9208
2638 8449
4896 6102
6150 9386
2093 5665
4745 8296
578 5619
4711 6880
2974 4717
1972 7572
5587 7204
3365 3899
4618 4766
2138 9071
3327 7990
5297 8341
7642 9290
7645 8161
9049 9352
1484 1780
4737 6902
6471 7629
4115 6836
3958 9857
8570 9566
6671 6797
7405 8113
1479 2643
9921 9974
6124 9898
7753 8245
954 9628
8932 9173
5641 5686
5958 8860
363 2013
9086 9817
4664 4686
1790 4228
7251 8077
4440 6524
3599 7011
7466 9023
8228 9945
7212 8587
7174 8241
8786 9339
2850 8760
7633 8994
5996 9385
4481 9896
9746 9907
7009 8727
2286 3436
8660 9167
7409 8274
3404 9900
8059 9935
3965 8465
2031 7746
4977 8827
7063 7555
3294 9496
140 2645
6736 8610
7177 9942
5773 9874
9162 9381
2234 5104
2658 2975
5008 5322
1341 4875
9289 9906
9795 9872
9569 9735
6223 8885
6339 9663
5568 7340
9912 9973
4639 7816
918 2009
6352 7357
576 7592
7748 9394
1010 5986
2322 7954
4353 5091
5871 8158
948 4750
237 8021
1121 2227
4116 4786
525 4496
6863 6990
4894 7622
128 357
3808 7875
4071 9171
1001 4452
122 3735
9550 9616
7025 9494
7202 7680
5934 9555
2898 4621
1496 8350
3697 9667
2546 6106
6697 9507
9267 9916
783 6668
2925 6015
9331 9600
1165 6520
423 7424
1640 3768
5526 5993
1606 4988
3131 3219
5819 6796
47 1903
3146 9405
5018 8106
4332 6254
804 3161
4605 6953
5556 9221
3485 9131
3361 5782
2578 7699
3762 5251
2559 7283
7026 8606
1669 9103
8503 8940
1089 8623
1883 7149
4192 4557
5167 7509
4446 6126
417 2599
7084 9683
9393 9573
8259 8438
8819 8954
5723 6258
4586 7647
5821 6149
2514 3229
6548 6854
1257 5356
510 8250
4124 5709
9478 9548
4520 6799
4903 8678
227 9180
1101 4626
3961 6121
6605 9578
1172 3772
8888 9224
7488 8637
554 8483
2284 3629
5784 6462
1446 4328
7575 9100
2828 9976
3249 6327
7764 8027
2237 6686
5595 6547
7223 7964
6368 8313
2098 3955
3781 8219
3716 6298
2949 6988
5828 6876
393 3839
3260 4054
1454 8453
2667 8710
161
2837 914
1823 476
3491 1354
4226 1481
7186 642
1572 326
5657 1555
8029 7134
2232 1234
8514 1255
3286 2075
6464 1110
9671 8592
437 8
6433 5203
6209 1769
1246 186
1443 149
5207 432
7798 3097
3004 1251
6080 4434
8990 6346
4628 1366
1673 905
8780 2874
7502 3874
6765 414
1320 424
4130 1147
5486 4230
8551 4490
3160 3116
9240 1901
1466 1158
9850 5790
7906 2509
9816 1129
8252 4435
688 229
7431 5281
8485 7714
5663 2978
3964 3104
2044 974
9689 5450
7335 1375
5777 3199
518 267
1247 1243
9564 9227
7140 109
5148 3847
8516 3545
6307 1189
2838 597
8590 3922
6438 3438
8439 7065
2464 695
5910 1906
6607 4822
5359 4389
5357 5279
1577 714
3700 2926
9051 2469
5007 2090
6525 4148
5602 3471
1575 725
6380 243
1468 1104
6945 6056
456 46
5103 3463
9278 9201
1284 746
159 36
40 34
2124 1950
5237 2476
2769 1714
5399 573
7000 3008
4462 3544
1407 50
4007 665
6109 4173
4771 2354
548 231
5016 1758
6463 1215
2451 103
9873 2589
8181 3547
2176 850
2582 1280
3980 2896
1828 934
2907 1506
3101 1476
7365 4698
8005 1051
749 676
3269 1729
9125 9116
8510 5476
4758 2139
9459 791
3166 1628
5995 1125
8476 1398
4674 2859
2345 753
7540 4620
1613 770
7303 4805
7301 1272
4901 4743
3422 558
341 222
9336 4267
8952 4929
7768 4715
3977 2384
5052 1821
892 710
4984 2871
7744 4955
4154 3137
7120 879
9593 6249
7742 6732
431 298
4261 2555
8957 7528
4946 2182
7086 4469
6660 4180
2062 1296
3575 923
3668 600
4170 1470
8814 4510
5429 320
9840 3047
5305 2627
5788 1924
404 290
5496 1839
5727 2876
2813 765
6068 5364
2624 2605
1634 1517
4974 3826
8531 5816
1323 898
129 62
4211 2865
