259
1889 4795
3789 4329
291 1799
3009 7802
7602 7790
8605 8659
467 2374
9008 9284
2706 7041
7787 7970
4671 9751
9842 9928
5355 9633
469 8394
7900 8481
3505 5190
2693 8581
1892 8965
8808 9590
4446 8610
8080 8459
584 2025
2412 9231
9725 9923
683 2784
9116 9911
3176 8681
3215 9126
9545 9551
5758 6952
6485 8994
8444 8646
4892 8638
2274 2496
6986 8926
4554 5347
6980 8039
5221 5399
533 4340
6731 8335
2599 7137
9082 9723
2620 3929
1744 5857
7202 7460
4973 8254
5882 9049
4382 9619
5606 9784
6408 8629
4673 7221
1113 9995
1287 9480
9101 9431
1654 6769
7511 8127
91 1442
6444 7633
7967 8898
9371 9447
1047 6808
2852 7643
4492 6495
94 2219
8679 8962
4540 8884
1093 2897
1740 6744
4366 7331
435 1288
9748 9807
130 2625
3379 5862
3209 9191
3958 6493
2161 4022
4063 6422
9707 9722
8391 9731
2344 4477
1039 3242
196 3703
100 5744
6406 7104
874 6940
7393 7433
908 8331
3150 7665
5943 8731
6153 8934
4425 5187
7070 9857
3966 5687
5309 5551
2105 9945
7491 8277
4557 4710
19 9513
6438 7128
1695 5826
373 1316
3214 8535
4955 5405
875 1754
7939 9916
1114 9219
8167 8887
6829 7362
3601 7385
3271 4191
7149 9940
8885 9172
6811 9014
6910 9510
8701 9851
6302 9411
7825 9251
7501 8020
5708 9531
7816 8528
4998 9032
7442 8690
3556 3595
9402 9414
6067 6854
8104 9109
5872 6546
2904 7216
9294 9524
8872 9179
1060 8996
1789 3116
627 8297
9225 9863
9438 9937
8022 9040
4901 5522
7573 9689
1439 9816
735 3752
2427 5446
8514 9956
488 5088
3166 9732
4775 6133
1001 7903
5040 7503
6425 6498
9102 9912
3583 5742
1657 9178
4748 4877
979 9256
6741 8911
7357 8625
7316 7723
7092 9442
3378 9333
4619 8721
8065 8883
6685 7063
761 7694
8452 9350
3568 8710
1424 8448
9659 9699
7801 9921
5579 9541
2042 8223
5300 7360
8588 9398
2163 2612
9546 9895
1221 2519
3347 9785
8719 9969
4061 9453
5563 8027
5424 7043
6214 6334
644 6656
6911 9194
4636 7403
5200 8212
5147 5710
2098 9157
6428 8330
337 1099
9881 9972
8724 9705
3661 7637
9730 9760
2476 3296
6198 7286
1976 8271
7770 9495
3940 7424
6496 9058
5839 8055
411 6083
9622 9934
6362 9457
6501 7060
3956 9571
976 7628
5950 8407
4682 6304
5851 7589
3079 9430
7519 9815
9093 9168
2947 3545
4302 6610
1076 3678
8987 9805
6569 7779
3963 5343
230 3299
4328 6342
796 6182
6197 6644
2173 9996
2432 3055
8010 8796
3523 7868
3723 9410
2094 9274
7169 7876
8321 8346
6104 6166
4351 8276
6971 7879
9690 9862
5176 9351
1090 8196
6514 9757
734 3805
9035 9865
5884 9538
6351 6752
5964 7654
2965 5177
6624 7116
4588 9461
6287 6954
5392 6196
5401 5769
3326 5722
5545 8984
1781 1828
3038 8224
5416 8933
5148 8482
5716 8966
9250 9559
9752 9909
7924 8094
1021 4707
1974 9781
5
3967 3452
4615 4521
2231 54
5240 3374
5408 4301
