676
1225 8937
7130 9807
5459 5511
69 9779
4606 8980
4327 9158
4634 6101
525 4990
6690 7524
3716 5706
1224 8358
3414 3909
3580 7736
8885 9873
1463 4602
1247 3823
3085 5536
4663 6752
607 8403
8509 8665
8113 9629
2121 5953
4715 7770
2422 8355
6655 8855
6809 9475
5682 9393
2448 5799
3869 7759
8996 9832
3875 8268
6220 8392
2177 6471
8341 8940
6928 9967
1683 5638
3131 8089
5292 5772
6788 9435
1293 4652
8614 9141
2989 7480
1476 7781
3975 8780
7396 8095
3784 7550
5832 7366
9614 9647
1406 9262
7749 8098
9628 9843
5583 9121
7621 8708
9379 9906
972 2420
9505 9932
2087 7387
9320 9936
5175 9597
6802 7237
8702 9375
5198 7579
6808 8651
1309 8691
2730 5289
9234 9969
9157 9933
5740 5750
1135 1982
2575 3182
4845 9710
3000 8069
2407 9331
6137 8554
3576 6871
6772 8260
4168 7518
9596 9694
581 9283
998 6046
2891 6981
8356 9508
4357 7163
6794 8460
1103 5993
3278 7934
8880 9790
3250 8892
7911 8426
645 3361
1988 8280
8372 9777
5247 7187
7037 8872
6817 8302
638 1900
6846 8004
3891 8645
2433 7937
9410 9543
5555 9735
3908 9962
9150 9953
6811 9249
514 3340
9030 9324
726 6261
4762 5347
8806 9447
2408 6380
1698 2430
661 8252
9544 9555
1297 6567
7584 9424
3687 8466
6388 7936
550 7707
9965 9978
5612 9669
1578 7684
7214 9309
2771 9427
7897 7902
2812 8413
3847 9797
3862 6941
4071 5205
5101 9354
4041 7727
4073 5409
8361 9329
3272 5932
4701 6796
9425 9431
5509 7228
4775 9664
4142 4478
747 9886
3768 5272
6614 6882
2580 5166
9861 9980
3357 7286
6993 7273
758 2966
8383 9689
3341 9946
7433 9798
1358 4505
4625 9619
4844 5458
7831 8245
6820 8057
6005 6742
9697 9714
5269 7746
9651 9693
2603 7016
4717 6247
8558 8934
9452 9571
4336 4692
308 1948
4331 7763
4629 5616
8489 8731
6653 8893
2733 5009
9160 9911
4412 5505
9218 9730
4277 7972
9274 9999
8414 8560
5453 9868
658 7556
7571 7825
7430 8659
57 5958
5238 5576
8589 9684
7121 7323
2787 3646
898 9951
2617 5641
4106 7462
6446 8784
9763 9829
7596 8646
4870 5892
6825 9939
9904 9979
529 7623
6674 9674
3095 7173
3243 4719
1546 6925
566 9002
5224 8056
6870 6955
7267 7400
7510 7756
203 7586
4442 6951
6449 9051
3027 8331
4540 7806
1333 4085
3621 6753
8868 8971
7262 8763
8370 9536
3966 6537
2927 3310
7159 9553
1025 6827
4861 5678
4565 4667
2563 5844
4760 8221
43 3773
5286 5683
5983 6562
2052 7376
6394 8699
7703 8081
8705 9709
8634 8657
5625 7516
9108 9538
8161 8437
8336 9110
9017 9476
3676 7092
3143 4049
6257 8454
4449 5980
4209 7968
5598 7031
4983 9916
8380 8402
7599 9726
9654 9707
2718 6079
9343 9665
3444 6448
268 459
6160 7336
8306 9199
4358 6397
6070 7876
5669 8709
1366 6818
9098 9336
4471 4985
3332 9071
2289 3378
4541 7974
5757 6892
2292 6032
18 8462
4040 5866
2680 4527
2368 4562
8867 9992
1277 2700
7646 8279
6376 8635
1672 4813
6669 7486
3068 7641
6942 7152
7880 9062
3986 7435
9601 9671
4405 4616
2941 5859
8671 9124
3648 9142
193 7977
8016 9884
2169 5743
4804 6902
7249 7929
4472 5313
3279 7961
4747 5542
4208 9146
9495 9587
1689 9096
6516 9007
7022 8869
1292 4586
4247 5191
8074 9298
9704 9821
9217 9655
7401 8777
9195 9977
8874 9191
5791 8696
6248 8197
2186 3780
8281 9547
4340 8508
5420 8668
2605 7729
6301 6579
1516 4267
3207 4534
9640 9817
9462 9883
4756 4841
3540 5208
5135 8395
2406 8750
9975 9982
1938 6477
2002 6183
1729 3042
521 6544
3522 9673
1737 6862
6249 7844
2936 3805
5446 8677
6145 6199
4193 4474
9202 9595
132 4080
7671 9401
8752 9803
1565 7030
7924 9353
2687 8486
8027 9585
7057 9783
215 4968
4406 5552
966 9134
3070 3611
2334 6736
8950 9522
38 5392
1647 6534
6645 8534
7950 7983
5169 9208
6234 8181
4488 4548
8816 9003
7735 8572
1920 4468
5917 9128
3478 5321
5029 6865
6757 6924
7234 9633
5187 9417
5184 9659
5401 6040
4496 5856
2486 4975
7928 9750
4962 9989
933 3079
9870 9966
4737 6898
4215 7384
4827 5437
6891 7622
7637 7952
3705 8294
2439 5987
7405 7858
7362 9048
6173 6954
2604 4243
3661 4867
2669 2992
3550 8120
7859 9079
5090 7132
130 7219
962 4048
1352 9958
388 4458
6976 7797
1485 2122
248 6996
2416 8969
8524 9524
9399 9885
5825 5927
2064 2230
500 1766
526 8935
2228 6379
2362 2743
6590 7227
8805 9442
6179 9806
6297 8393
7505 9407
546 9297
8695 9778
2783 9396
825 7830
8765 8798
693 6054
2523 3510
9737 9865
8327 9579
9011 9392
1930 5852
1101 6677
913 8190
1569 7307
4343 6163
4422 6946
1330 1510
541 5255
9074 9186
7046 8788
1087 7146
7168 7473
7819 9496
7758 8469
6702 9101
7853 8496
5545 7738
2948 4710
9492 9549
4904 5304
6208 9454
3799 6332
644 7708
6519 8989
2871 6300
7345 8903
9855 9920
7073 7903
8871 9029
1997 8338
5813 6795
3572 7588
8984 9484
6335 8397
6252 6897
8866 9851
5102 9565
7502 8916
6320 6411
7512 7887
9757 9759
1587 7740
8720 8781
8002 8207
8451 9650
3201 3895
3040 5720
7225 9197
1969 2182
9089 9701
7481 8493
4326 8340
6246 8576
5052 6705
6695 8369
9377 9941
9304 9908
1774 5043
9862 9875
1250 4764
4370 5308
8023 8209
4531 9406
3110 6281
7335 9205
3963 7071
2695 6805
4390 6607
2485 3311
3188 3352
2560 6011
5907 7835
199 2870
9791 9960
1137 1298
3743 4029
2250 6420
126 8620
982 4207
7786 9338
534 1514
2346 8883
7710 9337
5755 6485
2211 6180
8853 9018
3712 8876
6634 8588
9772 9895
3103 3507
9569 9993
6175 8449
7189 8328
4683 6670
4885 7309
6389 9766
29 7821
553 3276
867 5559
2008 6019
5886 6140
3953 9788
7726 8505
1848 7001
3281 4998
7084 7695
4236 8350
8901 9125
4917 5243
6303 8807
2745 6718
7490 7499
9220 9276
4943 6098
4649 7161
4298 8882
6535 9237
3314 8895
156 7557
993 8478
9518 9622
7185 7394
8917 9611
1720 3666
6550 7371
8422 9286
5137 7990
2386 9200
74 2138
5107 5220
287 6672
6626 8965
1817 5379
890 5168
5946 9115
6807 8847
4854 7274
3453 5336
1328 5270
640 7712
124 7699
133 3834
7771 8621
9976 9981
4169 4676
7453 8482
6182 6203
5182 7364
3600 6868
2198 5735
9734 9901
3446 6936
1095 9923
6919 9069
8028 8728
8206 9221
8826 9005
2462 4241
3732 5084
1437 9022
4831 6454
9423 9782
4032 7804
1105 6806
1727 5405
9219 9608
5695 8526
4180 9800
7011 8450
6304 8938
2458 9403
7289 9341
1633 8506
4592 8545
4036 6501
5909 6267
9033 9583
3751 9805
6704 6851
7733 8377
3530 7158
4544 4877
1443 6876
2802 8189
367 6879
6917 8488
318 4063
3284 6994
2610 2990
3237 7817
5514 9615
3008 3706
5068 9937
1371 9720
7429 8298
5522 9747
6178 6305
371 6001
8491 8721
8178 9620
9721 9925
8348 9556
3971 6467
6949 6980
4604 8307
3162 5497
9080 9688
2967 7052
9064 9264
6443 7082
6018 6321
5020 6370
608 714
1836 3846
1 9085
3056 8474
6100 9695
7678 9934
3125 8570
5132 9848
6290 7611
842 4516
1369 4202
4638 7857
324 4799
6722 9325
7306 8421
3443 8363
9355 9849
1788 4932
4745 9765
7692 7762
9097 9732
4795 5689
6169 6365
1815 6945
9997 9998
9846 9894
1167 1888
6433 9756
3515 8458
4415 9176
8184 9761
7874 9841
6478 7685
4132 8567
5685 5893
258 3575
1100 3370
2359 8985
9679 9692
6195 8050
7572 8658
4022 5142
7818 9078
4789 6564
5356 8823
1280 2426
1858 7629
8240 8743
2786 7901
270
3457 2414
5325 2829
1881 1646
3866 1607
906 160
675 10
2393 220
6517 2552
7054 6499
8760 417
3633 1855
9527 5498
6114 5467
5344 2474
3427 2529
6201 1950
6998 2688
8043 4426
7904 4026
6813 279
2586 178
3231 1004
1143 85
3241 1178
3452 386
977 790
8410 2553
9087 3183
1470 539
1779 694
3696 2924
4421 185
3305 1321
828 325
602 505
1759 1580
9634 8956
893 653
3491 2555
1747 226
3686 648
2000 971
2298 1490
563 31
2240 1355
7212 5079
646 332
2813 238
3812 3468
9529 2859
5164 797
5396 1287
4554 49
2277 1482
2435 1242
7489 5366
6793 5881
7898 4960
1782 485
6832 896
3463 883
1753 1389
8787 1452
454 398
3135 1826
5721 2855
9646 5593
419 348
6086 97
1989 1678
1690 333
6666 5230
2684 696
2469 2319
8794 2135
6789 3383
6373 4677
4086 3142
1175 45
958 211
549 400
9179 2306
4365 113
9016 79
2862 1934
5775 4759
8602 5887
4349 2532
8569 5850
4574 2886
765 207
1740 789
7343 6598
5122 1939
9444 9307
9874 7824
5795 3283
2689 2145
3050 365
6230 2336
9327 4017
3677 2836
1104 632
4736 2803
5798 141
8021 6324
186 63
522 437
9070 5046
1549 1001
4054 3560
6155 755
7012 4593
5471 2981
969 677
6987 4647
5733 4350
2434 1960
7009 5621
6091 1345
1272 200
2535 345
5297 2980
5174 4888
1767 262
295 16
7139 1630
543 272
569 430
9107 5658
2883 1983
1520 1007
165 102
6480 415
2093 58
8578 5746
423 353
2137 1979
3703 3470
9677 4396
8440 976
4981 1315
9464 940
6665 2136
3941 3481
3416 2832
5737 937
1661 1398
1314 468
7800 7392
2823 1303
4099 179
772 361
3038 1859
3269 2944
1467 1274
849 298
2055 2044
4068 684
2908 222
4172 821
4941 1595
4644 2522
8751 8623
914 54
4564 2082
104 37
2691 187
6407 2709
4866 1339
6967 3273
2297 979
1132 707
5160 629
9552 1831
3014 2051
9131 3764
2309 1142
7854 2772
5352 511
7895 4484
7843 830
8888 4822
7742 1384
4222 244
8149 3377
354 41
5870 3534
7070 6583
1222 387
3952 2129
1198 774
1918 1870
1070 65
6503 5294
6866 4999
9572 6237
9928 5371
23 12
6937 1273
6979 6691
6131 4179
1182 1177
1448 577
2347 594
627 51
6737 3525
5562 2679
1602 720
899 560
5790 2820
227 14
7050 4072
499 443
96 55
8381 8256
8766 752
6302 1248
9491 4198
854 189
9567 4081
3274 99
4013 2779
7126 5624
6997 3957
5754 5216
9156 2296
116 93
6345 1849
4314 3965
7939 5077
7243 4125
7893 4454
8032 698
2780 247
6662 5260
9490 1970
9593 1267
7606 5525
1221 27
8759 4360
5948 1819
2544 1365
5190 2117
1477 1438
2827 2333
5075 1202
8611 2086
9576 4113
2357 313
4777 304
4097 2633
7996 4731
5805 4362
7910 1489
6263 1641
8655 4537
1290 1170
3978 2504
60 13
467 243
7153 3731
8906 8267
860 557
3790 2549
1051 347
2668 2015
3637 3598
4060 1508
1936 1367
