415
4686 9927
7634 8330
6110 7863
6953 8650
9629 9687
9739 9756
9977 9992
3216 7593
2643 5295
7878 9945
8807 8833
1198 4038
4885 5536
4014 9177
9233 9459
6879 9913
4513 9273
5228 6308
4918 9838
6606 8480
927 8406
3892 4936
3877 9246
2259 6917
75 4361
7106 9144
6753 8326
9581 9656
4754 9610
1880 8721
8394 8817
2463 6475
3404 6405
6277 7330
2365 4996
1705 5768
723 5881
6701 8276
7041 8883
1987 8140
8443 9186
4472 9289
848 5157
3303 8692
2212 4923
467 3275
765 1268
1948 2519
2190 8667
897 9878
1258 1455
9475 9651
4180 9137
6374 8502
206 3583
6509 9387
9399 9449
4491 6746
9538 9861
5263 5495
9235 9426
3185 3581
2079 8827
508 3200
4813 6376
3891 8749
3228 9567
1954 4203
8953 9394
1421 4428
5389 8822
8651 8949
3291 8444
3503 8457
7192 9215
6460 9733
6760 7646
5470 9366
8214 8683
6738 7834
2982 5816
9380 9750
9076 9821
4601 5053
4372 6637
3415 5537
25 347
8732 9566
8563 9870
2454 7011
1674 5838
3591 3713
7236 9063
4468 6624
8585 8940
1414 4036
4273 7235
7420 8908
4068 5103
8988 9005
772 5479
9349 9489
8190 9804
5156 8212
6227 7433
592 2437
4386 5950
5332 9597
3952 6306
8917 9884
2640 7788
9619 9881
2224 8044
638 2263
5039 6459
6758 8133
7094 9972
5791 6556
5413 9109
3594 7572
4027 5559
930 1883
2602 3447
3907 7673
6034 6849
5012 7457
1568 7112
9932 9959
6583 7786
820 1400
9615 9794
825 2680
4622 6618
6219 6382
8282 8624
734 7753
3045 3456
3881 6757
1476 8531
260 1028
1144 7168
9046 9352
1349 7961
6929 7697
4138 8974
4340 6903
2957 3611
5930 9876
2490 8726
79 7083
9336 9368
5807 6287
6783 7464
5456 9213
814 9512
9843 9919
9295 9374
1065 4881
2538 7882
9080 9338
2768 9904
2309 4110
5373 7755
350 2722
3769 7394
112 1613
2492 5524
3983 9083
7608 8518
3910 4612
5602 7015
2383 5554
587 2134
3479 3852
6188 7162
356 9970
2770 9125
6193 7074
6568 6713
2534 9461
4258 9862
8103 8459
5163 7115
6207 8121
5426 8980
644 8671
7284 8716
1684 6679
5433 7470
3388 6403
3916 6512
7793 8093
4495 8227
7147 9077
5712 7383
485 1856
4790 8004
5887 6393
5150 7071
2350 4590
1438 8205
7887 9645
4096 6180
1394 6421
9094 9628
4714 6858
3684 8699
4922 7223
8845 9692
3488 8864
5823 6246
5989 9496
3629 6588
6710 6941
7809 8824
2887 9611
7033 7805
8379 8587
661 8172
1218 1374
9043 9931
4094 9340
8170 8237
3835 5668
8157 8710
6560 9017
2514 9157
3128 3390
3976 5207
8146 9183
6715 9134
3937 9564
288 5841
6203 8055
7674 8569
6989 7852
5744 8403
4795 7641
8578 9507
9015 9822
8272 9759
8417 9494
2362 4043
3108 4342
9563 9811
1558 8313
8537 9231
4282 6784
9830 9980
9498 9706
9842 9922
9281 9491
8419 9375
6774 7379
9859 9983
4728 5523
5056 8966
6764 7955
3274 4314
7653 9220
8619 8653
2163 4815
6491 9926
6663 8781
9717 9846
5659 8043
7278 9342
175 7928
6333 9700
4126 7812
3816 9114
8592 9455
3051 4888
5145 9255
6355 8307
1522 6094
5335 6360
5582 6042
527 9857
3422 6712
1721 5323
1488 2294
3981 8784
3009 3368
832 5144
3498 9470
9899 9998
3638 7494
8464 9195
4800 8821
6017 9127
4496 5041
5382 8565
6818 9242
2247 9894
6841 7393
2687 3712
4984 7185
3815 9907
6914 8130
331 4545
3542 7310
6958 8684
4808 6335
408 1471
9116 9638
6081 7810
2281 8470
6900 8050
670 7925
7423 7438
9720 9956
4329 6570
1679 7913
4305 7782
3530 5576
2303 5328
8793 9492
7344 7777
1362 2093
5219 7881
5153 8234
1691 9974
4304 8577
7439 8705
1006 9929
6090 8484
9422 9513
2239 2994
1720 6535
7931 8843
3459 6148
9457 9819
1460 7705
6022 8962
6755 7773
3315 6478
5929 6815
9360 9852
9634 9732
7179 7621
9053 9313
4419 4452
71 5006
1549 6074
2862 6396
2908 4000
883 7288
9296 9702
1813 9671
1077 1616
7555 8507
3329 7173
8959 9027
8499 8960
2756 9482
2658 3381
3276 5271
3312 3980
2913 4748
1895 5903
4985 8340
2473 9784
6025 9827
2743 5629
595 9979
1315 6326
275 5423
6039 8067
2471 4233
7799 9092
5204 5367
3133 8186
2619 6482
4052 6445
21 6175
1563 9639
8659 9105
8810 9301
3225 8279
156 1066
1494 8382
5458 6262
1254 3182
784 7670
6389 8831
9439 9790
799 1725
1685 9320
5258 5269
1821 6829
4143 8931
3187 4333
2958 5509
8508 9111
1824 7906
8790 9557
1321 5907
7046 8147
5160 7375
740 9194
1344 7719
215 228
4347 9914
5628 6283
1731 2612
2614 7200
2338 7211
230 2668
2760 4597
6545 9337
5617 9632
3624 6432
5641 8080
3017 9910
138
8106 139
6198 5450
2666 1957
8967 4001
2750 2153
2167 1401
4863 4587
8617 3035
992 440
9269 5383
6448 5455
4132 3152
3973 3472
7349 6057
3660 480
7376 5424
8362 6240
7599 7562
7055 3362
2425 932
7853 6067
9199 5457
4515 339
6011 915
6215 3082
3437 2584
3495 1918
7354 666
7174 227
5874 44
9612 3183
4463 1466
1135 357
1353 1201
7857 7351
1548 749
7650 6452
3941 1372
9345 7963
4586 3502
7979 6593
1829 606
5298 1639
7554 2509
7492 1973
8353 1298
386 23
5844 2828
14 1
3460 690
3106 2590
1993 1888
1090 375
9365 634
4649 3258
4762 1726
8804 568
2969 1266
3164 1636
5093 270
8925 2686
4290 3217
3213 1864
8985 4212
8834 7997
1323 761
4439 231
1845 1143
3391 3043
8575 6179
6249 2324
411 185
4716 1527
109 63
3859 1008
737 653
1442 1333
8647 4158
5861 1320
9166 3887
4363 3030
757 77
7996 2869
3290 1092
2855 2286
455 349
1927 1025
3885 2790
1115 313
3471 449
195 167
6404 64
5726 5173
7338 6846
2630 1696
7696 5312
7042 5466
7405 1991
8195 7326
3682 438
8284 6781
9112 5197
4403 1224
6388 2181
6664 2621
1416 122
1937 1432
3873 60
6859 4710
2489 1677
129 73
952 612
7256 6273
2555 1022
2587 2043
5235 2824
7197 942
609 398
4425 102
1153 739
8377 5750
5690 3510
2949 2009
2821 2231
4876 1228
8211 4346
5743 5254
6530 3588
1509 1342
7098 3197
4970 4701
4873 3631
9596 3618
5377 4152
9257 3774
6232 2392
1216 957
76 10
