376
8386 9028
2001 7157
6670 7799
6391 7713
1232 2936
5241 6210
891 7909
7330 9980
5515 7004
6910 8127
8087 9823
9890 9910
2472 8952
6290 7684
4747 5402
6056 6268
4777 7886
9106 9736
9060 9257
3245 4726
2401 4157
1260 8507
7914 9357
1544 9421
6312 7291
8498 9935
6734 8934
2041 2137
7948 8736
8981 9345
3061 8779
7450 9718
2804 3283
7452 8133
360 9144
3783 4443
4123 7583
363 3071
8642 9990
5075 5763
5832 8804
8524 8619
9460 9836
4693 7234
1597 2104
6630 6679
3747 7245
8509 8666
9904 9971
6541 8863
7989 8908
4218 9198
9468 9730
5557 7578
266 2586
5799 6647
1337 1804
9346 9733
6721 8300
960 9293
806 4352
6330 8436
3326 8053
8613 8986
9408 9727
8742 9655
5915 7790
3136 4656
9843 9874
8367 9950
5897 8964
4009 7775
5422 6400
3140 4857
5498 8115
5221 7704
8713 9274
2867 8360
9173 9623
9892 9986
3504 9226
5917 6504
1807 9639
6945 8092
4745 7921
3501 6184
7631 8245
2403 5203
2180 7228
4819 6419
397 6840
6666 9541
3139 4441
2739 2955
8783 8854
4873 6863
4154 6722
6920 7204
819 1425
9063 9801
5863 6173
5145 7679
7196 9757
4300 8525
8240 9204
4338 9431
8270 8803
2526 7337
5567 7732
1245 6313
1930 6556
523 5319
5670 8169
3393 6987
5213 6530
6114 6618
4115 9052
8293 9767
4166 6492
170 3540
5537 6273
5836 7272
6001 6973
9895 9913
5851 6731
1758 8953
9850 9859
9824 9909
1046 9862
1607 3553
4530 6514
1670 7840
783 6335
8062 9646
7240 9380
869 5924
9741 9751
9731 9898
4087 8753
1422 9294
8705 8788
4653 5335
8591 8741
4426 4982
5544 6061
3302 7470
9462 9479
5250 6336
5489 7021
281 5286
882 7627
3101 5351
4727 5219
6615 6828
5469 7616
3570 4410
1982 8320
808 1558
2427 7902
308 4453
6434 7156
1159 2687
6736 7520
4088 8602
5946 9851
3463 4941
3859 6485
5535 9480
5941 7162
7650 8987
909 9811
4128 4188
9529 9867
3105 6678
3685 9192
4607 5354
5751 8638
3737 5697
3317 9732
7363 9169
6535 6994
4427 8066
4713 5727
8117 8447
757 3367
6457 9897
1905 2129
6872 9628
8758 9450
61 2698
9361 9869
3184 5365
1953 2286
3004 5310
6189 8276
684 5694
4245 9184
5628 8891
4021 5123
6580 9549
2488 3587
7370 7608
3502 9289
9972 9999
722 3369
2910 5027
6094 7086
1674 2217
1284 8170
5809 6935
8690 9473
3408 7192
3377 3765
566 6258
5317 8609
5063 5627
8196 8347
7425 8517
2227 8352
553 7463
8924 9778
2193 7010
1562 8489
3931 9768
3039 7278
4924 6186
3446 6018
7824 9432
7164 7544
6115 9162
537 8089
1194 9020
6788 9740
5758 8624
7592 7946
8200 8662
1393 5065
2764 3897
405 2833
6168 6606
169 933
9301 9651
4036 4089
6668 7147
6849 9984
1450 9381
2066 5481
6362 8192
885 5330
880 4240
657 4890
8646 8726
9158 9507
280 1938
3143 7832
5614 7932
4960 9073
1003 2683
1549 7723
6436 9764
3453 9510
3766 5529
8888 9324
2257 8420
2025 5675
2383 4030
2845 4045
7535 9660
177 4272
5923 9964
3349 4735
1757 7554
7695 8071
7239 8044
7780 8572
3643 9372
481 4228
1384 4385
8419 9406
215 6441
3097 5546
2780 9424
378 6842
2097 9497
4135 4878
7537 8202
626 4142
5210 8858
7444 8899
2106 7513
6753 9858
1353 1677
4627 9968
7768 9295
3482 5870
7633 9723
746 5423
727 8703
7482 7527
8695 9735
2652 5502
2567 7294
1627 3202
390 9880
3167 3789
7986 9722
3658 5273
5324 8102
5993 7573
4520 7924
6757 8506
5464 8676
7487 9932
5110 9548
427 4334
3065 6014
2673 8045
2003 7602
5582 6153
4842 5490
9788 9945
6019 8789
4678 9090
9963 9975
4744 5581
8604 9678
4613 7604
7336 7659
4702 5020
1914 8323
7782 9844
552 6983
1288 1731
2009 5770
901 5445
1821 1997
9351 9558
973 8306
3457 5405
6880 8549
1966 8462
5267 8833
8839 9620
3207 6538
9923 9961
3054 3138
4703 5686
7280 8438
6695 7999
7316 9057
6498 8155
8132 9962
2239 9728
2222 7957
3964 9211
6725 9516
2134 4230
2309 5750
4202 4435
3438 4197
5180 6616
5430 7036
4939 5259
848 9564
5911 7477
2470 7377
229 2805
1837 8316
1965 4456
567 1805
1765 8377
2102 6259
4591 8001
5052 7836
8782 9022
8696 9676
312
2932 1690
9418 782
1456 899
5186 1490
7277 6270
8832 598
108 8
6046 1517
8315 7244
8785 896
1535 1421
6113 2616
6004 4989
6245 270
5323 4082
9538 8896
9566 4340
9071 734
7508 2128
7371 505
6947 2951
2287 1351
9177 1109
7199 6415
5518 980
8658 2528
8176 5450
7068 6579
139 48
4311 3820
7875 4788
1318 867
7606 6411
7911 4258
8578 4487
7839 5781
4738 3174
107 53
2870 2419
6280 1030
4980 3456
3578 1608
7353 2733
7392 709
5348 3639
4477 279
1369 918
8930 1661
2191 1976
4993 3960
2260 82
3012 2026
4147 1632
6287 3905
4588 4271
7828 1139
6040 57
5690 3811
1092 1006
2230 1548
1137 543
1885 1186
2045 1321
3344 715
6599 4373
3297 1923
5683 1600
644 362
6774 2496
4411 2290
1334 1117
6206 2415
8590 2632
7081 3254
43 6
8081 5133
4467 3327
1105 102
2834 1990
5606 858
6309 2650
6269 4554
632 382
4973 2094
6523 1185
9673 2252
4837 4398
6728 3879
2494 956
4401 1327
4710 1979
5538 1593
8216 1022
1230 1077
2354 1887
1308 457
1947 98
8104 1287
5292 2029
2331 1934
5143 5105
7150 253
5168 2219
1371 232
9045 408
9506 4079
1024 710
159 110
1542 577
5661 3324
6506 335
3355 2710
9807 1050
4263 2605
29 17
912 23
2539 168
7603 5208
8461 7097
7350 5625
3286 3227
3715 3300
5961 3163
470 185
931 500
227 121
6747 4462
9427 7361
843 725
2811 1029
1771 393
5560 22
3405 1392
7582 6787
7334 4556
6868 3491
9855 7897
8434 323
6469 714
9868 9555
837 762
6136 4540
3119 2293
7873 1145
5199 1035
3334 1967
2706 2697
4038 3033
558 246
800 234
7161 4787
3625 1728
6044 1315
8866 15
9951 5166
755 692
883 76
7447 2521
437 268
406 58
6697 655
6912 4623
7064 3740
1888 249
9657 4594
7763 1859
8958 1598
1626 654
8274 6617
2448 1928
3669 1372
191 64
8615 4460
445 277
4376 804
8831 7128
2543 1846
8119 325
2991 193
1361 1000
4360 2582
9037 3551
9598 1891
1714 895
3800 287
9579 4743
2873 716
8797 8232
5753 3210
4062 165
9248 8266
3979 2675
9290 988
5195 5117
3550 602
7698 648
1735 1699
7376 5404
9561 8094
7478 5597
4412 2724
7125 3779
6584 1808
6472 1088
5592 4113
964 376
9556 2909
6449 3571
7974 5457
6295 5051
1944 1071
1968 879
5460 3407
391 55
5269 696
4625 455
5017 2965
65 56
1143 921
7271 5698
4552 511
743 251
9782 2770
6314 4320
3668 347
5194 3662
631 583
7729 237
2925 1635
4835 141
9026 5774
4699 1198
8161 2880
5146 2560
5738 2312
3445 2956
2237 132
4770 2393
1797 1594
1417 477
2318 1736
8483 5795
2743 581
9797 6165
5390 1441
3982 2621
2179 991
9808 3058
9900 2178
8259 4694
8201 5487
2800 1524
2169 1783
6700 1222
6814 2864
146 20
2274 430
3278 1700
6651 2057
321 118
6905 3823
8917 4847
4503 2843
1617 639
36 25
7656 5980
8069 3955
9174 7658
11 1
9463 2116
2990 557
1038 366
5214 2249
6603 1257
5318 84
7846 7252
5871 561
4764 1660
1493 1339
5790 1446
4854 1347
4578 2883
1924 91
4313 3091
3735 737
8740 823
5096 3995
2563 2113
6957 810
7903 7284
4893 686
2720 1313
9268 6559
8567 5193
7772 1904
4017 3376
3295 2704
503 310
8898 623
1682 1268
5722 375
4490 1654
7495 1010
2823 2512
4673 2754
4016 1160
6663 3427
850 703
3908 274
1863 860
1241 592
364 263
