297
6293 7959
3875 7895
8517 9057
9439 9587
8845 9841
7280 8993
2579 9515
9975 9996
921 2708
3503 6174
5646 6512
4811 4823
9984 9987
7438 9267
6203 6443
4145 6638
2494 9442
2414 2416
669 6571
303 4442
957 6483
6254 9126
1693 8799
4841 5029
8156 8448
4711 5881
2644 4535
3884 8887
137 6725
3140 3611
7221 7928
2672 3850
2917 8617
7860 8024
5053 8345
3928 8104
2179 3315
1210 3128
6032 6778
7482 8558
7778 8504
5516 8735
8751 9279
7791 9622
7905 8907
1739 7808
3538 9564
6036 7305
8369 9196
2988 4038
9283 9533
7889 8418
2558 4415
5895 5987
8254 9577
7229 8137
718 7802
536 2144
8215 8360
7551 9964
2664 4994
5636 9852
9849 9941
4527 7486
2062 7852
620 642
6197 9995
8276 8740
2276 2540
7717 9011
8479 8815
7676 9615
5864 8196
2339 9467
1402 4797
2178 5366
573 5668
1831 2847
8250 9339
4432 9424
6371 7157
6166 9809
101 6849
1845 6402
2878 3035
4387 6186
2553 4502
7663 8591
4173 5304
8362 9370
3900 5167
458 3695
7803 9796
2855 6963
7977 8158
8881 9060
6860 9474
2474 3568
3214 5565
2851 8615
3698 4414
4859 5396
5218 5835
4772 7067
236 3697
6327 7673
8634 9469
3780 7605
5098 6227
496 8495
6150 6225
4958 9130
69 749
6154 7028
8601 9102
1373 8787
1095 1349
9918 9973
4182 7465
9509 9831
1936 8348
1807 4223
5529 6893
8365 9612
5830 6524
418 6333
2679 7418
2821 4942
7246 7289
7444 8055
1881 3329
4604 7414
1150 2529
4235 7595
3152 4055
5967 7325
5245 6094
1122 8846
3648 4744
5269 6513
2015 5180
36 798
9094 9767
3387 3969
9242 9893
6303 7664
9341 9694
4107 4581
8614 9217
6228 8577
9728 9846
3011 3256
8476 9284
9432 9881
4589 8355
7627 8231
1069 2046
8762 9338
8462 9949
7257 7487
8318 8914
4848 6099
3470 6522
7875 8142
8593 9768
2931 6758
2560 5474
7166 9776
6848 7763
811 9755
1313 7832
2857 3411
3221 5084
4169 5617
3115 9418
5519 6984
2162 7226
3182 9870
9426 9788
1614 8861
70 6912
2913 3006
237 245
2480 4372
7974 8785
5743 9935
4849 8332
797 2303
2257 5549
6114 9569
2684 5290
1611 8698
4441 5561
2433 6695
6562 8977
2461 2653
4971 9920
7678 8013
4637 5868
4933 9380
8056 8432
628 1218
2678 9326
1666 5980
1399 7500
2094 8556
7092 8249
7528 8686
4705 7608
3266 6558
1492 6569
7955 8832
3687 9189
925 4155
441 2983
4147 4786
888 8662
4201 7059
2138 6069
7679 9802
327 927
7115 7612
3988 4187
2839 6676
4217 4814
7859 9953
8401 9931
9701 9830
9458 9992
2999 9620
5334 5817
3144 9676
4378 8677
4676 8173
5590 9675
6882 9434
8368 8697
3709 6024
6937 7611
9879 9970
256 9629
7404 9117
2562 8851
3487 3962
8307 9929
5035 9466
6426 7496
2771 5222
4383 7892
362 1005
6864 7571
9193 9939
6251 8257
7543 8225
1852 9487
9246 9514
3596 8463
3377 7167
8571 9804
2464 4602
1598 2360
8893 9160
1627 6495
6686 6724
2479 6221
3108 5933
1558 6750
442 7309
359 5211
2743 6420
5249 5648
3762 4999
1488 5558
6870 9946
6811 8997
7740 8243
832 3039
5762 5790
7364 8543
4339 5450
3210 7017
8147 8239
3233 6205
2848 8296
7825 9168
5123 7234
6298 8017
556 7021
649 6611
4120 9542
2815 3940
2395 3373
869 8860
3160 7253
1663 7569
7043 7428
8329 8480
865
7993 2539
560 316
1094 215
1877 291
4342 1035
8866 3990
8729 6845
3348 1605
7140 7085
8579 1844
1865 280
8458 3419
293 234
8354 1617
9208 7670
6044 757
3842 1571
7625 1629
5751 2234
5732 1078
2660 2286
2432 948
6823 5874
6400 94
6471 410
5629 2585
6929 1899
1533 484
6127 3209
5541 1438
3395 2582
1260 1195
1156 405
5622 3016
7753 5806
7285 3852
8426 3693
1148 334
5514 4128
208 30
6869 3902
3879 2607
9954 7314
3589 2011
4549 1341
5578 4570
8589 6538
3790 1805
7105 4827
6922 6115
6915 615
2711 2694
4289 1128
538 309
6183 2586
263 225
6699 3752
1923 1524
8868 673
77 7
1995 509
3609 576
6460 1819
5024 672
9137 5931
1205 1072
6209 373
3095 138
6757 1282
7698 5913
5229 3500
5372 3350
8777 3430
705 612
4300 780
5938 4953
4352 3858
4245 1741
4852 2820
9143 7788
3657 768
9356 1171
2727 574
3722 3129
5106 471
6803 3062
2454 572
7455 1302
249 118
7218 1642
9965 9613
3354 527
1287 865
9485 6622
8386 4597
3355 810
4487 1578
2733 846
9076 197
4019 512
2290 1660
6534 4727
1237 1125
7358 2242
6856 5231
5387 5193
5346 2354
7998 7709
2033 1311
6311 3295
3859 3435
4524 3787
156 151
980 21
447 284
2146 477
6511 4340
9321 1681
9583 5282
1509 1104
8973 169
4115 243
282 205
1149 482
7045 5117
8441 1506
1513 1239
8629 7931
8326 4721
3479 2407
5367 4419
9333 818
7184 3551
6918 4752
6906 6123
9107 1362
5128 3087
8657 580
3618 2375
6992 899
1890 1625
5504 4662
5899 4290
5393 281
887 146
7456 5219
3679 2434
1581 851
1767 107
8141 6417
2131 1342
1744 652
5174 2163
8059 6664
2701 715
4192 488
3530 2834
5469 5313
8810 3388
2580 1111
6554 2121
4678 2509
3486 1781
8747 2541
3127 2617
3624 1609
6473 5986
307 258
4421 324
2227 1442
3763 519
6985 48
5833 2709
7874 7103
6747 3453
1419 335
6582 5717
1830 1434
9097 5730
6335 2195
5778 4528
1766 524
4726 3240
1913 1853
5557 3514
1021 504
5510 4521
814 66
9411 7162
9890 633
6085 6026
1621 56
8178 2424
6612 5723
3743 748
2328 1332
5694 1375
533 132
8946 1246
2359 1300
4736 716
9149 443
4200 606
78 65
4028 1840
9873 7387
1391 663
837 702
9368 6841
3636 3065
2168 804
6242 5952
7538 5343
6149 2971
2092 1383
1062 817
3948 1747
7106 3817
8350 8079
7956 510
9482 1284
5906 4363
990 6
692 58
2936 1960
4738 1233
5145 4248
1498 770
8005 6346
5825 807
4702 636
2713 900
3438 3372
7288 7124
4725 3840
5113 735
1480 1085
7701 6639
3723 2814
2081 181
6597 4776
2767 2519
147 67
5701 5402
7734 3872
4111 2069
7018 2498
4851 4170
7031 1584
4465 320
671 600
5784 2870
5492 4728
5779 4801
7848 4364
8210 6295
2299 227
1604 640
8376 1816
9479 3663
8026 261
6674 5948
8317 3907
9733 1322
9567 6155
8780 4998
2961 1574
1486 919
6640 131
5074 3396
1998 1068
4640 1641
4416 195
4639 2534
8712 4058
1863 129
8443 5645
7306 432
9693 2609
8511 602
2677 100
9043 4046
2019 1063
3276 89
4060 196
9947 6430
3215 1674
6766 1090
7474 1356
2725 596
8859 6240
2554 2331
7227 5527
9412 52
8788 7660
4889 3640
2451 1654
3645 2223
4375 2837
610 333
478 1
531 417
2054 414
598 25
3848 2134
342 166
1783 127
8012 6376
348 84
3270 502
1862 130
7151 2823
3572 2306
1411 906
1575 1567
5449 4271
4648 91
2775 960
1847 680
7907 6219
2824 1976
9919 2583
5057 3325
4044 3254
8415 7666
1276 253
2893 747
5971 4405
2096 2016
9146 8153
8618 3522
4330 4229
2059 314
6577 6418
1275 367
3664 1572
7712 4843
9287 5910
2631 2206
4139 1240
4569 122
1759 708
9990 2476
968 494
833 717
4385 3742
4782 2613
498 76
3913 548
7894 4975
6384 1547
3868 547
3158 2496
1327 667
7389 648
3857 3053
6529 2968
1583 961
6712 3681
6005 1947
7884 4021
5162 3586
6226 727
2674 998
8308 1556
1709 1620
6557 2492
1089 184
4172 4033
2856 68
3114 1124
1357 525
8827 5255
5585 5358
106 26
1876 700
4934 507
3021 463
7459 2256
176 18
5755 824
9604 7341
5843 1042
5252 1793
5945 5329
8041 847
7193 4427
6756 763
7448 4749
8830 301
5506 2049
5597 5588
16 5
2846 1340
9690 5888
7498 3477
8402 5670
4070 3984
5279 1172
6259 3113
3323 856
6616 6279
3302 1472
8828 5736
7048 5202
8353 7881
8090 296
6273 679
2116 1542
4715 3241
1368 664
956 386
7466 1692
1942 592
5227 4409
7876 1112
991 369
2247 500
4211 2053
4063 3564
2245 1999
6381 6261
5693 1754
6164 1602
8605 5596
2408 361
3167 1008
1501 394
2051 134
5677 4426
7671 5055
275 9
6241 2535
1603 1269
9534 6503
8773 4840
6260 5357
4071 2417
2784 1120
5133 1433
4222 14
8956 3659
4630 2102
8561 481
3404 1918
2459 1792
7903 1690
9658 5356
3157 1600
2807 1280
2969 1691
4171 2862
537 43
4049 3472
7094 5150
3734 1477
8957 5568
2171 619
8719 188
4215 83
962 929
2625 1873
6334 2431
4844 3306
8046 1950
5767 3904
9103 3136
2794 1462
9715 1623
6931 2588
6214 683
6354 5237
9571 8139
2883 246
9706 3845
844 115
7754 3468
6920 6518
1197 973
6142 5672
2935 92
8899 4573
8995 8564
2419 1829
7457 3542
4003 153
8966 6809
8076 1827
6533 6270
2449 305
553 171
1435 55
2666 1266
4606 1731
3836 1640
1016 732
5675 2391
2465 939
2789 1022
8289 8015
1878 1824
1980 1884
6319 3297
4318 1964
3415 2170
4118 1971
4262 1966
685 97
9381 3883
4181 493
8781 3222
8587 7127
3190 2026
7897 3506
6446 1444
7789 1737
1708 1505
4989 3925
1390 437
9590 7060
178 144
9477 1820
8098 7014
6356 289
4748 4081
8390 1591
7392 3024
4027 2400
7751 2601
5845 5497
3416 3010
4234 737
8434 754
9937 7050
5494 1116
3637 1902
238 109
516 486
7326 5200
2344 1926
3085 356
240 46
2812 1076
7890 6467
5203 283
2522 886
2389 549
8303 2136
9969 3199
9172 3356
5563 4766
4293 1683
9292 5287
5391 4257
5804 2593
1892 265
987 102
3020 1922
3074 943
2813 1141
8898 4563
9902 2333
2443 2402
8958 2537
9576 8456
5301 2
285 87
3539 567
6276 5621
629 302
6168 347
2670 1795
523 427
3910 1835
9979 2722
2387 47
3318 1722
8988 8819
4195 3922
1228 279
4159 3881
4130 953
9218 4808
3034 591
1305 311
4832 2850
7008 1272
4605 3012
1828 154
9523 1775
6025 5979
2307 2141
9294 2020
6459 5544
7351 3565
2073 1758
691 430
6153 5138
7893 6033
3800 1714
412 385
7463 5619
2249 974
1198 815
5550 5317
9805 9783
6781 2200
1564 161
4097 3414
3615 836
8984 3581
1929 1748
2960 570
1163 723
2282 2164
2352 3
3751 3027
8414 1406
4659 3135
8717 5359
7636 5042
778 292
3655 2083
2831 631
9896 1140
6952 5061
4166 2714
8129 6619
8110 532
1204 864
8095 3444
6454 2610
6772 3601
2742 1451
1354 1274
6385 566
6065 2604
257 164
1398 626
4317 2718
890 646
4210 3885
3258 2485
7039 4179
6424 4335
1450 999
2800 186
9414 3784
6667 244
6560 3956
1489 466
4664 4294
7386 6386
6960 1439
1014 690
8069 3725
9040 5394
2021 440
1569 374
2888 2313
4590 2635
8975 2612
7613 1176
9493 8065
4143 2661
5335 4619
63 31
9216 6661
7237 6208
5524 459
3906 2270
5556 4847
5867 1054
714 113
5039 2177
3105 233
7920 6157
3750 3604
8971 6962
8625 8051
6324 6062
5729 2517
4746 1169
8798 6771
7677 7122
677 274
6106 5134
2438 1901
9258 7950
1252 357
9245 858
4858 4396
1806 775
6031 520
4446 641
3570 1482
713 590
4018 3714
5773 1545
1187 474
2510 299
4301 2397
4498 3357
1694 317
7919 3675
8339 5014
3783 2909
534 421
5750 1065
2291 1055
6988 5656
9225 8486
5107 2124
9912 7110
8776 2214
3832 1749
6586 4980
2243 1253
6958 6129
6901 707
9140 4867
9847 1494
8022 2087
3148 1075
7661 1410
9978 5950
3870 922
6497 2955
2557 211
9966 3281
585 222
1729 1137
9632 2749
569 337
2805 2409
7244 5414
3116 358
3943 2932
8094 3168
6039 870
501 468
9362 1074
6083 2130
9741 9560
7831 4717
4547 2624
5937 2901
2271 389
5161 1778
4064 2089
3724 2156
9922 6066
3343 80
7347 7080
3251 1493
3877 377
3533 559
7147 5325
8515 6048
9963 5819
7194 3968
4127 2452
5775 4538
1579 1499
5684 1573
4460 4007
8023 2799
5984 5034
7899 3043
5718 2516
9774 9163
5288 3525
5601 4871
6626 5678
8718 5870
5604 204
8505 7730
6711 4276
4714 3050
8229 1589
6373 2745
7563 7161
3591 2280
2341 422
425 321
3528 2045
2740 20
8547 845
9028 5196
4910 4658
7723 6256
1360 540
825 72
828 99
6606 6337
8793 6715
4981 1426
7118 4291
6773 6701
7628 1298
4304 435
3218 23
2791 2275
7896 954
6138 2140
5298 353
5763 5535
7125 781
7908 1484
2746 1742
2246 2126
2559 1447
7583 3456
1295 601
3978 452
1378 656
6124 473
4701 3408
4883 963
4406 1972
4266 4103
4125 2953
5026 3935
582 81
6876 2445
8529 6821
5404 2616
2224 2072
7095 905
964 232
7123 1832
5458 983
4491 1724
7266 5187
7566 7062
8655 1825
1718 1539
7978 4551
9512 3474
2442 218
5711 4129
9315 8540
2867 1429
7724 1875
3578 1979
4577 1364
3834 2325
9018 1549
603 226
3998 2845
6559 635
1728 1015
1201 1135
8413 4645
5175 1129
9779 8450
123 85
2379 1500
529 141
1271 539
5951 5447
5571 4932
743 182
6615 6388
5521 3361
