441
1429 4575
5509 7958
7514 9008
7319 8011
65 257
2150 2339
5588 9752
1075 7614
6235 8120
5817 6305
4951 5404
3684 7778
2219 4074
6372 9602
8061 9632
128 3187
9897 9911
1638 4226
3378 5483
5067 6089
1497 3425
8875 9704
4732 8748
6947 8550
9962 9984
4042 8593
2578 3334
3387 4180
3931 6216
2129 9380
7595 9255
7666 9459
9522 9657
3504 8156
1481 7451
1347 2938
1724 5072
9982 9983
7911 9136
6647 7475
3724 5613
4004 8121
3580 6499
484 5792
9744 9851
372 3409
1805 8991
3208 5138
2232 8693
8362 9110
1220 7849
9200 9315
9160 9376
6393 9218
9974 9979
1461 3356
3357 5770
2567 5064
1250 9133
8275 9834
1032 3706
2764 4425
6249 6449
562 8210
2167 8600
3993 6374
7189 8661
1880 8778
5627 9849
6439 8814
9803 9824
1042 2431
8421 8450
4369 9630
2443 5063
2079 2240
5950 9793
3205 7668
5583 7916
4264 7762
384 2514
5381 6560
2169 7978
478 8296
959 3472
5110 8940
905 1223
9171 9875
9425 9502
7995 9124
3855 4121
9603 9889
2343 4418
8559 9049
8652 9360
415 7407
4712 7238
7780 8194
5539 8631
4463 6957
9476 9507
4738 4947
982 9520
803 6376
5675 7154
2834 2852
8197 8376
7176 7949
6641 7199
5375 8332
4478 7459
3010 3728
4547 7054
992 4037
452 1147
2439 8516
6040 6962
1454 4345
4303 9457
3201 9329
2436 5901
9204 9383
6637 8397
766 1807
9665 9940
2743 5592
2011 7245
8700 9640
708 8481
3326 5208
7960 8363
966 9563
7897 9267
6340 6427
9572 9991
114 5309
615 8730
7503 9859
2177 4872
4008 9999
4728 6629
4760 9472
8173 9763
3680 7404
3969 9036
5305 9482
8551 8804
6060 6327
6488 7087
1288 5146
3457 5438
8584 8922
8086 9581
8290 9944
1754 4482
9393 9910
6544 8196
1197 2877
6348 8923
2788 6019
2266 7872
1984 8420
5879 9043
6973 8416
2598 5508
9397 9409
4353 8142
4777 6175
8646 9627
2128 4137
1815 1901
9726 9865
4149 9578
6912 7309
1131 3628
6032 6230
5984 8859
8367 8678
640 6185
1720 3097
8723 9450
9199 9540
1036 9115
4480 4605
4918 6988
5330 9609
8898 9394
8821 9682
5745 7618
7413 7625
2182 8793
1440 8903
8502 8981
6023 9659
858 9007
7450 7774
999 9709
5616 6166
1812 9636
6238 7079
869 4793
1170 8154
8531 8968
8978 9772
2721 6365
3906 4404
2801 5501
4723 4955
5052 5637
9899 9975
9304 9846
9102 9937
6850 9847
1788 3864
4917 7235
2747 3872
4969 9651
6771 8938
7388 9969
5316 6839
564 6383
7737 8754
606 2692
3327 5089
9584 9666
9972 9981
7244 8784
3068 4869
838 8253
7789 8977
33 680
1767 5722
1302 6550
2229 6033
9601 9737
1748 4045
6152 7012
390 3411
1187 7025
4256 5334
6582 9977
3146 6979
656 5586
8198 9006
5622 5709
451 5632
5535 9389
6587 6832
3947 7361
4999 5081
93 7498
5291 7701
8240 8838
864 9098
970 5527
9345 9757
4432 7085
4032 8405
8810 9570
4250 7504
1637 4135
5524 6835
7889 9879
7009 9191
2651 9182
6011 9791
9466 9807
6621 9504
5885 7325
7339 8647
7748 9499
7689 9158
8307 8454
8309 9583
9054 9842
6413 9886
9465 9690
7544 9833
2970 4460
8232 8574
2371 8712
6965 9288
2610 8069
6997 9537
9140 9161
9515 9678
9625 9837
3190 8185
5625 7549
1658 8446
4551 9530
1291 9526
5690 5941
5997 9065
7384 9111
9040 9867
4441 9196
9550 9818
7660 9864
6460 7837
7120 8943
4854 9882
8619 9901
7242 7779
8578 9118
5909 7363
8606 8777
4514 5531
5544 8698
6908 9177
465 6091
1166 3407
6505 7415
6233 8468
9417 9611
4589 5777
2819 9855
5333 6626
7171 7884
3361 9188
9257 9293
7761 9997
1974 3962
6726 7635
8974 9104
5435 8684
1253 8063
5802 9004
6302 8243
9935 9965
1007 3970
3123 8622
7767 8161
7155 8025
3985 8567
4609 7734
9322 9669
1619 8074
6399 6500
2594 5799
3767 9082
6081 9650
2565 4444
5854 6353
2909 7860
7279 8175
4943 6194
2089 4069
7715 8891
7633 7775
7981 8090
8265 8366
5812 9228
7600 7954
6072 9881
7925 9655
8047 9467
1528 5935
5766 7556
5985 6300
3222 3796
3173 5236
8590 8750
1599 1636
9777 9829
3979 5290
8925 9221
1393 6749
511 2753
5946 8950
5030 8818
5599 6613
3816 5289
5301 9226
3828 7443
3636 4896
9336 9950
261 7051
1301 5125
6338 8919
1790 5275
5001 7518
2699 4856
1800 2738
9384 9973
6298 9327
3144 8469
8305 9508
7262 9925
8759 8808
5022 9088
7015 8241
4047 4836
6748 8340
4853 8536
4643 8471
9844 9912
4310 8997
3921 6840
4921 8537
7946 8004
7914 8428
7846 8053
46 1215
4821 7324
1999 5649
5830 8582
3162 7347
8377 9662
4372 6624
666 1833
1751 5078
812 4870
4504 5206
944 6852
1145 6447
8884 8986
3929 4127
1206 4435
3839 6456
767 3293
5341 5440
4338 6669
5598 8335
5652 7839
8096 9918
9593 9805
4584 5011
8365 9491
2568 8526
2195 5158
126 373
7074 9729
8854 9435
672 6390
3710 4029
8399 9767
101 589
4428 6990
9782 9903
3786 8409
525
4215 2541
3911 2275
5811 5703
7896 4104
2119 1051
4945 1410
1282 506
5580 1632
1578 1038
212 185
652 171
8068 3079
2070 1548
7480 1499
7430 1296
9455 3180
4202 2029
649 634
5888 4640
6458 1412
2964 1488
1108 132
1558 657
1069 342
5006 2057
2335 1905
6608 922
3104 2151
7454 547
7805 4452
4129 289
156 22
2966 1813
3949 699
1159 927
7704 4576
1779 1369
2906 2006
2391 2356
1460 1292
4636 644
4544 3939
264 90
6676 4484
4565 1257
3047 2459
4158 1828
3486 2086
3621 3525
3875 2450
8675 6013
5820 5254
2621 744
2066 518
8293 2921
1167 131
456 72
9641 6242
5891 5548
2525 1502
5237 382
3811 3015
1171 916
4889 1453
4618 1125
9923 2644
9313 746
423 167
8527 5380
976 585
7398 3160
6231 4988
432 341
996 769
1214 806
8278 309
8928 7273
546 137
2726 250
4017 3503
59 3
2021 1708
5494 4457
9201 8162
280 229
2882 457
1743 29
1093 653
2445 326
4614 883
9542 6205
9856 8862
1208 25
3422 1785
1825 683
7566 4489
7757 6713
6826 4358
6780 2674
3989 1404
7408 3247
5963 4143
2388 285
4075 2769
592 6
4922 3860
3226 3050
8229 1074
3007 1675
4304 4112
925 201
5916 5645
1417 1359
3779 816
5546 4804
5351 1149
4781 3943
9717 7754
3045 1738
5865 1406
6347 4593
2451 1585
2955 1714
8310 3756
4203 1759
1313 1088
6215 2265
5434 3101
2344 1740
8348 7029
4295 1432
6910 6547
4231 1631
3233 2434
7341 2742
9319 3611
5155 3560
1199 689
7641 150
3624 1059
4561 4294
2448 781
1998 217
8499 1013
5087 268
5858 474
9949 6446
7899 5249
1031 670
9213 5698
3364 2406
7365 5425
2291 487
7425 4481
1218 316
7953 4934
1136 166
6904 6577
7003 1623
9622 2112
6223 3169
4277 1629
3530 3027
3541 2199
4625 1908
8695 782
5096 4641
9723 6882
4242 3738
2897 2639
4378 1857
9604 243
9332 7305
1956 1797
2494 1090
5679 3595
4178 1298
2168 1035
27 14
8137 5423
9138 2422
6760 6588
8771 2910
1613 1140
917 1
4779 3269
9448 6653
7044 4761
3115 2246
2923 1006
3575 2799
3277 2957
34 30
1195 876
1925 1804
8983 127
6954 6782
7068 2285
1289 545
9644 7100
6925 1582
7886 1742
4673 535
1485 1294
1512 1436
5988 3890
8124 5020
5231 3831
1575 636
112 60
3955 910
7571 6655
8264 4975
507 19
5996 5417
2138 616
462 31
1079 732
2506 745
9126 5243
2487 450
260 202
1541 414
2140 1332
5573 5055
4216 3638
3834 3122
3001 2707
4260 2188
466 200
2160 1958
5892 3731
1946 949
4138 660
3898 3787
2404 1236
9924 2570
7497 4078
6921 4720
6995 5731
4400 791
9569 2629
8801 2670
9769 3338
5846 5319
5872 117
12 7
3433 2456
811 800
3553 1750
7105 2871
9447 8389
6162 3490
5408 3699
3812 2593
2467 859
3251 1380
2366 1699
3463 754
3769 5
3406 3049
5137 2394
5411 626
8741 182
8191 6036
1723 906
9759 4366
8544 375
2351 1258
2277 1534
5987 5251
7332 6049
3935 299
5602 2865
1491 398
7392 6524
6207 2761
383 40
248 85
9252 6212
8010 3354
1277 455
1318 1278
6854 928
6229 3642
6889 1628
3718 3496
6511 852
3082 1169
6004 4193
6592 4776
735 123
1682 1554
6901 1024
6370 2196
7532 6495
4191 2840
642 63
2025 1473
4791 2590
6351 3063
9330 1569
3497 1310
3470 851
3527 2078
4731 3725
8900 7885
6790 3903
4258 2553
6079 4088
8055 2709
7298 2606
4563 3110
7672 6663
826 230
8976 3278
1854 337
1912 508
7057 2170
5373 4879
7326 2825
5610 302
2403 990
395 258
6165 3954
3999 3721
6065 3637
4592 4437
4117 1209
4502 4498
8259 2617
3275 1135
3646 2554
573 332
2113 1734
3458 77
7533 2776
7237 1896
8913 7815
7013 4105
9269 3035
783 648
677 218
7472 790
6680 6606
3808 1154
9349 6788
1985 711
8725 7422
3551 1109
1882 1809
913 141
2480 1137
1518 761
2221 1355
9872 1010
249 62
9149 676
8856 1947
8957 4960
9913 3279
1651 1447
8285 3708
4996 3447
9920 7605
2276 1942
7483 7269
538 403
7720 3514
9748 9071
9914 6066
1645 89
3648 3235
934 566
5217 707
3065 109
3468 483
4106 901
8246 662
3506 1536
5340 1639
9928 2956
8757 1705
6686 5525
6961 2975
8168 5175
818 13
7882 24
2498 490
4188 3252
6922 6525
7142 2067
3535 1259
3585 3510
5852 3483
3619 983
3080 1517
9206 8082
7825 3172
8490 2911
319 287
1834 1467
4024 3802
9518 4406
7040 2945
7706 988
5186 4961
581 526
1770 152
7360 4308
9635 6349
2171 329
3044 1113
4757 2535
3582 1799
4664 2839
7053 788
8427 3011
4139 2349
183 43
8494 3301
7416 1261
9083 4739
817 560
771 556
9026 6206
214 178
9929 3559
6894 4095
3291 1510
8299 5626
5783 1030
144 78
6829 6101
6294 221
5174 3246
8040 3832
3227 2198
5905 1894
4006 920
8459 4998
3376 741
3427 2861
438 138
9139 1241
722 630
8356 8072
2304 1179
2012 358
6729 4218
2766 1295
347 199
98 52
9906 7092
7143 1752
3516 957
1122 240
2178 441
9046 4634
4279 3711
9587 3581
3430 307
6245 5593
2517 247
4213 1034
7055 1228
5943 1342
4263 784
9648 4537
9624 6842
7476 2503
6160 2712
9453 7121
7637 1975
933 843
344 245
1640 381
7287 2671
1484 1402
7901 369
6856 2883
3499 3307
8017 664
1260 734
9210 4389
7028 1224
6332 5475
7673 6489
26 2
2507 1233
190 94
8354 4507
1200 445
1375 1082
1598 419
8297 2715
8283 1354
2842 2228
8398 4391
3194 2954
2924 279
6707 6129
6326 1379
8118 5550
7832 2926
6642 2099
5493 4538
9284 8941
9480 8476
1775 61
2269 2217
5405 2559
3604 394
7662 1839
9484 6614
5348 2061
5036 646
1704 624
5993 3261
1151 92
4942 718
8013 485
1966 1845
4790 2293
4813 4682
