723
9855 9885
9110 9234
2949 9262
2318 6798
3665 8939
2485 3163
373 3092
1393 2460
1117 6453
1142 5933
1474 4774
8145 9164
2032 5820
746 3392
4260 5722
668 4513
6047 8203
8863 9070
6080 8877
1755 8042
5580 7146
7470 7644
602 7161
154 1369
6949 9719
6158 7974
6069 9434
6656 9754
6655 8934
3464 3501
3183 5600
1633 3682
1206 4139
2358 8433
7998 8347
7695 9347
6405 9661
2636 5663
9216 9804
6454 7078
5654 8136
1012 3654
8703 8875
3299 3497
8287 8453
250 2846
3680 3955
997 3276
5479 8143
4510 6907
2822 4998
3486 5558
2168 4743
9750 9771
7588 9486
6343 8232
2811 9952
6244 8769
844 4606
2017 3651
7685 9151
8791 9334
8393 9836
7833 9049
5400 9927
8211 8759
2747 8728
976 3354
5170 8154
7927 9644
6420 9462
3270 7542
8026 9828
9861 9877
136 2772
3112 7022
39 7659
9634 9859
3041 9135
6813 7024
2379 4848
8671 9255
4717 5350
8846 9109
8966 9320
3356 5228
3374 3555
3197 9270
9769 9867
7994 9385
9646 9958
6217 7541
7398 9156
2370 5260
9601 9890
2056 8388
4640 9123
9438 9957
3503 8208
6720 7426
8899 9713
7041 8606
7581 7858
9044 9259
9461 9823
5550 5909
2804 6299
4689 9624
7222 9753
6809 7958
5703 9410
1836 7673
6967 7525
3573 9577
7196 8882
8068 9858
7310 9142
3075 4092
7474 9931
814 1716
2326 3732
1123 1838
9305 9729
6594 8767
1906 9467
4686 7780
8484 9732
3159 3311
272 6406
4515 9357
2399 9507
5031 9723
3173 3527
1616 8468
3918 7445
5324 8495
3263 6313
6775 9812
9534 9711
8330 9766
9757 9928
1664 2859
718 2356
5751 7692
5210 7965
4351 6082
6879 8268
534 5748
1027 7267
4688 9705
5799 7961
2847 4149
7959 8569
1326 5475
1439 9084
4671 6735
4784 8560
748 6961
1377 5800
5087 6731
5420 7707
8919 9494
9280 9421
5802 5970
7176 8374
9309 9701
2149 9054
2223 9797
7089 8321
2665 5388
4308 4753
2802 8462
8823 9257
302 2944
7681 7758
3227 6000
4855 8691
4711 9175
3911 5642
1090 1868
9433 9923
2117 6569
8380 9011
7207 9339
3144 9862
3981 9302
3724 4359
303 8773
2317 9398
5163 6459
2662 5942
1019 4629
7386 9361
2463 9441
4792 9586
9294 9473
7071 8220
774 1791
5741 8867
1862 8770
2705 6436
3940 4600
7037 7710
5039 8618
6443 7347
205 1245
9196 9378
1954 3207
4400 4405
1586 9840
3105 3779
56 4623
412 7312
240 1889
402 6356
4757 8410
2838 5395
5701 9903
3645 7565
185 4905
7208 9045
6897 9517
9386 9581
4497 7545
3084 8807
3860 4614
1163 7732
869 8535
3597 9704
8030 8737
8104 9997
24 5253
7632 9316
8274 9540
4262 5233
8992 9030
6511 6924
8080 9933
8390 8431
8308 9906
3698 6561
2531 9635
2913 3243
3522 5658
7149 8927
2575 6952
708 3525
3787 4809
7367 8391
4940 6285
4439 7626
1336 9869
4103 7956
6214 9450
5646 6364
9697 9716
4842 8567
9083 9168
5744 6726
3266 7771
9501 9731
3427 7850
286 840
2171 4268
6112 9420
418 915
1842 7827
7384 9089
2467 8118
8319 8843
7762 9393
8421 9579
9528 9639
4976 8069
9184 9360
6658 9131
643 3741
3701 6710
1425 3153
6652 8091
1049 4364
5826 7111
5473 7379
363 7108
3472 7254
5795 7687
4602 8367
2306 9041
4693 9147
5864 7764
9373 9842
8669 9987
1422 1850
3812 7450
6732 9417
5777 8678
428 1528
6361 7641
5237 8253
1694 6542
4283 6401
7548 7678
3886 6178
6909 9568
2417 8155
2668 2917
7976 8947
6005 9509
525 1750
7433 9658
1318 3410
7508 8815
5219 9981
822 1504
2967 6575
449 3663
2057 2389
7349 8364
5440 9889
3306 3764
1158 9964
4548 9152
3844 3896
9447 9669
8313 9949
2519 5114
7031 9682
9000 9193
6982 9365
3122 4994
3835 7461
3 3576
5438 9522
7128 9306
5772 7307
3029 6400
3670 9700
1667 2831
2188 7795
289 7929
5238 9451
5389 6606
1911 7744
9707 9945
1982 4843
6331 6849
2731 8666
5830 9730
7400 8881
1047 9133
9959 9982
1131 3214
6526 7401
9802 9960
2878 5425
8361 8828
5024 9368
3158 8254
7083 7264
6651 7849
977 3807
9476 9515
8161 9057
3983 9655
9810 9892
9225 9914
2217 6345
6167 7262
3063 7321
9688 9932
7617 8735
6581 7103
6238 7389
2201 2365
9144 9327
2351 4298
1168 7889
7778 7987
6503 9636
219 9620
2677 5273
2421 3534
5056 6776
3277 6206
4348 6614
1651 4823
2574 9028
7419 7643
5486 8242
4530 8973
9574 9677
6692 7291
6215 7363
8731 8889
9118 9428
5461 7190
86 6623
4767 6864
8730 9849
8620 9835
1150 8834
1053 6498
7482 7495
1658 2816
8044 9409
2200 8008
3843 5188
5312 8844
8679 9051
5750 8344
688 7719
7048 7988
2898 8092
393 5431
8750 8761
2760 6558
3048 6901
5517 6649
1187 6369
488 5231
2302 4522
903 1263
5011 9937
1054 7313
5731 7193
2423 9095
5576 5792
2515 3242
8248 9774
7857 9154
1771 3744
4025 7427
3632 5295
103 5278
8472 9163
829 6634
8975 9773
3505 6212
9888 9898
5807 8116
1096 1668
2277 2681
642 763
1671 3926
2313 4931
9221 9882
6698 9741
6272 9391
287 4049
7440 8020
7067 7314
7629 9544
2659 6308
7534 7801
8984 9372
6205 8037
3143 4236
2505 2957
9281 9355
3547 3943
7165 7467
3340 5585
7954 8174
2886 9310
913 4897
3247 6292
3290 3417
6584 9019
5960 6868
981 1215
9496 9798
7087 9508
9111 9401
93 9576
3284 8345
5866 9314
2607 7684
2992 4354
2532 5861
5068 9962
5484 8283
6230 9458
9162 9439
4844 6289
2664 5653
7476 8957
2820 3073
3244 3974
9265 9419
7832 7917
9301 9580
8053 9272
1234 7473
4838 6556
5448 8572
2256 3413
4672 9013
9254 9698
4258 7284
3007 5121
2988 8485
336 2409
253 7522
9770 9873
7333 9068
3388 6559
4161 7891
8204 9472
5386 7084
5477 8858
3259 9583
1320 3357
1374 3318
305 6324
1433 5042
8533 8756
4649 8764
8741 9246
3600 3642
6506 8063
1938 2946
3562 8058
2722 5721
3849 8746
1876 1883
1321 1968
9370 9944
1733 2959
7930 9492
6665 7539
5296 5873
6071 8075
7145 8651
2009 4466
7257 8948
2972 5809
8946 9157
1127 9660
1688 8493
4893 9532
8147 8635
1532 5236
9258 9743
1434 6374
5551 6172
4462 6274
2720 4427
6826 9684
5993 8822
1785 3040
1781 2513
8795 9768
5963 8385
1455 1852
8917 9569
2631 8413
5392 6821
4525 6670
7272 9195
7194 9549
7471 7907
684 8542
4415 8109
7926 9205
7817 8422
7600 9668
2439 7944
5337 5393
9064 9763
2098 5482
3414 8627
7865 8736
2955 8717
5530 6510
8150 9992
6099 7782
8191 9180
3853 7729
354 1352
1466 4800
6883 7131
7909 8714
6688 7135
2639 6249
52 2457
5661 7931
4930 7043
5168 6135
3248 8607
6255 9025
7302 8981
9598 9847
5258 5288
4328 5339
9895 9902
5067 5452
8519 8840
1582 2395
490 8351
3669 9121
9917 9938
2038 5612
7368 8217
7328 8818
574 4986
2220 6086
2717 5634
2361 4943
197 4642
8690 8748
8584 9722
6111 6998
9488 9715
392 1925
5688 5763
2808 8661
4189 9561
8477 8787
630 9336
4468 9910
1802 7590
1630 5537
7566 8539
2776 6276
7530 9943
4467 6395
7915 9736
9266 9811
9390 9543
3948 7167
519 3949
629 6706
4608 9277
4033 7465
4901 6847
4163 8448
5797 8720
4967 5469
2345 5437
5697 7425
3141 8355
6319 8072
445 3770
4304 6465
1244 8526
6805 7996
2997 7466
6691 8407
2518 4742
211 6615
7892 9097
2304 9562
6792 9546
794 8985
1859 6954
3363 4301
133 6551
209 8430
757 6539
8681 8777
9805 9874
6380 8386
5206 5483
9764 9894
7733 9448
7751 8428
9783 9820
8878 9592
6524 6999
8766 9364
2218 6085
2469 6844
4758 8300
2693 6560
6877 9202
9591 9726
6577 9242
357 2407
6042 8552
5449 9841
7615 8328
380 4545
6810 9613
9228 9518
3438 8685
8378 8883
7164 9991
879 8839
9140 9597
452 9622
8500 9832
340 4375
1111 4988
6048 6905
4924 8830
2735 8944
6505 9078
6475 9248
4136 9645
7211 7898
9244 9961
1296 4770
2077 2818
7561 9062
5677 6223
7003 7836
3782 6133
1056 4396
1629 3511
9721 9852
3684 5855
6079 6492
1038 4492
6815 8212
3194 8591
614 7656
820 2285
8018 8343
8271 9449
5923 9430
3126 3647
7277 9498
7766 9363
912
1697 1348
8111 3492
2461 1365
3409 433
8297 3376
9796 6054
3428 750
834 686
2529 487
1870 80
2221 1987
3692 3293
3690 2112
8432 7549
1992 1971
2672 1482
5245 144
4117 3721
1698 160
3111 2432
1361 425
4722 1189
8081 446
1041 385
9846 7432
7141 6943
2685 1796
6683 1198
5733 5134
9582 1009
9411 9223
7429 4355
2391 1087
8747 7506
4420 4011
2653 1132
5650 3608
709 465
3892 2126
2562 759
6886 1395
9308 4316
3686 622
3833 2246
9268 6783
8383 1927
3644 1981
1627 170
4435 2512
9536 7677
1172 809
2783 2654
1632 97
8785 4249
8693 6027
8138 3599
5935 1737
8055 4023
5555 856
2128 1704
8630 3423
2442 1695
1566 1555
2912 167
9285 2374
8074 8031
5726 739
2434 1236
8016 1833
3226 2987
9395 2648
5985 2587
4507 2843
1469 1050
660 335
7559 6937
216 189
3919 1276
6701 1709
7402 1882
2354 1910
7755 7263
3181 408
8185 4385
4811 61
8243 1666
2078 1353
5948 4543
3190 251
8491 3327
7406 4604
3920 37
6102 4393
5747 5673
5456 4999
4771 3766
7969 4519
7510 1287
342 323
7580 319
5140 1080
9972 9791
2012 910
5035 3883
5596 2699
7967 7856
296 290
7517 2323
4923 1023
989 178
5277 5243
1855 1329
2148 1597
6632 368
1310 520
7006 5426
9896 7842
8778 2262
4407 4156
6618 4721
9324 7173
7209 1579
4162 3582
2770 348
4460 2015
278 224
2779 790
3777 2801
7395 6342
7532 398
2134 1594
3593 3098
1171 207
6355 1853
4520 2242
9977 1742
3947 424
1919 749
4822 4250
2597 897
1654 866
5122 1214
6870 5893
3652 3016
145 22
958 38
2809 1775
4037 3078
8802 91
7200 6730
9289 5412
3944 2231
5946 3549
5831 5595
7679 5655
1708 284
1265 891
2862 699
275 112
4665 3666
8486 1485
5875 1190
692 486
9603 3399
8125 331
907 872
6467 5565
4702 848
670 95
2276 681
8236 4325
6239 1687
9792 5613
1680 886
2156 1124
1806 1550
5819 1436
758 523
3639 983
4885 3240
782 664
3008 647
1866 1371
8904 3406
9252 3980
3933 1491
3818 3473
5603 2832
7319 6887
4387 31
1461 1400
4008 3011
5829 2386
1037 201
2725 1249
7676 6126
2576 1656
1768 1174
4003 3225
5239 2109
2604 716
2813 2491
4240 481
8291 1857
4859 4155
7230 2335
5419 548
2185 359
6837 6044
1467 720
2952 1926
827 559
4243 2674
8704 6371
2873 823
556 509
8126 2837
334 27
4300 1628
6758 25
4195 129
1446 152
6490 5103
9975 7304
3489 3150
9340 8913
6513 3212
9706 1333
4213 588
8196 7491
895 98
6609 2960
1344 931
4206 3851
7964 4032
8129 3367
8732 8163
9427 5727
4432 1840
5012 4272
7281 2458
3828 575
7104 5897
9042 3868
6270 4942
8041 2239
2081 462
7808 7050
2763 2237
741 478
3716 2746
3871 2107
1440 71
9043 704
7014 6220
134 16
3457 443
3224 2104
5770 4058
2887 974
4834 2525
6196 2118
4247 4089
5524 5375
379 21
396 12
5801 3979
5190 2977
8810 837
6421 4970
6188 5536
506 330
705 513
1349 157
6185 2363
4658 2103
1984 172
6314 4845
898 375
2605 2385
6174 5630
218 6
5638 2190
1396 164
2479 266
8333 1782
9638 5620
5117 1722
795 576
3028 2836
6416 472
1510 1147
6455 309
7975 807
125 67
1509 345
8418 3161
4353 2876
4179 3628
119 114
2866 2543
1498 1112
4052 1346
7411 475
7642 884
540 292
3897 109
4996 4424
7218 2401
5692 2347
5447 3458
4724 568
3540 3481
9016 5644
2609 2577
4594 1447
3405 3355
7072 6242
5995 4821
7454 1386
9990 2468
1194 1048
545 235
7914 264
4053 2883
5940 3531
3765 973
4455 649
6527 1173
7094 3030
6742 2870
7296 2857
8144 755
8149 2649
2999 2718
9475 6312
5637 1565
1530 277
1272 938
5559 726
2618 804
2869 2777
2147 1967
4654 3510
3675 469
2874 2656
8035 5186
9004 1962
2868 766
7844 5822
7057 821
9965 3998
2673 1281
2840 2005
3566 828
9435 2697
1756 1381
5207 4372
5645 3349
4332 304
8281 1268
8105 1458
7501 3185
1537 611
2854 610
1457 666
9094 4574
1721 959
4459 5
1706 118
2965 2
7028 2573
9029 6583
6084 6031
776 8
4303 1337
9901 8471
8923 5547
5396 511
7093 4965
3416 1424
7394 4888
7243 2792
3616 3288
4463 4185
5723 5554
9283 4682
3124 2535
9303 4116
5680 1991
8978 8151
7286 4485
7331 6782
4643 4020
7422 885
4794 1040
6499 4054
5611 215
3067 1731
4418 2548
4759 2980
5209 3235
6725 4990
3784 2059
2419 1
3000 210
6119 3820
4595 124
2207 2123
374 318
5994 1128
6095 1160
3546 926
2814 2044
3256 1130
6947 353
3233 2819
4626 3443
13 7
8977 5671
3325 3286
1225 1144
6129 3037
5541 1152
7169 7132
7278 6977
6028 4890
9629 227
1109 769
8692 6010
737 439
5825 847
5200 1286
9795 414
5269 1808
5283 778
8522 7124
8175 5917
4664 4318
4201 447
6830 4109
2982 526
617 370
8326 6777
9547 2527
788 530
1350 26
8325 5532
4841 4239
2993 2921
2849 2019
9348 8593
5062 3496
6750 6523
2154 1730
6283 2489
8624 1810
4501 1800
8464 7646
4920 4225
8796 3982
8404 7391
2140 953
4134 3872
1553 1099
4527 714
7911 2510
2545 429
7745 4534
5341 4012
7657 3881
168 159
7234 6894
779 232
2257 839
6110 5270
8334 5404
7753 5445
1878 1554
3189 2296
1473 1454
8258 3402
3984 1257
7472 5553
9382 7133
1306 165
3810 3453
8949 5958
2357 65
4715 1039
2690 1068
1033 624
237 122
161 54
9735 5647
5617 3120
6282 4288
9665 4294
8267 7055
166 28
9541 7489
7317 665
6473 2706
3465 3312
7864 5734
1082 946
4748 501
2526 1429
186 143
8819 8362
7156 6678
6990 4273
9423 8908
8043 2450
3294 1230
5280 3495
583 19
1904 1035
7392 1531
7829 4175
2474 1774
63 51
9564 5564
9556 5027
9021 2214
9321 6831
2899 1612
9466 4228
7584 4978
4490 2235
6795 5436
7102 6574
4764 4483
4315 2192
5506 4246
3433 1961
3403 3262
2966 432
8157 324
3478 2976
8442 5890
1398 43
4164 1930
4802 474
8688 4687
6396 6221
9033 4035
3230 1937
3992 2219
2130 1413
8601 308
9351 5272
1010 707
7822 1693
771 104
4596 3070
3160 1875
3845 196
6087 5702
1932 504
8893 184
5153 502
265 187
9525 1448
2984 2325
1126 141
9287 6036
902 377
3882 2589
5360 5306
6017 3517
1231 493
3967 2265
2561 1266
8178 1618
732 307
9352 3551
4160 2716
2848 2387
7464 7246
687 328
5788 5632
5929 4694
6797 5213
8290 4912
963 547
9519 5302
4437 2641
35 32
7739 4282
7381 4669
3195 978
2700 648
2584 347
3591 1420
8636 8461
603 438
6083 862
6637 6598
9600 6861
8595 2483
6597 4226
9442 7477
299 132
6536 4939
6052 3826
5989 3526
8264 4787
9005 6859
8884 6991
1223 20
7697 2694
2864 1957
9897 8911
3090 2338
2727 1423
5352 787
8260 2169
9006 6120
2072 163
2600 1603
1490 1419
5739 912
516 325
2232 2047
7613 4190
6875 339
7875 2473
115 76
6822 6309
5523 4813
2828 2588
4607 4238
3430 3177
7311 2761
8998 7237
2279 150
4212 3655
5099 2904
9274 3072
2160 1277
229 47
4263 2611
581 204
3378 685
7096 5201
1085 1028
8686 128
2061 1701
6115 4719
30 9
1847 996
9788 9148
7029 2297
6984 280
468 156
6461 4056
5080 514
4644 4279
6002 3748
1689 1370
7986 6842
8716 1834
8932 6502
3557 2455
4563 3015
4869 3346
101 62
2908 1515
2026 384
6808 808
5832 4321
8610 3588
4009 2719
5549 4290
2520 600
1562 361
9744 8408
3867 1468
4191 458
4248 1718
4505 2586
9563 6602
5336 194
909 655
3879 1595
6970 606
2890 1980
9315 5623
4342 2798
3509 3366
9593 8887
4840 1548
9594 4299
3771 362
6753 5275
816 188
3821 2054
8215 1507
3533 3379
5704 3626
3594 148
4804 3592
917 483
2956 394
6629 6379
7320 599
5681 3759
260 256
226 34
3113 33
3272 2301
2274 427
1192 1170
7708 5716
943 826
8095 4617
5218 3529
7614 5969
3699 142
8898 1181
4196 2593
1783 1122
6532 1067
9670 4790
5783 2110
3814 2184
6171 5737
6723 6486
5813 5017
7448 1165
2383 697
8209 4810
45 41
4493 1753
7714 4352
5587 1997
2871 1725
6712 2030
861 532
6920 4575
2891 700
5320 2556
967 271
3238 1045
2364 793
1524 360
5581 1061
3793 1940
7018 3077
3986 3273
7553 7160
1484 1002
4476 4275
3332 442
9643 5460
7352 1494
4379 3205
1251 949
3275 553
735 510
3607 3361
2241 171
2782 2433
9785 6327
5242 3246
7255 1682
202 179
7932 6928
5805 4428
878 423
7639 6522
7297 6329
4914 1760
3852 1070
8527 3799
7327 6011
6740 2193
5757 2973
1385 1341
6749 3371
1812 1518
9099 8011
743 190
1063 285
8032 3193
7054 4014
5914 1591
6287 5466
5376 4987
6353 5465
5453 4769
4655 1700
5416 2554
269 92
7845 6204
6814 4667
7305 3936
1283 10
9714 3133
9241 8158
9115 5684
9031 2858
6113 4860
7943 5462
6944 108
281 239
3996 241
8162 3334
1222 288
7403 5211
6136 1483
8545 659
7879 3380
5173 1242
8167 1084
9125 1729
6200 2567
372 367
365 258
1960 1891
8451 3250
8645 3187
5333 5018
5478 2845
4125 2936
8222 927
8093 632
2090 262
6366 4857
1202 233
3937 2594
1470 661
8309 4517
2269 68
4645 1162
9297 212
3617 1472
2754 1314
1763 965
9821 5343
859 585
2930 2533
3216 3012
9803 6987
2146 1678
1020 243
1382 70
605 193
5591 2063
4933 3605
7848 5262
9349 799
2346 2079
4958 2493
845 426
8562 2476
8621 2986
2120 1552
9531 2088
5543 2628
9484 3500
1860 1535
6088 3863
9149 8323
8437 3798
7871 4639
1752 725
8295 7475
1285 830
9621 5279
4021 3412
3530 3117
1511 1282
1944 1059
6958 2328
1622 1305
5786 604
6664 4084
1817 75
5586 2511
6530 2626
9608 7483
2951 1638
944 634
1159 589
5413 4440
6588 6495
3917 450
1880 810
7912 6863
7793 3901
2861 544
3440 1958
5562 4803
3199 3103
7699 4709
2292 1060
7799 1462
972 752
7574 1118
9483 7900
2305 831
5194 417
1613 1526
121 102
1856 268
5848 1368
5319 1103
7421 5361
9402 6408
1492 1120
