333
8248 9083
3609 5634
6616 7079
2252 9647
7509 9286
3456 3994
3107 5878
7939 9951
8097 9561
8100 8869
1595 3344
4257 9891
1460 2463
2286 8915
5132 8898
3755 6578
7830 7895
7670 9952
48 402
7700 8758
4627 9136
4669 8392
1486 5418
4337 5302
5372 6783
7736 9082
8044 8278
7980 9902
5447 9075
6720 9402
6579 7722
3647 3837
5523 6563
6984 9042
6412 8572
5089 5519
4384 7555
6494 9837
8114 9814
2270 9804
9570 9708
4639 6582
8210 9365
2781 4043
8305 8832
1208 3535
1472 4661
6655 7141
1380 2926
8206 8308
3501 7000
7948 8943
988 9865
6000 8000
4903 9649
8321 8976
8788 9482
949 2377
3882 9419
4792 4955
4458 7538
875 6729
9490 9679
87 9648
7640 8623
1600 2209
2392 3981
660 5588
7035 7583
3136 6027
6035 6823
9652 9786
3075 6358
5037 8457
5843 6824
1434 7405
7254 7781
1964 8548
7195 9279
282 4013
1689 8460
129 4176
764 3326
4965 6124
3615 8259
6246 8317
6128 7172
9813 9876
8957 9505
2398 9890
7138 9965
5990 7662
2212 5109
7329 9352
204 3519
5665 9783
5741 9710
8166 9738
7071 8191
4164 6625
6873 9397
8389 9757
6488 9831
5494 6323
3037 5691
3011 8674
2321 9536
1371 5260
8874 8918
6930 8334
2164 5561
7067 8214
9510 9892
4028 5387
4774 6094
8585 8842
1135 8611
1241 8130
8271 8384
7155 7281
3218 4493
5570 8280
6354 6998
58 4147
7949 9714
9748 9817
1708 3403
5567 6044
1035 4887
9104 9579
2279 8153
8945 9053
958 3977
2508 9205
8727 9464
6826 8335
1199 2259
9812 9944
4392 8546
8909 9631
1892 8242
8151 8371
8311 9333
3851 8659
1911 4725
1832 2459
7613 8859
1383 6529
578 1000
371 6129
906 7927
4247 9724
8338 8560
8840 9373
9226 9423
4046 7307
6583 8673
7807 8845
1671 2145
9187 9559
7139 7837
6385 7602
6183 6339
1520 5568
8927 9507
8236 8736
2085 9360
3470 9046
456 9014
6705 9954
6156 7145
4033 5428
9735 9830
8397 8754
8456 9563
3461 8714
340 9191
932 7854
7676 9938
3043 6590
4635 8498
9071 9521
7408 8061
7092 7228
4672 8270
1897 7932
5168 9100
9939 9995
4746 8707
7698 9145
5793 9886
4053 4666
9609 9787
359 9646
7205 7449
4393 6211
9690 9894
4893 7570
5928 7834
8420 9023
9460 9943
7984 8735
7103 7633
3080 8473
3927 5740
867 4642
288 705
9346 9433
2901 3668
9852 9962
4047 4989
4643 8686
6803 7070
2067 9534
41 1183
3167 7892
6864 7414
5696 9467
9407 9614
5514 8116
2776 5690
8836 9421
8433 9834
5737 6289
1471 1925
3275 7095
4562 5172
8156 9778
159 6505
4029 4214
4761 6024
5889 7321
7446 9643
7637 9985
4702 7436
6077 9780
2993 5495
4812 5995
7298 9242
1451 8323
6436 8747
1611 4609
4209 7875
5242 7934
6308 8648
1893 9680
8616 8652
6647 7646
1739 1954
5822 8474
9940 9998
2005 6338
8717 8831
4925 8902
714 5565
9297 9843
3482 6547
8054 8760
2225 3254
7852 9931
9362 9560
9318 9610
1274 6352
3086 8091
886 4362
8647 9846
8763 9096
1125 3550
5256 7291
4696 9050
7014 8816
947 8039
7616 8218
3866 4899
577 2816
196 6596
1461 7066
215 512
5485 7728
8108 8448
2161 3922
6143 8434
9027 9893
22 3208
9078 9486
9087 9770
5499 7958
9022 9387
1860 5686
2645 6407
9930 9990
6029 7811
2232 4829
2068 4806
1152 6174
858 1952
5077 8362
9637 9700
156 9028
2110 9526
8058 8525
2080 8814
7848 8084
5464 6907
5805 7604
7353 8090
6254 6350
2532 6439
520 8675
9443 9963
4386 8283
8327 8428
419 8286
6543 8330
1395 3140
5763 6121
9149 9337
1744 1785
1030 7863
5127 7311
1032 8511
1676 5244
8155 9473
7826 9024
8955 9895
6039 8622
1851 3214
2825 9231
1361 8202
7553 9991
4623 9919
4226 8732
9429 9629
76
4653 2972
381 239
9776 6356
5909 324
8785 7196
9328 7074
2723 837
8123 3
5003 3414
9447 6965
3266 2399
7475 6437
4649 3246
9209 6288
5295 3670
717 571
919 116
3363 2271
5120 1295
7942 4428
8505 2631
7663 1512
3260 1126
6889 3272
3911 3669
9681 2839
2610 1209
5589 2797
2865 1626
6403 1436
568 332
3379 1582
96 17
3435 2251
1736 1657
6707 5765
2512 651
9753 2598
5782 4974
2994 453
579 357
5182 3640
6392 3654
2841 839
4321 1150
6892 740
563 325
8887 1003
4360 1999
3990 1285
9673 241
5552 3968
8545 1811
5962 5783
5117 4202
2007 590
6807 1034
9793 9276
320 306
2927 275
8870 2412
9515 1069
5833 998
3472 20
6050 3787
4703 2913
8279 3549
8092 6663
4783 3054
9666 9635
2811 2557
126 56
4353 1527
7903 4805
5010 3690
2223 2053
