415
1358 6042
7018 8827
2246 5887
7228 8891
6697 7751
8147 9818
3951 7991
1969 5639
4566 9230
4193 9535
64 5541
2612 3607
9812 9880
4474 9632
7387 8992
993 3470
4731 9470
4946 5850
1072 7186
753 7231
656 2405
5944 8624
5619 9867
1049 7474
2376 7154
6674 8360
1981 4365
7667 8178
7517 8417
818 1763
2302 5871
327 3243
8210 9782
809 949
4853 5551
961 8854
3338 3630
2957 9003
6568 8187
483 7787
1437 5583
1724 4049
4994 9482
1857 7156
9182 9596
2853 3398
5109 9786
7498 9293
5510 7832
9091 9390
1927 3994
6318 9376
9152 9903
1965 9725
6016 9971
3510 7662
1236 1594
101 2914
1443 3720
5701 9105
5363 7465
4160 6837
1962 4086
7236 8308
5907 7360
8568 8948
7649 9082
7471 7587
2544 9279
4513 5218
2580 5563
4130 5764
4871 5805
5314 5371
2257 8707
2996 3020
3056 3387
1611 9570
3579 4553
9664 9736
4752 6683
5139 5763
3654 7110
3118 9656
6606 7930
1323 4182
839 4770
6848 7366
2628 7878
1203 1512
6801 9728
5198 8447
1000 6650
6286 7376
2841 5111
8317 9526
2417 3572
2452 6270
3005 6089
5166 8247
9120 9359
6013 9871
4607 7699
3362 6827
2642 7896
8337 9913
7195 9752
702 7996
590 3292
2299 3124
1473 5755
6810 8604
1210 3918
9845 9934
9485 9912
1339 3559
3401 4390
3983 8220
2943 4579
9953 9981
5848 5965
9317 9543
9770 9843
8830 9494
7077 9868
1576 5844
7220 7437
6523 7211
8203 9108
7660 8094
1616 4616
1606 8218
3448 8233
9258 9281
6647 8149
3081 4347
6325 6447
5607 9659
4490 6775
7923 8807
5680 7149
570 5648
3077 4810
652 5007
9292 9860
2782 9328
7070 7472
7992 9644
1991 5766
3774 9162
535 6225
1897 8903
8434 9267
7526 8074
330 4590
2401 8847
220 2087
5023 7262
5455 6337
2199 5809
3878 9910
541 7690
7354 7904
4739 8446
1097 6331
8012 9070
207 608
5817 9308
2254 6974
3622 7252
1511 9700
8358 8449
1130 8462
5967 8356
6653 7939
910 4079
683 4096
5558 7446
3715 4287
9705 9771
4309 8173
7681 9115
5061 9748
4639 8543
5226 7926
124 3627
7467 7694
3190 6656
7983 9521
9280 9935
6193 9409
7982 8137
8859 9581
4560 8503
5873 7494
8991 9032
6250 6992
6543 7304
5711 9511
744 7830
5421 8979
7869 9539
7485 8961
5591 5606
9207 9694
3272 9371
4913 5547
1277 9703
5274 9625
7475 8550
6836 7516
5609 6552
6354 8596
7583 9714
8154 9382
3442 8615
2483 2531
6845 8958
9111 9335
3128 7877
8708 9839
1404 4541
2961 3840
1602 7957
3956 7672
3116 3488
2664 6141
2988 4148
8096 8437
419 9414
1775 8419
6590 9321
3550 7286
423 2260
9524 9544
3530 8072
5683 6597
8525 8937
5638 8719
4911 7845
104 1708
7264 8690
3737 6226
6425 9792
2529 3267
7501 8853
7412 8971
8882 9139
9523 9629
3417 4650
2750 4987
201 1504
2426 2823
4681 6157
8682 9023
8196 9347
6288 8171
7056 7198
9158 9964
8254 9662
8440 9633
4707 9098
9457 9671
2619 7336
7255 7703
9199 9542
627 1352
8410 8683
3815 9779
4358 8095
8607 9027
6968 7597
2279 4569
3936 5206
1247 6718
3443 6741
5050 5367
3252 8953
5216 6578
7178 8103
6021 7590
4092 6920
4873 4945
4436 8766
5745 6217
4337 9059
2425 3008
6304 6868
9243 9439
6350 8466
7771 8576
6254 7976
3007 3686
6133 9020
7887 9093
6490 7663
1964 9198
1526 2134
2351 6496
6140 9850
6569 8018
7608 7707
4198 4773
3574 6263
2840 4529
3893 8445
2444 7915
9047 9650
9044 9238
7614 8253
674 2397
4098 4855
5521 5854
582 3330
2912 4533
9546 9795
2807 9190
1794 7695
6608 8361
245 283
2850 6219
7503 7829
8214 9355
775 3092
1105 3506
9798 9854
3684 4376
132 9235
4679 6669
6309 8740
9456 9958
3400 4520
4891 7842
9018 9710
4410 9128
947 8640
7795 9491
5856 6310
7463 9709
5341 8507
798 2831
2909 7687
2357 2626
4906 5516
7510 9740
7988 9405
6779 8221
8634 9946
6570 8250
7892 9135
8551 9195
3066 7027
2095 5338
3959 7160
3709 5790
6315 8370
5305 7767
9224 9696
6582 7814
4415 5318
776 3541
5000 9883
8222 9034
5758 6104
2897 5769
5550 7158
1671 5793
2613 4196
9789 9907
6955 7367
1286 4157
7633 9153
1243 2702
6884 8359
5660 8681
7159 9634
1268 9189
8818 9447
4930 8453
8974 9350
611 3819
3663 7096
1380 4421
5718 6545
9212 9595
2439 3219
964 6767
3299 7804
7911 8100
5998 9923
1199 3237
1005 5122
6494 6651
8529 9553
2952 5687
2 2382
6573 8584
5869 6068
2181 6368
5692 9590
2783 3725
396 2972
3022 7410
1834 4735
6856 8131
3525 8950
9496 9531
4338 8662
3907 7214
1370 6949
5580 7910
7729 9675
9949 9966
5378 9518
8898 9141
306
950 891
8241 2158
1613 877
5612 1194
7968 5266
6284 1768
2517 907
9781 7668
6422 2568
4477 1641
8591 7248
6989 3895
6463 2665
2563 1803
3783 2322
6503 3862
1681 39
3886 3821
7809 3829
4747 1421
5179 394
1530 1110
8917 7031
127 99
7268 4134
5284 2640
7626 1056
7151 569
8390 2017
4014 1109
1486 345
6607 1577
1908 1827
4532 67
1552 1140
6153 3333
5319 2249
3960 3073
8792 3003
4749 241
8010 5614
5335 822
5402 1021
2259 231
560 106
4565 595
4744 1483
2737 760
2277 1204
8374 5913
4695 3415
3655 3331
7419 6063
7334 4470
1829 1211
9038 5646
1405 849
9146 7425
4122 1082
3464 1983
4593 3354
6860 2176
1960 1513
7323 3341
359 76
9393 974
2732 1563
6291 4926
6208 4164
8861 3640
341 295
1950 115
4203 2209
9400 1657
3058 1772
4195 367
992 434
7948 7639
7458 6864
2360 1219
235 184
7397 7263
7243 2791
6559 5771
5103 2403
5469 4100
8828 8042
1455 658
9652 956
946 28
2779 886
7122 1276
6289 209
1911 1680
1630 636
1281 697
14 7
1304 66
8775 6951
7747 2340
24 9
1445 57
451 305
7890 689
1298 1019
247 114
1363 898
5587 5199
5888 924
7708 996
128 103
8929 3088
1805 1337
3183 2522
8688 8537
3209 458
2708 890
51 31
6838 4352
3539 2186
2681 2406
7952 5531
3181 364
4544 4443
6260 682
3515 2615
7998 2746
138 93
4775 997
677 322
5690 999
522 8
1173 25
1926 378
1030 989
7943 2860
7908 6842
7631 4454
2861 2819
2533 1545
7823 4712
8055 5343
3853 856
3937 3339
8821 7525
3947 1255
2064 1245
2556 1407
7524 4940
4391 1713
8229 3241
8473 8020
1516 1293
8226 5001
5067 4667
2441 985
8868 665
6230 2762
4189 3749
9929 1752
3613 2203
9379 387
2974 2274
393 358
1381 660
6924 3799
646 186
551 208
2488 444
9155 1832
716 12
372 21
8772 7736
3499 1876
7727 6300
7518 2239
5633 4212
4972 1015
7351 1117
1209 1096
6768 2962
3788 1429
4628 3207
6740 2964
9035 4018
5178 4791
443 239
7141 4844
9568 8914
9626 1780
9616 8603
2325 926
7219 5301
1715 1074
8114 7565
3102 826
3611 698
6414 5169
4657 4637
2128 2090
2138 1410
7246 1447
6465 1222
110 60
8757 3268
4830 1345
8826 486
487 17
7858 805
925 643
8249 4361
4836 2151
8580 2939
8450 1720
9584 8460
3795 3744
1424 625
8409 7757
1784 170
504 23
6481 1481
6386 1659
98 35
553 234
8355 4282
7966 2738
8926 6530
3779 604
8411 7552
7881 2005
858 340
2170 1792
7283 3658
1266 991
9624 934
3304 1501
5519 1146
4080 2699
4289 3584
4762 2345
7267 4403
5689 4495
9248 5483
6941 1684
7045 6443
8153 6352
7717 6190
1333 1227
9286 1782
3011 2070
3518 3360
1248 346
2475 465
4497 3153
5133 4132
1520 983
7548 3973
4702 4191
6492 5042
1224 518
649 356
507 489
2562 516
8811 8384
3509 2833
9200 1574
1396 290
1920 1403
8063 5256
9333 6037
4094 2690
2832 2225
9827 1275
8996 3251
5411 3006
8549 5225
2202 2053
1319 517
480 466
5209 5129
6996 4427
4316 511
4393 3772
9846 2398
1528 612
6115 2657
7439 3359
5804 5182
8911 1474
4099 2237
9054 7173
1683 865
9095 6082
5781 3927
1478 958
1112 817
3669 538
9950 9575
6393 3236
6026 4407
3667 41
2806 2537
565 61
6620 1369
9804 2323
8314 596
