921
2414 6645
5802 6324
6689 7334
2303 6982
7207 8151
7035 9348
2373 4740
983 8277
5983 7021
3758 9432
7106 9534
330 1061
1603 3730
8768 9529
7304 8973
1040 9068
69 8705
9789 9820
1278 2163
3603 5845
5726 7585
4054 9217
1601 6080
875 2044
7532 9526
9450 9584
3235 7681
6611 8454
2375 2660
4086 9274
6570 9850
874 1355
3644 6724
3158 3767
6520 8954
9152 9255
2734 8379
4994 6766
2453 3065
1855 8811
5971 8535
6850 8233
2041 4496
3031 7719
9487 9712
5466 8226
190 2500
743 2589
1643 3657
7024 9308
3885 4111
5993 8129
1862 5148
3055 6049
8802 9411
8796 9387
2083 5740
7167 7893
1581 5180
6968 7525
2711 2786
2390 5052
444 7448
74 3511
7987 8031
5600 7235
398 6248
424 2318
462 4159
4390 6036
6031 6250
5058 5569
5528 6016
4313 8217
2097 2105
7729 9246
8162 8786
6767 9163
7955 9753
5169 8809
6517 8875
1653 4868
849 1955
8158 9346
367 8538
7281 8234
2571 7990
8541 9778
2650 7466
9603 9664
4594 8834
734 4703
3039 7502
2991 6315
8989 9186
2291 3347
5791 7519
1117 1484
2474 3017
7467 9554
6115 8346
1704 2274
8604 9813
3313 3748
2922 4593
3081 6793
4400 8262
8597 9103
8487 9978
3210 4659
7980 9682
5300 8176
2983 5229
6223 9675
8012 8941
701 4699
6880 8121
260 1412
70 8177
2651 6755
645 7137
4913 7283
7758 9499
6120 9165
73 2508
4874 5258
8645 8689
1971 2185
9256 9434
6155 9262
1716 2141
1958 8093
1409 2844
2181 3606
8683 9996
729 3463
9109 9658
7037 7957
3221 6229
1597 8826
7517 7708
5114 6701
7794 8582
4705 7991
7099 8592
8152 9614
8103 8482
64 9157
7404 8030
2049 9071
5536 6322
953 4880
532 3050
4351 8975
3543 3996
1841 8543
3293 6391
9764 9842
9640 9828
1207 8932
9065 9564
6240 8414
2641 8817
4352 7570
6153 9485
5357 9932
1890 8970
1190 6635
7513 8284
2381 6065
5532 9560
7382 8101
4506 7231
8615 9137
726 7454
7912 9853
1413 8250
6479 8451
2621 3405
2144 6799
4748 7682
2806 8317
1539 5306
1188 3419
7213 7546
7760 8902
6353 8163
2516 7290
8907 9263
8225 8574
9294 9359
4524 5197
7548 8003
8019 9601
3179 8123
6956 8589
9639 9954
9025 9266
9204 9800
7303 9989
4060 4367
7642 7968
7060 7902
3519 9393
5715 7006
6647 9793
6571 7967
1892 5666
1803 5958
6705 7496
8350 8635
6934 9341
5579 7538
5974 9156
3049 5783
9430 9918
1859 3295
9171 9297
5396 7795
5241 6235
6207 7883
4655 7191
5243 8744
3881 6721
8921 9993
2184 4826
263 4794
4267 5250
4758 4882
797 2592
5943 6425
731 9836
8852 9342
8700 9935
5512 8370
972 9131
50 2171
8565 8846
8504 8555
1153 8992
1528 6838
4371 7211
2501 7366
9159 9723
5690 9477
3346 5729
8010 8687
1421 8979
4711 5108
3969 9001
8925 9478
7986 9854
6475 7819
2969 8854
8089 8282
7178 9332
9742 9928
6867 9953
914 1104
2646 3462
8017 8568
7941 9670
6929 7452
3994 7249
7857 8381
5984 7997
5919 9456
1361 8065
5096 8674
1880 3337
8654 9357
9380 9849
1919 2984
5141 5739
9370 9732
7770 8486
5981 6967
9815 9866
5685 6044
8685 8773
6478 7750
3091 7705
7979 9199
8142 9476
6639 8912
2329 6890
5542 7196
1179 5295
4470 5630
1037 9211
3110 3305
8536 8679
506 2805
3070 9827
7242 8138
1869 6566
2082 5775
2094 5031
9491 9798
382 9741
744 9384
1562 2523
8652 9282
1816 3838
8882 9730
5840 6983
4843 5399
2976 3497
881 2240
175 5127
1903 3889
9042 9570
7711 9589
2399 6769
4895 7413
475 5518
4492 6562
2012 4353
5926 7596
5829 7066
9959 9970
5911 7156
2496 9112
9328 9607
1798 4285
2229 8052
4648 5194
7985 9987
1573 8933
8739 9446
5020 8415
245 1383
8927 9026
7772 9626
7847 9806
3000 3397
2143 4736
6038 6171
316 9479
9825 9916
2823 5360
1051 6061
6858 9886
2608 6578
143 4966
4144 7123
6894 9092
5223 6627
2590 5765
659 1848
8643 9043
3859 7835
9278 9616
9091 9976
647 8575
7798 9330
1405 9691
4681 9879
4883 9336
1482 8403
1390 6156
7762 8281
8417 9696
1883 9968
8981 9923
2080 6567
2098 4095
4321 9185
7937 9998
4283 4792
3740 4359
1797 5743
7220 9051
4987 7008
3609 5945
8201 8210
6179 9868
7976 8612
8388 8870
7481 7749
3132 4058
2119 5988
1712 3216
5819 7860
3965 5838
3960 7440
6418 7188
7785 8112
7198 8522
3368 7080
1209 4640
249 5072
6987 8091
6177 8668
6949 7040
8164 9036
6909 7259
4009 8594
5499 9254
3393 7555
1945 9684
2153 5208
915 8520
6014 8751
4178 9160
2039 4096
3271 5203
9597 9903
4721 6633
4073 9473
9002 9227
3430 5304
4053 5216
3818 8050
8531 8833
4129 6577
7810 9019
2949 9964
6790 9862
7547 9630
2903 8347
9350 9662
3570 6468
3649 4822
1377 9105
1929 9231
8693 9633
4264 6526
5879 7647
5882 6400
152 9643
3360 3610
9673 9709
3639 3943
3892 4864
1369 1497
209 1961
9509 9847
1740 4033
4604 9772
3494 6184
5116 8072
9843 9961
6164 7348
3275 7965
3123 4592
7442 9683
362 5647
1510 9034
5228 8903
3353 8675
5133 5796
6029 9582
8494 9949
5745 6455
4734 9018
3839 4223
7752 9501
7479 8124
4536 5903
211 7026
8075 8404
7995 8836
7068 9413
7274 9280
220 4181
3773 6077
6421 7423
2253 9320
3701 7691
550 3833
8364 9292
9250 9738
360 1270
5323 6084
2946 6948
5142 8628
8940 9120
9966 9977
5369 6258
1325 3365
9523 9613
5389 9739
7346 7909
7438 8429
9706 9863
6182 7620
7590 7921
2974 5050
6979 7956
8271 9472
3204 8083
4700 8301
4712 7215
9214 9352
7873 8307
8206 9108
1306 3223
2708 8275
7257 7581
7240 8784
6976 8780
9901 9992
9379 9587
393 427
6694 9181
8633 9802
8287 9755
6599 7540
9725 9797
4812 7501
3208 8579
206 1457
4142 7399
5603 9198
1008 9420
8057 8205
5893 7115
5718 7813
5013 6895
8515 9909
7580 7821
2211 8447
3980 6157
7318 9148
9174 9257
3658 6399
3329 5864
2223 2950
764 8664
1256 2293
9594 9983
3362 3998
5196 7549
3334 5051
9125 9321
6555 9378
6827 8384
375 5071
5460 8525
6035 8562
3421 4418
4450 6271
2327 9075
4856 7009
5104 7871
6256 8878
7054 7975
1185 6988
5318 8373
4026 4598
8273 8425
4845 9557
7572 7609
2814 7908
323 5457
8497 9713
7449 8028
3537 8863
2307 8029
1386 5924
7667 9788
7179 8214
7455 9598
2018 9028
6262 8560
7805 9938
1933 6292
4357 5961
6379 7412
7394 8354
4094 4350
9009 9786
5333 5612
485 7111
9521 9818
8342 9929
1836 5464
4791 7863
8213 8914
6709 7472
556 5363
3248 8022
3848 4244
9573 9651
8427 8717
4865 6783
694 8462
847 4196
9325 9604
6522 7007
1924 2074
2385 4113
8197 9232
3224 4089
310 5904
7004 7641
6918 7101
8220 8292
5170 5544
680 9417
1707 5110
1455 5122
6718 7205
3484 6072
654 2084
5953 7419
2369 6055
6549 9064
4452 8179
7159 7352
8472 8904
7769 8363
8881 8957
8580 9055
5556 5999
7950 9235
9366 9891
6405 8493
7255 7920
1348 7161
3997 9494
9149 9396
7052 8352
7636 9449
7435 8475
4087 6805
5188 5358
8650 8876
6540 9751
3540 9224
6989 8825
4820 8557
75 8016
3930 8752
2789 3116
1456 5566
4043 5863
4333 8818
3567 9941
1612 2541
8321 9724
7764 8232
9087 9333
5596 7400
6622 9495
7300 8988
2409 6879
9606 9839
4152 9441
7155 8971
305 5575
9650 9994
7989 8371
7539 8856
6409 8249
1660 5808
9031 9904
3924 7157
7282 9858
4840 7193
1941 6063
5209 7042
9915 9990
6935 8423
16 8139
9926 9934
5930 8115
5343 5920
4025 4602
5190 7189
2410 3617
1015 1666
1110 8763
4016 4309
3392 6131
4549 7326
6523 7183
9216 9845
8258 8584
7676 9962
426 4114
1592 2048
5601 7018
4608 4799
4677 7033
5027 5671
7310 7842
7176 7679
2174 5691
1351 9364
6657 7529
1231 3449
8767 8997
6702 7913
3716 4565
6926 7862
389 1843
1038 1108
1957 2546
2861 7236
6898 7491
4686 8122
2914 2970
1778 5537
9117 9546
1144 5491
7457 9698
464 5754
1726 6697
8862 9324
9821 9937
3188 9757
1320 5936
8290 9803
4576 8020
3052 4080
7696 8045
5489 7671
3480 7122
5635 9288
2979 9062
5785 7253
8032 8235
4397 5322
1626 7486
6951 9123
1393 6712
6732 9632
1304 5125
2349 5841
121 8135
7411 7660
2920 8910
7298 8394
3894 3934
8412 9758
4250 8762
318 4408
1316 4782
3197 4613
9239 9511
6351 9857
3237 7121
3041 8155
277 993
5249 7737
334 1486
1460 6574
4292 5515
2544 8987
7638 9971
8563 9697
3629 6288
2796 9177
2884 6770
1791 4258
6966 7694
5652 5723
4513 8437
203 6477
5177 6285
4623 7984
9469 9871
555 4012
7158 7645
889 6109
2948 3933
8337 9284
6678 7091
6757 7643
785 3032
9376 9520
4417 5165
9017 9383
6822 8303
648 8432
6389 6903
1692 5604
3819 9067
9345 9398
7203 8111
6123 7127
1065 3829
1871 9310
3975 5897
1860 8007
2407 3791
8471 8694
6747 7936
6512 9705
9312 9846
7096 8613
5280 6848
7081 9572
3746 5563
8824 9617
8428 9180
9951 9999
7130 9277
9006 9104
1487 4692
1360 5730
4262 6032
1176 2101
7635 9213
3890 8257
3905 8061
4769 8819
7829 9301
137 4814
6878 8327
6163 9975
3549 8295
2254 3003
4164 9076
3821 6211
2367 4656
2154 5076
6386 8300
5786 7143
887 3272
5282 6012
391 6865
6514 9649
5112 5265
6124 8808
3072 6412
9428 9629
6583 8433
6722 9000
3844 8797
9083 9418
4150 6026
3454 8638
8828 9942
2643 5056
5401 6996
9240 9768
8651 9016
241 5995
9170 9775
4068 4456
8607 9225
2631 6093
3600 8886
1319 3165
1876 4519
2762 8523
5393 7000
2006 7924
6165 6330
9351 9884
2132 7616
6166 9363
4100 4210
8908 9440
471 8707
6707 7925
1950 5889
5089 9779
4860 5712
1195 5377
5500 6436
4835 8632
2354 3868
4718 8939
7657 8849
5656 9338
6815 7422
8566 9377
8847 8883
259 527
9033 9681
4751 8508
6628 8229
9406 9544
2561 6082
3743 7869
8165 9791
7961 8063
630 6912
4435 6320
5046 5653
5246 9688
5492 8470
8704 9155
6277 6298
4829 7092
7086 9196
727 6859
8710 9637
7996 9693
1568 1894
6824 8049
7297 8026
3810 8861
441 7632
6728 7076
6004 9914
466 2788
6210 7628
8085 8976
1165 2820
2261 6592
7838 9270
4185 7079
3800 7930
9098 9912
3897 6204
2881 9298
658 5713
1676 7055
2967 6900
3107 8357
1160 9644
1157 6582
5954 6704
3367 9349
1576 7875
7094 7323
737
1805 790
7177 491
4546 2534
2712 2292
6573 3015
3106 1952
7342 5625
8008 1243
2697 1851
7431 6255
8678 2191
5017 2146
173 145
454 63
5450 3551
1982 1616
3670 338
2836 12
9182 4151
5860 1353
4832 1327
3071 2400
6779 1441
4305 77
4042 503
3256 2134
548 113
3916 2158
30 19
932 684
2887 490
9958 5523
1741 1523
7658 1990
2907 998
3038 2905
5801 3677
7181 681
6829 4078
9490 4348
7593 287
5809 4249
3907 2506
8623 1702
8530 4735
199 29
2791 897
768 615
1628 982
1036 265
2521 1927
2926 37
9981 3446
7343 872
4072 3967
9622 293
4157 1614
3112 1503
1544 514
2333 335
5877 3757
1586 226
2065 1907
357 85
6474 1237
8698 6744
8088 6646
3556 3533
2665 561
2209 902
3552 2752
9801 655
6504 1661
6344 5570
600 469
2405 1007
780 171
7897 4548
1458 1347
3092 2876
6047 2862
4232 1875
1657 1638
1565 1044
955 705
414 165
2951 674
5744 3541
8696 6693
8785 1960
6761 5661
2692 2247
4905 3959
1235 235
4854 2886
6601 2754
779 677
3147 1261
2959 2207
1759 351
9837 2468
5823 896
850 624
3439 2582
6296 509
977 481
2288 2015
5692 3212
134 109
5164 4902
3118 2917
4407 4140
9699 6503
9416 5962
3739 2753
1590 933
8966 5175
6716 6057
2067 1675
8916 757
8662 720
2846 1886
6860 2057
3764 1016
2977 675
3988 1466
114 4
9718 8202
1365 1086
2043 1853
786 636
2572 1411
1757 513
3719 1259
8735 7558
2449 486
3190 1874
9540 5034
4396 411
6396 4279
7314 898
2267 2220
997 819
4904 3761
765 758
8593 2833
1939 1936
7239 2764
9178 5098
678 371
1420 107
8648 5578
6598 4423
8182 3626
9184 603
5751 1090
2640 2298
2199 524
8624 5256
6430 2306
6887 434
5636 2078
3515 446
3234 1636
1280 1009
1366 683
2037 1389
7608 1372
5156 322
207 18
3786 539
88 10
6347 5753
5317 1807
7038 3205
2486 2047
1105 25
5875 925
7654 3078
1844 700
6764 4441
2656 159
901 167
9538 1768
6134 5498
9151 4950
4488 3685
1193 564
6972 4683
8656 54
2657 517
6502 4538
2140 1972
9389 1
4153 3098
8822 5741
6760 342
4402 4015
7815 3201
6486 3217
7695 3349
7434 5400
5425 4768
7374 2766
2488 1744
8731 6116
7639 2477
7627 6003
4413 2930
6482 5585
9302 9242
9069 7017
7702 2095
1524 1378
5859 4919
5948 895
2838 2278
8398 1799
7898 1013
2422 1087
386 86
5030 264
6091 1232
3853 1174
8341 4189
4584 303
7797 2494
3950 689
4597 1598
6899 45
184 81
7743 7119
596 142
1271 1168
3082 2733
3115 1067
1902 1308
7227 3771
803 520
4291 3703
7278 3808
7036 2896
3795 1667
3211 467
358 33
2760 2668
9671 6883
589 470
7219 3659
8711 210
5546 1954
1075 240
4848 3083
8835 5799
8983 4618
1030 436
6060 2758
4823 4200
3698 2050
4490 2365
1053 869
8984 3962
1435 870
4115 2230
6104 2346
3557 3299
7264 2275
5994 2088
2376 204
4955 3023
8857 7827
7476 2955
7816 6150
1201 976
9399 4571
8706 1991
6070 1633
999 181
9176 4693
8478 4320
1861 1839
4225 791
160 6
2750 1494
2019 1511
3968 177
1303 642
2900 2182
9599 4651
1965 1578
3409 3089
363 326
236 46
8671 455
1228 153
4280 2997
2982 380
507 312
3798 1106
2721 1284
9299 15
3938 1031
3154 1082
841 217
3124 986
9099 5676
8750 7992
5867 745
3131 2841
3713 2538
8772 8483
1781 1089
3620 2016
3534 2899
2961 1443
7928 540
2702 1226
4610 714
5548 3093
1012 597
4007 1194
9423 6666
7818 356
4229 754
6893 6456
6384 4477
5420 2491
8813 5171
3253 1943
1214 1137
9140 6247
1189 500
5462 644
7329 5448
5672 3043
6819 6458
5247 4006
4578 4354
4219 1698
8459 449
1974 633
9052 154
8286 7686
3886 2102
7790 1437
1447 571
4485 3559
4195 2128
6658 3103
9646 4866
796 457
7321 4183
9331 2551
6241 2425
9703 4090
8891 5410
2576 2282
4500 3619
2391 144
6162 4667
1687 82
2673 2579
1307 569
3941 1346
1448 185
1399 280
6323 2252
6614 2560
1538 1376
4171 2751
619 350
9889 7031
8783 3662
719 432
3679 2504
2304 1440
7403 6052
405 58
2183 1949
8691 4776
5890 3385
4021 641
8851 4284
1072 215
1921 1094
1341 480
6916 1828
3710 3545
8620 1217
5456 2297
3502 2355
5880 4293
2956 416
129 41
3624 2167
4630 3182
4673 2418
7498 6186
9532 2725
1335 845
4372 3148
8004 5698
6941 5221
1609 1121
2686 2489
8145 1296
2372 1968
710 306
5342 1579
6275 4107
3492 1218
9089 1517
53 39
6075 1085
8893 8326
3336 2068
7766 835
7105 2935
4274 3126
2602 421
5430 5087
868 802
7265 1079
3579 139
22 8
1845 1569
1985 598
1820 1815
9463 5145
8405 6870
7464 4037
8999 8474
6200 5310
6127 3594
4337 2672
6533 1275
7131 2632
2639 2455
857 162
5150 1350
119 108
7144 4039
5883 2628
1272 1196
6381 1490
8186 5337
926 923
6332 3672
1254 311
5622 2157
3196 3033
4999 425
4071 1417
573 5
495 404
6261 3695
1059 690
1178 800
4645 3079
377 374
2408 1996
4898 1769
2603 2142
8400 2510
5594 4697
7494 4511
4141 1931
8181 945
7469 4404
2110 1566
5239 3937
5210 1183
4401 3902
770 697
4627 2993
2315 222
9817 5756
7010 1938
7579 3880
3243 1617
460 423
225 3
2619 66
7718 753
6066 2246
4884 4036
7308 699
406 51
2971 2957
6023 1381
7397 5645
9200 2513
4798 3562
2790 2530
6961 1674
3465 2130
149 120
5206 1004
3433 715
2011 1558
6269 3784
6994 4872
2072 478
5857 1103
5102 2341
5061 1114
3151 1266
3693 1229
5571 4763
2792 2356
9896 565
5332 5281
894 368
735 402
9783 3261
4235 193
1516 649
2348 1532
5610 1621
5370 78
6970 11
5934 1242
65 7
529 96
9344 5931
6494 661
5473 2888
8853 1934
7851 2623
1452 21
2531 721
5423 390
3069 1120
8367 47
2616 2069
8812 5109
2645 969
974 473
9458 6190
135 130
3029 2225
2859 2168
9947 3915
5330 4261
7599 5748
1831 344
8407 4011
1485 552
5184 2787
4612 1987
7868 5513
9567 6700
5965 3651
4286 3854
3826 2706
2611 1292
1048 141
9875 967
8948 4917
1170 763
7490 7169
788 401
3928 771
3806 3714
6789 4985
4568 3750
4289 621
2472 1752
2810 2729
1627 188
3030 1123
1751 843
4002 3696
6954 5602
56 55
9795 4685
8430 5140
4719 333
6638 6530
2661 793
5665 3160
878 313
2963 2547
5567 2126
5404 230
1593 792
1998 775
1994 1984
4759 1605
3307 1500
7823 2344
9957 3246
6362 3769
6231 198
7916 7372
3936 3027
6740 1249
9547 2906
6743 3452
5668 5237
6928 2952
7553 2594
1685 248
1202 871
5321 5038
5827 4317
1400 122
3715 904
5398 3490
9484 9407
2569 384
2497 1713
1652 1071
6950 663
7418 4186
4702 1477
1022 1011
6734 1783
8859 3125
9408 4842
4175 1454
8087 2324
8238 3431
3380 1354
3306 1206
8298 5117
7384 5843
9539 2345
125 44
8259 2172
5687 4855
7633 5158
5126 4688
7201 1264
6414 4128
7673 430
8431 8053
6037 4778
9515 4937
2591 767
7474 6505
5397 3858
4605 2397
3422 1887
5793 2663
1240 862
6280 3180
7807 6715
2336 2116
6339 3406
2214 1645
903 112
8804 1663
3084 1512
3976 1299
4641 1508
8781 5539
3733 2689
1567 988
9403 214
3269 1912
4827 2975
4770 2125
929 834
1837 1468
4265 3054
3516 1906
5026 321
2325 1940
8590 6169
3796 3174
3823 309
1024 664
2902 2558
1281 706
5506 1944
2198 2145
6215 3215
1175 498
7675 2498
3671 2255
1095 778
502 132
6801 3914
6802 2328
3282 1311
4245 1476
501 151
5632 1542
5049 1975
6152 5486
7032 4425
8977 2825
6329 3999
9641 8128
9694 6612
6508 4246
7369 4046
3328 2695
5896 1750
3939 518
8667 1321
5917 3711
286 80
8855 5777
1042 1034
4925 3978
7071 5894
7301 126
4992 4075
4573 3488
274 123
9585 3814
6649 6034
3763 1068
5773 301
5272 4454
2987 557
5752 5336
707 128
136 127
2120 759
3474 1926
7480 1632
7578 349
8806 6105
1992 239
1419 732
5334 931
6431 6341
3682 2469
8280 1489
186 59
3011 1250
526 169
2499 1765
3926 2954
