446
7563 9833
2951 7915
9893 9928
5966 7234
9466 9709
5006 6462
5447 5457
2116 3140
7460 9411
9142 9900
1733 2322
5773 9274
7421 8178
7467 9834
2168 6433
4527 6013
631 3152
2895 9151
3867 4709
9278 9969
6904 9270
1090 2038
8455 9300
345 640
9064 9808
4408 7246
2261 3789
6539 8284
5695 9701
8815 9178
646 3549
5827 8425
6306 6963
8065 8656
3143 3425
3362 4874
6958 7946
6318 6353
252 2387
5820 6541
2898 8017
6757 7390
8235 9977
1326 7593
5869 7642
6698 7539
362 6750
7533 9334
5257 8080
9680 9868
947 2361
4052 9439
855 9031
6430 7714
9154 9732
8779 9960
3546 8874
4035 5386
2875 3741
8241 9197
2020 2780
4742 5481
4802 7591
8802 9049
3019 4017
4260 5221
7090 8876
5023 8719
7960 8027
2449 6607
7829 9423
4004 4069
8700 9787
8360 9720
2288 3748
1249 3771
4474 8229
7951 8340
8640 8860
6955 8957
3056 5645
3815 8467
9694 9799
2947 3967
8107 8547
3132 7834
1383 2272
1675 2205
1966 4542
9994 9998
5846 6954
2628 4335
2658 7788
255 2581
7387 8294
1343 1811
402 1040
6505 8818
8148 9967
7973 7992
8740 9963
7745 8660
7479 8350
5633 9182
431 8129
4603 7038
8923 9625
2137 3765
4700 8722
7261 8348
6327 8628
7596 8204
5048 8290
5590 9956
841 4383
5626 5996
6653 8605
2493 5324
60 8083
5515 9533
3622 9741
9499 9729
7373 8514
9880 9884
6077 7841
8693 8995
8139 8216
3186 3710
5790 5909
242 900
9927 9996
9324 9592
8258 8741
645 7245
5547 6970
4972 6164
8029 8555
6366 6432
4140 4688
2785 8797
4152 9061
8568 9126
7466 9173
1485 6812
3273 6494
903 1897
3181 8595
93 835
8783 9577
528 7055
6049 6118
2899 5729
1534 8812
8303 8610
6529 9211
1029 8901
9910 9999
1436 5202
7775 9721
5236 6069
627 5904
9921 9945
2955 6679
8298 9660
9613 9746
7482 9101
5484 6269
2246 9022
1820 8019
3325 5338
5621 8312
3337 5962
2193 2596
5353 9571
5207 5470
2234 5793
3882 8461
535 9947
9608 9612
1689 8650
715 4733
976 1270
1027 3267
4360 4552
9610 9794
7097 8575
9661 9750
9817 9942
2700 5052
1197 3373
7488 8804
6253 6331
4805 5702
5151 5886
3653 6343
8092 9114
6941 9447
1526 4634
8359 9321
5335 9727
5634 6992
5243 8652
9679 9820
3126 3499
3465 9158
9643 9899
3708 7304
3174 3804
5370 8859
5722 7934
3253 6031
3037 5085
1186 5839
3120 9117
6248 6874
7110 9932
6674 7078
3597 6598
7545 8274
8275 8292
290 5331
3999 6942
763 3668
3085 4453
8307 9298
274 7541
9050 9487
6438 6813
3083 7346
4856 7676
7741 9165
3566 9667
2513 7360
1043 7774
7370 7969
1782 8341
1179 6234
8554 8928
7696 8833
4772 5955
9877 9895
8238 9471
2209 6645
5694 9497
7470 8468
9454 9568
2433 7120
8205 9626
3196 7711
394 949
1274 5295
7224 9140
2567 7075
5135 9722
7542 8396
8182 9593
6586 9581
9570 9749
1450 3179
107 1641
7341 8561
1587 4777
6285 6694
4081 8657
843 6367
1411 3687
3226 7990
3517 7684
5073 9869
7052 7395
7026 8067
495 7399
1126 6188
2564 9414
7337 9683
8085 9287
9551 9785
8319 8760
2985 8311
9943 9988
1086 5328
1713 4933
6090 7500
6726 9478
6735 9351
9094 9753
6551 9725
6574 7602
7561 8207
2199 6631
6736 9072
5565 9829
5333 7582
683 1209
1381 3964
5606 8243
9984 9985
1871 7690
1566 4757
1889 6121
5608 7512
6552 8962
8336 9651
8044 8474
5304 7985
9288 9773
3923 5114
4389 7586
9105 9923
7628 9702
2235 8572
993 4165
9696 9839
1207 4136
3577 4277
9844 9955
3986 5315
3539 6708
4398 4521
2647 8331
4447 8454
7585 7885
3930 7349
6774 6952
2709 8661
4573 7455
3155 3697
8023 9342
1262 5081
8247 8877
3299 7159
18 8037
2265 2584
8032 9682
8562 9327
5803 8872
4465 6198
5301 5887
4003 4681
212 7398
3047 7208
1870 7001
5130 5961
1570 6283
624 8601
9865 9917
7050 7301
6168 8541
9406 9594
4368 7151
2341 5552
8632 9575
4498 5317
5152 8062
8705 9798
2840 9013
1702 8335
6202 9172
9047 9313
9063 9427
3810 9771
4663 4946
2355 7635
718 1743
9534 9908
4340 5776
5582 6272
5047 7442
5224 9738
7781 8511
6773 8614
6495 9392
1070 4861
6317 6401
6224 7104
1225 3438
2298 9772
2188 5298
1852 4931
8097 9326
6436 7067
5024 9731
6964 9139
5733 7543
1019 6744
7362 9681
3207 7256
5466 6709
4635 6095
2808 3064
9325 9795
8012 8999
2701 8686
3750 6919
6859 7073
9964 9982
7854 9269
629 2739
9617 9755
1127 1421
5038 5495
5401 6377
9957 9978
5698 6885
8696 9311
3213 5148
351 4333
4021 5715
7961 9536
6139 9257
9641 9812
7522 9675
1310 7417
9370 9736
2738 8179
4175 8408
6562 9260
716 823
5212 9492
6073 9055
7451 7579
3495 9314
2943 4111
8346 9697
5120 8469
7847 8054
4289 5467
5861 6490
6315 8114
9029 9205
3661 3946
6439 7780
6159 9974
4478 4913
9494 9531
3756 3908
2765 9357
7893 8126
5116 9726
4229 4773
7903 9558
4581 4586
3050 4032
5581 6513
1901 3790
639 3202
350
7907 4973
8444 1826
4575 2411
9012 2192
3436 2090
5802 348
6134 2219
5576 4791
985 466
9398 7028
9767 8078
2030 1661
2154 1681
1231 771
2388 1219
9905 4307
8505 7077
5320 3861
2863 442
2402 654
1470 192
9161 5688
5206 3767
7364 1916
8073 2029
8763 6937
1546 810
6020 1741
7956 5601
5874 5762
2077 1834
5677 2992
1807 9
3878 2933
8529 4191
671 117
4949 678
7637 572
7645 152
3816 2130
1504 1092
1376 439
1923 887
1751 635
8743 8028
297 158
9566 6110
1508 709
6484 5732
8316 4276
4691 1554
9291 7787
1307 910
126 77
4142 1595
228 17
6501 2948
9690 4105
6522 1439
4760 2550
3175 652
2873 2672
9109 3173
4682 1324
1594 786
4841 4605
1671 1545
9607 609
5378 1345
67 46
207 8
2576 458
7751 7511
7938 5250
2521 797
6206 504
2810 2086
3520 3204
7695 4854
3127 2373
5739 3033
9845 828
1964 1458
1361 590
3693 1039
2302 781
473 311
138 5
3211 335
4401 486
7883 4226
6742 531
1982 1727
1983 200
4623 3939
5087 4149
3346 2201
6054 1648
5594 438
4816 3716
2294 1183
6594 5623
1352 1247
8293 6348
4281 465
693 359
7307 5280
2210 1606
9452 2004
1559 155
3221 3147
5883 4747
7286 5789
8648 2920
3823 369
969 133
8209 597
3647 1032
7680 5302
4236 296
2311 144
3039 1814
3982 3000
1645 723
4186 4043
7573 2375
6857 4232
293 199
1970 623
6780 3580
699 64
139 78
2545 2129
8880 1054
2357 1359
575 35
6099 2354
3696 3058
8639 7042
4357 734
1683 1244
7857 1815
5216 119
8363 4546
3722 3510
3524 1913
6756 5752
4665 1769
7959 6863
3316 2824
9527 8228
3396 1081
2097 1539
3635 1855
8264 2476
4939 2095
5873 3191
1443 30
7305 1111
8521 952
9797 4775
1132 4
1817 1303
2258 1457
124 82
1664 622
8680 574
7320 826
276 98
515 31
6241 3027
3103 941
7599 3714
2673 289
4622 1407
4534 938
9981 9159
1112 697
2042 1895
3381 1954
533 307
4193 2324
5651 3506
7570 510
2052 899
1393 1308
1268 1095
1098 727
4916 1762
4866 4501
1764 286
9359 7944
3621 712
4228 3925
8115 2397
9383 913
3839 2523
1621 1581
2475 278
6024 2191
2847 854
8938 2448
1193 435
8160 6554
2314 1144
7430 1162
5185 756
6210 1905
3370 593
2742 248
6259 1903
5747 1994
1441 360
880 704
3494 2430
9180 7894
4735 2506
7606 6880
820 721
3431 3153
2872 1271
4525 265
3674 3460
4084 331
4148 405
2136 967
42 29
5817 172
3832 233
5291 650
2145 1730
8130 5032
5965 4850
5972 2616
3544 666
7967 7322
4169 3210
935 769
2157 1059
8239 8189
4300 1977
7003 1486
7574 6852
738 399
8694 2463
1799 1158
788 197
7837 4125
5011 1509
9341 5347
5678 657
9156 5816
3737 2835
8590 619
2122 235
2587 1511
243 14
3439 842
5118 1301
7152 1708
8039 4815
4599 760
1750 1663
2441 2293
8456 4027
6201 1928
3184 2488
9882 586
6316 4216
4462 2531
3505 1466
8206 6424
3535 3095
1375 33
6375 3915
7283 4564
5479 416
3757 2111
9355 3770
2439 2160
8556 7826
8982 2436
6569 1660
6454 467
8791 5145
9095 4087
7626 6890
463 54
8418 4819
9855 6067
3502 2744
3260 157
4993 2456
5859 958
6879 5614
9208 1246
4664 4450
39 28
3533 2224
8431 3025
3990 1638
6265 3072
7818 1392
7896 932
9997 6397
7284 1627
4803 147
387 206
2143 1898
9430 5228
9213 8817
87 38
602 65
9517 1558
8970 6400
1021 980
5461 1475
9886 8066
9600 6251
3433 2169
3228 1829
468 291
9624 1809
6881 6617
7916 3372
3914 3615
9939 2141
3002 1974
5027 3079
525 238
9815 9555
3628 608
1410 1091
2426 1030
3884 2342
1204 1168
2927 1654
920 299
9854 7361
8748 3872
1134 780
6504 4302
4036 2963
7849 6580
4646 1276
7544 2635
3957 1619
6014 5797
411 22
8591 11
