813
924 1442
2655 3682
9942 9964
5160 7851
1869 6845
4887 7741
9908 9923
6858 7272
7921 9243
83 7709
9495 9715
9748 9806
1998 4727
4340 8256
4058 8841
1314 7748
2523 7765
2762 5317
1312 7962
6719 7120
3050 3378
9690 9697
6539 6952
3274 8805
5730 9041
9932 9945
9485 9577
1493 1996
1956 4577
2488 6306
8062 8343
4771 7907
9130 9639
4916 7931
9544 9608
9525 9650
5816 8249
2236 8501
7286 8671
8415 9486
8583 9557
6380 8483
1070 8595
164 2010
6299 8236
9074 9288
6021 9312
8594 9104
8133 8283
4334 9122
1462 4786
3223 7824
8733 8960
1925 9803
5870 9186
2694 3741
7606 8491
9473 9917
9410 9744
5521 7756
7047 8863
2632 9954
5466 8340
3716 5883
179 4066
1390 3046
2716 8261
9549 9799
3760 4556
9581 9640
4562 8284
4547 5157
7411 8626
1465 9848
4920 8120
1214 9278
7483 8774
15 8900
7879 8073
7059 7538
6671 7633
5567 8157
6473 8813
510 9138
882 1816
1409 4814
947 1521
4573 9558
4839 6897
9919 9984
9055 9815
410 8386
9695 9941
4686 9788
8646 8695
8567 9023
2211 6485
7395 8259
903 8190
6659 7861
559 8791
9031 9877
6030 8267
5497 8855
8074 8089
8669 9902
2363 9465
3662 8678
7139 8315
6899 8758
5999 8009
8672 9907
4462 7488
8516 9663
6405 9463
3895 8919
6147 7481
27 4669
4572 8778
6862 9200
7896 9900
3603 6257
3641 5172
3330 9328
9056 9079
9425 9915
7625 9143
4296 7919
9435 9652
7862 9515
9965 9977
9793 9906
1426 7543
7659 7848
7304 7449
331 6527
9268 9638
5412 6362
9443 9839
1955 8647
1458 2568
544 5747
7627 9519
2460 9176
1111 8555
2893 4681
4997 8856
9 5898
7145 9521
48 9299
109 8586
7939 9311
5476 8680
9645 9786
6692 9438
6585 7768
6740 9605
9494 9535
2167 3344
917 9592
1014 8213
5416 6630
172 4113
6717 9603
4131 8609
3581 9771
7593 8722
3342 8039
2614 3145
7969 9539
5606 8421
86 8303
7300 7842
9466 9537
9002 9599
5987 7886
5593 9705
7983 8173
4090 5430
4929 9959
2836 3564
5221 6520
2368 5228
4979 7922
4746 7977
5439 9296
8099 9572
8183 8970
3498 7013
5723 7561
5390 6651
6830 8617
4312 5990
4092 6070
8789 9092
7368 7438
2124 5143
4932 8840
1511 9167
5174 9777
1092 2127
5685 8717
5588 7484
3732 9801
3939 4750
734 3779
7506 8444
5875 9891
6011 6747
3679 6043
8299 9892
5617 9708
5461 6242
2845 7454
3766 9111
3021 5612
72 3134
1982 5004
130 1742
8515 9896
9236 9354
6498 7671
7412 9986
379 4595
452 7554
352 3015
767 6325
4828 9622
326 9508
6943 8902
61 8220
4037 4734
6333 8045
4442 5499
1187 8859
7124 9141
9108 9412
3379 6863
8331 8351
2872 4120
3009 8459
4888 7772
532 4726
6961 9414
6946 7666
6064 9969
1017 5361
8823 8926
807 5539
7251 9903
4142 5824
737 9203
8153 9057
9620 9861
9635 9885
8122 9416
8964 9234
3007 9218
3404 4001
342 1973
7730 9361
1674 3338
4922 9761
6547 8721
250 4046
4869 6598
212 7086
4830 6149
2053 4069
3468 7144
3166 9943
5542 7191
8324 9997
5086 5334
5019 7320
9102 9990
2711 5988
5326 5998
1133 1615
5415 6246
3422 5212
4942 9540
5950 9265
9460 9671
6872 7846
168 9333
483 4238
8822 9093
1565 9158
6664 7555
8725 9162
1656 4860
1525 6753
4239 5822
5288 9624
7260 8055
5537 5624
7068 9105
2595 9432
9898 9948
5036 5107
6190 6423
6783 7410
8143 8729
3005 6551
6057 7151
8352 8745
4254 8121
6295 9075
5560 8542
5482 6260
8234 8613
8575 8987
7105 9024
3449 5140
3692 9726
7945 8135
9723 9982
2763 7042
6420 9417
2221 3736
693 4969
7516 7655
5599 9390
7112 7727
9261 9916
4224 9681
6346 9534
8668 8945
8082 8766
860 6890
9881 9925
6 8699
4184 6817
9095 9712
3263 6239
3232 9123
6000 9335
9619 9899
6195 6808
203 2444
396 8939
198 8458
8462 9153
3336 6357
1708 9737
6617 7605
2789 7935
1276 6194
6880 8028
7397 7677
6023 8076
1545 3101
501 6965
2467 8426
9729 9853
1448 2911
1745 4112
8060 9343
7810 9230
138 7188
5628 9013
4574 9913
24 7036
6430 9879
6834 9127
5357 9362
3590 9703
3130 5892
8947 9731
7670 8145
8711 9139
5942 6993
9973 9998
8212 8495
8810 9643
9960 9976
9617 9924
1260 8543
3160 6341
7115 7724
1679 3826
6123 8105
9126 9717
8298 9388
1659 3745
7579 9526
957 4060
2984 6205
9238 9692
9368 9832
4685 7231
2018 7012
5477 8432
3074 6591
1473 3850
2705 3353
1077 6979
4534 7425
1809 2202
3220 3586
3599 8999
3383 6987
4172 8817
8430 8599
5452 7106
6480 6528
6233 8662
9482 9778
9694 9931
5672 8397
7345 9584
816 5222
1672 9251
2317 6213
3056 5515
4045 4614
4370 4515
7074 7166
6206 8635
5780 6202
2866 3385
8104 9719
1043 7157
3222 8403
9856 9989
9180 9532
4891 5915
6525 7190
6873 7934
2164 8472
2857 7351
1820 6470
9718 9725
5964 8781
9967 9995
5785 6477
1707 2585
540 2631
4691 8916
2 7766
8270 9623
2302 5372
6901 9559
1447 9710
6277 7550
6613 7456
5844 9632
6575 8585
6624 6924
1064 6175
1844 8533
1501 4744
3789 5469
320 1750
2328 8493
3356 8842
3729 6941
907 1764
9349 9841
3707 5362
6832 7133
8377 9191
9235 9611
9816 9983
5079 8938
8 651
9028 9144
4275 4317
1303 2939
2099 7683
5646 6715
594 2290
5285 7990
6757 7640
1927 5792
1931 5786
1984 9365
6153 7073
9612 9835
2037 3448
7267 7382
9813 9855
4078 4868
5058 7233
8246 8287
674 8530
6887 9884
516 4366
1299 3171
9449 9498
4742 6542
2914 4931
6232 9310
7196 8370
9382 9543
4405 5655
8040 8461
5982 8760
2000 4133
7767 7923
1129 5056
3045 8020
719 4638
5208 6492
754 8369
4503 7002
1841 2030
7475 9027
6607 8288
3628 3925
2799 7531
7948 9844
7335 8816
6338 8100
8423 9406
1890 7825
1008 7063
90 6201
4859 8546
4138 9750
5765 6065
5198 5409
9783 9949
2430 5670
1253 1423
5555 7053
8471 9001
2237 8603
7095 7283
487 971
7247 7347
1814 6582
4294 6665
271 9214
3888 7373
8029 8347
5301 8872
4635 8119
7564 8616
6807 7470
7523 8297
6224 8602
2103 7889
8553 8927
5910 6394
991 9863
3532 4206
8309 9753
4423 6841
7515 9739
237 3136
8869 8994
6408 8139
6510 6877
68 5557
7869 8388
2197 7638
8243 9826
5777 8127
638 9185
6903 8042
4824 7903
8484 8965
7526 8538
305 3098
1301 2367
5137 8582
2565 7773
3847 5710
6609 8967
7758 7955
4666 7472
8794 9309
546 8111
225 1668
6374 9219
4919 5435
7580 7678
715 5178
753 3469
5544 9132
193 7651
7098 8269
5552 7975
3392 3799
1379 8630
3357 9012
5485 8250
2485 5329
3304 6317
5117 5338
5464 9922
1929 4380
2603 3421
5608 6102
3094 5084
8481 9094
8445 8993
2370 8419
2800 3798
8418 9758
6218 9391
5332 9474
4594 7363
7636 9048
5097 7027
9280 9492
7147 7348
9470 9630
7360 7779
9795 9808
2609 3875
3373 5933
9828 9830
3831 6059
8470 9926
6141 6250
3326 4300
5387 5866
2386 8844
6425 7315
2426 7005
134 1945
22 5861
9064 9332
2571 8158
3820 5373
3179 6974
2891 8740
2295 5789
5147 7918
5960 9992
8333 9889
3440 6312
8632 8734
9415 9757
3725 5328
2475 8800
1966 2377
7521 9097
3371 7094
1041 2879
127 9920
4150 6104
6458 6985
6287 8171
2163 6902
8677 9084
8798 9975
309 5936
9257 9418
5299 8384
8941 9773
4684 5662
7591 7662
5748 6022
617 6044
5292 5632
3710 6663
4784 6393
4682 9260
9527 9670
1654 6677
4264 9274
9378 9590
8591 9981
1195 5092
5190 8776
8653 9501
5180 5272
3387 3487
6093 9337
3947 6546
157 6672
6991 9078
7179 9487
5350 7708
1392 9096
6623 7054
4417 8831
4162 4230
5862 9755
7875 9161
3031 3812
1383 2990
5891 8066
8589 9910
4731 6328
2519 4694
5473 9269
3734 5312
756 9140
1489 7101
1373 6629
7077 8389
1034 4831
7134 9120
7940 8969
6649 9363
3149 5199
8058 8281
2036 9318
5234 7006
1757 2104
117 7069
6344 6627
6363 7277
5303 9444
1972 9707
4271 8913
5142 5342
7261 9496
8112 8203
3980 9716
2811 5188
8258 8942
3253 3276
1223 8514
7232 8254
1500 7464
8990 9834
457 655
3437 4728
4241 4625
5196 5954
505 3754
2736 3830
7241 9025
4689 7654
6691 8628
5459 9980
627 9569
2454 8431
854 4020
7058 8828
7725 8714
8780 9609
1731 2060
3514 9032
8308 8944
2483 8651
3443 8174
5734 8956
3893 7155
3718 4068
883 6489
6878 7393
5320 6431
2212 3256
5377 7279
9157 9657
8011 8268
4448 5148
7711 8888
801 7321
3695 7542
4988 8752
6401 7011
5051 5440
8529 9728
9897 9933
8772 9103
5337 5884
1160 5927
5115 8966
8596 8865
7787 8346
9767 9993
9165 9934
4740 5375
2982 9083
8348 9324
3645 4221
4212 7999
150 1357
6667 8117
3410 5168
6907 9067
764 6989
1326 3574
6453 9409
4306 6163
6225 9818
6174 7997
5931 7500
4364 9077
3128 4019
5631 6457
9483 9866
4108 5510
5886 8126
8663 9541
9665 9666
2604 5149
2281 5897
480 3829
5276 8222
1908 4469
3696 8005
5831 7092
4917 6781
7661 9820
6456 8241
6311 6709
2275 7375
9011 9452
17 8661
2757 5356
3506 5182
6127 7617
7690 9066
6452 9131
439
4900 3115
4678 2520
2142 1548
4505 3573
6228 2369
4660 1319
2674 2356
5397 1586
5857 3425
7987 4945
5986 205
9895 1767
4245 2690
3401 1919
8676 5093
4292 3043
6669 4909
5690 4476
6440 3576
3923 2179
9684 7818
5352 3842
4554 879
6507 2626
4490 1128
1894 1106
7590 2012
526 380
7510 1002
2682 2177
4361 4226
5223 4654
5075 828
3632 2316
2909 1917
7230 6058
7141 2375
5658 727
9647 5692
1619 1067
231 21
9085 2737
4781 2168
3668 3656
5916 5724
7556 5401
7900 2137
5345 4754
6843 4137
9015 1126
619 202
1165 1042
6114 3427
1029 910
7567 7532
9480 1309
8307 7847
4196 2123
5903 390
9163 2086
9631 8997
6543 3023
6347 4647
7461 2589
3605 1702
3607 3212
6576 4330
5563 2399
9177 3508
5490 3271
5327 2270
8853 2040
4648 1251
6084 5063
3111 422
6775 6694
7736 3863
9686 9170
2985 1456
5609 4610
1556 300
3044 522
4430 265
6184 1305
900 733
2238 136
357 183
2867 582
8050 2710
9454 5181
3478 441
2192 661
7015 3017
9756 5119
1582 953
4597 2635
1936 1601
7817 7624
5061 635
7801 3351
1351 726
4745 2185
4866 1209
9517 442
1870 852
8584 3486
1163 869
5654 1258
6297 4725
8407 5603
2858 1986
8665 1779
2958 1599
7557 2590
6696 2014
1224 575
7751 272
6859 1818
6035 5979
3912 332
4605 3951
1554 997
2075 2048
1529 494
3317 2305
6116 1639
4072 1538
8185 5966
345 67
5209 2699
6187 6007
1642 1219
7656 3650
6386 4280
242 104
2133 1094
3267 1871
8636 2115
5341 3381
6249 333
9017 7353
4261 1527
6945 2344
2933 1013
5363 2708
3369 2350
167 149
5574 1123
1401 443
4482 681
7705 5007
7136 6785
1649 1468
1553 1185
3206 1971
3168 2747
4082 3646
3814 55
2101 1566
1675 1671
6693 163
4065 1789
219 11
7796 151
1169 1007
758 620
7400 3837
2546 2513
9134 3803
6432 1990
2408 1148
9946 6564
6857 495
4755 4043
564 324
9514 6992
5413 2141
507 369
4342 1798
2359 1622
1386 496
5078 1419
3196 2790
3715 763
2556 49
3277 1958
4508 850
355 123
6526 29
9290 2472
1946 1361
8650 1905
5847 5257
2059 1537
1953 536
384 270
4856 703
4822 2978
2863 1611
4500 1689
5191 3092
8245 2050
7937 4769
2996 1934
8063 3973
156 148
1829 1083
9677 6348
2261 1132
9359 2928
676 45
8858 4615
7540 3467
4853 2169
4427 3375
3717 2600
51 23
8624 8364
5969 3881
1985 356
3840 3653
4315 2151
1440 682
6003 133
8022 614
5404 38
7901 2915
16 10
7014 258
8233 6471
2461 1797
327 247
2068 517
8719 7061
5601 2409
6051 2961
7210 4690
7346 3873
3113 905
5186 1888
942 937
2214 1051
4829 1240
8834 609
9979 3825
7031 2868
5924 601
2684 1382
3047 299
8265 282
2081 861
6879 1328
8935 8311
7045 3219
8574 2299
6364 581
6762 2819
3349 367
9740 2330
8092 8036
9453 7044
8176 4003
7745 3806
3971 1514
311 128
8786 3749
3780 1170
2415 137
6586 2706
8018 1189
6787 6589
7458 2730
4930 898
8995 4532
1352 1011
7467 752
1368 139
701 113
4420 449
2729 891
5202 4177
6559 3275
7417 3805
4474 4285
430 394
7242 5275
8136 7781
2065 842
76 46
5742 4350
8156 5783
1114 121
7612 3983
8411 3048
4333 3504
3561 2498
3676 1193
2676 1090
1552 670
9233 6013
7439 2638
748 400
5265 653
939 881
230 186
2028 521
381 155
6766 3839
7406 420
5683 513
7057 1400
1513 675
3433 961
2009 1676
7137 2391
9871 9582
6706 2235
471 330
4345 632
3769 604
2020 1048
1862 1612
2437 171
466 341
8019 2746
9107 8123
7078 2341
8017 4804
7634 2776
1174 634
8468 8412
57 4
7023 3260
5507 5000
7356 7268
3855 1808
9369 934
7065 6200
8070 6601
3807 1387
3909 340
6970 963
2034 1785
1706 1037
6759 2362
5224 2769
5688 297
3833 2153
4324 3709
2935 973
3970 591
5432 2934
8631 1345
912 588
1413 571
9596 1040
360 214
177 107
796 519
4974 1028
6036 481
8830 4640
244 208
4289 3494
2627 932
195 105
709 75
2402 2092
2645 1558
5704 2372
6324 5095
4630 3529
5953 5121
9289 5643
9542 6572
4596 4561
7340 4629
5020 3526
6637 631
6419 724
9392 956
2240 1568
145 132
3424 1959
3522 2855
3578 1398
2267 1850
6947 1403
2001 1901
8395 2770
6509 5770
5072 1655
2456 916
3368 1903
470 7
5622 418
3841 986
9314 5741
1794 1625
1294 576
8962 5591
9858 3124
9687 5417
2931 1216
595 97
2041 142
7403 5060
5830 4329
5779 3740
2425 1726
7399 4256
9468 1855
1256 689
7111 1071
4847 1938
7858 2276
5175 1364
3809 3738
8684 3002
6658 3503
6535 543
5009 1638
1310 613
4590 3447
9399 5614
9436 374
8186 2462
3269 2901
5369 1121
8921 4175
9914 2114
4872 2135
8793 4537
2470 1743
5203 806
8323 28
5177 3872
6721 301
1944 189
