790
8235 8471
4129 5053
879 5955
7947 8997
4167 9889
2045 9020
9654 9665
1006 5843
3930 4493
2729 3591
2609 5097
1266 1619
5391 7287
6292 8958
1341 3606
4013 8116
2514 5646
673 4655
7821 8637
881 2542
2272 7043
1992 7206
9995 9998
3687 7661
3541 7555
4619 5761
7679 9749
938 9071
9646 9930
2394 8367
7340 7699
7527 9240
6294 9497
5528 6470
7796 7817
4293 8601
9219 9716
1 2660
3480 8697
7511 8908
2487 6674
4635 6053
1368 5702
9398 9901
921 6729
474 3463
1771 7154
7876 8334
4664 8834
3767 9388
1722 3000
302 9264
7272 7742
6671 9155
1096 5332
3054 4836
3686 9752
6915 9783
4911 9268
6320 8556
5381 6277
4201 8891
3389 6750
7571 8739
9723 9785
1430 8162
1671 6427
5130 7670
6132 8233
6655 7034
1406 2223
9957 9988
2381 8678
2987 5478
1814 8131
985 1385
8023 8238
64 4997
2169 8260
6325 8437
2003 4031
5420 6889
1792 9207
3493 7186
1035 2253
4173 8466
8388 8735
5491 9053
9466 9806
7714 8191
7919 9553
3558 5433
2852 4747
9062 9729
1697 9086
8696 9582
693 1549
4347 9229
2567 7194
6000 7183
5902 7441
3139 5556
1582 1675
8384 9588
8037 9516
7899 9571
1524 1914
6038 7312
7855 9965
7649 9130
8749 9700
648 3796
55 8349
2543 9208
9296 9593
9277 9283
4441 8826
7789 8722
3230 4015
9530 9904
5900 8918
4239 9125
2341 6351
7856 9858
1640 2146
7869 8199
9614 9863
1827 4713
4849 6972
3406 5644
8983 9554
8025 9273
6285 6587
7669 8010
4631 9473
7450 8450
2689 8564
6812 8607
6013 8877
5817 9710
9066 9370
4055 9642
9311 9393
7092 8236
414 6390
3667 4104
8931 9750
1126 6501
9612 9740
2812 6495
4626 6650
3117 9151
216 7768
5695 6607
3582 9890
8004 9560
2598 8547
1816 7137
8017 8215
5341 6899
4384 5642
8507 8634
4867 9962
7225 7403
6297 9827
9449 9668
4053 7236
7326 8043
6833 9293
3037 3337
3387 5510
3553 8227
9881 9974
1215 7169
9830 9943
4402 8572
2477 3042
2889 7275
6131 8123
7382 8812
3345 7486
2193 4345
4215 6384
8769 9335
2960 9214
159 8338
3968 6484
5428 5541
2751 4029
6213 6452
9462 9606
1331 6836
3019 5705
1611 5107
5340 6241
8270 8862
1340 3550
9501 9731
4437 5364
2391 8940
4175 4523
9481 9852
9799 9970
2432 5979
6646 6752
2331 6654
165 5178
6120 8975
1034 1645
346 372
3180 6704
6336 8296
981 5137
2612 9994
8110 9641
7266 9158
1974 6911
2883 6932
6009 9754
6225 8422
514 4511
1970 6760
5929 8109
8381 9531
6631 9964
6998 7549
1508 9292
2879 9765
6238 8867
85 9334
7316 8875
9664 9883
5739 7922
5811 8448
5121 5207
4532 7095
3949 8331
6668 8673
5724 9758
7492 9153
9127 9420
9818 9976
4302 6806
9136 9480
562 7730
8927 9803
594 6194
5015 5623
7228 7242
3855 6021
8038 8378
109 5067
657 8206
2038 6185
3674 7132
4315 4853
7904 8140
5487 6820
8054 9717
4611 9192
1935 5841
3311 7964
6551 9331
7724 8994
8003 9534
3628 6156
1186 9597
9107 9715
825 7935
1227 8274
7767 9986
3102 4207
2796 9637
5791 6147
5586 9928
5821 9559
7041 7059
7636 9047
1973 2874
4448 8689
395 641
7222 8672
2088 5948
7637 8426
4790 8489
8811 9912
566 6493
2492 2866
768 1862
9538 9687
9381 9491
1711 9469
1699 3161
3757 6160
6469 9204
5638 6574
335 4319
9231 9933
5859 7528
6085 8723
4727 9217
7329 9182
6505 9448
2348 5302
6066 6761
1399 3596
7080 9952
9312 9533
2576 7830
7521 9138
2468 5960
7056 7810
1251 8481
7589 9905
3716 5313
1579 3317
5100 5922
4723 9134
2531 5573
6918 7665
3116 7997
347 7485
9903 9977
7824 7986
818 2322
8752 8844
6840 8792
1480 7646
8348 8452
1883 6161
1704 4150
1975 9608
1824 2444
5436 7978
1328 6717
903 2756
1689 4858
3584 6081
8915 9324
5593 9633
338 7304
3707 9552
5215 7298
9923 9932
9528 9920
6269 8587
1820 6721
7849 8496
2463 7002
1348 3995
5293 9281
3914 7179
2421 8500
8311 9971
4907 6683
5259 8712
5784 9395
4188 8183
8365 9565
4434 6437
5871 6187
7906 8103
719 4203
6984 7243
6208 7844
3991 4637
7368 8969
7537 8610
6248 6528
6658 7155
4500 9087
2352 5762
2611 5531
611 6510
8977 9755
4332 9137
3728 5394
575 6935
3875 5314
2067 5951
4808 7520
6135 8885
1968 5915
5889 8818
2721 5045
831 5626
2347 7915
8372 9670
5706 6314
6887 8661
3559 7790
2830 4863
1223 9780
1260 2345
1944 6627
6536 6746
6087 9306
9738 9777
9294 9369
1062 3519
2738 9190
7443 9934
7328 8146
4262 4300
1302 2237
723 947
2635 2844
9589 9878
7927 9394
4001 7389
447 3888
5615 7708
6389 9502
4088 6538
1942 7349
2249 8901
222 8185
3514 8279
4183 6513
2979 9098
8480 9507
238 552
5044 7610
6694 8163
5581 7107
8111 9314
317 4720
135 5261
7826 7891
6230 8444
389 533
1431 4269
8387 9344
9215 9949
6411 9515
2607 2610
5634 8729
3994 6262
1682 3803
6319 9209
1784 2076
7655 9944
436 6310
8779 9779
970 3632
5114 7560
8614 9262
3624 8330
7357 7624
3226 9673
2837 7458
4151 9141
6189 9735
6003 9223
4757 6661
5498 8066
5214 5655
3630 5434
2464 3330
3369 6810
6333 8356
4513 6498
4453 5369
2090 7081
7128 9029
6758 8269
3190 4508
597 3861
5033 9966
6954 8608
2427 2961
140 5010
9115 9545
711 1329
5328 7252
4877 5442
712 1504
196 9611
8219 9475
8155 8511
304 8920
5874 6444
1925 3177
9077 9807
3506 6106
548 3956
2362 6220
275 5348
3729 6664
2840 4288
7402 9430
3586 7483
1478 2001
4685 4811
7682 8127
5751 5794
9837 9911
9892 9908
6710 6821
419 3665
1476 5890
5444 6026
1367 2153
2571 7147
8224 9587
4698 5912
5920 6693
6232 9467
9088 9661
6111 8905
4322 8996
7302 8195
8390 9542
9174 9768
7166 9160
640 8802
5350 7740
6086 8719
2279 7835
8806 9069
9415 9678
5823 9692
3136 9432
8642 9368
3410 5431
1118 5410
4642 7479
8202 8307
315 9809
101 8624
444 9490
8427 9438
6154 6249
8609 9459
9446 9838
4341 9495
6205 6511
2015 8207
2445 2616
586 1482
8938 9072
2914 6150
8768 9284
99 1544
3220 7545
1528 7380
5238 8699
4406 5337
380 3717
243 7871
9177 9251
2897 9913
1787 6206
4364 9280
3609 5048
8563 9595
3734 7338
343 7579
1194 5254
9100 9122
9195 9544
1258 2330
1427 7238
8253 9171
3886 8250
680 6776
9682 9695
1652 9117
7900 9184
400 9822
6217 8873
4217 5063
9129 9489
3807 4159
9832 9975
1706 2181
3043 6931
8954 9242
1747 3813
9945 9954
5798 9401
6751 7141
5162 5395
125 8318
604 3183
9558 9968
4649 4886
6050 8295
4620 9175
8078 9820
2241 6714
273 2789
8401 8970
2081 4686
3 7476
6929 7860
2274 3483
1159 7396
6789 8528
1351 5671
4430 6940
8786 9450
4212 6315
4740 4826
7774 9321
6127 8924
8730 8950
7142 8371
3193 8261
8341 8714
1741 7653
4817 8092
1414 8523
5009 7846
2162 8476
8410 9353
8516 8567
2583 7036
5637 7497
8599 9506
8475 8629
6500 9730
8740 8876
9686 9888
3689 4068
3262 5719
2572 8945
971 1846
5388 8775
1161 2318
2257 3269
8923 9696
5916 7755
8069 8152
3080 3386
7683 9500
3593 6426
3705 8487
1651 7586
1467 2945
7151 9955
4480 6123
7386 8282
4651 6848
7470 8956
8793 9140
2284 9813
5913 6920
4294 9815
3909 7798
6798 7859
3469 8168
9315 9655
3137 5787
5172 8059
5127 6334
1268 6499
3343 8832
4219 9875
7956 8305
4373 4879
2648 3321
6895 7412
4876 7509
4459 6446
9337 9508
6330 6735
1627 3322
4000 4163
6102 9690
25 3806
546 2521
3466 8754
4063 4299
2563 8304
8797 8989
9143 9185
5699 7499
7802 8947
8472 8851
4350 5396
1129 9760
3422 4712
2436 3562
980 4653
9009 9759
5017 5098
9810 9864
3937 5619
3882 9594
6136 9202
9361 9874
1907 6656
9739 9885
1612 7255
5714 9212
5905 9340
6619 8035
8403 9237
3356 4753
7295 9669
4741 6907
3996 9671
8079 8242
1242 8320
4719 6468
2569 5801
3205 8555
8258 9845
1191 1548
9358 9406
4034 5490
8965 9303
9537 9667
5217 7577
5218 7811
9279 9958
6842 7981
2192 8733
9873 9940
1010 5797
5407 7106
4359 7777
471 7105
3577 5591
5806 6482
6229 6350
9162 9300
4134 8658
6995 8805
2337 5529
4492 5752
4389 5503
791 6726
2505 4501
5036 6203
1700 3976
2733 3039
6785 6801
4098 8999
4206 4985
7514 9186
1718 3984
6830 8736
3077 6865
7051 7996
6816 6936
1420 6425
2392 7075
1363 6041
6304 6733
2452 5903
5336 6477
5758 6859
2174 2784
8728 8881
6632 8019
3843 8804
6695 8389
3287 6307
9307 9583
441 7591
7576 8316
143 2044
5749 6517
3773 5335
1636 4287
4906 5001
5327 8831
544 8392
5318 9463
3527 3681
7940 9391
2158 6079
385 3661
9385 9474
495 1507
3585 7459
2771 3251
9248 9256
1487 4054
3376 8529
3521 8917
6376 9257
8605 9776
392 5371
5189 5694
4456 7117
1875 3598
1929 2503
451
7684 4535
3929 462
7116 1624
3683 105
1857 189
5729 58
1655 409
1810 1277
9927 7103
4774 435
4750 2058
1503 121
5013 3334
1075 609
2176 369
2469 2442
8644 7399
1965 1735
6275 4905
8323 3470
9124 1244
6097 3816
5853 71
1481 355
4559 2731
6831 5722
9325 4789
738 153
8058 3407
322 11
4878 2168
6173 4351
6103 291
6184 2138
696 460
459 298
2538 421
8176 34
515 136
47 19
2780 925
2867 1098
6278 3589
9518 2314
6914 5978
3088 590
3451 642
6448 1858
8423 2724
8789 5105
7793 5311
7977 282
4092 523
7433 5326
1376 930
8225 1342
8061 6234
1408 1197
9004 5380
5152 1966
2833 2078
8178 5056
2757 2255
6985 1323
3915 3283
5847 144
3638 87
2671 80
8674 4363
9853 3328
8519 5363
7303 7053
3676 2210
8362 7656
5239 4773
5461 5359
8755 2606
3082 931
3799 1058
1818 50
2995 2364
1425 13
8009 7584
9978 4602
7156 7082
8600 5401
5258 1605
6044 759
1951 1403
6730 4284
6868 3680
9996 2099
5412 4901
7913 7641
1541 1099
7540 2734
1187 1115
2673 1815
7822 5343
9464 5200
6352 2695
7645 7635
454 137
6082 5158
6355 3690
3130 3014
3068 969
3508 2578
2379 1282
5867 4361
1924 463
2213 27
2010 613
5845 2019
5247 361
1144 334
9078 6581
7625 4540
606 284
8016 1777
4112 117
3957 1394
5842 2056
2876 842
1193 240
1437 525
600 257
1383 318
353 14
3006 2061
9225 9008
4325 1294
4701 1561
306 167
4292 3509
5057 3969
6488 4608
6903 4955
1953 88
1956 1537
8357 2544
6368 3613
6413 2365
177 112
518 507
2839 1569
4018 2994
9722 6676
8203 2021
7784 4447
5723 5132
3187 33
2291 186
8105 4562
4263 2556
1710 245
7867 61
91 84
8630 2482
5850 5536
6980 1158
2302 2134
1766 527
4028 3046
6858 844
4599 2710
6552 1832
9851 2917
4838 3626
3648 888
4565 2422
4568 4548
8022 5058
4309 2161
5398 509
8538 2841
4242 1450
2630 1165
1863 1040
2727 997
7191 3239
4489 826
8878 8859
2117 1267
7300 12
2581 2537
2120 629
3560 2525
6250 3164
7650 51
6451 5807
9058 3804
7134 636
5142 4847
443 132
3732 506
1013 70
5198 854
811 162
4734 4184
8491 4638
423 176
209 205
6074 1562
5273 4313
1047 939
5585 3396
6385 1274
398 62
1592 574
8686 3748
1679 1432
5205 118
7439 5232
1163 773
2399 230
6539 2040
8750 5068
3094 608
3958 517
3291 2186
2683 2118
5242 1369
1439 1240
6481 5422
1633 653
142 22
8420 1568
6015 4558
746 290
6317 1066
6051 4109
5437 4708
6523 1026
6804 1932
9357 8374
3783 3154
3780 3015
1748 1131
8271 3294
6240 734
5022 2199
1936 1930
5728 727
68 18
7703 3926
5831 3568
1878 1736
813 285
6239 5004
8716 5901
5012 669
4396 1852
5201 4466
5987 3810
4106 873
8087 175
5743 2694
9390 4123
4423 3182
1188 131
3531 3336
1141 1140
6296 3698
1623 834
9789 6923
4952 2325
482 134
9800 2778
6937 2546
7333 4499
4717 310
2800 1594
3793 2031
2819 896
1142 972
9447 8845
2402 368
2845 2628
4654 1621
8882 3935
4707 4627
5377 4538
3419 3285
1296 69
6991 1614
6588 2407
1492 220
4209 650
9342 8263
2236 1044
8704 5678
7005 5906
745 457
1256 311
3990 1038
6504 3433
1057 270
7502 469
8222 1885
6784 3987
6677 898
255 188
4768 3644
208 36
8974 8132
98 4
8237 213
4517 3899
5795 65
3221 92
4156 800
5125 4047
2476 1782
2132 654
3610 1995
4669 2086
4486 2378
4187 1950
2217 198
7125 2075
5852 5183
4709 3305
4311 2382
4137 2240
6466 805
951 883
6165 3590
5438 3338
94 30
4012 281
1526 1365
3670 3374
1637 1567
3085 1359
5131 582
3651 2160
5548 705
3758 797
9025 6076
2220 801
3227 3055
2992 700
6306 386
3747 3490
3152 2536
3742 697
1146 684
7788 5778
8431 3528
6045 5622
8453 7866
2755 2150
3047 934
3933 2785
410 8
3030 717
7704 2034
1174 433
6245 3675
2254 1750
6558 6464
1916 218
1800 1275
9897 8397
6780 3532
2419 547
7108 2698
2712 1501
535 486
3762 37
2209 2137
5976 1231
3276 456
3567 1452
4983 3535
1264 1137
5769 4093
6728 4067
6295 4165
4856 2725
2548 1345
9421 5210
6754 4683
4049 1833
6029 3897
7605 703
9630 7157
4422 802
7532 4174
2795 278
6609 2816
8064 2942
4729 1053
1018 478
3196 1389
235 59
1160 634
4457 2651
4077 2070
6994 649
9916 1665
9479 2769
7423 6608
7911 7345
1698 1496
633 292
5373 501
236 185
3203 2266
4366 2243
2853 1167
8194 3501
8180 1632
8167 1749
9301 3272
8615 7335
5844 3865
3145 234
3394 670
8835 7984
9701 4135
9556 4726
2959 239
8276 5206
3266 1894
9099 2166
314 166
6682 2646
8894 763
5186 1364
7098 1768
2790 2361
4645 1552
5782 2895
5416 3575
7294 2029
1273 440
2619 663
6331 1119
6519 909
2706 919
1717 1283
1106 326
5969 3268
3148 3074
5470 2387
3581 3023
9620 5303
9043 2305
8313 2383
