935
8546 9271
7461 9719
7943 8143
4421 8567
3119 9759
1310 6725
2170 7015
1767 2324
5637 7831
7854 8296
4109 7096
2236 8706
3255 8358
3434 4717
5624 7149
5335 9961
3028 9456
563 8440
7520 9693
9390 9728
6249 9210
8642 9616
2534 3656
7968 9408
3349 4616
9754 9820
3424 8719
5994 8287
2376 7287
5604 8987
4806 5752
2448 3350
2105 6814
4640 5914
5006 6657
4442 9965
5866 9659
4338 9397
2744 7593
3037 6775
1978 5881
6590 8304
1983 2999
1351 5591
3115 9499
2994 8181
1763 9193
4203 5319
5085 7050
7978 8504
6566 6810
1837 2981
8195 8871
9916 9951
2008 2067
4447 8739
170 9662
5277 7632
9126 9846
669 5892
2990 3767
4088 5256
348 6011
5508 9389
2420 6175
1764 7923
3513 4047
8498 9279
8103 9839
5428 9343
5694 6526
9507 9873
76 7423
2422 9093
7024 7475
843 3950
233 1146
7088 9885
1335 8622
3631 9772
5011 9913
3440 5432
2050 6741
9676 9822
5268 8099
9387 9580
7145 8644
8722 9464
433 4138
7250 8325
931 7679
8363 9543
3295 9167
7444 9400
9536 9972
790 1689
4993 9433
8721 9996
1525 7192
3473 3818
1379 9531
9134 9651
7109 7938
377 7037
9934 9941
397 3290
4958 6314
2778 8382
3052 4195
465 6035
2683 7724
3786 6240
8854 9502
4015 6061
2462 8512
9269 9538
6835 8995
5545 9985
181 9327
3383 7264
3714 9486
3957 7501
1364 5802
7794 8142
1810 5609
6227 7612
7155 8873
6949 9925
8232 8475
9943 9993
6223 8783
8434 8555
6749 7907
9336 9814
5302 8700
8851 9362
4323 7739
6073 7837
9114 9584
634 2412
7228 9015
752 5027
6321 8101
7463 7646
8540 9441
5168 7404
4723 6992
6027 6651
2655 4237
4028 8200
8919 9975
5001 5290
2917 8039
6048 9184
5297 7303
1754 9976
3248 9959
1200 9989
9476 9855
4300 9249
4858 6593
6952 9026
2691 7558
4746 8917
3100 5897
6516 8453
4861 6570
3725 6469
3572 8942
6450 6494
4013 6036
9977 9983
4655 5853
4226 4489
8054 9872
4381 9897
1990 4107
8575 9678
6562 8600
389 5313
5873 9412
7392 9084
2627 8727
8307 8790
7420 9466
911 6958
6771 7497
8631 8868
529 9211
9002 9302
7253 9332
7116 9349
4126 8957
2579 4062
5574 8543
2242 5201
3777 5507
1384 5206
5057 6685
2528 3454
9055 9241
8713 9062
7658 9505
7434 9785
5943 6028
539 4368
5770 9432
3274 9353
1416 3099
5287 7101
5204 9729
5280 6965
9105 9591
8399 8827
5925 7965
9640 9940
8578 8882
6729 8367
2221 2712
7135 7710
5669 9576
7018 9800
1658 7621
7828 8372
6310 9550
6181 7779
4513 5367
2957 4514
221 6546
5469 8472
6621 8849
8604 8825
2322 3686
1365 2717
1723 5826
7926 8448
7980 8892
5260 5830
9413 9570
4266 9308
3962 9537
8138 9560
6624 9213
3882 8247
5086 9472
632 2012
5350 8027
9572 9790
264 9774
7707 9817
575 1297
5123 7001
3374 3536
534 4736
9199 9540
2938 7382
3104 3421
6269 9703
3284 6388
3091 6967
9896 9984
1902 4420
872 994
2698 4706
2494 9264
6794 7451
8249 9902
2191 5330
5289 8954
1574 9919
125 8122
7600 8495
3182 7472
4322 5404
3411 8338
2941 7030
7364 8406
8412 8771
5537 8450
4283 4682
6121 8171
67 3961
4099 4942
3893 9298
6945 8253
3716 3947
9325 9798
2169 5052
6093 6625
2364 3381
4268 5413
5178 8396
9136 9900
4350 6046
9895 9991
327 3780
2810 5232
4133 9430
8456 9666
1382 6018
758 4597
6654 8155
8422 9142
253 9494
8803 9202
4185 6358
3723 6910
1408 9747
7189 7534
7457 7674
8236 8685
3147 9766
3878 6237
1285 4620
7127 9305
6177 7969
3936 7953
5397 7003
3794 4636
3620 6962
8734 9825
4074 9186
7610 9548
7412 7603
8344 9600
3608 5960
6536 8050
483 3666
9694 9876
8132 8613
5271 9615
854 1249
355 2355
3450 6278
2850 7182
3834 9628
4360 8380
309 5429
4562 6025
7272 9426
8932 9233
2600 9361
6241 6433
7429 8147
6853 9788
7541 7927
7689 7930
6139 7701
6604 8550
8910 8922
6786 8408
3425 8699
6596 9793
396 3492
8760 9194
2975 5836
9346 9813
4248 8949
8586 9597
2032 5422
3653 6486
6669 8041
2625 7995
4333 8774
3369 3864
3084 4171
1887 5658
6784 7351
9297 9571
2951 6833
3997 5366
334 2424
8992 9836
7637 7940
9797 9860
2146 2590
1056 2725
4926 6964
7993 8268
8668 9982
8319 8480
7934 9207
6308 7311
1703 6689
4081 7095
5075 8314
5135 5668
6764 7852
8059 8533
7991 9545
2154 7082
5734 8953
6129 6478
3131 6103
7748 9425
8813 8961
8051 8183
212 6275
4553 5156
1029 2498
8930 9488
4979 5944
6174 7958
2516 4359
9594 9803
2722 7208
3822 3907
7224 9878
5664 7376
8351 8951
5683 9458
4161 5097
6706 9122
8030 9877
8473 9179
8136 9043
798 8659
6876 9695
1492 6521
6774 6947
5636 9842
3651 5371
2501 9677
6273 9632
46 9019
5390 9516
7746 8890
614 4011
7281 9118
7713 8809
9171 9518
5579 8864
6364 9845
1214 2071
3019 7033
8320 8880
1784 4571
3918 5947
7936 9590
2753 8442
7806 8243
9643 9834
427 6032
2792 4078
404 5568
25 3291
8557 9706
5133 7932
4787 7273
3925 8801
7245 8173
5783 9315
8524 9079
6392 7567
365 4624
6840 7564
8222 9551
5120 7428
9054 9866
9407 9879
6283 7963
129 5949
7522 9342
8969 9690
1125 9345
6606 7209
405 6545
924 5737
4247 4739
6798 8013
9851 9944
1575 9967
484 6095
3447 7865
2387 6291
132 4128
1929 4129
4628 9083
9917 9971
7343 8403
6382 8126
6063 8517
9969 9994
2569 5343
7169 7537
8707 9661
2919 8981
676 2466
7467 7764
1015 7193
3149 5643
6319 8937
6557 8997
1743 5680
9574 9970
2605 7153
8753 9527
2417 6257
9017 9898
9108 9382
3137 8106
2904 7832
9671 9734
4880 8129
3220 7372
555 925
239 2936
1058 4822
371 2246
4306 5281
3604 5254
8127 8751
8281 9992
3817 4317
8097 8357
9930 9939
1626 2211
5388 7186
8980 9782
4917 7363
5239 8010
2358 4856
556 2693
8745 9057
1334 3749
3682 4292
4141 4150
1790 8911
4794 8639
741 7008
2441 4951
1523 6554
9341 9912
7180 9383
8346 8921
8066 9911
9078 9688
875 3876
6824 7121
3249 5380
2116 9267
8280 9652
1517 2731
6182 8458
4771 9945
6108 6270
6517 7053
5763 9573
3692 4635
2533 4849
4800 6574
7678 9152
5294 5687
1688 4831
7144 9771
7043 9364
3959 7100
2724 3332
2449 6912
9110 9844
4327 9014
2527 6414
3940 7680
3789 6224
2696 5875
2711 9013
3344 8484
5620 6228
481 9777
6858 7538
2199 4326
8230 9810
5871 6422
9708 9852
3327 5849
7331 9396
3845 6542
8576 9406
7551 7752
2654 8698
8370 9460
193 9246
1149 9515
8934 9477
5923 6539
2530 7397
2089 2853
6030 8125
9177 9427
3839 4664
2830 6457
8956 8971
9637 9947
1591 5263
2092 6932
6997 8117
8595 9189
1579 1717
16 2031
7895 8431
9036 9149
6746 7020
7506 9684
7990 9542
1742 7387
3566 3953
1922 9323
4318 4500
8826 9738
5262 9559
3392 5861
6313 9838
4272 8549
5820 6265
9848 9927
5082 6050
7202 9133
846 1269
5296 8525
6252 8056
2235 2907
4665 8505
3851 4056
8537 9299
9004 9654
2404 8260
5331 6694
9176 9553
496 3626
4863 5616
1793 8623
9539 9955
754 3582
7577 7669
2593 6687
9809 9954
9258 9757
6429 6701
2519 9042
8210 9151
7396 9713
9081 9604
4000 4871
3464 5627
7871 8011
2624 3372
714 1110
3728 5240
5261 7896
2168 9485
7131 7949
3047 3649
1551 9435
8780 9053
1699 7730
9956 9973
945 8635
4334 7771
479 550
3706 8766
4403 5984
4508 6294
2971 3210
8489 9663
9586 9812
3007 6274
9384 9749
906 2989
6827 9462
6000 6407
8629 9792
3478 6251
455 3616
8658 8718
8487 9740
326 825
1468 4985
6232 6244
3854 5284
7756 8530
4773 8300
6137 7195
4796 8506
7788 8239
2580 5821
972 7920
4910 9200
3824 5104
5493 6902
2367 7660
202 310
1118 2816
2302 2893
596 4556
1193 9003
3166 8646
671 2863
6795 7276
5625 6865
6690 8395
3514 7162
7422 9028
9252 9821
5506 6143
4414 8413
9489 9510
5882 9618
5054 5969
1049 3345
3268 5276
65 7663
9287 9952
8076 8872
2762 4684
2822 8361
58 4935
1618 4312
237 5613
8558 9763
6872 7851
8020 9391
7007 8006
8035 9980
5811 8652
6505 9658
5155 6742
1567 4382
2293 5010
6059 6733
9890 9999
9756 9920
7959 8468
5594 8779
5999 9208
7693 9160
1453 7948
9595 9805
3663 7719
3020 9030
5033 9187
5865 9034
8933 9635
5817 8859
1215 3233
4052 8870
4225 6559
5577 9924
5361 7659
4220 4316
9818 9875
804 8170
8025 8356
1307 9229
5671 7496
971 1519
7405 7542
4542 5248
908 3169
3773 9700
1592 4763
97 7137
1446 5355
1529 6944
64 5916
2973 5184
3600 3831
1152 4284
5427 5951
8538 9712
70 5586
546 4112
169 9072
9583 9908
90 659
1262 6495
690 1424
9621 9750
2931 8404
1219 8759
3474 9672
6229 8233
5081 8327
9222 9588
2799 7069
4328 6141
5961 8908
3021 9165
9874 9906
8070 9681
5446 6983
6211 6356
6591 7223
413 3438
2319 3326
457 1773
4767 6135
9823 9979
8439 9344
7087 8653
4830 7317
7897 8348
6628 8251
207 4896
4711 8536
7485 9357
7657 8894
3209 3685
8191 9865
2788 4023
884 9530
6493 9524
2 4980
7908 8176
9463 9709
7608 8332
1128 9737
1158 7166
748 2566
7415 9781
5655 7973
2735 5091
6372 8900
8989 9309
244 9724
1935 7138
6553 9592
1312 1504
8178 9137
9257 9891
6489 7881
855 6236
8985 9601
2240 4025
7108 8584
8661 8963
458 3917
3048 9363
3023 7077
3120 5907
2671 9498
3812 4159
2568 5635
6465 9909
7720 8648
2708 8152
7354 9868
4376 4605
2817 6480
9641 9986
9687 9755
9668 9689
2933 4450
4913 7518
5423 8007
8693 8836
635 7846
3939 8491
7290 7487
4051 6009
6599 9646
3175 3924
8026 8443
1865 6598
262 8452
7514 9827
6463 6924
4589 7813
3179 8167
3264 4385
1655 8577
3634 5560
5654 8069
3272 8272
2369 7045
2151 5725
3922 6209
2015 4915
8301 9304
5722 6212
3954 9011
9915 9987
5449 7798
4239 5900
5996 7373
7540 8845
5630 9501
1415 3637
148 8474
1237 8679
4879 9478
6255 6547
4574 7519
4436 8449
1004 1216
2100 2780
5749 8714
5456 9006
8799 9546
4680 6180
4032 6568
2299 8735
4707 6460
3285 4085
2615 4686
1508 8863
6783 6886
2538 5293
1175 4183
6892 7734
518 4228
8931 9276
578 8711
8906 9037
8643 9360
9886 9892
5068 8286
7874 9239
7738 8214
643 9910
2028 7252
2908 7321
2114 5876
9748 9808
7882 9354
2309 9313
8364 9422
630 6403
5696 6819
9806 9949
1593 5392
3543 5300
522 5416
1915 8269
6650 9451
1176 3312
222
2001 1226
5778 2521
1406 815
4608 1860
8694 7436
2173 20
6420 581
6263 5845
4186 1134
149 133
6113 1462
9040 6238
5376 104
5360 1955
2468 1311
821 189
3526 764
98 72
9020 5108
1875 1399
9696 1533
9185 3323
1770 1571
6435 4729
4235 1425
3807 517
7999 982
9183 2338
1520 657
591 19
3227 384
2429 974
2047 77
1748 1589
745 442
2911 2365
5601 2666
6802 3758
1598 271
5221 2333
3300 1057
6376 2738
6622 3486
2095 400
84 33
2479 1866
5573 2592
1293 787
2558 420
4321 2195
2549 1005
9010 6350
7465 5454
8522 2766
1966 1744
3069 1148
2086 675
7330 6101
2243 1225
4484 4040
333 114
7789 2585
6497 1636
2070 1451
2856 1303
7022 865
6890 504
6572 4768
4853 797
6859 3165
7314 3629
6458 2360
8984 7770
8149 623
7809 2665
1986 842
6349 3145
9331 9242
3850 2102
1400 1279
2879 1086
6982 5798
1339 1180
2562 1436
7365 5183
3568 263
9816 4332
1071 165
4544 1891
4618 535
1967 766
2101 1794
3673 3630
5391 2125
7590 4522
3870 1012
2564 1073
1928 613
6411 3703
9532 1976
5939 5021
8499 739
4567 2950
5016 1316
5222 5059
3585 1653
6589 5434
2303 1606
4058 871
9221 8597
6998 3432
8929 8084
6512 4742
7036 6021
4018 1776
6126 1612
201 182
6221 3702
7031 2920
541 110
6100 4255
2454 2066
1761 1290
215 160
5629 3124
5631 2405
8194 7765
5626 1445
7775 5553
9306 7560
569 196
5332 1879
8154 5310
142 94
814 112
4659 1752
315 295
9117 7937
7620 6836
2876 117
367 286
4955 1369
4475 2954
5715 5435
2547 895
7430 2354
4394 2350
793 289
989 976
304 34
2335 1995
3713 1732
9340 4501
3676 965
7587 5039
3086 351
5776 3057
6752 4560
3944 2160
4379 652
1561 999
5727 5492
618 467
5659 3727
3426 1083
4592 3762
7584 2846
762 151
9169 7483
5024 4154
1342 73
841 650
7491 470
6809 2390
7502 2120
4712 3260
8640 2591
1849 259
3059 466
463 356
1725 615
9578 9447
5564 3405
9192 5838
5606 527
560 167
1572 378
4607 1191
2413 920
5394 4157
294 283
8723 8378
930 656
6988 4894
6017 1774
1292 817
733 10
2469 893
7204 3275
3152 418
4526 3128
8016 3135
8418 4973
6663 4279
3724 2499
7326 6424
3384 3123
8662 5988
4732 1921
3154 2130
9566 1896
6968 3627
1207 55
2710 423
3299 1081
8031 1449
8234 6977
2877 1521
590 234
3671 78
191 123
6871 6800
