573
4272 6580
2267 8705
8531 8628
477 6203
3209 5607
9930 9932
2191 9297
3020 9857
2011 3174
4081 6409
846 7650
6278 7410
6501 7521
7691 9633
5933 7006
4057 6439
7779 9375
7830 8101
2456 4678
9997 9999
4261 7353
926 3825
2054 6949
4406 5002
2836 3839
8282 9061
3534 9572
7529 8286
1221 5786
3991 8346
1563 2659
8108 8522
3054 8697
7545 8614
3977 9027
7470 9049
9887 9899
5065 8505
9515 9900
1148 5688
8271 8743
2663 5882
6252 8527
9338 9462
2543 6312
1657 9352
3101 7189
8150 8193
7481 8677
4250 9905
8972 9009
8605 9376
6117 7698
4730 4787
6382 8318
1053 7679
7998 8176
3249 4380
7963 8586
2254 3344
6620 9859
3772 7420
7622 8459
7194 7842
4425 5062
6322 6527
755 7256
520 5596
9922 9962
738 7385
1249 8813
7321 8670
3137 5664
3731 3781
6210 8826
7618 8502
5086 7502
8111 8694
5052 6443
8949 9033
6421 6578
2811 5382
7081 9149
9855 9895
428 9310
8196 9077
8451 8638
6721 9519
8853 9302
100 7380
3870 9863
9088 9714
8791 9584
6611 6988
7330 9393
5139 5375
2704 5403
9660 9924
5258 8379
2480 6645
8000 9143
1957 7909
7719 9868
8872 9952
6983 7510
2629 5712
5475 8082
321 4397
2838 7576
5089 5349
1629 2470
4535 5924
6549 7866
9449 9779
4510 6546
4655 6041
828 1384
4045 6506
5917 6700
7348 7404
2389 7237
4172 9628
3646 5284
8654 8715
4588 6770
2688 5823
4569 6778
9488 9662
9841 9856
466 7738
6010 9561
5585 6431
2426 7748
1172 6607
7177 7982
907 2542
9104 9237
7195 7415
9416 9694
3819 8540
1427 8842
6463 9510
7685 8766
6437 8329
7244 8819
8317 9269
1207 4729
7227 9963
2236 5092
3573 4558
863 6093
2457 3520
2187 9233
1919 3080
2524 8687
1020 1700
9965 9967
5643 9583
857 4921
9229 9666
4654 8095
4255 5036
4586 9972
3813 5407
5914 7405
2869 8931
5390 8896
8575 8630
5427 8018
1324 4811
8019 9252
4468 6310
2332 8013
1007 6819
4240 7794
1409 9250
9097 9145
2871 8784
2080 5239
5723 6968
634 3715
4063 4396
8413 9936
8424 8664
6756 8578
3231 8592
9142 9202
2084 7826
9720 9984
684 6746
3287 7019
3908 4836
1758 2137
1781 9349
342 7871
6985 8139
2135 8792
3203 5678
6055 7441
4424 8487
8231 9968
2406 5149
2889 6995
6047 9217
5005 6486
3384 5318
3506 7119
1240 9931
813 4960
5111 8360
5110 5459
4791 9350
9882 9992
6552 6832
8 8061
8498 9805
113 757
2667 8552
8524 9003
6867 7102
906 2277
4231 8785
2141 8536
989 5465
283 3768
6879 9126
923 4899
3143 9431
3510 4230
9080 9457
5075 7444
7694 9823
6857 7790
7208 7860
8867 9499
7159 7696
1804 6086
4533 6061
7389 9317
7762 9570
6706 9355
4224 7600
6714 7203
4112 4192
8893 9988
6572 6598
2553 6307
1635 4309
4198 5377
6090 6432
5519 9595
5079 9606
2384 8266
272 2753
6485 8143
7136 9506
8169 8281
3794 8706
5185 6422
7289 7535
1515 8658
8795 9730
3369 9985
2943 3154
2595 2621
331 6750
5789 8428
3688 4169
7429 9973
2172 9373
1517 5833
6680 9468
6102 7428
589 4422
8832 8902
438 8225
764 9612
5020 9444
5579 6480
3989 6845
3340 4881
4532 6827
6593 8811
3088 6170
9692 9939
4968 5601
3589 8400
5811 6296
205 4084
1216 5673
6511 9144
8206 8322
4276 5910
8948 9315
6339 8929
3670 5178
9210 9953
1169 6081
2822 8565
2954 5344
5265 7557
6193 9443
1428 3537
3818 7981
4861 6735
2007 6895
4918 6201
7833 9244
4334 9071
4069 7999
3305 8645
1996 4989
6232 8284
5803 8837
2270 3872
5372 9555
3615 5653
4903 5033
3468 7984
8152 9942
7872 7885
8787 9324
3796 4710
3623 6357
6447 7047
3069 3145
4940 7408
2879 6492
2931 7167
176 350
1825 7972
5242 8419
306 4306
4897 7492
7206 8092
5869 7143
5440 8976
6016 8316
7856 9591
4923 7950
2119 5211
5925 6791
4514 5575
3073 8219
3373 8913
3601 3700
8332 8991
8462 9030
3891 5831
409 3962
688 4384
3551 8747
2252 4193
596 2079
7729 8869
9212 9405
3105 9034
1702 6977
5795 7809
8882 9566
4857 9596
7736 9351
1757 2998
506 7646
6966 7267
1482 5611
2503 5441
250 9083
7709 8112
2881 6219
4271 6226
9456 9487
8212 9445
3061 3568
6534 9280
4826 8851
2283 3774
3826 7750
7505 7574
7975 9293
3083 4394
180 1308
1188 4496
5530 8128
3921 7743
1385 3827
2537 9531
1275 9265
3447 3822
6736 8031
1677 1776
8076 8421
8551 9372
3153 5225
9598 9911
1738 6553
9764 9909
3937 8010
3434 9084
5846 7192
896 4882
6489 7637
2233 5541
278 7021
6677 9748
348 8460
8090 9637
4524 4925
6367 6758
8052 9680
9872 9959
3938 4337
75 4515
7662 9157
1990 8315
2061 6135
1754 4376
6712 7868
2608 3732
2517 5370
7546 7897
1381 3189
2442 6650
5169 6231
6786 7717
8702 9417
6836 9148
2001 2619
5040 8613
6516 9901
3815 5205
6136 8364
4917 5798
8957 9661
9103 9343
8089 9837
9256 9913
3964 5576
9036 9700
7093 7402
9883 9996
5283 9537
1650 5352
4108 6782
5994 7967
8704 9793
5453 8580
3266 6781
3349 7226
6698 7193
1083 8325
4176 5613
458 2008
2336 6243
4544 7149
5825 8606
6237 7445
5069 6012
3862 4247
8814 9377
8616 9279
1444 8912
1230 7832
8596 8657
1472 7357
4398 7761
6129 8958
995 6538
6798 8382
4845 8074
227 4296
4432 6418
8002 8538
3578 8516
7165 7943
7936 8769
2966 6616
4014 5184
3786 8729
2526 8507
7476 9594
9211 9609
8874 8937
6051 7904
9919 9995
3935 9732
597 8129
8543 9172
8430 8973
5763 7524
5544 5918
3280 3725
9653 9719
3613 6878
1443 6148
673 8501
8461 8960
7254 7883
1343 3660
2549 6215
2354 5383
2103 5616
2443 4321
2539 3012
6247 7599
9218 9270
7477 9119
6146 7678
3317 3609
3049 5570
2653 3515
3416 7158
5041 5129
2486 4860
7555 9222
2504 2558
8570 9898
134 3228
3630 6649
6180 7491
3122 9619
7129 9183
7184 8625
6872 8027
6852 8172
1574 7306
1746 9638
6823 8716
8997 9430
4419 6428
3135 4798
2530 9670
12 7174
5474 5581
1520 9400
3735 9990
4080 8567
1886 7675
1363 8173
5930 8208
8029 8871
1967 3302
5642 6847
621 9225
5145 8810
6426 7818
2991 3592
3499 8921
5817 9481
2634 5391
4317 9621
4505 7774
2496 9687
9025 9782
2317 8099
3402 7850
4010 7825
6295 7180
9259 9849
1257 7580
9825 9955
6179 6697
7837 8681
2502 5008
2298 5276
2152 7153
3835 8337
1490 4136
36 8576
9696 9767
7634 8007
5424 7020
5551 6026
558
5776 3709
2409 1803
6651 746
4453 2792
8149 3639
8377 3971
3074 631
6227 525
2321 1408
9035 6008
1807 698
4808 1549
8880 2029
6304 1527
8372 6834
5939 1110
1917 1180
4305 3123
2977 2183
4087 3987
910 470
449 396
1353 481
2023 313
7303 6592
6773 2019
8701 1619
1961 471
4498 3306
931 437
8585 7537
8868 6744
4618 3372
4631 959
2166 2005
9059 4887
2737 446
2441 392
3508 739
3016 2794
2512 146
2582 1929
765 441
5399 3181
1145 33
2748 663
1116 1023
6134 4319
4499 4490
6223 6189
1004 72
7970 3114
4287 4113
6374 2179
8334 2303
9987 8999
3185 1042
6311 2148
147 88
4445 2192
4542 2644
9316 5119
4750 2513
6634 5277
469 403
5540 3400
1437 279
6981 6165
4381 4175
3961 3307
8290 5466
3313 2684
7343 516
3152 1817
8856 3488
4098 3103
819 624
1878 618
8864 3001
4622 3282
5488 2247
1227 574
4101 3427
9117 7430
7086 2707
3150 3136
3752 1532
9221 2324
2390 2327
9880 4122
4944 4737
3683 2474
6764 2702
8703 1924
4183 2884
922 889
6589 251
2652 1445
410 106
7891 615
5492 938
1258 693
1393 1046
6754 5850
2599 2031
6255 1117
5303 3261
4527 1578
4644 3743
3533 2932
6191 465
4943 4617
9123 6465
4902 65
1663 243
4572 2181
2340 1880
9702 7487
129 5
9216 3618
6694 3
4538 4058
3915 703
5741 2013
9124 5019
9678 355
626 468
595 300
5651 4949
2287 42
9091 3162
8234 7660
7942 4286
1449 494
7242 4567
1627 1065
8631 1638
1261 824
4035 559
9387 5828
5418 2413
5419 1867
568 123
4799 709
5230 2573
2615 900
5765 5412
5700 1859
9961 990
7889 5764
8479 6123
9283 2348
28 14
9366 54
13 9
4604 4456
806 540
9957 6034
4767 4509
3326 2774
1591 505
6088 3241
2824 1239
6098 1234
1794 548
1244 584
1486 649
7087 1017
5820 1287
1001 124
7563 6176
2559 1285
2624 1740
6474 4901
8477 3347
7954 563
9869 2396
5783 5077
8916 7266
1252 998
8216 412
6617 2552
3029 2436
2576 1122
1920 207
1052 90
6323 4303
515 357
7944 5782
6980 1099
604 415
5645 5486
3065 960
3584 3567
795 19
8056 2214
5116 1318
5076 532
5088 839
6064 2107
1447 1197
2564 974
3063 197
2407 1057
3127 2620
8699 3408
3887 1643
5697 924
9867 8166
1276 508
3346 1580
7251 6154
840 414
8714 2230
2466 929
5479 280
6341 5066
5484 3948
1872 1345
8776 3286
8375 756
4825 4011
1783 49
5395 2088
8492 2097
4961 3672
903 61
2364 1129
7714 2197
8713 51
9155 9012
5592 4409
5949 1647
6040 1819
5998 4645
7347 1378
7902 2547
7001 1525
1088 613
5022 731
5487 1407
2012 1609
2819 366
4265 992
7773 6790
7711 7229
2882 2714
275 32
2201 91
7859 2278
2322 576
2694 1064
8079 1400
6608 2746
7884 614
4676 4147
9726 1631
3441 2600
3048 966
741 708
5885 5152
3755 99
1325 1198
8390 5174
1274 324
3817 2073
3770 3428
8124 1997
4299 1299
152 127
4528 3773
2827 993
8240 3423
125 35
1436 787
2006 81
3087 875
2946 1838
4894 2085
8920 1231
9623 1309
62 57
4954 3910
7434 2607
6581 825
2383 514
4266 2060
8849 373
8649 1925
8914 6257
3597 229
6512 1321
8291 5343
3769 2912
9674 1182
7756 4153
241 209
1522 1202
8964 4890
3697 1442
6184 5655
7577 2551
2975 1697
5496 1572
8314 2751
4237 3920
5620 4370
6258 4788
5294 4233
3200 1616
5792 3947
5347 2242
6751 5731
310 156
4971 3078
1312 473
855 609
7399 5965
1039 169
7122 2401
6072 2355
7863 2788
5338 1488
5790 4248
4912 699
1183 659
8434 8160
2505 190
8097 6957
4725 1272
3146 2864
1611 151
3549 583
4454 1254
9031 281
9858 6074
1989 1346
9822 9199
3640 2313
1266 221
10 4
4769 800
6478 4670
1056 654
2163 633
2176 871
5071 4197
7217 5288
9602 9185
8812 1049
8083 6060
1666 337
3836 1112
1988 837
5251 1403
4529 416
606 408
8088 8035
5871 2754
1839 1703
8251 1912
5306 4713
9245 3706
1599 1450
4073 777
3391 2720
894 582
6975 4451
6913 513
933 238
694 578
8610 3648
6818 2880
4085 3561
6315 1294
9565 1360
9196 8136
7374 6678
4731 2033
9085 1054
5699 3914
3100 2459
3633 476
3936 1971
7701 3255
2419 287
5935 3861
3965 3370
391 170
9135 1985
3357 917
3638 2683
7255 5018
2290 1236
9238 2185
554 426
658 143
1841 1414
5237 3809
5903 1797
4315 4050
8798 6111
6186 2308
3265 314
3211 1293
1604 1571
1562 774
7648 5073
6011 2204
7680 1279
7702 6352
4865 3052
5059 788
8875 3183
7076 4245
4142 2440
2593 102
2862 2155
6160 3132
4684 1743
5577 3856
3043 284
991 225
8404 4186
2212 1812
2955 384
5665 5517
8726 7690
2895 2706
8696 8683
9689 5450
7582 1787
4182 2565
6334 3739
4747 380
5078 4157
8289 3503
6759 927
9289 1942
9776 3619
1248 723
8248 4610
5637 4162
6748 2071
1662 117
6014 1814
2445 869
8044 7583
8301 7911
4979 1331
1993 1622
3792 555
9159 6404
3188 422
2678 2226
6661 1091
121 82
5690 3689
1935 705
3489 2829
8276 4768
3668 1315
982 796
3481 246
7566 2250
3529 3493
4695 566
1716 1166
3760 3102
5826 946
5839 5270
8103 5701
1564 1154
4718 2988
2735 712
6809 59
845 362
2139 237
6380 5006
1150 1087
7409 1085
9219 4601
8096 7449
3985 2545
963 843
4752 3182
8326 3614
5376 4696
5122 1217
1050 638
8335 2775
2689 2411
3595 3542
1965 1959
8666 1503
988 191
6953 6856
1777 1024
108 66
231 107
2067 1151
9051 2807
5478 4598
7467 2484
4020 2968
895 317
228 71
2814 572
7844 1877
2590 158
2848 1466
5528 1489
3035 1131
8155 5999
64 48
7235 2633
3112 2059
4137 1765
1008 105
6116 4817
1999 255
2874 1600
3138 3027
4368 4190
8515 6314
648 234
5760 854
1481 277
4993 2098
1245 304
9170 6519
1351 1152
9458 6671
5356 4641
8660 3207
2371 2219
3268 2224
3608 1850
1617 1467
7815 6811
3404 2703
1984 752
7117 5560
1550 112
7413 2304
3179 1672
9438 622
5350 2832
9429 1691
6715 2305
8901 1364
6044 5199
1669 1452
8140 463
2956 417
3236 718
1667 717
2416 1237
