623
4564 8625
7272 8596
2187 7181
1636 3693
8026 8354
7643 8899
2749 9021
9762 9794
2233 8481
2185 5843
9984 9985
9726 9848
4078 7229
944 4882
8794 9646
233 4135
6542 7570
4460 9534
7766 8351
9727 9982
899 2071
6570 7862
2367 6568
6531 9155
473 3085
2264 6748
2435 9950
7758 7777
1275 2330
1866 7455
1902 7504
1938 5036
8689 9512
3617 4263
170 8823
79 5619
4906 9425
5307 9246
2122 3538
54 4543
6696 9338
7105 9930
7693 8987
4421 7932
1719 3721
6450 9880
3723 9627
1745 6526
711 4636
1526 7150
5211 9144
682 6858
6774 8056
7825 8057
2619 9862
9540 9747
7137 8277
1521 4610
7164 9861
3819 8512
5627 6031
5469 6094
6240 9716
8164 9115
4095 6617
4244 6528
6902 8696
1686 2069
887 2497
9667 9967
2458 4267
7343 7839
1964 6307
1169 4278
3738 5985
6067 7987
4782 9560
8495 9373
3341 5464
1472 9140
8502 8761
1391 5380
7576 9470
723 8140
1610 9840
555 7372
1490 1535
2243 3883
9495 9829
5650 7168
394 1012
160 2624
7195 7873
4668 6856
7734 8958
5598 8166
9494 9892
4216 7326
4889 7685
8555 9773
9398 9966
1416 2519
873 2320
8630 8923
5898 7363
2098 3658
4242 9026
9638 9905
3602 5061
7254 8283
3525 9045
258 1026
1622 3312
9160 9878
678 1303
3353 9598
7166 9417
8210 9748
1634 4687
5881 9537
2899 4221
4031 8543
2716 8614
3209 7797
2306 4868
2454 4790
3980 7704
2131 4973
7230 8403
688 8033
2509 3450
4480 8178
2739 6315
5236 6909
8901 9275
5826 6956
94 7451
2391 2883
1998 4734
4738 7062
5850 8149
616 8391
3142 9951
767 3587
9743 9941
6740 8332
86 3062
1266 8094
4250 9637
31 1988
6666 8464
7152 9931
7288 9990
8848 9133
5879 9602
9347 9405
9604 9898
6631 7383
3560 6797
8826 9744
6044 9837
2021 4354
2732 5571
2393 8742
7020 9447
868 3994
6206 6976
8970 9018
4477 5056
5747 5788
6293 6646
7620 9839
8799 9680
6238 7033
7324 9288
6394 9789
4279 6711
8472 9175
7539 7995
2138 2803
3479 4922
2913 9687
4499 4757
7924 8122
7826 8792
1645 3864
2260 9268
1945 6080
7655 9568
6554 8093
5794 6373
348 6643
2585 9992
6973 9736
4174 4623
2086 2388
3629 3944
1870 4963
2979 8105
733 8249
4072 5824
2434 8777
9234 9904
3330 8175
8387 9877
4634 7496
561 7854
3489 5907
3499 6082
8921 9650
5 8182
11 7421
200 2840
8183 8589
6346 9932
4517 5003
7386 8665
7942 9040
5187 9511
1477 6619
9282 9732
3358 8383
1006 4313
2160 4772
5038 6267
1371 4188
6175 7976
9250 9973
3033 5401
5163 6924
109 9519
5607 8069
3210 6702
4793 9995
1473 5862
7029 9344
7831 8449
5653 9676
3948 7301
2592 5084
9379 9436
1906 3901
6833 8680
7878 8896
8114 8795
5245 6231
3041 3756
6707 8608
9258 9618
3641 7579
4638 9664
661 787
5724 9293
4774 9548
4069 8985
5240 6428
9891 9949
4925 5512
4969 6917
2195 4950
498 5178
383 3420
1718 3966
8836 9505
6280 9608
969 7368
8878 9372
2198 8572
9934 9956
7115 8398
9850 9853
8064 8718
6664 9008
5738 6149
6820 8426
9962 9987
3785 6603
779 1898
2855 3093
4558 8155
1896 7393
2999 8874
5190 9290
7807 9561
6070 7445
2425 3315
4395 9321
3596 9631
2362 9024
8185 9571
1758 3716
4292 6875
8253 9579
4530 6190
1749 5921
5911 7751
5895 7828
2070 7165
2232 6553
7065 8347
8804 9867
7023 7373
1043 4681
6287 7327
4683 8257
4177 6444
986 9750
2382 7396
9387 9693
874 6068
8317 9124
6372 7054
3953 8063
2814 6430
8990 9614
7130 7745
9524 9653
9758 9843
3260 9134
9708 9810
6865 9593
8255 8276
4319 9310
9082 9796
9141 9746
2449 9684
1855 2440
8983 9601
6141 7845
4700 8667
2203 9715
1218 9865
342 1081
9872 9933
8856 9563
7030 7205
6823 7090
3584 9189
4029 8336
7737 9285
381 2820
5153 9104
4553 4910
8468 8488
5800 6084
1808 4466
8654 8982
3371 7497
2500 7334
4988 6480
9518 9909
6004 9704
340 5117
8513 9539
8049 9256
9899 9958
9888 9969
5582 5810
3694 4737
9799 9893
7236 9724
3719 6670
8066 8467
4373 5590
8697 9446
3778 4339
657 5384
8254 9897
7810 7922
154 4977
4545 5657
5868 9719
2192 4791
1980 8515
4628 8766
985 4630
575 1234
4228 5334
2350 7148
2493 8837
3063 7688
101 4030
5263 8702
3120 6929
1201 4901
2697 6266
6957 9771
9841 9975
3820 7200
1875 6578
185 5329
9785 9802
9952 9971
5621 6911
8827 9089
6104 7823
2757 7671
2447 7520
9907 9976
1770 9630
1541 7767
8349 9912
9730 9852
6074 7595
6935 9922
1741 3697
6870 7760
748 3436
9345 9589
5546 8401
5990 6953
8222 9054
1730 1946
6994 8306
30 4781
4735 8124
7071 9393
1753 4905
1089 8550
4193 5947
8497 9399
9384 9656
7811 8597
3322 5252
5725 7990
3790 4907
7290 9171
1320 6415
57 6422
1825 2215
6489 7815
3153 8117
6333 6751
9255 9707
983 9247
6896 8574
4447 6079
6559 7998
7729 9691
880 5053
7943 9857
5612 9525
4861 8272
1751 5996
3024 6473
8857 9358
1099 2149
7160 7897
6025 8205
9301 9688
5091 9997
118 4496
4612 6675
4333 9645
133 2169
9529 9626
3116 4440
9254 9313
9359 9448
9085 9787
8739 9974
9181 9261
9260 9466
1783 2639
9199 9439
6183 7715
7454 7753
403 3074
6854 7398
7239 9821
5906 8852
3839 7072
2628 3405
6922 7978
407 2462
8260 8724
3972 9056
4211 7047
5835 7403
5119 7989
2633 8270
1714 6387
5726 9352
5274 6085
7005 9671
6677 8612
1928 2990
1438 6772
6337 9599
5120 7788
6209 9590
2341 8295
2291 9570
9472 9587
607 3316
9988 9993
1159 8817
3244 4544
8087 9043
5503 9420
6022 9240
9153 9168
1489 9831
5432 6246
8193 9086
4153 5004
658 809
2413 5671
1479 8177
4048 7222
8223 9883
9202 9783
3426 8040
7278 8507
7113 8963
5948 6860
9068 9132
8480 9465
3510 4976
3522 4967
190 1767
574 9031
7925 8141
3926 7413
4698 7806
8378 9214
6114 9592
3055 4183
6301 8986
3169 5088
9098 9158
7594 8971
5645 6036
4011 5664
7489 8360
9012 9994
4358 6163
7255 8976
4482 7328
2530 5262
5392 9698
5074 9807
4898 5417
378 7358
5731 8102
8281 9657
8539 9280
9873 9999
8294 9117
8212 9091
3906 7778
8180 8435
215 6622
1961 4233
5861 8755
3505 8368
2492 7162
4582 9809
1725 7663
4280 8807
5282 8535
1556 4435
3456 7434
2827 4842
7385 9921
778 2121
8470 8677
8404 8744
7836 9426
6168 9806
1884 6363
943 3817
3730 5759
2235 5733
9642 9777
5923 6730
6904 8441
3356 5968
617 5180
2288 7246
2806 7646
6948 7008
967 6468
6379 7945
1641 3264
9180 9328
6669 9296
370 1492
9977 9983
6467 8590
1478 8209
2244 3852
2921 7657
7588 8471
4851 8676
3498 8458
5485 5718
9244 9291
2342 4418
5762 8753
8307 8551
191 8651
507 716
4311 6563
796 9480
5085 5569
3480 7630
5159 6132
1243 7740
2401 6466
5451 7410
4399 4533
1893 3335
9981 9989
9881 9978
6352 7959
2405 4966
1170 2177
4982 9084
1136 9302
913 2659
4614 8660
8855 8880
451
5371 2547
3023 1461
738 382
598 202
311 144
5430 3564
8736 2768
8238 4711
2377 549
4411 3403
7603 4505
1735 1471
5771 1108
462 43
6490 1177
2126 1839
2537 1799
647 422
5471 4596
1806 219
8187 905
9801 9700
7724 5673
2209 1620
4223 4105
1525 569
4697 984
8767 846
4758 4305
7182 3069
7267 1232
6475 2577
5351 4929
2880 1785
193 85
7764 2836
5222 2709
3389 1596
310 143
9172 2656
1417 878
2113 1433
4509 4116
2506 2127
1728 1613
9541 2940
6225 303
8988 5965
8916 2853
2332 901
7706 4335
1662 1157
8972 2662
7021 3081
2134 445
7474 772
5407 5318
4684 3203
4253 2437
1260 423
876 391
1807 834
8563 600
1903 902
2394 2093
6156 5901
1811 959
3014 800
7544 6459
7735 3993
1484 1289
6787 6059
7569 6441
8409 1163
7791 7315
4088 2992
9583 7552
1073 806
3769 1356
223 162
9721 4227
6417 6001
8876 2463
1729 1681
6744 883
6215 5669
7871 7589
3080 1225
1319 1287
6319 1106
7183 371
3234 508
2427 2060
3206 2406
3968 2360
7274 366
7304 935
8113 436
3496 3481
8037 1848
3218 2146
212 24
8887 4605
5094 3834
61 38
6297 5402
7404 5614
3187 2866
319 106
1927 904
9078 4645
910 793
3787 2981
8126 7084
6375 1179
140 96
1805 1290
8285 4670
23 21
8413 636
1931 590
6228 5995
5625 1176
6481 4809
7886 2008
7798 3465
620 527
4298 3057
5777 1441
307 165
5841 3647
6101 1503
7367 4412
6903 3141
3018 345
2649 1941
4044 1003
402 175
5773 754
257 186
427 380
7833 2559
5753 1814
3626 1967
9435 8034
7783 6204
66 8
2379 595
9412 8081
7851 4566
8067 5932
3373 314
6429 2654
15 12
7687 312
8966 7402
3923 1948
6769 4152
9619 7333
2361 851
2873 2564
4875 25
4866 4692
729 602
4002 3866
8894 5174
8116 230
1782 1385
7028 6706
5156 2799
5686 3535
7038 6527
6545 3747
7698 1621
3956 1305
9737 1315
7017 4837
2938 2191
4583 3422
3937 1270
782 59
8846 3470
3729 1067
9725 3995
3005 822
222 146
6595 263
866 304
7424 1430
7171 1027
5655 3435
1915 1861
9490 6408
2677 699
3188 1139
4033 2001
4567 2531
4512 1499
3395 3368
5149 3885
2284 1074
534 270
1267 734
2486 609
8091 4575
4960 2680
9591 4147
5130 1774
6697 3701
1546 89
2099 335
812 631
1282 1237
8925 4941
7654 5580
7525 4181
9833 7650
1673 1146
247 236
8310 3372
1036 352
5561 2903
6161 4170
5135 4166
1447 195
1054 653
6790 4615
7357 5064
7218 3348
4127 516
2300 1531
2965 2536
596 17
1496 823
7527 3676
1122 68
6881 5859
5751 465
4780 915
5116 1895
6727 6300
6915 2726
5335 4952
4916 4073
1834 1345
8898 2738
3921 1420
1847 1635
7279 3991
5385 2472
3076 291
5593 262
7110 4751
9925 2766
6656 1633
7244 4337
3243 1261
4437 3016
7991 2397
707 594
8025 1594
9720 3173
9204 3411
1281 652
2299 305
7440 2250
4346 842
9421 390
890 643
9767 9077
7012 197
3156 1156
3919 3379
6591 5345
194 111
6895 434
1258 464
9034 3764
2277 1328
3157 1193
5489 4022
3004 735
7775 3739
8042 6276
6014 44
1693 1313
5865 5789
4051 1411
4561 1273
7979 99
8685 1120
8681 221
9454 4919
8850 8068
6413 3167
4871 3571
8548 3413
5954 5141
963 259
6142 1794
2622 1393
2904 297
5176 4296
3339 199
6410 5924
410 369
1565 994
3836 1846
6826 3399
5521 3299
1408 1190
5710 5708
6140 5340
4272 3464
3255 286
6090 3955
1045 992
4794 2934
5452 1263
8593 1615
5123 4428
9652 3789
1311 332
9699 9673
8973 2850
5555 458
9050 2526
2164 1435
7498 3101
8839 8089
4214 104
3037 1030
8280 5113
7270 2345
5040 1658
2532 783
2080 1542
7944 6982
2336 1306
8581 3462
7929 7903
3981 3104
6989 5557
9251 3482
5498 848
2704 241
2035 1149
5661 322
2404 1141
2671 571
7625 4563
5770 3324
4888 4316
8271 6514
6762 1585
6340 1075
5713 3869
7500 1454
6811 3828
3286 2089
5320 2728
8952 966
9017 309
2176 829
3848 2283
5930 3351
372 234
654 107
5739 1766
1325 283
9800 6816
1883 1644
207 177
2062 1131
610 577
1897 841
5636 2695
4903 3606
58 16
5554 925
7079 3360
7411 3959
285 3
1695 1069
7716 7336
2997 836
4730 4025
2027 1498
4099 1102
6208 937
9370 5962
8869 6561
9326 5332
7743 6214
3684 2914
3786 3177
8445 7789
321 151
5536 889
5041 1029
1697 487
5229 751
2826 1557
3283 1970
9428 3529
1340 138
8820 4894
3947 3248
6087 700
9844 8359
6793 4592
5277 4035
9580 775
2980 2337
2106 1548
6005 1575
2461 1264
6350 4736
6847 376
9733 8508
1702 320
2312 1429
898 777
3474 3113
5140 1720
5764 1640
8978 472
706 65
6731 5373
9081 6873
8530 5037
7179 145
2922 633
1966 1486
7772 673
4761 1347
3965 2725
1571 1051
3748 2287
1018 1007
4945 1513
4489 1428
2418 2012
9284 4590
7501 4709
6123 4017
9666 3304
2988 1437
3686 2107
7245 401
8319 3293
