610
8348 9270
7316 8222
6469 6671
1451 9725
5785 6289
107 1949
7572 9823
6624 7802
6107 6324
9194 9744
8042 8293
4801 9089
5450 9149
2710 7217
3051 3458
1618 3611
5148 8769
6104 6837
1622 4916
4399 5635
663 9750
1329 9894
1461 4202
6067 8590
9786 9932
8030 9849
5507 7234
1977 3178
4065 9554
9430 9860
1104 3743
5922 7743
8192 9951
8002 8499
426 1458
4792 9719
7329 8693
7190 7460
5643 7105
4224 6128
4316 4623
2951 9466
774 4440
3999 8179
2938 4067
2090 9157
7516 9350
6163 6752
2219 4837
3242 9490
2085 4685
9480 9626
4476 9146
8722 9232
9672 9865
5736 6122
3011 9478
4810 5976
7546 7855
4109 7631
2189 5765
5275 6162
2834 3294
5278 8819
6308 9656
4 17
1376 4545
8678 9158
4697 6429
8692 9835
2252 7611
3322 8176
1017 5926
1981 4073
3929 7261
3751 6385
7634 8001
5821 7948
9067 9804
2902 5747
9699 9978
5856 8516
7829 9859
3537 6410
6371 6496
3206 6705
5563 9296
1326 5398
6585 6835
7942 8507
5448 8634
3326 6673
7406 7663
2242 9424
6108 6326
40 1397
2558 7154
6572 6674
4597 4725
3203 3660
8112 8530
313 9456
3940 5290
4101 8147
7228 9004
6787 7731
880 2352
7737 8774
7470 9876
6075 8606
3304 7812
4615 6660
3067 6462
2056 6884
7479 8633
6415 6773
4363 9318
5615 6512
9991 9993
2282 4732
3482 8600
5068 8833
8715 9292
1993 4602
7696 7862
5473 6908
3821 9110
6989 9282
1946 2765
4000 5561
699 1406
8569 9920
3127 6664
5050 9495
9659 9811
3174 9222
1652 2140
1733 8483
8919 9058
3592 6934
1490 2953
2580 9074
4236 5466
1737 9312
5914 7133
6940 8694
3872 5154
2802 3969
7332 8328
1930 2724
2379 6465
3029 9233
9375 9538
3150 4501
1573 5528
1253 8881
8675 8995
6682 7459
6553 9494
7283 9445
5852 6046
7506 8245
5491 8515
3160 4088
4308 6570
3021 9675
4164 9818
7846 8582
9688 9840
362 1166
5187 5202
5053 9022
651 7035
664 6658
4348 4381
1287 8546
4750 8969
3154 6736
8471 8887
6556 9755
7294 9007
2682 2779
6566 9215
9013 9230
4275 7999
6972 8934
6185 6330
9983 9987
285 4004
6319 7097
6675 6962
9090 9150
3405 6447
9628 9879
4544 4596
4127 6694
2168 7570
7656 9304
5879 7346
5153 8000
9392 9560
5352 9761
568 1168
3024 6788
4121 5657
6082 7554
2052 4042
1925 7995
9555 9955
7691 7857
19 7762
9558 9678
3462 5864
5438 9032
7107 7796
3425 5871
25 9279
138 292
3056 5907
7883 8768
8796 8912
3285 4977
6578 7746
9824 9841
7321 7958
3860 9380
489 4136
6832 9283
1656 4730
151 6383
529 5934
4848 6966
7043 9250
1460 8153
7540 8931
1814 5233
12 662
597 1957
4564 4951
9610 9941
4328 8529
4611 5345
3370 5777
797 7936
2343 9008
3750 5204
5630 5919
3468 7531
2481 5178
1882 7393
3818 6748
8965 9267
5203 8510
2731 3418
5059 8394
164 7396
6024 7484
1333 4138
9031 9454
4600 9402
1099 4958
1926 3344
8105 8220
3763 5300
7748 9639
5636 6681
2823 9901
3579 6509
1663 2879
5193 7834
2470 7044
7173 9844
1684 7197
4038 4562
3329 9898
4421 7582
2273 4054
9526 9813
7595 7705
4806 8241
18 2874
314 6649
2925 6626
7330 7371
1165 2888
1995 6822
2930 5973
3755 8210
9192 9435
2338 9314
5063 7973
5011 5679
2178 6501
6851 9387
232 8497
3620 9644
9918 9963
2898 3081
5716 9197
3465 7660
553 792
3390 5191
1483 7315
612 5685
3857 8045
1706 4606
9511 9899
9123 9396
5687 7813
2166 8652
5799 7125
6753 8874
2077 2414
6021 9101
6318 8004
611 5676
4503 7879
9297 9653
9890 9923
4373 7064
9379 9425
560 8368
5084 6505
4921 7106
4798 5195
1510 2570
343 767
5911 8013
4269 9071
2886 5223
4329 9120
5760 9036
3632 5116
9187 9200
2356 5589
945 4413
4970 7900
6301 7328
233 7635
7962 8127
9068 9205
183 5957
1348 8785
6359 9357
5335 7930
476 8062
4669 5316
9011 9779
5587 7203
2893 9472
7625 9764
4710 7129
1047 3346
8862 9648
3700 8498
4744 7251
2772 4159
6337 8817
510 1886
8991 9791
743 3459
6965 8872
9586 9620
5356 9687
4512 8402
7732 8807
9980 9997
2589 5260
9906 9965
2965 7891
7015 9510
8479 8548
5847 9024
620 3177
9652 9875
7011 9286
5537 6164
9776 9782
4420 6232
6545 8526
2863 9632
5691 9046
4409 9333
3983 5188
5306 7351
4050 4282
9116 9777
2774 6792
6488 9707
338 835
3320 7526
206 770
8106 9340
3708 7192
9202 9214
8846 9795
5359 6154
5329 8588
928 9838
7480 7576
7947 9060
1101 4668
618 3587
8749 9858
6137 6387
818 1878
8118 8236
5056 7532
5172 8946
6656 7269
6608 9579
9753 9783
7389 8892
6745 9640
7832 8341
1150 6406
2279 4369
225 6709
4007 9979
5644 7421
8268 9945
4158 4693
177 1423
6551 9852
3396 6858
1480 7745
175 2094
8216 9347
5303 7654
8064 8100
1688 4392
3581 6309
6357 9204
7174 7650
1199 9966
5681 6449
7095 8954
1310 2333
3064 6379
6392 8474
9745 9882
671 4903
606 5215
5503 9054
3464 6299
4018 4592
7377 7586
8704 9389
201 7835
3159 6655
9346 9828
9117 9524
4128 5267
6188 6489
1312 6952
5476 8036
9892 9956
8502 9797
8888 9041
2867 8067
8879 9615
4932 5808
4788 7664
4641 6983
1934 4094
332 7890
2037 3908
3917 6780
3092 8310
207 6782
5266 6402
979 4540
7471 8028
8625 9355
7871 8350
6836 9140
3914 4813
6640 9016
8430 8915
3042 8371
2039 6223
3272 6807
1117 8015
3153 5307
2271 7585
6586 9378
205 6358
9154 9599
3382 5095
7263 8682
2733 3403
6252 7232
811 9108
8339 9990
431 8101
7216 7542
6210 7057
3722 5909
1155 2144
7515 7615
3158 7899
9080 9407
6932 8038
7894 9179
9909 9981
9815 9834
9420 9721
8802 9265
361 9354
2673 8595
1694 8307
7789 8362
5936 9404
283 449
2500 8732
9226 9369
4619 5732
1129 1139
2079 3764
4786 5745
3926 5115
4150 6628
8476 9617
9177 9888
6304 6926
5214 7119
8340 8884
1581 4148
8050 8482
7118 9964
1220 8866
4462 6508
5030 7593
367 5475
2400 9984
1874 7149
670 6862
703 6213
8321 8450
6725 7935
8428 9646
3225 8632
8380 9099
5940 9769
8830 9561
6979 9502
1502 7437
1284 3538
1381 4733
717 1218
4610 7184
2757 6388
8235 9529
2341 5286
750 7633
144 4011
8016 8959
3739 5960
3616 8367
8374 8818
403 4869
22 6043
2430 8870
5259 7914
7512 8111
5712 6065
2150 3421
4131 5559
3778 6742
7323 7907
9954 9995
1367 4157
7725 8709
4761 7892
6729 8917
2483 8266
1605 7561
1055 8895
2590 7674
7266 7854
7475 8281
3534 4060
6808 7848
7020 7141
5441 8485
7018 8680
4588 4898
4649 7031
907 3359
8490 8751
3416 9009
5454 5895
2096 2528
4671 9642
4113 5142
1895 4851
7868 8304
4096 9361
3880 4114
9025 9081
1776 7134
1283 3851
5433 9303
6452 7767
7012 8658
246 1360
8332 9171
696 5620
9473 9539
443 2974
470
1412 712
7074 5837
8573 3520
9317 2442
7672 6676
6257 5124
9661 3526
7644 1699
5816 5803
6842 3979
4591 3924
199 194
8458 5605
5697 5207
2946 2511
1178 286
8491 1489
5284 4185
6394 5754
8902 1965
3417 3236
8444 5703
542 540
5540 2620
7523 3209
1580 1419
6267 93
9122 1004
4605 4021
2129 1582
2459 1060
892 262
9819 7126
3883 2469
2503 100
2950 961
1476 348
3932 430
9301 3259
8219 4599
8815 2359
1258 838
6363 3274
7136 2474
2817 128
290 263
4577 47
789 238
2119 1418
8407 4270
826 200
2541 2206
2328 1064
4242 475
5724 4917
6418 4061
7426 3682
4264 1680
2240 2125
2775 1901
2429 2391
8792 6711
6157 2215
2604 2571
3656 2193
2864 854
2025 1148
5324 2903
690 242
7934 3383
9307 891
4371 893
2729 2237
5334 729
140 134
8851 5606
4704 323
2227 807
280 176
3128 36
8638 5814
9726 7130
5614 1341
9455 1023
5759 1274
5667 4578
5974 2218
6724 4351
2044 757
9385 4754
858 751
6274 1018
3837 630
3451 2699
7514 5200
1053 588
6126 6014
214 122
7792 307
6950 6226
2080 1525
9817 5761
1959 705
1315 593
6666 2465
8119 1509
5520 2107
609 227
437 433
4523 3185
796 45
8909 5766
2396 398
2603 1426
4401 795
3279 2687
9727 50
7276 3896
2665 1708
926 778
9557 5349
7051 3053
9393 3088
9072 5686
1402 962
948 236
4655 3996
2806 2297
4983 4678
7478 1057
6182 335
3905 311
7592 1832
3136 915
3474 1808
8325 2637
5780 5560
4493 113
6949 5350
5355 3049
9227 6245
8758 5699
5113 3887
4090 592
2032 849
5296 828
2153 656
2088 1765
4993 3670
8108 6754
3035 2121
1260 1252
780 594
6942 119
9272 1191
4660 2990
5257 5155
735 127
7128 1438
2695 2579
5574 2368
6631 1153
7373 5092
8799 1804
6914 5034
1085 282
3922 1010
4776 4576
5149 2877
9583 660
3536 1142
7880 5511
9191 6975
5521 2652
1830 1316
1972 1948
7574 1032
1255 586
9861 4865
8408 6445
2313 255
5804 1130
3427 2214
8180 871
9432 7245
4184 2406
2878 1177
6596 680
636 76
7969 2732
5005 1791
2179 1353
9043 2325
27 11
2674 261
387 125
869 204
1678 1309
3312 2245
6070 4166
7940 590
3 1
8278 1143
7692 4449
483 352
1311 1009
7041 6958
4520 2508
2659 217
5893 4086
527 248
9929 5899
1288 397
1182 713
6350 5253
5444 3886
8405 2624
624 509
91 54
924 503
9426 2929
6178 2253
5143 4532
8701 3625
7909 1141
4635 4183
3317 2257
6484 6249
7822 5420
5006 1675
1240 276
7543 1671
9551 2513
4926 2265
1083 910
3108 1564
1145 957
7066 3063
4298 2212
1562 1544
7507 2681
9087 3554
6155 2526
4160 2883
3376 1961
5274 955
5818 3549
5012 4633
8159 2506
109 41
5485 724
6097 1328
4353 2858
9277 5131
2999 993
7950 5123
4914 3931
3539 2607
3169 916
7380 6048
1210 149
1631 1482
5873 903
5890 1989
4156 3749
331 182
2748 1991
4370 4179
4498 2073
2611 1624
8559 275
1910 1887
6399 4731
8556 3697
5933 631
8940 8324
3023 1755
4481 406
2002 685
8691 7578
1773 287
3863 2264
6177 2815
7419 1185
7379 3469
6706 5218
8918 5177
2755 2475
2306 1281
1273 1110
9037 240
5786 3125
8523 2202
1896 252
7085 764
565 132
4941 969
5424 4964
9452 7828
1940 1749
3846 1169
6208 4457
2704 1477
6967 2068
576 293
5070 4490
2730 885
2798 1118
5071 2728
7610 4688
8440 2662
6933 3827
3424 2061
4076 3584
9700 7754
8183 5314
94 86
8695 8172
9530 655
9748 8871
4112 1415
3394 2308
4010 416
5423 5046
8091 5556
2523 1221
9597 6714
3727 937
8470 1111
5220 4424
8521 4642
5377 1782
1512 438
9739 5954
3371 1058
8911 6144
7869 5863
3609 1330
341 129
3793 756
8793 6607
4862 788
595 59
1599 1123
2162 306
4089 823
2805 2185
1137 804
6440 2955
5708 34
2301 1332
9765 4120
9207 1266
8826 4507
2719 537
1198 544
8228 3853
4016 1661
2283 1049
1021 381
6536 6490
2014 1416
3415 2996
7303 4841
8435 5487
7370 4126
632 370
2281 1579
8690 3010
4403 3302
64 53
9433 2808
8286 3260
1746 719
9519 8636
596 479
3505 2401
3559 3227
7334 3623
1246 577
3079 563
8046 2708
4124 3678
8437 4800
667 322
6829 350
5639 2838
7683 4640
668 6
698 281
8702 4766
8171 2572
8635 2868
8248 6493
8449 4451
2426 2042
1563 1087
8398 7398
312 77
8520 8295
3368 1646
4967 4323
5953 2060
6581 3233
1767 599
6865 2388
6623 6412
9209 5138
3239 511
1723 305
4751 4663
5394 2671
9854 2383
2932 628
3476 1321
2566 1417
3328 889
8614 3105
7751 4347
1500 357
3241 681
8459 5535
8832 6229
4700 543
8247 190
3384 1705
2495 2251
3760 545
488 180
6846 2280
1951 925
8385 2431
9543 2004
512 123
6180 3810
2517 37
3369 3264
7780 6463
2480 419
4445 2830
8685 2615
3305 782
8935 4559
6728 3507
3812 168
2434 2171
5281 649
4020 2720
6419 3968
4853 2095
6794 6770
6734 3434
7525 5168
2394 1223
9772 5939
9320 2436
7811 1097
1066 857
6199 3599
8536 4278
2345 84
6315 3701
9563 4935
6875 3183
4209 1774
7210 1728
95 13
3649 3087
15 7
124 39
