985
5761 8444
5544 5950
3303 9562
4888 5338
7851 8687
6568 7058
325 3340
2636 3383
3135 5316
9941 9984
1829 6400
3767 6229
2854 4230
7729 9880
1169 1359
7468 9662
981 6742
3732 6308
2173 5706
1007 8461
8226 9919
8977 9705
2821 9471
1309 4828
611 4630
9894 9934
6926 8724
7989 9497
8411 9558
3805 6316
568 9218
632 2547
1296 4389
2092 6081
1988 3219
8576 9816
2601 7145
8310 9130
475 8879
7071 8541
1198 5527
3786 8763
7035 9813
5913 8688
3975 4023
4193 8384
4578 6851
3420 8875
627 1223
5854 8913
5201 9710
743 2243
2126 7187
8433 9192
1229 3171
6429 6876
8717 8921
4332 9568
9355 9758
2145 5524
3318 9268
1647 6410
3221 9852
9000 9877
6257 8905
9217 9325
893 3867
7200 7386
426 7243
3251 4399
3770 6681
1442 1985
68 6639
3892 8831
4363 5650
4628 6910
2752 7921
9861 9887
9250 9596
6809 6858
5873 6121
1030 3084
2890 7322
9461 9492
9235 9896
2800 8290
3034 9473
3460 6202
4277 6339
2574 5724
4328 7153
1816 7450
1420 6552
3790 8472
4803 7721
28 6047
6500 9039
7408 7509
8692 9617
3741 8783
1650 9180
6003 6948
9146 9485
5865 6722
8931 9424
8064 9624
3795 6719
1891 5654
4973 5235
6941 9536
2416 8072
3379 8741
2683 5746
4817 8898
9274 9927
3527 6466
4457 7028
2948 9230
3585 8140
8387 8865
4858 7222
7476 9870
2784 9910
9961 9993
4463 9341
4106 7307
9158 9327
5573 7556
8074 8657
6530 6927
4603 6439
5314 7805
5332 7102
9073 9637
1448 9704
4558 7924
4570 9586
4407 8851
8514 9989
3675 6188
8723 9088
4989 9760
5342 6402
4218 5173
7479 8507
8218 9049
547 9868
3800 9388
5202 6267
147 7785
2339 9002
523 8274
3785 3960
5825 9407
91 4088
1649 9259
8356 8694
6738 9973
8418 8778
8483 8523
7991 9678
3442 4001
2993 9544
1185 1211
5108 6943
8499 9740
7920 7931
48 9915
4323 5924
5055 9902
8683 9669
5257 8438
1063 5611
1690 5736
9570 9985
6097 8662
1176 3919
2540 5557
8855 9761
849 4777
1282 5995
5191 5475
4182 6704
3728 9253
7123 9508
9978 9991
3664 4074
585 4923
8092 8619
8938 9350
4752 8319
7223 8047
5951 6645
1659 5086
2136 9455
6610 7295
2176 5487
6964 8148
6174 7342
8737 9627
5293 9671
3375 9964
825 9165
2093 6986
8799 9559
991 8365
384 5784
4428 7414
7099 9807
2105 7148
8972 9418
3849 9414
2319 5652
7948 8063
9177 9805
5325 6119
3791 5340
2342 7816
3452 8253
8702 9776
1410 6894
1584 3164
1079 2763
6374 7702
6987 8941
4177 8757
7828 9376
19 2425
5586 5783
8327 8735
2630 3713
422 7666
7034 7289
6614 7006
447 8193
2085 8534
197 5612
3014 4859
7589 8732
5412 5885
7916 8045
8314 9046
876 9836
8488 9625
2905 9702
3274 4274
9708 9726
7059 8876
2071 5738
3787 7336
5457 6595
9720 9727
1532 8784
1862 3536
5643 6320
7670 8973
1033 5241
3563 4427
2928 8427
9886 9994
1703 9222
8961 9482
5199 9032
2341 7776
6230 9486
5859 6890
5703 5959
7054 7270
1837 6763
1461 3168
8184 9207
7888 8235
9176 9514
7279 8129
6297 9394
8520 9115
7385 8086
6149 8873
4607 9152
2506 8582
2171 2861
3064 6379
634 6531
2253 2433
1116 8133
8970 9200
154 3206
1676 2730
946 7905
2103 6215
3847 7650
3802 9874
5712 8543
8321 9835
1768 9149
6292 9212
9358 9416
8259 9530
7672 7992
3462 5460
402 9651
8819 9020
9321 9480
2929 7105
3634 8455
2316 4756
9966 9967
7368 8502
3386 6528
3980 9630
6553 9707
6355 9772
3993 6590
8393 8464
1031 6546
2997 3270
5395 9400
3978 6963
5383 9775
6895 9725
2899 9692
1141 9214
8691 9125
2769 9264
7199 9220
3139 8195
4519 6245
6868 8663
6409 7988
1949 4669
8212 9513
5113 9227
3454 6918
759 8575
1065 3096
3178 4327
9163 9575
1464 3364
1691 8952
6832 7938
8316 9745
5996 7262
2328 7678
9970 9986
9292 9632
2696 7848
6415 8665
2018 8823
4504 5849
103 6222
2640 8390
6438 7975
117 6012
7288 8535
6027 9340
7037 7872
1637 7521
3671 5989
1152 9826
4289 5116
5280 6756
3018 9182
5042 7917
1097 8481
4824 6304
8548 9472
6281 8169
3377 9081
6272 7358
5937 7114
1959 2064
5607 8343
8096 8099
8239 9262
4853 6212
7212 8621
7952 8825
663 4228
5603 9422
3380 9810
609 6599
2015 7359
1494 7265
1604 5149
207 4040
2320 9621
1629 9642
4639 7444
7855 9690
7830 9850
6340 6888
9346 9976
213 4197
6794 7038
6342 7260
6396 7946
7100 8588
8609 8661
904 4331
6843 9053
8893 9162
3778 9701
1980 6673
1572 4343
6471 9786
3200 3692
4615 7370
654 9619
2453 3232
5670 9659
3826 8033
859 9463
631 3324
9458 9763
1389 6810
4638 8667
6275 8275
6872 7873
6162 8317
7578 9734
1265 2615
529 1391
2051 7637
635 4785
2704 6420
1893 7594
225 1416
5471 6196
9878 9908
7024 8336
4769 7146
1711 8428
9862 9945
1305 8401
4492 7315
6346 7108
1133 8613
7505 7839
3995 5590
262 1323
6283 6616
1937 4064
3869 4000
2754 8049
8623 9768
4405 9531
6201 9668
7398 7513
7919 9393
8854 9840
3882 6801
7051 8780
4243 5791
6942 8300
6338 6551
1664 6038
8891 9378
6168 9755
7869 8408
4685 9855
1560 8740
6295 7097
3573 6469
9466 9944
9148 9754
3433 5940
1772 5407
7088 8123
687 3539
1399 3864
8622 8896
4481 4977
8581 9643
4165 5329
7746 8127
1390 9154
649 3673
5337 8160
5730 6191
6419 8922
2611 2853
5554 9608
7075 8720
2843 4971
7860 8460
9435 9604
7236 7861
3057 9216
8920 9937
3846 5741
6505 9314
2484 5692
8997 9096
4234 4379
9356 9979
7363 8155
8050 8564
7375 9417
4998 6252
9521 9891
9592 9844
4545 9451
2612 3210
6891 7084
1095 7595
5571 8947
9086 9618
1845 4122
8719 8933
7339 7365
6812 7964
303 380
5225 9495
6028 9425
5638 8624
5222 8897
5618 8700
4329 5528
9723 9733
5687 6606
9884 9987
4920 6322
46 945
4236 5828
2493 5384
5006 5008
2639 9716
7001 7205
1900 4078
251 5491
8341 9298
2434 7201
1170 9308
3829 7818
8603 8690
3904 4290
8071 9712
3234 3823
714 4005
8219 8730
8358 9553
3669 5419
5565 5579
6662 8833
7177 7225
1006 5923
7231 9277
5740 8777
5106 6497
8794 9448
6518 7514
7347 7625
2488 2641
9551 9623
3142 9556
5071 5805
4878 9023
6109 6211
6293 7732
7849 9415
6696 8966
3353 4585
543 7426
8929 9406
310 3685
7812 9387
9591 9687
9040 9866
7179 9326
9041 9359
9131 9748
2347 2456
9788 9947
566 7125
8037 9496
1401 6994
3512 9427
8577 9337
8614 8750
7733 8554
4025 5120
1204 8070
6066 7791
38 2528
8073 9099
3724 7658
7570 8889
3063 3129
2149 7192
655 6437
2564 4742
5134 6709
8132 8478
860 2283
141 8964
9742 9773
8010 9718
5312 5818
577 9900
9283 9574
7995 9804
5742 7923
9797 9834
7808 9837
625 3396
2461 9290
4233 9094
678 7111
767 6290
6736 9781
208 5817
5778 7534
4723 6102
3071 3287
6398 8935
6644 7801
8560 9875
652 7167
4805 6037
6713 9445
3185 5747
1409 2578
3884 9467
2888 7740
3076 7530
1634 7017
27 7662
4034 4412
2446 4418
1866 2770
389 9375
4058 7590
7469 9534
5300 7144
7817 9072
6937 8508
1178 7823
2049 7440
4382 7337
7351 9121
1004 9449
8068 8173
9539 9864
2790 7140
1333 5697
3356 3407
2876 6653
2605 9699
931 964
2250 7624
2248 3124
9352 9419
8213 9615
5496 8475
7809 9095
6459 7660
5856 7214
2541 2815
3227 6786
6403 8264
6006 8668
5095 9204
891 3941
925 4105
168 1078
4464 5711
6754 8544
7141 9841
588 8188
9351 9936
4929 6013
8845 9033
5343 7710
8788 9349
1722 8797
7056 7371
293 9613
1953 5944
1628 9089
174 4493
932 2702
2271 7634
7044 8620
2559 9287
1191 7473
5409 7811
7552 8009
6009 7343
5739 7361
2161 4940
8059 9057
1160 1482
6089 8956
7548 8752
5118 8943
956 2032
2747 6789
707 9672
6749 6788
7321 8426
8407 9633
8448 8918
4100 6080
7571 7803
1856 5030
2382 8424
7525 9318
2686 4206
9363 9386
8022 9405
4573 6847
2949 8754
5576 6650
2862 3722
5621 8238
3202 5442
4524 4857
6717 7526
5948 6689
8288 8439
4583 7294
832 3821
9829 9904
169 4735
7842 8217
5584 8497
5851 6303
669 7491
2496 3464
8762 8764
9523 9785
7737 9255
4542 6748
2014 8862
3058 8647
3250 7499
715 6312
1929 1978
2003 9001
5461 6830
8904 9288
4314 4480
749 6226
4600 6107
30 5434
8592 9597
7330 8871
6984 7555
2618 4132
7373 9634
8268 9300
2198 9715
4744 5138
5308 7643
2115 4376
9324 9655
1591 8963
8004 8706
8664 9238
988 6473
8035 8659
1872 6366
3537 5682
9030 9694
8538 8950
5087 7832
1963 7538
5236 6256
3616 9194
33 1488
5431 7769
5771 7439
3175 9580
2765 5743
8221 9127
3914 8505
7244 7593
6634 9484
7500 8656
4483 7422
1054 2374
1715 3035
1388 3556
2973 6171
3705 3852
2097 6628
602 9265
7168 7934
6833 7134
7950 9171
7999 9117
2167 9025
2466 2878
9491 9502
5962 9824
153 6004
7970 9926
2227 2742
2084 2245
1498 4851
1074 2462
3423 6051
7535 7914
4883 6266
1972 4837
8509 8982
2840 5932
1250 6666
909 8283
2875 3579
122 857
2225 2346
6951 9187
2836 6727
3196 8536
7542 9572
7606 8493
8856 9552
5977 7793
963 9147
3127 5843
4815 6899
6039 7124
9607 9769
7565 9935
9111 9231
3909 9952
2062 7478
2820 3339
5808 8848
2919 3087
4110 6453
1179 7174
5020 5982
9869 9921
9173 9317
9851 9907
2882 2950
8469 9114
2921 7668
3184 7971
4618 9490
2733 5147
6863 7133
4072 5297
8031 8453
8171 8186
336 435
9101 9215
187 3789
7350 8980
5542 8642
2054 7251
1424 6534
2595 9721
1293 3663
4296 9653
335 9784
3334 6361
8942 9197
4536 9995
5658 5925
1435 8666
5387 7984
6535 8468
4394 4765
3056 4656
8646 9219
9019 9438
3779 5472
6563 6793
367 6260
6008 6604
4217 4229
4081 7631
4939 7846
7686 9354
3501 4746
5819 5986
569 6124
2622 8298
9481 9681
5919 9503
6401 7640
5278 6975
4661 9963
773 9284
1787 3962
4341 6884
4270 7655
375 3277
1867 3029
8945 9309
4821 7033
7654 8779
13 5540
5626 5877
3457 5770
5536 9144
3540 6446
6591 8858
3173 9682
2963 4462
414 5052
4589 9849
4646 5627
3589 5630
8769 9336
4864 8012
3459 3845
484 5714
462 8040
3720 5634
1108 4377
5203 5683
639 2238
8547 9999
2965 5837
3371 8785
6458 6547
5698 8422
8265 9246
7326 8003
3439 8907
3278 8349
5800 6621
8051 8389
6285 7421
8429 8870
2722 6444
8653 9547
8492 8685
134 3117
6132 8637
564 6643
4842 7053
1087 4835
8533 9928
4308 6345
5820 8984
1327 5270
6564 7233
5473 7692
3959 6611
6954 7085
5265 7697
811 2549
7795 9871
6990 9474
526 1137
8364 9838
9510 9573
7039 8419
5339 5878
1024 7040
5464 8651
5893 9345
4928 8736
5842 6893
9839 9854
1075 3475
2970 6367
6123 6207
7302 8760
1487 2120
6683 9584
2720 7209
8643 9906
5349 5578
5564 7280
99 3204
1068 3498
446 3176
1113 4621
8900 9697
803 9974
8120 8179
4251 8967
1084 5017
6336 8789
4263 8106
1606 9612
6747 8138
7247 8008
581 5080
808
5218 3406
3211 3179
3834 587
5522 440
1987 58
4444 519
9893 1005
6982 4914
7541 906
5793 942
7461 3825
7464 2296
7323 2399
362 233
7320 4799
5500 1654
111 66
1752 574
1330 881
5031 1739
9494 7566
1404 1125
6707 5046
9595 8315
9817 5513
8189 3868
1426 193
1641 604
1983 173
9206 5414
5381 2170
6268 5968
81 75
6158 777
9684 451
7890 565
6179 2233
8470 2057
6556 4521
1438 222
2449 2318
2665 805
5444 4422
1262 567
9237 2874
7714 838
605 254
586 227
6213 438
6517 4951
1053 929
4567 4364
1728 1456
3723 530
3687 2710
1874 1000
3190 1271
898 148
1788 924
3931 3754
5073 571
2234 494
9123 2230
976 219
1918 356
8660 4699
2533 2087
8272 6216
4950 3297
1989 535
6236 1603
9765 8201
1130 584
6855 1083
3098 135
8926 1846
9658 5207
5110 4678
3 2
1538 752
8168 676
7292 6169
3597 2852
7612 4450
7568 493
6718 624
2148 1445
3505 2409
9239 2256
3235 257
8821 3752
8416 4917
8803 461
9639 2206
5592 4019
6204 2287
737 288
3942 1336
9249 5004
5548 4976
3466 1099
7104 6677
9323 4863
8522 2162
8021 212
9709 7553
6919 2721
6301 6127
7600 731
7611 4448
7580 4623
4696 620
5403 2805
934 307
1460 113
8800 5566
1153 218
7074 5823
8196 7584
284 248
8100 4641
1129 613
2317 2047
2475 1203
9546 3427
9793 4460
4916 224
8445 6249
1249 720
199 180
6968 3533
2217 1484
5653 5157
5162 3683
8910 5562
4317 863
9251 5189
8026 5230
5433 2603
8566 3010
3106 2960
2536 2305
8840 8836
8291 895
5664 107
4166 3329
5165 3257
3288 2039
82 54
8372 754
4456 1481
5274 2111
6206 2124
5785 4053
3807 22
1612 808
2851 178
3126 1934
9545 8959
9279 4479
2218 827
8618 6161
7296 4416
3998 1447
9272 1771
5114 4438
2841 1275
7676 5377
8018 4286
738 271
9098 951
8380 8223
5479 3731
3898 3051
4435 2072
5295 215
1807 100
4433 1165
8081 7547
5462 4807
2415 1016
5481 2048
3946 3012
7831 1701
7360 5382
1658 928
1759 905
7305 4701
636 379
9856 94
3939 503
4419 2377
9254 4616
8414 3443
6582 1096
542 463
6017 5313
4246 2134
315 229
9549 9195
5206 1705
2952 2590
2684 2350
851 385
9068 7579
3986 2366
8042 2128
6886 1037
9116 7497
3301 2848
3338 1086
1810 1157
5288 3359
2978 1344
7332 896
3238 238
2580 1397
5892 1380
3421 433
8838 302
8734 938
9315 6760
7101 5846
6203 3089
7560 3237
5690 1076
3780 400
1010 495
1361 1117
712 34
6687 3236
8326 442
4302 3273
3461 1507
4155 1922
8334 7246
8861 353
6350 1618
1289 308
8267 338
2182 1432
841 432
4611 2655
2513 1306
4893 4497
2257 427
4666 3315
115 101
5963 266
6875 6036
8075 2908
5371 3286
5779 3695
4814 3917
4083 3346
6465 3447
8853 5588
7173 4383
3688 2186
1642 1403
8714 6703
5451 1028
4181 1717
481 181
2220 912
2315 424
7239 1326
593 78
2585 1954
109 63
4261 2274
864 779
990 619
1206 128
6659 1373
8101 2290
1269 985
69 6
7080 5934
3666 1001
6228 5394
7736 5525
9014 7928
5227 1425
3538 2494
6798 3614
3330 2244
8832 5059
6612 5533
7389 6796
8323 4781
7665 4813
4054 2829
9452 5485
3521 1027
3524 3399
573 538
8094 1737
5074 4605
995 563
1531 672
3226 1674
5864 1201
1162 972
1631 425
7868 2681
327 67
3740 1056
8914 4533
3123 297
4163 3938
6573 5379
9783 9119
2907 2555
6020 4838
6043 2898
6774 1562
883 521
3541 1824
8471 1799
6278 5760
7683 7252
5646 3733
8277 3620
1121 1003
3944 256
8733 1873
2378 719
5679 342
4762 1159
7384 5965
9453 278
3313 344
2719 2175
2109 276
8375 3341
1477 728
855 554
5567 2706
4180 978
7520 4625
4498 443
295 85
2629 70
8224 4602
9374 4215
9447 839
744 551
1592 1187
1660 144
5552 3479
4719 617
1994 1509
1882 949
7713 2163
922 823
1101 644
5058 2154
3344 2010
589 318
4672 3840
6716 4396
2384 2037
3357 194
9960 1777
5352 1492
4809 3192
5980 4843
5151 3642
8636 7442
6913 5569
3851 1692
4934 4880
2195 2144
1164 879
1625 706
4688 4631
3772 1149
9949 357
4059 2155
4484 2893
8467 3743
4561 2068
704 549
2911 2429
1839 1593
1522 204
41 32
3506 1781
7029 4315
9728 4214
1158 937
9382 9193
9269 4694
8540 7608
5822 2926
3412 793
7216 4710
2774 1890
4999 986
578 121
8634 5172
4518 3818
1527 1042
1252 249
9571 1374
1503 747
8459 5824
9512 6114
4326 2327
8441 4455
2652 1243
8162 1370
2543 1975
2824 2306
2680 2100
9950 3446
236 42
7789 3381
6103 1731
4551 3891
116 65
6708 3038
8718 2944
5848 2749
6244 4986
7508 3665
5341 3934
2309 1127
7585 4870
4387 2795
264 156
601 323
830 98
6765 6462
7762 7639
1171 650
2311 940
537 280
314 161
9538 4096
4826 453
3046 2079
4862 4501
1832 1258
2385 659
1120 184
3711 3152
3554 1043
6247 705
1300 697
1780 450
8810 5705
3111 2348
8216 5489
146 20
8766 3635
3963 2844
9137 4466
1765 1429
6554 3955
4035 3398
539 394
9724 4565
7340 4897
6190 1630
8909 3092
2188 1139
8198 6491
4063 3144
7826 7806
4402 3654
6649 3086
1855 1549
2884 1342
8579 3225
6928 4271
3060 2158
7614 2440
5662 1833
8510 3299
2745 89
2229 1636
4238 1578
5003 2666
7441 2672
2817 2359
7504 6454
6845 2674
8915 1382
7763 5575
4036 520
6849 486
4990 2913
3677 2870
6961 6889
5606 722
6873 1256
9567 2165
39 8
4426 2141
6347 6299
4812 1437
4566 1449
2985 1730
8707 5545
3154 1646
2519 1348
3676 1916
47 29
8112 2179
5167 2583
6995 5137
4417 1796
6768 4709
1622 186
3368 2991
7257 2522
9166 2984
9913 7981
3841 1849
7087 4162
5495 1475
8477 4850
5392 1022
2231 430
9172 3494
3016 1369
4728 3100
8381 1917
5242 4763
1991 51
283 60
1172 95
4774 1684
3604 2226
6710 5839
8546 7448
8029 7962
3471 329
2038 782
7147 4107
1212 606
3905 3528
8282 7798
5483 4773
8822 2582
1928 1512
7390 2439
8709 2616
428 290
2082 138
852 621
1351 26
1823 281
5045 3908
2053 1821
7814 1283
4816 1677
2902 2727
6094 1843
4400 4056
966 724
5870 4167
6752 1683
3119 840
417 15
3134 2476
6807 6550
6068 5124
7807 3504
221 140
7020 4594
7250 2441
3522 366
1408 1017
8383 1563
5194 3472
2222 656
2786 2096
7355 510
4276 3657
5378 4827
4337 4159
1291 261
2764 398
3609 2717
7274 3568
1254 203
5863 3870
9830 1208
6980 700
2937 1947
3831 690
10 7
4356 3243
3440 2989
7157 5605
2736 2129
5158 3360
6490 4689
6753 2982
1726 1255
3044 120
7122 1525
8434 3105
31 1
3489 2788
4534 231
3249 1529
9090 6232
3213 374
1021 858
2842 1193
6384 5556
175 74
9044 2034
8765 2056
9917 2435
3531 150
43 21
1050 489
2981 2088
7638 275
1489 1387
9832 2657
9700 9541
7156 260
4981 4947
4340 3670
3523 2260
6532 2046
1971 1303
8725 3581
3928 2648
177 55
6100 4443
6135 4190
4681 53
6931 167
7287 4514
8397 7313
5396 5358
4553 3037
6701 6663
412 189
1455 365
1966 1607
9444 5502
4541 3009
576 501
9155 3209
996 853
6390 5250
5081 1324
3832 3430
5953 3300
3824 2258
6449 751
2643 499
8246 1828
5486 4839
8061 4386
343 321
3615 3239
1911 524
4178 2401
7852 1895
8463 647
1310 298
6737 3863
6679 2942
673 93
4473 2467
3165 1638
7652 1558
9423 1398
4731 2390
291 188
3797 1540
7544 1295
2407 1736
3833 799
3926 158
3458 1880
7894 5217
326 133
2705 1501
145 88
155 12
2288 1574
6062 5014
7487 3806
9221 4546
5537 3437
2480 1699
5867 3924
4333 2675
2671 139
7958 7334
4158 2796
5420 4069
9601 1651
935 131
7329 6526
8628 5688
2791 1999
4381 2725
1970 1696
5693 3402
2941 2731
4513 3788
3214 1587
987 772
6815 525
3930 3631
1694 130
8153 916
6058 2356
7949 4662
4747 137
7922 4324
172 16
8675 7204
5616 703
3883 711
6344 3769
1014 507
3902 3118
9465 1012
7866 6387
4683 3865
5397 1877
4297 1571
8491 1142
5125 4722
1779 980
7687 3507
9476 5623
3188 2669
6734 3557
8969 3222
5373 1257
4531 474
9982 5871
8771 1334
5474 4645
1439 301
411 382
4593 127
1763 1742
1221 775
7259 1378
5728 1244
6559 2412
2532 1842
1091 49
541 456
1264 570
8299 11
5661 4733
5175 1962
4478 2194
5680 1952
6558 734
3594 2487
947 337
2452 1081
6069 3746
5862 408
5426 3762
7865 2741
8761 4855
4156 2837
8231 7266
2761 1907
40 9
3820 1166
2634 2086
2152 721
3592 3350
480 64
5068 4139
1467 1114
2372 1220
2009 1240
7951 4983
3714 1055
802 710
5668 1685
7673 439
395 309
4782 2934
9009 4770
7693 3094
5909 200
5404 2537
4273 1881
9261 1402
1411 1320
3169 651
7004 2712
9353 8200
5317 2938
3309 1066
7311 4256
6997 6706
2321 434
