633
2499 6799
4602 6520
9658 9689
6479 7467
6560 9397
8708 8892
4305 9931
5812 8043
8785 9910
56 9168
4173 7339
2736 5566
5395 6388
5435 9449
615 4120
2762 3200
4557 6286
9495 9676
522 5070
5461 5619
1582 8410
236 7528
6031 7365
4246 7857
7385 7736
3989 5959
1658 2505
1326 8994
4349 8841
3672 6470
9990 9992
5906 7565
3713 5489
9038 9284
3452 6718
277 7404
8935 9570
3334 4379
550 2144
1020 7422
4698 9196
398 2614
1998 6395
7750 7937
7942 9607
6959 7614
641 1855
9255 9852
425 6179
791 4171
2209 6276
3128 3299
3960 4953
2150 9713
7913 8446
8412 9344
6176 6839
6550 9824
9429 9710
8187 9773
1033 2665
264 9302
9194 9419
7608 7655
3980 5657
1274 8912
2970 3828
8404 9997
9159 9417
2743 6720
9918 9988
2628 9784
4583 7032
3165 9237
4808 8299
3222 5902
2521 6314
3277 5704
2454 6262
7820 9253
6183 7375
8683 8879
1538 8161
4319 5714
2399 6129
649 1049
1842 3643
6499 9028
753 9090
3799 4122
7758 7930
1157 6100
8727 9271
1990 2667
903 3579
4432 9879
4088 5750
7468 7675
55 5112
2339 5635
6599 8415
8760 9795
2182 8711
7748 9897
4287 5192
5114 7903
6289 6667
4913 5400
4039 8825
3544 8236
9086 9511
8607 9860
8117 8840
9458 9956
9204 9797
8172 9134
2406 3068
8239 9948
8421 9801
840 5974
5087 6102
1771 7575
1995 2374
9634 9950
5636 6852
3110 4062
5354 6896
9922 9972
6840 9843
5388 8156
8142 9289
5780 6394
8645 8837
9342 9413
8353 9919
7003 9741
1606 1727
3693 9137
7321 8610
3482 9841
3999 9365
9960 9989
9063 9368
1393 8086
3316 6526
6104 6855
6242 8448
5197 5302
3883 7414
558 6233
8065 9723
4015 5289
7245 9223
804 1709
7336 8463
4229 9274
1586 3177
4597 6871
782 1323
9353 9800
5359 5856
7525 7570
1959 9092
8458 9924
4790 8279
9769 9807
8522 9636
38 2183
2352 5891
5834 7902
6110 9583
5005 7094
4920 6113
90 4746
3949 9497
6722 8168
4950 6207
5665 6156
5980 7866
1610 7452
2720 3192
7302 7922
9506 9515
5808 6754
5701 6465
3785 5593
714 1600
4071 5649
9737 9848
4077 9792
3564 5662
6807 9957
4905 9464
8804 9320
6651 8356
9561 9862
567 7148
3997 9011
6848 7284
4354 6376
5297 9716
2428 9315
316 5571
1935 3204
7195 9332
2864 9109
3948 8032
5996 8561
8170 9962
6661 7209
3504 4371
3833 7198
7883 9590
3454 9470
5979 7455
8320 9771
9120 9809
1544 7104
7233 9179
2621 6552
1894 3551
3746 7178
9453 9785
6701 9191
14 3260
9547 9724
637 7595
515 9203
2118 2895
3938 8366
6066 9854
8130 9911
179 6669
5644 6927
2260 5691
6504 9477
6034 6210
3097 5675
2239 9886
932 6880
3328 5224
2533 8958
2057 7650
7664 8218
3409 5775
4329 6533
7568 8444
1697 3170
2009 4599
2942 5648
5909 9351
3048 7249
8551 9075
1460 3839
172 8740
4374 7060
5416 6989
1952 9577
4106 4208
6189 9776
5483 9218
3967 9200
7557 8184
3629 9457
5557 8702
768 2770
61 226
9291 9698
5846 7442
8933 9427
984 5223
4646 6324
9329 9678
6415 8582
3373 5368
1229 8017
1530 8565
2698 4491
4143 8712
3376 9254
4188 7317
9541 9663
2712 4066
6983 7787
1507 3811
6652 7435
4449 6904
7753 8733
5349 6002
6442 7862
4630 9155
1660 6296
6694 7465
7892 9840
2676 8782
788 8373
780 9904
3173 8747
3363 8615
9048 9474
8987 9068
3217 6772
5422 9679
4370 8260
6020 7504
3021 6723
7739 8282
5096 6826
4884 5768
1947 5938
3649 4126
3813 5213
8942 9944
3331 4507
8064 8157
7436 8665
8824 9164
7145 8719
2449 4781
5711 7446
6895 8552
4858 5373
3881 5034
7347 8177
2294 9101
9290 9884
9965 9966
9125 9222
6644 9415
6753 8773
1277 2959
7501 9574
938 1868
4392 5517
5621 6344
7494 8513
2111 8549
2826 4340
1875 5065
5008 6841
3736 3880
7092 9433
4562 5165
1955 6283
2804 2871
3497 7716
397 6089
3330 8927
3250 4633
4925 8233
3130 9652
3784 8792
8793 8970
6620 7543
3111 4404
6378 9661
3073 4578
3520 7874
6109 6496
2944 8077
8466 9276
2794 7893
7453 7954
6342 7300
4856 8531
6478 9300
1641 8845
5230 7944
9224 9428
7022 8872
3444 8989
3905 6330
4777 5789
429 696
7982 8581
4453 6956
3563 6783
7043 8397
3194 5745
6505 9049
7617 8354
1769 9822
3683 9691
3322 6773
1445 7818
9556 9905
563 6368
3364 6948
8905 9465
5680 8045
8201 8809
1194 4694
1156 1809
35 1643
5272 7553
1043 5067
3867 5219
1897 3864
5148 7974
8125 9984
7936 8562
1023 2290
8813 9503
5506 6164
2566 3878
4509 6152
6022 6188
7953 8556
2148 2655
9488 9703
4761 7002
8308 9007
434 3879
1909 9923
8317 8838
8874 9834
4778 7499
5746 5873
7895 8150
4892 7111
6161 6719
8105 8450
8413 9729
8090 8703
9093 9517
1494 7000
3945 4713
7251 7932
5899 9745
9693 9701
4274 9796
2552 5673
6125 7798
5310 7559
3600 5206
72 9396
901 7218
6952 9022
7073 7487
5907 9015
8116 8937
1281 4895
4976 7182
4970 5271
6248 8006
4776 4934
3598 6191
9996 9999
9780 9871
1514 5190
8407 9699
2196 3189
7980 8849
9246 9542
5113 7457
8214 9375
5926 7357
5369 6092
5769 9359
2599 4153
8844 9605
4645 8205
6506 9481
6965 9128
6519 9552
7019 8973
4282 5176
859 7842
2010 3798
1973 2769
8424 9544
8488 9687
9436 9909
8230 9664
8857 9212
4090 9313
2082 7270
7490 8003
8100 9986
2878 8216
2809 3515
7992 8417
1686 2011
4903 5513
4318 5686
3218 3456
4676 9632
4804 7376
3211 7917
8721 9685
9814 9968
4019 5983
5852 6638
1076 9912
843 8588
6390 9225
9440 9524
4530 8827
2590 6591
3934 5247
2122 4342
7050 7681
1662 5440
5211 6830
1747 9835
9288 9326
4819 5233
3613 4385
967 3674
2780 7458
1117 2096
6584 9597
1633 6411
5406 8283
7193 7204
6687 8671
4744 7943
8246 9496
6787 9750
9081 9637
4267 6894
4170 7669
2882 6984
3355 8836
2252 9325
7814 8627
7172 7286
5658 9371
1741 6971
4612 5415
9078 9569
5156 8434
1464 7096
4655 8147
3391 4460
6327 7583
8291 9622
9385 9466
6598 7518
5774 6663
7516 8709
2235 3801
7015 8441
424 5458
7766 8955
368 2395
1402 2496
7813 9010
5449 6985
4560 5939
7361 9107
4489 9520
7587 8589
4036 9832
1344 3940
8634 9717
3438 3533
9876 9939
5692 8321
8342 9804
1275 3147
4904 5452
5796 8250
9521 9601
8389 9612
4440 8579
7969 9348
490 2555
4620 5693
7741 9888
4650 7665
5253 7211
8103 8765
9598 9979
4125 9805
1620 9310
2867 7697
3046 6245
1500 9850
7091 9837
5559 9387
4187 9297
613 1719
8869 9621
9555 9828
2464 5911
5606 8722
1970 9806
2931 3787
7908 8431
2461 5872
6306 6765
4967 9706
411 830
9074 9105
4091 6343
9559 9817
9052 9180
1130 7686
7770 9593
223 1509
6212 9372
1690 7277
1884 5393
8109 9206
3243 8454
8505 9934
493 8583
1677 6901
645 5690
1968 3139
336 4112
1317 7026
713 4180
786 2043
527 2270
1140 3614
7175 9129
4402 6216
3824 7395
6446 9475
6036 6739
9579 9975
8800 9513
8936 9000
4414 9439
1019 5495
605 7432
5470 8707
7531 8005
9981 9982
1214 3790
1435 6778
948
4693 1772
6231 380
9266 4500
3379 2554
8761 2953
946 12
1111 502
591 31
4732 4589
1804 609
7101 2630
4368 1001
2168 1518
8225 261
8741 8212
8089 3492
5937 1497
1092 32
6456 4145
4227 2846
2731 1123
6056 4707
3421 3140
7053 651
9192 5164
8691 5519
7602 7275
7627 5823
9998 8281
306 185
7226 1287
612 444
749 144
1368 924
4740 1865
5589 1086
2756 952
4807 666
5418 4487
1342 275
9035 5886
3445 1093
4968 1004
9760 9241
3725 2105
1341 298
4280 2730
2469 2453
5414 67
3216 905
4399 136
8638 1131
1699 1121
3565 1098
2109 1468
6647 5940
7870 5345
5554 224
2652 1288
4222 3837
879 827
2005 250
6452 5726
5871 1203
1378 1225
2179 456
6769 564
3608 2104
8569 3303
2996 2029
9618 1145
1353 332
7262 2079
5920 3653
2607 151
9803 9402
6398 118
3249 3122
8180 921
3360 663
1978 231
1154 466
4045 2850
9812 2532
2750 854
3971 1144
8823 3188
5203 4716
6637 6534
3604 2412
8682 1163
6355 1553
4843 3125
9392 4165
7592 5741
7331 1740
6291 2580
1176 778
7401 5039
4252 2662
4608 249
1846 629
2046 1305
5172 2945
7243 1762
7876 5956
885 742
2166 979
5363 1533
9548 1062
4678 4321
1985 821
1417 451
4446 1082
8706 455
936 104
6585 5446
5734 3329
3554 2278
4623 2620
7642 7174
9674 5573
4496 3044
6711 5773
8437 1702
2909 1116
2375 1077
8422 620
1285 273
7413 2488
9483 1834
3675 2668
6900 4265
7735 2329
3042 1569
5951 101
736 695
8269 2735
3282 1994
5806 632
5308 4176
3762 1165
4842 4629
4839 4409
8673 6382
3711 1615
7089 6208
7651 1127
822 140
9293 4364
4084 680
5084 1817
4249 587
2926 639
1240 9
7809 278
7929 2766
9362 5248
7957 2236
5543 4871
5991 1322
1071 269
3700 2660
6792 674
5720 40
6139 5157
6548 6018
3202 1337
9017 6255
5118 2419
4719 2026
8949 143
7513 3652
961 890
8419 7521
5210 4107
2054 485
6509 2579
4076 1957
2768 792
1309 157
2682 2433
7464 3754
2629 1531
2821 569
5953 2095
5822 1226
4969 3134
3120 2052
1535 1324
7971 2819
1211 334
8241 246
2978 1192
2664 2415
4474 2807
847 251
2121 1863
4872 808
5666 2811
3162 2905
7720 2604
9037 990
3271 2212
8335 2504
2713 1331
9484 337
3737 1238
6385 2793
8137 4332
5167 2473
6801 381
7097 3575
5025 625
5447 1688
7138 6767
5973 5334
9964 2656
4829 2659
6281 4155
2101 349
9110 4140
3124 431
8055 4397
900 724
7589 2791
3387 767
8322 5685
3380 868
7394 3234
7830 4214
3241 1510
1147 423
3657 3471
6658 4791
2751 662
7454 3091
8672 8543
2291 933
6968 2593
7239 2058
2480 463
1094 193
697 344
6335 668
3174 132
5729 5482
5361 100
5009 2156
3808 619
9108 983
6804 3472
6239 294
9373 9265
4461 3026
1892 158
1987 870
2586 2263
4182 2257
2476 1648
9742 3416
2475 739
6348 503
917 689
3768 2796
1074 828
1032 400
5866 4770
826 700
8143 521
8780 1818
2303 693
4381 2988
4940 1836
1380 557
8479 5275
3489 1707
5316 3697
7018 475
1779 1539
2452 1484
7799 1370
507 92
1233 42
2139 1511
9599 7918
1940 189
6119 4219
1950 1652
355 112
9205 8633
2371 1906
8442 285
1243 842
1206 79
1859 227
7398 23
8524 1482
1224 813
4849 1837
6865 5900
6553 6345
2241 1319
1635 1352
9896 987
3834 2993
5507 1297
4403 4
3301 647
7020 6547
7441 4699
9282 9121
7378 2723
9334 5003
2679 928
4874 3574
6215 1109
3002 1107
3735 1213
3496 1044
4017 3000
1821 1296
4444 4262
4882 4556
3978 2893
9024 8861
9874 4405
5177 3264
5897 953
7733 2567
7329 7124
5535 3028
3357 123
6756 5069
1991 1244
1035 89
4921 2678
1429 173
2318 1065
2838 2636
1411 202
717 156
9845 9712
5337 3873
584 110
302 114
1045 601
3627 3507
2309 1608
8310 4525
4535 170
2141 376
8331 4080
4954 373
4495 3931
1190 1016
3532 1446
8251 1340
1015 82
3460 2915
3223 1976
7238 4150
8190 5307
8829 4407
43 3
3901 3756
2764 2761
6432 449
5301 2188
4570 1067
445 296
5763 1054
9898 2251
3477 3027
4259 2151
6902 4561
8313 4518
8534 7618
8606 8509
5915 2487
5127 5077
6200 5487
4053 2370
7283 2163
5292 4662
6017 2651
8947 510
6065 2774
8932 1210
240 116
2004 152
5125 2690
4454 3872
7167 6760
7338 1376
9384 4025
7991 5217
4248 1181
63 53
589 268
5456 4943
1575 891
9188 2435
4727 3268
7925 719
7680 7532
4997 2056
2733 1989
9533 5767
5020 4301
1565 999
8047 3782
832 58
4307 1796
8664 2583
9655 2624
1706 1550
2164 2013
8035 2578
8122 4359
611 372
2824 2002
4575 1882
1520 1321
256 44
8593 4384
8174 6058
2617 2302
1726 1103
2115 1591
8256 3256
1236 1185
5781 3403
6406 3294
9560 5041
2498 1488
7995 6077
3233 3009
4543 1361
9176 5642
124 120
8085 5244
7520 4660
4811 2342
3393 107
9974 8811
196 1
4666 1291
624 167
77 22
3123 393
6235 2940
1397 638
6542 4711
9933 998
6966 6467
1548 899
7440 6030
2176 1603
5048 328
5124 785
2865 1838
7811 5942
1813 1580
4337 731
6836 5548
7539 3913
5208 2570
8163 323
6339 1656
5282 1534
9763 4689
4238 1101
1588 418
5236 533
6967 1311
2438 2436
4928 3005
9059 3022
9354 4656
5707 2390
1036 726
4498 2544
4225 1302
5986 848
8983 8851
8948 1162
958 755
1505 339
7662 2220
7232 417
333 218
9082 5221
8436 7951
8278 2299
1414 1207
3281 851
1447 855
4982 2673
362 299
5848 4387
6361 5106
4773 462
3342 2061
5269 4915
1212 761
6941 4376
54 28
8898 6005
8290 2695
7485 6392
3660 359
9064 1079
5839 4728
1304 1002
4851 562
6146 1700
4197 1671
4622 770
4511 3631
4198 4004
9403 7005
5534 3936
7503 4574
1595 437
9338 6705
6692 331
6325 84
3963 2792
9508 1027
5538 3506
2146 925
9825 8476
1217 109
4244 1674
6157 3699
6838 702
154 51
5335 598
6538 2889
3696 1885
8516 3716
8843 6779
4433 3449
5583 1984
5317 1960
1366 460
6676 3056
8876 670
8568 1852
2157 2045
752 103
9681 2825
2559 1173
2835 2622
6166 1455
7173 3557
8530 4659
3995 1953
443 353
9617 630
3623 2332
3033 1862
7550 4310
8705 8622
6074 3819
4346 2268
8982 1454
4639 4540
5731 1037
6428 1155
7644 7323
9755 7214
3045 1962
5798 3080
3272 147
9635 4999
7880 6154
8167 6601
8219 4796
1360 789
7290 1072
4226 3922
2243 787
5367 3917
1364 1284
5001 4798
2719 1589
3362 673
1601 325
7533 856
2276 290
7200 1193
8778 8284
8392 5198
2349 610
4413 4010
7084 2360
3490 2173
1069 209
1461 1052
470 30
6322 2333
9660 3318
7466 919
9947 5816
4014 3546
5044 4192
568 230
9708 6425
6454 2393
1441 1042
871 766
6445 4752
6700 1057
7915 2866
9186 809
2910 723
2540 1268
7949 6346
1068 694
7905 2994
9718 4493
1687 1680
8504 5382
279 11
1398 715
4299 2772
3882 675
1676 1668
9409 3487
9993 7206
9619 7438
8681 1486
2553 2250
4102 1521
4820 2335
6843 6144
9563 5437
3397 215
5837 1235
258 150
5485 4627
7877 6493
5434 5235
648 415
6922 5966
3975 3390
5960 518
5656 2430
3207 2969
2989 575
3343 2663
320 213
3877 304
2587 2472
7405 4533
6802 369
1749 119
9076 7629
6715 3424
29 10
6384 3597
971 705
626 590
5544 1197
1254 149
4600 3176
6256 2201
6870 3190
7219 3112
6340 122
9388 5222
5419 1221
9675 4706
3378 3354
799 578
2402 2301
414 190
1418 968
4281 1383
7822 732
2834 623
4906 1421
9095 8332
5918 3146
8208 2463
7258 6263
9272 7882
8891 7773
8992 6043
2925 1746
5352 5216
6057 764
9868 8506
4442 1476
6214 1692
2032 1731
3061 1517
5011 969
7192 6194
1625 935
8259 7861
3025 1272
1508 318
4241 4123
1506 91
1650 881
7707 5417
3109 1384
3228 2267
3829 3179
8656 497
9043 3552
7545 3904
330 85
6648 6497
3082 1780
210 57
6569 5154
853 498
7024 1743
5169 4701
4835 2093
4389 3265
2805 70
2217 2154
4377 977
7069 6650
4914 3665
4166 4063
6617 5874
4341 4110
8538 1375
142 115
422 408
1805 535
2089 1646
7257 1632
2799 2557
5698 4838
3705 1756
8451 3634
4897 3255
8594 6655
760 655
7534 3605
2857 513
7860 7160
5019 4986
6785 3245
9963 315
9762 1348
8628 3890
5182 403
1932 1038
9967 8015
7070 539
9031 4534
1886 970
860 440
6171 2354
698 363
8784 427
9065 2145
6789 3059
548 263
3158 1735
8067 4946
677 448
5936 26
7392 1754
366 233
8787 15
4802 3924
6072 3970
3601 1536
4380 846
3628 1793
3063 478
9127 1021
6000 4866
9148 2408
7248 5552
9501 5950
4168 2725
2740 1577
5323 1918
9486 5430
9537 5868
489 407
3050 335
777 484
858 820
5151 4735
1619 1394
3278 628
7500 5528
3661 2814
2444 604
8119 2568
5967 5881
7760 239
4825 3389
8518 5567
5000 2778
6205 3154
5549 3017
324 245
8635 7869
6784 2225
7698 2445
5764 2128
8698 20
7140 5346
71 7
2773 1574
7578 2470
7282 5497
6611 1902
6126 5870
4985 4456
6748 3729
5488 874
8274 7990
4142 3943
4375 3753
164 78
7077 439
3538 135
2388 1270
7837 6874
1129 495
2484 1463
2535 546
2051 1327
9318 7072
8886 4686
9006 7775
3035 2685
4805 4681
6668 2737
1184 529
8830 6416
2044 276
3453 1266
1966 405
343 310
2556 657
6923 2413
5046 1064
6059 4497
1848 1276
2422 1602
8624 3941
2254 740
849 730
7370 1187
494 365
5161 1262
4922 4483
1943 880
4278 3214
6460 1351
9849 8626
2650 2024
877 148
5033 2615
6958 6391
3511 2832
2585 1253
391 153
8660 4887
3297 2394
4877 3071
1196 1120
8649 1807
1651 174
4193 395
9050 5229
9097 2862
5057 4672
1645 474
8020 3745
7847 3955
6298 5947
2127 712
3351 688
5779 814
6130 2238
2647 994
9683 8060
8468 716
9423 4855
1613 441
3767 321
6892 5066
1878 1679
4237 2384
3023 412
6304 2638
74 65
1209 472
4137 270
8193 3383
8363 111
7217 4795
2514 1202
3407 1861
8360 7849
8339 7491
9169 3668
5687 3732
5111 4499
3377 2483
8640 5630
4930 1169
6234 2813
1778 1621
7473 3568
4191 1415
2308 222
2800 541
1693 631
2991 561
3213 1091
9901 4365
7377 7266
9654 7411
7577 748
3144 790
3714 2331
319 195
5997 3335
4824 247
1948 978
8181 5299
8546 5329
9279 3698
6217 6168
7828 7634
3738 2687
6118 2524
7131 4213
6251 3603
3395 3201
1785 338
4275 2816
