127
3330 4545
9274 9951
7219 9708
8032 9642
3673 5580
9308 9681
321 7753
3076 9406
6722 7958
2431 4548
5865 9595
2886 3061
3290 7198
7232 9660
3402 8848
6196 6608
2208 3039
598 9762
1746 5524
2525 6366
2347 7798
1511 2626
9479 9839
2429 9030
7740 8673
6387 8514
3648 4472
6245 9149
9225 9531
1864 4792
4275 5748
117 3586
9673 9898
3643 9716
8867 9137
2516 8681
9542 9655
6915 9086
2651 3187
4565 7645
6030 7791
7491 8299
6687 6734
4596 8069
5377 5496
3062 7086
49 1689
5905 7805
9007 9980
8766 9517
7898 8594
1053 1339
2815 7175
471 7735
6749 7470
540 558
3424 9051
3376 9845
9932 9950
4121 6192
9515 9536
5285 7976
1064 7921
809 4156
6300 6439
5010 5828
4842 6685
258 2454
2289 7945
7015 8403
9257 9921
7941 8914
7487 9658
7964 8277
1993 5945
4930 5842
5986 7565
8313 9648
6613 9612
4199 6286
6294 9312
271 5907
9224 9824
5611 9008
1334 9165
528 4445
8447 9868
9411 9754
5699 5733
238 4482
1632 1635
9325 9968
8496 8626
5430 8122
5335 6435
3153 3201
6149 7291
2888 3486
9769 9971
7581 8012
5194 6087
4286 4694
8205 9083
3514 6037
1263 7034
6928 7714
2981 6333
9747 9803
9448 9965
9315 9484
2420 7228
928 3526
1555 7027
4452 9796
4465 9616
2875 7479
7775 8081
9444 9867
4668 5861
6827 9634
1467 7644
5263 5578
9617 9857
742 1967
5142 8209
7261 8761
494 733
773
6176 4481
8216 7856
9011 6216
8816 1782
6958 652
4218 3094
1351 319
8738 3675
6210 4522
2907 1868
6912 1543
1668 1442
171 145
5262 2564
8017 5185
574 502
5227 802
634 375
3516 2414
9095 2028
5435 1198
3253 1352
8319 6676
910 121
9487 5211
9888 5254
5331 3498
7431 5106
1456 987
819 521
9702 9423
5001 3546
3303 2345
2955 2432
5449 2481
3205 157
9934 8389
9433 5101
4655 2201
3275 2384
8497 5168
1917 1785
8392 6195
463 126
1627 563
6764 6359
2252 2071
5516 4309
9040 3161
1237 790
4351 4270
8677 8050
4167 1029
3974 915
4777 1345
9452 2336
9183 9026
8779 7749
3295 1146
8137 4594
6552 2142
4490 3950
8100 2483
1099 654
2777 2650
5625 431
9940 6342
1802 560
7403 7101
346 137
9163 3572
4965 448
7998 1435
4572 1484
7843 2292
3489 2296
3570 3450
2048 1998
2518 1398
7225 4039
6548 4462
6808 4505
2130 1477
3746 2342
2767 781
5420 4789
3789 341
6514 2415
4795 3735
7250 396
5184 2176
1228 32
7826 4801
4837 3919
3167 962
9543 9230
9056 6973
6494 449
2991 499
9907 6049
2870 1235
8108 4895
8119 7884
3493 1952
9179 6876
6165 343
6081 3064
1890 849
3197 985
4538 58
9210 7377
5037 1771
2234 105
8530 3414
982 143
7862 6509
3524 2266
5735 2343
8367 3694
3461 1378
3708 1211
8023 948
6130 3759
2357 1558
8160 6370
5127 4265
125 42
1903 274
3844 2817
6433 2494
4040 3245
3603 1264
7938 2033
4809 2156
7835 4639
4724 1276
4317 2112
3905 2452
4661 4612
1551 47
6357 5239
2074 1541
1535 1007
5670 1949
2909 447
2608 1304
1953 325
4920 4436
8212 7697
8656 3705
5269 3566
5638 3055
3713 2134
4163 225
6767 3333
5563 5035
65 12
3655 503
3963 2550
7286 3812
1831 429
896 519
8735 675
1372 973
1500 732
5710 4591
9741 6364
3924 361
6445 3010
2948 1465
2857 2565
1979 278
4385 871
4113 3404
6620 2881
480 398
4940 3463
2073 1537
6076 2091
820 394
6777 934
6172 3519
8604 1633
3047 1529
4979 1260
407 53
3065 2840
8303 4563
5864 649
8474 6602
9865 1034
6500 1542
4889 2042
9454 8978
4923 1335
7977 3334
7777 3798
717 150
2915 1565
1888 245
7368 837
7745 4361
5325 4331
4862 1679
8226 7389
2795 1281
9429 1895
589 506
2078 695
7663 141
2319 1755
2135 1735
5470 2710
2340 1026
8486 2093
7918 7094
6444 1528
4874 147
3209 312
350 95
4859 270
7546 3769
9334 6949
7008 5943
7202 3144
7664 2376
1734 70
6041 2899
6812 1658
5212 4820
3396 700
8015 4817
3397 548
685 302
9282 6499
4550 2947
6626 2648
6841 2492
6003 5836
1192 120
1012 408
4319 2369
8635 2239
5029 983
9511 3016
9206 6112
6810 5972
439 110
8354 2061
6994 5198
244 217
1041 736
475 222
697 599
9607 6964
8458 5086
9994 9245
2846 1584
8733 1828
6619 4554
3478 2839
8961 4336
7200 4561
2026 54
2443 607
6752 2487
7831 1936
9062 8624
4716 2849
132 27
7258 136
6883 5515
3049 2257
9668 1800
3947 863
6040 3861
9375 7913
7650 5607
2344 146
4932 4844
3046 854
7270 4910
6885 5726
7766 6650
6665 4289
9518 2393
890 357
9918 2018
3390 1680
2603 1655
5981 3442
5355 2510
8195 7897
1970 1357
1697 1328
6936 5869
1736 106
3982 939
4061 1700
5717 4105
6074 2267
2159 416
7381 4985
8347 546
2478 395
1703 1270
3811 342
8117 1852
5718 1202
997 382
7705 3439
5352 2770
9749 1611
7379 6214
2122 1646
4423 2322
3210 1809
5351 2988
4725 1006
9389 7158
5937 5538
1851 689
1090 579
6475 3602
2828 2321
3467 1981
4986 3405
8001 2800
2768 233
9552 4810
2348 459
8906 1990
9449 8518
4621 570
3585 3472
8285 3089
6766 2669
2701 13
6465 4501
9800 6586
5742 1963
986 263
6425 3437
1972 108
9191 1749
6113 4134
835 144
5038 2486
1206 796
5691 2143
3698 1774
5654 1355
2383 1622
6139 5798
4908 3783
1601 613
2090 1870
4403 3420
3857 2378
7483 6582
9678 3142
1810 1759
5804 4400
1673 1062
1590 1430
1966 1503
5608 4050
618 17
6107 3080
9823 5276
8070 6972
3591 1716
3513 3445
9846 3136
8544 3709
8508 2462
7455 1071
9798 1780
4486 3431
4647 2786
2884 1907
2072 1582
5668 2949
2780 1869
3773 3305
240 199
8881 5088
2206 90
2200 1702
3317 1014
3465 3350
6769 2709
5612 5329
391 283
8706 2633
8149 2600
5873 5719
9320 4049
8003 4000
5617 4068
3567 1671
7739 84
4220 3914
5431 4255
9358 8691
4382 2666
8164 6241
4146 1220
3056 885
6362 5520
4198 3765
5875 4127
6385 5421
7747 2687
4427 1856
2703 1896
5308 3530
6557 3885
1362 1030
76 8
7424 656
9713 6801
3110 3102
9942 6056
7260 4637
8997 1139
4935 3697
5508 4318
853 774
9611 7868
5064 473
1490 115
2896 224
1132 1108
4187 1397
6233 6088
9556 2702
8103 2972
9563 2272
9065 4468
3983 1169
2114 1489
51 41
6240 1411
9997 701
7743 5862
2985 713
8467 19
2827 619
859 784
8224 2220
1250 794
5679 3466
2097 1113
7268 6227
5984 2175
2248 1386
9576 208
7358 210
2359 2079
6758 764
5274 3208
2609 1404
3617 196
1959 775
8294 2586
9947 7560
8280 8107
7994 2611
7105 5393
4296 2854
1984 1524
7108 4767
3415 1337
1885 425
2000 1176
9273 8352
9146 8857
1928 227
2771 2743
3395 1300
8880 4502
6326 6157
5113 4611
2704 610
6845 6137
4128 4111
8365 1767
6187 5345
2726 235
6463 4712
5901 3553
9996 4337
2830 818
7912 4072
3111 698
9740 83
43 39
8192 3288
7569 903
2235 2213
8814 4380
2891 1871
6397 3381
9786 6167
754 80
1287 247
5144 4179
4071 1279
7462 3533
2673 2523
5665 5321
6798 3370
805 67
8932 4814
1086 236
6609 1581
5534 2307
3497 3406
8630 6720
6338 812
9075 6692
8436 6681
9528 2259
7102 5193
1652 582
9627 2490
1262 662
7755 3337
5635 564
2059 370
1857 93
9153 3407
4894 4256
1701 926
9557 1596
9384 5091
1722 112
5360 3032
6963 4835
9173 2060
9555 9059
1164 28
9337 4207
4642 4106
7502 2544
6162 1607
3778 3452
7787 6658
7214 2908
1454 508
6009 4205
284 201
5642 1504
9773 9255
4793 4686
1474 1216
6894 5983
6373 2228
5673 5111
6624 4689
9973 3301
3471 3177
7104 500
951 504
428 318
8952 134
1623 52
3023 1269
4164 2333
4464 615
7839 630
265 189
6078 3069
2006 1909
9704 3762
8666 6280
3474 1366
7304 2205
8189 3190
1368 297
5884 2802
7278 3216
1453 705
5948 5877
3251 31
2146 184
5881 1848
2186 246
5987 5424
3527 933
4037 419
538 365
8842 5327
5675 3542
7113 4469
2644 1801
4867 2905
9354 2678
2242 491
8036 2068
2150 707
5820 1038
9346 2568
1641 1319
5039 4520
591 37
2389 2215
5284 4962
3841 1069
3490 3309
8358 5973
4434 4326
4902 3346
3422 3159
1506 18
2705 2598
9101 3747
4084 1455
9284 9090
337 303
4529 3371
5051 2773
4259 109
7099 1499
6383 5851
4349 4346
4779 4460
4244 2449
3041 2012
3451 3174
9207 693
3088 118
7449 197
160 59
9811 8628
6648 6221
2380 257
7819 1513
4417 4300
1865 1842
5149 1843
5203 1938
8692 7995
6965 3678
6155 633
9438 4855
7763 5962
5609 3757
2250 798
4409 1079
9359 5283
9243 1923
6505 3495
9227 3291
1833 1609
1124 703
2898 1466
6575 124
7411 1199
3077 1729
7817 893
6759 2585
2137 1309
7362 2582
7472 2011
4975 1615
6069 1036
8191 3595
9265 3185
8887 2925
5046 212
3899 3281
6858 452
4980 2488
2177 840
8598 6549
7206 2832
9311 7832
2720 1045
1241 1190
8379 3863
9852 7110
5125 4994
1382 990
9889 8503
6292 2309
9524 1578
5242 5085
6193 3146
8495 2374
9214 7896
3820 275
3043 679
9909 3525
5071 1083
8471 2924
1805 285
1908 636
4069 1481
2243 1724
4776 3938
2040 902
2099 1296
3222 2284
9667 9453
7064 1709
906 163
9338 4984
7572 316
536 291
8872 3265
8351 612
1336 687
791 359
1032 516
2682 1940
9020 6061
4708 2610
7380 2620
4052 620
7077 85
6265 4339
6807 1980
218 87
6781 1775
7636 7119
3052 2089
6516 1792
5656 5107
3749 2945
7761 1399
3001 2281
6880 667
1322 1200
8897 8622
3664 3273
3640 2735
7013 2320
1245 1205
3090 1149
9718 8919
5600 248
5054 3800
4448 4154
6378 3795
3156 3147
2814 1389
1383 91
4483 1313
7220 3605
4569 3734
8227 6380
9926 6181
2499 807
8515 4307
522 427
2959 1951
5266 3299
9326 2155
3837 3366
5182 3582
3934 3241
1589 1576
9550 3232
2184 1025
2021 1321
8394 3646
7100 287
4633 4623
21 5
3560 304
3193 1518
