49
3128 8182
8563 9294
1803 4578
2319 9014
5717 6141
5196 8332
2926 3912
2531 2890
5768 9705
1724 3390
5109 5266
5848 7275
7898 8687
2459 9167
8153 8545
266 1498
9403 9820
4950 6338
8511 9109
3359 7870
4542 4779
1241 8129
6931 7810
4821 5259
2131 4491
4336 6317
3948 9783
6398 9196
9147 9347
7265 8965
6361 7778
1433 2730
6151 8319
3501 6763
8326 9613
4111 4921
5527 9005
5013 6936
9118 9478
6303 7290
9181 9660
3084 9422
2721 7406
964 6611
4050 5879
5179 6172
4166 5807
5913 7345
7718 8682
179
5939 5376
9659 4028
6683 3314
4020 781
429 393
9470 4021
6158 2936
1728 920
754 709
6929 6031
8830 4207
1392 520
5117 2098
6896 4277
6 3
455 40
2511 74
3171 3156
9062 199
4136 3006
9610 5703
5118 1980
3983 1331
3908 736
3681 1574
7370 5691
4278 2541
3001 1876
8440 4907
1579 656
2635 2451
7251 567
6001 5492
1118 402
4455 748
8868 3071
5131 3761
5335 5093
694 493
6679 3937
5680 241
4250 3017
2793 974
7094 6921
8952 3659
6412 4272
8176 127
7934 1527
5996 3368
8364 6731
4254 1555
2877 1051
5365 3213
1354 1220
2074 1325
3527 1362
569 145
1541 1355
6866 773
6849 6333
3694 2871
7747 5914
7352 1013
9769 3093
2596 1032
3790 1537
3599 2650
6292 4413
597 81
2072 58
316 20
5998 5573
6248 5217
4400 2178
6250 3452
8155 4271
732 262
5796 1680
5091 4641
6046 1735
2117 1123
1158 465
8309 5683
5162 4205
434 239
1758 822
1211 1066
4376 2045
7800 1432
3637 2200
4644 1775
9829 6737
1496 1255
8076 2682
912 787
6036 1625
4500 1627
834 803
7799 3970
2056 1521
7072 622
6560 4739
2095 616
8573 8363
7007 4769
2767 2084
6006 2370
9712 7119
2536 1059
2590 2280
8756 5448
2870 2471
4191 1157
6739 5297
3605 3276
530 99
5866 3525
7515 6570
1320 1244
4321 3898
9554 6632
6322 2186
7640 1386
5503 3702
2210 573
3087 2828
7620 2987
836 602
8027 3566
5023 2643
381 179
7403 513
5461 3434
9192 1249
8885 4190
3124 992
9798 6143
5187 2269
4215 3180
8436 4548
3966 3476
9661 6504
344 45
4062 2174
2868 2547
638 614
4008 3480
8878 183
3040 1949
2587 812
8448 6945
5783 799
1357 950
4810 3002
4371 3386
9480 4680
2598 1125
8220 4928
4079 227
7211 7126
6134 5959
2555 762
5529 4988
6192 664
275 55
2562 181
3697 1043
9156 7661
3693 2543
7893 6451
7286 3456
1267 553
1184 206
6076 3174
4372 1872
8007 6770
9911 3082
4345 2446
2435 336
