344
6880 7324
2055 7308
8018 9251
5019 5112
1089 4433
6660 7437
7472 9090
3604 6492
5796 8457
7237 7998
939 8682
7108 9376
8803 9025
7089 8004
2579 9026
8077 9148
5329 8620
4444 7859
4158 7857
1968 2741
9749 9753
4897 8232
6225 8265
3776 3942
6076 6540
1155 4385
7769 8412
3880 7974
2745 6942
860 7805
1869 8342
3454 7543
7546 8275
4333 4580
9890 9990
4182 8664
6410 9550
3855 4939
4871 8632
7076 7313
1403 4356
9602 9745
2758 3462
9937 9984
7922 8810
1176 2633
6364 8976
7483 9481
6419 9584
4369 6911
3552 8494
2191 6648
1006 4511
9071 9505
5124 9033
8033 9612
7560 7791
8949 9327
5132 9201
3568 3722
19 411
9266 9348
5322 6477
7278 7756
1960 7462
9182 9569
2883 8020
6155 8754
8663 9702
5900 8280
8561 9698
8565 9817
4139 9725
9833 9900
2138 3477
6142 9369
2544 7434
5362 8679
1546 8095
5915 8361
7074 9013
68 9410
2314 4516
5955 8582
978 9861
6453 7039
3851 7996
5832 7081
3179 8443
3376 4109
6264 7814
1484 6015
103 7268
2005 9525
8314 9167
637 6849
864 7082
4140 6442
2001 2068
9983 9997
8690 9268
3507 4661
8538 9479
5263 6026
1452 2310
8745 9599
5911 7060
3808 5167
8350 9132
5432 9737
8026 9208
9045 9660
193 9798
3712 7660
6869 8464
7641 9928
5103 5592
7690 7934
8605 9306
2702 4775
5304 6792
1067 2156
6999 8597
7019 9886
3126 9579
5811 8820
819 6200
7812 8714
5276 9681
1128 6054
795 1737
3581 9933
1433 9542
8929 9165
6401 9605
7620 8210
9629 9778
155 3124
6671 8854
5837 7011
8546 9994
2985 4725
9 323
5332 9223
686 1223
9626 9819
4415 9589
5120 7356
1000 9620
336 8965
3827 7994
7504 8873
432 1180
2067 8697
2413 3299
349 7387
2840 3257
3810 9407
9467 9953
2247 8989
3187 7777
3410 8035
3598 4137
9226 9294
4224 4743
6077 8950
5628 7714
6005 9931
5384 7133
7377 8617
1309 6828
4135 4966
2842 3864
7343 8191
6967 7194
5513 9370
6319 9069
7695 8369
8751 9959
9748 9979
7399 9291
1125 2808
2734 5995
5406 7657
7402 7537
930 8515
9312 9452
3616 9607
7411 9135
4255 9019
1536 4850
883 1574
7694 9190
4297 6581
1981 9985
4565 8192
8728 9563
2283 7984
9293 9688
7614 9868
1009 2037
1477 6462
5570 6117
817 3661
423 2015
6537 6673
195 7825
1506 7261
2170 2478
9769 9799
7157 8987
1462 3346
7916 8423
618 3854
5828 9247
2906 6631
5523 9818
4454 4746
7910 9694
536 3205
9086 9117
6123 9415
3487 9024
5903 8576
7079 8392
129 3165
8551 9104
7038 9425
9003 9809
2886 8908
8070 9366
1762 3362
6301 7130
9079 9244
2113 7885
4256 8296
9356 9837
2664 2721
5636 7743
7753 8075
8200 9947
8501 9546
3613 7878
3330 8523
9559 9697
2385 3209
456 1721
3743 4714
2574 4377
4222 7529
2281 9380
8649 9147
7385 8206
337 1726
531 4713
9536 9732
3176 4123
8669 8769
4423 8068
1434 4819
7235 7600
6421 8111
5104 6680
7461 9524
7299 8188
3908 8170
1728 5203
6510 8588
2675 7590
1949 2427
3696 5173
1442 4327
3626 3637
5212 5872
6373 8710
1691 7724
4510 6178
6535 8948
655 2637
4201 5688
8740 9403
9860 9970
7764 7801
2126 6651
5982 7311
5060 8180
1500 1859
38 2290
849 9011
1618 6816
7201 7638
5309 6327
5013 7991
6563 9555
6712 7058
7040 9727
8257 9878
5055 6451
4287 5416
8459 9054
1170 3796
7293 7463
8351 8624
8815 8923
9600 9736
384 2829
7104 7961
4778 5875
4439 4490
1795 4558
1079 1151
7586 8853
5097 5724
3751 4060
8069 8904
4670 7692
9328 9988
5754 9872
1297 4329
7540 8309
239 1353
1679 6735
4549 6529
6649 7722
4320 9685
1039 1465
8514 9222
6426 7923
6539 7665
1900 6913
8426 9504
3537 5479
5783 8960
695 9255
5984 6626
7963 9420
7154 9228
853 8962
4107 8592
4781 7053
4296 8970
5544 6864
8337 9892
2357 6914
414
3649 3403
7802 2179
7807 5981
5118 755
6215 363
6227 2774
902 809
2953 866
7251 5282
4809 2373
762 594
6705 5946
1495 218
4211 435
4309 857
9186 8133
3595 2159
3653 580
4440 4288
3738 2593
7298 441
368 293
8870 8444
876 718
5975 4219
5409 4797
8128 3866
1114 472
6181 5969
3889 1920
9498 1092
9915 7589
9576 4512
5386 3381
7442 4618
523 295
2676 1098
563 541
4787 3032
33 18
5029 2094
5767 3148
3466 142
8303 2021
723 54
6298 4038
8973 3702
9055 5968
3438 955
8525 4991
5635 2543
3585 1382
8268 5392
5684 2634
3244 1516
1435 26
2264 376
5327 1320
3240 1351
4556 1841
1851 1335
1376 611
9091 6886
6455 256
9805 403
6102 355
6637 2950
1693 777
5135 4421
6219 316
6337 3949
6232 3075
8177 4114
9531 9417
9991 3038
1573 645
4866 4335
8490 8214
7555 2779
549 223
4202 1082
873 86
8896 6629
9265 4885
9399 9257
3929 1550
4071 1022
6569 2053
1041 646
7202 1121
3727 1715
3043 1581
6812 3504
2775 871
1184 125
4770 2914
578 139
3532 669
8581 2091
1936 478
9628 4554
4640 4286
3928 2151
1235 794
4431 1058
2100 284
918 400
3668 3181
6854 6585
166 78
2505 990
8760 1478
8640 4762
9074 8807
8326 8125
7927 21
6534 455
1453 185
4845 1753
5527 5464
306 79
1220 1
3348 3212
974 656
4004 3658
5390 2625
1879 1619
728 128
310 188
3081 113
6467 938
1269 1069
5951 963
681 640
9940 1168
8995 6740
4873 2490
4852 4666
6198 1777
4710 1014
4973 4704
1905 457
2799 1095
6612 1990
804 100
8097 6568
153 143
5668 5348
639 217
8102 2225
727 420
6661 2987
622 237
797 518
9050 6366
7120 3356
895 481
9623 7867
1330 889
8787 1290
7602 1415
2746 1959
8307 2785
5083 2402
8864 5014
9149 7703
8963 3396
1466 1068
3883 3170
9437 338
3151 2254
3753 1902
1031 112
769 731
5220 2952
534 72
1499 1210
4191 1849
5284 1232
2352 1725
4970 1952
203 181
345 202
8460 3891
9666 5880
4498 1332
4358 2878
3129 1815
9127 5700
5894 1285
4600 3982
8991 4028
121 55
1490 1304
144 15
2010 1754
8071 5062
3648 172
8990 327
3363 2981
919 3
3100 1143
2735 1504
6545 3149
1964 869
2319 1608
7680 859
8639 7804
9639 1976
8750 5834
2377 566
5937 2934
9502 4919
3422 2163
2739 2480
1391 1379
8149 7903
9246 2030
651 491
3514 95
6179 3143
1340 67
2069 1651
3610 1024
7222 5231
7873 4703
2376 1955
3107 126
2901 1047
6532 751
6246 6044
8090 3400
7056 4302
6641 2822
6968 5550
9433 2000
9423 3978
5018 4925
961 27
7889 3479
3113 2012
8003 2286
8440 4914
1809 1636
9162 381
7978 2556
8739 5280
6618 833
3139 1972
3067 946
7972 7544
6008 5677
6984 4002
7110 240
6028 3614
7440 6001
4376 613
3675 1541
2911 2753
3312 2368
2533 1427
133 87
5002 1751
53 32
5374 5294
6071 1502
4061 1625
4534 3606
7378 6350
2014 353
8082 2300
3386 2450
171 111
276 138
986 532
3676 2968
3409 1179
8866 2977
1542 1083
6150 5467
2738 2434
5924 3902
6474 4668
1906 1880
2755 875
7854 610
5178 5046
6205 5738
3106 1914
2724 1644
2979 1315
8748 3152
98 93
2496 1059
6486 665
6016 1222
1419 196
5560 2435
5346 2299
9956 2740
4424 389
5845 3275
8811 3873
9971 5255
2164 2155
9272 4400
4758 3986
5027 3420
2686 2657
642 231
737 514
4104 3186
2837 2004
4791 3950
4632 3906
4971 4294
5022 3426
4589 2317
6776 2160
1980 1901
9646 3365
6989 5149
2586 1132
643 521
1096 88
4106 2479
7619 7228
8862 4611
6459 1115
599 437
2228 1533
1827 1759
2157 1302
5179 1590
9767 8704
7735 5637
9637 7409
9289 2707
5420 4547
823 779
8053 7676
6031 2230
7326 4472
1779 1752
7951 3046
3184 1610
4013 1126
9286 461
4438 2856
4175 3394
1787 1450
4411 4203
5200 24
2705 1514
2029 1860
1329 1246
2897 1385
2821 621
3317 2391
4225 2409
2462 66
300 252
6480 1591
1445 528
5699 4003
4064 1460
6381 2129
1544 614
3415 1605
324 321
616 605
6679 2873
4082 2948
3222 1447
5370 3937
1080 392
3196 3006
9047 8156
7582 2783
2733 2568
386 35
6382 6305
4476 427
1266 910
6750 4254
6931 5578
7098 1709
369 226
5580 3577
4195 1091
2964 1874
7535 1146
881 663
3757 3485
5331 3010
9496 7406
106 73
8194 6330
7446 4738
5417 2902
9261 2944
789 148
3405 131
2347 499
3529 3484
994 298
3960 3372
6771 4858
7871 6925
8801 4125
6463 312
7842 933
9750 4474
9652 7821
