527
7885 8515
4041 4915
203 5730
3258 8897
6879 7423
4680 9091
4364 7057
5649 8185
8540 8784
7852 9778
4185 4960
2020 5621
8198 9661
7017 8310
5349 8879
7046 9472
8889 9584
7584 8761
9569 9605
8623 9236
5910 8131
6234 7898
694 2394
9519 9842
4830 8607
7646 9564
8308 9660
2593 7599
8325 8963
7999 9858
9545 9684
4097 6439
7747 8484
4603 6015
1953 2541
3078 3129
693 6473
6530 7180
5647 6528
2079 2893
3569 8983
3711 7016
1384 7854
3542 8969
6385 8271
112 2420
8678 9601
6706 6839
4694 7757
2055 6394
5911 9002
3137 4055
1054 2504
680 9620
1229 8353
664 4733
7358 9314
6098 8835
8770 9715
9000 9201
5616 6375
4849 6704
236 9872
9248 9476
1943 3191
2567 7125
5368 6890
139 3555
5305 5833
7095 9324
8641 8651
7822 8340
5118 7792
4623 8259
4325 6257
4376 5311
5933 8992
8912 9546
3046 5246
4309 4835
6117 8147
5400 9030
6798 6928
8100 9231
1112 4315
9703 9954
9835 9916
7966 9674
2510 5964
3644 7799
6662 9573
1721 9339
1003 4271
8991 9259
3734 5556
5460 6923
7952 8837
5293 9571
9405 9471
9439 9509
4124 8437
7913 9565
3780 8718
1912 3158
2801 8230
3043 5764
9466 9816
6263 7152
3677 3957
1470 5907
9194 9701
8224 9072
5170 9919
2667 9669
6173 7115
4622 5973
4471 9838
1408 8759
8059 9805
890 2989
9307 9510
7902 9831
6306 7539
2251 7038
7405 7669
9464 9491
6656 9156
4973 8722
4625 8236
7621 9699
7468 9079
6629 8881
8327 9617
9524 9964
8500 9023
9922 9975
8938 9770
3214 9841
1012 1047
1570 8603
9874 9893
3755 4982
4232 9478
85 4445
7 3814
964 1263
3354 9398
8073 9306
4242 5313
3450 4436
3250 6496
2643 2997
1160 9993
7888 9829
2747 6874
3728 4530
4270 7754
845 3787
7604 8251
8673 9273
3926 8168
4020 7808
9734 9857
5323 6794
4106 5889
5790 9597
6065 9178
4311 7933
9454 9731
229 4922
94 5672
6896 9789
315 4832
2816 9027
7819 9149
8919 9785
5451 7006
1204 8644
2476 9417
1322 6535
1701 4401
7092 8532
8008 8109
5693 8338
6755 7994
2465 6351
4365 8703
2624 7729
438 5534
8637 9688
8019 9041
6269 6969
3698 5353
6028 7224
2168 3136
6591 7710
7939 9943
7605 8456
4667 5229
9284 9343
3011 6189
1736 3326
61 244
7593 7594
4946 5741
7157 8429
2242 2661
2629 8270
7543 8774
873 9807
6929 9093
7787 8145
4037 8068
6658 7206
2554 3807
3673 7821
632 6984
5658 7217
3655 6999
5642 8479
155 4715
4868 6000
7079 8475
8712 9074
2007 2983
9721 9881
6289 8928
2943 3119
1575 8905
9530 9748
7590 8119
3385 9216
2948 4014
3839 6586
9991 9998
9131 9892
9894 9956
3198 4093
1566 2193
7538 9269
4300 7576
6832 7340
8708 9424
2860 2999
5729 8047
2367 4067
6335 7744
157 620
8856 9005
5162 8203
5874 7444
543 5934
5747 9169
2715 4863
9333 9718
5992 8749
9421 9773
9911 9914
6358 9931
6743 8609
9467 9474
7806 7940
5923 8114
8104 9210
282 930
7926 9479
2157 9685
2977 4172
7814 9117
864 1926
4459 6039
104 9109
1537 1801
6154 6157
1396 9076
8148 8298
1983 3341
4524 6726
3695 4058
6185 6560
8493 9591
6340 7698
8952 9720
2015 4697
1299 9613
6226 6990
6122 7920
5976 7540
7587 9321
8786 9489
1932 5840
3875 5132
5231 6114
7010 7491
5768 7542
8898 9263
7916 8226
7638 9449
5640 6050
9361 9839
937 3106
6147 6580
9057 9953
2886 4498
6663 7074
1751 8386
8125 8383
1094 1367
419 894
2228 8403
1727 9796
1597 4240
9678 9955
6654 9578
7177 9408
8687 9825
5039 9155
7656 8388
1372 6549
4843 7054
9088 9411
1311 2416
8042 9397
6144 6974
1092 3853
4184 6174
5962 9047
9443 9866
7820 9751
6671 9354
321 9663
8809 9061
4646 8121
4084 8906
3363 6854
3160 8863
9219 9525
3758 7596
833 1978
8579 9052
2467 4118
8943 9067
6639 9974
324 2084
1272 2455
8462 9602
5198 9070
5954 9352
4249 5310
626 9691
922 7544
1308 8535
8741 9499
5802 6317
8994 9011
5980 6321
5355 7671
4427 9227
3782 8377
2506 6167
1026 7322
8286 9528
8976 9363
4790 5675
6541 6572
7428 8715
378 5193
6960 8627
8674 9937
4451 6931
215 728
8740 9075
5828 6501
8635 9960
9311 9818
186 8064
4188 8216
6894 9589
2398 5946
8153 9275
1200 6829
8319 8833
7483 9335
6733 9862
6424 9739
925 1677
7686 8682
2986 8180
5271 7065
1060 1525
700 9832
3230 9987
752 9714
9138 9540
6202 6491
4706 9587
144 7936
1040 5528
830 8239
8287 8508
8745 9644
6304 9141
1269 7740
1594 8604
339 5266
8439 9745
7349 8219
6886 7453
2721 7159
2704 9521
9377 9929
9652 9727
3909 8044
3305 4487
6711 7335
2464 7564
134 6044
4968 5827
8113 9741
8166 9173
5809 9599
4544 9048
3588 3846
1360 8240
8867 9470
7359 9800
9367 9798
4081 7957
3671 5572
7254 8948
4462 6284
5089 6625
71 151
5140 5858
1432 6731
6749 7549
6775 6991
6118 7742
9098 9372
1907 6227
2800 5448
1070 7011
6919 8926
5993 8739
1165 4449
4162 9607
8443 8773
2539 6843
6210 7328
5945 7951
1062 7961
86 4071
4928 8990
2429 5214
8629 9697
2395 2955
1102 7891
3087 5791
4655 6422
51 5144
7586 8173
593 2149
1247 5232
4556 7981
7163 8613
1479 6780
4862 8246
933 8211
5421 5477
1543 4098
4408 4412
5384 7499
878 7845
4604 6285
7418 8858
9647 9808
9917 9928
7380 9725
4263 4534
6123 8537
8930 9793
5289 8923
9927 9969
716 2360
560 5316
9360 9767
2196 6992
1712 2599
9257 9966
5734 7878
3861 4801
7268 9624
3147 6747
9433 9821
877 920
9790 9887
3096 6243
7025 7455
3507 4050
4452 4640
2214 2832
5061 6319
1109 3368
7758 9654
7657 8159
106 8321
3717 8013
9756 9809
733 6892
787 9277
7558 8549
1099 5178
303 328
6325 7293
2730 9353
7214 8785
5573 9261
3585 4214
3345 3724
4902 7068
2447 9059
9548 9970
7523 9468
1767 6596
8080 8729
6190 6913
2994 3469
514
6356 5257
4034 1457
8300 6504
6464 1197
3505 1212
5072 3347
6021 1867
8880 4557
9401 1708
7020 3889
4336 654
9675 6966
4710 3393
3484 1529
23 4
8509 1401
2697 432
5743 2034
3608 1823
9084 4836
3927 1063
6103 4639
5008 2159
1678 1455
6851 3829
9197 22
4167 521
2304 461
4698 392
1874 1441
8819 5428
7688 2131
4012 2750
3396 2340
7837 6746
3942 405
9022 1106
8158 4613
5435 3017
3077 955
427 207
9611 5546
1391 1030
8266 2053
4104 1584
7120 6908
2630 2518
1398 1184
3297 1423
4657 1463
8436 2314
1648 1129
7515 5883
7123 6023
9235 242
3551 1439
2280 464
3460 644
1798 1310
3936 881
2350 69
2683 854
6088 3437
5302 4875
4140 3315
5282 3114
7337 3468
14 12
4964 4078
3916 366
171 117
2008 325
3658 1602
8364 172
4672 3270
3229 1619
7256 2787
4957 821
2468 292
6466 659
8935 7835
1726 1702
9941 2944
6687 4869
5808 2315
5972 399
6312 3803
7810 7497
2349 1450
4688 2052
5974 3447
2132 2067
1555 598
544 275
4227 2941
8981 7272
3401 256
2150 1037
9726 9638
2080 162
1316 602
6346 1154
5859 1482
3977 3219
9944 6105
1685 1411
1818 301
2540 2379
7390 4277
6273 2119
1962 1456
8000 3975
2120 448
2733 816
3410 3340
579 293
9293 3406
7389 3750
3169 2432
9429 584
2474 1264
702 241
2290 1859
5779 291
570 455
2737 2044
4895 1944
5264 4804
1158 79
3165 2538
9538 3992
6878 2232
669 55
8649 219
8626 7305
6618 5379
9356 911
6987 2694
1632 880
3887 1183
327 80
1550 887
5705 5296
8241 4021
470 45
7968 2118
5386 376
5185 1056
4824 2586
8146 768
2908 165
1665 555
498 140
8769 4458
9146 835
2160 1207
6241 4368
6029 2424
4223 2551
2071 425
5899 3178
5369 559
5816 239
3606 334
2352 2166
8297 6089
5684 1069
2920 1248
8911 4362
1842 44
7713 3707
8170 4749
3132 3093
5566 4024
5447 4158
1447 251
4914 1465
2441 1521
9323 1086
6454 4235
1980 347
7117 2382
6138 1121
537 380
9160 860
1938 15
5154 3384
8290 6740
4653 2108
17 5
6804 5158
2377 358
6982 2564
1378 635
8188 7903
3480 2035
8127 5865
2815 1192
7073 6701
5029 4873
6898 6353
2692 132
6847 1337
8572 2934
4789 350
7500 3208
2686 102
5150 4538
6840 1376
7160 2188
296 87
5959 5279
417 212
2685 726
2649 1833
1690 811
5404 2892
6492 2616
9420 3389
9427 7745
9686 7229
7570 6084
7574 2569
9527 5337
2410 2155
3694 1804
697 677
6891 3798
5838 2185
5737 4345
6707 3590
2974 2413
4991 2381
4174 2129
4066 1927
4778 3944
6979 4386
5106 4453
2210 1296
8527 1289
4511 903
8250 5952
528 149
5124 2921
4732 2826
4307 72
6885 5525
6428 2262
113 93
905 352
3616 689
3379 3374
4297 3628
5410 3417
6475 5488
1127 580
7191 616
1144 371
9413 1274
5812 1969
1530 1320
9560 9152
2048 1120
8972 3800
2139 130
3682 384
4100 684
9230 2213
6413 5601
7559 3496
513 227
1147 795
9039 8103
6327 2842
3367 2284
7021 2277
5350 4783
5979 5228
504 56
9004 7789
5119 3898
4541 2963
7912 3830
1281 630
9713 2822
5711 1611
9110 7238
4767 21
8533 7838
7105 6789
5354 2025
2595 1351
8513 8405
6086 77
6777 1326
3380 2249
9958 8155
3519 1481
7867 691
9442 5397
7052 286
4213 3635
7528 299
7836 974
1082 533
2437 500
7197 3104
1850 517
1987 1041
9511 3749
9671 5523
7182 2105
5078 3790
5623 4600
7184 6831
1889 970
1373 1325
7200 4178
975 331
8329 7560
5584 4608
2141 1710
1061 36
5915 896
6523 5497
2901 1134
3603 1484
1301 429
2621 1516
4151 765
4032 2173
5422 1520
546 396
2085 918
6142 3813
8411 6121
3282 145
4545 3151
4282 3518
3218 2302
2281 1334
8693 2652
6429 1961
2792 1954
6853 5502
2033 1746
8995 8312
7226 1059
42 35
2192 2136
59 28
1728 1135
385 375
5545 3771
6595 3715
9933 9625
7031 1655
6155 3171
3775 809
5679 5395
1848 95
105 39
2844 2477
8524 3202
4905 2579
7442 226
3799 2874
3412 1815
2109 650
7311 141
1392 407
6750 5041
2611 1653
9192 6357
696 643
1864 1631
3209 1620
7320 2463
9185 9162
3988 3702
1011 556
4091 3307
5531 2872
9383 5526
8269 7567
9379 3836
9492 6587
6110 337
6170 3547
4822 4145
2233 558
5064 174
1883 856
924 600
3124 2321
8564 3477
5457 1813
7971 2472
2964 2226
48 2
6037 3172
3568 1644
3072 2253
9810 163
8335 1332
7313 1802
3058 649
8554 788
8342 1993
3421 686
1071 1039
2833 1458
6720 2668
5486 5286
9730 7568
3806 62
8016 6805
681 459
4332 3319
551 341
4053 1146
7188 1306
9504 3612
4220 3478
1362 949
6622 3684
7993 2512
3922 1029
1014 263
7009 3482
5746 587
1552 1487
9395 586
2965 2153
403 238
4781 4463
7028 2900
3144 2417
5234 2910
9815 2361
6782 959
7887 6299
8002 612
413 304
5670 1399
2580 801
806 769
221 206
7982 3221
3009 24
4190 189
3098 3025
7245 2752
6868 4404
1567 484
6679 5906
379 135
981 623
8053 5914
211 66
3432 3086
4141 606
3002 1765
1868 415
3970 2356
5971 5789
549 137
6724 5097
1578 1426
599 101
7829 3033
9980 8776
9886 7929
3291 950
3574 2337
1723 707
8150 6871
6300 4392
9737 3725
4627 3451
3207 622
7376 310
9448 2115
2001 1283
3203 1267
8832 667
2045 1588
1651 1625
8657 7344
1996 1936
893 605
2046 1852
1725 146
2947 1948
3675 979
7956 3890
1114 420
6465 2047
7807 3713
9583 8175
8392 2909
8012 7255
1592 777
5167 2439
8892 6975
9852 2138
8927 6512
92 84
6665 2415
3467 3070
6373 6192
745 128
9743 1191
9906 394
