229
2319 3582
6008 6392
3969 6999
4831 8221
9122 9849
6872 7315
5392 5476
7629 8127
6370 9364
67 4937
7328 8383
615 749
7342 7865
7663 7943
4663 4774
3726 8169
5794 7609
6033 7021
4800 5832
160 9194
8151 8410
449 3454
6865 7859
6141 7393
7553 9544
4278 4284
8493 9375
5510 6924
2373 8531
218 3512
4108 5231
9339 9943
7329 9200
3382 9059
6313 9977
494 8339
6672 9613
9780 9920
2268 8307
8205 8735
5006 9525
2643 6424
51 9089
8131 9282
6866 8178
6524 8394
9772 9838
609 5342
7748 8313
9287 9451
4998 5795
5797 6378
4461 6625
2051 4573
1684 2585
9100 9702
8572 9580
3997 5068
1413 4939
6903 9582
918 7624
432 831
9861 9917
2442 9053
4768 7344
2189 8447
258 8504
2070 7534
8806 9336
4656 7238
7455 9266
8070 8618
6281 9941
7754 8643
3132 8628
6629 9952
558 7892
9114 9569
1806 4332
2692 5524
2835 9303
4666 6321
2563 7878
4631 9360
3169 3386
2482 3353
9782 9820
6542 9706
8069 8887
5062 7386
3050 3502
5026 5971
1792 3601
1783 8149
3119 9996
2918 5739
9465 9967
7751 8253
2030 6152
7119 9955
7842 9481
5163 9029
4412 9755
1482 7242
572 5356
752 872
4325 9552
5630 9585
7931 8580
3384 8291
5274 7783
3935 9072
7555 9637
1644 5970
8122 8607
5614 8266
9561 9923
9982 9985
8158 9074
3546 8626
7785 9357
1511 9947
4213 6396
5929 6591
5820 8700
5658 7034
1497 3701
8854 9442
4960 6481
3014 3461
7614 8795
7890 8171
125 8223
3026 6254
1329 9046
9593 9776
7702 8438
7189 9177
2138 9539
8943 9288
2931 6381
5343 6754
2276 4118
957 8828
4597 7293
6257 9938
6019 6296
387 4625
9294 9329
6565 8361
7504 7665
169 4896
8624 8663
9077 9534
9600 9882
1740 8984
4295 5397
9934 9974
3222 4778
6582 9493
9799 9852
9529 9847
9186 9833
652 8871
5942 9858
6320 9096
3647 9153
7630 8130
5379 7466
3285 3379
3084 7543
3239 6551
79 8386
5809 5822
7262 9063
2099 3855
7191 7965
2214 6375
7686 8782
9071 9245
2387 2702
4777 7474
4340 7137
7371 9691
5827 7127
3834 9039
6602 8684
1142 1385
8385 9748
3335 8164
8156 9165
1493 3305
6507 7666
666 4545
6435 7782
5305 9945
5198 8179
3398 4240
3156 5161
6749 7356
4296 6769
8509 9927
2690 9483
4469 8427
7561 8824
4035 7667
7318 7939
2224 6509
2679 7162
5425 6957
1502 2825
9608 9973
4011 7550
6204 6216
6717 7714
1768 2024
6307 6353
1480 4654
6715 6992
4559 7935
9786 9925
2347 2929
6776 8162
6125 6969
1869 3236
468 2109
4218 8595
1462 9877
4362 5907
827
9812 5803
5469 690
1286 89
4483 4417
4858 2453
876 538
6318 3366
1044 731
5816 890
5899 2182
1884 630
2 1
9668 8121
4705 2414
859 75
5831 5348
6180 2647
9108 4916
7855 3233
3808 1002
7020 6763
1803 902
9299 8733
1980 1099
3122 2154
28 9
9255 4388
4737 4187
479 192
1337 802
8952 6438
7517 6174
3387 2326
321 48
7408 1472
1224 179
314 280
1709 1528
3717 3278
4619 612
9052 3714
3434 1238
70 8
415 32
2674 1125
4531 2582
5328 304
1711 177
8305 5313
2996 896
4272 2026
2208 237
6506 4624
4817 3396
1808 1697
5666 1619
2868 648
1918 1392
4266 3602
1872 1387
8173 5543
71 56
8969 1110
3929 1790
5616 5183
6552 5649
5336 3009
9475 9226
9423 4803
1223 404
9795 3049
143 63
6360 4971
5170 2580
2491 2207
4113 934
7335 1556
4249 2619
6668 4930
9719 3295
531 440
5470 805
81 22
6914 4208
1626 1202
2112 1647
1998 1741
1962 359
4333 116
7768 2822
9432 7908
2168 1175
3632 476
5940 2209
296 29
6843 925
7817 7437
6607 4642
4323 2950
8946 2302
5800 2590
7593 1580
2875 1906
2598 27
6434 1420
268 209
563 416
1896 285
5099 2748
8866 6369
165 95
5349 4366
3431 1451
6441 5166
7938 3029
9673 42
128 84
232 93
406 378
2544 907
8255 4589
3364 1354
9411 9152
7909 4234
3280 381
7228 5552
7094 2707
5615 1613
3479 1111
4719 2507
1228 810
9365 5465
727 251
981 336
5930 2765
3533 597
814 458
6649 3451
3344 623
9380 8725
5592 2711
7380 6985
1198 99
2763 55
4553 2129
8226 1809
1116 1038
7310 3787
2842 18
6829 4217
5734 4462
3672 3214
3482 3340
8723 3785
8364 5347
4635 286
3815 1383
6504 4847
3655 2053
9738 1188
4541 2370
7395 4618
9044 6798
194 20
2924 1852
113 31
5938 1008
421 202
334 168
2175 1145
7424 1201
1494 598
3964 621
6986 759
3134 940
7526 5113
4773 1935
6148 1839
4184 2797
9315 4599
4031 3120
1302 58
9309 7713
1301 52
9141 3
5861 5849
7165 4000
4265 354
1948 1611
4712 3311
5871 2543
6151 4274
4816 3867
5731 2345
3099 21
7004 6815
5196 4422
4007 227
1061 138
8043 3218
2146 677
6117 4130
7492 7289
9765 2380
8187 6140
6383 2672
7887 461
4155 3008
4828 1529
6136 1756
1203 1121
346 190
5018 2194
3688 224
4032 2464
9953 1295
2140 910
4229 2750
3732 3663
7005 509
8697 6734
182 35
2278 1183
9324 4733
3991 2791
4104 775
2265 1144
5354 3410
2169 665
6527 5604
610 467
8475 1367
9690 6934
3694 1437
1853 911
6295 1304
2416 148
4651 3982
5851 4306
9975 646
7194 4152
9142 1776
5259 2922
6067 2696
2676 1011
559 195
968 952
5906 822
8549 438
6040 2762
9419 1955
8783 1797
4061 669
8136 4784
8417 6727
6881 2285
2295 371
5015 4537
2247 1426
6514 6240
9763 2871
9940 3104
6408 431
6669 4900
1212 37
8565 1027
4851 308
8369 6575
3352 1733
9498 4872
9621 4984
5255 882
8384 3715
6891 3228
8768 408
3112 738
9242 7519
261 176
5648 548
9363 1912
4665 2292
2254 222
3900 1306
1441 658
3328 2730
4865 980
777 216
1208 543
1190 171
1262 1045
3432 1465
7389 3012
4686 3405
8699 7253
717 469
3859 1634
6450 2864
2923 266
6111 5590
3774 3309
7022 2000
1267 348
3458 1924
3869 1160
2222 1391
9548 4793
9243 1703
9721 139
9166 2257
7816 6673
9244 5306
8419 5089
3613 3093
3332 384
2246 2171
4301 3768
8054 3668
9214 4037
5091 4852
9803 3404
6693 6290
2773 2043
6708 5804
953 860
8080 2111
4680 4026
2188 813
5867 1680
2329 536
6955 317
8973 6958
1421 618
6280 3325
1173 62
8838 6819
3247 2806
1396 511
3287 1561
6476 3691
3362 454
9554 8084
7178 4220
9183 3116
5142 1478
1164 607
7500 6495
7644 1498
1204 897
2889 2286
8593 1151
2372 100
9496 1423
6879 3980
9234 5005
863 741
9091 2496
221 92
964 335
4435 976
3475 309
9680 5536
1335 984
2305 318
181 87
1670 1524
668 641
7196 6366
6692 1707
4711 2978
2712 1131
3288 1235
5902 5278
269 230
7445 6862
316 257
8358 6042
3171 1685
1370 835
556 380
8863 8605
3109 2783
1174 1082
1702 845
693 386
9057 7535
7800 4407
3594 2840
4085 1731
3498 2759
1566 841
5310 687
8881 4554
5638 5612
8852 7637
2596 826
5652 4380
6875 5396
870 821
1951 333
442 326
4944 3718
1668 1247
5750 2497
1738 532
7488 7264
7831 1264
6744 2511
5856 3079
2499 2100
3973 791
4826 2789
9524 8009
4728 4385
6105 1953
2321 1986
3586 549
2044 158
8443 3778
495 374
4486 1303
5011 3557
8888 6588
8259 936
2095 799
1586 1388
3987 284
6029 3203
7912 5635
5777 3290
3198 211
2893 1325
8506 7527
9533 2011
7660 4560
591 500
5087 2760
9373 5297
5309 260
6691 2746
8434 979
3371 920
4747 661
8896 3124
7291 2384
5459 69
5779 2853
6119 1163
9823 7160
2248 365
4154 2993
4759 247
5683 634
8704 4921
9410 4059
6814 1652
5987 3192
1654 1447
6783 2638
436 302
2036 1816
151 33
4467 2219
4172 2714
8460 4092
2419 1279
8082 7532
474 433
6354 922
8713 3907
1115 611
772 709
3923 1515
2007 1934
5708 2235
960 879
4936 2826
6269 2163
7381 4933
503 267
9064 3053
8005 2555
2441 713
7971 7349
7752 1020
6853 4748
4402 3547
5919 725
946 628
1919 212
2273 347
1258 622
998 993
4210 1154
4503 1802
8921 1314
8057 734
6678 914
4906 4143
956 465
4749 390
3110 1109
5267 3157
5668 5226
1292 1072
6963 5596
5952 5427
8242 7540
1920 1080
5411 2673
3693 715
5268 1752
7944 2926
5688 5407
4548 2447
7036 1828
4647 2456
8112 4751
4057 2288
5768 5633
2877 2684
7724 7261
3489 708
5984 4200
8265 4078
7766 5926
9191 3642
2861 2126
7770 5950
663 401
8095 3460
1318 288
2953 1365
6183 1589
4302 4244
8902 6306
3450 1651
9562 1759
2063 1588
9332 534
1047 530
2987 156
9161 6517
5998 5487
9827 5436
2527 1532
6987 1537
9724 7399
5733 5072
5387 4226
9961 1718
483 287
9095 5754
1944 792
3333 2166
488 101
5606 3007
7870 4724
8895 7707
3241 466
9804 8715
1492 996
8788 5893
2556 983
2206 1312
7966 7296
5055 1509
4216 47
5224 606
6028 959
8222 5140
3510 270
9502 1503
8623 4145
1927 843
2078 699
5927 337
3686 2932
7755 739
9154 4168
7636 4695
9422 5594
2836 1940
3587 2097
5071 688
6720 4387
7370 3334
1720 377
4228 323
4639 50
5040 4991
80 15
6451 528
9176 7219
2281 834
4952 1217
5337 1455
7789 2450
4568 3030
970 6
794 161
2448 1172
8216 502
5675 4099
8468 2821
8117 6166
5771 475
4839 4465
2082 400
4856 1467
4742 3051
6775 5438
6239 6175
2847 2057
9688 2005
8247 5693
6356 3235
6447 3196
1168 289
9005 2838
1032 736
5791 1582
2215 1143
3003 625
9522 5404
6630 5881
6112 1028
1070 45
823 72
9657 8561
4369 3733
8157 508
277 134
8441 2510
1148 945
4253 3468
2379 545
8777 2883
1092 965
5461 820
7367 3496
1085 74
4690 1656
2562 1229
930 789
6989 2008
9045 2495
7346 1891
4116 159
3703 2743
4717 2054
8439 5553
8099 6785
5323 117
852 391
6613 4001
8196 6262
7538 393
7580 5066
2971 2344
8993 1692
6207 891
3643 806
2882 1923
3763 948
8732 3179
9540 5657
477 170
3303 2505
8086 3024
5765 644
2094 1251
6103 1300
7828 1779
6473 5452
2796 2104
1594 447
464 396
5168 3292
7136 5747
1166 402
1348 674
426 281
3181 2670
8787 5973
3368 1701
9293 9062
7183 2614
1824 429
3168 2361
3507 383
4337 553
3712 2279
2159 962
2881 1256
4649 3453
7645 1336
9853 4072
5394 1041
846 484
4516 2738
1461 1207
4370 1576
1517 26
6387 4167
5263 3608
1316 1195
8533 6178
7904 6548
2150 904
3411 689
2368 546
8786 6716
7515 5828
3524 2649
4401 3467
6211 5076
4961 2668
1564 417
2623 1633
3996 1356
2629 2357
6374 111
9001 2181
2683 2454
263 86
7383 373
5270 2542
1210 636
8518 8461
5741 3478
8884 1991
2083 1795
6016 3142
3023 1456
9285 5474
9769 3823
4497 4419
944 683
9798 8835
4785 1784
3216 16
4017 489
9067 3206
5736 4315
4311 1398
8264 2737
1983 547
4390 2256
7989 3185
8656 8282
9347 5293
1717 372
6090 2065
1812 443
8338 4399
6373 369
6461 3321
2033 351
5888 2191
4924 3391
5014 4197
5128 3698
7575 815
8337 3882
4547 1892
1904 293
3439 3182
6633 2293
4436 4174
5383 1805
8360 446
544 322
5225 2810
5699 2901
1643 4
3361 2581
6952 3202
2946 1530
4002 1637
7779 5321
4342 4215
5311 2232
8873 3606
6188 49
6377 848
4308 3103
3067 1317
4861 3125
4223 4185
7064 5378
9969 249
9791 3506
2241 220
9087 3805
5531 1332
9912 3081
3554 2689
8510 7220
2485 350
6597 4661
4586 2942
5223 967
4377 2298
9222 7343
1547 1351
2841 1646
9508 2277
4122 4003
8598 4095
2014 1324
4051 2149
3777 3213
8038 3756
6685 2803
783 54
2632 1184
4361 450
5206 3699
8959 5912
803 167
1031 485
7428 5315
8746 7588
7252 3118
7090 567
105 73
8031 4499
