427
1722 8845
7973 9910
1213 2027
8143 8331
2060 2391
1394 4616
2222 5528
5285 9084
2868 7286
9046 9667
5339 6385
8646 8705
4452 8821
4688 8323
1756 1826
9212 9536
5499 9525
9651 9982
4112 9540
4110 4292
2929 8154
8839 9363
6031 9997
7639 9986
9002 9108
1377 1419
4873 8022
3643 4249
3174 7933
4847 8262
2507 3227
5585 7843
7749 9684
1892 2303
7248 8971
4963 6273
8676 9149
629 6259
7748 9027
3564 5533
8613 9719
9529 9638
2725 6599
9718 9727
5328 8327
4931 5400
5914 9474
5305 8389
7027 9574
6885 7825
9581 9882
115 7431
9423 9784
8376 8642
463 6984
272 5861
8008 8350
2134 2766
5186 9949
9542 9760
5014 8342
8348 9136
9174 9283
4803 8453
9660 9781
5907 8860
893 8450
3912 6505
1183 9306
2459 3766
1864 3013
4487 8471
3574 9039
6840 7539
4015 6631
3272 7987
4602 9362
8247 9343
6538 9404
909 2021
9311 9317
3416 9921
5375 8268
4852 5293
1788 3852
1658 4515
8584 9868
2812 4376
4690 8355
1356 2543
8278 8514
5483 8498
662 9864
6702 8771
4304 8913
2839 3998
4051 8853
1375 8443
1927 9984
638 7323
7784 9214
5583 8955
2921 4219
2989 7648
6850 7090
4722 5228
7305 7615
1888 5289
767 4073
8980 9869
4214 4261
9619 9663
1458 4420
1452 3108
6777 8753
919 6871
7258 7562
3069 5275
8886 9835
2756 6430
7412 7937
2978 9552
642 6846
7846 8367
3750 8605
3095 7088
7222 9165
665 8791
2665 2723
6286 6515
5551 8198
6321 9761
6300 8894
5347 6549
8972 9087
3894 5972
4298 8272
1632 6024
7329 9006
3914 4396
6426 7898
1750 9664
6862 6997
6118 7812
5924 8752
4586 6755
7581 8946
5933 8257
2460 7436
9875 9937
4629 5184
2138 8097
53 4971
9587 9879
8755 9484
483 3668
1215 5574
6808 8938
7904 8948
8332 9018
3989 8759
7306 7471
3301 7710
6504 9450
4551 6305
4257 8629
1137 7998
4148 4794
8506 9870
193 936
5153 8249
2054 7867
9398 9725
6836 7210
976 2872
3537 8884
457 4227
8133 9043
6136 9801
1406 9436
3591 5575
3280 5469
6233 7270
6603 7699
5567 9175
5399 9327
6176 9273
6752 9609
5249 9022
5416 9479
3355 9797
2891 5052
1821 3903
7076 7559
2682 9873
5599 8265
6071 7634
3595 5560
9750 9959
1089 1436
8214 9804
1338 8035
1765 4808
9523 9795
4153 8199
1165 4664
3062 9854
3363 8500
3782 4529
8850 9099
5589 8731
1012 4021
9634 9924
821 9058
1343 3691
2987 8877
6193 6313
2436 3778
3130 8082
5975 7966
2053 4307
5873 8581
9594 9954
1142 4412
7468 7978
7817 9439
6261 8814
6316 7523
4605 9730
393 5027
5537 6789
9631 9721
1984 5920
2731 5899
8574 9324
9370 9880
2588 5304
9302 9549
3302 3705
5731 8616
5736 8026
1692 4361
9138 9948
3624 3902
244 2595
774 4337
1125 1175
8333 9168
7107 8093
5622 7530
6197 6399
6433 9142
3313 8805
8089 8430
9857 9993
528 6727
1212 7960
6099 9049
860 1782
373 1169
2200 6895
9233 9886
8188 8483
6530 6932
7878 9502
952 6593
5724 5982
2583 7847
6766 9601
6260 6668
2574 7429
6225 7850
8442 9331
9127 9571
1700 7756
3283 4816
2869 7681
4311 7874
1334 8920
6923 8720
5241 8601
3437 4184
4236 6440
6079 6879
8150 9141
3001 5496
7463 8003
1945 6442
9253 9918
9632 9652
697 8454
24 7131
3869 7276
5279 5739
5422 7912
4692 7507
1362 3222
3250 6650
844 1147
2278 3614
3203 5050
4387 5552
695 3215
2783 5648
88 5934
7456 8429
1109 5388
5895 8815
9238 9543
5213 8046
6704 7337
2441 3858
2299 4389
2171 7903
6342 6858
9785 9964
3900 5138
1573 2340
6926 9862
7012 9037
2364 7557
2166 6284
3373 6454
4775 9010
2271 6417
2752 6851
7989 9755
8068 8230
5950 6718
7266 7791
3715 6135
2958 5033
9504 9528
2088 2273
2354 4004
1189 3571
3820 6735
2350 5324
6245 6447
8491 9379
2259 9578
2231 7986
3472 4107
882 9866
6069 8892
8153 8765
6029 6491
1090 7794
8468 8872
6705 8536
9900 9915
3846 7773
3578 9819
1198 9796
3744 6669
9715 9983
5526 7396
8619 9100
2861 3667
7466 8264
2751 9147
7564 9308
5765 8830
4538 4725
6111 8847
7870 9189
1535 2939
1495 4822
3580 9319
9943 9971
9607 9965
3028 9909
1873 8466
2526 6652
6942 8648
2510 2705
5805 5812
9642 9838
7072 8037
771 9966
2061 4068
718 6467
7885 7992
8567 9805
9294 9570
9410 9778
4156 7281
9364 9625
2889 9348
2799 9907
7982 9163
6551 9091
7637 8236
170 6722
5065 9204
5649 7795
8965 9382
3615 4198
5308 8113
7781 9289
4961 8410
289 8225
6546 6764
1204 2863
941 3653
9089 9117
5223 5436
6509 6943
3718 7793
8709 9011
1805 4188
6494 9015
3913 9696
9297 9717
6215 6929
5519 9292
4820 6120
1874 9932
9384 9885
9419 9934
3340 5800
2406 9468
5371 9000
7116 9197
5239 7550
9666 9863
4953 6346
483
7475 6542
477 231
1344 745
109 79
7745 157
1772 1352
4506 2241
6960 536
4642 965
9256 3538
4152 3927
5609 2085
8175 176
9405 7432
9695 3576
8594 4179
7737 2965
8244 6418
5373 4244
7741 1806
579 140
2611 1498
9591 4780
1938 168
7777 1051
3371 2771
1993 640
7610 4442
5464 1513
4141 937
4436 2018
3843 2743
8275 2819
593 185
8083 5905
2669 643
5382 1156
9234 913
6512 5996
9339 370
4826 2046
5457 4564
631 553
8682 8505
987 440
1708 1095
4824 150
3275 2067
5319 1674
3563 889
2786 2163
8922 2916
825 263
1218 561
1434 137
5829 533
2285 1244
9409 8352
3837 1561
4979 3711
724 565
6220 1124
4217 1103
7521 3497
6244 2625
9816 8019
2502 2324
1568 1357
5798 336
3099 1021
6694 5746
1207 459
7902 3926
9563 6521
6067 438
5020 5004
8151 3163
4568 2213
7032 3905
8573 7060
4131 1698
1113 335
933 468
6856 1969
1428 972
4397 183
2492 2270
1385 1043
2761 1480
3904 3568
306 12
1163 828
2518 2297
7070 3983
847 604
6686 4799
6963 234
110 68
585 198
2570 1654
568 349
3231 1746
4744 2984
7299 973
6326 680
7717 2168
3085 1518
3786 419
3735 711
4556 1952
5992 5048
4926 790
2683 2432
7645 1085
9122 4467
5687 1774
6076 3943
8689 5709
3266 2295
1117 1077
9299 8417
4766 3445
632 164
5890 2586
116 72
9527 4252
7611 6221
669 535
2114 970
3889 3267
9829 6958
3155 2733
8557 8048
8770 1586
4657 587
4504 2956
5190 3379
5369 1994
7278 1369
7778 1300
7693 2275
2422 895
5468 1846
5233 4771
7203 6495
3658 2335
2437 1273
2903 1755
8234 4813
3817 2707
6907 3802
3214 473
3988 3197
9472 8235
9251 6408
7816 6248
6760 5645
3237 1837
4643 2573
4940 2830
4444 2587
8399 217
5460 5150
670 141
2966 2621
997 934
3896 517
7101 2550
9465 366
1304 727
1669 381
608 45
6810 6331
6768 1676
8754 2161
8840 2248
4606 2572
471 6
3133 2005
8627 6373
4806 2862
8277 4224
9295 6141
1844 1376
8979 1247
4761 3561
8893 1512
5444 2999
1642 1171
590 241
2810 868
516 445
8848 1889
4245 531
2517 1370
7547 2121
8681 7129
2167 121
3140 36
6090 1878
3081 1188
2150 161
6667 6348
3055 1739
7995 4063
3032 1297
3951 1311
2155 1251
9598 4216
2754 2450
1107 424
6625 728
5322 25
8357 8067
7614 5875
1682 809
9318 1897
5290 175
3415 1950
4667 1839
7079 1719
6838 4044
2226 1087
9643 8290
2804 2494
7586 3402
3942 864
845 812
1342 331
1489 478
966 43
1162 247
4443 2081
8444 4620
971 694
7632 6889
6052 1988
461 167
5926 4375
3544 2086
1497 822
4285 1812
1556 1220
2949 1033
9445 4752
8523 3446
60 46
3067 742
9707 2268
472 159
2758 518
9865 7183
3324 2687
1339 99
1193 315
7200 2353
7910 6524
4792 4123
287 128
8634 3724
9686 4085
5088 693
741 699
8437 323
7554 7179
120 117
2816 1641
721 113
1618 1567
8511 3436
8693 84
5130 455
7676 4246
3217 2531
2960 1096
3228 2002
9082 7951
9268 4653
163 138
7659 5291
1852 521
4956 4118
9198 3136
6199 5133
4057 3498
939 395
8701 7670
5474 490
4291 2156
4492 1391
3567 3466
7726 4187
9892 7901
2347 544
8885 1979
118 78
4719 3970
5790 367
3141 1170
6306 998
2383 2131
8507 7804
9509 4176
4550 1289
7383 2240
5449 2103
7313 4591
6655 4163
4263 2469
5540 949
4318 1681
1302 910
4480 3284
8916 4578
2722 77
1656 1078
2013 416
7968 3010
9830 3670
4168 1349
4982 734
3329 2424
2930 1833
6060 3048
8317 2622
6489 2020
7057 3888
4874 3710
9471 6285
5406 4857
9078 6998
9455 4358
1023 671
4663 1427
9276 2990
8177 7935
1062 580
1358 220
5655 3638
8787 5921
324 39
4278 611
3915 1234
1702 1126
9768 1751
6571 499
7145 4889
1925 1123
1934 959
5659 3864
9440 2594
9809 2334
7576 2940
5930 1432
5595 684
5520 5085
7790 300
5965 135
6803 2886
5423 2120
3592 2512
5507 4562
3532 325
3160 1035
2260 1790
1623 1217
8735 2071
6863 2659
362 70
8369 3704
2373 2074
9510 6671
733 94
6392 5698
219 177
1815 418
8923 8518
3262 1071
4908 661
7752 414
2009 1662
4679 3075
1255 357
4459 4193
5684 2404
2351 1355
4902 2426
1383 1048
7653 1539
8260 5963
6217 2495
3825 3815
1501 143
700 186
1029 155
6081 2606
6281 5791
229 114
9627 6613
5102 569
9281 4975
2729 570
6309 900
2617 2194
4496 2745
1996 1280
1224 1039
5301 4066
8939 2063
6904 6359
5248 894
3648 829
5571 3091
2961 171
1325 1032
1936 497
7158 1373
6577 1905
2681 108
5708 3762
6036 2509
4906 1129
1922 1176
9904 1955
4636 4390
8134 3516
8190 5042
6304 1084
8666 3205
5983 4055
655 253
7590 235
5909 4754
4520 3534
2568 129
184 162
2486 16
1309 1158
8555 1978
8718 5652
1992 166
2263 409
3239 216
9514 8107
7397 4878
735 11
4596 1977
9811 7421
4988 3094
3296 1345
9676 7224
385 212
8585 8365
4650 3162
595 192
4106 2214
1483 880
6833 3885
6262 35
4478 38
3422 1161
6616 209
1960 173
3860 929
5326 2807
3243 1041
6082 2107
8633 4886
943 547
8220 6174
6870 396
7215 2133
626 408
5123 2372
974 867
3761 1521
1593 221
8551 7462
7455 3258
4470 3952
4026 538
3698 2223
4297 3441
