273
9392 9918
9339 9990
1143 8069
4105 6235
6712 8570
5150 5164
2038 6228
2566 5643
3638 4402
6657 7925
8357 9506
3083 9678
8572 9513
7860 8116
4913 5329
3166 5611
3679 4028
2315 7933
7118 7312
5331 6421
1584 9142
7716 8596
8567 8806
423 5191
3025 9220
9294 9983
8718 9547
4396 8647
495 8286
9871 9940
6026 9936
1497 3591
2603 6551
6409 8294
9200 9550
6437 7422
2976 5261
8238 9874
9108 9551
2126 3186
8011 8265
7200 9534
94 9251
44 4103
6398 7557
1179 2285
4430 9254
7314 8983
7986 8345
3231 4188
7738 8135
7823 8039
9974 9987
8027 9559
1504 3755
7057 9908
8518 9753
4019 7302
1096 1963
4033 9860
2630 2857
9517 9711
8391 9778
4779 7078
7196 8534
8763 9952
5385 6084
6642 6747
8242 9468
5917 8325
9272 9330
468 9917
2434 7954
5759 8660
2632 5188
2334 7862
3136 6415
9221 9985
4604 7277
8153 9126
1020 8900
2468 3671
7877 8049
6391 7414
7589 8351
771 8307
7327 9609
5125 9769
8901 9445
1566 7899
8920 9589
7952 8533
8177 8787
6553 8639
5434 6785
5020 8527
7709 9543
2765 3033
122 6942
60 7554
5534 7548
8017 8200
4760 5895
8880 9244
6977 8497
4698 7961
1171 1697
3133 9951
7920 7924
4398 7144
6647 9429
1083 4393
2938 4612
8989 9074
5060 8509
9608 9885
7279 7328
3479 6960
2048 5829
1315 2091
7055 8715
8831 9946
4697 6737
2241 8383
266 9406
8998 9533
6941 7564
6649 8586
2374 5001
7739 8197
7240 9746
9501 9645
1415 8673
5165 9641
6790 8670
7176 7779
362 2808
5089 5896
2046 2954
2508 5613
5768 7825
756 2556
3012 6497
8262 8956
7760 8144
3281 6549
2571 6465
4273 9770
5785 9914
981 6105
6469 9417
6096 7740
7627 7987
3454 3582
249 5949
6890 9114
2098 4292
2919 7992
8756 9819
5197 6693
1569 6090
1782 6963
6227 9847
6489 7919
3494 4321
2195 4387
6214 6273
5902 6990
658 8223
4210 4835
172 9342
7930 9334
8152 8554
3646 7590
1733 7857
276 924
5702 5719
9228 9584
8280 9505
4315 5432
5575 7998
6600 7828
6342 7608
5992 9209
2829 6229
6695 8101
4968 5531
1536 6994
5052 9817
1042 6736
856 4439
9019 9100
4929 5820
4606 9161
9848 9872
1351 8433
5461 5494
6959 8511
9489 9623
7298 7841
1770 6155
8133 8491
5193 7248
2837 8732
8949 9920
4476 6002
2586 4699
2665 4010
2088 7935
4360 6980
7181 9808
7332 9132
702 1923
31 1431
5809 8721
596 1944
4900 5305
6907 7643
178 4937
3260 4358
7183 9236
5120 6888
5439 9518
7881 9977
1625 8250
3059 3528
3934 7537
2524 5394
4305 5008
8160 8508
9094 9958
5143 8609
3515 7377
2654 4840
9540 9986
6687 7981
8501 9650
6771 7960
5961 8255
7612 9493
8103 9138
4759 5098
832 9280
3569 5811
7025 9888
2483 9412
3999 9069
3690 4233
4743 9332
9761 9827
582 2459
9499 9745
8038 8429
9002 9748
2898 8198
2415 7807
3440 9939
2882 5711
7870 9077
917 2075
5101 7437
6856 9633
1244 6589
8739 9542
948 6347
6958 9328
6673 7597
9327 9866
3419 5535
9171 9814
4627 8780
8189 9804
9663 9737
952
6290 2466
9409 2448
9824 3875
1146 1073
2300 2203
6022 473
6484 247
1217 386
5700 5572
6546 1946
668 562
1859 414
7469 1072
5146 2179
1162 38
6458 135
1662 70
6450 2948
2265 1885
8055 4384
6567 4874
7680 3460
6363 2684
8194 5986
7195 5336
9341 2424
5589 5283
5965 2157
8784 6659
3209 1082
959 825
7172 5423
2585 1856
1577 411
7073 3434
1325 73
8943 7644
7004 1417
6332 5810
9049 963
7283 2161
5812 3179
5144 2458
8734 620
2931 1677
5672 367
7641 4802
919 400
2196 235
1704 372
8184 775
2625 1992
9096 1049
2152 1922
9107 1995
7552 2669
4123 2322
3826 309
1328 147
1261 1103
8106 3572
704 397
8490 15
4303 3680
1091 804
3280 1114
6987 6243
2192 625
3817 307
376 140
9839 6555
3568 717
5571 426
3630 3194
830 700
4914 3831
1077 836
8809 6472
8645 5685
2911 2141
5124 3898
5808 199
5819 256
6034 2206
3578 1948
5869 2805
359 96
7789 1221
8249 5755
592 241
1235 538
4664 1793
2416 2350
3782 320
258 77
1883 1289
2136 1034
5887 5040
9050 3021
19 6
9615 1647
3013 275
5209 4782
1924 869
5440 809
1531 906
7099 2488
5372 5126
6847 3925
3855 707
4004 780
3763 727
3804 9
1427 1403
4017 2478
9627 375
9234 8543
3803 498
6258 5201
7701 5723
5806 2799
6868 839
232 54
9659 3127
5005 3253
6396 321
3652 2444
3216 2588
1039 221
8888 3258
9700 8019
5034 3346
4790 1245
4605 2226
6187 3872
1508 544
6193 4872
3819 2335
9172 42
7794 2741
7280 4206
4768 4338
7915 5956
6420 1740
2220 2100
8324 883
4731 4111
3717 2826
1452 1068
4944 2104
4544 1665
2432 1620
2683 95
2493 726
4390 3094
5935 3643
9842 9436
9265 5837
2798 2154
9841 8425
8675 1258
1309 787
2548 1801
6361 4658
3268 248
2236 1562
4498 210
162 142
9638 2097
5015 284
7945 2076
3416 626
2842 712
5229 1723
1855 1526
2212 1163
9909 3556
4799 3514
7197 3354
9471 8062
6348 1408
1215 308
3627 2551
7450 6464
3362 1650
5679 1326
7211 3474
4146 3096
9931 8046
3937 3396
1972 420
8560 3437
2917 2271
3344 1538
2888 2056
2101 1811
8322 138
8018 3192
9278 7885
1857 1810
5627 2859
9994 3093
870 865
900 314
2627 1165
2078 1542
236 208
6593 4139
1043 338
4368 1101
6103 150
6726 5781
1478 1270
7359 5212
1247 111
6346 4962
8672 2111
4470 3018
4113 817
7598 3432
3265 862
7679 6482
5763 3495
345 315
422 159
3917 491
5892 2392
3254 1592
1506 378
6169 280
6724 3670
974 725
431 291
8366 2785
8443 3954
3128 1129
1547 1135
477 432
2403 1366
5951 3546
4887 2018
2855 2635
3182 1201
5549 3909
4964 3321
800 710
9729 2264
4513 3956
4160 3212
3984 3184
9755 7688
5404 212
6306 1549
6091 3953
2004 713
7645 3981
4723 3596
4388 699
2428 1854
5363 3923
6087 614
9103 4171
1535 1010
2278 1276
2083 965
1916 551
7011 2645
4925 3922
3986 944
7903 494
4668 1439
1981 1130
7142 6778
3635 2982
9674 7836
7047 6037
8399 4257
9010 3665
2472 169
6027 4803
7767 2092
3202 2568
3859 3743
2400 50
9361 7630
3038 1767
6282 1236
6023 3539
2530 413
7706 3010
7135 3390
9502 3552
3942 2578
1516 619
49 36
5256 1863
2487 1238
6462 4089
8868 6448
5738 786
7817 1530
2205 1295
547 294
4311 2051
5766 1582
8012 6508
4197 3508
6154 2191
3066 1919
4135 2258
8657 2248
8015 462
89 63
5117 332
1932 1653
3380 2728
250 55
8933 7331
7202 6315
8700 4431
4375 2451
3527 760
6718 6116
5043 4809
8209 4715
4229 2178
8073 4717
1387 405
4659 1545
9751 7905
844 459
1038 189
6013 5214
3016 16
1729 1596
5857 1685
3924 3245
1583 310
6487 5000
770 622
4415 3611
2998 2145
4632 2672
3955 125
9963 6872
3610 2801
7834 3601
8813 153
2929 973
8735 7676
7089 2596
90 68
6610 2949
5651 2506
2217 1752
6032 1281
3332 1602
3824 3147
7918 1693
930 361
4610 609
3689 3007
3058 2648
4886 485
2357 219
2935 1016
7101 1424
6970 4183
9017 6666
7492 521
25 17
6961 532
4097 1483
3199 587
695 612
7579 1121
7928 6547
4747 1358
6768 3555
5758 3751
6017 3325
4897 1701
7315 5556
7606 523
9331 3944
2928 1759
5824 5503
457 447
2718 43
1585 774
5285 4641
8504 5667
5340 3599
3857 3818
8471 6202
9188 7402
3664 1836
6335 6173
8131 5258
2470 1198
1887 363
9242 3858
286 243
1354 1218
2202 1013
3197 2740
3979 599
5318 3477
4636 1050
6838 1008
7019 6796
9844 3233
4179 3876
8377 5913
3618 1059
5996 5852
714 145
9068 1429
5402 1541
7699 960
9972 6441
335 4
3608 2515
5076 128
7697 4204
4640 1382
6861 3146
5302 627
11 10
9948 4460
6208 5911
1341 112
4639 20
8495 5525
1139 467
5140 4963
1905 1798
7058 1241
2963 157
7273 6731
2077 970
437 166
807 752
5319 1250
7611 1915
5739 3075
1142 925
8550 3549
2513 794
7257 1381
735 697
1197 1007
669 542
6225 4005
1116 742
8608 7366
9967 9453
1679 1285
2308 1493
2060 2037
4269 2591
7062 333
9586 1716
6920 5357
7284 5921
4915 2356
9975 5734
2703 1850
2660 1674
2614 2572
9803 8108
3141 356
8154 5207
3095 435
1900 1070
9315 3865
9176 1713
2723 1280
1599 1379
5754 1576
1133 304
9852 3023
8245 7323
3747 996
3442 2353
64 14
6244 1433
1722 1703
1126 175
1736 705
2342 674
5230 3811
5760 2033
9276 1505
8565 1331
3633 1000
4528 3214
9322 1651
7901 2247
5910 4464
3154 385
105 66
7732 2716
9759 7438
110 56
4134 2135
201 139
5751 3702
3827 2065
2121 961
6622 1312
3900 640
9447 8619
482 12
6435 3048
4571 3357
2284 1706
6915 6873
8465 6674
6761 6425
2122 938
1006 572
2490 529
6668 2607
6152 4271
4029 2594
6637 1678
5222 4788
5588 3854
6741 2748
4842 1416
9691 6524
2204 2011
8517 3706
7023 5595
584 407
1423 790
1772 566
8447 5687
8923 641
412 165
4756 3543
6263 3562
6272 2039
5196 216
6257 2832
3486 826
5517 5277
1503 1404
4297 205
8034 6511
5796 3468
931 728
4346 287
8862 560
7170 5539
4138 1436
9127 4570
4478 3708
8828 4572
3221 203
5216 1193
9644 3398
9752 7370
3251 442
3291 864
274 133
132 39
9655 6329
8638 7818
7038 4173
6899 47
1185 272
2592 716
6349 2789
4523 1975
9139 4896
5262 1319
5436 5119
819 777
7512 1018
6894 6376
2235 1051
6340 161
3674 1814
3215 2680
6802 347
8512 1522
7381 4329
4855 1186
3078 2535
9560 91
7650 3586
2028 1871
8476 5355
9191 2522
4721 86
296 144
5079 2712
5836 4882
2294 967
1154 348
4635 2872
7330 2469
2345 331
6496 2866
9646 6146
5827 3246
4449 1696
5334 1264
6045 5515
3327 1306
5990 4310
1933 353
8020 3103
4251 2471
2894 876
5400 2440
1630 298
9020 7423
7088 2533
6253 1141
6789 4519
4136 2884
7443 841
9031 6302
4735 4013
9797 8755
1278 630
4795 3222
3810 1637
6498 1974
3983 3404
718 85
6052 3696
4096 940
9825 9140
6322 1397
6563 1546
1093 1092
5347 2338
7432 5123
2962 1827
9724 8963
829 508
1428 391
1301 1273
9810 463
2439 149
951 46
5873 4482
7581 3992
7524 6759
6275 2130
6579 2927
9846 6072
1004 703
4026 748
6904 4256
8790 4238
6924 5583
4043 952
2351 2339
8158 1525
4848 2526
4736 1788
4407 519
6636 1962
2933 2306
1724 671
244 51
8072 4494
9404 6085
3758 1745
7222 3451
379 242
9495 3863
8938 7722
8991 4934
5942 635
84 23
2016 1646
1056 342
6526 5522
3443 1396
4399 3061
1852 1284
6279 4489
9430 6061
8338 4076
6313 102
6783 6297
4342 854
4386 744
4650 4131
732 390
6192 3084
9964 164
5182 2003
3138 552
1664 621
6010 4603
1158 765
7791 6859
2208 1335
6938 5974
2404 1897
2286 1737
9038 8077
5710 3544
8743 7516
2093 746
7793 410
7752 899
3794 3129
3173 2396
9375 7929
1111 430
663 565
4491 1633
831 109
2752 1686
8460 3288
1848 1140
633 628
3459 370
4683 1476
7086 962
1414 543
268 100
2266 1271
5332 5021
8208 5628
3518 1937
4669 837
3703 1200
5290 1066
6513 911
2486 395
6212 3159
5449 3286
4637 4574
9902 5590
6918 722
4031 3512
7434 3031
2232 1732
4376 4153
3816 601
4734 1895
5481 1168
976 875
8150 3020
7014 945
5971 3545
7497 6632
7084 4475
5364 185
3164 1876
724 217
1875 1839
4434 1728
6539 6190
8422 4184
9496 8999
3719 2021
2355 230
6408 939
1813 1747
6196 3533
6923 893
5475 563
6038 4684
2742 2199
673 644
8653 3906
9520 7182
1202 279
4215 872
2496 579
7341 1297
1754 80
7343 2606
6848 4509
9779 4380
2040 163
7128 3057
2595 941
3720 2378
600 240
2116 206
1537 1052
5025 2227
1921 1212
1011 999
5692 2906
3441 1751
4331 2401
179 72
9514 590
8844 1694
9692 9620
8283 738
6176 350
4245 3985
2 1
2924 642
5081 3004
4620 78
104 27
3035 1711
7289 1532
4643 158
303 261
5660 399
5343 3230
2365 1794
7046 6571
7499 6012
7480 2997
3204 1444
3316 2730
5149 1991
7609 2189
4177 3871
1629 1161
2613 574
8275 2047
5392 4864
1744 1743
5581 654
758 443
7267 5092
868 421
8363 4638
3962 1045
4818 3174
9818 3653
5899 3363
3115 1131
618 527
1224 1195
6648 2292
3356 535
7724 4987
5623 4933
48 26
6730 2640
5608 5139
4118 530
1085 439
5834 2197
6281 5039
3930 1934
7503 5680
8060 7544
381 59
8140 2584
1951 129
7143 3616
2477 455
8066 3975
8516 6962
5609 2574
3247 3100
4862 3732
9456 5312
5518 3032
7256 2491
4553 1102
5814 1834
107 98
4119 2119
9118 2211
8812 8163
3822 2822
5116 3242
3301 3052
5014 2025
9575 7664
6893 2797
3042 723
9246 1666
1591 823
4450 3802
9075 6905
6515 3134
6725 3196
6582 1442
6614 2231
555 227
5625 3736
516 62
3766 1211
9464 546
6917 182
2847 2326
730 522
9685 4558
3296 1768
909 480
9194 5257
5086 1269
4676 613
6879 5664
7012 761
1368 316
8767 3958
8644 597
1314 167
1451 1373
9616 2858
3348 2449
9603 8783
7129 6573
4580 2377
3687 1227
1805 1359
5698 3712
7029 978
6223 3431
2543 1889
3960 1222
3620 3079
8068 2346
5912 1336
8781 4957
1872 374
7671 2582
1757 664
220 170
7683 2944
9099 4623
5370 3676
4354 461
9253 994
7426 4279
4187 1482
8912 8231
5945 681
8600 842
5970 1675
7672 4075
2407 337
5158 3926
2438 1412
5300 4678
9907 6710
6130 652
7125 4490
2893 475
5576 4452
