123
7902 8520
37 8964
4613 5254
1101 2998
8538 8905
6168 9868
1954 9194
3749 6405
1212 7831
4840 7044
5932 8075
3571 7380
5715 6354
4689 9005
4876 8276
5570 9432
1222 2346
9141 9617
2764 3599
6718 6813
3014 4642
9665 9836
5391 8220
6779 9229
3781 9747
6408 9149
2045 4427
2384 9107
6707 8501
2970 2980
5093 6476
2616 3705
123 9614
4107 9545
931 5919
921 5415
4511 7939
5889 9504
3811 7109
4939 7542
6056 6882
4171 7451
6848 8576
6285 9300
9822 9980
5938 9354
2999 3484
3609 7176
1950 8818
7310 8948
5912 9102
2027 3147
1546 7699
3990 5817
823 1238
6678 8980
9828 9860
5757 7407
3331 3714
2618 5784
4345 9496
3593 9477
9524 9942
755 4787
9719 9800
639 2597
1529 1844
2336 5256
2098 3670
5265 5770
3146 3713
4168 5311
7314 9705
8150 8475
8721 9290
2202 9456
8271 9585
6699 8041
5991 7776
2104 3554
112 1850
130 5055
8244 9454
674 3028
6728 9994
2927 6865
5706 7741
4497 7983
6884 7196
3057 4990
2948 3314
1085 2251
9062 9471
9797 9894
6896 9293
8105 8447
6673 8581
1131 4734
2150 9314
6585 7442
3410 7286
6854 9865
3684 8633
1900 5038
492 2628
3464 9087
5928 8932
3924 6360
9764 9908
5126 6546
1374 7005
9997 9998
707 4372
3635 7673
946 6210
1990 4277
4612 8320
1949 8248
9659 9723
5783 6293
3709 6029
9072 9503
315 1813
19
3578 1089
996 861
6701 5125
3561 1888
6315 3203
4438 3868
3408 3168
4387 2664
8808 3167
5748 2514
7875 6124
8472 6164
5724 7
8967 4433
7674 6996
9917 5557
5774 3017
7270 3303
4297 3044
