921
8081 8215
7255 7566
4615 9687
883 9055
5873 8133
2554 6731
5687 6251
8783 9834
4562 7930
7282 8127
2236 6702
6765 7093
8292 8482
5598 7889
9875 9932
5162 8325
7937 8307
8000 8004
9032 9038
4934 5053
250 9627
8702 9508
8237 8449
2674 8198
659 2003
8917 9630
9993 9994
7785 8012
1381 9853
8441 9693
9525 9544
1972 4204
5428 9054
326 9225
6569 8229
3622 5558
6027 8013
5346 8840
9390 9814
3111 8232
3259 3301
6736 7509
880 4796
4026 9612
5809 6622
9666 9888
8150 9052
4054 8859
7259 9092
3412 7935
6342 8368
1691 6447
203 7643
2789 9036
4235 9797
9168 9766
6406 7655
3697 6415
671 3681
6541 7417
3992 7488
9424 9815
9507 9706
2501 6279
7190 7887
4209 9900
1819 6538
9309 9603
153 5269
1288 1899
9335 9877
34 4732
380 1588
6942 9411
3163 3678
3780 8344
2202 6416
7648 8714
171 1952
9509 9826
364 8255
8432 9626
2332 5634
9751 9925
1596 8574
3993 7644
9810 9843
6291 8039
7110 9661
3794 7427
4800 7039
1749 5726
4442 5436
8184 9560
1642 5867
5725 5874
1674 2048
7857 8570
1215 5404
8557 9669
1967 8040
8908 9813
8706 9230
106 5988
6425 9196
9976 9980
5591 6467
8359 8466
8363 9570
1342 4708
4193 7761
8014 9281
6838 9382
8306 9108
5944 6743
9899 9941
5766 9249
5002 9961
3741 8343
152 9236
4709 5036
1445 9800
8056 9849
5945 9376
960 2350
9172 9405
5909 9958
4772 5847
5530 9696
1151 2388
7672 8675
5383 9926
3150 6966
1599 8396
5515 7340
2842 4135
4979 9699
5929 7813
9807 9985
8518 8853
5559 8120
4206 6026
8047 9914
6524 9513
1132 7159
1010 6764
2729 8005
1794 3885
5437 8943
7058 8385
8411 9432
2139 4646
6451 8239
3902 6108
5407 8661
7206 7781
6595 9739
3039 4956
9574 9837
55 6452
5922 9623
3667 5956
5638 7297
7902 8471
5261 6726
4452 6481
1857 4147
1083 3797
3597 8153
1504 8011
4571 9475
8640 9086
2558 7362
8953 9606
4667 9018
1492 4528
5880 8592
2935 3448
3765 4525
6981 7855
6177 6340
9127 9619
2073 5836
1561 2011
2796 3235
4514 8921
4789 9303
7877 8285
4871 5876
3439 4296
9881 9950
7398 9615
5950 7131
8488 9074
4644 7866
2709 3461
2192 2912
9476 9538
188 7952
6361 8259
2941 5138
4975 6918
1735 4119
1094 9451
9351 9683
637 9597
9123 9400
4771 7218
2948 8649
7232 8175
3644 8218
8584 8664
9422 9964
5779 6537
7184 7723
7788 8564
7211 8394
4603 8392
1607 3775
2646 4813
428 6691
6000 7411
7479 8319
7592 8509
5401 8346
5391 6518
739 3406
1878 7383
8898 9467
5083 8122
3821 4079
2551 8492
6992 7559
2811 5865
9616 9679
2931 6602
8636 9854
1275 7387
3748 4601
1997 9317
2869 6443
3545 4758
6435 8128
7452 9519
8194 8365
6011 9726
3152 8951
4312 7607
6010 6555
8935 9922
4489 8992
1237 2998
4383 7011
1808 6747
1299 7716
7090 7688
5748 9792
3584 9735
7015 7435
5761 7336
5842 9649
6224 9573
3996 4221
3544 9550
9633 9763
9823 9954
900 7859
3037 4293
566 5342
9729 9734
2717 8597
9583 9675
8863 8982
3936 4125
1987 8149
8749 9231
7697 9481
2904 6662
3510 9765
320 2235
2516 5368
9864 9953
4820 9000
3240 7503
7921 8340
5174 9982
3273 8057
9327 9871
3759 7659
6934 9624
2234 8360
7098 8534
9830 9949
6639 7900
7448 8591
3795 5808
184 8986
6703 8750
967 2559
8217 9326
6272 6277
1671 5632
6167 8183
5708 9657
5927 8735
1449 5894
6068 8503
9947 9957
3304 6956
6528 9284
846 4160
488 2636
3045 4761
2285 7072
3114 5667
8532 9416
4400 6119
2447 3624
4726 5140
4755 7414
6159 8080
7212 9520
6267 9802
1547 6770
4710 5915
5635 9782
917 2131
4438 7711
1468 2506
4446 9493
7281 9801
410 4488
8384 9567
1963 8727
6084 7275
2968 9909
3198 3804
9214 9324
2169 4068
8258 9771
7945 9103
7250 8813
9063 9665
9275 9611
2174 5208
8289 9999
4058 5919
3772 3974
8163 8326
3513 9277
6666 8823
8907 9731
9325 9780
794 3373
5640 7977
3855 7550
7171 7731
3242 5388
6329 8044
9192 9285
6315 9613
1713 5323
4003 5733
9415 9456
3617 6280
4360 9132
6101 8484
7854 8868
5291 7334
8118 9237
7236 7658
6706 7353
3729 9437
9359 9517
8614 9808
3436 6278
2588 7638
8225 9391
6222 8604
2327 6879
8132 9671
1889 6929
140 5042
5554 9526
750 8452
2274 6928
512 9543
8381 9984
27 6486
524 8498
3171 6947
5027 6070
1497 6993
7624 9931
3771 4881
3592 6378
8278 9721
9590 9645
9646 9790
5416 6450
8985 9839
8871 9441
1586 7932
7354 7912
6985 8020
146 6432
6534 8593
8504 8947
65 9902
3132 8212
1206 1649
3143 4267
1546 6609
8726 9490
3966 4573
2863 3883
4966 9008
1435 2007
2058 9880
7574 8538
1212 2979
7338 8601
5028 9862
1041 4192
8795 9135
5366 7428
4339 4638
8496 8829
52 3950
3307 9162
1875 6705
5769 8577
3048 9138
8322 8563
1838 6104
8168 9673
6143 6797
9175 9286
540 3588
2787 4735
4045 5834
3827 9093
2382 4216
1747 1990
2287 4530
378 7009
3815 4940
2778 3720
9827 9945
1304 3892
1373 5371
7596 9268
5928 6564
9989 9997
3564 7561
3108 5459
6238 6439
8616 9684
5711 6988
4264 9816
7312 9767
5056 7617
1840 4626
2166 4822
3225 6419
6199 6388
2456 6750
7067 9248
5700 6860
3422 5446
7619 9908
9102 9257
8332 9358
2716 9282
5713 6487
8373 9082
7909 8924
9208 9818
7888 8046
2210 7959
1333 4720
7371 9200
3574 7985
5225 9050
2598 5458
2393 6986
7873 8539
9940 9963
9972 9979
9718 9832
4970 8922
9096 9364
2349 7073
9580 9639
472 6922
3026 3370
9015 9598
4032 7465
6654 7085
9161 9756
3468 3750
2121 5316
6232 9329
7811 9350
6810 8421
9479 9893
6933 7594
7106 8847
2026 2898
809 9116
7068 9956
382 2018
3669 9105
8770 9176
8544 9344
9194 9960
2601 3074
7989 8536
6841 9755
7183 8428
7118 8064
4241 5003
1066 4310
9478 9845
6829 6839
2871 6544
4304 8015
4936 7883
977 1335
8252 8673
6446 8927
6423 7246
2372 9917
7678 8031
6767 8211
1523 2185
916 6533
6621 7925
4991 9104
5623 9642
4836 7153
5169 5805
8260 8676
3346 5952
8959 9973
2934 7931
7793 8140
1457 6366
4103 5408
8045 9551
8854 9223
7608 9605
4584 9791
7787 8520
4126 4328
649 5293
2878 8352
5719 8666
618 2184
6878 9444
8495 9521
7830 9916
9632 9654
3334 5332
1756 4464
3392 7145
3400 5807
2470 4370
3619 9302
8554 8820
7000 7727
2828 8223
4971 9774
3816 5279
4145 4952
803 1387
6863 6962
5270 7240
7483 8739
6846 9024
2029 6462
7776 9377
9991 9995
7166 8166
4719 8293
1014 8251
5351 6607
2417 2899
6856 9124
2925 5325
6999 8745
1781 8336
4799 7802
6646 7981
8155 8876
1995 2791
4589 7438
1324 9191
3106 8558
9156 9698
2485 7365
4817 8021
559 6939
1662 7918
4902 8462
5170 5716
7325 8634
4997 8024
5655 8630
3025 7521
2160 2781
5912 9197
5080 6509
3401 9447
4180 4590
9905 9937
9363 9547
2321 8981
3713 9514
6577 9733
5432 5960
1806 5094
6204 9477
3030 9449
5417 7205
8109 9503
8519 8913
4707 6694
4276 9264
8187 9126
7790 8716
5814 6610
3937 6298
2443 5555
6355 9129
8551 9948
5463 7034
3626 5958
4516 6850
1945 5889
3579 4001
931 8071
1524 3981
1412 2359
2984 6276
8476 9943
7156 7300
481 5299
7926 9841
5758 7035
6820 7625
4373 5157
3703 6386
22 8710
7299 9686
9180 9588
1500 7965
6312 7632
683 9065
1993 2209
1814 3976
5040 6954
3568 4329
2170 3351
8050 9907
2155 4878
6874 8891
2226 6574
3080 5164
7203 9933
640 5925
1849 8269
2301 2330
5491 8581
2303 7245
6339 9323
9438 9821
8548 9965
6882 7941
657 8895
8718 9865
1717 7201
1984 4675
5380 6396
2547 7122
4797 7244
9014 9339
7400 9876
3397 7349
3144 7562
3070 7628
182 9007
5938 7007
7891 9701
3335 4083
4545 9670
1414 1824
7508 8991
4426 4876
7689 9075
1776 8112
1700 6360
5940 7036
1866 8857
2180 2692
1063 3166
8555 9107
1352 4632
5616 8603
7551 7741
1179 3636
211 9744
8838 9217
8245 9353
872 1879
5035 7399
882 1790
1260 9769
8129 8404
142 7577
8372 9752
4729 5788
6589 7669
5396 9568
4219 5247
1831 5789
757 6520
5737 7554
4185 4635
6994 8311
771 2448
4033 5258
4609 8335
1667 3113
7358 9545
9388 9658
3099 8152
1830 4466
1117 2247
5856 7192
7111 9874
2462 8711
8771 9553
9918 9975
3426 8972
6751 8944
4070 9625
7736 9058
262 816
6870 7737
3826 4926
8387 8941
9855 9895
9026 9110
2755 5676
4198 4678
7613 9555
116 7191
5180 8095
5877 6754
8400 8477
383 5088
492 2751
8864 9097
5657 5671
5995 9554
5175 6606
7713 7823
8748 8969
195 5245
800 5349
4492 6006
4353 6712
1832 4699
804 5921
8331 8566
5800 6912
3501 7451
7339 7683
857 5198
7533 7966
359 9160
3578 8543
2821 9203
4217 8933
1759 2816
9189 9452
8905 9530
2954 4140
6313 6593
5117 7752
2800 8790
5456 9185
281 9882
7264 9397
8719 8980
8627 8882
9680 9906
8213 8236
213 5607
4873 7469
3551 4806
9182 9470
4401 9410
9783 9901
1907 6695
6859 8761
4717 6409
7204 7519
37 3270
3349 9147
4197 8505
1612 8158
7227 8361
9090 9942
8691 9638
2792 5492
9730 9847
8266 9472
1062 6586
4144 7344
1513 5937
2662 3094
7079 7094
874 908
5692 7749
2628 6428
1064 2767
186 1755
579 2932
7445 7964
4412 6411
1106 6699
6042 8926
2795 5508
6560 8623
6514 9362
3549 9134
3227 8391
6488 6681
5829 9672
7185 8116
6539 7116
4610 5490
9618 9930
6722 9234
5362 9118
103 7720
1645 4686
4651 9852
8284 9531
2639 2969
1965 4437
2784 8559
4295 6570
8818 8961
8679 8879
5826 7253
9480 9720
6393 9450
6995 7528
7578 9727
5947 8580
3824 7721
8619 8651
9594 9700
4829 8732
1338 7547
7591 7878
8517 8866
5975 6511
3230 8791
9898 9966
1415 2389
9622 9741
3103 4612
4604 7768
6979 7526
6308 8777
457 3915
8201 9890
580 5695
7152 7565
4136 7815
2354 9177
4203 9601
1428 9559
5968 9005
1968 8037
253 2288
4714 9924
346 9703
3302 4315
5649 8700
4477 9651
7814 8353
9981 9988
7242 7318
7666 9758
4297 9308
2910 5855
5774 7920
2358 9145
1474 2718
7235 9202
4809 5926
7799 8810
2891 3438
5518 6400
7818 9453
3281 8402
5200 6906
2197 4470
9136 9778
1464 2732
1902 2046
5427 8268
7386 7685
6972 9440
6809 8530
5998 6025
26
1847 733
8834 5222
4073 79
8995 5329
6802 6547
8605 6625
9655 8002
5939 3199
453 29
1539 518
3180 2117
4622 3134
5360 3126
3262 2017
714 408
3843 337
1926 1622
7569 1184
2386 357
5908 1848
9753 6018
1502 189
641 392
7470 164
4429 283
8327 4593
