612
8392 9193
1301 6005
6586 9244
1191 4008
397 3485
2705 7787
4179 4486
2791 5618
4116 5198
620 9168
8029 8874
8561 8800
3471 9004
6215 9993
1402 5784
8573 8819
8993 9255
3510 7845
8462 8733
4117 4890
3961 5223
9921 9932
4993 9213
9024 9547
904 7316
8966 9649
5283 6316
1677 7627
3988 4009
8593 8766
4051 4120
4441 5309
1310 9251
1977 9911
6300 8525
181 6893
6593 6884
6963 9701
5606 7667
6972 9354
437 4053
813 3427
3296 5107
7112 8369
5157 7298
5453 5654
2672 6013
369 4282
6985 9667
7432 9623
1691 8526
4103 7673
4267 9121
4440 7103
3436 7710
4455 8720
3098 6845
9589 9622
190 6383
6109 6925
9684 9896
8076 9352
6739 7404
3246 4698
4913 7154
3964 4955
3823 5708
7676 9011
3446 4798
6665 9058
5765 6740
1331 4885
5279 7752
9493 9496
5313 7908
5787 5951
1141 1835
6788 7492
7419 9083
1174 1638
1953 6083
513 2678
4527 8899
2775 4658
3264 5144
3144 6168
9208 9927
1675 6431
3497 3644
1919 5859
7470 9414
2583 7618
1522 5197
9580 9934
9014 9050
5995 7559
6006 7519
1390 1406
643 8418
7220 8498
324 6897
2928 4702
7384 8102
3906 5237
1347 8510
8913 9597
6327 9506
8793 9120
6629 7226
7322 7644
5613 9640
511 2836
9377 9931
1289 2653
6202 6395
5830 9012
715 2258
1029 6284
9770 9907
2443 9995
1445 5449
6027 7213
7026 7899
8107 8225
8583 9253
3948 4937
6076 9090
7338 8708
3198 9314
4872 6588
3688 8799
5766 8721
5604 7916
2874 7793
9060 9671
826 8700
5503 9570
5312 9965
3547 8824
3909 4310
9035 9849
2843 5510
6294 6660
7087 9578
6863 8687
9854 9974
2185 8291
2268 3409
2044 3433
8315 9188
5679 7819
9055 9780
150 4207
7815 7829
6432 7949
7761 8496
4442 9710
8457 9708
7102 7428
2473 5577
6570 7302
9017 9963
4299 6955
4304 8634
3051 9873
6825 9875
4512 7131
9105 9486
4864 5880
7448 9317
9764 9802
7874 9833
6034 6882
9661 9693
2516 3042
3573 8714
7310 9149
6904 8617
9250 9272
7456 8932
8255 9598
5077 8681
9262 9783
3881 9958
7441 9846
4520 5528
4848 5051
5278 6115
4217 7770
6292 8340
5717 8149
5040 9089
225 4491
1800 4167
4050 7491
9467 9829
8863 9209
221 4155
7892 8761
4636 7952
6895 9548
2724 4701
9750 9957
6942 8205
2998 8866
8110 9616
3600 6315
2080 7729
4230 6658
472 2886
2731 5539
5295 8297
4055 5994
7394 7744
6120 6451
6261 7658
7004 8068
3059 9338
672 5542
7479 9643
3571 6322
1057 4590
7222 9892
6630 9886
9225 9500
9610 9675
3639 5076
8854 9336
6742 6860
4926 8996
7140 8984
499 6553
7119 9956
6269 7929
8388 9425
2257 4134
5675 8801
1491 1653
4380 5623
9254 9368
4224 4856
6590 7206
14 1492
9358 9371
1527 2440
9078 9882
9359 9476
7575 9117
7234 8458
6307 8116
9532 9733
2274 3016
6404 9478
700 7684
20 6011
8241 8486
4131 9239
8722 9388
9098 9189
5591 9950
5175 8876
3663 6207
191 7259
5596 8923
8732 9003
2451 6837
1093 4643
6126 8161
6756 8745
4314 4741
4712 6357
3919 9323
8724 9104
8041 9555
61 4939
3355 3743
5563 7382
6460 7798
523 1917
2812 6856
4227 6275
8521 8689
4887 7655
9516 9752
2926 4198
8783 9692
3449 3730
7010 7955
2184 6819
5390 6082
3863 7048
6805 9331
1056 4768
8348 9418
719 2696
4456 5561
6881 8099
3942 4596
4857 7252
5547 9865
1658 5242
3287 6353
9735 9749
372 891
6055 8875
881 3878
7651 8568
1385 5751
871 4661
306 7556
2510 7666
7049 8723
4584 7650
8218 8487
9364 9592
9302 9654
443 4691
1246 5090
2503 4817
6198 7369
7995 9386
3689 9569
5417 8691
9194 9664
4003 7297
2397 6278
6732 9973
5864 9707
3965 4997
5203 7261
4568 5967
3900 5885
5459 6368
9401 9407
537 4747
1103 4368
1971 2599
7857 8046
4904 9919
1101 6959
6615 8881
2620 5477
7451 8998
562 7882
5132 7295
3004 8935
6377 8447
6595 6878
6694 8978
1398 4228
3073 6827
1169 2196
5565 8891
7830 8820
6457 6702
486 1149
9184 9541
2338 6094
2011 6436
8693 9356
8931 9612
5770 5821
569 5562
1464 2969
9102 9613
1250 5098
2153 9988
8950 9565
3572 7771
1985 4721
1479 7237
2299 9929
2031 2537
7935 9617
6785 7468
9127 9497
68 9222
266 1552
8830 8909
5461 6427
8755 9484
2192 4794
8625 9370
3407 8129
927 2065
4537 6509
7161 8082
1952 6559
9656 9844
1306 9778
3710 7915
1642 8910
1373 5248
5195 7170
8293 8762
9651 9838
767 9110
6903 7366
1419 5519
9682 9768
1442 4426
2331 7000
8034 9072
3316 6743
1773 8736
2633 6953
7554 8261
755 4668
8387 8725
971 4735
7846 9438
556 3281
3392 6790
5406 7822
8651 9449
8342 9803
7397 7945
2109 4646
2668 5351
3180 5669
9077 9268
1119 3554
7254 9473
8045 9489
4016 8155
1660 6122
6056 6626
2982 5480
3504 6763
1507 3795
2231 3867
3630 8636
4538 5541
6073 6853
9853 9999
1060 1771
3509 7257
565 4810
3420 6967
7636 9136
457 5092
5941 9522
2390 8053
7045 7767
7572 8608
8528 8587
5603 7506
3980 8961
9961 9986
7832 8858
6504 8159
2348 4725
5638 8022
1055 1290
5724 8601
4748 5450
2854 5043
7728 8657
8963 9550
4279 6748
5970 6928
7142 7523
424 2528
1214 4058
6143 8622
6771 7751
117 5457
3119 5931
814 1460
896 8999
7421 9848
2750 4907
7833 8164
5303 5936
6886 9177
2418 4657
8519 9007
1607 5900
6563 9454
105 1280
1855 4319
948 2150
4 433
2714 7189
2618 4859
2368 9659
6558 6693
9615 9847
5700 5820
3429 8520
54 4736
6807 9560
9290 9845
666 2535
4814 7551
335 6478
640 6245
1061 3994
6052 6260
7415 9175
5862 6512
4188 8362
5015 5709
2868 4298
4807 8945
8352 9491
7469 9807
9382 9901
4325 5804
2178 7356
2480 2901
509 9877
9519 9558
5134 5743
3445 7417
4830 7920
4321 4572
2492 7050
2952 4091
2193 7081
1955 2946
5146 8296
8166 9264
8624 9504
7996 8912
5330 9740
8844 9247
2101 6224
9200 9813
8537 9795
9642 9772
1423 9852
5544 6058
7715 9971
2325 8364
1058 2499
6723 8840
127 6561
2219 6369
2621 8812
7722 8696
5942 6782
6645 8606
984 2490
7795 9810
8351 9947
4547 8889
9510 9723
893 9970
1682 9143
4591 8295
3511 4211
8363 9987
8870 9385
5152 5419
9499 9637
5655 8658
8276 9112
9141 9248
1135 7707
1296 6178
2077 2370
4991 8403
6458 8073
9785 9982
5905 6004
5204 6513
9485 9883
5570 8467
5206 5691
1881 6829
9147 9279
5359 6585
3956 4877
5727 8807
6624 8359
2918 7052
1810 6419
2793 4014
3566 6151
3529 6613
9559 9595
4326 5044
3465 5747
3525 6157
8895 8906
9470 9794
8117 9521
5201 7113
2429 8242
9861 9969
168 6048
8927 8967
9238 9674
5978 7895
6338 9256
8803 9416
4992 7725
3191 5438
7608 9221
2507 4588
7458 8090
8381 8575
4933 8302
695 8320
6962 8808
3805 6483
6803 9243
6775 7139
7985 8268
1839 4348
7937 8603
851
9091 7185
6266 87
8850 3753
6735 419
7505 6855
1098 468
8954 5088
9972 7745
5440 2912
7461 4020
3496 1930
442 118
8571 4966
6528 3567
103 80
9424 6578
716 270
9271 977
8088 5186
3615 827
9076 1081
3608 1736
9125 7314
3991 144
848 130
6146 1634
4690 56
9832 3699
1519 35
3432 2183
2046 290
9310 4275
3233 146
1861 1502
6312 238
3367 2828
4352 3558
2960 1251
1966 355
955 179
9650 7158
5205 320
8694 3653
5225 5105
4378 1859
2908 874
7041 6375
5339 3321
5559 3173
1189 97
8958 6177
592 375
3799 180
1772 484
1369 529
2140 1233
2763 951
8347 1576
2686 741
298 275
5418 2971
5530 2262
9836 4752
6582 629
6184 4109
4239 538
373 122
1623 233
3866 3746
1334 294
7999 1197
2701 2166
5626 3652
6498 5445
3208 344
1909 594
694 308
5980 607
7130 1524
2146 1140
1199 380
7109 2230
3735 1494
3129 2549
797 564
5231 1041
3459 1601
5825 321
5320 943
9878 5430
916 573
4663 2852
6373 3791
2010 1896
2695 545
3691 2139
884 705
204 174
4551 1026
3222 968
3563 3049
7281 4998
5411 2984
5533 1155
9100 5695
5792 1512
4291 1738
7002 1187
910 387
9635 3140
5904 3371
4141 520
2147 901
5338 2424
1216 269
4729 4168
6133 578
2349 628
7615 3090
2747 2032
3303 1600
9027 7885
7124 3732
4847 4311
5064 3126
9949 7488
1476 966
654 350
4241 969
7918 5601
3005 2358
2669 1729
3211 481
8173 1807
4835 909
8985 5816
3084 165
1005 773
1827 1791
6131 1686
2286 2058
4495 3086
3306 88
4471 1112
8460 8147
6887 1949
5795 1970
5047 2873
4800 830
2105 1113
9332 5961
7360 1059
7009 3147
7847 4197
9153 6688
5915 5571
1583 515
4175 1922
7754 4196
3541 769
6949 293
3658 3249
258 62
9144 1815
264 211
1939 1717
7799 5332
3489 138
2088 885
4216 1912
7085 5270
4519 2470
2414 1876
5113 665
980 611
7759 4662
2607 1777
5555 3428
2333 2106
6437 1483
2823 2198
1730 1497
739 185
462 416
3074 2272
4127 678
664 170
8550 3816
5762 3963
1340 1223
8560 5895
7393 5907
6618 4718
5509 1002
7532 2051
6968 2048
1478 173
6745 86
4364 4290
1153 772
1160 947
2501 1000
5966 3204
1709 453
3633 2957
3629 2120
8140 2938
5444 2267
3323 24
2007 1920
1399 65
8257 1596
2399 7
9095 933
9905 3372
4602 2989
2861 1485
1377 821
8965 4894
3972 3957
5823 1213
9161 1132
4505 3820
6434 4392
5055 3741
7450 4346
3943 3058
1443 116
9665 4164
3251 1584
3314 126
4883 3
3205 930
5041 4896
3386 2037
3936 2987
8509 2415
8367 5909
650 351
2049 636
4157 626
9301 8353
2961 273
6486 2155
3095 835
5524 1416
9396 7098
6465 223
4851 552
4029 2721
6768 3467
5879 3159
6992 1741
341 285
1547 1456
1840 625
4543 1722
7772 3739
3815 868
2784 64
2197 793
3185 3083
1427 864
7889 7040
1363 265
8790 7166
6176 5833
6808 5716
1468 825
2012 1177
5629 4261
7294 7286
9444 5094
6084 4699
3627 908
2089 1302
3482 722
4049 3438
3015 330
7838 2126
5848 1984
5369 3570
9000 2019
7546 3026
9683 8413
2856 1330
271 220
489 405
7936 6234
6946 2554
6564 6045
9976 5341
1462 1143
8253 1562
6015 4692
7175 5333
8222 445
6182 6096
4077 4011
4501 986
2967 2692
4779 3606
2016 517
7227 1577
4832 2068
5167 1609
3400 2691
1017 992
9205 4631
1678 1028
9030 5019
8285 5165
235 161
976 505
4523 4090
839 334
7944 758
4387 3771
4653 1407
7413 3290
3373 2361
8454 2069
4918 1998
7344 6888
4273 2072
3927 3456
7333 2641
503 257
1758 1111
7277 4603
7865 1663
6081 4642
588 177
3598 3115
7946 4784
3717 1067
9128 4756
2792 2472
7060 501
2743 703
3143 2149
3556 2824
7975 2628
171 167
1498 1249
7922 1142
1178 274
356 134
8848 133
3622 141
2570 1594
9668 4837
5815 3539
3912 370
6533 1768
5752 2432
8478 2880
6242 4740
155 31
1995 804
5276 182
2729 2337
1227 1014
3322 3215
8677 7919
4158 778
2118 1900
6681 4639
6631 2782
970 645
5251 2541
2702 352
6371 4174
3649 1579
6014 771
7075 199
920 376
136 113
2391 1860
2650 2587
4961 3186
2001 414
2489 1266
6535 5371
1447 1084
82 25
1358 1349
9678 5384
5778 4250
6061 512
1901 849
7867 4101
1003 684
3879 2803
5663 4818
9207 8006
5890 2284
5321 2412
4125 2758
2818 878
9217 3781
851 139
89 51
2190 1866
6399 4865
5783 2685
286 244
4369 2188
2290 2242
5485 3416
689 438
7453 3769
3733 3381
2545 1890
5036 4081
494 383
8361 1523
9743 6943
4054 693
2264 957
8287 3256
8975 2585
800 691
1932 817
1867 1376
8495 4581
2603 963
1554 197
7429 1467
4384 4171
1284 393
6026 660
4622 2665
1568 985
7111 6686
7208 3921
4503 3856
8108 2074
2748 1734
7788 1759
5615 4048
9178 2855
7512 2475
6952 1305
1317 1151
4957 1094
2895 2160
4649 4564
9673 2999
1365 162
6520 3244
7574 6697
8135 3168
9567 3243
309 278
4518 2687
4225 4056
9483 1042
1424 1070
8841 3543
3393 1651
5288 374
5229 1731
9360 4759
6958 108
4434 841
4156 434
4205 2087
6611 1832
5381 3209
8245 4739
6150 3664
2442 44
6637 5357
3623 2847
4337 2980
9171 241
7363 5037
58 40
4903 1314
8221 106
7021 3478
2319 2100
6181 4253
3682 1471
717 267
8502 7609
2378 1923
7267 3161
1951 1513
1262 367
45 23
3521 1515
386 34
5789 4860
7775 1319
6007 5061
6741 1559
7155 2393
5030 3472
7567 3305
8671 70
3302 847
6253 1371
4080 3397
4357 1613
8081 1364
8009 1300
5589 4560
5305 2655
7855 1374
6018 4970
1821 1089
1756 870
1819 865
6170 4797
2878 619
8308 3584
9741 228
743 188
3377 1863
8393 2381
1183 1145
3106 1669
3962 3349
6569 6180
3364 1069
7862 987
7886 4161
2061 1889
5258 3065
4671 3916
8594 6758
4073 2588
112 1
9872 3230
6490 6225
702 358
8202 3070
7365 5939
7430 209
2191 1391
2637 1259
5712 602
1206 528
697 587
5499 1129
1047 683
7218 2983
5383 5306
395 304
4824 249
2720 1737
3611 3405
4094 2787
7274 879
6929 857
3767 3450
9400 5726
4613 3046
8977 6273
8390 6633
1787 71
8288 8
3412 1090
3924 3514
1488 1170
6461 1766
8811 941
6908 4143
803 318
7063 5588
7699 28
4024 53
8169 805
2519 1171
3579 945
502 300
7844 3069
1790 718
7138 3434
5892 1792
4124 2923
4004 750
5876 3031
911 514
5836 4941
6811 6376
8477 6890
7524 5408
1828 1490
1885 1723
6175 1176
7662 3047
1474 1388
9856 6982
8262 4544
5688 4096
822 94
3183 1926
2924 638
2565 2222
5723 3212
5174 4446
6720 3220
3922 633
4316 3271
7834 6231
3703 2141
5666 5199
3227 1602
131 15
9230 2132
2145 1636
1133 760
8203 5779
9676 4670
6265 3774
32 22
7638 132
7542 339
9700 1382
4032 2133
7236 5828
1903 245
4988 2680
6487 2383
7186 5021
3292 50
8972 3253
5314 2457
9190 8504
3960 2888
1812 1182
7708 2025
9765 4140
6075 216
614 215
3828 504
6025 5012
336 125
919 57
3911 1053
577 476
1811 1344
4825 4367
7187 1698
5814 2304
5331 2481
1411 632
6072 6046
9156 516
1892 382
2498 2083
7958 1783
7210 2718
401 313
8884 5750
4985 1015
76 37
3594 642
9922 8607
7391 1633
9809 3637
6445 688
6488 2487
5653 2567
5106 1440
1720 1603
159 96
2617 1571
4132 3555
7411 3763
1957 475
6675 1379
6604 5142
7101 2467
2237 1921
7568 5208
1702 1367
6282 5698
7520 1895
3077 766
7027 6749
2993 532
4705 1545
5147 2380
6621 48
3376 2082
8126 6413
9456 3883
995 872
1572 140
1692 1403
9419 6397
7181 2582
2024 521
5824 1263
5952 1661
7433 2840
6492 4396
485 152
9186 3370
1937 595
7741 7632
593 322
4159 2838
1816 1146
7153 6736
1075 1043
4734 2710
9542 1564
531 394
6787 1776
5170 563
929 828
2783 388
4916 706
2373 1514
9257 6601
8789 4947
8527 3897
3411 2963
9319 5211
1856 807
7223 6519
9342 780
8180 6978
999 662
967 707
4170 4061
5584 3707
926 833
4303 2167
9557 6581
9114 2436
6105 5074
2725 2202
1837 1590
9767 3390
4618 3461
9528 8282
5086 4964
9607 3702
1871 392
9224 4186
5529 3398
8240 6594
5763 5102
1604 571
3812 1681
5391 1322
3152 725
6128 2488
3200 490
3426 2110
3790 3684
9068 8718
3779 1517
6351 160
3933 1037
2767 2566
1747 75
4240 2287
6107 5981
7902 5023
9983 8685
681 474
1247 333
2221 1500
4697 936
1956 1868
8902 8187
6676 5424
9797 7132
8357 6016
9880 2666
3394 651
5887 4271
1877 347
2124 1536
423 119
2302 1725
8925 1508
8383 2099
3261 799
49 43
2771 1683
1318 1046
9843 1632
9715 3801
8265 2355
1779 315
2402 384
7283 5219
5554 1954
7094 1743
6343 6328
2730 2596
5000 1654
1378 10
8994 1735
2377 184
1383 669
1983 979
1235 16
5692 4466
526 78
2329 1959
6951 4811
8375 7749
9122 8615
7913 6698
8358 2334
3716 1022
4347 2988
1273 836
4650 3121
8940 5317
7529 863
8991 2845
8938 3513
649 303
7023 5998
6680 1418
9174 8756
4180 2344
4366 2755
6418 1076
4785 1154
2194 1938
6306 3625
1695 524
5376 2172
3638 2247
2354 2070
1409 1078
9898 3101
2933 1585
4039 2635
8917 5183
2431 2042
4481 1911
7672 3889
9109 3925
1316 5
2020 738
5316 2500
3530 2102
6783 724
4397 3835
