952
7014 7585
51 2728
2683 3350
8538 9212
4952 7793
6142 7463
6905 9987
9651 9878
1054 5026
7194 7884
8253 9593
4137 6541
4936 6503
7430 8951
8492 9274
8472 9035
4965 6694
9264 9720
4431 5377
2893 3388
8205 9529
9385 9867
6604 8144
2351 3427
8972 9765
596 9508
964 3000
7509 8357
6369 6382
9548 9732
2214 9678
6230 9506
7533 8249
6639 9354
1809 9835
6521 9030
6128 7761
4760 7263
6038 7550
1759 1889
3311 4487
7857 7895
7652 9195
4899 5618
555 3038
5926 7814
4802 8874
626 2721
5945 9004
8767 8819
683 6381
8169 9809
5134 8355
3899 7240
9179 9666
8352 8422
8259 8644
2035 5947
9743 9939
7302 8199
2430 5730
2989 5286
9473 9829
2447 8303
6970 7839
4081 8995
1641 5800
9659 9736
6092 9498
3921 5794
8728 9932
1967 5345
2724 7720
5422 9084
9691 9699
3710 8827
1184 1261
7873 9946
581 9906
9840 9858
4652 6951
3549 9589
696 3122
2905 9599
101 6920
6420 6569
3452 6948
5556 6300
5864 9077
6029 8339
570 5204
8674 9298
179 201
1636 6354
9585 9671
8189 8802
7503 7705
9778 9842
1659 4990
1034 5758
9224 9466
4479 6393
6861 8415
831 8027
7964 9533
1476 3718
3449 4290
3168 8026
9608 9730
4053 8924
3298 9534
4551 8834
4880 8197
8385 9447
2849 3997
4741 6743
5557 8566
7424 8553
7619 7766
8724 9151
2991 3605
8858 9056
9215 9419
8797 8863
2298 2576
9547 9914
8234 8639
4591 8735
6545 8833
4923 8570
7548 8843
1934 6351
6617 7869
6544 9057
2209 8918
7333 9980
738 881
2007 8490
8162 9581
590 9460
9657 9771
9358 9612
2133 2455
9566 9763
459 8114
8331 9157
2844 3811
4848 5679
7687 8008
4883 5807
3653 3966
5591 7663
5371 7097
2222 2334
7880 8261
8744 8973
1717 3728
8001 8168
7743 9535
8963 9964
3203 5979
1785 6413
8441 9516
6711 9726
4510 4852
977 8718
1232 5044
7300 8127
1436 6819
6793 9053
4372 7589
8699 8920
9468 9847
7335 9410
691 4820
6166 7666
5341 9576
6782 8085
4042 8962
3757 4601
7357 8556
7286 8677
6922 7029
789 6572
3331 9709
9278 9826
5231 6846
9491 9497
3242 9565
5144 9788
9966 9976
901 6269
4377 8756
3045 4402
273 6595
7790 8023
2542 8826
2663 7599
8030 9901
5153 7437
6903 8099
1776 9206
4189 4331
627 5406
1331 7817
6268 9590
1783 8194
9087 9984
1674 7764
5561 6325
8317 8857
3448 9061
931 2314
6914 8070
9623 9711
6052 8965
2572 8692
3599 6443
164 9065
6953 7390
7272 8278
4470 4628
1204 9613
81 431
3837 8206
8313 8641
3426 6408
2639 8859
7211 8530
2196 4132
4725 6178
4343 8598
9118 9269
7746 8506
2966 3791
8659 9546
9095 9569
8635 9998
4480 7525
9522 9539
8125 9340
798 4096
769 9622
3649 7551
7618 8631
1679 3129
2947 6998
6140 8588
9573 9575
4578 7931
5208 7417
4158 7779
8230 9627
7615 8535
7703 7729
4968 8242
6342 9369
8454 9962
9900 9960
3955 5931
9604 9700
4465 5369
540 7341
100 6944
509 1479
2459 5364
334 3523
9920 9977
2896 3662
580 8302
2745 8132
9672 9999
7906 8668
5089 6561
4317 9078
3447 9584
9967 9974
5172 5785
3209 3888
6313 7854
6065 6439
3690 8345
2919 8898
9791 9802
8186 9459
8640 9476
1497 3370
9708 9784
7815 9894
1661 3133
1962 4164
3723 7156
2659 9934
9283 9931
9190 9663
6254 6298
217 4263
9559 9680
1269 9194
5014 6831
5630 6287
843 6447
9437 9799
1424 9662
6059 9045
9021 9126
7765 9954
6299 7700
9138 9502
8201 9944
9512 9806
4029 5639
3326 7027
2501 2942
6303 8481
672 4887
538 2338
5596 5917
2187 3186
9297 9875
6011 9240
8002 9648
3694 9328
4566 6514
7940 8227
404 6249
7648 9356
2414 9615
9607 9982
8021 9388
3621 4354
1217 5876
6621 8649
2446 2451
611 4414
8257 8730
1403 4638
3327 6897
2142 3157
9404 9624
7068 8491
1214 4113
4747 6402
1716 5934
6034 9676
9687 9695
8301 9376
412 5265
997 8747
1449 8509
766 5161
3288 6891
338 2125
2290 2556
5843 8448
8106 8231
663 4642
5262 7717
8204 8892
139 507
8075 9804
7529 8667
2967 9968
1075 5010
9252 9947
7103 9869
508 6960
3937 5264
5149 7489
8343 9893
3062 7711
7420 8615
4999 5486
4391 9570
3508 5368
8064 9416
5411 9177
190 6406
8401 8925
7732 9553
3810 7090
2988 9591
2188 3256
6830 7063
9766 9807
7431 9103
5912 6958
2834 4634
2470 8381
6650 7412
6809 7189
6534 9327
343 8862
83 1222
5157 7678
4476 8474
5788 9462
1839 5206
3770 9889
6553 7428
5592 6746
4788 5650
9382 9478
5956 9923
159 6282
329 1994
8750 9864
3505 8115
4413 4538
4055 5593
5075 7775
3975 8940
60 7946
5250 5840
3943 6293
6759 7154
2677 7459
5740 9803
3488 9261
6778 7219
115 4160
9281 9470
9692 9819
9218 9884
6835 8103
4702 5192
6159 9728
2764 7087
9384 9837
859 1745
3528 4819
9104 9592
7758 7966
4172 7788
2933 5910
8340 8525
422 3230
8777 9257
8821 9475
7435 9378
4396 9198
6284 8121
8090 8689
2238 8350
5563 8238
1286 5294
8939 9316
3911 8255
463 8952
1980 5878
2475 3859
1397 1630
7457 9564
1153 4084
3863 5502
4908 4939
7842 9365
7299 7441
8067 9474
2997 9568
6605 7082
9994 9995
3491 5554
4750 8035
9089 9266
9601 9877
6789 7104
5419 8760
85 6773
2686 5489
214 7655
5461 6311
9557 9832
264 9381
3196 5093
8179 8703
1845 4729
4277 8382
2587 6466
517 900
547 3235
7406 7626
1787 8417
2910 6576
5297 6542
1998 3276
7773 7972
9114 9155
3116 7916
6662 7215
6768 8395
1471 4045
6407 9237
1119 4916
8873 9282
5525 8045
5897 6469
1666 6705
8823 8987
7015 7500
2023 3431
6078 9075
5627 6281
6749 8871
821 5597
1975 7527
6375 9786
5414 7669
9863 9997
2852 6163
4761 6787
965 6952
1247 2894
3130 6273
5064 5097
6980 8405
7059 8523
5412 6147
8321 8753
4577 9012
2770 6906
6446 6745
9596 9783
3534 8058
9727 9949
6632 7191
1924 2755
5391 6093
2167 6548
294 1091
6201 7102
4711 9688
1834 9665
8180 9536
6844 7040
1521 1523
4138 6904
1575 2664
5417 9304
7304 8164
1746 6722
7325 8412
5449 8184
8054 8909
4134 4450
7811 9099
1857 3687
1369 3675
6843 9009
2337 9433
8969 9465
778 8828
3386 5331
2090 7255
1953 3453
1201 3241
9431 9843
4159 4927
4611 4994
6949 8367
1510 3025
2009 4307
9922 9935
9003 9346
2060 4467
2793 6682
4155 9379
2767 7173
1689 2579
4868 9461
8232 8803
8666 9782
6643 9313
1775 8447
3819 8469
243 8608
34 9925
7645 9741
513 6069
8861 8879
6353 7744
830 7982
1544 4127
1801 4948
2629 9334
3131 3826
6085 9669
3769 5389
56 3376
7768 9403
5130 5199
3398 9011
413 5667
6984 9368
9349 9839
2038 6210
7480 8510
7981 9755
851 9176
880 1803
5949 9902
8865 8922
9993 9996
1712 7058
5594 8414
8274 8741
8280 8855
6785 6943
2448 4814
6849 7389
6024 8975
8277 8409
2458 5939
3700 5844
6051 9143
2417 9394
3850 6124
6275 8286
1947 8102
2067 2450
1871 6614
746 5468
261 450
9158 9390
4474 7907
993 5817
7330 9038
1842 9161
58 5088
110 433
1323 7005
677 5706
9710 9913
6035 8781
5980 9482
5714 6928
4597 7429
2530 5518
6016 6991
5853 6628
4471 7682
9072 9181
4885 6701
1257 5664
6126 7165
2219 2924
2926 6115
8623 9101
3593 9024
1897 2402
1701 8791
922 2761
3715 9963
3269 5239
5315 6884
1268 7408
2150 4794
8061 9191
8464 9106
6512 9780
6224 7308
2661 5531
2189 3055
3777 9594
1956 2433
5654 5940
9329 9725
1177 7709
1131 5735
2472 2854
6689 9342
4135 4636
3778 6366
585 1299
8654 9697
5953 8739
775 4895
3246 3582
1038 1895
9386 9458
4279 5028
2624 6838
7216 9851
6511 8881
3125 8453
9555 9738
9496 9731
1354 7043
7537 8383
5071 9125
3542 5694
8511 8895
5969 9790
4664 4857
6988 8540
4018 8687
4878 7453
3680 6231
3502 8097
8580 9246
7321 8906
5759 9133
4266 6411
920 2442
1333 8363
5485 7259
9543 9885
6440 6836
994 1835
7598 9241
8330 9233
3040 3730
7965 7980
5189 9493
7838 8430
7143 7427
7398 9228
4686 5690
2523 3162
4746 5333
2679 8565
6718 7625
5678 7096
198 5550
1394 5110
1022 9317
7584 9088
175 6434
391 2643
6170 6277
9159 9704
2648 5284
9265 9838
6640 9137
5384 5857
2853 7708
7737 8729
7845 8979
4406 8198
4764 7735
5119 6319
9162 9661
6116 9910
8241 9540
1363 3648
813 3961
565 2355
8463 9724
3005 7634
8003 9189
3902 9841
7753 8377
4596 5537
6549 7121
2592 5166
862 2434
5540 8559
5094 8629
7836 9673
8171 9105
5469 5772
8425 9050
3016 4126
8307 8889
5849 9204
7468 8655
6999 8752
1632 7837
1495 9249
3392 9335
5782 6389
3740 6934
5675 6916
3695 8423
1672 9767
3849 8243
4904 7621
1714 8013
5348 6663
3597 5505
1250 6228
8011 8945
1663 4784
5288 5452
2396 8134
9454 9571
2657 3035
462 1152
3831 6945
1020 7881
6890 7541
9501 9503
2725 7250
8790 9174
3569 4024
2199 3171
8411 8701
2012 3546
7862 8126
3484 5836
2532 4293
2611 5136
9636 9872
4882 6738
2164 4235
7573 9528
9185 9882
2718 5637
1610 8450
1949 2986
3481 8147
5622 9363
9689 9817
1455 3185
824 3281
3361 4859
2871 3190
9299 9603
429 8079
2427 8105
7727 9480
4709 9093
7467 9740
4166 5107
1734 6195
3696 9655
1416 7623
7967 9712
8508 9646
5697 9972
6697 7421
1928 6774
1781 4313
4370 7810
7028 7246
5702 8645
5277 7311
2223 8088
1886 5213
7146 8733
2059 2538
1026 4926
5995 9685
8266 8731
8719 8811
2208 7001
5513 6130
4949 7460
6009 9090
6243 7089
8953 9518
4602 8312
5205 6429
6258 9484
6253 7633
9270 9587
3857 8139
8390 9435
5745 6043
5893 6048
7049 7111
9144 9940
9276 9364
7937 9891
1664 3052
4040 6810
2772 9855
471 4353
3019 6964
5313 5339
1522 7826
7696 7979
816 3299
7908 9609
8917 9866
9348 9716
1483 2811
9315 9772
2887 5652
1381 7368
7139 8700
3982 8142
1943 5994
5920 9992
9880 9898
5003 5725
3199 5684
2404 3175
6871 8037
1283 6869
7622 8521
5280 9505
976 5901
1248 5602
7665 9822
1042 6125
5279 8896
1606 5488
2786 5410
8531 9130
6499 7855
3029 4712
6320 9023
1802 8250
5662 6332
955 1668
709 3037
4111 6874
4671 8369
5842 6752
2001 4555
8233 8762
2383 4375
2109 5366
7871 9208
842 1772
4946 9586
5827 5875
9370 9758
7724 8776
2733 2895
6519 7419
1344 3277
3266 3861
3205 5691
4092 6986
668 6143
8418 9677
3397 5528
3609 9751
9062 9294
2082 6536
784 6571
457 2436
7561 9436
4723 9413
5754 8387
8636 8788
6543 8695
3450 9879
8057 9277
3749 5803
5734 7004
1208 2072
7131 8505
9849 9961
8958 9293
368 4734
3930 9127
1961 5304
248 3924
8041 9509
413
1050 282
9848 1856
5228 4828
7646 520
7296 1527
5493 245
5127 3581
2968 2130
4793 1019
5527 356
1494 510
7918 1942
5057 2775
6523 2525
6422 4836
3322 1319
1342 1118
2280 795
270 123
144 53
6256 6123
2476 2302
6815 5420
5775 1253
1892 309
375 25
5357 4184
6633 5013
4967 3085
7832 1542
7178 176
5444 814
975 739
5928 3712
6403 2165
6582 5495
5866 2296
5140 3069
3913 2341
6495 1185
1095 810
33 17
1284 36
5792 4556
3329 2045
3917 1064
872 550
2726 2256
3471 2832
3313 452
2084 1290
8804 8628
5962 907
5106 1931
9324 4268
551 410
4721 1547
710 225
8646 3304
3 1
7172 5407
9787 5701
4350 3698
59 6
9135 8498
1608 112
4739 2487
7329 6292
7140 6347
5611 1228
3210 1580
7376 4685
6082 417
191 11
9359 3780
6799 2247
8020 5546
2063 563
4617 92
3023 1568
4288 2809
4824 263
8768 1072
7297 475
7495 6076
5736 283
4438 311
1136 392
9200 3303
6578 4286
718 128
2265 2172
2443 623
7501 1697
5838 4265
9956 8829
8360 5170
9919 9111
3006 2981
8956 7186
2143 803
7247 961
1356 1215
6309 916
6736 725
22 5
4698 2559
4525 998
1197 592
2277 1789
4972 4224
4125 681
2769 1550
2560 1100
5957 5483
2833 2013
1806 689
3051 2827
1176 877
7099 1753
1682 246
6322 5950
7371 182
9930 9183
7034 4619
2494 2421
3894 3150
8116 3213
3706 1868
3971 2345
8592 665
2387 1549
5445 2216
6433 3310
8764 2522
9232 1466
6296 1798
1969 1511
5742 2236
439 161
8838 3080
1430 1349
3102 2696
2698 1326
7492 6483
1341 728
9813 7546
8019 5303
2158 483
5923 3377
6592 2403
9618 4929
3592 910
2241 167
3990 2594
3094 669
7243 1687
4982 1681
7902 99
9131 578
6074 5235
658 153
1083 490
2959 2644
967 43
5890 371
2891 2300
6967 271
4554 546
6328 618
8458 2406
4719 4623
2628 57
832 287
38 12
6176 1179
9775 7147
908 656
1635 486
374 229
6873 1968
9225 7228
9262 7613
1267 221
4231 2883
2804 315
3285 1853
2994 4
8902 7511
7596 3054
4358 3487
8182 1921
3412 2362
3218 481
3977 1720
5367 1336
1863 323
1972 1198
2463 2120
6060 1678
4392 4005
5511 4892
8108 7993
2890 1085
5860 1532
6212 735
3577 1867
8825 4910
3163 1950
2669 1013
8062 799
2069 1025
348 70
7204 4300
6786 5085
203 42
8060 5310
4492 3927
6741 5543
7072 6459
2666 1960
7294 5900
4531 4220
8702 8190
8534 1604
1629 341
9008 4128
5150 1440
4093 366
7681 5300
5432 4256
6364 875
1832 1451
2250 1782
6692 3654
7026 1793
2565 1103
8118 4529
2264 253
5462 2681
6431 3583
7393 6683
3056 213
7248 1419
4522 3009
9016 885
6926 1959
7853 6796
5314 2957
4432 4325
4973 4038
1301 954
2184 1814
9868 7654
7592 3500
5572 524
4955 1203
1005 281
6289 2107
7061 5985
5685 2428
8581 105
2655 77
7092 3631
7056 2175
5360 4351
1533 389
31 20
9742 3229
206 16
8606 987
2939 2498
3788 2763
3895 1594
7523 949
149 76
132 41
7756 7116
2722 2378
5052 1556
2393 2031
2438 1503
2398 692
4869 1900
2261 1877
9541 1002
7658 5978
5833 3417
2462 156
2245 187
2190 763
5214 5115
473 419
3562 1552
9816 1896
9401 1035
4539 1098
5055 2615
7897 5578
9647 344
3305 1613
8763 7958
5867 2117
6886 3079
9429 1465
2581 2091
358 2
1099 140
8268 3852
6214 2987
2716 447
7464 1948
3227 2595
966 773
1838 802
3421 1300
4292 1391
9307 6806
988 608
5256 4912
950 188
5224 1303
5534 2411
9561 8426
4176 3803
5895 3289
8721 1514
4953 2708
5924 2605
3070 2374
9588 4590
5989 2484
4061 335
6321 2391
3243 328
242 166
7382 2673
8283 526
2600 2492
3108 1318
2099 1576
5846 3874
9247 7763
69 62
1224 892
8256 4901
1875 539
2670 636
612 288
4380 1653
7375 5541
3318 2684
4448 480
8493 5069
4992 4874
8935 6857
3103 1043
427 84
1981 1279
4299 537
8842 4670
4863 4649
7969 7222
3381 2297
9455 5260
3245 2536
3352 1865
370 228
2622 2071
6481 2584
755 345
2220 397
1493 1337
2509 1526
7570 6644
6197 3223
1637 911
3994 1474
205 98
4632 1249
7650 2612
6606 781
545 336
8558 6638
3868 3158
8155 5532
8634 2018
2835 2235
3752 2608
4981 2360
2888 1039
7167 6467
8082 6057
4837 3673
4805 4033
8648 7553
5898 2137
7451 1816
9831 5424
9563 7581
3655 1461
2601 1761
2778 1364
5633 3042
5918 4976
8096 1141
2627 401
6098 613
9616 7319
8936 2613
8225 3394
4832 2930
7653 4616
