578
3243 8061
7370 8506
4110 9515
3141 7853
6722 7494
2645 5024
4909 9110
3515 4930
9818 9970
7755 9398
1470 6716
8047 8687
6835 8772
2826 6937
5233 9245
937 5917
2976 8708
8640 8799
6623 9679
6453 9719
9304 9953
3169 7927
7332 9749
1692 4760
166 7643
5567 8094
6065 7021
1326 8350
736 2580
551 8317
7689 8551
2604 4223
6145 7040
4562 8447
2466 9128
9165 9437
1091 8154
6356 7559
4688 7532
8195 9476
4056 8882
3520 6256
9289 9723
4089 9488
7493 8533
7037 9568
3846 4748
1552 7036
2383 4449
9126 9839
4131 5958
6017 7078
3877 5661
239 2894
5835 8899
5547 7105
3804 5963
6426 6734
6851 7813
1299 9305
1525 4225
3271 7245
5551 7684
1554 8823
2557 2667
5335 7065
5043 6504
6727 7206
2216 6547
8142 9287
4364 8714
4478 4710
8078 8112
484 7397
7771 8949
6680 8431
5943 7680
2978 5120
7379 7896
3394 6315
5820 9258
5232 7611
1682 3438
5204 5668
1098 6529
9505 9701
3401 4857
5429 6828
6513 8441
7492 9153
2477 3336
6247 9122
697 7781
3298 6719
1714 9484
956 3439
9293 9660
8559 9011
5573 9038
6319 8399
3391 6303
2448 5362
8718 9594
2732 6232
271 8469
6281 9797
161 7865
7381 8936
8465 9499
8781 9681
2043 8011
8216 8386
468 5637
9414 9976
4816 8250
2825 9294
8759 8827
321 8437
5004 7225
8785 9867
6054 9170
5487 9508
5183 8992
7760 8556
199 629
9651 9864
3433 8758
8021 9741
5270 8035
4862 7356
9216 9489
3259 9192
5152 8741
9201 9920
6797 9418
7545 9639
1473 4984
5774 9193
9478 9960
4048 5759
5504 7275
2205 9307
8164 9558
9400 9968
5888 6767
2215 7187
4942 6882
221 1124
5338 8254
6850 6862
9882 9892
4817 5011
9939 9952
572 6697
3945 5385
3973 5522
9877 9898
7504 8979
3465 6877
280 707
3606 6699
5804 9958
9390 9496
6682 6690
3879 8222
9578 9991
5002 5966
2802 9580
8292 9217
2821 6592
8821 9549
5507 8860
2149 4651
1795 8051
1233 1686
2048 8986
6950 8815
5856 9924
7377 8120
3848 8673
6456 9013
2895 9507
9480 9929
3832 7207
5157 7568
7516 8994
4858 5649
5009 8541
3824 7337
9871 9949
479 4613
6192 8479
4473 5678
8825 9420
6959 8368
129 3385
8701 9264
2517 3207
2173 8278
1732 9088
7685 8733
1220 2713
8129 8547
2067 5574
967 6487
9391 9932
7565 7876
2374 2553
9589 9930
1516 7736
7888 8131
1373 6958
8940 9225
2882 6475
4740 5931
5367 8813
5252 9846
1810 4539
9442 9561
1764 3794
4697 9876
1773 1965
6773 7517
3836 6681
1003 6787
9946 9997
683 3186
4679 7797
7668 9933
6805 9785
9007 9688
1294 7660
7310 8239
2443 7513
7100 8580
3310 4587
3679 8304
1951 2283
1069 2876
513 9518
4544 4612
7103 7257
9755 9981
3247 3852
5737 9091
6168 9585
4586 9318
1251 3864
6495 9645
9956 9992
2421 4391
1467 8978
7084 9747
2380 5998
7056 8221
4498 9888
7212 7226
3279 7893
4929 9419
9894 9961
6564 8615
4947 9412
3690 7510
6125 7434
4895 7861
341 646
9179 9890
9239 9632
9144 9209
6924 7102
6353 6637
1332 4834
8205 8632
4179 5942
2145 3234
2574 3282
5772 7778
7965 8834
4848 5492
4631 6424
4192 8206
8910 9345
174 3114
5454 9850
1079 5544
1812 9609
9665 9768
9617 9693
1833 7968
5878 9154
8771 9212
5976 6447
6970 7801
8954 9737
9466 9669
8115 9612
7414 9728
9885 9904
396 6967
5121 5131
5997 8657
870 7064
839 9563
1322 7459
4572 9822
9891 9901
7401 8497
8646 9477
3208 9951
6858 8400
2406 5948
4244 6909
6112 9359
1138 7795
2154 7615
9829 9993
2114 2844
2641 7244
2938 9554
6643 9506
1086 4278
8765 9045
4677 9633
4066 9385
4247 8118
7161 8275
8370 9674
1676 4455
7042 8095
6994 7321
3461 5823
740 5210
1041 2571
8494 9494
8991 9447
4503 4548
7648 8403
5470 6473
6763 9764
7305 7627
3017 4403
7807 8219
5160 5437
6590 8081
3064 8976
8188 8340
3324 4680
1547 2439
2053 7327
4770 7726
659 2982
6793 9957
8672 8780
1721 7375
7430 9275
3442 4719
9311 9481
2891 8957
394 809
5770 6051
1055 3068
4762 9995
6052 6080
6262 8716
3970 9935
2605 7409
3826 8401
9207 9696
6776 6996
4126 4399
2599 9286
580 7694
6607 8440
7329 7413
6543 9625
1560 4239
6325 8970
8495 9845
2408 4238
6029 9963
4164 7756
1829 2936
7557 9166
1865 6663
1905 3642
2424 8432
6244 7925
9252 9858
2167 6974
2124 8713
5044 7804
4292 6819
9557 9673
7914 8916
8884 9752
8237 9123
6199 8953
7929 9368
5196 5740
6999 7155
6094 8912
9657 9686
4634 5405
4280 7286
350 3718
3731 6892
6309 7425
3127 5897
5483 9205
919 6502
5318 5777
535 7210
942 6551
2746 7484
2371 6385
2019 3382
8037 9257
8535 9182
2600 6403
2186 5677
6153 8366
68 1819
1151 2223
8666 9599
9975 9996
1293 4728
6801 9945
11 9185
3119 5873
6391 7921
3264 7566
4257 6204
388 2669
6673 8943
7672 8725
9598 9905
4781 7294
2508 7079
2133 5675
2222 2785
5802 7444
1966 7254
3477 8911
5015 6554
9267 9841
1173 8525
8812 9155
9509 9909
4876 8675
7371 7385
8512 8644
7114 7875
7630 8933
2608 7447
3924 6323
8454 8831
277 3355
827 7629
354 9454
2728 6306
6432 7679
5975 9127
9769 9887
1227 1561
1896 4956
7836 9295
7855 9330
6595 7666
3954 6324
8057 8412
4872 5164
2052 9566
1599 7196
487 6508
5969 7150
2827 7160
2503 5324
517 7769
3623 4006
3600 5244
4963 5673
8773 9855
4122 9726
6968 7112
8738 9667
5422 7145
2326 2852
2549 4796
8243 8335
6242 8984
2270 9597
6069 8377
2456 9652
7857 9315
8715 9337
1340 7489
2834 4035
9432 9765
7986 9411
5741 8127
3135 7022
925 2704
687 9713
6588 6930
2908 7818
4235 9736
1134 7978
1387 1674
4914 7398
5601 5775
9866 9878
4830 8039
6807 9772
2151 3359
2930 5561
8534 8737
7391 9601
4980 6461
7903 8380
3182 6612
2041 9853
1715 5916
5974 6505
483 9964
164 4776
7111 7596
1368 2231
1639 5017
397 1805
1794 6122
290 4916
9210 9401
8854 9112
7075 7388
5381 7871
778 4638
3372 8101
2695 8218
7248 9655
1755 5339
7569 9067
653 6724
9190 9351
270 5718
8193 8415
5546 6510
5118 6991
8730 9425
1866 6778
775 9227
6605 8341
3760 9109
5128 8246
3928 6512
9080 9776
5862 5989
385 2204
6245 9973
3654 4287
9243 9583
3964 9347
431 7651
4352 6952
5386 7355
6482 7171
6091 9280
828 5424
9526 9875
7229 9923
1030 8124
1659 7093
2657 8083
480 1538
4921 6087
9611 9700
8174 8770
6284 7123
2463 4107
798
7300 2707
314 125
821 253
8757 4101
9272 1045
4150 3167
4883 3977
2398 2081
2044 451
2717 823
9537 581
5663 1683
717 307
7774 6033
5676 5225
2119 825
2718 2247
637 89
2835 1708
3942 651
9546 2879
4941 339
4212 869
5563 4922
9383 7977
6397 832
3561 2159
906 812
4903 2213
2689 1685
7788 3704
3317 1118
1331 153
8274 4330
9922 1480
3424 2224
2969 1272
1017 293
7786 3926
8833 2241
5572 2631
6712 6654
5094 2483
5745 4610
5875 2471
9408 5182
4940 1881
5885 663
6152 515
3967 614
1446 173
1461 764
7794 868
4311 2910
8876 8870
4011 1718
3287 2692
7400 3730
447 15
4358 3400
3246 1907
9266 81
3130 2299
5293 2617
9470 2998
1077 317
5451 2181
8073 4063
7 6
6196 931
139 70
1060 990
6954 246
24 10
4708 108
8059 184
6981 5092
226 169
1193 495
8181 1080
9527 9292
7246 531
6405 4488
6018 182
2110 1113
2741 64
9087 3812
7605 3890
4323 1668
811 395
6136 446
3526 1895
6063 4146
5896 2107
8636 5466
5035 755
3976 3232
7028 2520
7951 3371
3254 498
6957 5388
4737 2336
3923 1117
4578 3630
1870 567
5803 4772
9631 6618
9874 788
4384 1498
8603 4935
9545 348
6695 450
8460 1363
2416 167
5940 4524
6711 4915
8639 3142
3822 471
1796 509
1164 165
4132 2787
282 106
4994 4027
3833 597
2476 750
5042 3777
2940 558
529 424
7512 4176
425 335
5132 2686
622 63
6596 5072
527 248
4088 1945
1128 141
8601 7535
1772 1289
1873 1158
6493 555
3633 2985
656 345
6045 1162
7744 2148
3285 2832
7140 853
9607 3722
5287 4967
4746 1171
7350 4644
119 83
5499 4904
5564 1315
5965 1125
8285 6707
2310 1140
6889 6683
457 227
5048 1831
5632 3629
3597 151
4946 1355
8117 6376
4556 3892
1990 640
9450 4415
6462 1637
3980 3103
318 47
5818 5057
7464 6913
2705 2445
1260 700
7281 1400
3663 1803
2488 2320
3603 1572
851 599
2979 2817
7475 5876
7195 2273
3736 2144
5352 3241
3650 465
8106 1556
6900 4368
1344 369
969 418
2946 1241
6927 6659
2418 2180
6222 4829
968 650
2971 806
7800 5218
7258 5442
5247 5039
1927 117
603 494
413 29
6824 5403
872 725
6249 3773
7618 3128
6989 1906
4405 3886
9605 4881
2881 230
5655 1375
6494 1564
2565 800
2988 2346
8183 7261
4899 4194
9962 5310
8311 6333
4232 3952
6440 1019
1871 1818
3027 1275
3415 2259
2531 1488
541 255
9186 4234
1737 1160
4270 2529
1153 934
8569 7635
8362 5625
4927 2250
5869 804
9638 4712
6520 5459
3200 678
6489 6321
5108 3532
940 784
258 110
5038 118
1271 1188
3627 2046
5688 1201
8501 3138
1733 1279
3396 3328
8989 6589
1840 1014
7416 6949
1501 506
2434 514
1546 1539
1533 716
5882 1087
6012 1441
8531 6693
6639 585
899 785
815 810
6185 693
1731 1027
1309 996
8097 6067
3607 2302
9092 5438
7826 1740
1655 61
1922 562
5919 3581
9372 75
4340 301
9889 1973
5151 2573
2020 206
1567 148
7700 6885
8263 1646
2611 900
8542 3897
5833 913
4446 1360
4998 3320
2949 1464
6781 539
7714 7156
3432 2635
4642 858
1801 998
6221 4197
219 215
7298 6215
2115 412
3136 3050
8446 4742
4641 1918
3843 1636
4726 1048
8965 5993
1680 482
5343 3769
7376 4010
4978 3750
7782 1875
1455 520
8134 5734
654 294
3808 3514
6650 4886
2737 598
5123 4800
8231 4245
1114 381
1722 1656
3919 3707
1398 74
8511 1460
1434 57
1157 455
5240 1999
3262 305
4348 3383
757 35
5809 1133
7175 6458
5234 2100
4928 3645
3565 2510
5052 401
1613 1356
816 704
594 582
6435 5315
4798 3959
3580 2400
9271 1311
5996 4656
2284 636
2482 2008
4093 131
3685 2870
2582 2306
7312 3991
5476 1139
327 256
2575 2095
8233 8052
7842 1432
8155 6840
2198 787
2591 297
8568 2189
7172 1478
5216 3795
9317 2449
1444 638
6626 4589
9942 1928
7647 1874
6259 3563
5198 947
8267 6332
3270 1828
643 593
3459 2004
9254 2344
1191 477
2624 439
5144 3916
543 279
8658 1876
605 544
4611 4219
9856 8618
8731 1946
9682 916
2747 1515
4889 1198
6096 3904
7364 5728
7901 2325
9662 1643
6449 4291
574 261
4087 1009
6558 5056
2146 579
4309 3479
4152 1231
9908 1967
2518 573
7947 1364
7806 917
3361 866
9941 9608
7983 6947
9430 569
9999 7238
2295 2219
4575 2128
3548 2649
5489 5284
1448 978
3706 1015
3567 1943
4749 3043
2878 732
9784 2596
3267 2028
2759 824
8266 7317
39 37
5136 1747
9567 6049
4682 4588
1267 1203
2556 1206
9793 703
1652 459
3493 943
4590 4329
8265 855
6966 6009
3870 216
1738 964
4933 4838
5977 4386
2192 1224
1869 1861
2823 9
4351 2467
6568 5371
8682 661
8472 3647
133 54
361 223
4007 1941
8526 5565
2872 1001
6987 6733
116 109
5746 4308
655 442
5957 1002
9577 1904
7701 1452
4824 3482
3656 2509
7825 7727
7916 2564
4401 4134
7779 4873
5034 4961
4964 3636
746 491
8891 1261
7085 4429
730 265
2363 2009
9273 9023
398 278
7592 5855
4849 3858
6093 3670
2501 1361
8550 3785
4186 1396
6053 3863
877 642
9150 4722
3260 774
5861 1409
5834 1112
3721 1653
4190 3738
9324 528
50 25
2207 1427
7098 756
5409 4616
1249 914
583 377
4411 4082
1425 1378
7050 3097
213 185
5822 4563
3155 2843
8070 5596
6836 601
8258 5927
6553 5175
503 62
4039 2194
4153 803
3414 3123
6993 5845
5679 1232
6471 2926
2261 1297
9349 1958
596 347
8389 4839
965 850
8782 3914
1394 1121
4433 3705
5444 4106
4795 4390
7240 5702
1089 672
8009 4341
4173 2880
8642 5800
879 758
4398 52
1352 1185
6653 3576
4785 1324
8306 6815
5844 1909
4169 2414
1517 1116
2588 422
8320 5639
8576 3543
8198 4431
6004 970
690 612
9246 3578
8381 2945
1590 666
4160 2078
2142 1475
9323 180
1602 353
781 681
7654 2764
7881 1033
7393 2422
7832 7343
8652 7770
8185 5365
8664 5923
9070 1691
1071 101
7458 2072
7653 908
989 946
684 675
6570 4645
8939 3217
3242 16
5349 4015
2036 1049
3524 2896
1853 262
518 156
405 33
2831 105
9177 7374
2379 1543
4536 744
2739 1820
4151 5
2862 633
1303 188
5615 3941
2540 241
8728 8695
7884 4363
7233 6064
2673 1781
6264 6023
3729 2484
3189 1459
4424 3339
8896 8346
5779 4530
1313 1122
7422 5082
6662 4496
9029 2902
8067 1410
7717 4140
8750 8604
4837 2864
203 159
5291 3616
3664 3235
6415 1054
3853 1109
5460 5139
1893 1107
3351 1010
1486 1415
4717 1842
6910 5078
9862 8545
5354 5258
7202 846
1981 712
3129 2047
5580 2176
9461 6998
6213 340
8202 7024
9134 1669
6821 5261
264 233
3036 411
4500 2446
959 831
3510 2612
7739 4893
5277 1541
5825 3350
6358 2132
3830 2546
8921 1661
9050 4342
3556 2282
3618 426
1746 844
9806 2900
7524 1306
5222 1343
8798 7283
1062 801
7746 5526
8209 3798
6114 4474
2462 1716
5278 5168
2931 2225
3985 2338
3915 1372
2610 1127
6985 3215
951 23
901 55
9658 5265
7534 3121
168 21
4767 346
1749 1330
4653 1248
5603 3752
5588 5353
9095 4051
8490 8026
6269 4912
6517 6074
4577 1807
4847 324
6652 3054
3998 44
6723 5828
6398 4850
652 127
7767 6180
2585 2370
2860 407
4253 1195
5020 3187
4477 1761
2136 136
6606 3090
1381 114
6036 12
1576 1435
3634 1518
8597 2937
2305 2068
575 67
7590 5396
4353 2858
3455 2353
8530 6532
7455 5342
6972 6040
2065 1782
9104 5003
8470 6022
1720 2
4385 2161
1334 588
4135 4094
3577 3422
2099 944
5087 1974
5384 3272
4659 1616
8616 2693
1779 731
7588 470
7146 3918
6611 2677
8223 2330
9277 5305
9121 4410
2031 760
1957 1648
9014 2679
4462 3263
5707 761
7822 5088
9301 9086
6488 3311
2800 2597
6749 2412
2511 1143
4595 1864
9926 8492
9944 6678
2654 123
8924 3366
6893 4989
2093 2037
420 387
6946 236
9033 1580
9720 2758
3061 1237
6519 6071
6704 5214
6373 210
8279 4312
200 45
9724 6104
6708 3211
752 326
8570 1281
7527 2025
102 85
4543 196
9493 3435
2360 829
1670 1620
3935 1496
5657 3239
3214 3205
2685 1199
2244 577
9729 4900
7922 6202
9090 2319
2094 473
1180 818
4249 313
9129 8629
4640 766
3665 2045
6619 4055
6808 4346
6252 5228
2683 1699
8925 2745
7655 5806
7121 5991
3723 2725
9468 4700
6667 5294
1705 611
3917 3106
6413 1353
9100 1176
4576 3499
8508 30
3315 2932
7316 6024
7570 5229
8414 5811
3443 1970
7833 3938
3464 1573
5199 3715
7087 4074
9656 1658
7551 5169
3562 3474
7505 5250
9767 5778
4200 2558
170 145
3078 2001
3552 2898
7313 2525
53 26
8824 5298
5607 5513
6848 2450
668 502
7652 748
128 46
6525 2327
4551 1988
8084 404
6477 1052
1890 31
