890
4057 7052
1827 3654
7779 8521
5783 8672
3794 6345
9525 9814
4554 8780
2672 4549
9026 9410
8526 8885
5445 8870
8116 9746
126 4956
5061 5496
1340 5651
1861 7546
2971 7712
5067 9153
2808 6819
7381 9907
2248 7279
6964 7068
7525 7941
1831 3908
7008 9709
7011 9889
7210 9968
1768 7889
1535 7407
5240 5820
9820 9995
8431 9060
1360 6638
6297 8120
3390 8056
874 9135
8241 8725
2756 3816
5006 6033
6824 9128
1158 8587
4765 4851
5430 8924
2791 5510
6499 9806
7383 8204
6856 7879
3868 8732
3357 3934
2481 5186
7551 8492
3677 7977
8787 9076
4796 8813
4188 7683
5638 8261
8573 9137
9032 9264
8079 8158
5314 9762
5279 9790
7051 9038
9579 9928
4232 5822
2936 3140
5546 7890
3822 6184
2500 5450
2221 6375
9756 9985
5754 8984
6217 9750
6624 7321
5086 6533
6337 7953
999 2822
2136 6046
7497 9443
6004 8656
1879 9607
9484 9609
1311 2957
5406 8073
3634 7474
7001 9696
1840 6404
3393 7934
9457 9677
463 8773
6755 9065
4431 9507
1775 9966
9471 9665
2990 4561
4589 6392
7097 7575
510 3871
9378 9912
8289 8923
7537 9629
1594 6564
2215 4898
5898 8246
9191 9414
3796 3955
8599 9316
3767 4743
2932 9155
2799 6786
1143 3394
6233 8935
9852 9948
2313 6732
3675 7464
152 6664
9613 9702
2278 3932
3379 5307
7284 8046
363 9263
905 4085
4854 5164
2119 3972
7800 7951
2562 2733
2502 7843
1089 5426
6203 9302
8911 9461
1995 7050
2175 8993
8579 9914
779 5384
6399 7705
1016 3439
4542 5674
556 5443
9874 9969
7237 8596
2843 9161
2925 3386
6462 7625
6231 7536
8690 9705
8483 9218
2807 4144
7651 7780
2211 3064
732 2352
8249 8453
811 9618
9795 9848
7314 8152
1327 8136
820 8450
6291 9566
854 4737
8180 8654
9549 9791
1479 4999
3845 6990
4924 5102
7149 9049
415 8313
1906 2321
6825 7840
7795 8581
4243 6206
5629 7688
3141 7002
3226 3657
5893 9376
700 919
6064 7019
8047 9847
3211 5462
9193 9386
7799 8309
4476 7141
9074 9292
4117 4118
4104 8066
3886 3914
5041 8980
5941 7215
4762 7714
7893 8536
5912 6871
979 9754
5869 9205
6315 9467
4573 9379
2849 5997
7743 8881
1021 6178
1680 4250
9463 9833
6674 7264
5194 5349
2086 3723
360 2687
3967 8638
2483 5439
9052 9956
8316 8505
659 1754
9169 9307
7863 8852
9382 9879
2603 3244
3129 5666
4026 6248
1477 7611
828 8723
3706 4352
6908 8332
6014 9036
3981 9110
2657 9221
4157 6133
7979 7995
7669 8930
8875 9992
2001 3613
804 7731
7451 9224
5460 6357
2604 9163
4499 8674
9819 9882
3185 8389
2857 4432
8739 8814
6471 8698
9898 9937
5525 7461
9435 9496
7156 7841
6359 6429
7909 8571
6955 8267
6777 7194
4916 8307
4340 7434
1806 6613
4095 4279
2118 9310
6351 9792
9197 9915
1062 1097
2755 9669
6017 7290
1611 7030
7515 9023
1558 2433
5328 9003
5259 8717
1081 7685
6145 8883
649 3060
632 6369
1661 5787
4767 5219
1708 6862
7473 8681
836 5882
9140 9604
605 4792
2088 7567
6230 8280
9226 9722
355 6780
6541 7621
7232 8959
4955 5713
269 2285
7715 9518
8317 9351
6579 6959
6854 8577
2061 8868
9899 9913
9924 9983
3682 4830
1562 1820
4018 5645
4379 5512
689 5325
3667 8610
1120 5254
4735 9499
6067 8188
6771 8922
80 6463
8942 9025
7559 9725
7196 8555
6795 9735
5796 7481
5267 8338
5082 9115
1513 2629
1963 8978
9972 9988
6055 7666
5948 6227
7241 7958
7452 8688
5554 6088
8067 9176
3811 3881
4852 9715
9077 9761
177 942
4376 9504
4656 9398
8166 8424
9203 9287
9288 9900
2144 3355
8127 9647
3933 6483
513 3828
368 7864
4872 6008
8367 9768
1045 3201
6901 9501
2495 9168
8314 9921
6385 8872
4381 4678
525 6323
2322 7620
3459 4806
5812 6906
611 9031
4846 7736
7182 8997
1946 9846
1902 2456
8701 9136
839 2964
3237 7443
4615 8222
1598 2551
5319 9103
3142 9090
3263 6078
6704 9664
4528 6831
2405 6553
9760 9778
1305 6149
6072 8320
6708 9976
2896 4181
5113 7639
2648 4296
6792 8022
1561 8618
2972 9700
1368 5236
5610 9749
1026 6084
2040 3359
4503 5195
9340 9764
9491 9571
2446 6618
6968 9132
4273 7848
9943 9949
2903 3709
4936 9072
6280 9170
550 5097
2217 8353
3857 6800
9870 9965
2390 2399
4788 6461
1573 3305
3697 4763
5377 5702
3733 7642
9616 9818
2618 6851
523 4074
9757 9838
506 3728
1630 8563
2413 4825
6038 6932
7394 8290
8658 9975
5366 6172
2509 3087
9444 9755
8506 8965
8005 8683
8975 9668
9530 9998
6077 7589
9126 9663
8647 9330
1521 5838
9245 9728
4172 9771
3265 7047
7482 8262
5930 8972
8156 8530
1067 6876
2831 7535
9630 9747
4180 7982
6830 7838
8335 9633
2528 5845
2844 6986
7549 8239
2231 7643
8589 9584
606 7973
9603 9624
3444 7184
3392 4840
5728 6101
5031 9189
8591 8903
4543 5472
6511 8733
175 5706
7633 9124
2673 3469
4440 5698
3019 7997
8421 8443
3672 8311
3006 3139
4931 8107
4009 6889
440 6689
1692 5034
3382 5461
575 1018
2241 8354
6106 8588
1917 4749
3041 3346
7261 7498
4630 9249
5581 8489
4481 8559
2497 5634
7324 7856
8828 9182
4982 5444
5431 7223
6515 7299
7737 9160
7038 7176
1344 6904
8926 9739
5165 6516
9011 9091
8861 9930
6895 8693
5332 5946
4996 9434
295 5467
7814 9758
3497 9165
4405 4755
1207 1230
7099 8210
7428 9047
722 8740
7406 8387
2686 5531
5828 6772
445 7357
4565 7136
4795 4966
2716 9013
1636 4131
2123 9815
938 5962
143 8748
288 3525
2521 2621
5334 7955
2430 7450
755 8405
4083 4832
6466 8002
164 2860
7857 8540
2300 5178
3120 6559
9306 9516
1501 5712
3795 7784
8371 9793
3920 8990
4800 6089
449 4161
527 7593
4422 7209
6366 6758
1113 3447
3038 7018
6994 7600
406 8185
6552 9851
5583 7974
6826 8305
3502 3940
6535 9904
1685 7359
3256 5832
3918 5936
4272 4345
3556 3973
222 6685
5598 8448
519 3403
8229 9345
9324 9803
2512 3865
8832 9384
8420 9133
1868 5556
3594 9487
1992 4043
2205 7859
4463 4661
6700 9421
4241 4403
5650 6497
9621 9927
5220 5591
2887 3691
6421 9745
387 936
1171 1252
7734 8834
5848 7661
4063 7649
9918 9959
2895 4720
6898 7338
3703 4555
4236 6394
1198 4460
4050 8562
3326 3421
2710 8032
3619 6146
6302 9043
3740 4145
7107 8669
1526 7207
4652 8954
2867 8833
8799 9056
6426 9046
9439 9591
1961 4582
400 9063
3846 9628
2724 4864
1625 2084
816 1702
707 4671
952 6548
5136 8174
8025 9383
6765 8686
6838 9637
8321 9151
5736 7668
3330 3986
1519 3532
2047 8913
23 7739
4402 7219
4592 4731
3784 6523
7354 9127
1269 5730
9413 9954
4711 5739
3293 4370
1049 2498
4313 7502
5180 8197
1438 6344
3422 9650
1672 9254
5640 6822
251 542
1235 6549
3959 6086
9785 9866
8273 8991
419 9064
2209 4021
941 2757
216 9528
3524 7986
274 1439
1141 5434
5109 9610
3011 3123
119 7494
2812 3086
2765 5291
3288 6186
4472 6811
2176 3202
4416 5635
6531 9888
5222 8501
9267 9840
1947 7368
68 7587
7981 8377
4538 4675
2447 2861
2186 4149
6869 8809
917 4912
3481 9208
6188 6386
5396 7923
9462 9821
6907 7868
3079 6225
321 4323
6209 8538
6488 7418
9236 9974
2326 9800
4947 7869
900 6478
5347 5875
7842 8076
7765 9857
9446 9766
3358 4797
9458 9832
554 832
3015 9978
4739 5582
907 2630
5950 7971
4506 6066
9360 9575
1015 9834
5830 9779
4905 8788
9590 9910
8867 9639
2942 8011
5840 9149
959 6194
3793 4657
747 5395
8850 9237
9526 9782
2949 4789
418 2983
6307 8117
2693 7617
3883 8260
3212 6525
3181 9116
2334 2938
6571 9079
7144 8641
3124 9522
7013 9087
6482 6946
6116 8294
7120 9569
6725 8460
204 3049
1345 8572
913 8502
6782 9839
5036 5890
2550 3029
3260 7563
8877 9895
7322 8565
6837 6909
3220 9286
2878 6430
4953 6232
7700 8583
9425 9872
635 8416
9828 9979
1314 9460
5480 5751
736 8179
6108 7603
4123 4569
4827 9331
7412 8283
2116 5979
4959 8517
9231 9273
2059 4539
6322 8237
5580 8585
284 8649
4877 7404
9678 9960
4519 8871
2416 7670
6623 8299
438 1523
2674 9309
2165 5331
3860 4436
5397 5620
1266 8010
4915 6814
3985 7251
9812 9878
4014 7778
4377 8792
6546 8062
9314 9688
9662 9903
1986 5755
9784 9886
7157 9858
1186 2825
2436 5318
9712 9789
3230 6569
6123 6885
4923 6024
8318 8621
9560 9911
1794 6920
6099 9730
1147 2401
3210 7055
2945 6056
3122 6006
8594 9139
2752 7397
7409 8824
8427 9252
3807 6388
5940 7259
1498 5412
6339 8415
7741 8435
8383 8556
1518 4288
3228 4764
1809 4450
3401 3576
543 8522
4222 9381
3617 4113
678 4290
2892 7726
7918 8527
8907 9318
233 8837
5501 6517
1381 9807
3864 8848
9433 9586
5382 8452
9000 9649
608 699
1822 8838
2470 6311
9977 9986
5656 8071
3943 6319
5078 9494
1710 3437
8015 8143
2506 7168
7317 9554
4746 5744
8494 8728
4524 5529
5330 5874
5400 7006
1657 6085
1801 6926
4929 8402
4906 7307
9380 9902
326 5854
482 5503
7693 9117
6651 6656
5511 6079
2434 6110
9355 9794
1816 5069
2824 8646
5679 8529
4155 7785
7081 9676
6682 7343
7724 8470
6365 9827
2622 3186
8532 9450
5847 6835
7320 8223
756 4622
7648 8932
954 5902
5446 8125
4400 6051
7154 9277
1105 3789
2904 6939
6131 6199
9932 9994
4112 6142
1434 3625
7192 7888
3134 5522
7486 9364
1170 2249
1177 6637
7048 7725
6769 8408
8509 8627
7828 8547
3409 8209
4736 5871
2783 6022
1161 8567
6204 6633
8343 9448
8362 8796
629 885
1734 5600
9294 9573
7622 9748
5547 7167
3941 6644
8898 9919
6167 9100
5538 5872
2435 5933
5094 9260
4535 8671
2391 9300
3836 4620
2367 9044
9845 9982
4574 8776
7646 8052
3588 4952
1175 6753
9391 9695
2377 5907
6071 8149
8008 9627
6936 7472
2729 9401
1088 7940
6446 7638
6647 8233
1515 8048
115 7224
531 1468
2154 2874
7160 7278
181 8298
7966 8826
3280 9565
3879 8003
7980 8264
4
8989 1551
7852 4844
2610 1328
985 805
