395
2795 8228
2192 8008
4850 9188
7998 8585
2576 4973
9166 9746
9010 9648
2299 6172
3427 4964
862 7755
9196 9709
6133 8389
1201 9665
1399 8994
20 2928
1972 6965
9708 9984
2954 5656
941 4322
2983 7591
3227 4003
8880 9254
9440 9589
7416 7554
6463 7804
2998 9424
3295 7936
766 7118
4070 9371
5738 7630
9744 9861
6106 6885
5743 7843
8394 9174
25 6526
4918 5054
4791 6404
1995 2151
7550 8520
2809 9187
5717 8849
8467 9740
9078 9818
625 4103
4047 8623
7010 8607
1204 4451
8013 8770
1691 4345
3076 3191
8027 8124
8448 9924
7785 9267
4071 5882
5560 9657
3635 4400
1012 3428
8657 9507
4915 7815
9247 9696
1727 7959
2879 7019
4960 5944
6773 6914
1573 9848
4582 9439
3730 5980
4516 5461
8700 9442
2655 6483
1003 8119
7849 9043
3114 6297
1699 7508
227 9629
812 7218
398 8348
1017 1506
9450 9705
658 5922
3017 6214
2418 5969
1075 5158
7330 7671
7975 8539
307 9046
8201 9053
8857 9784
2336 2698
3192 4678
9055 9638
5586 5867
5960 9394
4175 5053
4055 7969
5923 8856
7946 8621
3124 9027
5147 5925
8316 8951
2663 7617
3204 3759
2773 4497
5785 9498
10 918
6661 8555
9234 9506
3672 4564
1294 7303
8970 9041
2359 3369
4231 6281
7106 7624
9002 9314
4527 9783
3091 8980
9513 9643
8806 9986
7820 7836
9563 9766
6358 9673
1827 9005
468 693
7261 7888
1702 9778
990 5885
4097 9780
1585 3780
1025 9622
859 3060
7205 8538
5367 8792
3771 7790
6205 9148
9627 9934
5098 6994
5359 8588
3074 3149
9023 9192
9286 9344
2672 8678
5356 7328
3871 9658
8767 8965
6915 8060
1442 2246
4947 7215
4759 4827
3031 5839
7284 9865
5582 6065
7834 8277
1918 8451
6809 7991
6764 6791
3641 6178
3803 6335
3763 5445
4755 5257
6740 8877
7022 9122
8346 8708
962 1505
2227 7844
3157 3726
7341 8862
5044 8073
3830 9313
6238 9103
4362 5456
189 9689
7100 9573
4087 9198
424 1956
2179 3550
5641 7459
235 3393
4452 6917
8710 9969
2335 4268
5866 8047
8288 8718
4397 7808
26 3525
7850 9252
6203 8379
5108 6539
2707 6499
6575 8597
2076 6152
8566 8762
7779 9957
5815 9844
3563 4715
5574 8227
6927 9171
267 7220
1649 4961
3306 7449
2124 6521
8820 9445
361 5138
3444 7439
7160 7444
3705 9618
6790 9435
8950 9133
2199 7669
3210 9018
1902 6500
1043 1989
5526 9385
3696 5890
3663 9290
4391 4880
5991 8285
9512 9750
3226 8983
7148 8038
4333 4472
8195 8946
5700 7574
6787 8273
4300 5085
9415 9845
2642 9606
2717 4128
4672 5326
7775 8914
2829 5406
8103 9145
755 4396
3850 9999
7485 9042
7222 7347
5135 5781
1188 9303
9134 9359
5775 5937
2871 9810
3548 6493
5355 7379
8249 8393
4569 7415
7161 7725
8237 8776
2462 7795
8311 8985
1536 2434
6853 9611
1829 2594
8747 9862
1369 1814
4379 5830
6991 8600
4519 6031
9724 9842
4079 5554
6436 9248
9225 9373
2989 5860
6766 7701
1144 7503
6687 8517
6714 8408
6033 7291
2168 2471
6451 6800
5601 9904
7201 9070
8807 9836
9155 9899
2551 7973
7791 8417
7999 9159
4683 8188
856 3715
333 2570
6763 6904
948 4356
3753 8749
7071 9808
6454 8049
4114 5757
5505 9536
8100 8888
9011 9835
3693 4478
3215 6824
8833 9937
6395 6872
220 4135
5751 9953
5170 5803
9604 9712
825 5234
2793 4182
6924 9660
6942 7676
9943 9992
2524 5592
4467 8138
4821 9364
176 1716
8647 9715
943 9691
9109 9447
8046 8512
2105 7986
134 7204
8213 8400
7658 8816
7511 8402
857 4198
1568 9903
2634 8799
3229 3314
6979 9972
2232 3127
1077 2737
7608 7905
1007 5323
3760 9655
9554 9731
3051 5762
3069 5702
7976 9605
6167 7918
7577 9255
3654 4133
8911 9803
2865 4940
9687 9719
6383 8883
2385 7367
4885 9052
1300 9409
8760 9346
256 5270
7082 9067
2176 5895
5804 8958
7692 9208
2223 9569
963 5126
4401 4547
645 5091
4736 6859
2178 4331
6385 6753
1736 4167
2595 3543
7144 9539
7657 8591
675 6593
8844 9107
716 5284
1430 3290
1819 2008
5694 5799
6765 8571
7738 8405
4042 7335
2810 3684
505 5014
3108 4567
4849 8175
915 1756
3037 7626
2453 8109
4938 6867
2883 4037
5825 8584
1309 6153
6580 6603
32 5706
9327 9933
2221 5458
4004 7265
4043 9024
7942 9315
4425 5180
9181 9641
2916 5604
7764 8561
299 5266
6373 6487
2428 7819
3811 7083
3059 5807
1657 4131
7611 9890
8631 9156
5593 8420
4810 6547
68
2147 1806
4101 3176
4804 4675
2330 2186
9480 6831
4446 1066
2913 2658
4403 1439
9205 591
8081 1815
7110 5251
4673 1401
2355 845
3587 1181
8031 1316
5970 3601
665 228
4691 3368
4654 4439
7982 4227
3433 343
1769 636
9292 6674
2961 885
652 59
5154 2074
5449 974
9309 2140
3424 171
7625 4845
4057 103
2905 1110
91 9
1321 211
780 294
7098 3966
5623 5480
2226 1642
4576 81
4817 1456
99 87
8490 5871
9988 5672
688 120
6110 5096
9437 7896
1441 504
2903 2603
9487 8185
1261 67
4753 698
6324 4080
2067 1811
8427 7480
7288 6410
41 13
9366 986
9406 2516
3402 2498
2567 248
7076 1458
9690 205
544 66
6194 5078
6348 1301
229 125
6096 285
4421 324
