600
4847 8726
8869 9834
5424 7648
218 9648
2523 2841
832 3194
186 6551
1082 9814
1163 6153
1936 3474
8097 9028
6397 9330
3421 5343
5610 9962
1078 1105
7694 9847
1223 5597
1725 5227
2767 6257
1156 3958
9719 9915
2041 2321
2752 5422
4736 5694
5655 7367
7402 8122
4818 9185
5080 9273
1689 7915
6101 8879
3505 8032
27 6080
5194 6926
1696 8834
9801 9972
9522 9771
1532 7813
7031 8471
9713 9805
1423 2818
6867 7180
2557 4533
5491 9571
7431 9705
9859 9985
6095 9379
6463 6810
6653 8148
9558 9566
7629 8280
7697 8696
794 3576
58 2799
1066 1768
9590 9785
6794 7882
3627 5936
5385 9958
678 8407
7120 9137
5517 8647
8205 9389
6515 6665
1851 9821
8831 9291
8687 9427
8667 8971
436 5676
1815 8418
213 8437
8781 9037
8974 9666
5043 5932
7052 7742
2669 6273
2123 2409
784 2900
9927 9930
8798 9475
8041 8663
4685 7433
9155 9343
8348 9492
2052 2685
370 3360
1356 8862
7066 8485
2928 9163
5295 6279
7042 8274
1289 5555
386 8045
4337 5147
125 6649
9520 9638
983 4993
4871 5507
9624 9839
7559 7775
7210 7634
6534 8412
798 3076
3274 8751
8822 9226
6680 9272
1016 4794
8221 9286
6819 9730
3030 3619
8586 8874
2275 4058
8819 9012
2188 6029
3167 5335
1919 9280
2787 5272
4813 8530
7168 8622
2659 8359
2687 9149
7840 9546
4454 7078
5925 9850
1808 6363
8899 9959
348 9405
3747 4879
5915 9238
3735 6006
3301 6144
1488 5397
8040 9770
9295 9754
4667 6689
5712 7684
5715 9402
6281 8143
4114 5763
9768 9889
5535 6759
2892 7574
5200 7050
618 9248
4558 7010
8947 9726
8758 8820
3618 4208
1643 5324
9573 9589
2054 6600
7247 8975
2946 9411
9613 9649
5748 9180
4848 9476
7841 8300
4684 8476
1597 8686
4541 4716
7661 8849
6483 6535
2077 6399
9290 9911
8387 9899
5612 6514
4947 6043
3727 6934
6383 8903
3996 4921
7144 9937
3180 8104
4926 9964
226 2668
3398 8125
7329 8632
6546 9780
2110 9939
1057 1557
2968 5804
3079 3567
2506 3283
1060 1153
3270 8987
7975 9341
728 6501
4784 6777
3762 4928
9521 9945
8668 8957
5908 9388
519 3427
3454 9775
6747 9929
1676 5392
4042 4284
4462 5683
9245 9477
206 5490
726 8115
7678 9885
694 9961
3112 7192
6498 7443
1034 3217
2277 9792
8816 9162
1848 2768
8765 9079
6309 9601
6290 9946
5816 6464
7737 9143
5105 5979
7674 9406
9338 9913
823 5870
7535 9572
4018 6034
5051 7425
4747 7738
7162 9986
9103 9410
4644 9586
7452 9667
306 624
1920 7073
2379 3244
4901 9665
814 9361
3844 9788
102 5790
9457 9912
8780 9281
4040 4369
8712 9115
5670 7831
9385 9507
9332 9669
3772 4830
2468 6203
4112 7201
5172 9142
3239 3333
3928 5333
1098 1894
6933 7534
6157 9472
4622 8876
9365 9841
9088 9556
4125 9763
1516 3036
9194 9263
3051 6002
1395 3249
7518 8983
9786 9974
9076 9450
3649 4786
2766 9696
8111 8315
4746 6122
2704 7671
5956 9363
4003 9161
7541 9688
1071 1803
3483 4569
2751 8949
9506 9764
5916 9034
4204 5934
939 5493
6442 7607
2455 5725
9032 9969
1897 2904
6617 9717
644 9595
6657 9818
6319 8655
3037 7907
9086 9327
4959 8787
3158 7852
3303 6787
1427 6411
7357 8593
7484 9182
8296 9353
8498 9508
549 8681
5025 5526
5197 8620
5400 7604
3156 6651
5561 6046
8629 8895
4676 5841
3137 7666
6362 8135
1320 2835
8382 8466
9815 9883
6026 8893
4867 7691
3655 8255
976 3924
4441 9316
3435 3677
9354 9435
9124 9310
8513 9040
6239 6392
453 6784
2873 8365
8892 9279
7404 7966
2474 6840
1144 8740
9865 9881
2765 9888
1571 8594
566 6112
6902 7848
5488 8980
1842 9734
485 8191
5157 6785
4023 8984
373 6394
3667 7385
6271 9447
6214 7596
4215 7390
1188 6690
1862 2527
5060 9538
8256 8900
7515 8677
8336 8857
3866 5068
9758 9907
2149 7783
7114 8559
4836 7636
1298 3800
2923 2938
9482 9963
1226 1969
4238 9781
8121 9311
7224 7627
961 6380
2142 6869
3630 5482
5849 8380
2424 6263
6599 8328
222 6706
6191 6518
4066 9009
4437 8619
7352 8692
2552 7336
2817 9326
6262 9873
2070 8368
930 6060
9241 9545
2357 4968
9107 9308
2026 2673
9826 9923
9209 9633
4416 9983
7556 9621
277 4627
5339 6345
7275 8278
3450 7436
8563 9725
1216 6861
6511 9096
1860 4510
7537 8384
8493 8570
8890 9776
4965 8583
8771 9920
6404 7383
1240 4388
7019 7920
1138 1401
703 1544
2774 3470
471 7582
9551 9918
3414 9094
1940 1983
6577 9701
6850 8535
1382 4104
2480 4630
8343 8468
5826 7181
8590 9059
7817 9022
2913 4728
8963 9523
5698 8754
4105 4753
6097 9169
1531 2216
36 7395
9064 9950
3535 6433
9795 9935
7956 9579
9181 9741
6094 7912
1425 5266
5125 7117
7729 8371
2224 4796
8233 9303
5963 9231
2646 6223
3134 9126
8958 9275
1151 6287
6629 9676
7893 8674
5630 6948
4199 8081
5089 7231
5311 7977
3785 8411
9429 9655
237 8054
6109 8684
8453 9197
7023 9159
7239 9567
7070 9440
8948 9035
3811 5212
24 7580
9848 9849
2566 2819
7434 7728
3995 9349
221 4171
8293 9067
2243 8237
7294 8945
8785 9465
2839 4024
4128 5581
2943 5749
4275 7077
695 4438
1265 6735
9342 9879
9685 9811
6763 9574
4792 9121
7845 9925
3563 9703
6650 6949
3920 6436
3571 5619
3672 6602
5649 8046
4087 5582
557 6614
5253 8288
1480 9686
2016 5957
8089 9681
8764 9496
1526 7408
3248 6756
7664 8018
8273 9623
7482 8719
1572 8082
3379 7398
3941 5639
3383 3992
1707 6269
9062 9340
7172 8564
3172 6989
1812 3707
8312 9052
8960 9600
5736 7889
5708 8329
5875 8367
1211 7906
387 1000
1052 2487
7125 8727
975 4379
5372 7084
3363 8794
258 9960
4117 7391
6237 7188
7493 8369
3075 3738
1755 3063
3578 3712
2421 4451
1412 7221
5292 8332
6942 6955
8665 9333
2663 6589
9305 9362
223 9966
6023 6803
7455 9446
1404 2603
887 2969
2251 4596
3059 4282
5434 9234
6929 7659
5798 6298
9990 9994
6022 6687
9285 9928
989 4278
4028 5196
1453 6453
4660 5982
8870 9128
2773 3521
2288 8193
6578 8182
2746 7418
1084 5131
8461 9900
6180 7594
9188 9219
1624 4547
5962 7304
176 958
89 2068
3457 5810
603 738
3070 4930
7116 7288
2344 5559
2037 9232
8516 9755
3341 6754
7711 9158
3125 9866
5302 5468
7847 8528
409 5718
6028 7806
2343 7401
2292 6275
3114 3442
4080 5251
2899 4233
6165 8885
7062 8444
5465 6927
7564 9345
5692 6466
3078 8262
8872 9727
8737 9981
5595 8914
7099 8836
2073 6246
2027 3042
8637 9762
9976 9989
3741 9258
4317 9048
6670 8896
4819 7916
7926 8866
5922 7063
8379 8853
5901 7708
6079 6555
3956 9541
6249 6945
3507 7673
6154 6662
6971 9421
6175 9868
6452 6472
467
5586 3948
1092 613
1256 110
7703 3586
6792 5420
2044 1739
247 164
7707 1631
7794 6875
7508 6952
2358 1441
8918 1486
7676 7122
7789 1641
2194 877
5296 4155
5246 4949
1845 141
7597 5370
2056 1735
3271 87
6120 4963
6811 384
3978 69
1921 804
6057 3069
5117 4230
2979 2494
3533 3428
5784 5527
3642 3356
9570 4890
8194 3022
4401 312
8653 8074
1880 202
2772 1329
7623 3638
5666 4745
2511 205
8718 5123
3281 2238
9207 5726
7990 4807
795 233
4762 2962
166 2
6276 498
5770 3933
5500 777
1387 871
6054 2475
4726 3548
2997 2296
8130 6608
1187 414
4703 2699
6131 5059
1344 459
9309 3478
841 328
74 30
5971 265
5121 4302
6027 4800
7365 1864
7624 4456
107 72
9987 5503
6040 2530
8339 3950
2697 2364
1558 479
979 175
5973 888
1323 198
5854 1411
873 802
2614 1042
7268 2006
2478 1432
7327 4136
3558 2386
5494 3806
4060 3773
2408 192
2734 1835
1194 559
7943 2260
2393 208
8096 2035
9901 9718
6378 4220
4516 264
90 45
3809 806
2171 1720
9819 5289
7516 4181
7677 6299
7326 1537
5328 5213
4551 2670
558 266
5886 355
7723 1397
4373 733
3986 3182
9296 6343
7450 797
1430 1364
3422 2127
6232 352
6371 3888
7025 1307
564 35
4078 765
8034 25
5978 220
8043 211
6331 1200
8829 3659
4447 1199
2156 437
5492 4722
8174 5811
8470 5820
9431 1250
5836 2984
4383 3429
6074 3634
2257 165
2422 255
2085 1632
3266 2440
8648 2175
7687 6114
390 252
3375 1118
1671 721
4873 803
8713 1039
1664 1242
8330 4991
8294 1311
7923 2939
9798 9598
8529 8055
2794 513
2195 598
8160 4715
111 62
4196 3024
9175 2694
9904 1231
5384 5345
788 722
5226 3788
7161 292
8481 4969
5839 4996
4036 2165
9693 1942
6385 2416
460 239
8458 7287
8604 6881
7672 444
1598 509
3236 342
5720 4857
9495 3
3893 3245
7616 6113
7260 530
5888 1670
5231 3872
4154 504
1443 724
9198 4151
4464 3842
4362 4034
4885 4594
6016 1212
4498 3975
8385 7037
3998 2404
4081 1157
2942 1530
2322 987
363 358
6513 5287
9575 7622
7465 380
4738 4629
5170 4323
2181 969
7803 5760
2725 1666
9432 7654
7771 7235
8251 4020
656 278
9524 3265
3284 2262
5320 276
1273 896
8852 47
3662 591
5393 82
8234 2872
9372 2965
667 83
1520 505
6118 978
8321 6268
3613 2019
4499 1856
5130 1365
6524 2736
6407 2157
2038 855
9277 8809
1930 1485
3540 1246
4882 484
1682 916
2153 382
6132 4143
1780 842
2226 219
4791 3247
6776 5682
4333 2346
8390 851
5937 4164
2769 2190
6041 3053
1756 653
5214 129
5567 693
5096 4833
4144 3606
8649 6145
1576 608
8320 1579
7791 4757
6136 3849
6877 3774
8531 6479
2240 1388
529 454
1090 711
8534 8499
1674 1284
4111 3824
3252 2535
1637 1342
8625 3915
9782 3323
9051 1197
3518 1970
4938 2237
9680 443
8150 3810
4062 588
4039 2378
8799 2258
1714 655
296 11
4365 3701
2104 578
5381 2885
8333 528
131 121
6085 2182
4426 4017
8401 4983
404 79
1766 501
6256 128
8548 2859
6788 4191
9409 7266
9554 2569
4201 2924
4139 3499
689 124
3401 76
4583 4227
4477 3451
7312 4566
7523 5623
7293 4489
2219 767
1690 543
2556 2256
9050 1206
6149 242
7772 5606
1542 1319
6427 2233
7984 1627
1685 1599
114 60
2210 1951
1620 215
167 52
8553 1269
6789 1874
2363 676
8250 4501
542 44
7170 1588
320 295
2450 1224
3152 2949
5643 1684
2146 229
1813 1127
7048 4414
7511 6133
5208 1730
1742 1140
2067 183
4445 3120
9443 1450
6780 2071
5872 5823
4688 2168
9640 4974
8208 2541
2925 2197
6400 1999
7578 5245
5532 3400
9199 9000
2964 514
1248 852
5354 273
4166 3224
8353 3352
626 57
4529 4298
9606 6346
8173 2837
3596 385
6625 5309
9629 700
9954 6695
280 148
9844 4476
2282 1782
7710 3711
1270 762
2184 1816
9004 2045
28 4
4816 3976
4737 4187
7229 6997
1830 936
5338 2112
244 85
7026 1644
144 13
2018 1585
9809 7940
1713 524
5911 2807
1360 581
8797 3636
7468 607
7560 2578
5317 38
6740 4707
1769 1051
8049 2672
7156 5716
1247 919
6529 1858
5111 4041
4896 3110
3988 1665
5814 5205
6213 5884
7150 1744
9890 3464
2757 1474
938 669
6478 3801
9319 2910
4221 3019
5874 5057
6731 5408
9454 6963
9321 2630
5171 3285
9271 5985
3816 3212
1456 155
673 232
6707 1528
9395 5502
1964 332
9838 511
6047 523
7440 1688
4076 639
8932 8423
7777 7284
8268 6956
1922 1147
1833 742
1724 214
7730 4560
3173 2405
8705 7758
8644 7529
7746 7745
298 86
8542 4153
4325 431
4601 2688
7960 2213
1014 593
2626 924
5976 2560
991 913
1475 1218
4070 1184
434 152
5174 2847
1470 789
7753 5291
6684 3693
1266 315
8800 6769
5603 1448
8309 157
3048 646
4240 1282
1069 184
5201 5198
1002 782
5659 2396
7467 5188
8118 2619
7179 6894
9173 3530
2945 1718
6225 2312
2636 763
9139 4011
7272 1549
621 394
5638 5464
8014 4693
1093 772
5809 4910
6815 594
2126 1839
7929 1326
4937 2452
5455 4711
3946 1513
2525 274
