374
6727 9337
6917 8461
2754 7249
835 7383
3977 9495
2644 5853
1599 1768
7918 8656
6879 7346
3511 4096
5141 6071
557 1589
2449 3472
5012 6622
8059 9262
3302 9136
9501 9660
7211 8540
6836 7511
5091 5569
831 7273
3991 4845
6896 7199
6754 9421
3847 7668
1859 7527
2521 3715
2096 2164
7184 7304
3927 8680
3975 8288
9778 9945
8081 9214
2362 9891
8527 9481
2591 9662
6522 6790
6819 9140
3516 3842
1681 9880
4069 6762
3777 5407
1912 5766
8055 8394
877 6445
1191 1404
2476 8655
9236 9426
7223 7564
2311 3963
7327 9440
3322 7957
2044 5633
3175 5451
5578 7989
7591 8604
5279 6233
9334 9695
3575 8561
505 2996
5677 8123
5572 6940
8603 9185
1816 6385
1945 7101
8838 9358
5980 8744
3495 9252
2422 9524
481 3752
2735 6056
4510 9684
7616 8423
1550 2527
6872 9807
6370 8017
89 5726
8769 9678
2822 7049
6047 6483
2819 6920
9505 9579
5178 9511
4399 8438
6500 9432
4679 6100
9907 9908
5152 8143
3718 7999
9400 9675
7814 8553
9502 9638
3901 6477
5834 8881
6803 8134
3295 9630
5565 5858
107 4725
1978 4543
1090 8044
6151 8742
6760 8425
7958 8718
7877 8745
223 3556
3719 6361
5602 6716
8387 8453
1190 4176
9793 9846
4837 9146
5257 5486
6218 9625
6499 9523
7449 9685
8217 9573
5347 7190
4086 4502
379 9235
7499 8447
8537 9155
8722 9775
7045 8899
7763 7867
6795 6833
6968 8495
8825 9924
5861 8712
1074 9448
1288 4144
9919 9975
3412 6420
1636 5761
1565 7620
3120 3508
4651 9017
2493 7450
7474 9117
4413 9788
7117 7721
4226 7375
8013 9868
7261 9503
5126 6734
7603 9989
1851 7907
6435 9032
8154 8849
6811 9533
3201 7176
1208 9025
4173 6044
3999 4603
6392 8957
8061 8847
2845 6290
4963 8975
6782 9027
9527 9585
7 2167
8289 8868
1160 9614
1188 3364
8130 9772
6225 7221
9621 9934
383 9900
7208 7225
8228 8322
9021 9920
9542 9639
5366 8501
4822 6593
1620 6658
3862 4973
8952 9203
2637 5606
3350 5278
4720 9592
3017 6316
5891 6610
4698 5595
9808 9944
6480 6966
3217 4804
4216 7780
5236 6835
4931 7041
7613 7956
2785 7919
1995 9733
1754 4046
8018 8212
4333 8609
1638 7247
1926 6440
3649 7334
1052 2826
2061 8479
790 2492
9046 9371
4646 8144
5952 7655
6433 6970
5076 6397
7917 9987
9268 9518
7214 9251
3148 7201
713 7961
7137 9845
6680 7889
9430 9828
774 5714
1102 4760
2011 2680
9537 9871
9010 9313
59 7228
2014 9526
8357 9507
1989 2662
1558 5887
3762 9576
932 9409
1578 6501
6339 6983
610 9296
7475 7749
9031 9134
225 1186
9126 9728
8308 9168
1645 9498
3949 8294
157 9516
4525 8962
7689 8266
628 1541
2661 3277
696 7328
9937 9951
1802 2139
5948 6774
4551 7693
469 4843
7769 8335
994 9836
8570 9402
7575 8727
6010 7600
9326 9583
169 817
5657 8227
4862 6250
7181 9509
5157 6900
537 9923
6247 6770
9087 9852
3945 6253
3266 4002
3849 9767
9864 9983
4083 5546
3629 8567
283 9887
6434 9413
5297 9241
2291 8708
6862 9896
2106 8624
5622 5855
5288 9619
9609 9715
3730 7484
1470 5357
3123 9477
7297 9287
1508 2967
4466 7068
3179 5648
6986 9520
4670 9274
4530 6809
6412 6925
6387 7324
398 810
68 9804
6527 8585
7676 9899
4397 5978
8100 9373
8733 9765
4881 5007
746 933
1223 7938
6365 9488
1997 5535
126 8750
6493 8867
6133 9631
9827 9988
2443 3550
132 523
6364 7367
1282 9449
8798 9659
4645 6979
3310 6905
2869 8999
2755 9622
2965 4868
1607 8080
941 9320
806 958
7100 8499
5627 6478
9759 9902
3993 5144
1197 5318
7846 7942
548 4813
3986 4099
1878 4590
1199 3577
4992 8356
5560 6146
5538 7188
7641 8349
9521 9666
3997 4065
4017 7685
8831 8842
4620 8056
1797 4475
6702 7364
6677 7286
2856 8581
1836 4162
2302 4316
5592 8533
4410 7869
5502 9958
7285 7488
7489 7654
3058 4585
783 3909
1034 5920
3011 6732
6991 8481
5912 9978
6888 7887
8108 9264
858 9776
479 1401
5113 5327
5929 8086
3062 5118
824 1803
33 6535
2458 6380
8611 9462
9330 9970
7447 7510
4430 9187
1408 3971
872 3271
3590 8444
9884 9966
7038 8191
5526 9938
3243 4668
7868 7882
947
6854 418
1863 653
6292 2353
9333 2383
3858 3162
2087 827
7570 3069
7906 6011
5046 4261
6092 5678
3572 205
1613 164
3785 2204
6301 4514
8596 3470
4435 151
6141 998
9054 762
5734 527
1048 1027
3330 791
3336 754
5468 5311
6863 6529
9785 4127
6177 2942
4747 328
7084 5146
6982 3157
6144 5403
8054 2608
3813 2836
3374 1686
7535 1608
7128 3822
6503 2824
1983 778
2776 2053
3112 1224
8863 363
9655 7844
76 46
5322 1212
6066 4675
2846 2173
5773 1679
2402 1292
1579 1324
2179 1588
1958 53
8377 143
1402 444
476 335
9229 2648
4923 1344
910 394
6647 5944
1760 1518
9347 4966
648 246
5935 2921
8804 2989
6908 5298
9882 2605
1078 127
5334 1025
5840 1539
4350 1026
3568 826
4298 2501
8414 327
5200 4201
6254 3520
1198 736
7970 3152
1427 155
2382 1894
3952 1244
5519 291
9572 974
3204 2578
2432 236
7740 4289
805 61
9935 7739
2903 1173
5530 3237
2977 1841
3022 1019
5052 1247
5102 3003
8961 177
550 487
7083 3665
3900 3814
9056 3438
5104 4657
1900 703
6150 4884
5360 1325
1990 640
3953 1080
388 370
3670 3623
6372 2643
1364 1178
3420 1141
4207 72
5101 1373
3186 2724
2269 1446
3389 2046
5745 2539
6928 4468
4311 3857
504 300
5119 4165
4317 605
2640 2321
8169 580
1022 357
792 257
8454 7419
3749 2673
5356 2240
4840 3898
9598 3343
2220 261
6107 1043
1298 174
71 52
351 100
7675 6052
2847 2107
1955 353
893 37
9116 6242
233 51
5798 4114
6822 2854
3029 321
5277 2271
3756 1984
988 630
3926 3836
7351 2993
5645 1854
4463 2546
945 111
2663 833
1528 1524
5883 1396
3832 1367
739 659
8325 4866
5755 614
1235 738
3644 854
8269 7981
3549 1092
8216 3232
3788 1449
862 159
7694 991
9672 1734
268 34
2339 725
2296 1573
3654 650
4321 3421
7258 506
5270 3506
1511 1487
8503 2066
6984 6698
3639 2142
5654 5231
709 280
836 45
8192 4728
4624 1063
4231 3630
6345 1637
3248 571
8716 6163
8328 1203
9508 6243
324 9
7996 5660
5488 2436
5516 766
1339 56
8874 2237
660 434
5967 3702
1057 756
2738 1969
21 4
1763 1221
3437 110
6675 3276
3100 495
27 18
796 663
3283 2186
5917 4948
5529 3008
2172 494
2597 1847
7842 6261
6125 3180
8905 2880
8467 6068
4936 3536
8319 3941
2224 544
5913 1635
6561 954
9493 3678
9417 7825
441 39
2675 2060
6083 4848
6104 3794
7191 2034
4280 3444
4277 560
1271 714
726 175
5499 5202
7027 1222
634 136
8483 6843
1522 837
551 397
3652 3333
5099 4081
8486 4143
620 480
1096 421
705 427
6117 436
2747 1347
5523 2773
9381 8857
2037 1466
2498 1093
3882 1973
2885 2152
5153 1810
6842 5393
8536 887
8513 6277
2276 2235
5921 799
221 109
3023 2627
823 416
3359 1897
8664 2728
5615 4733
8518 7804
6169 1641
6911 1779
6742 3489
7579 1193
4449 1807
7962 6962
737 203
3818 594
3105 367
6712 5177
6824 3228
5275 274
1425 1068
1586 1400
8610 1519
430 94
5656 4033
4348 286
4664 731
2078 922
2937 1769
3808 1492
6491 5161
5545 4082
2008 745
9686 9673
1310 767
9084 3910
4599 1040
7542 800
6086 5513
2915 1843
9840 5865
770 147
3582 148
5301 3449
1137 611
5067 292
4291 347
7895 3505
3074 1514
7662 4512
7130 602
7519 4001
2495 2430
1691 1496
9454 4499
6629 3468
184 77
7705 5500
9419 3957
3779 339
2409 69
3128 1956
9044 691
7339 1537
8555 2923
3637 3398
5187 2550
8955 1689
5354 4075
6536 5362
7458 5307
1318 759
2429 573
6938 3443
7312 2970
6070 2388
3479 2615
8441 1120
5337 4303
7025 4541
7442 4274
171 161
144 35
6450 2809
9856 2117
959 320
5265 4834
2015 1014
3220 1724
4087 2789
5238 1785
1128 914
2681 460
4824 2860
5024 4835
3249 2935
1540 987
8950 3324
5874 1879
8092 5253
4437 2304
276 163
7238 5446
9544 4847
7664 6509
2899 2602
1322 591
3922 3787
2264 10
2653 199
3078 838
9003 3073
3089 1095
6211 5010
4913 3908
7619 1849
5933 711
5368 3397
4693 1523
3514 1614
8446 8166
7701 6659
1732 200
3886 2356
3386 2453
4958 1721
7983 5673
9471 2941
3617 2288
1564 1477
5674 2988
2918 1526
9712 747
7614 6995
1185 249
5179 643
3708 1562
3344 3080
8683 8173
7904 7585
7337 7033
5756 3890
8409 7032
708 64
6009 1126
7026 5496
9412 6853
58 23
673 478
3923 30
2073 1004
377 334
8239 2939
4912 3447
8908 3984
6564 4126
7627 7217
8837 1421
8929 6975
2095 19
5848 3625
2306 1035
4687 4660
4586 4008
1195 520
486 178
5603 131
4863 4294
9912 5818
6467 5344
6859 3799
1993 307
7145 6784
7930 4615
886 842
3329 244
8959 7971
8598 5719
5968 5605
2973 2639
8736 8343
6157 2267
2730 848
9218 5846
6756 271
3647 1002
403 204
5683 3130
395 358
2954 850
2645 1741
5782 2850
4521 3865
4638 3109
7425 2298
5247 1633
8124 697
2727 876
2543 1302
2567 2336
5365 429
7681 6328
2170 2136
9073 4737
3362 1419
2569 972
761 750
7460 2690
2929 1037
9275 1336
589 165
2601 11
5482 1933
5459 3578
5750 113
4268 3094
2696 885
7496 3171
9476 152
8361 675
8473 4809
4117 1815
9797 9457
6187 1001
4351 4055
7197 6988
6266 4892
5474 4059
3261 2743
5664 1830
6279 4908
356 247
9714 9055
1822 935
4777 681
7354 2233
952 908
4441 1390
8926 6519
4580 978
7233 3325
1996 1603
7478 5358
2883 1729
6416 5220
1631 1077
5124 1722
4602 1621
7618 497
1305 297
5988 2297
6090 3337
2278 1772
2367 2092
278 32
2058 615
3290 625
8391 7928
2621 820
6562 410
2126 1115
6469 2006
9817 3622
3490 2110
2894 407
6431 5212
1662 1299
9941 1632
1489 647
7143 1946
2447 701
7581 1368
9819 7922
5501 5057
9107 7380
5699 4159
2481 825
7389 2780
6887 2255
9717 8256
266 105
3409 3115
6219 5166
2891 1924
7656 6990
1272 1132
6368 5636
4783 604
889 608
415 119
2398 1703
5364 231
1920 314
4723 1116
232 74
9132 8432
8111 3108
6389 4160
3628 960
7017 5839
3685 3352
6820 6723
2794 938
7318 6913
6406 4799
8558 5857
3013 179
5882 5340
9753 8720
6687 1439
3286 2893
534 14
3844 2486
6371 1856
1910 765
5150 4249
8844 2976
1819 1202
8599 1597
9956 5740
3609 2818
8083 1814
840 657
1949 315
6475 692
7559 7430
3916 28
6002 2064
4182 2488
7427 4744
4481 3607
4040 2334
6904 5000
8233 1482
6714 5173
7206 3335
1084 884
411 337
7235 5314
1852 1801
8853 4683
6424 5492
8477 1101
4649 3308
4189 2122
4103 2194
3240 2901
7792 7166
9453 2041
9534 3903
4552 2075
5559 3323
5260 2485
6818 781
5167 186
26 6
3668 3524
1675 962
4381 168
6976 925
927 272
1569 707
3767 3227
2538 1377
2076 1818
5972 2638
1157 176
2310 1135
4867 1217
9610 167
7073 2063
4708 2024
467 60
5296 993
1311 733
9231 3680
7590 3097
1479 1110
8040 7064
8613 8512
3958 2672
9863 7549
2468 651
7230 3610
4879 1206
5168 3743
8457 2273
6958 6315
7915 349
6639 5283
2020 338
6402 2263
1123 1114
8634 6706
4676 563
4876 1398
1277 2
6155 3417
73 57
9986 8767
1172 637
5911 5128
4558 2834
538 22
5138 1083
3461 2200
8348 1941
9160 5702
1070 682
392 313
7292 5122
5544 4902
387 173
1701 699
7363 3483
1113 1059
7349 6787
5437 4237
3367 2452
7243 5889
8795 5349
9645 3055
2900 2744
2629 1375
8587 6544
8948 8187
4625 1303
6733 6481
8846 4967
937 936
9594 2371
459 376
359 326
2777 1896
1207 491
2515 939
7937 7695
7020 3973
2489 1121
4116 1381
8058 1410
9110 7802
5644 2309
3318 2748
219 185
7070 2155
9606 4178
9370 6637
1363 245
8026 6907
3464 2813
3142 1907
4149 1857
1664 488
7153 2649
4946 878
9642 6128
8693 4910
1678 1611
3150 2168
1313 1170
7485 258
8182 5054
5507 2195
2783 947
3687 1112
7097 2094
9971 4011
5386 2682
6942 3965
7172 5082
4710 2218
8318 577
7857 6644
8892 80
2174 969
3576 1719
4152 2848
5134 3586
5345 2012
4334 3129
8237 5862
4647 3087
3463 2482
6640 5484
7152 6108
3499 1952
9554 4731
8492 5512
1713 957
6220 4409
3874 3700
9153 7504
9144 7023
8091 3110
9781 5951
5417 3968
6147 944
1642 740
7491 1616
9813 260
2156 760
1781 1030
5561 4636
6069 4959
1867 1125
8095 2511
4640 2540
7037 6453
6768 3320
3452 1911
5954 248
463 5
1546 956
2920 2852
4614 2185
412 362
2052 1146
3218 2227
8778 3760
6360 1690
3141 857
7229 7147
7029 5005
9307 3806
2796 2244
5979 4385
764 574
8114 6775
154 50
9644 8354
1082 749
3317 1422
3492 3177
6215 2655
106 44
6024 3494
9431 7995
2274 670
6154 5373
1876 142
6569 5031
6352 4153
7042 5355
562 182
5430 1977
8439 7610
9976 9422
6204 1757
4929 2561
3342 90
5836 3326
2366 1759
3921 3014
5631 3451
3713 2863
3979 3565
5045 484
2685 1291
3252 2349
2284 2113
8538 3075
1799 323
2221 1864
8146 7125
2112 1780
4788 3772
4765 1122
2875 461
8189 1456
732 201
5420 1745
902 556
9816 7424
1953 1602
7162 3739
6533 5550
2184 1738
2181 270
9122 3553
4036 3635
1568 875
3092 2169
2444 1020
8786 8046
8701 4699
8757 7220
8843 3059
2385 17
6080 2411
331 162
7498 1275
4503 2804
3989 971
4197 685
9233 8107
3982 2926
4555 1835
5406 1795
7405 375
678 616
8887 7978
1100 197
1061 808
5074 4797
9700 9531
4369 3077
8698 1251
8582 5198
4692 4281
3848 832
1144 753
1623 1087
2231 975
5133 2445
1755 1643
1576 1543
6346 4376
5555 828
5799 4497
6210 4158
3664 1464
6230 3065
4478 596
6688 5188
9691 2974
9329 5735
8290 7687
7160 4030
6122 4241
2519 2229
6924 4129
3159 658
7785 6196
2938 1500
3488 1494
7483 2223
2562 1041
9570 4203
2450 293
5879 5001
7399 1029
3084 2067
9620 8578
4489 3137
4811 3710
2290 2071
2841 230
3465 2342
6834 3895
9172 198
7975 6620
511 454
8633 1354
7054 5081
6641 2994
6547 4533
3256 1948
3422 915
7632 4474
7875 1042
2768 2698
5479 202
6880 3264
9729 8297
6490 1545
3034 1073
2417 1220
1476 1234
8516 1050
8834 595
7108 6832
6338 1319
2812 1065
3658 590
7412 2329
4356 1817
9504 96
7994 5741
6671 3195
4044 3203
2669 2497
7421 6381
2816 2115
3758 2559
6042 1259
7314 6082
5805 4064
4300 3241
9211 5579
7525 1936
1804 341
2749 2249
