20
5294 8509
2412 8392
7851 8774
3937 5845
8296 9211
7368 8383
2084 9011
6464 6538
9468 9498
6182 9477
4100 6582
6640 7820
2067 2344
2637 9841
3041 5995
4364 7231
2109 5376
7461 9505
4073 6762
8764 9403
894
3863 1054
6771 4822
6500 2524
2888 1221
5898 315
1638 717
3404 3222
5285 1675
7137 1972
9650 7817
9994 1298
7481 3418
7313 2129
6414 1987
9867 2097
4749 3787
8745 4698
8129 1400
9872 3359
9432 5188
6282 751
1885 164
8210 6170
7538 2420
2063 843
6058 3503
3501 2847
1495 1241
1773 1083
9173 2485
7830 724
1371 1177
8198 664
7123 7033
3540 3168
6616 1266
5104 3297
8156 573
1107 343
3827 157
5882 1078
9925 1509
4514 3158
8705 6125
7174 5336
4381 1892
4395 3325
6072 2537
7401 2247
4716 4477
3365 2139
224 160
8557 6144
4161 1295
1945 35
4891 3037
7695 2419
6032 884
9408 2042
8860 1004
5624 2661
6881 292
7051 4469
7608 6967
60 52
945 439
2657 1526
1151 142
4835 2846
9046 2507
3411 1777
6392 5614
4485 2859
7494 2046
7509 5105
6737 5448
7841 6731
9133 2642
4352 273
6364 3774
821 394
5320 1392
8347 4998
5197 5150
7258 5960
323 271
8272 718
4512 89
1875 606
6350 5258
5754 1052
9488 9184
3682 3605
8928 6541
8715 3915
5439 2533
9487 4331
7145 1104
8612 782
5982 913
3073 1682
4919 4576
8732 4653
4675 1803
2805 373
2473 351
3988 3795
1659 662
5675 4258
5682 3095
9728 8506
4551 791
732 520
496 225
3133 1620
3415 796
1478 551
32 13
4534 761
7570 2281
1622 556
7118 1838
7767 3412
8944 3336
5361 5266
2197 866
3620 3093
8493 2324
2154 1670
9274 1501
3851 3105
9770 7340
9926 4796
1291 1168
3951 1637
2889 817
1252 246
5028 3734
7429 4724
6545 1529
9686 9100
6650 5661
4312 1522
1185 450
5469 5270
871 584
1898 769
2400 783
755 282
6142 3560
4706 1793
6508 213
3142 215
4018 1393
6602 3756
324 90
6740 1940
7878 6638
8760 6106
2482 138
327 153
1232 371
6313 1602
1028 991
2800 462
9250 6438
8991 4933
5772 3111
9227 2722
4732 4607
5248 3107
9178 9123
8927 1046
4353 639
2335 95
3373 2451
6882 3422
184 107
2910 1287
4339 2648
4130 2892
3199 1387
6375 1689
5890 2425
4717 2973
3535 3402
7744 1165
2915 542
7776 6576
2825 946
2133 1575
5 3
5848 5567
6033 5226
7358 3004
9747 822
2638 744
252 175
978 198
6082 1643
8992 4270
3208 162
9977 8211
2359 1847
9165 6532
3424 1142
5610 2175
7787 682
1188 1
8000 448
8274 401
9384 1355
9607 4295
6347 6108
611 111
5823 5378
2943 1512
7653 2767
9009 3700
222 114
3438 2497
826 680
6328 2675
8189 7545
6289 6018
4298 338
7410 4216
6931 4402
1707 71
5547 5107
5081 3878
5287 1932
9985 8495
1452 799
8328 46
9569 2207
2356 956
4587 2789
4080 1411
1192 286
5181 4119
2593 1087
4075 2512
8729 5999
9811 3337
4960 1536
8769 8038
1125 940
7426 2287
1639 435
416 342
5196 1092
6004 3727
886 590
4638 743
8497 5989
8058 5075
8569 3266
1204 18
2843 1694
8172 7585
8901 4793
3586 430
4535 692
3086 1161
4310 604
9021 2219
8864 3848
5942 2935
4146 992
5384 2035
9437 7098
6826 690
7082 5369
3696 1102
7384 6433
3609 1560
9040 1414
7868 1328
2708 2048
8102 3867
3300 3152
8448 6611
3891 863
746 189
6820 4667
10 4
8958 2465
365 227
4117 3058
5732 2922
8836 3030
7548 7309
7858 4266
108 53
5907 4848
34 6
2838 201
3227 1065
5680 4616
8030 4964
7225 402
7984 7718
3955 2951
7428 474
8075 3376
8633 7276
7557 2206
4329 1770
2495 729
229 190
7602 4613
8794 6481
3953 549
3538 284
7942 4917
7341 630
9392 1148
4620 2786
7558 6028
4012 3551
4085 125
2570 2045
1045 484
7488 5693
1646 976
7160 6649
130 65
4741 1257
7279 5670
4147 1032
7 2
8115 5546
9668 6864
2758 1321
4280 1947
1150 414
1617 602
4678 1434
5008 43
5919 1005
6080 3459
7417 5441
2776 1836
7710 6637
4128 3064
6588 6104
3116 1178
5281 4132
8969 6473
1951 869
9886 82
8365 6227
268 30
3045 1311
3115 168
9369 3625
5151 3360
4734 1787
3521 3022
2196 197
3072 1314
4780 2011
9769 4468
8584 6267
7844 1944
8153 2058
2674 2309
9543 5765
3046 841
6586 492
9264 4783
7566 2210
1678 1487
3136 2424
908 640
6819 6173
9810 6849
9538 9416
7455 4171
7991 4252
1280 592
1288 1040
999 442
2173 1105
6193 1399
2834 276
6847 2725
3800 3092
3815 447
2989 1413
574 77
4344 2938
9972 6008
7874 6197
6504 1956
4347 2545
4844 4023
7097 1254
5276 2620
7867 3094
9427 4443
6534 6249
4267 3028
325 97
9541 6631
55 49
8267 493
2953 2180
1449 100
9033 1453
3980 3181
936 897
1562 1500
2374 1683
375 223
1300 64
7320 3573
6947 686
7335 6827
5193 3657
456 347
4665 251
8591 6858
5820 3027
9704 8874
2878 295
8385 7513
7425 2659
9774 9018
1851 1270
1609 650
1112 29
6351 6076
5017 465
9190 3462
8498 5277
5475 4324
1299 341
7184 2487
4852 2113
1776 1592
7783 3652
2762 1684
4928 3203
3559 760
1017 411
8935 702
8499 1748
8011 6623
7333 7281
419 320
5630 3561
6868 1494
4740 2736
4397 2395
72 58
793 663
6090 2431
1569 1447
6525 4570
9126 7664
1914 257
1363 1163
4275 1403
2332 2043
6636 1713
4088 1961
6450 5048
8039 26
3718 1459
4588 3080
8920 380
4296 2662
1893 1282
3339 890
2123 2106
169 17
5364 118
7740 6325
8635 5034
5102 816
5792 5158
2334 1587
4568 1427
5167 436
2450 51
1704 962
2366 101
7926 2075
4611 1935
6578 3419
4003 1774
1086 481
1788 1310
5238 4311
1985 410
2550 1431
9968 6356
7644 5566
57 14
9047 4801
7302 4020
3191 2380
6100 5542
3440 1346
5799 5474
9555 5715
5314 3364
4538 3000
7270 5212
6832 6598
5246 1024
3649 2248
2253 770
3450 3338
2640 382
7305 2853
7093 444
3888 987
1210 180
7682 6752
5795 1548
7738 5930
1130 739
5286 1238
4872 917
8444 627
6171 1278
9262 362
5322 392
9308 8071
9273 7077
2050 1194
4474 2808
5421 2221
6694 2319
6073 1127
3940 665
2241 1027
7208 4803
4729 4595
3172 120
2985 1303
3125 2229
8152 3156
7696 7495
1499 610
110 44
7361 1579
6150 1625
8536 1564
7436 3557
9152 541
1047 147
1551 560
9758 6899
2239 1327
9766 4257
4262 3298
6646 1775
5608 4770
1308 1248
258 84
6505 977
7222 6061
5803 1022
8645 242
3990 3063
2992 24
9572 7037
2494 433
6063 4981
4532 3269
2952 2835
4431 3987
1226 1198
6907 5645
8929 1001
7731 1578
3379 1719
329 128
1623 1191
9544 3224
3435 2974
8985 5170
5711 2116
4181 2293
4654 2601
5968 1818
2118 1677
8014 7073
2668 2471
7572 7328
5928 3061
8643 7172
2208 468
4539 79
919 387
6549 1967
6384 4968
5637 3627
8483 403
5347 1285
3708 3408
3527 1261
6192 759
2270 628
6139 2576
8055 6795
9069 4433
534 167
4403 2226
6242 3706
9502 2941
5154 4973
9353 2013
8480 1068
7855 5231
9566 929
8182 106
6101 1672
7238 1477
1806 1256
1763 485
2349 958
4243 2314
5923 4812
4569 4486
8114 7839
191 61
6729 953
3294 1997
5140 4808
3498 92
6258 463
9731 1424
6084 1361
6216 4870
9951 7028
3798 794
7424 846
2037 316
5880 441
9255 1745
6575 4354
1484 577
1063 93
4521 3479
9690 2792
4711 4218
5330 3793
5858 1297
6689 2089
4439 3512
2555 140
2748 2432
8290 5129
214 80
5494 4670
3768 1380
4636 1606
4646 2918
8740 6741
4058 854
8616 6833
7835 4575
381 335
5550 4725
8141 1728
9717 1628
4247 1186
8817 5047
7953 660
6964 6579
3835 2600
4632 3812
3790 1525
9990 7948
1033 537
2733 1703
4303 2158
4198 4049
3905 3473
6977 2071
957 801
166 131
9629 6767
7100 6452
5763 974
6684 1243
6053 4931
8922 7139
9366 3893
8464 4045
7549 1926
6262 3599
6163 2738
4035 2092
192 68
9474 3382
5239 2082
6432 1861
1360 591
5471 1292
4831 3603
2795 2526
1164 464
9038 8767
4761 4349
5819 5242
9077 3686
7032 2036
7183 467
7363 7266
8984 2376
7707 6083
2260 1651
6501 2779
6059 725
7622 3608
12 9
3813 3155
9066 5724
6821 4986
4980 388
4586 1077
1561 1169
3377 3131
1115 505
5779 2251
7790 7114
7562 397
961 912
2927 2266
6878 4057
6377 5981
7211 4571
4631 2703
41 23
8974 7090
25 16
4699 4158
4366 2894
1247 990
2649 684
6642 2595
8913 6838
3726 3198
4762 355
5267 4926
9997 8803
3766 603
9164 7686
6999 1631
9562 1858
5177 4687
8278 5797
6829 3154
9127 4024
2271 119
7510 5351
2150 230
6716 1189
5227 2389
837 806
5532 1253
1833 1007
1394 1281
7947 5739
7079 6175
5225 3637
9393 3534
5896 1780
3529 1547
1888 1859
8926 6029
4356 4253
3737 2254
9929 4834
1908 1223
8580 2604
6466 4797
622 137
567 136
600 83
8736 3739
8772 8371
4037 333
1971 550
3820 279
1772 1504
8191 1676
386 193
6026 3926
7739 7525
2463 1460
4187 2514
5876 4895
4504 1949
3454 1671
9228 3654
620 113
3505 3221
8140 6128
9771 6137
3143 2837
8726 8679
5643 1011
4309 930
5796 1502
2479 790
9551 8507
5398 2817
4197 1687
6701 5983
6132 1906
1820 1286
2822 2686
445 339
9826 6901
8650 1072
406 253
8163 7756
5710 5189
1412 1277
9959 5806
8964 4456
1933 955
6685 4115
54 40
5512 3313
7554 4259
9499 6381
7959 4091
3006 1994
4420 3904
2680 2422
4596 3099
8101 6300
8238 7190
8819 6590
1729 449
740 477
9160 8093
9492 3707
8159 3600
8700 3614
5293 2556
8291 2741
696 207
6281 2692
828 357
1663 248
9827 6336
4589 2582
8037 4529
805 221
1436 539
3510 673
2371 734
8301 2707
7836 6051
3646 699
5559 804
1857 1034
326 277
9309 4743
8707 8051
4820 2583
7930 7482
993 855
6509 2456
6839 2490
9595 9268
5371 3302
9680 2273
1968 532
4116 2303
9277 8474
8501 1113
6396 5497
5782 4580
2683 749
7439 5775
4735 1117
3688 3486
9660 6068
2713 99
6419 988
7717 5090
2575 1702
9720 1744
5642 1206
