85
4640 4739
3669 6191
2022 5114
7683 7882
61 8682
3829 5457
6903 8435
7510 9686
3342 6156
386 3147
492 2720
7825 8460
5492 9727
2112 8728
4199 5195
894 5302
376 1017
9408 9599
9565 9861
9893 9915
51 4376
33 8469
589 1135
1629 7844
7877 9950
646 5565
7654 8561
1444 7948
8480 8749
303 868
9532 9985
2 3339
5778 6139
2179 4500
431 4871
722 5622
2184 2740
5464 9831
7935 8007
1823 8896
3915 7550
9590 9894
6555 8790
2455 6510
2353 7640
8721 9191
3413 9683
8078 8391
6311 9785
2696 8071
4521 6505
2165 6902
3711 4759
8208 8624
7293 9844
2555 4872
6496 7043
8642 9130
1787 4053
8694 9631
6492 6807
4942 6289
2052 8888
5513 9084
8959 9171
7760 7868
1077 1363
6618 9958
6826 9326
3051 4351
8228 8788
1138 5253
2692 3701
8822 9718
9540 9624
370 2560
7934 8044
2124 4809
3757 4435
9300 9353
8947 9070
4547 6981
8757 9054
8997 9920
9465 9787
651
2705 632
3723 3229
4484 1123
6109 3897
7089 3679
8818 2265
2758 2558
5080 1667
433 267
4875 1925
2411 339
1953 117
1520 1457
7624 2323
7492 5742
6038 4545
411 410
6125 5573
1482 338
1512 1246
3584 3476
7399 7013
8769 1919
3414 1113
6070 2438
3459 195
8234 4651
3382 1690
3156 1162
2107 608
4907 4528
3335 799
6181 5170
6985 5333
9337 1203
8512 6030
7881 1795
4769 4002
3658 3432
4491 2399
8303 5278
3896 2968
4480 2805
7435 4760
4193 58
3223 3080
9949 1289
4044 259
5407 1146
2780 1230
1374 658
3738 321
8612 6226
4309 2109
6936 1372
2491 1042
269 179
5210 1495
6444 1410
3165 752
5196 43
7406 40
1097 781
4145 3548
6945 73
2123 1313
8417 1960
4532 2072
1244 943
8798 6526
9155 3354
8887 6634
5144 476
8950 8026
8439 2092
6442 4283
9104 6193
4063 2920
3826 360
539 342
6236 2335
9298 1003
5531 5066
6534 469
713 395
5965 487
1601 1241
6302 3447
6923 605
3985 3872
6435 4007
5010 1898
502 110
6607 3453
5856 3384
7251 3704
6739 2238
1826 542
4215 2494
3624 756
313 126
5553 514
1277 294
780 580
6642 5903
6874 6282
2223 1614
6946 1917
2273 1407
9709 9036
576 371
2972 14
3616 3001
8431 1258
8892 191
1600 202
6765 2552
5292 4340
4487 639
5477 2711
4357 44
9357 4426
5105 4724
7481 6274
2026 1528
8115 3131
4837 4398
3657 2299
8325 1903
6339 4026
6334 5811
8548 6961
8572 8011
7413 2721
4895 898
1422 1394
3741 1851
7790 1821
4838 2509
8074 1447
7865 4702
716 327
3773 1672
6096 2567
8846 521
7616 3028
2368 865
761 613
679 438
6204 3437
2817 1464
4533 4319
1808 1039
7356 535
8812 2100
5423 397
5634 1581
7420 3583
7940 7257
8660 248
1412 515
6933 4824
9129 6132
8707 5829
2734 2383
5317 4489
9050 1855
9163 2983
8920 1086
9646 2541
6586 6371
5991 5106
2248 173
6303 900
7226 560
9393 6815
3145 1070
1331 1101
9238 8047
4888 1432
3579 2566
2263 1404
345 147
9829 5836
4882 4737
2767 2386
3134 545
4454 660
5182 4665
5956 4280
209 169
6264 1843
2416 1031
2626 1499
1232 1006
4890 1922
4118 2267
8446 3661
1015 729
5004 2064
362 237
2524 1974
9978 2670
1516 779
261 187
6032 2556
5233 205
3845 441
3085 2897
8856 6670
4718 3630
7798 2373
5642 1257
616 457
374 353
3954 1997
1702 414
1424 26
3281 2596
6932 5521
5095 389
6124 4197
7953 548
5749 4004
7669 5359
8140 964
2652 759
8121 6659
4906 1993
5119 3220
953 118
749 697
336 38
4090 4089
8373 4572
2644 1399
2459 387
9332 6606
5631 807
3186 1991
4252 379
1385 333
3733 2646
2678 1296
7607 6086
8648 6387
1959 1324
2803 144
6550 6068
9887 6261
7611 5488
6439 2631
6230 1295
4630 2961
8307 4884
5503 2819
9615 7770
7581 2271
2246 1628
5443 4690
9841 2215
8924 2198
2359 1078
819 467
3764 2795
6731 5073
1831 573
3635 2457
1014 615
3052 1886
7697 2595
5151 3717
8559 3655
7207 5588
2577 579
8857 7199
9361 8780
5388 1271
6616 3833
611 408
9348 4671
7688 6995
4343 236
172 76
9029 2291
9531 8975
2156 1051
6667 2073
103 1
6927 6177
6043 5228
2404 1106
1354 559
9177 2237
9586 2405
7665 2393
7431 4591
2347 1865
380 357
3932 1675
6389 3639
3393 1409
1193 712
9445 6378
8718 7830
2971 1792
3132 1608
4080 392
2935 1663
6591 2677
1128 786
555 511
6160 1890
1000 765
7454 4198
9664 3683
1657 1062
3434 794
8375 48
3563 1754
6395 2199
2188 1996
9656 4461
8042 2903
5075 2613
2749 1631
9813 4909
3361 241
5353 916
5997 1498
6411 1682
4423 3909
3654 834
7189 5452
1692 1049
8711 4535
4170 2508
1094 177
1828 990
7565 6952
9561 3407
2503 59
1253 925
778 16
1081 518
8445 5373
1379 70
8541 3103
7990 4621
7139 1976
6931 2527
8636 6394
9553 1776
2228 764
4305 3672
5776 3397
1967 1814
5701 2479
1691 41
2669 402
2977 1381
2654 285
1140 427
3012 108
7918 7783
4236 3973
8096 2053
5938 5224
3989 1704
8297 5603
5024 2061
6524 4261
455 452
1592 1079
6743 5791
6159 1510
7829 4726
3251 1593
233 92
2628 1247
96 85
9048 6120
2871 2532
7019 6601
8416 6089
2127 230
6872 6052
3761 1933
9047 6440
5501 1167
9941 9333
9842 220
5619 5229
804 238
1139 606
4505 4052
2250 575
3569 1912
6891 328
7368 1669
274 106
7631 2910
2450 836
8128 7507
3986 648
8293 8132
3648 2094
3096 2157
5029 3937
4776 770
9689 1671
8634 3870
9694 3489
9366 5316
2792 1619
4626 866
8092 4420
695 152
7055 7001
9956 2520
7145 5729
3150 296
3038 1944
4204 2117
7517 4828
5472 2077
8507 3756
6246 740
9356 7143
2354 731
9274 6474
526 443
3294 1505
5112 4275
5154 1524
4079 2122
1815 809
8903 785
6691 3975
3376 1726
1270 512
2918 80
726 409
6244 517
9042 1923
3296 229
7703 3729
2482 1066
6693 3058
2286 680
226 25
9642 4372
7608 4949
6679 5834
3914 2133
6377 5664
6061 2825
9312 6930
7292 6499
4041 1896
9320 6728
8165 2849
9880 1834
9663 913
2941 1222
3082 1621
7716 2488
9026 4323
5914 3499
5850 5175
5825 4475
4412 1799
9302 1325
1517 584
2143 166
429 23
6084 3290
7238 2226
8458 4588
7082 2614
9695 6784
6270 4074
5564 3227
4614 723
8197 3304
5940 2842
3504 1677
102 98
6975 2388
7325 1023
7824 372
4083 1504
4593 4516
6370 2857
8644 742
3064 2028
5872 406
5242 162
1322 538
9483 8472
1955 806
5944 424
9447 2830
5343 302
7500 3097
4121 2822
6794 931
6185 5556
325 64
8510 5118
1454 877
9768 4312
3274 1780
563 393
9780 4615
6917 1761
3748 2886
1197 887
2054 497
5109 3848
9639 5387
886 871
4798 3140
2337 1377
4325 1684
4605 3443
4534 4390
5062 2967
1009 463
2580 84
6262 3035
4592 3664
5019 394
8875 1487
9118 2526
7710 2448
2940 2710
7149 6696
1850 1352
2741 1235
9436 3027
8799 5086
7855 4781
9500 6121
655 340
9028 3881
4114 995
985 670
7520 6838
4478 1806
2087 470
3777 922
7553 3272
6864 5268
7034 4639
9566 4839
1531 664
3592 3225
5558 5117
2723 153
2748 2190
2791 2276
2617 1745
6883 546
9402 3758
6431 2203
2437 1779
3241 1527
5251 1715
1802 1013
1656 1108
3693 1638
9868 5167
6528 1467
3402 767
491 301
5439 2007
3218 2197
1109 662
3298 2879
6267 3271
4374 3072
3538 1328
8677 3268
1426 1397
7684 6473
2738 1107
9413 2500
1807 1184
2839 34
4557 1478
275 140
9708 3230
4135 1099
1473 37
6637 3981
9430 8860
5318 2661
5614 2131
6010 495
8702 4807
6263 278
6324 1496
3179 702
6809 6194
8840 6504
2889 215
4058 2224
7367 6000
3978 2446
718 12
5981 3542
1924 678
1961 746
1463 305
9849 2960
688 60
1375 142
6514 5132
3349 1092
9922 253
2718 2620
5449 3062
3355 1975
6071 4666
4841 4430
4901 4539
6627 3637
4925 83
3044 544
8404 7753
5068 4578
7662 5933
5911 4797
9235 2118
9783 7834
6067 4383
9134 1294
5762 5546
3963 692
3746 331
2600 1822
2236 818
7859 7313
6207 1674
2075 1956
2357 1789
2534 735
8333 7515
3428 2866
3768 2485
