472
8557 9134
840 9174
203 4150
4454 7751
7442 9220
5666 7766
7612 8361
7754 8270
1026 8628
7320 9312
8605 9054
8598 8677
2717 8583
3110 8511
9407 9799
9359 9552
8120 8949
6344 7583
3816 7305
3929 6651
778 3378
9034 9811
748 6695
9073 9790
7908 8715
9399 9477
5420 5532
3641 8082
6312 8442
2081 6883
5928 9032
1184 1232
123 5704
5293 9881
9278 9712
6990 7920
2842 6145
8610 9186
9693 9732
5790 8458
6084 6300
8577 8690
4098 5061
5181 7359
2312 6208
8612 9362
5249 5385
7632 7868
1259 1629
1605 5323
337 1825
3942 9449
9788 9888
8106 8711
1438 9097
8133 9482
4170 4948
9837 9992
5632 7233
8312 9006
1994 8974
2086 5561
59 4544
743 2475
8233 8994
6347 7712
9149 9208
2571 5341
904 2932
565 1931
3652 5725
3074 4377
4754 6945
7567 9875
4758 5918
774 1511
4165 9445
6950 7238
8257 9798
6173 6713
553 6131
8881 9505
6409 8365
4703 7044
4500 8910
3228 8996
5796 7503
8258 9351
2628 9498
5359 7509
1399 5321
1740 4765
1033 4747
7999 8976
4817 8413
7382 8524
9272 9548
1432 8047
497 8307
8448 9411
4462 8485
6124 6166
3336 4280
7319 7816
551 3010
4905 8718
5797 6943
4868 9169
1085 6228
1916 8281
4689 5134
1477 7117
2084 6639
5089 9443
6262 8501
7168 9001
7283 7369
1963 9803
1790 9280
7978 9201
279 7628
600 7919
9357 9603
4024 5397
8173 8914
7565 8596
9926 9970
9209 9470
8644 9474
9262 9666
47 8463
8561 9628
3099 5785
4467 6102
3375 9437
6029 8345
9265 9886
1772 2150
4511 9948
7777 9808
2370 6652
6459 6703
439 6955
7097 7551
6786 9224
104 9531
9493 9938
9891 9898
1568 4137
7953 8071
6929 8498
7932 9605
56 8669
1308 3836
2833 3408
11 5174
9480 9638
3260 9022
6577 8723
5989 8033
9940 9956
5889 8965
4787 7721
8048 9083
6132 6799
3779 9659
8589 9065
1751 9490
4862 7229
9338 9376
620 2623
592 5739
6975 9855
1691 3803
1143 9432
6747 8292
3726 7564
3716 4623
4790 8849
6242 7955
4373 5649
9602 9927
3471 8102
2257 5932
812 6925
8160 8808
4112 8586
1746 2603
3870 4244
4713 7340
5701 9043
7330 8606
1361 8431
9897 9946
9358 9795
3781 5567
8590 9144
8374 9244
530 7415
888 4395
7906 8728
2301 6520
4931 5137
7857 9473
7244 7547
1623 6784
4528 8625
3085 5253
1599 7475
1053 3460
7775 8426
9056 9813
3412 9121
8885 9288
1055 2678
9394 9544
2391 7967
8587 9202
8309 9273
7510 7792
8529 9133
3737 9996
9542 9707
294 6933
9084 9189
2170 3774
6180 7427
3597 9306
7884 8696
8705 9406
2047 2121
1856 2663
5912 9059
1677 9943
9226 9665
3 8763
5542 6271
657 2708
8215 9982
266 6533
4329 8189
3359 9981
1894 8070
5336 9584
5355 8894
8519 8620
7957 9534
4064 8209
8297 9902
3203 5439
6009 6354
1589 2967
5966 6968
2017 7604
3495 3589
5393 8222
7961 9074
7830 9488
2326 7933
588 4953
3715 5997
149 3282
4752 8778
4921 7745
282 759
8456 8903
6339 9673
8009 9091
2352 7973
3620 7062
6553 7449
3239 4590
7517 9878
1624 4761
3871 5879
5901 7096
1502 2533
9210 9614
5256 6048
4912 8553
1493 7821
3509 9325
2557 7685
3833 8154
280 4822
775 3894
1524 8176
5382 7379
475 6176
143 1404
54 3301
5311 8015
3706 9171
3108 5633
3439 4651
4960 7170
1606 8043
212 9007
9126 9800
5717 9055
7818 8567
5641 8532
543 1177
9409 9836
4421 7577
3868 7257
160 796
3826 7882
6424 8570
4917 9440
4100 5806
9692 9696
2122 8030
6856 9787
7365 8022
7389 8366
720 6486
340 1781
3725 9138
3130 5406
4847 9553
2592 7910
949 6235
6679 8084
2085 7445
8101 8983
9604 9630
8356 8746
3473 5627
1806 5634
32 5509
3546 8779
5911 9191
4757 8052
4650 5699
7962 8117
402 9024
4262 6877
6509 7153
3896 5653
6034 7787
6122 9303
910 3969
5267 7703
1409 4992
783 9772
3335 7579
6870 7898
8855 9419
8768 8850
9145 9765
225 7905
4558 6615
634 6247
4599 9472
2063 3567
7719 9052
7627 8444
4343 4633
5826 7724
4965 9520
3917 8367
8149 9755
1333 9328
6607 9636
9545 9741
8329 9344
5193 7294
8684 8925
4565 9720
8937 9950
5705 8174
1592 2584
6875 8066
4195 5482
6172 7335
6578 9159
8446 9464
7543 9994
4370 4443
5850 9264
955 2059
6041 6301
4712 9911
1882 7417
4285 7494
6862 7268
729 6831
3822 9705
3880 7126
224 1228
7653 9066
1936 9607
8260 8878
5173 6093
3220 7452
8474 9168
9606 9942
3221 6568
8859 9108
112 8135
8115 9340
14 2811
3072 9257
4427 9072
8652 8780
3986 5302
5214 6525
9256 9546
7093 7186
5048 8352
528 8544
5150 6814
7495 8327
9521 9702
2284 7578
7615 9335
7699 9243
6267 8128
3430 3654
427 4358
734 7781
6316 8428
9285 9770
3425 8687
1796 8641
1305 7321
5493 6760
2849 2962
8805 9632
6544 6708
3719 4665
2745 3953
9555 9824
2831 6040
7794 8332
4108 5630
9093 9415
2805 4047
7780 9082
7193 9237
277 3642
7271 9291
9862 9928
6547 9195
1652 6142
6143 7584
8479 9851
9403 9882
9959 9976
8813 9823
8608 8708
1128 3876
9222 9275
8772 9874
874 8078
4057 8962
9896 9953
6976 7205
1987 3881
5145 9383
2670 6729
7299 9906
5603 7771
5446 5930
3773 8168
4407 7597
1216 5923
5292 7687
4638 5030
2309 4954
2839 5996
66
7594 3113
1206 319
1764 568
2993 1175
7291 3347
4661 271
9183 5822
4955 253
7157 814
7307 2596
1972 828
1980 964
9239 7580
7683 3940
92 53
2180 2120
9669 5294
3838 237
4831 1545
3623 789
2567 2229
7533 3581
4029 2106
8402 7915
5868 4725
6006 1868
5834 3009
6986 1507
4487 417
5942 1339
676 348
1344 90
7394 3882
8450 3763
1940 1481
8162 2923
2171 461
5055 3598
7454 797
8930 3433
7696 155
3673 3542
8342 2010
484 273
6165 1885
4914 2556
5427 3179
6293 1525
4505 290
1640 851
6253 1098
4774 1896
5223 3938
5286 2718
6833 3356
2007 211
6202 5915
8619 1248
9155 6200
7519 992
1427 1340
1971 1946
8820 640
2062 986
8896 2487
5916 4232
