522
8897 9802
4826 8495
1338 5603
7235 9687
1684 4001
8661 8793
6309 9143
8966 9223
5867 6387
1540 6376
2700 5448
9503 9516
9801 9950
5623 7737
9737 9904
161 4374
4138 7147
9378 9745
2840 9496
3851 9368
4618 8802
4812 8422
5089 9740
2193 8543
1077 6488
9669 9762
5567 7275
9987 9990
2922 3383
5325 8600
5058 7746
9514 9568
7832 9708
5382 7983
7738 8163
9427 9903
3201 5409
8211 8977
264 2856
7081 8491
1410 1948
5890 7179
3152 7840
8321 8546
9479 9532
8385 9325
4817 6216
918 2051
2182 9051
3982 8130
8275 8409
1901 3497
9113 9887
709 2296
1849 3309
5149 6619
5025 5965
831 2623
4598 6592
6446 7071
3545 6656
5703 9650
5776 7903
5888 9747
3371 7296
9307 9829
9830 9974
7943 8989
8362 9946
6715 8505
9720 9986
8612 8785
7897 9151
8984 9189
373 3746
9274 9301
2612 5506
4370 9552
4533 6226
3507 9890
4450 6900
1958 2855
1586 2670
9689 9863
3282 8978
6366 6517
868 9633
6923 7442
4681 8901
4366 7143
2717 3701
1804 5950
8406 9809
8648 9776
9537 9567
3004 5054
2872 3286
6129 7977
4303 7695
8447 8685
4759 6397
6587 8994
5338 9034
908 6416
9877 9894
462 1882
2484 6892
2613 3393
1140 1320
713 7596
5161 6907
9205 9678
6571 9470
2544 5398
5896 6756
798 8835
225 9654
8067 8120
8765 9968
6777 8223
3135 8879
9865 9868
7839 9433
9878 9921
2883 8024
3752 7354
157 3540
2747 6380
8912 9750
8771 8958
9484 9984
2707 4363
4170 7208
2566 6701
7411 9181
6737 8624
5906 8806
4256 9821
7826 8526
1279 9977
5094 9847
516 4566
7376 9011
7766 8751
1846 4673
805 916
7497 9117
8015 8920
7862 8618
5235 7790
9559 9983
7280 9410
8769 9952
8051 8840
2567 8060
539 3409
7955 7968
3471 4192
4845 6224
8164 8359
5693 6710
5332 7813
725 9885
9058 9806
4484 5009
5158 8449
899 6792
9760 9959
2779 6668
6560 7886
3975 9512
825 9104
6011 6464
2106 9985
6306 8946
6810 7617
2154 9933
7278 8712
4592 6608
9283 9574
476 1642
3176 8861
1772 6588
7785 9617
1076 4676
1797 4361
305 3673
4871 6389
2947 3608
263 6956
3726 6929
6367 9292
3270 6103
9262 9942
2035 4685
6159 7238
4280 4667
6543 8569
3386 6128
8283 9383
3627 5291
1103 9616
5005 9237
4678 9853
9251 9866
3695 4529
6259 9250
1137 3566
9797 9981
4147 8250
5963 7671
4119 8889
2364 6470
924 2557
8925 9015
5801 6526
178 8050
5200 8205
7844 9421
4032 8235
3475 4626
3023 9913
3628 6151
902 6654
3804 6849
3428 6938
8903 9345
3490 7741
4736 7340
6354 8919
2640 6277
8745 9572
3866 4141
891 1608
5364 9793
922 8192
4033 7729
6245 7439
8501 9099
3249 7705
6994 8445
735 4236
729 8904
6856 7761
1098 6566
6546 6649
7048 8260
2288 9115
6699 7907
158 8380
5387 8749
9134 9748
2224 2480
5354 6718
6346 9297
6840 7812
5189 6805
7769 9448
3306 3561
7714 7804
3472 3894
4037 5471
1894 2801
5825 8486
4070 6862
9389 9723
9455 9515
7958 9823
7756 8220
5408 7890
4451 7621
425 3644
4350 8926
5943 6030
4844 6958
4010 7962
5396 6375
777 1588
9210 9874
9510 9781
6223 9619
2247 2300
5151 9474
6799 7494
9919 9957
5138 9718
6893 7731
4062 9753
6088 8531
1357 9402
4905 8292
8115 8254
9594 9964
215 7528
8360 9411
6395 7945
1262 7186
1875 5744
5980 6228
1195 2142
1162 6407
9065 9130
1622 2843
4984 5013
2450 6778
6997 9107
2276 2469
3034 8855
1069 4664
9439 9931
4569 7576
2405 3740
2950 8448
6349 6961
2151 9271
8413 8625
8345 8371
5751 8326
2233 4560
9261 9953
3262 8263
7846 8075
1685 5404
2981 5112
3147 4727
3075 5001
5712 6363
4180 5969
4682 7575
5835 8776
4863 5649
5899 9636
4818 8696
5803 8852
518 1942
4477 7046
6548 6550
7021 9752
86 8375
82 2235
409 5057
7123 8218
2019 6891
2347 5665
1237 4943
4208 5461
370 2701
9116 9694
6244 7357
1447 3277
7452 7767
1067 9059
2715 3783
3656 7956
7277 9980
8797 9578
4323 5876
3650 7556
1017 2495
89 9684
5585 8062
2999 9219
4599 6675
1836 2569
7241 7759
4828 5366
3278 8820
1478 5413
807 8498
2730 5853
8877 9164
6020 9923
3127 8003
6308 9584
3087 7588
6992 8714
5201 9782
3283 5020
5806 9911
7509 9042
153 8414
4815 5594
7863 8634
7852 9835
3585 5008
6607 8827
279 5668
3599 6621
2205 4997
1374 3576
6954 9765
9288 9500
9614 9804
6983 7260
2680 4779
8351 9347
3082 5288
3132 9254
5636 9735
6471 7216
9628 9899
3029 6920
4104 8138
3159 3710
7949 8727
9517 9645
275 6974
195 1784
3178 3720
7272 7963
7337 9077
8778 9175
4178 8408
7711 8462
4580 9906
1904 7666
8146 8225
9498 9778
2171 2485
6143 9620
2344 9929
7283 8725
7254 9400
9828 9908
9279 9716
6427 6821
8426 8568
4586 5941
327 2614
723 921
5735 8914
7466 7688
1517 7059
9850 9873
5436 8280
4131 7508
8891 9909
6669 7855
848 1899
4395 8356
4796 7805
8909 9281
1924 6857
1468 3304
983 2704
852 7319
3496 8916
5834 7094
6184 8140
7110 8971
693 2283
5616 6433
1514 3836
8950 9538
4415 7240
5460 9269
1206 3763
4085 7065
3052 3487
9727 9886
6381 9265
3266 9217
1059 1116
6160 8962
5287 8080
4847 8387
6502 6555
8478 8902
3921 8316
4750 9447
6912 7182
8217 9641
3840 5270
9988 9992
8972 9033
8278 9763
3185 4465
6739 9774
6881 9842
3244 5602
3332 6971
8723 9362
5441 6888
6483 7321
3387 3590
4575 7723
6987 9377
1535 4662
1217 3142
762 4283
6229 7954
2425 3145
3956 7611
4745 8088
3046 3873
6788 7996
6432 7811
8420 9263
2954 8922
1589 6655
6429 8959
2777 3615
7093 8460
5891 8043
8701 9591
9222 9334
8479 8886
9123 9198
7098 7878
7158 8428
975 7879
524 6093
1127 8258
3362 9249
1668 5897
5427 7039
9854 9999
5282 9142
5192 7042
50 3224
7679 7726
252 7009
938
8680 5973
9876 1313
2518 2406
1939 702
6514 5556
3747 2371
6002 1264
4289 343
4544 2116
405 46
4122 529
4925 1988
4677 1301
1652 309
4184 4064
3305 458
5070 366
30 23
7628 575
8002 5102
7426 4687
7660 6364
8859 8822
5323 5043
2079 1583
2554 213
6341 4388
3327 76
249 189
2744 203
4979 3634
4442 4150
1989 1545
9943 8144
7270 4950
4798 2790
3349 201
5234 3928
9780 8074
3859 75
4561 2178
173 90
5092 1199
1880 929
2699 2107
2853 1050
7176 4743
5182 4538
5846 4488
8849 7393
7295 5301
6553 4493
7504 3413
5086 3149
325 91
1707 794
7318 2995
1787 1548
416 78
8171 5208
824 582
9182 1266
1614 1613
1482 1424
6343 2846
4739 4617
1183 301
3651 154
1253 59
323 155
8816 4000
4510 2486
4163 646
9333 3768
8423 2802
8236 5638
6538 1363
7072 5497
3459 2382
1835 651
5811 587
4942 1397
8883 4161
3757 310
673 307
6254 3668
6114 1928
5215 3675
866 369
8081 1469
7454 4129
7534 7144
4537 4157
7665 5480
1936 1335
7922 6001
3016 2743
182 93
4888 3433
2311 980
6202 5676
3692 436
5634 2828
7299 1268
7052 4393
3712 3411
7602 4284
745 399
6935 2442
1444 912
4825 667
9675 216
6557 6192
3045 371
4839 3745
5857 830
2836 1230
6996 1436
4036 2011
2092 1879
3672 3139
4532 2023
1498 893
4475 1104
6132 6048
1034 535
1523 637
521 265
5439 1356
3039 2510
8092 2452
3385 2073
5432 4089
2046 113
6736 3319
5731 1136
4887 1158
1851 643
9571 202
9489 4804
1691 576
1344 1029
8719 7995
2416 1350
5317 3013
559 491
5794 4173
6638 4757
1228 183
5559 5548
775 498
8801 5916
854 204
4833 2785
4579 3842
2103 1420
7808 1202
1276 872
5580 4963
1267 1155
2498 31
2306 2180
8599 7482
7055 1475
5349 2739
5686 1638
4438 3359
9252 4775
3985 1617
1016 260
4932 3378
3093 555
3754 1716
4896 485
232 39
1610 1255
2533 2391
2423 741
1302 800
3165 541
632 486
8427 2891
8473 1057
3807 391
8815 7243
1631 1487
9955 9671
3025 2249
5732 1914
6584 160
8481 4702
1908 1451
7980 5653
6511 701
5851 3462
1962 849
5226 4764
6605 3762
3148 833
6911 2236
7330 1113
5483 2729
5606 3963
1862 1074
7637 1580
2477 1124
5421 1746
9632 8795
7624 6004
401 352
1232 185
7012 2793
5590 1821
100 51
4081 2040
3730 656
6711 4233
3195 1578
6518 5721
8659 2804
5645 5271
9393 7227
4998 1176
6813 855
487 402
4949 750
8976 8410
3017 1694
9044 2516
2546 156
7124 4266
640 138
8669 6678
9779 8969
6627 6265
1639 749
4604 3123
4729 3987
9555 961
8917 6210
4100 817
3347 2674
9070 8231
3826 2573
8058 2252
4232 556
7292 404
7345 5813
4919 1064
2291 728
6593 4900
2797 177
212 34
3015 2230
3158 936
1394 426
166 106
6239 4182
896 280
1853 21
214 116
3434 2970
4436 2161
969 165
2198 1160
8888 5081
429 102
2244 1945
695 22
5844 3514
4379 4206
6919 6163
9302 8376
1005 219
1298 761
6565 2649
3174 978
2671 720
9141 1884
464 255
7581 3091
6400 6047
4448 1435
7544 421
2177 2165
7369 2044
5068 3539
8077 3839
3311 2014
9858 5101
8794 398
7765 962
3473 1182
6452 2637
9441 6818
7251 2760
6126 3913
2167 1121
3821 3227
6578 1842
8361 620
3781 880
1133 888
5292 548
9556 7413
5482 1674
5572 3301
743 726
1095 1022
8853 4838
2169 721
1782 1085
4241 3469
9855 7472
5348 1227
8049 1796
4655 1868
2686 320
8878 6248
1998 1399
4051 268
5042 2813
5119 335
8954 2521
4445 2075
9284 6835
6005 5937
8199 7462
631 329
7725 5375
1828 704
5374 347
3831 1348
3547 2298
1501 1441
5075 4120
4790 3664
7139 2117
7428 2471
2061 663
2388 1454
5737 1094
2087 1432
3680 2057
6032 360
3071 2289
2127 2031
3125 456
8673 4648
6007 4219
4380 287
3557 1483
5770 1415
3678 2219
4352 3971
4619 4287
1786 1000
3609 2965
9127 7822
675 246
9539 3932
3431 1151
797 358
4645 3830
4788 45
4030 2089
1471 480
5505 2326
5084 1607
1559 224
3410 81
4209 711
5060 4343
8034 3370
3258 1215
3815 781
6486 5749
5212 67
7228 2676
2458 865
2906 98
9577 5500
14 8
4837 4009
7951 2818
1186 1053
564 96
8349 3983
20 13
4455 1822
2339 1437
1645 1009
6684 4390
2608 579
7692 6757
976 948
6768 3614
2598 2363
986 927
8837 7722
3373 2383
3160 1377
1304 199
5820 3718
5037 3914
1889 1739
4078 2669
317 235
3709 886
2455 1592
7708 5276
7163 844
6496 903
8583 4615
8660 4481
1692 489
126 70
6314 857
9273 4731
1935 1398
2650 1234
8429 2898
8864 1887
552 191
4248 4069
4335 190
8637 3939
9177 3040
8726 5611
1885 660
408 217
244 133
2876 703
9158 4293
8154 2768
3192 1838
7257 6457
671 513
7307 6597
6539 2153
5989 938
4763 1442
1403 47
4035 1576
638 479
2745 1417
5864 4094
8910 2275
3605 298
8013 5286
5155 919
4856 4467
3455 2796
7627 591
5280 58
883 604
1955 1566
2656 348
8307 7889
7358 5236
5544 281
730 388
546 2
8110 8082
6558 5035
7414 1506
2122 427
8057 7721
871 49
2335 2146
2286 1326
6373 2084
1801 1450
9631 8004
5525 4372
5194 1826
6551 449
1125 645
8952 1980
8037 7947
3571 2102
7293 4308
1084 296
18 11
3470 3106
8638 7217
7437 3554
786 150
2407 644
2250 1965
3930 2192
9893 5195
3057 2403
3440 2696
7325 7189
4034 3177
8851 6331
3776 2070
8812 7828
5659 4076
424 282
8139 7824
1321 441
6348 4105
623 492
5034 3381
3484 3377
3062 2933
8186 4782
714 669
3940 2053
5791 3513
5629 4738
2072 561
6352 1353
4581 110
4716 571
684 467
9612 6219
9518 2712
3581 3115
9814 7946
9667 766
9100 6705
4866 1533
4607 3182
9404 8555
9382 2351
6865 672
4029 787
4327 3686
989 665
442 438
6207 152
4013 1355
5949 4135
4748 2493
6576 3053
5762 1131
5627 542
7891 4239
5710 1345
2926 2017
4595 4167
1282 869
3834 3341
4968 628
4314 2115
8461 7436
4583 390
5633 4012
1995 1149
6672 2561
2515 1604
1503 229
7749 2005
5024 2315
8118 4045
3085 2259
7887 3235
1012 909
4761 3
8185 1961
4479 2920
1373 678
5320 5073
2822 928
9445 6682
5879 5406
9086 5613
5445 1340
1402 1297
9287 5318
2772 2735
5543 3287
1144 867
8150 108
4778 1841
4993 3645
6775 3563
118 32
8093 5478
2929 497
4195 586
3493 2888
6716 211
7310 2453
3448 803
6330 4359
8492 7961
6760 1575
271 134
4200 1791
2497 2381
8556 7365
1874 344
2065 1943
351 36
5444 2644
9138 6206
885 53
5095 377
8322 4316
6102 506
5464 2794
2800 1641
5968 1412
9884 6561
8563 5274
4101 3454
4048 420
2279 1817
2349 2150
7109 2293
2887 2218
9875 1983
2904 270
1261 1045
37 10
9788 8567
38 4
566 507
1673 1439
5378 4703
3001 2789
9826 4632
8123 7338
9719 6844
1761 959
8733 1827
3835 314
7801 1582
499 170
6287 5759
9096 5016
2007 1615
3998 2879
2188 1987
5566 2470
8943 7162
7877 6055
7161 422
1508 756
4530 1429
2366 1460
6051 4843
3207 380
3800 823
1525 592
6068 1026
8924 5177
8168 7545
7194 5297
2673 2543
3055 836
6781 2934
8871 2602
3267 2805
526 418
3289 484
1065 111
2238 1037
2342 407
7582 3012
7418 3133
1431 612
6681 1452
7719 4650
3027 931
6883 4758
4933 847
537 241
6174 690
9257 1330
8541 3966
1239 699
1092 884
4483 2943
2975 99
4635 4028
5224 3317
2496 1285
2839 1678
7496 4079
940 595
5575 882
7520 339
443 295
7684 1967
6808 3479
2201 1370
6581 1388
4808 4485
5185 5022
2509 1534
7727 850
9418 25
636 171
5822 724
5015 3257
8772 3558
8011 5701
9159 611
8395 3461
6570 6076
9677 1569
1619 444
3744 292
3021 649
2562 2512
4605 503
1241 430
4362 773
7386 2133
3137 2714
1307 608
8799 7308
8658 3167
1354 624
5754 2297
8327 4276
248 97
9456 3882
3784 231
7064 2310
6671 3778
6289 716
2340 1329
8576 6307
5462 5184
1646 1369
2078 895
4762 613
4693 2665
6738 1946
1866 431
2327 1106
4868 2811
9666 6945
6947 5242
6087 1653
9365 3803
6782 785
7378 1529
7776 4547
712 16
2908 273
7152 838
9519 1550
7678 1805
2394 1419
547 55
8533 2998
6652 1161
6542 3693
5472 1594
6948 1544
5784 4589
2897 2325
3527 2404
7160 5783
2121 1086
4989 3899
9047 5
6999 5975
5795 1567
2850 2052
1299 683
7970 5910
1596 1445
1854 1146
288 85
7598 5708
8197 2402
533 417
2226 400
9834 5704
6022 4507
2265 1007
5912 2540
3841 290
8036 6393
3456 385
4205 1381
8930 3798
8963 5831
9508 7606
6270 2937
1292 890
5342 1448
6692 973
6140 3412
6876 5367
4047 2988
4805 3043
4934 4221
7360 7127
9915 3869
9335 2877
4832 1003
6632 6520
3089 2755
8957 1740
3872 2746
4250 4121
8303 2795
949 435
2264 2186
2443 1270
1863 453
1779 1710
3405 477
8233 1777
5131 2767
6033 6031
2601 652
9791 9604
2967 1977
8174 3931
8747 2902
1061 946
9991 4018
1457 873
4721 3294
9960 4384
8761 2655
5553 1141
6894 5499
9662 6936
1902 1598
5550 5135
4152 515
6647 4539
9799 6064
7033 2874
207 143
8446 508
990 668
708 597
1112 532
691 302
4756 3991
291 64
4134 4130
4572 3588
9536 1938
772 105
9314 8845
6749 3363
6896 2422
6485 4229
8875 8617
9221 1461
5211 1976
6026 536
3544 1834
5929 2821
5228 2256
9018 897
3996 353
1018 112
842 127
1389 670
5160 618
3436 2134
906 778
1428 221
9483 4474
7155 1910
7175 4628
493 186
9348 7088
5608 5596
3638 341
7231 4720
7470 3915
5561 4611
1484 103
9535 6596
7675 5207
4011 810
2542 2328
7252 454
8384 7800
3612 2050
8831 4601
6695 6154
4870 2706
209 44
3654 448
7432 818
5435 2243
5845 2723
2632 1100
4935 1254
9497 4741
9596 2684
5477 3299
6766 3997
3031 2766
4862 2639
4143 3902
6116 5255
4639 3302
8834 5298
8651 5502
4181 2563
1382 73
4689 3389
7642 3088
930 84
7113 1751
6533 1284
8779 3342
7957 3102
8243 3360
6083 4767
5260 4218
1360 696
5540 629
6445 144
9023 5246
7382 7070
4155 1695
5124 3002
4660 1408
3616 3368
4608 3577
2774 2187
6060 1864
6510 2647
3611 1609
9699 333
4898 2362
1466 1010
3916 331
1771 412
9457 4341
