394
7624 9313
5778 5851
4313 8249
3109 8455
7355 8087
1950 6904
6700 7750
3065 4745
1641 3187
6148 7914
193 3515
3980 6914
5349 6032
2430 6643
9316 9500
9847 9957
8830 9918
3825 9605
8713 8867
2678 8206
8669 9921
7086 9600
7634 9355
41 1544
7939 8075
2811 6848
8072 8716
6634 8451
1991 7087
1497 8901
4449 5421
5163 7214
1430 3787
8607 9723
3354 9669
3402 9613
834 2256
4821 5969
3010 5846
6291 6766
7302 8504
712 6902
8332 8426
2069 9095
8286 9604
7577 7774
9610 9976
6657 9995
7241 9891
5755 6791
6548 9007
3691 9057
9731 9791
3295 5568
275 8910
7021 8212
662 6694
7201 9439
2880 9644
6303 9347
5720 7493
7901 8044
6708 8614
4621 8708
5044 5552
1637 2101
5038 9782
1924 2241
751 4889
2463 8819
3192 9952
2171 9266
6313 8667
3756 4453
9128 9166
6799 8751
4854 7506
8709 9167
1302 5310
9881 9969
5918 9674
2577 8334
3492 6579
1501 8723
9115 9616
6679 9290
3685 3706
260 4868
8877 9541
6159 7929
3895 6433
6994 9858
8246 8654
6151 6699
4532 9699
2772 8851
4135 9326
7710 9838
2287 5523
3847 7966
8795 8997
1094 4538
8515 9837
2737 9545
7424 9963
5940 6773
8366 9550
3632 6438
1312 5777
624 8597
4883 7148
8468 8588
2174 7721
3005 7171
9913 9974
9511 9574
9469 9734
6301 8915
8925 9651
479 2383
3050 9156
9374 9592
9856 9880
8682 9946
8975 9770
2884 7258
210 4269
7925 9484
5512 9999
302 5815
3744 5109
747 2817
7924 8632
6216 6691
442 4081
2564 3660
3055 5716
8189 8510
9021 9341
3225 5351
2534 5396
4277 5685
1251 2477
1064 3134
268 6540
4044 8110
5442 7365
8519 8640
5521 5816
5904 8840
4297 4396
1693 5958
8331 9271
8171 8533
4361 4592
8165 9684
7923 8622
4728 8343
5155 8807
1935 5605
2462 4130
2841 8063
5963 9190
9518 9693
3461 6211
7425 7639
2027 6754
1668 8546
8603 9833
5224 8138
3587 8831
201 3917
5055 6757
8824 9145
6111 7518
8687 9038
8477 9861
6855 7220
320 2697
7043 9308
6358 7935
6567 6639
567 8766
331 3122
333 6296
7422 9695
2807 7666
6620 8558
2026 9268
7433 8109
7635 7907
4999 8879
1744 3361
1377 9023
1198 7330
6256 6518
8552 8591
7854 9437
6190 6905
2761 3224
343 6644
9458 9696
714 3681
622 8712
1197 5391
5708 9962
118 7474
5694 5894
4328 9737
7035 7498
6937 8494
6581 8755
7075 9421
2837 3031
1161 5332
465 6275
8645 8978
5873 6741
3363 5572
2984 9434
8009 9744
9248 9480
2306 7588
8911 9410
3986 7723
3732 8114
851 4935
8417 9911
1419 1968
8172 9478
6727 7231
5923 7293
6816 7395
9514 9746
3422 3621
9238 9828
9665 9702
2381 8442
8413 9691
2345 7071
6514 7643
3875 4100
5027 7979
6735 6789
6034 7240
7476 9601
5524 6087
9339 9411
3956 4346
4213 9040
7421 9526
45 3582
4964 5121
9859 9967
7735 7849
6080 6395
4673 8198
4485 8994
5855 7726
3716 4687
4146 6142
4124 9012
799 7618
9863 9954
6134 8551
6212 7913
7822 7982
1867 2470
4156 8956
5771 9955
6188 9535
7770 8952
4629 8178
8693 9276
972 1255
5743 6515
7831 8934
2158 8396
5751 7728
2165 3488
9919 9922
7063 7777
5578 6936
4644 9383
5364 6323
5498 8626
8615 9176
2857 7434
5218 6574
8544 9510
1870 8981
3644 7596
8599 8739
3754 9750
3413 5752
3381 4561
670 3406
1746 4580
7550 8320
4668 7298
6847 9840
3328 3889
8488 9979
1567 3093
4565 4761
6290 6719
2576 5484
5235 6004
6539 6707
8616 9047
3174 7852
223 5928
2746 6327
1284 6835
1785 6731
2294 9122
9399 9706
7181 7413
1956 8686
2869 8079
9529 9666
3076 3763
9089 9106
8090 9802
890 1129
757 9905
7198 9373
5744 6505
6177 6399
3338 4120
651 3984
9184 9708
1383 5774
9823 9953
3234 4832
9249 9795
866 5376
8538 8870
5246 8427
3728 8619
2444 7064
218 9349
832 9742
5514 6044
2700 3839
4457 4924
6289 7584
5659 6481
2898 4400
4635 6813
2623 9772
3149 9036
762 9352
3020 9043
650 3472
1903 8251
2845 5970
3390 8843
8744 9944
9389 9590
1030 3738
1893 3501
9235 9972
3932 4185
3748 5814
969 1163
7891 9849
4339 8896
5636 7432
1427 5903
7143 8884
4317 5047
9813 9862
3650 9366
4285 9160
403 546
4666 4853
3793 7908
7364 7931
4348 5850
1890 6733
3013 5289
2456 7945
1229 6749
2321 3945
3892 4585
1803 8038
2594 7076
3549 6152
3623 3643
2227 2875
8390 8874
2609 5455
7707 9827
967
2013 1756
2868 1038
136 32
4992 2985
245 128
3739 3342
8202 4220
8726 8625
1579 1575
5402 5097
5902 951
2691 2446
3184 2770
3846 2436
4036 722
1973 998
6471 475
806 272
7367 6249
4104 580
3207 2109
307 280
5457 1799
2542 1997
7970 3551
6166 5260
6021 4015
8147 1686
1535 604
8908 1937
3877 242
7057 4958
735 199
2031 1674
2045 1675
1520 917
3384 2454
9959 3547
1311 618
1996 254
1770 1362
8034 7722
7049 3941
823 539
490 78
4399 2061
3573 3202
7060 862
4132 2526
4026 2969
1678 541
3237 454
6236 2368
782 497
1957 151
8398 4885
2448 2169
2140 2000
4426 645
8186 7223
7054 6992
5138 1753
3652 1182
1108 1105
3131 2914
7655 4906
3067 2509
4977 3640
461 284
7644 3512
2996 2636
2322 142
2921 505
4289 1613
2775 640
2648 599
672 163
5909 38
3531 285
8854 6970
1977 1888
4949 4747
5161 1291
958 723
1297 351
1050 868
1519 646
3464 2236
430 80
6534 4016
9055 6056
7207 6239
7093 4111
3692 2723
935 853
6308 3431
1428 1137
6519 5466
750 185
9765 1190
2901 1037
7676 1054
1821 1351
6366 2275
9438 6680
8662 3123
2956 2425
4174 1352
143 115
2356 1619
9901 3048
4157 4096
5622 44
5164 3427
6325 176
85 79
9756 2708
9989 4595
4011 733
398 52
4116 2642
4682 178
5916 1942
1318 577
6753 4416
9814 6181
2588 1926
4069 3911
338 107
4750 4588
1464 154
1841 1825
8610 5700
4147 472
5035 3379
9886 6965
6771 4859
5340 3743
374 259
6878 4386
4555 736
5943 545
1357 521
9064 3135
3252 1971
2913 2733
2658 1136
3859 3556
2932 336
1739 1131
9101 7482
9329 5446
4 2
1403 46
8886 5842
3073 20
6478 5135
243 179
5021 942
8489 4443
4366 1939
6924 6460
3867 1647
3215 1548
9520 2088
4770 1034
8944 4291
1324 792
8460 5452
5472 2541
2879 159
1088 678
6442 5713
2042 1465
8506 1466
4230 2724
5693 2491
584 274
6900 764
9409 2185
3446 2457
4576 160
9477 8324
4211 1690
2598 167
3260 1181
6132 1516
9408 4307
1042 886
8125 2680
1823 637
4836 4636
3579 635
7059 5784
2004 1944
3850 1787
3091 2211
4353 2305
889 707
4509 997
1424 482
5342 659
7598 354
7903 6706
5432 4180
7034 3450
7304 3677
4035 1854
2713 2192
8179 2848
8062 4021
8454 8335
5127 3495
4498 1189
283 196
2928 2424
8374 551
5714 5110
9619 1455
9152 8277
9816 504
6225 2403
3890 676
1115 211
6903 1518
6809 673
5941 3208
3452 1468
8926 6380
1337 1021
5543 1757
5318 318
610 488
9206 8218
1044 865
2660 232
9491 1118
5419 4986
3243 879
1621 1144
1506 222
896 478
6067 4900
7165 4212
7428 7213
74 58
4913 787
3600 2465
3598 3198
2137 979
2610 2276
1705 634
8318 5546
4562 811
8284 3734
4467 1614
5337 3217
1951 557
9450 1224
9467 2952
4202 1599
9555 2918
3279 1629
1783 1093
5936 5240
8989 7687
3610 105
3568 3152
1097 137
6443 2876
8304 7462
4003 1148
2933 936
7788 2585
7711 5645
4504 3633
5049 4825
9210 7715
98 91
6724 6677
7881 975
8816 8260
7337 5947
5253 1231
104 99
2008 1715
4088 758
2296 615
6365 1045
4030 871
2461 988
5510 4256
6 1
9512 6598
680 147
9252 7270
2224 2136
9291 938
1610 694
8054 4323
9403 3861
7491 1095
6746 4888
7656 5721
8517 3227
3012 2350
529 429
8774 298
1906 102
5444 2369
4273 1121
1216 571
2762 124
2833 1458
6877 1032
9386 9091
6074 5404
3844 39
4622 3594
4631 4606
7772 3420
2704 812
801 21
8135 4920
6818 5237
7185 6161
7173 309
8881 6043
3169 2156
8917 2652
8122 4692
9852 1349
9242 3529
3410 1769
1860 1001
1936 1125
5033 3403
8309 3876
1075 900
7654 7211
3809 685
2164 561
3481 1442
7366 1963
5735 2842
7072 4524
6165 5239
7000 6502
1126 224
2025 703
4795 1990
6184 3726
5525 2511
2910 1235
5907 1568
7701 6879
2117 1208
1648 1205
5517 1400
6732 270
2416 1488
8486 1459
3223 2288
6922 2090
7290 6419
8116 4488
8047 4718
186 90
1952 77
4765 2082
6441 4556
6262 1758
5756 5609
3581 2753
1397 1378
5057 775
5995 4677
6251 4633
2239 2037
1666 1072
713 407
9076 1036
7053 6150
6577 5882
7976 569
65 63
1408 1394
9077 8791
3571 2796
8869 3254
5596 2859
2021 1272
4519 1833
1588 986
2244 939
8019 5410
6972 345
2628 2490
3027 1338
5196 4513
1435 171
404 375
5475 2176
4095 3175
4625 87
5828 3925
1791 1274
7246 2634
1328 476
3967 3673
6072 4503
8697 7494
6585 4837
8067 598
4757 700
7370 1286
7582 3554
8932 6716
2657 2476
414 290
1587 1202
686 141
7205 5660
4359 3105
8306 2178
3120 1016
7029 4054
6397 5641
130 7
8467 913
9229 7032
4772 2809
2130 813
8292 3775
7265 4815
2214 1336
7048 5292
9623 8295
4919 1649
6456 6246
1695 239
956 170
2557 1615
8922 8313
7646 1891
4702 4518
8269 7209
6201 2422
6114 3566
2087 772
81 42
3507 1319
2682 987
7501 394
6867 3333
1413 1306
9170 8105
1169 348
3193 464
3759 2138
5985 3130
2188 434
2022 1259
7807 6331
7144 2629
4480 3701
9051 7957
6917 5836
4759 101
1875 677
1627 213
1334 658
5619 1822
2527 2442
922 626
4258 1472
8550 2741
4768 4683
9314 1091
2020 895
205 149
4461 47
5591 4708
4091 2776
6206 3126
1947 433
7787 4775
8968 132
50 15
9792 3456
4511 2115
8472 4984
5704 4448
6422 2601
628 277
1863 1348
1646 726
2717 2712
8813 7554
6260 6213
7808 1308
7779 2635
3815 2951
7164 251
4005 1743
7461 4734
7752 3397
1277 793
6943 112
8912 1207
6436 6136
3654 3595
1549 603
8162 2507
5520 4391
6872 2569
1257 216
1771 1325
4507 1480
7033 3605
8792 7248
496 89
6214 6144
8913 2596
6710 4109
7193 3534
4879 1476
6684 1792
1265 450
4033 2646
3517 1048
7104 5076
7403 1039
34 3
9473 480
8691 6326
1946 1663
1368 691
2650 742
9927 8734
5132 3049
1884 1612
4965 4162
5719 4590
6584 3204
649 312
7677 1839
3976 3835
857 821
301 12
2922 1172
6182 119
1910 690
5961 468
4956 4586
9140 803
7566 2291
1292 10
373 227
6342 4928
2622 1083
3037 616
6630 6448
7221 5347
4929 4203
8937 3301
6721 3639
8957 1691
644 642
5095 191
3629 1999
1767 1618
5141 3372
3849 3368
1243 734
4921 2681
2384 859
3330 780
1900 689
6121 145
411 140
462 383
5214 4546
9548 5612
4675 1560
7028 2581
1740 418
4471 1509
3002 1296
4178 3749
1494 236
6977 6535
2890 358
7152 3179
5742 3927
5998 5884
1897 409
1766 885
1992 1370
4198 26
9278 8834
9079 5703
1856 244
6647 953
7794 5152
5726 1013
3046 597
4722 1729
8967 3327
1536 717
1938 894
3833 470
9237 7511
342 31
6850 4649
5551 1538
2822 574
9322 4864
1149 744
2311 1123
5491 3840
5315 4493
5830 2997
2099 235
7747 2961
5667 1810
6661 2124
8578 620
3190 1011
8064 4851
2054 1801
5019 4006
6556 498
5831 1275
8921 5886
419 323
2167 560
4950 1406
9620 4711
668 203
1764 158
289 166
8407 4985
1056 961
785 361
2582 1949
3703 1533
3676 1063
2926 2592
1185 706
2472 2340
8905 7002
4040 2742
7284 674
2398 1116
7393 3950
1831 1496
4337 2234
1677 1165
8336 5124
2684 572
8990 655
2366 1385
8392 5249
2298 946
8480 3737
2702 596
9325 7997
3707 2238
5436 3933
3586 1099
8220 7884
906 230
752 585
5857 5585
3282 2827
8103 4523
8722 3057
5976 4082
2152 2116
7920 6361
6071 3953
8873 948
5683 2578
2145 1085
9203 6346
106 67
2232 2046
9044 8719
2125 1145
1062 66
9573 7255
3960 2426
7495 2943
9848 9542
5381 2041
1814 514
1081 428
8001 925
1237 1049
9829 8353
248 180
4284 2266
4727 2567
6837 315
6205 4335
5541 195
5625 3498
9018 6823
5116 5053
8918 4887
8253 7038
278 61
3808 1130
8329 1495
3642 190
4598 252
6463 2189
378 187
3421 991
7088 6834
9131 8845
5725 1547
153 36
6391 4318
6973 198
3392 100
5413 2816
9882 2144
1811 1206
5769 2575
8364 8071
4028 2468
9286 2787
2277 200
1239 238
3275 2803
7042 1706
9246 4731
2365 1372
7384 4931
6653 5653
3863 833
6886 70
955 56
7156 4535
6675 6194
264 206
2613 1076
8561 7103
1070 636
7468 3245
8157 3801
9781 9618
6276 6033
9554 903
5930 5791
9622 2332
3168 2736
6013 253
7651 6758
6202 5542
5690 1921
4227 2525
2523 1358
1218 126
5256 1346
4333 1103
9460 5400
8017 3955
6126 3860
5118 3296
1014 810
1644 978
2666 1616
2097 389
2441 2080
7880 2379
5147 3095
8860 5668
1672 1343
6615 2402
4143 1373
8297 4379
4117 3281
6958 3985
3051 1661
3576 1350
7126 1295
5329 4587
4528 2449
5206 688
796 779
9876 4401
2297 440
5223 1386
2103 1457
5809 3467
7068 5497
2357 822
8796 6829
5804 1974
8846 1140
9908 6859
7344 7102
9180 5802
5858 1305
5647 2149
6329 1288
7410 2282
2360 1933
2835 837
7051 1979
2329 1392
3305 2529
8554 7742
4050 3255
4437 630
6229 5010
2974 1864
9168 1797
9871 1329
9078 5519
6986 6466
7020 2068
864 427
7427 1761
7768 4991
4012 2696
4395 4344
8482 7885
8359 3657
2633 97
874 237
1313 892
6270 1023
3922 3079
9187 6838
5826 1395
7216 300
9218 8502
7678 4510
5361 2153
7113 3352
3487 2289
1035 533
4154 2100
8016 7006
559 303
3479 1802
9072 3661
9080 8046
1490 466
3721 2378
4164 3085
1450 910
6842 989
296 83
2194 1057
6909 2104
798 367
5718 447
6693 4542
8404 2184
7519 2052
5695 2260
8688 950
7374 1750
1847 276
4789 3401
8201 4445
483 436
6532 4972
2385 2221
7826 4434
4939 4876
7127 4225
4158 3136
8678 8213
3194 1832
2520 2059
9063 9009
1528 1159
6168 1512
3497 1542
8180 4138
4874 3666
4046 1264
830 594
6101 1052
1135 114
1006 376
4334 977
8646 2754
8776 7094
3525 2265
6619 2168
5007 534
3929 653
3641 2806
5579 5020
5420 2102
5832 5051
5883 4105
745 621
1986 1263
5643 1622
9395 6656
18 8
8300 5808
5412 2106
7748 1250
1444 71
6839 3332
7559 6294
1447 511
8247 366
9892 527
8566 5434
4472 2765
7621 6524
8244 5566
7988 1873
6563 3915
1102 286
4626 2091
8581 7918
7065 3704
6865 5471
2993 382
3589 3100
2843 2595
3035 2718
3773 5
9598 1060
5621 3159
9635 4672
2801 2771
7814 7773
6221 4647
4295 3180
5454 4311
4066 2317
2687 607
1436 1058
8829 4559
1998 1005
8634 2813
9988 6023
6601 6424
4052 2133
7007 1983
7898 5646
3068 84
7897 3038
9002 6189
9875 5233
1914 380
8000 416
2518 656
4733 3735
2866 2084
9992 9240
6669 4766
3059 2226
415 55
5493 968
