189
9175 9585
4364 8397
8563 9853
4318 6075
9140 9551
9082 9688
5531 5577
6268 9790
9074 9335
938 5602
8249 9776
196 2612
4983 7083
4143 5682
5574 9769
240 4065
7318 9488
8811 9663
1792 6413
4662 5414
9347 9950
2038 3221
3185 4208
6756 8556
3077 5252
6813 8555
2218 9461
2617 8361
3159 3784
8975 9439
8496 8695
9086 9791
7736 9826
4406 5282
5484 8805
6524 7958
7925 8935
8284 9695
6777 7281
2724 4420
2406 5117
9752 9949
6162 8568
6242 6913
9441 9569
9812 9933
9580 9617
8740 9822
1877 2719
3142 4064
9450 9525
6527 9011
1099 6981
8530 9880
5984 6562
8566 9720
3709 8190
6605 8878
5657 6393
5248 5517
1120 1579
6136 9333
8141 8455
4283 7832
4159 4524
8628 8769
6017 6852
961 8837
7424 9837
1013 9945
9765 9917
3251 4156
619 2102
9784 9883
9258 9768
4555 8056
754 4884
9618 9969
727 9278
1919 5380
5297 5973
9600 9605
5826 5994
4003 9166
5530 6028
2939 7321
6122 9251
127 3683
4121 5462
7899 9819
3160 8010
7683 7880
8258 8943
1850 9349
9342 9423
5887 8941
6907 8464
1490 1757
5708 7422
2211 8232
7256 9383
2186 4927
3481 5247
8439 9552
1118 8539
3912 4367
3702 3970
1232 6771
7238 9291
9379 9815
8774 9419
9868 9954
8960 9264
5831 7678
6471 9154
2624 9276
9988 9992
6616 9414
7293 8580
7208 8351
6792 8680
4006 8094
3020 5985
9195 9233
8590 9170
5665 7079
444 6967
1172 5167
8611 8671
3680 7109
4060 8780
8385 9127
9504 9647
1507 1604
8091 9518
4163 5120
478 720
9284 9719
5493 8114
4649 6828
1811 2921
2027 8528
3922 6592
956 2652
3783 8545
9899 9934
8953 9341
7529 9693
9133 9930
4244 6774
2359 3701
2185 5070
797 3063
5182 5662
674 1728
3826 7592
3043 3400
3276 9486
9919 9977
8491 9657
9843 9908
2227 4642
7519 8787
6507 9348
7618 9575
9185 9680
1666 2175
9192 9321
8271 9466
2590 6660
5372 6690
3074 5515
5590 6347
7406 7718
4869 8906
5721 9863
7176 9399
8864 9596
9690 9764
9481 9577
5506 9506
8679 8729
5045 9709
1101 7938
795 9799
8909 9417
7963 9656
4683 6176
6705 9448
54
5030 4813
3470 1036
1106 1050
7581 1039
8956 4652
8219 353
8417 4625
4458 2024
2212 1920
3073 1308
1182 34
611 39
3224 2810
8903 1324
2890 179
6806 871
7913 3802
7463 2816
7941 649
2073 722
4532 4345
4566 1553
1334 600
5158 3116
6049 3885
1293 211
7444 3897
3284 880
2455 2142
6292 5313
7989 1426
7853 5154
3511 1089
7267 493
4253 3925
7516 7408
4488 972
343 285
279 44
453 389
5445 4494
2703 634
1828 1493
8434 6714
4889 573
4157 687
5883 7
108 58
200 192
3242 839
5879 5035
2109 934
5710 4734
9396 706
