567
4880 5403
3051 4140
1247 9980
1296 5093
7992 9438
1284 4137
2511 2969
9869 9872
3344 3539
261 4340
513 2062
4231 6681
1995 6756
4809 5477
3990 6874
9534 9649
79 5388
8703 9773
1756 6216
8896 9696
8563 9788
7734 9548
4953 6362
822 7946
4839 4919
4949 7122
460 9755
6620 7655
52 3862
4987 6017
1937 7470
4132 7982
5295 7400
438 7776
1597 8193
3846 6764
3958 7082
539 4804
2244 7615
9727 9741
1377 2798
3574 6747
1854 7592
6752 7179
3919 7993
1968 7690
1412 2365
3945 4755
2277 3952
4469 8373
3459 7490
4668 5736
4091 5060
9419 9959
2492 2817
734 1910
398 4393
5421 7211
3813 6718
7518 8933
989 7030
9104 9518
1189 9693
8685 8842
9535 9799
6506 6791
2626 5526
1522 4268
5554 8378
1624 4157
7923 8791
7871 8278
4989 5040
7881 7924
7739 9552
2409 9023
2441 6196
5968 8661
1767 3643
7989 9076
3800 5965
5306 6279
5843 6007
1063 1670
3542 7805
450 3589
7886 7986
2369 8577
5523 7199
3407 5029
6730 8456
7247 8736
1410 8146
5091 9977
8072 8748
9588 9624
1621 7520
3773 4909
8056 9604
3423 5433
2396 2726
7867 8177
6839 8846
3146 6300
9585 9623
5367 9733
4888 6994
9477 9694
7784 9474
1136 6632
4580 8955
1985 4972
8414 9829
1317 4308
1074 7703
6465 9981
5517 8950
6093 6960
150 969
8815 9577
1218 2799
2345 6695
3357 4994
5182 7002
4305 7338
846 7835
7770 9471
112 8466
1413 5192
680 4819
3825 5412
6628 9533
5258 6025
2746 5857
5679 7015
3497 6766
8394 9148
4736 8578
4633 8908
3531 8300
7090 8780
858 1952
7753 7912
1068 7534
2366 6220
3046 4283
9605 9608
8502 8786
5686 9425
3893 9630
7846 8945
4193 4966
4411 8215
400 5294
366 3620
1865 8640
703 5772
2058 9628
2776 4043
6179 8687
810 7364
372 4412
9664 9915
2874 4408
7711 8774
9771 9998
7208 9903
8619 8772
7008 8651
8490 8635
501 1019
3647 9850
687 8195
9912 9979
565 716
4481 9778
4816 7653
2071 3545
5780 7460
6854 8864
9129 9602
3534 6240
8979 8985
4420 8897
8633 8867
2406 8119
2860 9870
3865 9038
6351 8788
4065 7662
6749 6803
2306 4956
6555 7434
2035 2308
6149 9591
5109 7985
9613 9747
8766 9632
1083 5257
1592 8170
2332 3054
8097 9861
7108 7271
5475 8271
8953 9175
3199 4530
9558 9715
1404 5714
6024 6081
8607 9336
1598 5740
163 9923
4464 6683
2245 3744
1342 2269
4066 8835
4325 7379
3448 7063
2348 6212
3188 3857
407 5497
298 3401
3069 6773
5600 8311
5397 8936
5317 6263
6082 9082
7196 7587
766 6888
7618 9046
6315 6849
9560 9940
3882 9684
2217 2702
7515 7852
2848 9862
606 9854
5945 8753
7965 8919
1162 4767
7814 8868
731 7721
5948 6166
7688 7944
6800 9089
2967 3023
8297 9960
5923 9078
3413 4121
1535 6040
3367 8274
8962 9752
9130 9662
7617 9086
9878 9909
3368 7346
8319 9119
7806 8617
2850 7719
7764 8380
3509 5607
4597 6468
867 6379
6914 9437
2535 3582
4576 8335
5413 8507
2769 5890
5003 9473
4933 7382
82 4927
9168 9859
6793 7861
5175 5793
8904 9019
7757 8285
7768 9068
635 5492
9893 9919
2378 5166
9901 9984
6665 9330
5005 7055
1012 9523
8665 9194
6878 6935
503 7647
6367 8029
2623 5179
6687 8740
993 2822
921 5979
4551 6252
3876 6819
8834 9947
9234 9772
4814 5618
3062 3593
4112 5654
9529 9783
785 3309
8312 9512
1251 3712
7423 7858
7296 9395
4337 6490
8184 8484
8383 9645
7906 8934
2143 2337
9950 9989
948 3273
5219 7750
6524 9690
3493 6101
2239 6219
2605 8496
6637 7744
1829 6847
68 2189
6158 8149
9663 9826
8783 9317
2460 8058
5436 9692
8296 8512
6772 9070
8706 8883
8603 9374
1891 2656
3284 5286
6127 6652
1101 1876
5825 8628
7549 8877
245 9101
2459 4397
2139 5605
9338 9454
1956 2797
9110 9618
1650 5150
5893 6022
5247 7898
6857 9615
3350 3986
6627 8817
1129 1356
5149 9760
4120 7995
571 8761
6870 8771
2996 5120
5851 9970
6103 6623
7550 9421
5269 8522
8205 8253
9507 9936
1907 9590
701 3298
4638 6203
2120 2752
6167 7289
8779 9278
6968 7538
3070 9292
2355 3211
3181 5231
2376 8091
5105 5246
2882 8798
3677 7418
413 605
9117 9428
6783 9302
2976 9209
2319 8032
5961 9224
4125 9020
8885 9291
8990 9341
3648 7244
8995 9269
609 1788
7389 8889
5952 8132
1066 2466
6824 7188
7613 8833
6722 9782
6094 6946
2076 9762
8552 9700
9051 9319
941 3282
8130 9503
1927 9404
610 8295
6545 8168
713 6841
3977 5354
3270 7159
6331 7302
8474 9408
6245 7236
3997 9012
1373 9113
838 7408
2966 4544
7961 9092
2347 7943
4166 4404
3918 4970
4631 9032
2473 7890
1361 5062
1067 6332
2826 8241
6084 7629
6748 7405
7685 8417
1785 6210
8872 8913
564 7894
6313 6689
3403 4511
8470 9445
2929 3688
1028 1514
7378 7911
3392 6851
6026 6472
6491 9475
7991 8424
3979 4479
8564 9610
6021 7285
2360 6823
1399 7171
1513 3140
4146 4482
5667 7566
7990 9462
5876 8800
9894 9943
3296 8947
3867 4174
4077 9392
6015 7507
3071 8361
6145 9294
2270 9478
663 4988
8162 8416
5990 8075
6678 9726
2013 3248
2124 5347
8331 9009
9064 9551
2728 3553
976 8090
5728 9244
8697 9999
6871 9097
230 2268
5276 8873
7280 7397
790 8180
5389 9116
8855 9467
3307 3455
8693 9377
9368 9614
3902 9468
7553 7594
27 69
5558 6642
2512 6889
8325 9229
7000 9758
8573 9858
8860 9520
7884 8715
8513 9398
7600 9122
5543 6310
8794 9371
2179 5052
4740 7532
8106 9264
9721 9794
1070 3651
4239 4562
239 946
1712 2262
3552 5293
7386 9954
1201 3573
9795 9797
3951 6191
8778 9346
7019 9508
7327 8976
2567 7514
2065 6686
9186 9701
3190 5279
2692 7654
4101 4567
6497 9673
1197 3508
6913 7922
7501 7502
1652 7256
4620 5666
9844 9968
1846 3238
140 1448
3868 6920
1791 5161
8038 8041
1022 8691
1510 2049
1556 9522
920 3544
2136 5031
3137 8247
603 7586
8568 9054
2762 5375
5711 9865
5761 9314
8500 9827
2226 9540
9784 9876
6713 7789
2809 6959
7416 9355
4742 9707
8055 8291
8307 9094
1094 2889
4085 8085
9720 9951
3728 8400
5249 8998
629 9266
8449 8929
3050 4585
6660 8516
4000 9751
8614 9099
3280 5530
6100 9242
841 3782
1436 6724
9550 9949
690 5828
5678 6319
2121 4453
2691 6710
3250 4447
474 8350
147 2176
1306 7057
750
7845 4030
3144 1720
4930 4444
6446 5147
5133 4752
8658 6733
1123 62
6729 5209
5355 3174
5796 4748
1839 636
1582 621
4208 1826
1485 577
5204 240
2806 1288
5172 3812
3789 646
7216 2733
3302 420
6460 4645
1936 422
8049 1332
2872 2247
7482 4082
5332 283
8245 6605
5447 3308
3243 1031
7731 6945
9313 2451
3463 2022
3998 1644
3559 1374
7277 7021
1944 115
7552 963
2501 1862
1718 85
2383 489
9290 990
9905 1915
480 51
9738 3962
5637 2515
4655 829
5046 931
9840 1997
5434 3955
4316 3949
7058 1988
4206 2488
5738 2899
9418 6133
2313 1381
1844 1699
9370 613
7638 5868
9722 5047
6415 1029
5777 5706
2693 1979
2162 689
5278 290
1150 735
7041 3106
3763 2941
365 179
4389 3520
3675 2643
6443 1225
4612 4011
3387 995
2508 2425
9631 7286
1482 608
8618 350
9260 4813
5409 5290
8292 8265
7038 2747
8392 5365
6141 3507
3659 2890
2616 1576
718 102
7184 5480
389 303
1242 324
4117 1848
704 184
6750 5302
1293 839
1525 1119
4320 3691
2924 1355
5011 4173
3506 2090
7367 4887
4230 3470
8871 6590
2978 1653
9128 3468
6320 2895
4723 1362
4355 2166
5410 893
2208 1719
2199 1604
3749 3167
8642 3972
7504 2281
6456 3043
7173 1821
7074 4770
2329 884
2836 985
1938 1873
2908 748
2103 942
7337 5319
2543 2028
7704 2633
6162 520
7558 4502
2911 1586
885 619
3693 806
2491 1205
9469 5239
1658 988
6765 6608
4451 2763
4643 2012
4153 1121
5576 1663
3061 178
9942 5597
446 223
1107 42
8461 3031
6674 2867
9831 3197
6895 1132
5122 2079
3591 3485
3287 1864
5995 5318
5022 3850
1669 1301
7960 7064
5805 537
4245 2420
977 865
3788 1686
3914 3785
124 86
8339 4202
1776 670
1843 459
9868 6284
259 250
7528 637
3127 3120
9853 4685
2450 33
7543 3100
2736 1934
270 65
9668 5411
2204 964
9132 6242
4443 3353
6967 962
2434 341
5873 4067
3849 1818
7512 7319
237 167
5542 2175
2198 1159
7506 3219
3823 462
6560 1214
6669 5556
5415 5216
322 154
2098 1081
6144 2955
9353 8967
8398 6116
6586 3607
7556 2568
5138 2214
9753 2128
7349 8
9236 4376
5598 288
4940 1707
4778 522
8613 3649
9611 5764
493 370
2335 830
3786 3759
7791 4798
353 286
3490 2297
6281 1499
7388 3332
4048 1748
3429 475
5037 3570
8413 6049
9627 1500
9158 3985
8784 770
3133 2497
8317 5212
8115 6074
7903 2637
7252 3335
580 43
7608 2426
8066 5660
9616 1677
2003 1506
5538 1253
2537 1449
3360 1292
5646 3277
6267 1295
5260 1622
9549 9193
3292 930
7544 3767
9621 4812
911 342
9351 4885
4520 3487
9566 3737
8346 1393
2153 1700
3692 1820
2640 2500
495 284
8190 5396
9045 2901
7083 2259
3895 553
7369 2679
2963 10
4848 2160
8503 5821
3169 1516
5240 1847
345 75
4771 3416
6781 3191
4594 2786
2768 1976
4045 1006
5739 2483
3971 803
9400 8932
3118 758
644 519
3595 434
5336 2328
8084 3999
757 289
6306 4547
5801 2232
2518 895
7140 5349
3398 1708
9206 8654
8203 424
6012 4055
4516 1466
3147 1796
3668 1526
9839 5187
9672 4659
5268 3107
2267 430
3032 674
4139 2041
7186 5366
1099 807
3872 3157
554 266
8948 8912
1740 72
1497 1073
5655 1770
4134 1662
1484 987
9382 2907
4527 811
2493 1153
3815 1461
7245 4630
8811 6354
6087 3604
1922 762
9385 3578
1202 380
1774 947
4459 3532
5090 4641
9812 4903
9280 7657
1673 1566
2040 1520
2661 2651
4974 1088
7591 4107
7089 6489
126 44
7206 348
2008 549
8974 1054
9576 416
4579 563
6083 3703
9297 8667
5915 3415
3141 427
2542 1271
1078 694
1969 1503
107 73
2879 1244
6548 4413
3863 665
130 40
4494 684
583 185
6211 5743
3781 3239
918 575
8989 2553
6090 5574
1468 923
7026 3103
639 614
6965 899
1130 453
2054 1851
3672 2238
4080 3514
3678 3432
9014 8940
6624 6409
1643 804
6937 6892
9257 7419
5151 1433
8342 7677
1138 316
7272 4754
2476 1825
6008 634
1977 1394
4943 1249
5508 2571
410 213
6039 3664
1580 802
7973 6919
5156 5103
3079 1758
9994 8557
8838 3503
6085 927
9233 8874
6990 3037
1975 247
3262 2458
233 165
2454 1602
7160 3752
5313 1626
7017 2311
7129 4586
374 164
2330 938
7786 5848
9648 7694
8273 5374
5934 3634
816 651
6425 2018
9667 532
6530 2873
2514 1926
3160 2674
5144 1982
5867 798
5340 586
7275 3419
3518 611
279 99
4087 1978
5629 4335
6925 4688
7670 3957
9049 3434
4498 2016
3640 1632
2659 222
8686 1210
6714 5324
7964 207
9887 2689
1034 258
6955 1391
6852 5970
8605 4204
5860 4543
4114 1705
5631 4936
7693 837
1258 705
2415 2356
3528 3231
1932 232
8460 2620
1867 1716
4584 2596
628 393
9342 2601
9013 7166
9679 7773
3575 2298
3851 1593
7557 4681
5350 4780
4351 2782
5847 5785
7049 5958
3617 676
8925 5435
660 465
8376 6187
9177 1124
5895 5094
6880 2598
7926 4917
4237 2273
3944 1730
8399 7255
7525 658
6079 5919
8581 7335
6357 819
7548 7191
5193 2407
8280 7455
6816 6451
5417 3359
2471 1455
4156 3926
9688 5941
8533 720
8923 7565
9803 2029
8160 492
2092 1336
4731 4661
9153 7889
6815 6147
9127 4932
2827 831
4460 3281
9961 1207
5658 5211
2820 1857
5624 1190
650 318
4058 1832
9235 3286
7458 4505
8982 31
5304 2619
7752 436
6554 1133
535 497
3339 2212
4766 1049
5823 198
849 578
1302 439
3908 688
6861 1481
5054 3743
1038 206
4002 2947
1561 119
1055 679
7251 747
9461 4815
3551 3427
1505 1163
3196 642
6341 4997
6943 5664
6168 1148
6347 3993
9855 8847
7375 1548
6911 4557
295 80
2285 1717
1973 1690
3030 355
5385 2839
6664 4565
9011 5727
9939 4150
3406 953
8762 7104
570 32
5565 3465
6983 307
3754 2301
556 401
5636 2610
8214 6471
6734 202
9328 7817
1871 1778
292 136
5699 1209
3932 2280
3399 1660
6618 2197
1657 896
9315 7233
9759 3112
7702 4010
6667 2300
1171 141
3644 1040
8689 7875
1858 144
3683 1272
5730 3887
3045 2187
8223 5715
1395 1111
878 110
8521 939
4168 1793
1164 640
5429 2748
8324 5178
6938 2833
1415 487
2765 2559
9666 3717
4341 569
7257 789
7513 3618
4260 300
335 265
3235 2419
3796 952
4555 4280
6330 2398
4844 1998
2227 1676
2718 961
6132 2715
7741 5832
6184 1868
1245 1237
793 285
8320 783
2743 1110
3380 3221
2177 412
2788 898
7329 490
7833 4599
3496 2186
3224 1126
4856 3818
5987 2086
5028 1026
6010 5256
5905 3981
1727 842
4992 4029
7590 426
4946 2427
2303 2082
2928 2892
4471 980
1388 220
5608 5027
9838 9028
9846 4569
443 183
3473 682
8101 7175
2465 784
1739 139
1787 1255
7865 6059
6585 6360
8359 2608
9676 1005
9222 8272
7745 4331
7931 357
2870 2615
4001 3565
7402 2385
5541 588
7650 3530
9763 3736
7588 5342
8755 7436
3452 92
9488 6700
6735 1618
8700 5943
1958 1585
4805 1529
4626 2948
4182 2554
2617 1524
9780 1257
1261 255
337 252
8491 4823
754 741
7250 6057
500 448
6073 2102
321 216
8306 6517
4220 4016
3619 1901
6741 3185
8992 8148
1037 388
863 786
8602 4733
4604 594
8432 6635
3725 1072
4181 4152
2717 2649
6235 507
3727 576
7887 5128
7815 894
1683 870
1095 1059
4032 3391
5044 5008
9460 5703
7713 4462
1118 936
4765 4401
2155 1003
7762 1112
6989 3501
6043 2249
2549 1488
5483 2994
4879 4509
2916 2002
83 81
5811 229
3179 653
5181 517
1612 327
1347 906
1160 1013
238 106
2299 13
6410 4327
4488 218
4378 1279
7546 2020
7854 3510
9252 5311
1024 332
3761 3192
8183 2047
709 273
5742 907
1589 1441
4671 2546
287 16
3822 2235
8968 2794
4619 4179
3779 2418
5567 4649
5566 2416
5808 4042
6964 2048
3268 2429
7819 2913
2502 1384
2004 1319
3207 2835
399 59
502 456
5255 4019
5373 4286
8145 5673
4782 3088
8790 3093
9530 6577
6675 1895
2999 2594
1329 146
4282 3056
5939 1490
4419 4201
1477 458
3008 2841
7410 2509
2528 1122
7699 3156
3042 1916
7728 7563
9930 3877
4726 432
9213 3653
2876 1060
5466 5404
5343 2516
6801 1906
2207 46
5992 5691
4627 2785
8888 8699
5533 5482
1773 1312
418 118
1540 1309
7267 5353
1303 823
