996
5220 8286
6942 8421
7833 9596
4561 7296
2695 4678
6774 8090
2436 4500
8162 8210
8591 9185
930 1973
1687 5747
3258 8282
5676 7911
777 9438
2562 3939
3458 9785
2257 3352
7660 8092
500 2930
8222 9581
7788 8545
5867 8669
4293 9626
8438 8595
9485 9807
6369 6776
9187 9925
5386 6766
2012 3338
6657 6988
5707 9544
3774 9388
170 8900
1427 6492
5267 6463
596 8477
302 3434
6679 8558
7580 9655
4673 6671
1445 1933
6117 8748
4175 8158
7209 8724
4526 8168
730 1853
4166 7952
1323 7149
4613 9863
4882 9792
1677 5777
9031 9132
2524 6209
9150 9707
4225 7459
4724 4798
7605 9732
2352 7741
9256 9730
9592 9703
1993 6378
8972 9009
9891 9894
413 3900
9928 9987
8865 9375
8566 9940
2164 3829
9889 9966
4690 5311
4585 6614
4119 9989
5926 9395
4391 7798
1573 8717
3632 3657
9578 9709
4883 9825
4534 7890
4719 5854
8378 9720
4890 5795
7449 7768
7451 8164
4206 8649
3054 5046
3983 4150
5537 8715
5686 6505
7871 8294
8635 8729
6676 8280
9525 9535
495 6838
1269 2177
7948 9735
6179 6798
1063 4101
815 6513
5216 7523
8135 9046
6203 8701
2764 7655
9704 9759
5852 7431
4188 5951
7277 9472
3710 9994
6555 7136
1627 4831
8010 8824
9907 9941
3668 6922
7167 8334
7869 9073
2859 9253
4123 6467
1245 5415
7875 9991
9899 9977
7711 9774
5308 8262
5497 9291
4124 9317
4604 4616
8182 8213
8111 8834
3464 8761
8553 8720
3687 5652
442 2945
9737 9887
1311 3422
7514 8190
9532 9580
4261 5063
960 4281
6571 8201
2891 7882
208 423
1058 8486
3934 4891
8869 9226
2700 8410
4484 6840
1934 2330
5882 7159
9551 9654
8687 9915
6090 9957
4487 7010
6638 7492
6256 7747
8808 8974
4479 7969
6539 6857
6823 9783
4195 7824
1304 1718
5235 6876
2820 2926
420 3281
469 7095
8415 9484
1129 1790
4302 5604
3355 9598
6356 8283
4667 8598
8492 9028
7559 9180
4790 7967
934 4633
2603 9664
2776 4922
8476 9213
4118 8521
7134 9248
8656 9118
9035 9247
6399 8884
7858 8436
169 4942
1720 3573
4527 5601
7734 9565
829 8628
8212 9939
6603 6863
8959 9877
2923 3549
7659 8708
7708 8681
1550 7022
7390 8718
4773 5939
7469 9612
7915 9593
5848 7931
7534 9099
7085 8406
1121 9478
8001 8585
3056 6757
6818 6992
1078 1515
2179 4626
8887 9946
2453 5903
6169 7862
6996 8781
4823 8927
1762 7810
7044 8016
7457 8245
1743 2291
2411 6565
4747 6521
1559 8973
2422 5020
3754 7301
5500 7216
5499 7537
536 4468
3284 5904
7684 9068
8698 8841
9377 9662
651 3241
3654 6329
4452 5579
7321 7557
7465 9846
5851 8728
2731 3164
7569 8816
4575 8604
3913 6267
4386 4556
3139 7363
1437 2230
2580 8364
7651 8363
2207 8254
3341 5105
3308 6725
9117 9263
9810 9947
7748 8975
701 9080
1831 6599
7370 8758
5439 9047
7116 7545
7953 8983
4451 6729
8459 9271
6904 8400
6119 8559
2657 3181
1457 4241
718 4736
9556 9811
8612 8704
7009 7103
7396 9452
6719 6864
8608 8847
3841 6633
8778 9619
3699 7439
9203 9971
8986 9460
3243 4358
5378 6533
2872 5766
8657 9004
9879 9959
5824 8937
8640 8892
9000 9892
9413 9433
1737 5052
2877 5731
25 9453
4229 6428
2449 6747
8794 8811
3986 7496
5862 9787
5667 7404
7097 7156
7323 8787
3742 5825
8181 9836
1110 2572
7793 9685
6800 9188
7647 8902
9237 9362
8914 8956
2709 6790
2755 4152
754 4132
8745 8786
2127 6955
9095 9223
5616 8969
8590 9195
5002 9011
9032 9815
3860 7098
2234 7547
9456 9937
6715 8832
3156 3684
1366 1794
4764 7846
5326 8380
9473 9827
4807 9855
1889 6027
6550 6597
7343 9514
9917 9942
9306 9909
466 9077
2322 6669
9870 9933
6000 8246
1084 6680
5674 7455
143 8252
7885 8833
9019 9599
2001 4049
7246 8743
9403 9524
518 6794
3958 8253
1653 4304
1881 3859
7922 8929
6456 7190
8886 9517
7389 7738
5430 8505
2408 8153
1337 9772
4089 9266
6436 8457
4186 9603
4436 6706
3685 4656
5807 7521
8879 9449
3810 9986
8644 8692
4423 4989
3042 3786
9824 9898
1306 3536
3936 9339
7164 9689
6465 7586
1652 5283
1104 4700
2973 6381
1475 6065
4677 8000
7208 9638
5466 9564
9470 9516
1619 9605
4359 9975
4688 6664
867 5123
1059 1970
1615 8684
8125 9169
7903 8951
895 1375
6350 9608
1070 3246
1923 4696
2977 7699
8389 8984
3781 6401
764 5869
7051 8361
4785 8750
3999 6541
5620 7314
9278 9733
7568 8217
4218 9005
5615 9385
9706 9851
6455 9775
4007 5536
9806 9869
2602 9794
3408 9997
639 9100
1455 7283
7933 9973
6391 9936
3529 5218
5375 6366
7017 9714
1203 1837
4249 7703
3849 6547
3367 3753
2201 6457
840 6576
7286 7509
1392 9104
7646 9764
9568 9905
1741 7634
5817 6742
9409 9574
6054 9926
9766 9790
5144 9501
9364 9482
1793 3665
6759 7859
7011 7032
2024 7999
6772 9801
872 3809
2932 7811
394 2197
108 9165
807 3954
6260 9739
7529 7924
5792 8209
9554 9798
487 2238
9828 9901
4710 6615
7427 8301
6827 9668
8104 9060
6281 7213
800 3389
126 5463
8265 9943
9075 9498
8988 9315
30 3106
97 9635
9139 9386
443 3965
8373 8987
9918 9955
3269 9006
7257 9988
9860 9880
7773 9690
6193 6198
9990 9999
2587 6836
975 7065
7226 8670
8749 9629
9148 9183
221 3131
7780 8736
5225 6132
102 8857
377 9111
1198 1293
3446 4201
1406 9906
32 1636
8442 9675
9259 9273
4427 9201
7998 9401
4694 9085
9700 9951
2834 6918
3052 4744
5826 6319
937 1844
3581 4800
9923 9993
7192 8928
3378 7376
9548 9904
6261 7403
7519 9167
6551 7745
9741 9949
2543 7188
4645 9897
2663 7691
5436 7489
7239 7960
3428 6718
992 2747
7278 9521
58 470
4370 9464
7235 7667
7528 8565
6523 7916
85 8626
7115 7962
6146 9310
3575 6781
6238 8714
2355 7985
5214 6678
230 1342
5454 8338
2337 5019
2 8584
6333 7352
2428 6100
5797 8588
3941 8044
6667 9286
8814 8845
5325 6655
3498 3973
241 9652
4205 5930
367 1197
4428 6877
4006 8137
6049 8676
508 3128
4354 6661
8647 9736
3813 7040
2532 8075
3717 9674
8343 9091
4310 7856
8107 9431
2107 4909
326 5845
2301 8041
1799 6297
9003 9119
3463 9014
6409 7049
6829 7897
2846 8444
2044 7388
3706 8263
8625 9628
1180 1982
5492 6627
4067 4655
7292 7740
1686 6383
5207 5305
2516 8126
61 5653
6114 6879
6486 7662
5446 6076
1582 3922
5411 9750
732 2346
1721 5640
5357 6111
2781 4902
7176 7201
8639 9967
3928 7562
1321 4349
3707 8480
1920 3194
9171 9212
2227 6443
5764 9158
3758 5800
7572 7899
1472 7231
4041 6153
6662 8732
7127 8848
9356 9984
5462 7200
2078 3212
3595 5945
3594 7839
1386 6850
289 8299
2483 6598
1032 8907
9199 9202
8414 9561
306 7415
3345 4127
427 9217
5813 9539
5403 6144
8475 9105
1232 6683
7241 9129
3270 3709
3410 5121
1538 9839
5916 6874
1788 6208
312 1704
4122 5275
392 6215
1 1162
707 5921
1746 4762
5832 9147
3550 8434
5820 8905
1199 4684
7881 8827
1951 9672
6416 8307
6302 7342
3150 7217
3093 7727
1416 3016
2836 6749
7789 8302
3772 4618
9712 9757
6138 7178
471 9126
3504 5066
681 7392
6051 6746
642 9334
7274 8033
752 6361
1851 7842
7367 7730
4373 9816
4847 7014
3005 5896
1996 5925
3130 9476
8174 8990
8918 9931
2270 6231
3931 5984
982 1898
7441 8792
1177 2825
3901 6936
6441 8306
1290 9138
7053 7821
5504 8471
431 7446
5143 9550
2582 9103
8348 8985
4653 5322
380 3161
4834 5748
7046 8507
7229 7749
9152 9616
7145 9107
2320 5657
7470 8211
9238 9272
3100 6493
3647 7408
6934 7567
3339 7855
3507 8086
1692 2027
66 4915
6751 8219
2427 6694
4971 7086
7452 9112
7956 9743
8712 8948
2739 9124
404 1317
2073 3531
1426 9614
6400 6730
9297 9763
3238 4112
1971 8795
5461 7327
6507 7914
7104 9697
1712 8186
3250 7359
613 1764
558 6180
8037 9922
9740 9981
7628 7822
3989 5059
440 5629
6631 7893
1825 4449
8313 8315
7617 8885
3135 9513
8851 9583
4713 8711
4056 6845
1242 4130
8184 9123
7429 9727
6540 7688
1396 5895
7753 8319
1965 9194
7997 9560
7102 8903
9523 9881
7556 9174
2668 9181
1744 3950
2068 6517
5625 9676
3137 8697
1060 8966
6834 9767
5893 6771
455 5157
3310 5119
9254 9359
3727 7293
104 9455
8139 9160
3807 8157
8700 9299
531 856
7438 7750
8873 9039
1125 2123
4888 8516
3757 4337
6490 7131
4416 8344
3178 8393
7677 8103
5545 7332
3818 6088
5371 5993
2810 9321
5039 6363
7814 8538
2909 6944
491 680
1832 2728
2948 8061
4287 6775
5696 8267
7189 9114
8018 9078
3467 5113
7406 8178
6792 7147
8218 9293
8713 9627
8877 9357
8412 8496
4217 7553
2847 8567
1316 4088
159 2151
4371 9569
8118 9562
3729 8746
1414 5227
4728 5565
3750 8522
1801 8815
3640 5249
4431 4609
4793 7482
8799 9974
2478 8830
2000 7242
8132 9336
920 2795
881 3691
5332 6360
7540 8534
6241 7335
8552 9543
9419 9610
2372 4457
9206 9868
6753 8257
6137 9024
3540 4171
6254 7772
7844 8897
8359 9477
2414 8971
5931 7399
4863 7369
4442 6018
3030 5140
9458 9698
6080 9269
7405 7945
3084 7037
8356 8621
7142 8520
1779 5958
4364 8555
218 5434
1599 2276
6474 9896
8347 9819
9061 9347
9945 9962
4406 6767
810 2004
5547 9283
791 6813
3506 8957
372 6941
4734 5301
6849 7879
1485 6520
4925 7267
9387 9793
4729 8379
5062 7119
5864 9492
6127 7938
3483 9611
5687 7995
5623 9613
2103 2237
9370 9814
1172 4257
1768 8055
6590 8023
5168 6404
2013 4319
1195 1736
3170 6738
1233 4880
6752 7661
450 5593
444 2423
6344 8339
1240 6782
278 7573
2513 5383
9173 9311
4717 5484
622 1606
9474 9921
8908 8955
5860 9270
7593 9589
6677 9749
517 553
1228 3304
4274 8385
878 7062
9586 9978
2415 3025
7005 8050
5176 7463
5469 9179
96 3511
8013 8332
7340 7779
556 6125
463 1729
4817 7676
6947 8454
8605 9349
6472 8623
4422 5956
7169 7984
6765 7132
6085 9109
591 5486
1106 4066
4593 5356
347 9130
9225 9325
5905 6654
1731 1905
944 7584
617 7381
1423 7108
4334 4445
1407 2080
3724 9427
3420 8722
535 2620
4635 8419
52 1296
780 6392
3006 7337
1239 4844
820 3205
1055 6447
854 5258
852 7807
6618 7255
2249 6015
6974 9487
3884 7650
7460 9653
1656 3499
7091 8755
9515 9649
5809 6933
7227 7385
3087 7495
3077 8483
6826 7477
9192 9296
5281 8365
7398 7560
2774 3957
8860 9102
1646 3266
1805 3480
5016 7784
1569 7419
2229 9938
7 118
1246 9754
4541 6223
19 2354
4494 6616
7185 8069
6737 8600
5963 7713
7344 8128
5280 9961
7642 9383
8012 8953
9948 9995
3002 8242
587 7645
6925 9294
2604 6285
4712 7959
1751 6993
4114 7607
1015 3462
2187 3693
2616 6914
988 9875
7245 8579
1297 8739
4443 9588
1976 2302
1266 3319
4836 8925
8577 8838
2610 3204
1722 3276
4255 7526
3923 8655
8447 9224
5744 6528
7099 7454
1994 5630
4475 6958
7113 9066
3166 6372
8667 9380
9235 9647
4115 5127
8220 9818
7981 8634
2873 5047
3608 4615
2903 6509
6005 6647
9762 9854
9483 9744
2043 5941
1328 3076
1522 2874
103 8614
4657 7356
877
3274 2148
634 570
3763 3417
3828 494
4308 1402
6705 57
7852 5437
1988 770
120 111
5647 1261
9802 870
1725 26
6300 4894
6890 1456
1876 1449
4748 818
3688 2373
4937 4384
251 237
8721 5380
8981 8269
674 6
4919 4076
7117 2628
6940 2958
1133 285
2893 2585
1036 121
6123 2086
313 193
6839 1099
8200 2144
8059 3603
4852 2105
8032 4109
6995 1014
2361 299
9445 8852
3064 928
5704 2649
6021 5784
2843 1229
152 60
3360 1355
3824 715
9620 5103
4776 3063
8703 6334
6628 2209
327 158
664 426
4342 2765
9399 2526
7973 1326
2496 2202
4936 3505
5932 1046
5470 5134
2678 1332
6205 1620
1192 514
4209 3982
4816 2203
7989 5054
9142 7361
2400 1312
1143 1109
6534 107
1372 932
8890 6497
8922 2210
7012 3213
4215 1145
8484 3925
8967 4100
262 8
6501 4350
1891 609
4182 3197
231 75
7202 3337
1034 993
9992 4435
8440 7281
1662 616
2088 1547
2146 177
5263 2987
370 87
6892 3136
9176 5448
8976 7654
2972 2667
10 4
1828 1523
6219 4181
5438 560
2965 1108
1504 659
559 255
5185 4250
7364 1313
3117 1972
8679 124
3740 447
7541 5259
7904 6034
2494 2448
6162 736
4233 704
1688 1589
5073 4145
1554 271
7474 3814
5985 2115
9830 3466
9151 3149
507 300
164 9
8456 6975
90 17
5432 5236
328 91
2937 1081
4782 1287
3566 628
7259 1039
5294 3268
4082 3571
3760 437
831 137
1252 636
8278 8145
9796 8109
2517 2464
4559 3735
8340 1750
8426 6417
9519 3007
8156 1925
3662 3655
2402 2283
2126 2053
2002 1356
5136 2714
908 250
2327 2222
3935 3173
4044 830
3837 2345
1700 192
4081 303
2665 1931
9337 4536
7423 5588
6110 1703
7850 5109
5483 3779
3592 1541
3695 216
5841 3206
7195 1596
882 755
5231 1105
4848 626
89 12
5727 316
5450 4134
7949 6339
7031 2215
5700 859
1301 1221
2175 288
3330 308
9491 3065
8882 2268
9632 615
4447 3633
2767 2310
4687 1185
6272 2791
2225 1597
4815 3154
53 40
1926 883
1339 897
3752 3233
9496 8466
7029 2955
5359 4437
9350 4069
5495 3017
7982 3756
8409 1607
8797 5842
1210 806
8501 4305
4348 2485
9885 310
2384 1887
8490 5831
6426 6086
733 320
6656 2287
9008 6308
4204 2693
2171 42
4641 3795
8759 2522
1608 79
926 922
8019 6407
1657 1289
2016 235
2343 441
3914 2162
8602 3457
1927 1344
8176 6157
876 429
4670 3240
93 63
3120 1884
2996 379
3680 446
7787 6362
7781 2014
3038 2109
4046 138
766 369
6530 3222
2090 1561
2565 414
180 176
1166 611
1734 906
5711 283
6600 3217
190 110
4947 4571
1747 1216
7910 4828
5505 4140
9074 5468
5584 1408
1664 1490
48 28
6712 4892
8401 3838
7722 1347
5315 656
658 490
1740 534
7500 3334
4048 597
6720 5863
8535 3817
1796 64
7936 3234
6927 2924
1685 214
6837 1640
2962 319
4184 890
3876 832
5242 2113
435 416
5465 5342
9756 266
8205 5318
1622 1496
7357 5335
2131 1345
7138 4173
1904 1077
9864 8048
5840 5116
946 618
6575 725
4032 1098
4019 1613
2254 229
6632 1867
9678 6221
1899 1459
1868 903
2041 1469
2552 581
4953 1090
4497 4097
5022 1543
1895 1756
1630 51
8017 1424
6489 4746
8564 1642
3211 2865
953 858
388 203
6207 5067
4192 855
8236 478
6411 4654
384 315
5708 3984
3527 2636
1067 253
4393 1176
8239 362
8674 7391
5990 5334
7865 4121
4709 1991
2730 757
2216 1850
8270 7791
1446 378
8203 3872
1533 1480
1792 1217
8994 4461
3874 2842
4853 3902
5656 5256
9186 782
9434 7254
2193 595
3296 116
4083 1513
9969 1432
2656 1281
6811 3396
5822 2419
2578 2069
7976 6503
3001 1450
1068 301
1759 148
8839 6607
3081 1491
7348 7347
6965 4040
4975 842
3826 3190
4662 1193
644 213
8823 6337
8916 5112
9789 1120
6842 5991
1537 422
1029 68
2269 1182
9125 5847
6733 1932
8229 6373
3861 3226
6912 5142
2475 2219
3370 2684
8488 445
3179 2367
9342 1089
1659 461
954 641
6482 4558
5757 4430
7554 7003
8586 6978
9389 1813
6087 4146
5681 3714
4996 3144
901 162
4148 3622
7125 2768
4335 2867
8777 546
9366 4390
4183 3968
9178 1163
8463 8351
2507 635
1680 1592
9467 1157
6784 5348
3431 1600
8074 3082
9230 4228
5823 1723
2717 460
737 678
4784 1689
161 39
5583 3601
8780 3811
1655 1057
8695 117
4741 1357
2727 5
7380 6265
7282 4918
8850 3926
4279 2688
8582 8381
3974 1333
731 146
760 383
623 44
3406 270
6422 1696
9812 5779
2783 1498
5741 1936
2087 990
6703 1006
6744 242
8835 2550
5996 5043
6155 4754
5498 2256
5329 2454
8445 6756
9996 2539
1535 608
451 36
4564 3596
287 46
6619 2860
1401 1009
4038 3331
397 65
4245 2804
5217 4548
4410 468
3475 2595
2240 844
1886 568
7515 1364
3089 1552
6957 3686
9800 7680
9903 7271
6604 2174
2634 1330
586 49
9691 5181
1819 1399
1665 1095
7121 5532
3351 1530
6938 3430
6287 513
1262 263
9686 2226
9067 4036
9439 9408
2030 1273
6359 885
3545 2547
2244 325
3404 3350
5347 2128
9036 1083
6844 2917
5732 2555
3300 1940
7964 1267
399 341
5828 3917
1580 275
8682 8646
9609 3014
6289 1938
6743 2621
3533 1738
759 375
805 284
7075 5542
7955 5522
1126 425
100 22
43 13
6077 703
9051 3780
3985 1774
4065 2472
1279 56
201 185
6812 544
3078 1319
573 125
1134 716
7918 3996
8979 2196
9841 5478
3271 1892
5337 3610
8025 2393
5858 2658
7248 165
7917 1451
8531 3959
835 239
9590 9390
4222 584
6093 4247
6773 1791
2047 996
1518 86
4972 29
2026 1102
2314 714
2792 245
8510 7252
1026 676
9444 3747
8384 1742
1719 1654
4914 1981
7532 2280
9010 3244
5775 3013
4859 554
7503 1454
1471 630
8423 3835
7447 4196
4577 4276
243 38
8248 7407
2451 1995
6084 3019
3919 1671
3736 3123
200 149
4601 1116
8387 4732
3588 2631
4283 2114
5684 3889
6573 6190
4059 2611
5557 3172
3220 1897
222 147
9965 4584
4365 3513
7462 3381
5410 671
5525 2262
2420 1027
4879 2674
9457 7827
6491 1122
9746 7889
5474 330
6903 2383
1784 135
2172 1040
2673 1288
9193 1418
6717 6424
5812 4714
4029 1761
1531 824
4306 3583
576 398
3990 2282
2079 123
5404 3606
7198 4395
2545 1130
119 59
4672 4554
3046 1167
751 653
959 323
4532 2614
8038 2564
2822 1834
4805 552
3712 1138
967 309
8084 8073
1128 727
724 625
3035 2161
240 233
6250 5636
6487 5692
2870 705
986 452
873 624
5515 2970
2896 2417
2706 2120
9831 5626
3224 357
794 11
9149 7288
4760 3839
226 16
311 155
801 321
6964 5302
4332 974
7806 5639
7163 5286
5299 3723
9146 2245
7054 2154
6764 2036
7678 3560
7832 2082
4168 917
838 207
5295 1037
8946 4341
8962 4910
2142 991
7799 6476
1079 695
4491 3943
8947 935
1964 1371
6532 6294
4174 1776
3132 1771
9479 4180
5405 3392
9490 7070
4155 814
4169 1735
9127 1468
8131 3769
4797 1227
9594 101
332 197
7508 5736
5433 4638
2037 1591
6298 2064
4284 2953
3944 2509
3518 3333
8122 7499
9447 5668
2019 1710
593 540
521 194
3259 2807
1169 799
2691 911
9489 1628
1114 401
6832 5501
723 555
6659 6542
9136 7467
7319 2046
174 73
1852 569
1507 836
4031 1092
4131 3295
4804 1875
4838 2608
6652 5138
390 224
3187 2072
3879 3703
5083 1667
793 489
1155 563
4768 2544
823 520
5734 1493
9882 8275
4163 866
6385 2050
2851 217
8173 1821
3565 2809
8765 1124
7530 5090
2158 1141
675 396
7866 6045
4327 3050
9853 9134
5111 4663
2736 353
7637 6843
236 196
1377 969
1315 685
2514 2307
259 205
1539 1495
3715 3108
9197 3773
916 23
234 18
8636 1433
1626 710
2339 368
3237 1955
2850 649
5938 5300
78 50
9190 6692
6610 4366
9527 2732
6245 4223
9567 9038
877 483
4238 3365
4787 1544
726 81
458 457
8592 7958
4297 3461
985 952
6121 4260
968 220
2034 272
7723 1773
2424 921
6961 1487
8673 2989
8274 6793
5924 4013
95 54
2212 2009
3960 2645
8601 3426
4429 3726
8417 8082
846 694
2897 550
5580 3196
9954 4681
9505 4098
980 748
5602 938
3516 2816
4385 459
5282 1253
5110 3278
3946 3627
5754 3648
7919 4583
5200 4474
3796 2687
2183 1989
3423 600
1248 971
5873 3778
9290 2407
6414 2067
7055 2017
9786 4210
9861 7318
4911 4110
9043 1448
629 304
4739 1658
4399 1244
1465 590
9069 5974
3387 492
1462 31
5358 1517
8980 7707
3834 2431
3057 2753
8637 3915
1379 476
7633 4211
7802 2075
7472 2092
7212 4004
4537 1187
1160 821
6586 6546
6691 1787
2911 246
6234 3494
4524 2788
4905 3366
6701 1919
6642 3307
6880 4340
9536 5559
6194 4940
7700 4549
1930 1770
8143 5167
2821 1131
1016 933
1291 599
3628 2542
6846 3800
3134 1101
8407 3899
3576 1727
9636 6707
2626 1088
3008 2576
4651 2581
745 633
2462 997
6149 3981
6853 785
5887 2889
6883 2779
4400 2342
539 122
5453 2944
9236 5726
7860 5607
114 35
6212 3617
7724 6723
2228 828
4187 545
5343 477
6351 6036
697 365
8653 1755
5195 348
5597 400
2938 133
5271 4407
3572 2840
5599 3041
3803 1064
8295 5802
3393 772
1382 638
9341 9184
1614 1556
2898 2101
9214 2914
9062 8226
5056 3470
1807 352
8911 7620
5426 5188
128 74
454 27
4226 2181
3391 1924
1816 684
3705 2993
1562 743
6643 3442
1327 160
4116 3207
5753 5306
7351 5180
4075 2590
1065 209
2062 2058
9343 945
3390 2213
2340 1018
4774 248
2303 1284
3004 1681
7498 1149
1062 779
3528 690
3073 2504
3667 1961
2023 1528
