5
7518 8372
9885 9962
9365 9763
7862 8950
5102 7646
146
9170 3975
1549 1480
202 72
7589 7437
5016 3965
6578 646
9212 6777
9067 1046
9458 6972
5410 4474
5255 3562
6003 4443
7230 6287
9227 252
346 239
9698 4423
854 411
6916 3796
541 100
4867 1921
4257 453
3374 1145
2252 62
9139 7052
3327 3028
4351 389
1235 359
1011 331
4037 2203
2728 1592
2231 83
7357 3606
6363 4076
9355 6464
5582 4652
6213 3554
9716 5427
8118 276
317 152
4600 1553
2132 742
4771 4116
9475 2642
1962 1236
4188 1648
2942 2814
873 647
8989 3231
2604 2244
2350 994
3412 2206
8704 2031
7164 6005
7239 4843
2626 2061
2738 1477
7547 7169
6833 15
3470 3049
5476 361
7387 6414
9822 4494
624 105
6521 1484
6895 1272
7983 3996
1146 943
7097 5986
9525 6477
7655 1787
2748 2255
2543 1756
5400 3886
987 581
8070 2940
5225 5084
9882 3386
634 326
5796 3672
2487 1627
5321 3617
3481 2518
1694 740
6045 4005
9425 9122
8179 5204
8830 7348
7857 966
7971 2280
4096 2257
642 421
3093 3016
9246 1048
1524 929
4899 3005
6896 1622
8926 5472
757 223
2920 1874
5912 3862
1564 314
9360 3132
1415 688
194 112
5185 3946
2438 1106
3103 2087
8514 5240
3869 3153
4444 1853
2930 1055
5874 4197
6643 1668
2486 2451
6478 3731
4310 3572
6304 3291
4559 3681
7430 1084
7204 6088
1120 427
3279 1662
2165 189
1992 1651
6825 3168
1385 971
135 89
9454 4043
3171 2599
6299 2687
6552 2023
2401 818
2288 2016
2501 392
555 218
6077 1500
2283 53
3759 1454
3159 1406
4071 996
5671 723
1864 995
7489 3697
9589 4717
6783 6434
5094 1438
