947
1918 4637
1150 7525
3532 4543
4971 7948
1149 5317
6813 8092
3420 7959
4922 4923
4206 5515
2584 7497
9851 9908
284 9558
6241 9684
2951 9802
5742 7059
3570 5550
2257 5471
518 6948
2371 4555
3680 3969
6680 7053
6348 7640
1439 9656
2944 8505
9925 9952
9486 9603
8263 8847
7096 9285
9905 9994
1197 2793
3594 5448
5390 9658
1412 5262
1751 9640
58 3139
1605 3875
9121 9300
1235 9257
3634 7969
1173 8551
1860 7081
2056 7521
9917 9920
6328 7023
1537 4017
9203 9554
218 9109
8075 9477
2870 7325
1125 2890
9692 9995
5804 9318
7480 8338
9272 9584
8022 8147
5254 7282
886 6738
8851 9749
5669 7900
8629 8883
9330 9950
57 5662
2516 3805
712 5505
3540 5052
9056 9594
1855 2954
403 4234
3260 9021
8794 9704
8282 9609
3394 4865
4659 7795
4407 8648
3498 9923
396 8948
9632 9736
769 6005
8518 9877
7308 8220
9887 9919
8881 9379
9759 9780
5315 5318
6010 6041
9106 9366
9886 9957
6063 9084
2303 5526
7130 7711
3312 5455
990 1351
2242 3883
3449 4943
9378 9664
2659 5743
4513 9268
7874 8115
9384 9525
5608 6016
5717 9660
2036 7535
7078 7528
6077 9507
6295 8884
9508 9708
9557 9621
5995 7263
7393 9097
616 1143
8419 8917
3378 5041
9042 9772
3899 9091
4562 7798
9134 9788
7170 8829
974 1624
4791 7265
1264 6878
9935 9986
7244 8315
9296 9502
4840 6331
7164 7974
663 4149
6952 9631
3882 9061
4490 5632
4958 6074
6205 6805
561 7456
9819 9870
5345 8102
5311 6372
4924 7743
9361 9458
1472 1518
2512 9568
5167 8987
3361 9133
2025 6989
2324 6773
883 4583
6357 8773
1447 1928
6177 9415
2973 3922
2808 5827
5088 6541
5894 9229
2798 4483
5978 7163
3085 8494
4067 7123
515 2756
7683 8361
2672 6114
2720 5188
1552 3230
2792 3248
6472 8895
3035 5726
4213 9014
4463 7712
4345 9437
6248 7583
8160 9178
7481 9320
2343 7666
9633 9915
7146 8325
9184 9237
8266 9739
6096 6688
1880 9996
8291 9249
1043 6313
8898 9813
4032 6219
6816 7807
3843 4502
6300 7555
9685 9707
5647 7678
8328 8763
9154 9481
45 9135
9360 9615
487 7584
8596 9549
8484 9608
8672 9517
3040 9511
4867 5708
1384 8154
5602 8900
7389 7921
4210 9303
2475 6145
966 5677
2178 3096
8837 9292
3132 9174
2772 8890
568 3188
3566 8055
2694 4861
4048 6837
6672 9141
8909 9491
9342 9478
3530 9422
9181 9777
1553 5957
5952 5967
2217 6756
1079 9087
6259 9762
656 4188
2121 9540
5737 6319
5232 7492
5725 9107
8112 9586
9290 9757
9647 9771
4650 9764
7774 8964
2729 4566
3362 5969
9509 9585
9373 9674
8962 9388
294 4348
7219 9148
3373 6122
4940 7289
3419 5715
2442 7251
4370 9910
7839 8566
4771 5591
5094 8978
5371 9528
474 4987
5081 5809
333 6329
3705 6351
4568 6185
9138 9204
9305 9928
8908 9827
2661 5824
6068 7054
5939 8946
5795 6851
8190 9828
3769 7491
4185 5916
9120 9914
3210 5757
2923 9035
3967 4069
818 5236
7796 8993
5176 9974
1781 7971
708 2258
3436 4361
8527 9726
4024 6061
8857 9854
4810 5612
1927 4121
9542 9703
6352 9539
2586 2650
2291 2585
8616 8873
5194 6468
6503 7947
8023 8795
1758 2445
490 3943
6477 9614
7679 8593
2483 3912
4368 4479
1444 8965
8723 8966
6889 9661
5528 6695
1780 4468
8467 8923
1189 7354
1409 7236
961 8382
2223 7243
9668 9979
8737 9713
3354 9591
5203 7382
7157 7454
3144 4818
3006 9446
7724 9976
3529 7648
9503 9800
2984 9352
6058 9199
6846 7707
309 9336
1372 3849
2552 5181
3802 8336
5540 7192
2489 2741
7882 9695
8277 8956
2014 5919
4297 5146
301 7428
9274 9302
4364 9024
7401 7892
6286 9892
6458 9346
5119 7794
6184 7903
6053 6301
5772 7075
3355 8116
8830 9730
442 1645
2095 7398
5156 9009
8513 9225
964 1499
7457 8201
4081 9156
9299 9617
4511 4726
8781 9823
1761 9236
8521 9401
4708 4773
6548 8043
6067 8098
7512 8511
8379 9635
5174 7928
1735 2996
4000 8087
1406 7901
6079 9783
7622 9567
1018 5585
9497 9821
4932 9322
3043 3958
8000 8759
3799 6579
6518 9432
1133 8808
4486 5698
1665 6711
941 3403
5012 9196
1198 5865
3985 7529
9891 9964
1671 8250
8402 8493
9642 9792
3460 6446
4222 7120
4623 6413
9798 9873
4308 8514
1147 2882
9569 9578
1534 6039
5631 7645
2009 4739
3545 8563
2283 4325
3664 5808
6360 8541
6049 9192
8410 8819
2949 4585
1399 8667
7090 7475
7317 8146
2499 7189
7656 9443
9254 9323
1562 9007
7295 8540
6346 8775
7567 8464
1808 9959
1839 5405
134 6685
880 7129
5893 7205
6802 9694
580 6634
7365 7888
6159 8630
1813 2761
7128 9847
2699 6622
4928 6856
3645 4268
5018 9604
1243 7347
2337 6958
3504 4577
4586 8758
9723 9745
1416 6153
4848 5853
4300 6370
2352 7105
5104 8368
5881 8240
7064 8602
5310 7536
4436 9983
8938 9344
9341 9637
1007 9958
7061 7184
261 3678
6408 7307
707 2297
3189 8809
9251 9375
3804 4952
408 8770
8365 8913
8211 9200
9406 9532
1683 7951
8454 9842
2520 3095
5143 8040
1238 2658
5724 9031
6356 7662
8271 8844
3723 5855
7238 9906
1700 4714
6083 7208
7228 9933
6142 6308
3914 7202
76 2497
5185 8705
9884 9934
5681 9876
7786 9197
2927 9202
2486 7390
5238 8003
8940 9618
8016 9946
3508 9095
6668 6975
6923 7269
7323 7858
704 1536
3486 9817
2621 6576
1947 2041
3256 9543
1825 5709
623 1013
1181 4093
6828 8661
6812 9105
9440 9808
6505 8430
4774 9560
6326 8294
582 3846
5915 6200
3389 8394
2346 7738
792 5670
4551 4920
6017 6403
4385 9003
4025 5400
7050 7703
2818 9168
749 5102
7748 9266
1747 8652
4849 8958
6365 8755
2642 9924
9198 9806
646 8657
5265 8101
1038 8038
932 7671
7697 9122
3553 3753
1909 4312
5376 6430
415 7309
6840 8320
6464 8175
2989 4304
8631 9333
5896 7455
1681 7221
7 7292
776 9099
7235 9291
5659 8924
4090 5576
8234 9467
6595 6817
9289 9711
221 2941
9376 9766
9838 9868
174 373
4769 8119
2674 4482
1755 8423
788 1112
7279 7952
7015 8682
683 1622
4284 6917
6218 9998
1961 3231
321 3819
1276 4973
3889 5613
2707 4277
6023 9310
1121 7991
7432 8674
262 6565
1975 4302
845 8388
4633 6612
756 5883
2130 7665
8058 9871
2568 5510
4836 6378
9737 9853
3431 8805
7346 8351
7316 8761
8219 9286
8064 8305
4855 5273
8056 9844
7701 8013
9833 9970
2626 4534
7079 7421
4352 6035
3271 8273
6455 7161
7364 8878
6689 9536
5533 8791
5934 9929
8434 8891
9426 9750
8929 9219
3578 7005
8697 9149
7902 8598
1952 6167
911 7041
9770 9898
6092 8007
6098 8360
3647 4089
8543 8785
3787 5500
2330 9089
3626 9975
3422 5595
3103 5437
5373 8452
6450 8137
9402 9709
7483 9728
4528 5558
7072 8200
4716 8712
245 9359
1195 9797
3928 9117
3439 5499
9050 9622
1893 7655
1698 8678
3307 5748
6639 7598
337 4398
2163 7516
3655 6046
3517 5175
6609 9053
4152 7686
9470 9962
3220 9498
1666 3893
1745 7690
5597 9380
1137 1872
894 5243
8858 9131
4453 5844
7582 8196
1569 7877
5417 9812
1042 2048
2353 3548
8345 9894
5050 5481
5483 6676
3435 5686
4724 7291
4614 8904
8011 9343
6648 6761
7318 7955
6754 8688
260 4699
1741 2111
2086 7586
6778 7975
7985 8264
6992 8447
535 5330
1535 4737
5026 6401
8424 8778
435 1432
8963 9032
4317 4806
82 7452
163 1726
2656 9947
4452 7181
1649 5401
8309 8843
162 1637
1942 3946
7087 7156
6521 7813
5367 8396
6149 9404
5856 6263
2829 9280
230 7010
8363 8818
5115 6498
5084 6242
3924 6903
2417 5121
7187 7547
3666 4852
1293 4540
6119 7954
394 7593
8044 8846
4884 6007
7530 8350
2660 9482
3619 5312
4457 8555
2641 2953
1948 7272
5616 6287
4357 8618
8943 9029
7338 7806
3402 9561
8059 9452
7863 8341
9705 9794
1253 4912
3758 6931
5814 8191
9651 9902
1916 8469
7965 9038
5352 7413
4200 5614
2871 6467
5783 5830
557 4799
3657 5874
4137 5924
3760 7418
5251 9147
8455 8703
9837 9903
6666 7755
2593 6781
7399 7904
3199 6823
8397 9232
7553 7556
1217 6646
6593 9258
1427 9643
9051 9612
4537 8724
6574 8451
3421 7100
6038 8001
9350 9721
796 4578
8504 9431
8888 8984
2864 4802
7444 8628
3728 5211
4592 6425
4536 8994
1917 5693
5151 9593
6452 7242
3157 6160
3471 8806
3614 4858
4615 9896
4221 9157
1213 2529
3894 5961
7997 9119
8324 9185
4727 9907
4910 7396
2950 3033
1515 3049
4966 7375
2361 4900
1857 6530
7532 9846
2402 3478
5323 5634
2919 9677
6093 7696
2228 6213
6959 9834
6421 8017
358 6844
2548 7148
6171 7587
269 9551
1441 8867
1771 2280
6273 9513
5900 9026
7770 9938
1920 4058
1526 6033
1164 4785
9462 9663
2462 6978
1531 7726
1528 3125
7847 8666
1424 3193
7319 8735
1089 9389
7520 8318
8779 8834
6012 9555
6613 7745
7470 7885
1979 2373
6836 9332
4170 8815
6206 8698
7415 7939
7682 9335
2800 8875
6493 6991
2081 3041
4422 8209
3582 6947
9337 9698
6705 8006
822 3191
3794 8477
3919 7215
4144 8852
7762 7769
2406 5720
8592 9918
7213 9357
2469 5536
5556 9583
2369 4003
9734 9926
3827 8546
4674 9101
9634 9740
7098 8453
8831 9150
9214 9592
3729 7734
6307 7479
9638 9880
5945 9358
3209 6162
7570 8732
5286 7025
7086 8487
8580 9840
195 2690
1341 9170
6686 8182
1668 2894
6535 7868
4237 9124
411 6678
2426 7286
7855 8215
2814 3447
1657 2310
850 4686
1636 6216
6438 9036
2207 6268
1776 6504
865 5943
1946 2348
7047 9733
2960 7320
6960 8127
2987 9672
6864 8607
4343 7700
2524 8069
5007 8461
5154 7851
4426 5518
4448 9098
173 5538
650 1230
86 1644
1006 4131
119 9476
2040 7509
6411 9727
5652 8692
952 7802
7638 9921
7152 9776
3975 4887
1071 1960
9065 9670
3481 3920
4631 9678
2519 9242
5564 6393
8769 9487
7442 9187
366 5159
724 5639
4332 5038
1994 7933
1234 4063
7994 8340
496 1725
1494 8507
9702 9911
7405 9564
1024 2342
2328 6560
5813 7043
1851 5150
6943 7569
536 7167
3137 7127
392 9125
1754 9972
2336 8376
3489 9760
1699 3423
470 3907
6086 9468
3588 8944
7944 9419
6633 8503
2315 9553
601 8331
3091 5592
3737 5727
587 2884
9755 9761
9112 9807
8864 9226
9861 9965
7758 8820
3397 8613
583 6420
2547 2657
4663 8906
2359 5498
7303 9064
1305 8367
1767 6267
3109 6900
8488 8588
9548 9932
6080 8274
8440 8584
3810 5044
5117 9474
602 5912
430 2098
1614 7471
8067 9893
3145 7543
1155 5762
2007 6733
574 5409
3567 4982
83 1876
951 1501
8224 8670
8939 9207
5452 7193
2407 5548
2284 4606
8972 9068
878 9044
65
199 92
3951 2991
6827 4730
3909 1298
1393 1019
1437 130
3981 1304
3441 3278
3605 1695
9433 2810
3063 1316
1883 212
3057 1818
7248 274
9866 7962
5657 169
3221 1732
8161 6036
4053 1931
3662 628
5034 1
2074 505
2709 124
5287 3299
2553 2418
2596 2478
4879 4010
1318 727
5522 1310
1600 236
8212 6453
9086 7035
2127 1870
1514 216
1611 339
5736 4052
9127 2632
2350 1774
3252 2997
8738 3636
8213 2084
8668 7926
7764 4424
5935 305
2164 819
405 234
4450 2583
3018 1676
4494 3996
7937 1265
8591 1556
6509 2677
8066 5923
3600 3165
4781 59
4415 3316
6650 5862
2246 303
6934 100
1723 324
9445 8801
6532 5139
4653 4464
7880 6727
9469 1470
