194
8745 9174
5787 7947
4846 5370
6278 7710
1597 9546
6182 8838
5007 7072
3471 9059
8102 8861
2877 3292
5709 8991
9145 9629
2336 9678
5987 9691
8264 9166
2649 9552
9498 9650
5816 9017
7540 9233
5910 7346
2044 6350
6857 7422
5812 9020
9091 9539
656 7834
213 6663
7655 8310
3445 9149
6688 7645
6131 9266
135 5900
570 3919
1186 4262
9530 9887
6643 8487
4693 9868
8625 8971
8993 9731
6806 7443
6935 9030
8896 9473
3384 4231
8905 9905
5894 9860
8263 8306
6533 9447
7236 9011
9287 9708
5902 8999
4391 7450
4831 7720
5440 6661
8726 9198
7930 9596
9797 9895
5780 8505
7687 8224
4207 4949
2234 8103
1662 9561
1763 6635
1168 8405
3847 8157
8564 9850
5364 6921
3809 9088
6124 6356
9077 9521
3060 8019
5439 8667
630 1157
7660 8906
4531 6982
7619 8700
4776 9689
7491 7514
8492 8926
8312 9796
8519 9548
5473 9139
1564 3764
1129 4843
8499 9036
4485 8152
800 4194
5676 9322
5544 6362
4992 8008
3275 9936
8806 9902
272 3267
9153 9933
5532 7225
8483 9347
1752 5649
866 4745
1190 3904
95 3601
1342 5314
468 7960
2414 9137
8431 9595
7051 9499
8690 9931
2700 9923
3760 6919
781 6099
1210 4412
9646 9752
8924 8958
3505 8055
9224 9424
1347 9338
1904 7916
7906 9822
7670 9064
9075 9762
867 4493
8665 9695
2491 9437
5959 6570
2015 2540
2062 5048
6029 9060
3528 4784
4766 5698
5205 6363
2538 6678
5981 9973
9454 9994
2170 9720
5689 6726
5173 6725
7797 8345
8202 9172
3595 8446
6113 8361
4078 9991
3431 3559
2999 8137
5417 6237
5566 8413
7945 9453
8635 9464
8351 8649
4354 5193
1558 3759
6003 6768
3193 9632
9147 9636
7844 9280
6880 9061
3412 4067
8371 8799
1307 9108
3825 5650
4859 6775
9273 9754
2226 5513
2102 7555
9 5363
42 1944
3735 7964
5334 7053
2289 7726
8844 9889
3723 6781
8541 8669
3832 6720
6573 7463
1956 9907
5489 9583
2994 4917
8206 9414
1553 3993
9004 9478
6689 8776
3937 7630
7096 8195
3170 7264
733 4048
5892 6930
1571 7358
6512 7425
1507 7615
7958 9272
5993 7063
6685 8298
1793 8828
1195 3217
9074 9381
6844 9562
9309 9941
5116 7586
409
8919 1009
1281 1174
3700 3400
880 248
2884 2193
7430 4100
3785 731
392 54
1207 870
7577 3190
3034 1721
151 15
8010 5207
4472 3136
8331 3387
8436 3562
7789 4844
5004 2026
3088 106
4664 722
112 16
2247 1926
1418 1037
1430 609
8342 4861
8885 1780
3309 2385
8432 2350
3381 1816
5742 5022
2512 539
242 19
2364 504
985 827
1694 86
1765 1701
399 175
3296 2591
1995 247
5888 1062
353 158
5000 3842
7247 6478
7528 2330
4026 1692
3742 1171
4400 3530
7762 1535
9475 579
1781 1584
7138 1495
761 577
6258 1373
8927 4937
3801 2909
4910 1546
4938 2746
512 2
6366 5016
1852 1675
6002 1236
5202 1574
3252 2106
6645 5236
9165 2187
4743 119
4980 4856
3824 3615
1388 43
3625 489
3084 50
7957 1183
3852 3086
4701 3365
2797 339
6987 2046
1710 362
9777 4738
7564 7165
2582 1464
8875 2300
3340 2467
5091 4809
8846 1412
4515 2563
219 178
8340 455
420 235
7446 5312
3133 1203
2982 719
7341 1104
6853 2090
9378 8216
8408 220
5734 2250
208 121
7227 3938
6850 4012
1429 891
6211 2742
4247 580
7527 4671
2357 1446
7816 3131
1887 1024
5201 5086
9828 9354
6546 5295
2232 691
2786 294
4101 1517
2160 1832
8827 5375
8214 7354
7090 4537
2963 926
5992 502
578 75
7114 1188
6679 6232
8851 3545
1768 209
2173 1784
6068 4720
559 63
7678 4113
2456 1268
176 32
7494 2498
5480 3098
9761 3585
2905 1033
1730 1392
3702 2347
941 908
9597 540
6318 1976
1590 1257
7775 4178
9208 2763
5539 2913
203 117
197 108
2979 2634
6114 215
7033 3160
6306 980
8122 3747
552 390
4688 2123
101 56
2001 1880
1460 88
5493 5281
9066 6641
9150 2918
5943 2632
7199 5184
4833 2181
803 155
2976 440
760 706
724 64
8165 2468
7270 6005
9344 2557
9681 9348
6640 1249
2329 2200
3345 3156
2650 2352
9940 1984
3572 2391
1278 363
2969 1162
7416 2459
507 327
9909 5222
6139 3690
7530 22
5127 4962
7556 966
6467 1953
877 171
4293 700
9398 7336
5670 1086
7800 3102
5052 2990
8038 2225
1512 1408
5542 957
9542 6371
7016 3521
6010 5038
9477 8634
7389 5428
4803 2235
1983 682
9802 6057
2559 1578
8353 5538
4005 2912
4204 366
950 8
2631 479
6514 3163
4767 4548
9258 438
7868 710
7745 6584
6764 6702
5351 5137
9242 5819
4882 2741
4490 1989
1997 592
8268 7611
4981 1688
5389 5356
9732 1200
5084 567
1994 58
2280 1313
3255 939
6299 1045
7583 2481
3303 352
9360 5139
888 628
1683 1340
8261 956
4672 1775
1314 992
582 314
3795 2136
7169 1386
5867 3118
8231 875
6387 4722
6361 5181
8749 4263
2622 358
8304 5614
348 256
637 593
2675 1463
8099 5522
9310 4999
3236 239
6774 5775
1131 491
8985 3641
3403 201
7690 1153
6060 687
8834 4708
4157 227
8642 6393
9784 5229
1999 572
4349 1801
4277 3617
5947 401
8733 574
7728 1965
182 3
5064 4008
8944 296
1681 1614
8716 4960
9467 3649
1331 1073
3467 1265
1684 6
1022 728
2271 1071
3115 51
1696 447
5529 1091
6020 3934
8631 4582
3676 730
8389 3142
7682 629
4083 471
3574 1818
5558 4015
712 166
7828 573
8083 1631
29 10
1858 1317
1569 657
4444 3053
5784 478
3222 1594
6782 3126
3568 2868
3831 2822
1374 621
1179 1161
2761 1515
5030 3059
5412 2641
3961 1164
6652 5008
6529 959
5829 5097
2415 1891
787 246
8819 5841
7442 4334
1255 900
789 542
6329 3951
14 5
4458 2461
6469 1227
2625 772
8281 4353
5660 354
5453 1442
9827 5983
2122 825
7153 2356
9840 4751
6530 605
9982 3697
6174 1252
4388 87
4294 1003
5593 4327
4892 4704
1399 756
7132 1794
6210 3114
8088 1348
8758 6622
5763 4496
9433 2080
6218 3318
9753 1988
4514 1676
1907 170
8479 6874
2194 920
1284 1151
1719 1528
6625 1609
2683 2165
5731 2901
9861 6648
4217 1122
5253 2848
758 537
9213 6326
6749 5454
148 105
3791 3694
8622 3588
2174 343
5383 85
6298 4952
6750 2932
8542 3229
7972 6790
9841 5002
9983 7680
4360 2124
7768 4653
9604 3257
2807 773
7914 7020
4799 4150
5092 3189
3515 2085
1814 1529
3953 3720
9406 6587
2086 1328
2041 2013
2188 2096
189 103
4162 167
1934 395
5152 4447
4813 2878
1114 809
3390 190
231 45
1417 460
907 616
739 192
1628 1407
3035 590
8659 1105
5694 5276
9171 7095
4661 1544
2778 1666
8775 951
8457 3225
521 380
7134 5474
465 184
9493 1420
1492 173
