396
4284 9571
2697 7775
4607 8634
758 7636
5570 5690
8858 9838
3730 5758
8873 9132
2971 3188
8495 8531
6015 6338
2703 2806
9867 9965
8893 9114
3743 7103
5991 7190
7229 7233
4873 8370
4883 5694
3599 6936
5866 9918
765 3530
7129 8627
1496 5227
5701 7313
9382 9474
8453 9449
1764 7115
4848 6411
5112 8929
9272 9312
2013 5308
7530 8281
2713 6234
7 7666
4323 6550
2399 2402
8261 8822
8654 9626
3565 9768
7603 9545
8633 9786
9365 9587
7140 8341
4019 6006
5483 7206
784 2314
5492 9016
7617 9471
1886 9162
6156 7249
7141 9609
7144 7166
3731 8625
4933 7762
9976 9994
2856 2984
5429 8702
3894 4699
5768 9066
1617 1877
7768 8382
1151 8517
7548 7895
643 7706
2641 4777
8988 9161
2614 6682
9758 9777
4516 4584
528 8189
9172 9209
4932 6819
8957 9111
2885 8074
5438 8742
4973 9935
8251 8714
6599 9596
2672 4399
475 8169
5769 8733
5766 7435
7157 7953
4579 8392
5122 7485
7658 7994
8308 8989
183 544
6236 9205
986 2611
1194 3548
7889 9273
6506 9330
8841 9024
7657 9102
5586 7905
8794 9124
4676 6947
8721 9691
1399 5696
653 7533
4595 5813
7998 8385
4589 9088
2760 7753
4364 7736
658 8951
2995 7255
4539 7181
6241 7647
4402 5076
1905 7842
8243 9502
7294 7391
6046 8564
2592 6962
5239 7870
9173 9183
9723 9808
6357 8788
8474 8950
2968 7353
1554 4821
2366 8209
9326 9586
8970 9120
6177 8939
887 6612
2071 2740
9337 9785
2333 6047
4844 6077
6875 7963
2687 4398
4658 5066
2858 8046
8900 9756
9454 9742
8211 8278
7897 8337
267 6965
1351 2373
1606 8953
2234 8657
9902 9964
4692 5829
1130 5744
9978 9988
1059 6295
4452 4980
9507 9665
2842 9401
3282 8093
581 8354
9677 9815
338 6791
8956 9137
2252 2509
1264 9320
260 7429
1001 8600
4466 6598
1144 3298
6840 8772
2946 8776
8018 9224
5363 6816
3741 4664
7562 9069
4100 7491
393 9885
1067 8823
1854 4161
6672 8362
8641 9291
1323 4704
3325 8962
3796 6813
4186 8223
9619 9906
5454 5552
2419 6226
8520 9475
6576 9338
1668 4104
7210 7524
2950 7376
6228 9210
3801 9798
5238 8294
5533 8463
9236 9284
9931 9939
2539 9466
4431 4536
4975 9022
1802 8765
2138 5960
409 1221
9996 9998
356 3156
6111 9092
8918 8922
2879 9999
7121 8919
7920 7955
3763 5599
3393 9514
9881 9940
9712 9966
4191 9201
7463 9658
4259 8449
6125 7510
5400 8174
2558 7146
9630 9989
4444 7297
6440 8205
8162 9500
9883 9968
1917 7527
125 9485
9406 9956
437 6966
425 8681
8615 9764
8773 9997
6401 6903
3417 9820
7401 9417
9692 9827
5908 9859
7787 8411
804 7232
3277 9911
7189 9960
7256 7457
4722 6206
9799 9865
6203 9189
8767 9837
4275 8112
9437 9910
2220 4697
8546 8933
2370 4173
5473 6649
3929 5838
3973 6978
1813 5095
5796 6657
8880 9634
1464 3341
3585 7859
6124 8268
440 6383
2777 3076
8662 9856
3104 7058
2765 6835
147 9814
2657 8402
637 6609
1370 1398
3082 8246
8415 8853
4088 7030
4600 7300
966 3820
6193 7966
9225 9719
7631 8030
8538 9982
7407 9972
4162 5298
6421 9446
6098 8692
7625 9158
2362 6709
3649 6727
9297 9672
3510 5499
9453 9552
1368 7732
103 7133
262 3583
7404 8780
6540 7643
6151 8935
1037 2917
8276 9333
3140 7098
6337 8418
2356 7274
8685 9150
1704 7072
3281 5656
239 5505
1738 2957
4914 7213
1210 3256
3975 7556
6275 8063
2281 3925
3467 9059
6564 9194
7544 8313
1527 4701
4109 4392
4013 4669
9191 9954
9870 9970
2643 3010
7385 9455
7356 9493
537 6255
72 8886
9807 9944
2284 2969
43 4960
2816 7516
4002 8123
1584 8888
3673 6497
1384 4553
3428 5677
390 6680
5460 8860
8747 9915
2221 3890
3434 3976
4802 5341
2066 5120
9325 9662
2707 3057
2821 6726
9046 9546
938 3891
5844 9141
6130 6827
6817 8745
6736 9664
6684 9305
5722 9239
371 3666
8353 9091
4249 5877
4281 4429
172 1842
2109 5906
5358 7053
8497 8864
2886 3597
534 3401
6210 9912
5527 7455
303 4834
9566 9640
2290 5526
9276 9371
3546 4687
5115 8569
54 628
4505 6932
5970 7005
3297 8032
1189 4016
6638 8164
104 3778
8399 9873
5879 7414
6402 8071
6479 8904
2156 6580
3098 7553
3886 5108
2188 4258
7083 7943
9803 9810
1569 7069
9600 9670
8397 9909
3686 6152
4126 4360
1549 6900
6218 7649
3357 9153
8882 9036
3938 6260
9003 9006
821 1132
6026 7969
3941 4011
5314 7495
491
2688 2202
6086 5584
5924 3070
7811 1581
980 575
7423 5274
376 74
9071 2561
1700 810
6728 5738
7624 309
3371 3203
5032 2134
7743 1865
5652 67
6063 5951
9290 5671
3766 1149
5776 2145
9720 4500
2811 83
8178 5159
9744 1574
1964 482
2017 703
4738 883
791 188
6473 1752
6513 1828
8991 1930
8552 7806
7413 4055
7490 6395
9339 6941
3578 2149
8461 4576
8617 7377
4663 3981
379 131
5130 4220
6113 427
9775 5198
6694 3959
1937 1771
8322 1200
7769 7243
6586 3847
3978 2190
9408 2204
5452 4846
3349 1535
3365 190
5439 1403
3797 1369
4635 1915
2924 1615
3619 522
1997 109
2155 208
8470 2719
4205 231
4174 3351
7450 3551
4731 1365
3792 2400
1759 359
7311 4639
2189 2173
3405 1376
5967 5165
8054 5299
9632 985
1589 944
8307 8120
4530 4041
8842 6480
6776 258
2142 2125
9745 4115
9930 4761
650 469
7978 7777
1642 55
5935 519
7447 5030
5344 4103
6073 3048
1660 402
7131 1667
9797 2120
7550 7411
3129 1343
781 167
2344 1137
3163 1289
9749 8445
2815 1560
3436 1798
112 61
259 234
3034 1931
9311 7813
2083 1878
3413 2615
9722 8014
636 367
9531 1201
6739 5200
5918 128
2367 491
9110 5772
9038 2708
6353 6324
7446 5045
7805 1276
1779 1339
6525 3294
7545 4471
3953 624
2198 1100
8609 447
7959 6917
8034 4344
3503 1169
4732 4554
5537 2305
9585 1077
8803 6432
5005 1913
6558 2930
2182 344
9483 5983
1538 1268
664 566
2008 813
5181 4387
9622 9432
4343 3980
3819 1593
7881 5606
4773 171
6984 6887
1823 1433
2888 509
6588 869
6722 2372
9277 7175
2445 1958
8237 7703
325 187
2670 322
3884 140
3920 2729
1978 659
6596 3536
9095 3962
4580 265
8877 4182
1357 389
811 222
9322 9240
4861 1015
1592 622
7474 6478
6639 1232
8891 189
1440 672
5681 5413
3249 2285
2148 1175
4009 1754
8811 201
1047 562
3473 473
4414 2079
3109 1032
6992 2266
9886 2990
3052 2141
1374 236
5531 4111
9666 7585
7780 2438
1616 917
7996 1003
1287 30
8494 2542
8013 4068
7843 295
9056 5874
2589 418
5037 4274
1377 702
6094 2819
914 124
2256 530
6706 3939
5709 1624
9588 4080
8889 7143
2063 1654
9347 5169
8994 8170
4874 4325
2650 2004
3477 2845
1811 249
9242 2711
364 57
4178 2857
7740 6204
5648 5426
1745 620
2718 657
9861 7981
4769 1387
9388 7445
5660 518
6636 6585
9086 3194
8175 7339
160 81
45 4
4915 4428
3566 1774
1894 559
3832 604
4389 1338
7594 5291
1821 586
8690 3831
8978 1196
8212 2587
5173 56
89 37
3262 82
8275 7682
8586 7031
6895 1579
4072 3721
3441 506
510 136
6144 5913
8423 2974
7579 7063
7890 3529
9528 2518
3514 1809
7710 3159
2470 874
4686 1576
5375 2403
7397 1202
9782 8797
1076 731
5800 1313
6681 4348
2199 688
5352 885
2483 1243
4355 2166
3626 2767
1948 1206
9651 5425
8646 693
525 492
4339 3172
2308 1843
6620 2184
8194 3095
1062 502
716 420
5280 451
3684 1510
1722 251
6637 2169
3613 2698
4535 1577
1336 223
834 700
7388 5410
7089 3697
5917 5840
6035 3717
8707 853
5621 4824
1740 1106
6844 4062
6122 935
1355 141
3362 3012
1807 1556
4412 1284
2439 1728
5079 480
7264 6943
7400 2865
1932 769
5560 4052
5571 3128
5412 2455
1400 959
714 216
3727 1407
9520 6515
6881 1719
4311 3598
3011 69
6320 1914
8737 886
3217 674
8426 2049
608 429
8730 2054
3604 126
8557 5016
5775 904
2279 6
8649 5921
5382 3605
3384 2686
7293 5214
5834 4648
4698 3474
4771 1121
3836 1227
6487 4675
5630 3
601 20
4213 3185
533 200
1239 889
9216 3610
5126 819
4578 4280
7003 3993
4503 1492
4147 3579
6309 3620
8496 1784
5795 5437
7428 809
8642 6464
5336 1805
23 12
9391 6948
1824 1333
5174 1235
8111 4661
8790 8267
5103 3795
9084 7653
4380 1171
5012 3113
5678 2871
1532 619
1260 1237
129 53
8490 7698
961 583
3994 1874
7630 1282
9708 5490
6179 471
4566 3693
9057 1212
9557 8715
7721 384
4030 1956
2165 1065
8203 6918
8587 2277
2469 1901
2076 365
6469 1909
989 689
3698 1920
9083 3914
8819 5215
8955 7326
9845 1605
3303 1602
2131 486
7932 7526
5493 1356
2401 434
5941 4157
8976 7169
5263 2883
366 314
2009 1726
9811 7794
4407 2211
6763 3215
2127 1595
6852 5528
2517 1300
3882 3492
5273 3661
370 207
164 39
535 224
4406 2546
3423 1758
3459 1533
4394 3931
2985 746
893 162
1500 777
2647 1541
561 148
7817 3575
5686 5236
6018 5623
1172 1160
8834 2398
2485 1211
2393 1534
4910 4022
3863 186
5600 2139
8643 5488
9279 7358
4193 3314
5114 300
1887 1162
175 145
8188 7186
4357 2786
7320 49
9503 5019
2323 666
8395 1970
3750 3093
8439 4551
2612 936
3117 2547
7967 4931
2032 271
9616 2674
6863 1248
2661 717
6116 84
8837 5465
9383 5736
1832 312
5752 4152
438 192
9299 5896
9414 8156
3482 3008
4448 169
1837 1575
8890 4904
3643 3270
9212 7907
2694 593
9574 1696
6150 3021
2345 1469
1426 1019
6001 3826
3391 1316
2714 2560
248 161
5631 353
723 113
8432 3623
133 132
1451 416
5111 3956
2271 2197
9731 358
6859 5937
873 857
994 899
3243 3078
6669 952
87 25
8576 5519
7032 654
470 209
6267 5798
6306 494
7851 4582
4150 1443
2416 1814
2975 1796
7167 6190
2320 613
2036 1952
