259
5373 9656
1207 1647
193 2186
511 7335
9733 9890
8464 8707
3324 8760
5675 6204
3294 5467
6548 8445
872 2419
8482 8857
2232 3915
2171 3884
1515 5657
7245 8881
8356 9511
6031 9297
5988 9685
2081 3509
8675 9683
5416 6101
5148 9495
9677 9938
7280 9512
860 4815
9152 9771
9346 9947
1078 2997
6642 9183
5817 7728
9582 9778
2269 2908
6402 9105
2485 5976
2505 4230
2440 7002
2919 6447
476 1191
9599 9852
2689 2922
8658 8745
7409 8546
6364 6638
1967 6409
9097 9815
6398 8918
9525 9527
2335 9262
6955 7198
1645 6037
6377 7835
3057 8471
3119 6335
5314 8127
1953 4822
3652 8961
5422 5809
2783 2847
6784 7874
2994 3336
7413 9783
8950 9199
3039 5199
9569 9769
3408 5862
7871 9924
5568 7929
4006 8103
485 589
5022 5903
7583 9212
5436 6508
5844 5901
5589 8972
3217 6343
8876 9205
6751 7250
9120 9521
3580 9958
8609 9863
4274 7376
54 2810
5827 8800
6014 7223
4811 7511
4723 9089
5378 5841
8239 8974
7825 7966
8915 9110
5824 5834
9915 9965
5653 5953
2289 7264
636 7712
1880 5390
5255 8371
9787 9824
9019 9166
6941 7050
5803 7468
5208 7860
6776 9575
288 3007
7844 9274
2122 2402
7715 7723
4966 7091
7133 9912
9873 9877
7524 7702
9822 9880
7971 9723
8907 9874
1178 2799
3347 6477
6977 8192
3064 6010
2748 7265
5857 9031
7907 7959
2643 8493
4426 7130
1743 3511
5076 9929
6426 6722
4799 5471
5482 7363
9851 9871
5285 6528
2895 8747
4003 9545
638 2733
9292 9908
7291 9883
5286 9710
3348 5485
3303 6736
4521 7585
6789 8496
2167 9666
7570 7845
7783 9534
1408 9577
7290 8360
2714 6106
5879 9562
8016 8998
3116 4166
8414 9438
5037 6275
1481 4233
133 5427
7654 8608
6626 7155
9146 9776
3754 4067
951 7724
4398 9372
434 2277
5961 8233
9747 9789
8811 9647
1992 6410
942 3980
2071 3479
7076 9808
8108 9734
7043 9123
5725 8741
6195 8427
8570 9906
9445 9470
8243 9916
397 6287
9926 9993
6510 7448
7834 8846
9571 9756
5650 6427
7124 9957
2946 7596
4649 6704
6086 7831
2859 7994
2074 5291
6434 8895
6605 7798
8337 9061
3158 6613
8296 9412
5925 9903
4658 4843
4936 9650
2805 7416
2843 4325
5184 6470
7256 9961
4623 5995
1769 7797
9256 9466
6064 6482
3927 5532
6935 8884
2807 5716
4910 6564
3374 7991
4259 6669
6496 8499
2866 9509
4395 5923
9477 9640
6948 8935
821 7552
1453 8189
6385 6793
3147 6620
6095 6353
5534 6372
8796 9592
2916 5594
8626 9165
7431 9587
7483 9711
9039 9607
7109 7424
3857 8813
5556 7694
8717 9488
2042 8474
8083 8773
1550 8815
5790 7627
6748 9335
1174 2867
1779 4231
3041 8874
7559 9231
2068 6574
3397 4257
7569 8289
756 6962
2406 7633
7190 9093
3999 6497
9629 9782
1109 5152
3881 5912
8290 9235
9668 9772
1949 7756
2536 3205
9175 9375
4794 9409
2326 9974
6598 9063
7370 8711
1624 2578
940
9028 2477
8566 1987
5742 5512
4046 1678
63 62
1683 163
9253 8405
6555 3830
5478 3296
3989 452
5945 3471
3175 3044
9455 8744
2197 222
913 654
5075 1254
4403 2311
8547 2262
2264 1969
8044 6525
2413 1199
7475 5557
8304 5605
3305 21
289 146
820 380
4342 1065
8818 6196
746 680
127 55
7073 5118
6253 1236
8462 5683
3507 2079
990 139
9078 5979
6278 3832
5554 642
3994 970
1877 1214
5919 5269
8475 562
2983 2934
5800 1370
358 305
8064 5830
4670 4051
4558 3946
7473 6668
998 413
2481 1809
7669 5771
2642 1510
7851 4864
624 130
2036 383
8457 2899
4816 2940
521 223
8007 6389
1629 1266
324 321
7733 1468
5874 4847
6619 6425
9195 8714
2102 1350
8824 1274
6165 1073
9818 7523
2436 338
8661 8310
3142 347
1721 898
5668 2884
9969 5461
9486 2909
1175 39
5270 5226
5507 4147
5951 1660
111 9
5430 4014
5604 5061
5084 2433
9964 3700
8298 5491
1085 956
8381 4681
238 210
7178 3598
8023 2188
199 75
2707 2664
5620 3805
8446 131
2569 2351
7213 6592
5129 4890
1839 754
9241 1701
8403 5900
2070 1663
2050 788
3335 250
2874 2259
9978 3200
3644 897
4469 1506
527 58
6029 4123
9457 519
1918 1702
2904 2292
4290 1432
871 273
331 2
6812 4948
677 295
3042 1894
2493 1883
4145 2328
9234 6038
9127 7281
6726 3657
2941 1206
5907 3698
379 141
9215 6914
9558 4797
4976 66
207 189
4378 941
7219 3992
7492 804
1184 221
6577 3304
7814 2615
7328 3559
8449 275
7364 3803
1301 848
6818 1057
2248 554
1511 997
8801 5042
3292 1482
9277 2138
5320 3776
22 3
4994 3094
4072 2287
389 179
9741 6631
1153 400
9408 5318
3012 1898
7395 2200
1276 1031
4012 6
76 26
4449 1176
3514 249
4720 1220
8517 8251
7244 1028
301 182
4421 842
4700 4552
7171 6975
4457 2215
1950 571
1348 253
5410 954
2616 143
287 190
817 227
6995 3359
6678 6379
5398 969
9273 1286
2445 1459
5859 2693
3379 2148
1048 1044
4673 3104
2840 2139
7752 6052
5564 2254
6863 3073
1523 466
7720 1293
9740 5954
934 800
4717 991
5553 3798
4470 3209
7613 4789
5371 3896
2217 535
583 399
3780 3003
8696 7735
7765 5722
2673 503
5136 2597
3783 973
8036 2568
2631 119
3248 2353
7258 1986
5077 3236
5529 1897
2128 2113
8819 2746
7741 3568
6359 3996
8418 1282
8110 5577
286 247
6282 3223
711 470
1561 98
7048 4337
5353 2166
9703 224
9705 6589
6428 2802
8686 2039
3738 237
1665 102
9439 2034
2954 2533
801 684
9568 2573
9049 5004
1346 1299
6244 4639
6558 259
159 56
958 276
8641 128
667 509
6649 3171
8488 4229
11 5
8328 3589
2241 117
7933 1955
5880 3040
2871 2376
936 723
3952 1545
1788 1455
8419 3813
6270 1092
766 687
160 158
4226 260
682 277
899 10
3526 1344
6452 773
3016 1813
12 1
7229 2553
9265 6742
3458 407
7591 4099
7421 2921
2893 1796
9410 9026
6685 5807
9680 3626
1076 814
6602 5356
8030 1463
7761 1445
8729 2044
1082 529
2694 384
5403 2782
8324 904
2410 1132
9295 166
1659 1264
7493 582
6852 4007
9157 7960
8503 2266
7325 4550
9622 5736
7239 5340
3100 53
5215 1332
3815 3253
8671 6191
1858 1313
6926 2626
4565 3037
617 154
5336 3577
7236 4336
3415 187
3476 3314
192 170
5275 490
8040 7923
4109 3535
1467 1439
9481 229
2253 805
3445 2736
7599 5290
1865 258
5329 882
4217 1816
950 113
2781 307
7588 918
5500 1505
4806 2384
1780 984
7398 4554
1027 538
4772 1239
3353 1277
9659 6643
6318 6018
6319 3587
5115 3504
2281 2109
644 71
2547 1372
7153 1113
3312 2495
2175 1556
8315 824
4643 372
2656 1154
4353 314
3543 2212
5821 493
5442 3885
1485 151
8515 6381
3841 1415
884 186
9743 940
4130 3684
6056 5350
9243 225
4606 2488
5448 1884
1130 819
3081 2633
7917 5177
3442 2852
91 41
6791 1430
3038 354
3923 1245
1160 327
8284 5046
3154 1882
9141 6222
4961 1782
6906 5095
4406 2549
4630 1425
6295 4020
8925 8422
2226 540
7506 4273
5906 5718
5399 3633
5758 661
7061 3868
9849 7007
7393 183
9764 3325
2092 1633
9188 4089
2932 1253
9386 4440
778 298
5749 4629
8798 5896
9997 4210
9814 3352
7961 2545
3384 2075
7314 1167
9737 135
2331 1327
1892 1240
1582 1469
1300 205
6672 3617
8141 6027
6873 614
7665 2307
9987 8217
6224 5770
9627 8244
9369 7090
7821 837
9913 6382
8196 3607
5261 4028
7047 6271
4886 713
9538 4750
7479 4536
6820 5646
7098 3818
7019 402
7758 3950
6148 4549
9780 3029
3204 2317
6503 2729
6844 4297
6651 4784
5787 2285
6070 4631
1625 1304
7321 4983
5540 5154
6727 349
4984 4151
6802 6334
3033 978
353 32
2624 1575
4191 3969
7426 7383
1719 911
8531 8318
7624 2030
5344 864
4677 967
9171 9114
9366 9038
4478 3189
6549 1418
7947 4769
779 440
9075 6494
9291 818
9700 7965
840 620
3481 299
4142 202
744 325
8101 2777
5445 3641
626 564
5138 1767
4348 4060
5481 2469
3409 2681
9812 44
8454 8386
4441 4084
8927 7327
1699 874
4001 1738
3635 1593
2996 2993
2108 1712
9096 1689
9833 2953
5942 4785
3129 938
6168 3051
9300 4562
8228 3973
2770 1595
7145 6766
7038 6862
6102 5815
5983 2622
6349 4965
6115 3636
8528 7119
6976 5345
6911 845
5660 1495
4708 3435
568 542
5494 4845
611 95
4664 2131
1597 1077
6340 856
5332 2332
3418 610
6193 5450
6586 5223
2366 1868
5425 167
6169 6060
7875 887
4981 2169
3174 1169
4741 2162
9032 3079
743 30
4827 2638
1103 959
9331 8636
2747 1257
3718 1654
7349 326
7142 4878
4882 595
7762 2278
4998 360
3708 165
1881 1765
9139 2382
5232 4334
9230 5845
9940 7930
1446 869
8530 3844
6030 4763
8236 4675
2556 1250
4322 4029
6163 3242
4150 2375
3770 1480
3903 3187
2098 996
2511 1736
6417 4092
2118 184
4134 2107
1494 591
5104 4655
8539 6550
4695 2605
1194 1037
8934 1449
4663 4220
7197 2361
1416 1283
3197 2459
3168 2412
4773 3097
5662 3939
3124 907
6226 5541
1793 1260
5195 4261
8331 234
9628 8460
5159 1586
5617 5120
263 109
6641 2966
3561 64
8538 7503
9630 5890
3679 1041
2025 500
401 317
3573 2422
3497 1939
7137 3194
2581 2478
4456 2228
5265 367
2480 1151
7801 1187
4759 4085
3300 3283
8364 6386
1217 279
8060 2620
7084 885
1052 867
1221 120
5468 112
388 335
1398 443
4732 3890
4096 1930
9496 3138
3562 3143
9634 437
464 278
7060 3215
4602 46
823 252
588 382
9990 4361
7660 629
5946 2181
6929 6258
8232 8078
1608 291
2299 924
2316 1653
4594 2701
6500 5000
9135 152
4350 3576
7729 502
9662 1407
2362 78
57 48
269 174
5669 4714
4196 1437
2679 430
5777 1959
1703 370
8666 4272
2053 1847
4323 937
2828 24
3873 3585
7945 4416
3565 2639
6904 5150
1311 815
9493 175
7018 4942
4460 1605
1316 1290
8169 3488
2869 1680
8862 1925
4223 2522
3602 1993
1489 555
9037 785
3140 104
7026 5107
5640 2728
8765 3063
718 584
404 216
8301 5301
9963 5384
5745 4468
4061 3424
6016 2786
6969 1123
491 236
4922 1488
5651 5528
5875 651
5764 3937
5860 5017
2405 1325
8291 1320
5835 3856
5063 1362
4660 80
3603 2621
9293 943
4021 255
1667 1056
1118 126
836 329
1003 796
8426 5064
2602 952
4132 2026
1872 1690
5406 2318
9126 3553
8979 8877
8388 8166
7889 3730
618 134
2247 1047
1365 900
7031 5686
1822 1695
9664 8930
3869 333
759 8
7527 2765
1694 425
5170 3670
4160 1124
1829 1333
2310 1219
9501 2727
7485 622
9121 4162
4722 3492
2720 2298
9347 3958
7226 2698
2517 1424
6298 2356
9959 1499
5645 4891
7521 5974
6432 1312
1212 1067
172 142
7698 6855
8297 2489
720 266
9956 4872
7481 6041
7247 3651
3153 931
4289 2879
5460 1795
4131 2600
2052 387
4551 1342
4409 2683
1306 556
3276 1940
6240 3309
4444 979
5438 2703
7166 3530
6560 2078
1025 411
70 34
3955 3549
4000 51
5365 5348
728 709
3328 1691
5441 4186
573 496
7288 662
376 69
1982 1475
5278 1226
9770 2670
4914 4776
9570 7261
5724 5126
5321 4814
3701 1177
3149 1904
2392 1655
7744 3107
2370 1990
1827 1615
7743 1259
4236 2758
3910 1023
4129 3828
8559 3688
706 161
6003 4883
9503 7251
894 586
8492 5256
9395 1737
6775 2373
599 378
6119 3308
9973 1900
5498 2409
1705 294
6460 5361
8922 1535
1643 1542
2238 745
4840 4533
4149 3320
1637 245
1902 640
4218 262
5935 2397
3746 3214
6354 5294
4309 2116
2584 671
6057 3127
6292 2518
209 132
3921 2668
4858 4170
4405 461
6816 3913
9559 2970
8316 4958
5611 1357
220 156
6463 3769
2948 150
3646 424
5596 909
1238 761
935 450
9620 9065
9616 74
1086 835
9950 5792
2271 129
8188 6970
4954 2842
1848 339
4812 1411
3237 2516
5543 1626
6871 6688
9244 5786
9922 2333
1006 679
2045 1390
9138 7769
8112 6859
1279 1137
1080 647
5694 2358
838 265
6223 4126
6050 2548
2864 2275
1404 674
5932 4712
6194 2901
448 366
7619 5182
5469 2519
4204 2795
4780 4522
4156 719
6545 1460
8820 1578
1121 191
4260 1234
7727 4542
4013 3369
4790 471
4727 1563
3666 1310
6145 2458
866 198
7877 4824
2876 115
5172 507
9433 4451
4598 3683
481 101
8704 5789
4207 2178
569 248
297 162
1002 408
4654 1887
9216 2066
4718 4611
9699 5649
6058 5364
4501 3388
1739 446
5810 2179
3544 3464
7049 3298
374 36
7626 1101
7906 3547
3114 318
5411 2339
7112 2528
4493 1391
6363 6001
6228 6121
6999 5966
7095 5849
1079 369
9095 4959
4860 3228
3105 2465
6297 3207
4615 3719
1196 153
9450 2971
4650 1520
8527 3365
2151 915
9663 9255
987 530
9941 5533
6399 3512
2003 173
9429 7964
7782 3150
807 740
3555 1050
5598 99
4122 3953
8038 4589
6181 6043
3985 3638
1961 1923
3658 447
226 214
602 577
4374 1096
458 332
7353 6601
5877 2935
927 593
875 88
6081 5465
4810 1452
322 257
9464 2855
9768 394
4584 3976
8235 487
3472 1045
3213 2182
3521 982
5311 2499
7530 5039
3729 606
2937 1275
1830 506
5840 4291
8872 8826
427 200
9686 612
5435 4173
9478 3737
1046 772
7102 6388
8425 5101
5281 3725
1509 1343
136 52
1417 806
