655
7720 7749
6265 8804
8783 9695
4133 5671
7663 8932
7023 7626
4643 6808
628 9211
5972 8227
8602 9741
9378 9982
6867 8762
8649 9621
317 3993
1598 9352
1926 6391
8197 8269
1476 2931
2822 7712
7880 9793
3437 4391
1995 6548
8626 9885
5075 6630
6271 9366
3731 4580
7824 8658
8931 9853
793 7869
4285 4318
6494 8287
6856 7335
6794 9773
2821 4860
2604 9798
1186 9662
2015 6571
7283 9574
1395 7864
3712 9198
6579 8059
2564 6526
6208 9761
2851 9799
2603 8385
479 2733
3080 7595
3662 9183
2233 2918
3702 6514
1565 2150
7002 8808
1138 9652
5650 9870
2704 3159
4750 5406
9770 9991
2169 6780
625 9824
2553 5934
2700 8159
374 8840
3184 3939
6056 6638
551 8286
4175 9866
6904 8081
6769 7734
4504 5705
4677 8231
6637 7462
1730 8239
3819 8018
766 9013
8830 9505
7183 8238
2816 6451
9707 9825
2329 6152
610 6662
5645 9134
2698 9661
9256 9691
1439 6937
5975 8324
4227 8089
8594 9317
7080 9152
9717 9749
9830 9919
3381 7916
4895 6009
7587 9756
7899 9567
5522 5964
844 4178
6767 6890
1616 4247
183 3272
7979 9194
7673 7943
8549 9656
6654 9128
3496 9384
3538 7709
722 9777
1933 2226
5916 6578
1116 7011
458 6732
1781 3618
4053 5693
9549 9979
857 2804
9596 9857
2671 7478
3754 7309
8971 9126
6698 7960
1512 2124
3253 8715
6832 9480
7514 8478
3204 6022
1416 9395
735 6255
9972 9997
9166 9575
7540 8958
4704 8356
3309 3562
2130 6800
2031 5431
2052 3419
6539 7633
3593 4030
8255 9297
903 5361
9124 9416
9284 9766
1940 8912
5514 7850
4183 8874
8274 9936
1321 8134
1229 9267
234 824
5663 5862
460 3913
3770 6834
2431 3651
2709 4482
1105 9931
1545 8789
7198 9033
5715 8843
6567 7665
4965 7366
2319 5955
3286 5410
8031 8188
1627 9435
5248 9834
1366 4330
6052 8425
9764 9831
2251 8317
1454 5367
1700 4461
2521 3399
5328 8504
276 9162
6588 8915
316 4836
2040 2336
5199 7409
2231 4591
8642 9214
4294 6054
4471 6335
4605 6277
384 5463
2967 6285
8907 9545
4322 6879
7236 8641
6473 8739
263 7455
6876 9239
864 2720
7099 8920
2993 6568
9427 9625
7725 7806
6180 7849
340 1463
984 8009
1475 5345
6934 8941
7766 8497
1712 9014
9514 9976
4837 8846
2559 8923
3590 8916
9308 9758
6091 6770
6967 7887
7367 7692
3393 3676
1769 4842
7247 7684
2572 6218
9550 9852
9579 9838
8734 9845
7372 9525
8750 9417
8119 9641
7274 8488
1621 9007
9768 9947
4773 6882
377 8220
9450 9537
3601 5374
7520 7851
4562 7572
6400 7791
7082 8876
5307 7439
5695 9010
5132 9093
8475 8686
9154 9401
9282 9858
3821 8933
376 8574
1022 2681
6711 7634
6833 8498
8262 8369
3887 8924
4668 9398
6542 6580
9751 9856
1108 3521
7395 7867
7505 9012
2415 3346
3487 8887
4262 6872
8531 9563
1714 5186
3642 8035
3014 9509
6977 9760
9676 9957
5028 7365
1905 2695
1448 5516
6871 8120
7801 9990
8210 9213
5936 8708
1507 8917
8173 8256
2388 7543
4695 6137
5058 9836
9127 9894
9150 9294
3552 8655
9840 9969
2802 3966
497 6136
6998 7299
9031 9889
9476 9724
9456 9925
1685 7708
8525 9354
7437 7765
5117 8337
2877 3641
8544 9638
4916 7479
1906 8332
5220 8885
6678 6982
6946 9015
8965 9190
1318 2467
7272 9497
9323 9424
3317 4632
4975 8275
2890 8163
5801 7389
3295 5924
3233 8179
3154 7126
676 5939
69 4792
2902 9673
6394 9067
6595 9810
7763 8412
9047 9538
2482 6512
6442 6989
4313 8956
2924 4305
9888 9905
8679 9420
1684 3529
7653 8278
1816 5196
7619 8886
4484 6384
8148 8252
624 6803
7385 9849
19 9785
8319 9792
2547 6477
3018 6068
6613 6905
2879 6993
5658 6083
892 9844
4623 9576
8692 9500
9478 9874
4116 6569
8444 8536
7662 7930
6987 7215
3296 4857
337 681
6941 8937
7714 7809
345 7040
1599 7638
2132 5233
1150 5940
8879 9155
6 6771
6847 8548
5995 9755
4349 8096
4368 7647
9637 9692
1585 7842
2986 8738
6279 7726
5357 6435
8192 9438
7827 9829
5811 7750
6422 7601
2440 6624
108 7344
819 6362
2190 2858
2906 4435
4444 7152
4722 8898
5019 5897
698 8066
1572 3950
6486 6667
2956 4686
1033 9164
3202 5747
2533 4377
784 8407
8164 8779
4563 8603
2341 5723
894 5654
9249 9528
4222 8027
1194 5880
7828 7969
1900 2371
9572 9893
848 9247
8454 8858
5080 6635
4095 8506
1098 5601
2142 8259
8526 9989
4663 8693
7444 9610
4270 5254
2351 6648
8614 8786
5165 6263
2869 2903
4862 9607
6004 9403
4814 8981
7109 7666
7408 7918
1143 5002
1654 7797
1326 7079
1553 5262
522 3777
5911 7922
9601 9930
561 6497
5870 9716
453 6199
9104 9753
1950 6438
854 9558
3681 8854
8629 8942
8431 9715
7589 9776
6125 8573
7209 9060
1484 6553
8827 9958
7058 9966
6480 9561
2994 6969
5772 9367
4946 9552
5838 9503
8449 8820
2151 5029
1877 8453
2857 3281
8978 9108
1402 4433
6673 7722
1963 7539
2194 6850
3531 4475
504 2045
3061 3242
4950 7343
501 1400
4434 6676
1210 5085
6266 9891
6931 8194
6316 6738
2369 8719
4990 7902
1655 3673
9827 9992
1777 9634
3684 5803
3227 8466
7515 8308
4114 9038
1228 1908
8618 9524
274 8378
3263 3635
1375 5008
1254 4077
4421 8146
7363 7538
3597 7859
7224 9135
4269 9907
6538 7956
8676 9935
2005 9666
1407 9897
6261 6791
9565 9876
2407 2475
156 4630
3501 4046
4448 9473
4718 7346
4612 7098
9397 9489
9523 9850
4483 6742
4290 8959
664 1061
7717 7866
8793 8852
6671 7651
5272 8627
9517 9542
3767 6317
4939 6565
6750 9482
8477 9712
3806 5882
499 825
4736 5210
3354 9577
853 4035
8865 9543
5169 5503
5895 6510
9178 9248
7240 8419
4707 9727
364 1275
6821 6857
5691 9263
4395 8090
4642 8057
9315 9580
5989 7065
1307 4386
1347 4248
1474 1603
5385 9388
3478 8539
7382 9477
3714 9186
8091 8277
7182 7735
6359 8999
5883 8690
2983 4207
1506 9934
3401 4479
1934 3363
6953 7232
3716 6211
7631 8731
9648 9718
9024 9095
2803 8774
8158 8833
3961 5476
6272 6287
5167 7378
3871 7565
8689 8707
2551 9026
8355 9432
2463 8271
4534 8176
2948 3584
4345 8321
3333 6582
4650 8248
4980 9553
9723 9956
5135 8647
2666 3874
5749 6170
5441 9871
3297 7493
2921 5376
9373 9867
175 7007
5908 8242
562 7288
4360 4878
3054 3892
5925 8263
7973 8625
6921 7878
307 2472
4885 5031
194 6787
201 7341
5330 9728
4007 5953
6994 7088
8462 9037
882 7926
7844 8405
2512 7967
7258 8777
8042 8585
155 4778
6390 8305
2502 5484
6356 7747
3636 5983
8411 9740
4853 5610
3367 8995
1824 6027
3602 9228
6245 7203
5127 8354
862 3510
3792 7659
888 9036
8973 9909
6469 8487
480 7612
4819 7686
6831 7010
1428 8588
7147 9775
5605 8069
5244 6062
7534 9137
2531 3063
2672 3507
4611 6423
134 724
8460 9719
494 7458
6679 8518
9181 9881
563 5405
9922 9955
1709 4751
9995 9999
8775 9526
9410 9973
8296 9346
6132 6517
4141 5237
1938 4301
5365 8289
632 2707
2381 7156
9464 9592
9399 9747
3674 4127
7683 8199
4868 9559
4535 6299
3886 5643
4859 9462
566 4922
4556 9144
8746 9371
3130 8165
8415 8785
2675 4142
2102 2755
5076 5268
9495 9512
2187 4879
3996 5305
1865 2626
1711 8183
7559 9170
9820 9886
6815 8021
2035 5930
9611 9708
4018 4085
2774 3559
941
6115 4703
2046 1584
1813 1046
7810 3809
4136 4104
9501 7698
9816 6431
5721 2684
28 13
3290 2767
1830 1176
8867 1171
4356 2261
8166 6959
1735 1014
652 305
6487 3032
2798 781
9379 2171
3315 3284
4741 3051
1518 759
2597 1937
5905 3804
8797 5595
2309 1283
5655 122
130 3
6609 1921
5922 5295
4231 3546
3764 215
2131 1175
7381 677
15 1
4711 4455
4877 2942
5389 1544
7731 3095
7234 6078
7393 2636
3138 1451
4370 767
1999 1313
1919 1596
7636 509
8922 4480
3756 682
2897 2513
2173 1039
4 2
4816 2263
9805 5056
898 739
9504 4897
1452 362
9923 7276
1482 720
8607 5112
5195 2211
6099 6011
3062 1571
2397 421
8218 3649
9981 7134
9301 3278
8333 6128
5053 673
5850 2393
6337 3182
6801 4512
5909 1124
7180 837
7991 2282
3797 762
8535 354
3786 2306
4382 2166
9028 1590
267 56
8824 6095
6965 3194
9630 4075
8564 7837
7948 1982
7762 5620
7727 2332
3166 2859
6957 6668
3078 746
3279 3185
9046 60
7730 3027
3814 500
3992 764
9714 5552
6120 1192
7143 6014
7788 3383
5092 4332
5504 865
6973 4012
2815 1441
2964 2741
5222 2479
9487 9392
9466 4129
8756 1924
121 18
7672 2781
9167 807
6818 1981
3339 955
4283 328
7882 3464
2200 885
1699 261
3984 2738
1492 511
6397 3210
5194 173
5980 1292
9686 2470
241 203
6621 1356
8844 3557
1270 5
1132 165
7253 7102
838 623
6516 1480
9556 8632
5124 4625
9531 8244
3457 2828
7637 6647
6090 726
5404 1396
7884 7579
4164 2750
6347 1528
2929 2284
2298 2290
4024 1868
8174 2659
7008 5508
4855 3757
1477 1437
5768 613
4928 4747
6819 6310
6174 5224
6230 2179
1364 463
8265 2105
8381 5277
1970 137
1119 1107
9364 3030
3431 1989
5289 4473
1384 803
7585 76
5885 5867
7403 1927
5859 5017
2511 1841
5546 2041
3434 1213
9018 1879
2894 308
5926 4059
4820 1021
1575 1314
1348 1280
1689 608
1436 141
491 341
2120 1729
1238 717
8718 801
5450 4892
9914 5797
7186 202
8366 7554
9273 7115
9437 2145
8004 934
9892 1503
7148 24
7141 6012
4359 3240
1481 269
9277 3450
8954 1235
1028 741
9823 3443
2401 1371
8489 3907
1389 980
7448 6874
8759 4520
8711 2814
3291 2693
7835 189
4788 433
7222 467
9004 1645
7273 4339
2862 2195
4985 4908
6991 4930
2353 1568
8542 2471
5103 3687
8969 4726
1133 85
249 166
4577 3699
4956 570
2473 92
7531 1761
2139 597
4099 1265
9626 7711
1778 1353
1187 388
3304 1696
3220 279
9043 6426
998 223
310 266
2587 1847
8621 180
6146 413
4205 1424
1834 1676
4272 4194
7777 7660
95 67
2121 1191
4601 2067
5027 2080
8823 1268
9664 2011
1417 417
2010 1535
1385 486
4084 248
3949 1387
7617 3084
3327 2621
8811 7077
9801 3338
6038 1751
8604 1549
461 348
5340 3245
2721 1054
5984 4948
9342 2227
4273 372
2097 637
420 131
9051 8216
3094 2646
7787 2379
6237 6017
9443 1858
2249 910
254 75
3037 2937
1473 1163
2835 2834
8812 526
2722 2535
6880 6730
2125 2049
8615 2996
357 198
1804 536
1831 7
1106 582
778 104
3007 1519
2304 171
5478 477
1726 169
306 205
4615 2065
3200 2456
29 26
2427 2303
6292 5827
66 31
1606 264
2398 1791
2788 2566
4166 484
2595 1466
3843 3776
5985 4390
99 53
6074 1509
125 59
3920 61
7223 3036
6161 6122
2366 1796
8084 6381
710 217
6284 2296
9998 8520
7131 1724
4666 3574
3087 988
146 128
8284 2488
224 193
3433 1126
1306 914
5161 36
3177 855
2378 965
6496 1814
1057 297
4259 3422
2112 1359
8514 3902
7846 2043
7841 465
8948 6081
9207 8472
474 34
4803 2757
1300 89
8085 7312
124 9
6019 5145
2824 2430
9199 7453
4223 2730
4689 4295
2780 565
3347 606
8087 3691
1491 829
6260 891
355 346
4115 810
4550 1320
8873 1523
937 591
2665 2328
2222 943
3877 1607
9548 7703
3040 1112
4044 3494
8586 7752
8219 1146
6459 385
382 77
8800 4459
4514 1595
1062 515
5370 3530
1667 277
1332 280
6674 5168
1338 468
2338 1809
1531 1376
3232 823
7473 1701
9340 8648
6888 2724
6863 6458
4148 2696
8753 5177
7780 2615
768 339
1423 716
2529 2198
6264 1922
634 259
428 84
4924 3444
2250 532
6296 3218
584 314
5341 3589
926 760
8114 7084
5944 2799
9292 8011
5580 2311
7807 6015
4775 3485
6221 4681
4302 2773
8428 1878
7772 2874
8529 4874
506 177
5879 2085
5000 3489
7574 5170
3747 3126
1533 1058
558 218
9019 7732
3696 1060
5184 1911
3153 212
7949 5584
2888 176
7628 5121
1042 685
505 496
3793 1109
7560 7163
5421 162
7210 4521
3042 952
6233 5325
2870 2540
6975 4869
3008 1471
7498 4058
9233 6964
5791 3511
6681 4211
1636 1469
6772 4176
102 64
6143 4536
4962 2435
7848 2202
4627 1789
8842 2605
2833 1241
7819 6639
7964 5536
5238 4275
1516 86
6795 2536
7446 5548
65 48
9426 3370
4151 3025
4652 1018
8053 3148
3049 2364
974 542
7091 1495
5486 1790
3189 575
7480 5526
976 239
9204 7310
7063 2028
6909 2541
9848 7394
1609 571
7558 1916
3778 2749
5171 5036
6575 1266
9030 7699
2771 1682
4634 3000
5187 1806
3176 3173
5960 1093
7391 2074
8997 8782
7832 154
8990 4216
4639 3302
1801 32
3082 2411
492 283
1511 1053
3878 2977
8764 7509
4701 4589
1273 236
4177 436
7593 1316
8815 5435
8101 1111
5836 3282
4872 1693
1910 782
2534 941
2775 1741
7304 6025
8142 7578
1016 814
2321 1325
3508 3074
250 210
8476 6979
6629 2258
4125 1852
5394 1967
213 52
5835 4137
444 118
4163 2687
403 231
8400 7006
7436 1261
938 850
8237 268
5228 1705
2425 1120
1183 140
8817 6843
8424 4617
2461 1736
7415 1692
8420 2245
7550 7029
8880 3231
2846 777
6826 3212
1586 49
2910 2147
5828 4702
5052 1092
2266 773
8149 5830
4996 2653
466 393
2567 113
4428 1020
1886 197
688 631
3717 2973
4674 1564
5804 3710
2494 1075
4056 3038
7176 2241
7207 7106
3043 1713
1818 35
1071 893
3472 1181
1832 235
2412 2359
3997 2268
8062 1244
9533 6138
2631 8
6913 300
5632 3580
5708 4467
2170 1895
7568 3864
7870 2365
7883 7009
3945 3826
8977 1206
6126 464
7577 5707
654 192
2099 1628
1792 668
378 286
5025 2919
2089 423
2987 2911
9202 7642
3506 1362
4854 1360
4999 1429
691 657
9498 133
2649 57
6385 1542
3607 1510
72 68
2297 922
4143 927
4774 3693
3658 1935
3968 3746
1872 653
696 594
3560 1352
7748 4809
1329 936
6323 2274
8930 675
578 255
2343 1024
6340 6219
8527 334
990 643
7834 4846
9674 4094
9242 5628
237 159
4413 2323
9189 5432
9125 246
7193 4131
4371 1166
5889 2629
3573 3540
1731 418
7052 5898
4432 1527
5910 2444
3758 3167
2019 109
6687 2047
9732 5585
9264 181
1600 172
445 371
4910 1984
2863 1382
4255 2292
2826 1040
4169 94
7865 7199
5283 5061
4266 186
2516 2127
2109 1569
1038 577
7301 6222
788 343
5216 3660
6986 3740
4364 3505
5521 157
4117 191
770 370
8837 3454
6659 1358
5902 5565
9900 327
2575 1534
6860 3789
1656 1184
2844 1630
5201 1446
8310 6003
8911 5032
9192 1442
5527 152
2759 2106
1378 33
3257 2544
9259 6388
5319 3271
6197 4647
3430 2021
7160 6677
9713 6302
3983 1648
1752 1570
5101 79
9370 2905
1671 918
4714 3910
5906 1005
5971 132
5568 4397
4338 514
4648 1917
5538 2630
120 47
9645 4873
2498 930
7704 5894
9266 2149
6257 3482
4276 3466
9174 5149
7492 6303
4921 3609
568 135
6490 6127
3058 2141
2538 1003
6175 3311
2764 915
4021 111
9642 2612
7511 6246
1658 1231
1096 626
9428 5759
5575 518
7231 6339
1227 350
6148 3151
2614 1914
7194 2308
1625 979
7036 3190
7826 1342
774 190
9678 6165
519 502
2199 232
1193 439
1216 861
7957 5001
2346 589
2899 1807
9361 6779
5352 1301
6010 1498
2172 1994
9344 2389
490 107
4945 733
9933 4880
4281 799
3131 2126
8020 3314
8267 7037
4112 1434
6759 4387
9993 8972
5675 3592
5545 3769
2006 521
2647 1986
7295 6846
9455 6141
7449 6511
2570 2075
2123 957
7497 4453
6156 2335
7047 3322
1399 750
8512 4411
9640 2598
3962 2255
6781 5560
5534 4050
3181 2517
5943 1113
5736 1013
7555 1941
4757 3453
9964 3268
997 361
9089 5193
963 386
5792 257
2786 1861
4198 2136
2949 117
2998 2206
4678 3578
2289 1951
7417 4525
8696 5089
8712 7424
2384 2038
8136 6171
4593 287
3003 2885
9783 6483
9875 3909
2832 2683
5974 3835
2466 2152
2210 539
4545 871
3695 1624
4568 1410
4365 713
7833 4608
2772 1370
7507 5279
5139 1453
7125 6556
4477 441
3914 1464
6409 3102
6478 1530
7123 51
7325 3458
7340 5500
627 547
5689 4309
446 182
4517 2212
4901 977
8724 4101
3395 2230
8760 2135
2081 593
6685 3926
5745 2705
2054 780
9102 4733
2234 1330
2272 2232
3504 789
9940 8946
8563 794
1782 1285
8900 3773
4261 2278
2469 1904
3726 2413
5637 1678
8072 4697
9064 4396
9039 4422
9300 1449
1939 488
8060 849
6241 2662
5300 1996
1647 537
7252 5754
7296 2715
3226 2692
1490 878
2119 1893
738 405
5530 4079
3680 3031
2585 834
9081 2055
1269 620
4915 475
1851 1059
4579 1078
1218 1023
827 560
8752 4425
6212 4488
2192 604
4621 2943
5554 2782
7937 1035
3164 1738
8083 459
4033 1632
2549 1540
6956 245
8013 3739
9268 703
5234 2356
6707 3288
2751 2252
3425 1380
4896 1102
8576 4038
5517 2827
3520 1567
7128 4417
3958 1041
74 40
1683 868
5725 2360
8857 7139
707 510
284 208
4884 4074
1550 288
9255 5767
7374 4006
5071 5007
6785 5784
1288 1034
8875 4776
763 233
6942 3011
4530 4346
1762 58
9704 5829
6804 4284
3193 2591
3790 611
6465 326
7635 3081
6522 4607
6545 3509
5520 1304
3838 3794
2962 1217
5660 3147
1173 812
1212 161
3736 905
4817 4093
9702 1008
6731 5240
7383 4804
6862 5523
933 590
7120 5327
4911 3551
1505 639
4028 2810
1051 295
9285 1829
8303 4144
8450 5753
8351 1817
9837 2281
3774 715
5128 3954
4495 342
7582 5255
5270 3813
3330 1381
5343 1459
6474 2576
1129 660
5069 1226
6373 1002
4909 595
8025 6717
9061 734
6298 5381
649 529
320 256
6370 3744
6640 6597
9070 4146
9635 1602
2561 330
3512 1795
4966 2995
1324 1140
