319
692 5526
5765 9897
5562 8564
3194 5984
4422 8361
9972 9986
94 9958
3178 8136
8929 9099
9605 9867
1079 5986
4879 7302
2484 3347
7569 9505
990 9368
8118 8198
8169 8900
9606 9820
6592 6720
800 8475
7495 9980
1931 5905
2400 7697
4557 6297
5952 6705
533 3184
206 5072
1947 4231
9585 9926
4555 9823
4580 7884
8399 9994
9084 9374
4489 7213
6237 9555
8263 8490
2119 2897
3729 7803
4995 6599
7127 9717
1798 5124
998 7316
2419 8847
1955 2112
491 3720
3637 6061
8789 9656
832 2995
2139 3946
8993 9352
6724 8374
1167 8874
9354 9768
1477 9060
8853 9208
531 6730
1677 5978
7348 8839
9299 9950
1030 9076
7483 7932
6766 9822
6148 9044
5586 9593
8925 9921
9215 9459
3930 8164
101 3437
964 2166
9222 9620
7626 9096
9825 9861
8112 8603
2970 9312
4191 8991
4772 7733
9520 9936
6344 8775
2295 8006
9788 9870
4186 5103
3945 5844
6029 7957
2235 8093
9177 9894
9586 9603
4691 6917
4491 5477
8416 8880
4993 8239
6299 7011
1113 1195
5356 7555
714 9423
4659 6867
1449 9706
577 2280
5501 6829
2842 3006
4073 6312
2861 7675
6483 9573
2351 5972
1707 4453
7461 8910
2627 3758
5922 9419
396 6738
8284 8497
3915 7221
1567 7097
9847 9882
445 8470
3373 5270
7908 9185
1615 7161
691 5519
9269 9400
9553 9590
1570 7434
7446 9841
7978 9393
6971 8674
3726 6068
3802 5122
2140 8041
1682 8408
2033 8758
8339 8401
9952 9982
2493 2893
3365 6559
8715 9277
8121 8157
9097 9876
9956 9970
8392 9054
6994 7882
3138 8682
8879 9850
8119 9925
9690 9885
2645 8076
510 9668
2391 2947
751 6579
3059 6378
5410 5463
2845 8098
4594 8723
4616 6533
8616 9402
3079 7955
6641 9874
3267 6330
4438 7182
9940 9977
8292 8327
5917 7698
6171 8994
3061 4613
2944 7564
705 3080
6587 9216
9439 9643
4635 7511
3542 6294
7735 9829
4295 7131
2559 3485
3787 6204
2034 6513
5574 8111
5903 8483
637 9943
1866 5955
5985 7328
9965 9992
9525 9700
8267 8768
9442 9909
7525 8622
626 4487
2718 9481
5171 9467
1590 8309
6392 7462
9115 9146
4856 6217
3613 9901
4399 7112
9283 9920
2092 7505
3869 6697
8004 8132
1623 4216
6403 7019
4644 5807
6983 8489
8647 8695
9458 9983
7349 8797
3148 6688
4496 6252
7489 9878
8742 9471
7458 9303
2182 6145
6682 8449
1565 3305
7859 8748
6598 6650
8677 9988
9840 9873
6049 7306
4627 6773
5648 7092
6158 7807
1976 3042
3386 4783
9217 9371
3189 6028
8365 8658
1119 9304
9395 9837
7689 9653
1819 5409
8978 9556
6472 6576
2899 7647
8131 8733
8816 9960
6426 8095
6934 9550
6415 9755
2015 2104
6831 9447
8662 9704
2363 6750
3666 9067
5352 5594
7202 7225
3477 5884
2434 8632
6010 6949
6790 9985
8716 8764
4603 7355
6072 7704
3641 8837
2089 9254
4796 8069
3387 4738
8817 9689
8364 8541
9183 9569
1376 5265
3393 6862
2693 5834
3615 4021
4950 8054
5194 5793
8249 8254
9907 9981
8088 9045
5206 6345
6860 8236
2673 6324
4779 5613
9765 9973
2414 3652
6141 7496
4036 7400
6113 6447
7537 7786
4195 8461
688 2442
5283 8235
1545 3697
9866 9949
6507 9817
6076 8015
4533 7635
3471 9984
818 6816
7787 8412
5487 6986
8888 9149
5858 8336
7998 9863
8786 8845
8290 8760
4363 7922
893 9461
5827 9174
1153 7677
7397 8215
1462 7918
2500 3115
4823 7366
7504 8875
8145 9201
9010 9849
9038 9650
935 7459
1736 9203
4665 5316
5257 8459
5435 7179
230 7054
268 8686
5675 8484
1726 6643
473 3106
1516 6051
5097 6440
1196 3245
2349 8319
5963 6578
790
6133 5749
3334 1901
7910 7592
4238 1338
7362 1460
4702 1488
8370 8298
1970 1827
9092 4767
2752 1656
3857 1936
7829 778
2438 1862
3216 84
8224 7541
556 338
7781 2698
9134 3212
4583 374
6958 1875
4925 1625
4132 2547
4198 3795
724 708
4260 1524
6101 1755
2642 833
4176 3523
5745 3459
472 367
8413 2170
9143 3861
348 203
1105 762
6083 5428
6707 2585
3875 1933
1296 66
5604 370
3735 3163
677 387
4264 2423
1716 1222
5833 5199
7553 3763
9399 636
934 821
1747 722
7494 4908
3744 3544
2689 362
3333 416
7443 69
4667 2145
3236 703
222 133
716 173
7637 1665
6995 1562
5642 1525
9385 6978
8719 4918
7777 6354
9487 7815
2830 16
2525 1054
5739 1591
2600 2081
3487 1251
2242 78
7975 1471
3556 2274
8583 481
583 80
4672 323
3358 2822
7222 2330
9058 8372
4645 1118
6394 1914
6749 555
2314 1949
8288 6611
7490 1378
7582 4680
3320 132
2175 1241
6375 2321
1779 75
975 787
840 184
4746 2608
5532 1850
9380 5004
4499 3892
3017 1076
7580 4642
9824 7521
146 35
43 8
6206 139
3317 1276
645 562
1223 10
8040 5651
2678 394
2890 129
1438 138
2278 578
9258 6043
1006 972
6466 5203
5080 4917
7834 4116
8045 295
2765 2606
8068 1398
329 192
9035 1058
361 321
521 442
3182 905
7068 6984
7236 6065
8948 736
2251 602
5347 2402
4135 3461
4724 3443
402 73
2025 822
4686 2563
3384 2981
4640 1210
1577 684
1490 1104
4217 134
4498 1360
3572 2775
235 63
5617 2549
9326 4600
7253 6184
7087 2876
8750 7136
7579 5693
3175 1688
9872 4914
3508 2149
6281 2802
6422 1408
9132 6885
2655 808
1792 527
7992 6287
2611 915
122 74
8863 7374
9075 5279
7053 3021
1872 37
1243 1133
7570 5495
5431 247
6821 2578
8656 3974
1308 970
6956 1925
7669 4079
2888 32
731 489
5050 3809
3325 1689
9669 5720
9029 3221
5372 4569
3680 1342
5374 3378
4662 1963
4913 3751
3276 2617
1823 1713
6462 4417
8153 181
219 199
9171 2124
2176 916
1502 1441
1681 538
7934 1671
3444 1073
7676 7536
4373 2084
8165 4835
618 559
2178 1787
5817 2067
4612 2215
2975 1745
3745 856
8599 3033
1628 639
3990 3512
3516 3038
1873 1301
3494 2503
5796 4526
1235 196
6276 2456
9449 3353
9476 5311
8159 7622
7708 3989
4170 3388
9718 2674
6406 2226
2495 1966
3813 2809
8125 5162
3817 897
9124 2486
9228 8315
540 161
8295 3164
2926 307
2782 2168
4530 1266
9145 3864
9581 7101
5822 3979
4945 3507
8809 4317
5060 1592
424 291
7039 2411
9492 5567
1468 1109
6562 169
1362 1084
7571 1600
7799 536
8569 287
1245 1166
7249 1705
6778 403
1168 976
5814 2037
5180 3307
6907 1569
5970 3611
2622 1256
5412 3453
8740 2665
2046 823
5391 1652
6652 2520
4493 3035
3710 1424
2792 1452
4197 4104
4949 3515
7771 6900
7668 2942
2734 1825
6832 104
6569 6275
1209 894
9530 4862
9488 4069
9562 3992
1039 792
4705 2902
5906 5804
5565 3918
5524 1687
4247 2077
3970 31
9491 8554
2821 432
2793 2001
8934 5592
8031 4774
6687 1381
5865 5147
3273 2687
9416 3321
6524 1033
7655 7480
5475 1559
6272 4966
1930 1907
1616 881
9028 5987
5581 1940
3233 2930
4226 911
7121 3595
1103 914
2896 170
8107 3271
8857 1757
4743 4050
4656 2712
4866 1231
3183 2469
7715 6777
4436 2254
9786 9450
4033 1965
380 42
1405 462
8471 7308
2570 2213
9235 3914
4263 1580
8499 6604
4867 2651
9182 2035
4044 1673
49 11
8032 2127
4629 2281
4505 765
8220 2511
5010 1379
7996 6937
5632 999
229 182
9210 7305
1655 669
1708 1287
3646 3243
7351 3792
4261 3907
4443 4227
1240 309
1489 143
5054 571
155 44
191 118
17 15
2781 825
1620 617
7027 5571
3482 1051
3972 707
8999 8487
656 649
5779 3402
2791 1498
9414 5975
9169 4547
2142 454
5676 1383
1082 385
1254 547
2867 1265
7244 4147
6810 1520
5525 2161
4287 145
1598 1514
644 5
244 34
381 25
3727 3323
4571 937
4357 1926
6104 1211
849 438
5784 4391
8590 4432
5710 4723
6871 6197
4343 3831
8036 4062
7115 6040
5210 4952
4117 807
9194 939
3806 3129
4639 4466
8700 7701
5669 933
3894 2956
5218 1288
6850 2672
5890 2277
3294 364
9647 9193
2368 872
7656 7534
2022 1232
343 269
3713 375
9947 4508
715 86
4502 3279
2683 947
7094 4574
793 750
7296 4693
4255 2768
8043 1961
6183 611
9631 589
8019 2953
6711 6570
9081 5285
1813 788
4778 1604
3764 3533
3577 3151
8509 1801
2853 2384
5368 1197
7171 2931
9219 2666
1627 775
8396 746
2728 292
1047 752
6736 2325
87 39
3089 1982
1802 1124
8092 352
5849 5286
4912 2305
9714 179
7186 6231
4275 91
9545 3550
3698 3616
1274 1190
3800 2762
2871 332
1431 151
9356 290
4818 928
5541 3873
7607 1535
1201 453
628 576
5575 5569
8326 1200
2544 1453
1394 463
8279 806
7756 3395
566 306
706 325
3000 2207
7875 5100
8427 3502
5069 4228
440 299
5729 3047
8894 3653
6369 1993
2472 565
5332 1703
3246 2426
2320 693
3338 3239
7337 4035
1435 748
6230 4389
4202 863
5557 223
8431 1216
9785 7560
6826 6514
1319 696
1799 256
1230 842
3073 128
2323 413
2607 2031
6355 723
2516 1548
9280 4203
6035 5419
4524 2436
6313 2609
2385 1368
7324 3130
3581 996
2193 1208
633 405
5977 5655
7796 1536
2279 713
6484 477
569 500
709 642
7763 5919
6150 3462
3016 2043
7452 1738
3859 1086
8080 4400
2135 1063
5021 2784
8022 756
2186 1761
3335 2209
9734 4382
1959 423
5061 4015
3070 24
2908 2839
4911 214
7205 6946
7071 320
9328 4123
7670 2920
9477 7812
9123 4320
452 67
2955 1175
2361 2230
2238 1038
8511 2691
4131 1660
6361 5851
3372 3269
522 83
3355 735
7856 2451
2760 2030
9121 6428
7174 5096
960 45
9420 3160
3870 504
6583 93
3381 3258
1721 646
4063 2824
2258 1027
958 213
9462 4075
3860 535
4334 1968
5150 1212
2073 1543
9673 2412
5007 1244
8818 641
4854 1939
1929 955
3981 3389
303 239
8113 3517
415 293
264 224
1906 1430
6527 3659
6754 3272
5155 2759
5747 2354
7046 3422
8221 1957
137 62
3760 1399
6111 3382
4188 1555
7220 281
2497 276
523 99
7657 1605
5982 2198
4143 2293
1795 564
9273 6320
2450 1257
2940 1937
9727 3771
3049 231
5966 4814
3818 834
2367 1067
1183 927
241 110
2410 3
6662 6086
7946 640
8046 3832
8791 7246
9411 4899
8704 4181
2195 1888
6920 6616
6610 336
1868 1528
1807 874
8230 550
5331 18
9231 1233
3723 2491
8130 4579
5732 3434
368 250
8702 1527
9790 1344
2245 814
474 14
4675 1236
7855 3749
4296 2234
9239 1127
9046 8858
3911 3090
5429 2352
2267 2029
4768 1106
9942 52
3022 2705
3121 22
7231 1633
1110 944
4800 665
8754 8025
5003 2241
379 335
8710 3684
7830 4325
2568 1454
3023 126
2924 563
7702 6708
2098 1023
7079 2787
5640 5326
5225 4129
3829 3492
3400 1692
4704 4243
7507 1647
9493 514
4939 1741
3330 3144
4751 3624
4757 1299
8687 6173
8345 140
3706 3301
9316 5835
5965 1451
6075 1482
2231 311
8453 3232
1924 919
7167 6041
7684 4615
436 270
675 498
6443 3312
5465 4820
5716 3385
9905 2173
6607 2785
6515 4792
8328 6143
6175 1643
1083 835
3675 2789
9465 5566
3811 2632
2840 480
8759 2375
9484 1507
697 505
5620 966
9548 6090
8426 1731
3891 2825
651 482
5939 2309
4237 3414
6412 4661
1844 1352
655 420
2311 1022
4233 1892
4894 4213
2399 2306
294 171
7352 6296
1583 1419
3346 461
1122 757
2582 1532
6424 4739
3295 1574
4511 2772
662 497
6153 2732
7391 2304
8156 3756
6389 3585
1100 794
2216 1108
3786 841
9523 215
7177 2113
1670 1330
5821 4053
6581 3256
8281 7289
3418 3297
3171 764
8422 7262
7598 1069
5178 245
1028 266
2379 1064
9139 4061
7181 2505
8505 6235
1350 1059
3010 1597
4039 1650
5718 4452
5522 3983
7051 4784
4372 953
1382 258
4064 686
5451 3721
7543 6780
4025 443
3250 284
9281 6970
6468 4696
5106 3026
3709 109
1737 1048
5626 5494
4040 2353
591 548
815 136
1935 616
2946 2921
8397 6938
7723 2464
9387 4810
4171 3036
4618 2526
1637 353
6314 1871
2381 1269
3952 1415
2264 369
3855 2614
2218 586
2711 1261
7144 5860
7363 3467
7114 4285
5439 286
4157 2999
8184 4155
2628 1987
1309 733
7893 515
7258 2767
5615 777
5090 4189
1886 1642
1009 661
5811 4184
6226 4109
7298 354
2829 2679
8378 836
6271 3420
1180 366
3105 2812
885 29
6474 1370
1938 154
7548 6893
7963 5829
207 89
4490 4253
7649 7387
8410 2133
3281 457
