306
9578 9732
3610 7499
4195 8871
5878 7509
5501 9419
7926 8379
1730 9655
177 1124
85 1375
390 9903
8299 8679
9130 9276
3257 6850
6287 7878
2270 9445
8342 9095
3871 7488
8265 9241
8978 9741
3359 9462
8645 9397
1279 3776
13 5859
2401 4217
9934 9990
5250 6752
7551 9198
4027 9192
2873 9599
9746 9782
5078 8023
2996 5483
3925 5635
3310 6808
7812 8831
7469 9573
416 663
3314 6780
7724 7947
9829 9856
5973 9867
3513 8875
7324 8487
5152 5999
7238 9350
7040 7693
5323 7685
6118 8643
5076 6221
2816 4803
5039 7240
5899 6281
8219 9097
1429 7871
473 3143
2260 4657
1508 4670
8530 8774
8664 9477
8323 9413
5812 8322
7166 8538
2049 4325
6800 7294
3843 7930
765 9291
6428 9658
8954 9531
7540 7689
5240 6652
7644 8332
7124 8292
3882 6755
9774 9839
9012 9781
5610 7169
2549 3276
5200 7987
1894 7721
5525 6411
6695 8226
7347 7787
3036 4048
824 1525
917 4223
5309 6031
4263 9238
8419 9512
6574 9870
4955 8229
8148 8346
160 1437
2737 9208
5420 6633
3587 9285
741 9989
9951 9988
7704 9567
4701 4707
7676 7958
5437 9888
7747 8564
7453 9772
2097 4099
3150 8622
6946 9216
425 6596
6465 8486
5571 8567
1965 7393
6887 6965
7056 8197
393 2136
6533 8600
8744 8961
315 1227
9277 9691
8891 9962
3671 3959
4932 5826
6537 7268
5512 9996
8983 9523
3544 5018
974 7364
8368 8915
3268 4239
1119 2504
9698 9794
99 5794
7015 7311
4588 6805
857 7628
8349 9657
8210 9219
1365 7017
3288 6475
4168 4901
8264 9439
8702 8735
7612 9035
3542 6685
9438 9910
2876 4018
2492 9785
56 8526
4887 5299
4413 5646
3052 7346
4648 9662
3279 6598
2426 2703
2757 3291
4689 7479
3166 5523
5537 6189
3425 4621
4409 5308
3018 3910
4122 5547
2311 7646
5037 8396
5168 9639
8490 9568
4267 7480
1078 1798
1834 8102
7681 8187
6851 9098
8609 8810
7563 7876
259 1863
8018 9972
4212 5758
4755 5069
3835 8824
4139 9684
9440 9693
6115 6577
643 8647
1491 4632
9403 9505
5892 7441
96 5192
7345 9607
9987 9997
608 2915
9384 9913
2746 4335
6650 9739
551 4859
1545 1606
7964 7983
255 7844
341 1898
4864 6511
9864 9950
7193 7709
6405 8324
6913 9652
8827 9282
1837 2960
2699 7921
2448 3368
7375 8449
8804 8943
6196 8168
7569 9346
3038 7388
1285 9980
8019 8445
729 6396
9410 9835
1129 5745
5637 9086
1272 2142
8160 8976
3297 6799
3077 8830
2686 5660
1381 9272
2510 7941
7111 7384
6510 6568
3881 4544
4827 7726
2367 5621
3043 7439
8258 9622
3852 7108
5116 7641
2645 3741
314 7272
4140 7312
9006 9144
5760 9516
8454 9133
8163 8544
5280 9708
2575 7815
3530 4799
8167 9701
9184 9551
7623 9043
496 2936
300 3682
2029 6608
2990 4982
2485 6381
41 8945
8624 8922
460 809
957 5789
3796 8435
2012 8172
219 3414
1998 4375
1686 4387
3029 3801
2505 8401
5913 7031
9789 9830
6670 9323
4787 5278
7795 9681
3433 5161
8657 9887
9262 9923
4272 6484
9869 9902
5979 9679
2472 9108
7624 8779
1928 2893
7495 8958
4852 7637
683 1717
1282 7408
1416 1829
6669 8141
3702 9341
1251 2279
6305 7740
8046 8782
6476 9574
9298 9586
2756 5872
396 1977
7763 8130
2979 3215
7326 9158
898 1527
2692 3546
5101 8356
4161 5049
3517 8491
258 8720
4581 9700
8100 8602
9583 9649
6843 9218
1636 5934
3096 4453
804 5804
7564 9026
304 5875
533
8924 2384
7828 1360
9859 1994
8430 7068
75 30
4510 415
1991 1755
4812 4756
803 602
6725 5823
693 162
5154 4102
9922 9187
4534 4141
8533 1186
7993 211
1166 900
8560 7874
8170 1150
7807 3324
977 179
9747 155
3126 2920
1320 673
1102 187
5605 653
9909 6343
6826 1314
9967 6245
9560 5073
6534 5111
6285 696
9584 8796
284 184
3573 971
4261 3729
1490 180
7527 2761
8738 4013
4371 2580
3743 158
9150 4923
989 189
2621 2333
7524 2247
6253 2821
2889 1028
4833 490
2228 2145
5688 2636
7213 3811
9724 7997
3408 1601
273 26
8763 3272
620 453
3074 1177
6947 3475
6269 5471
2408 475
8485 4911
619 408
8326 7292
1426 641
205 106
5077 1645
9487 1997
9121 6085
5338 5047
7184 5356
4269 14
637 570
5048 3877
9726 3647
5620 277
1103 817
743 647
8696 3669
8471 5328
1387 16
3063 1514
7804 1316
7402 335
7271 1225
6656 5997
8085 3344
7046 7039
6956 3629
6131 1291
6234 2422
8259 5288
143 65
8699 1526
7424 3008
3262 595
7620 6128
9316 1895
1811 276
4839 734
5017 4396
6163 5004
4101 3453
4504 1133
2971 2042
8772 395
2966 1161
51 7
2323 2152
1682 498
7582 3141
999 881
3632 3127
4158 1248
4537 77
3281 926
1739 323
9771 6760
8789 7514
6667 1611
5721 3412
7101 1190
8849 7903
6921 6152
5074 1897
3602 644
7845 5549
5909 4173
4655 3800
6546 2060
6386 6166
4822 1297
9536 5010
4953 2640
1311 582
5053 3356
6787 1677
5886 2167
3550 375
2897 1547
4772 1520
7673 5706
2770 2184
2074 796
2403 356
4847 604
4297 166
9100 5995
8793 1172
8383 2280
1130 98
9659 5055
7274 6008
1068 3
8997 7261
7333 5898
8336 3892
25 17
1132 339
2556 1535
1607 1304
3518 1734
7117 4548
4838 351
4661 4455
6004 3638
7256 1597
1806 1261
531 243
5277 3563
3438 1544
3716 2553
1016 23
3805 2563
7027 4077
907 124
8084 7936
33 15
5935 2318
3601 761
7380 3399
4780 4720
9591 5325
639 141
9197 4222
2010 1841
1592 784
8944 7163
8879 2199
9710 9401
4688 3488
7448 1101
2313 1779
6297 4473
9503 1878
1499 1457
2393 1404
5946 2825
3624 2274
9947 2067
5307 3718
9714 5640
305 71
4286 4194
8098 7830
6846 5936
9784 5480
2118 535
4388 3978
3321 2188
4749 1187
3685 467
5988 2606
2660 2486
5893 4384
6500 3630
2949 443
1639 661
9621 7675
9116 2930
1839 450
6274 4829
724 10
5902 1003
1633 1357
6414 2381
3206 515
3699 3045
7223 4686
1310 1231
7352 5543
8753 367
5472 148
4315 3037
8802 7082
8352 7713
5326 4935
5439 2234
1781 922
6521 5119
7670 3086
5185 207
2141 1233
329 267
1832 1115
8629 2055
4414 2420
81 2
1549 142
5996 1317
5060 1847
7562 4009
4247 2357
1378 688
9305 8375
7461 675
2363 821
8854 306
646 59
3556 2096
7765 212
5757 5068
6801 31
1596 1335
9124 8671
8925 802
9309 7917
8534 2641
7338 739
4307 116
4696 2916
1943 726
5292 649
7909 640
6048 3028
4006 37
3732 1795
5322 4232
1153 1147
6817 4236
8937 2682
7420 3145
7023 500
6824 4946
3752 2614
8603 2785
7397 3131
844 792
2058 928
9651 6696
3447 2851
8271 7405
8131 1042
6849 4726
198 192
4429 4093
6941 6711
6350 786
3756 811
8437 1710
4051 3311
4165 1743
819 574
2000 282
8056 5574
7660 1962
5378 2913
4391 1510
4846 718
291 61
1712 168
8525 4238
805 235
8559 3701
8748 2777
4817 3856
4830 4709
5841 104
5774 3185
5900 3214
1247 1219
3745 1808
3473 1884
3613 2412
787 220
2124 1076
8687 2161
1703 156
7712 2646
7580 3955
6602 5594
6637 1949
9202 414
1744 1583
2650 2332
8339 4115
9252 5094
587 442
8917 4106
4154 4091
6340 4392
7803 5563
7616 4641
692 125
5920 4124
7226 1661
2005 487
6423 1173
8916 7062
6630 4926
4313 2871
1814 982
8758 3263
9744 139
5778 458
7180 4849
9703 1989
6720 3258
5301 1417
4206 4127
3735 1647
7477 7275
2619 969
8858 8787
9102 7241
1302 58
6569 6101
8311 5797
8060 6292
768 163
8615 4290
4745 4020
7159 2545
5295 625
6248 5559
5395 5106
328 62
9380 9049
3351 2744
5383 3611
7550 3374
8939 6107
8094 7086
8973 3684
1790 1206
4475 2579
8948 3503
1782 631
7183 3664
5824 559
1737 584
3205 2611
1934 1759
2753 1194
6288 4264
508 349
4398 1371
9889 3931
8305 7542
4786 3695
1287 703
7049 2559
7013 1399
9628 7198
4789 2839
888 615
3691 131
1012 4
5741 82
5208 1576
7556 4359
4538 1709
1064 330
7813 6246
6972 3071
5922 871
1018 896
1145 759
1396 1104
4992 4153
9235 8166
7534 1242
1635 1039
7298 4986
7281 577
7945 3670
9179 2214
5059 3277
7500 2768
7657 1605
7530 7373
4326 3536
9388 2823
8807 831
5493 5237
9314 7617
7450 5544
1037 790
1729 88
596 237
2496 464
4280 3617
6176 455
6798 2782
9483 6092
8749 5569
6175 5212
6009 4545
7045 3907
1885 1574
1195 853
8180 1553
4047 2402
6770 5187
8416 6612
5975 4824
6091 549
3512 1433
1388 1292
3070 2048
6347 2056
8444 7653
3243 1866
9975 9082
420 350
183 47
6683 1582
7466 4585
9088 4535
5521 865
5852 3614
8721 5612
1334 593
7470 1678
8872 954
5723 5416
9433 6301
8616 8048
7020 3524
176 43
8625 1000
5965 3182
54 44
1263 1015
191 45
7116 1419
1933 217
4123 2894
4117 1810
7991 3083
1475 1088
3472 1550
6119 456
970 586
4519 1395
6174 1828
6060 2377
9833 3167
4568 69
2442 234
3360 2241
5229 3975
4951 4938
8247 6592
5020 3246
1787 261
5083 434
8681 767
5236 1819
8936 6934
9709 1305
397 210
4807 3706
3540 3226
6190 3104
9532 7003
7608 5746
7140 5120
3007 2934
8705 621
8183 4149
8086 1281
9884 6731
8504 1799
1599 87
4040 3319
3445 903
4346 435
5324 4645
2465 1655
6838 319
3894 3523
822 704
849 42
