122
5513 6941
9147 9786
9045 9144
475 8652
3770 6545
6703 9133
2708 2935
4017 7385
8899 9049
7779 9169
3508 8435
2412 8817
400 4519
6294 9511
7565 9574
9728 9894
9060 9156
2368 6211
1589 8840
4336 8970
8114 9423
5973 9767
2499 8189
2278 6163
2158 4118
9946 9976
2452 5948
8308 8879
538 6981
5931 9902
9654 9820
4009 6812
279 328
7284 8517
5868 9730
6974 8834
1818 5019
217 6480
8677 9677
8713 9692
9232 9744
1581 8135
3960 4634
5707 9928
5383 6685
8851 9539
780 5845
6652 8809
345 4106
2845 4971
9429 9626
1998 7315
2877 5392
3778 8056
6224 9538
3321 8525
7917 9792
1835 3671
8881 9205
6770 7840
9878 9983
6341 6486
4371 5151
6668 9427
2649 9004
7618 7776
6511 8806
5690 7143
5712 7913
2841 3253
9467 9773
9346 9585
7076 9440
5414 6045
8527 9562
5619 5620
9198 9230
8379 9311
6949 8949
7046 9276
3075 7018
6565 9446
2707 5782
8746 9787
4849 6398
9893 9964
4792 7511
1969 4398
4433 5032
5946 9266
531 6131
6083 7578
4602 6676
2467 9696
4599 9116
6725 9556
5282 7763
4084 9040
6340 9014
168 6980
4125 8752
238 960
1971 7223
2898 5083
8128 9041
1580 6933
8471 9674
4359 8469
9576 9974
7427 8626
1585 3649
7640 9369
6336 8998
6032 7712
6639 8914
9385 9436
4362 7887
2809 3654
4763 4810
3901 6101
4866 5304
5598 6069
320
4233 3442
9813 6463
5733 4171
5055 3258
5748 3176
5766 5068
9970 2656
1854 471
7213 5866
2266 1886
920 789
2013 1737
7466 2739
9447 7181
2052 934
9941 7634
7702 1346
3944 3276
6934 1916
5979 2602
2072 445
8179 1321
5949 275
5943 2508
887 598
4374 3030
7538 6772
5146 1642
544 121
6176 1654
4624 4347
9745 1652
493 335
7056 3076
1716 684
6288 5040
891 816
3715 3474
9965 4298
2060 196
8403 7605
5537 3013
7693 7479
6338 4941
4771 624
2071 1550
6290 641
7795 5323
1032 1001
5510 5050
4983 2253
6415 4148
4804 3589
7748 1733
6379 1095
5863 331
6537 794
8028 785
623 216
9333 1115
3081 2622
2671 411
3873 3835
4553 4164
1815 55
7362 6170
5739 5359
3040 2105
9171 5214
3832 2541
4113 2533
4279 2115
8749 619
5084 1881
5894 3161
3503 1113
2678 188
8170 1289
9750 3275
1572 1286
7280 2277
678 488
1387 241
5687 5329
8040 4560
3899 3193
7430 4979
1686 1224
3716 2482
165 137
3316 49
7747 6354
1258 154
4289 935
643 417
993 301
2103 2064
7595 4318
7095 2616
1135 617
8502 4582
7796 801
1544 1195
7138 1176
7601 1122
3364 3307
5123 1745
3448 200
1141 747
7011 3407
6084 1231
3916 3730
9601 6683
2111 1128
2993 59
8742 3103
6735 3432
1680 1623
8524 911
6931 4211
2085 2026
7528 449
8876 7194
8482 4120
7423 2144
3237 1799
3773 1579
1922 890
2288 1313
4136 1903
7226 749
3961 909
4940 2987
4334 1867
6975 3969
9093 5752
4974 2376
3889 826
1612 102
3940 392
5270 1124
8224 5193
8892 8831
3195 2262
9271 3019
2918 2743
9339 8423
5854 353
3699 3651
4401 427
5387 1538
1910 1317
9714 8850
6781 6047
4241 2933
293 243
330 309
597 336
4665 1301
7295 3558
4872 1206
1335 921
8317 2701
1790 874
4087 1035
9496 5822
3212 2400
1669 1080
5584 1899
1587 729
77 40
5771 3808
8803 2990
3234 2676
9609 2207
1233 647
3910 458
5138 2167
2596 821
693 2
2824 671
1606 1417
9982 9047
8445 1889
9277 3794
573 515
9327 3920
8641 2455
1760 257
2912 502
507 30
5640 1009
4007 3462
3744 1802
1588 552
5188 2832
2690 1072
9356 716
6383 6082
2944 1376
5609 2165
4934 1165
5054 180
3809 1508
8431 3541
9583 4010
3033 42
2781 977
394 151
2096 1649
9998 6237
6544 5957
4080 1907
1981 941
1311 497
4412 4178
5775 3118
4745 3967
6766 5985
382 269
2729 1520
2194 1079
1662 906
2868 767
133 94
1253 818
8847 5738
670 194
7941 5618
6792 6324
2496 514
4079 2952
4920 1310
3203 2048
939 811
2316 551
350 7
8947 512
9152 8820
8790 3544
8716 7325
1763 1147
638 504
7384 6740
1744 229
7805 1822
637 406
1599 1496
6817 2528
7212 5298
1199 872
248 215
5274 5202
5978 481
6077 2634
6022 390
2494 2380
4291 899
8390 8294
8522 5439
2927 1336
4445 454
5657 5514
4572 4134
7563 6152
259 211
1629 1349
4748 182
4255 2698
2719 2381
3531 1131
3673 1421
5971 2846
7450 4695
2571 2431
1939 428
7971 5645
2780 2371
9530 8281
2045 1315
5860 2953
209 98
4968 1447
7590 948
3007 2221
3976 805
733 262
3546 2639
3251 1101
5624 2913
1634 1137
5547 4019
7101 6985
139 67
2689 2486
7972 3879
3323 2557
9119 5579
9789 7900
35 27
2306 460
6924 4794
9625 9262
3047 2712
1859 435
2382 2331
442 311
2964 2261
9305 7302
2232 412
6853 5844
2311 1256
4014 1610
7420 3218
6225 2797
1896 274
4788 3550
5256 457
4543 4228
148 58
