743
9500 9886
5933 8297
6134 9332
1947 6687
9436 9695
135 8399
6153 6549
6348 7187
8983 9477
9648 9751
189 3351
8016 9437
910 1006
2169 4932
1467 6586
8947 9671
2101 6042
1023 8750
310 9433
1011 7227
6166 7371
1128 1794
7294 7484
2053 3824
4051 9165
1925 3649
6035 9710
3519 8819
7932 9985
3862 5014
1097 5004
115 4831
1416 5066
1330 4291
9988 9997
7244 9529
5984 8296
6263 7895
2710 4564
1293 7123
4075 8117
767 5863
6669 8696
7239 9572
9567 9740
2135 5281
1204 8489
4501 8442
6007 9151
8258 8898
6882 7189
3268 7984
22 9057
9141 9240
7063 8574
1310 2336
7715 8859
663 7460
6397 6831
950 5412
1242 7151
9738 9897
2628 7906
9697 9741
4802 8602
4111 6346
9830 9892
8247 8744
5482 6698
1096 3985
5125 6848
5840 8052
4772 8437
1864 5333
1959 4057
4139 9817
3095 8471
694 5434
2080 5467
4713 5966
6289 6574
6658 8407
7290 8531
9322 9672
4 2471
7193 8292
5494 6712
7487 7943
9219 9661
7877 8618
3928 8261
7329 7633
1855 8583
8195 9986
5888 8469
1205 7776
9541 9558
1047 5722
1642 4527
1384 4684
6029 9775
3479 8570
6997 8075
5349 9063
5203 6619
5051 7171
1017 2512
739 2244
7781 8678
2094 2947
9488 9514
693 6371
8265 9060
4240 6767
8571 9823
6454 9864
5278 6952
5609 7641
3886 6127
4616 8454
7011 8438
1056 2168
6844 8708
6601 6796
5384 7247
184 2115
8657 9999
1591 8782
8707 9688
5724 6179
9956 9991
3299 7039
4914 6675
4707 6025
3483 6620
1365 3746
190 335
2746 5117
3089 4219
5372 7082
7054 7504
9560 9647
9073 9378
9055 9302
9328 9669
981 1246
2822 6076
1183 7929
585 1809
9559 9893
1234 3320
66 7226
5853 8376
8276 9651
4911 5312
1961 9183
234 6852
7836 8760
7079 7950
1449 8711
8682 8758
8899 9851
2842 9270
315 1320
4151 6595
8691 9424
6747 9215
8072 9454
9033 9965
6067 9720
599 9828
556 2765
4023 7337
3155 3883
4558 7205
9306 9547
3608 7531
9963 9973
8916 9169
3104 5841
5995 9922
2897 9014
7258 8314
4843 6405
4805 5083
3523 8102
3695 9894
9352 9987
7954 8534
3903 7289
6623 8625
4154 8660
1870 2293
2078 5891
7356 7491
479 3751
2513 9714
3776 8242
9015 9311
6338 9785
7214 9106
3210 4972
8447 8482
1111 6118
6915 9321
9402 9970
2296 8568
5687 8987
3740 4734
8664 9273
2540 2912
7996 8077
6913 9834
7361 8498
3633 7316
3346 5116
1488 7225
2416 8359
1446 5528
7346 8223
2754 7287
6983 7312
4440 9143
4989 7612
4994 5802
6701 7554
100 191
4091 5701
8722 9759
3965 7632
9065 9266
4868 5050
4354 6091
1919 7995
8917 9553
5367 9915
8835 9706
4948 6985
8232 9429
3408 9308
617 1810
6890 9370
4956 6270
1475 2084
2707 8942
3919 7847
392 3094
2640 6372
7825 9911
9172 9666
6121 6606
9413 9519
9522 9592
62 7803
2380 7203
5396 8036
8274 9591
444 5969
4673 5859
481 3400
5818 6083
2679 8324
680 9797
1917 3947
7899 8507
3159 9007
6428 9769
2201 8365
1137 5188
6569 9859
5746 6562
1240 7291
4278 6734
6070 9297
1251 7580
1048 1974
4401 7497
2874 4384
3439 7436
7306 8433
2997 5020
9521 9564
8951 8974
9194 9585
8021 9804
213 2189
4816 9089
147 4284
7870 8186
3228 4965
6626 7546
6912 8730
4537 9489
34 2981
4848 8633
7697 9188
7210 9499
6266 8484
8302 9715
4846 5157
3878 6654
1882 4581
5774 5857
8523 8887
9142 9384
9020 9588
8785 9549
4825 8014
7017 9616
4261 7007
4074 6416
314 1762
8159 8906
3054 8061
3937 4998
4539 6728
1751 6578
918 5514
9949 9983
8477 9756
5324 7731
123 9860
3188 9470
3718 8517
5558 8127
4801 6608
8424 8463
8921 9882
5754 7023
6399 7165
7790 9281
6988 9496
1887 8704
5377 7993
6958 7176
2795 3138
1493 2252
9159 9392
8905 9176
3675 5974
9624 9880
9683 9858
6998 9347
5614 9466
8035 8689
154 6607
2855 3527
3994 5122
9948 9951
1631 4021
1434 2382
5261 9293
4124 8911
2033 9042
2076 5270
4460 6776
7712 9160
6433 7284
7398 7864
2377 7142
8175 9945
9131 9391
8355 8635
1741 2146
1004 7273
2893 3576
7468 8542
1890 2721
1537 3630
4249 4697
927 7872
4505 5121
4064 5829
761 2081
7278 9752
7674 8040
7116 9845
6475 8468
5510 5599
181 2594
4382 9557
7683 8103
970 3555
7963 9587
1034 1991
4807 6516
5615 8642
2118 9655
506 8029
7886 9357
1913 2703
9354 9939
2569 6319
7987 8960
2945 4728
86 203
8802 9133
169 5427
9771 9971
9359 9976
5646 6404
3842 6198
4258 9694
5356 9450
6112 8055
6792 8298
1241 6230
2915 5881
1160 1248
1038 5504
8060 9246
5237 8174
4470 7518
2444 9249
1299 4760
9608 9846
6443 8804
586 9396
105 7884
9399 9739
4990 6823
7524 9432
3784 6063
4353 5309
2586 3806
2188 6809
5946 7670
3420 9855
9083 9456
1761 6856
3626 8042
9783 9907
2339 6124
256 2655
8269 9467
3696 3865
974 5986
8907 9341
5168 8799
8418 8979
3368 7732
8417 9022
4503 7755
1187 4903
2097 3778
3385 3827
204 6748
439 986
3533 5106
6532 9234
9196 9826
7340 8420
7136 8492
3921 5430
9750 9964
7597 8919
8287 9802
9876 9993
2266 6312
7800 9691
5634 8555
8603 9799
3605 7277
1951 8952
6966 8327
7622 8108
1087 5864
81 2729
1173 4830
6536 9833
1689 6471
3819 8627
5178 6469
2487 7327
8636 8925
805 7619
3353 7393
9941 9984
5680 7355
4215 8131
2218 5825
603 6048
8341 9760
8384 9645
661 5492
5869 9230
689 2690
1220 9445
2979 6079
8520 9673
2320 9808
5548 7376
4721 9960
928 2073
584 9711
5305 6414
8217 9961
1614 3769
5088 5139
9317 9362
4336 5783
317 1521
7706 8729
311 7865
4575 7202
8519 9110
4001 4788
3106 9676
3979 6534
8738 9677
174 5596
1973 8940
1148 6994
5892 7631
8449 8824
4679 7220
9056 9490
4644 8554
1897 8954
1733 9773
7503 9506
3836 8621
9722 9896
424 4550
157 3216
4551 7367
2887 9614
1091 7318
9787 9979
9243 9327
9390 9524
1073 6510
9728 9977
7448 9263
5074 6171
2196 7103
3813 9334
1952 3045
1592 6713
540 1924
2716 7236
9232 9426
836 7025
4299 9881
7385 9351
54 1361
9086 9935
5922 7805
8497 8553
3514 6953
7897 8343
8981 9129
2616 7259
5942 9092
5568 7002
1675 9229
2014 8721
5150 7817
6724 8290
1731 2370
8178 9104
960 1269
5365 5563
8015 8885
5539 5744
9280 9285
2890 2983
7140 7293
9933 9958
2447 3119
3780 4223
8032 8266
2496 8107
7961 9003
9202 9620
1764 2999
1743 2431
1261 6979
3500 4784
4131 9103
774 5641
926 1301
9909 9998
9570 9989
1147 9105
9414 9938
1888 8049
6051 6942
6185 7687
6196 8443
4323 6374
2494 4245
2322 4646
2171 3018
5380 6328
5699 9043
2374 4740
7936 9554
5326 8713
6812 6986
2919 5549
5461 7478
8856 9301
3544 3828
4109 4183
80 2285
5719 8230
5335 7150
6034 7862
3450 4790
3898 6031
3345 9408
9406 9555
3417 4094
8470 9136
9313 9926
6622 8935
7661 7740
2518 5469
8090 9901
6 7163
329 4520
2904 8199
3801 8056
6310 6926
9126 9734
1249 2351
215 7822
244 8556
8838 9228
1811 2812
955 8697
9473 9789
5524 9636
1611 3882
9525 9921
5175 5919
8120 8839
1284 1461
5963 7326
3674 7974
9649 9762
9639 9870
4149 7851
8381 9197
8766 9179
7009 9884
351 2342
6423 6902
1387 8666
2167 3579
3168 5960
5902 7146
3771 6176
3680 4082
8611 9821
9980 9995
124 2631
2705 6505
2737 9005
1324 5685
7399 8255
8897 9730
5620 6629
8273 8606
7199 8480
7777 9629
456 8176
9650 9665
4828 7084
8751 9307
616 3513
4013 6511
6019 7168
3504 4976
3543 6237
2173 7601
3429 9166
2561 4052
6982 8719
4177 5241
7553 8022
578 6255
447 3583
6692 9609
3938 4676
5214 5694
7183 9940
3256 4485
8631 9950
8784 9310
3844 4568
2578 6449
1068 7505
7074 8253
1703 4161
2965 3431
4943 5129
9059 9625
294 5773
9071 9806
3601 7855
1933 3775
7791 8866
669 1555
4410 9910
6775 9841
8240 9600
6797 9147
4191 4587
4566 9342
8923 9115
5717 8280
552 4808
3719 5760
5655 9210
3381 5973
9544 9632
1457 4678
6630 9829
295 706
7141 7656
3854 6694
448 8663
7693 8431
3909 7466
3253 9798
9304 9482
9355 9566
5721 8623
647 9376
4391 9668
3051 9966
3267 8755
1086 8210
1339 9093
6745 7499
7482 9138
3103 4946
1575 4016
2345 6558
1132 7624
8039 8252
352
6600 5532
3931 1678
6907 2525
3486 1332
7591 4794
2197 715
883 543
1865 366
5779 5071
7413 4005
1615 638
9379 7395
1588 459
3448 3223
7773 7635
4658 2013
5916 5577
7268 5771
9387 7223
1658 648
1158 285
3950 90
9967 6744
5741 502
4769 476
3957 2761
418 271
6655 2158
3423 553
2050 954
5319 4185
3156 2248
409 177
4254 1939
408 130
9670 3564
7253 5712
4244 3920
1928 1465
3654 2
6174 4653
1985 860
1381 1003
2475 2220
5813 2747
7501 6157
6177 6078
4590 821
2110 1175
4545 2006
1257 1012
5951 4155
9879 6052
8918 2347
9233 8071
3220 2841
8847 882
440 334
4767 370
2385 2249
5318 3014
1606 1496
3463 3055
6605 5801
3339 382
2010 829
4555 3238
2788 25
5613 3285
8323 57
1738 59
776 428
6386 5817
7860 2223
3411 2439
723 170
3391 1736
664 143
6872 2696
1859 708
5731 4625
6781 6050
4329 2341
4101 655
3446 390
5954 887
8205 3001
8959 4773
4752 156
1456 510
389 199
7964 558
7230 4134
3462 2176
74 73
9652 2675
5573 2072
8581 77
7655 3650
1315 5
7305 4325
2680 2430
8548 5076
8844 7903
7020 3164
163 65
4356 1154
396 388
4514 1226
126 31
3641 2481
5151 1045
2933 1884
673 458
8320 959
924 896
2043 799
9221 3934
9122 8026
1639 1000
3039 324
6408 3729
4978 4394
6684 4237
5252 4148
6304 1831
148 35
3453 1383
7162 3573
9968 2985
4371 770
5279 3639
3858 1308
1563 1095
4963 4439
7024 6484
2224 755
332 176
595 590
3677 2365
341 220
4152 976
9009 3702
5018 2059
6481 1362
7785 436
4290 1178
7753 4796
2955 463
8948 2708
809 730
7564 79
3645 1411
641 494
9451 7332
7784 61
3905 3496
1448 972
2116 637
4059 2284
9780 5438
2273 1760
2612 160
3811 1464
1833 1373
6693 4182
5451 4708
1452 1391
2047 1744
9087 5848
6739 5187
3893 2307
1583 298
4660 350
6718 4709
8096 4731
8002 4147
2565 93
8491 3240
7721 1159
470 380
1547 587
3436 3172
1791 1649
9825 309
8840 5385
7599 5330
9394 3251
7796 1296
847 780
9019 2486
8458 7217
6810 5282
6375 1988
7037 3785
7188 5189
6028 5195
4340 1708
188 179
2682 1624
9145 5911
5483 1901
8425 5521
9869 362
4735 3673
8485 3425
2624 1244
7608 3556
4256 2514
1593 1089
4225 888
37 13
3179 2858
8939 6667
7911 7500
9617 4944
1594 632
4671 3245
381 337
5343 1032
5913 5212
8564 849
2325 1746
3745 3083
8181 1280
3667 2454
7233 740
7114 5867
5081 2413
5109 1718
8615 6905
5338 1755
4986 2215
7241 4378
9017 7388
252 164
9209 6038
5222 4141
412 267
1640 519
5970 1081
2412 788
4262 796
7888 4202
5675 1540
2573 1510
6639 5416
4171 1739
8277 5391
6992 6685
67 45
5137 3338
9407 5520
2018 272
2253 630
5708 1341
6006 4691
233 116
781 151
7033 4983
8717 4288
2839 1519
5080 3587
3517 3313
7891 4850
2601 1661
1318 613
5800 2567
5348 3056
1781 528
982 623
2067 845
8842 3808
1621 1051
6614 1644
818 704
5833 2511
6824 6564
8398 8272
4072 2823
2558 17
2455 1524
7407 1010
3247 2820
5357 342
3845 2851
4337 1331
4095 3074
3489 293
8561 2685
582 433
5832 4196
3700 2232
117 104
6041 2476
3261 1490
3120 142
7710 48
42 3
6649 5855
4847 3132
2905 1253
9713 2618
8257 1451
9140 1113
7821 71
5780 4686
6450 3122
2025 1171
7511 733
2658 1636
3821 2861
4935 1566
4032 2830
5572 3151
1079 571
8563 6971
2138 345
9421 1980
517 425
8630 881
7684 2057
4452 636
7723 5269
3540 3181
7628 4314
6429 4594
467 383
9134 14
1693 490
5446 2132
1742 406
4666 695
9631 8435
2470 466
9205 6588
8875 4674
3287 446
1165 969
5872 4096
3659 1109
8263 7319
627 454
132 114
6376 1908
289 136
3969 2903
3040 1070
7471 5243
569 489
6172 1803
5405 2551
