819
5596 8126
6541 7087
5127 8496
3663 6023
8032 9246
5290 6957
4802 9976
646 5056
7286 8251
5071 6825
1070 8198
6447 7462
9242 9948
8219 8714
7260 7548
2348 3099
1097 2173
1884 9745
6534 8262
1042 5853
971 5241
1570 3385
2816 4299
8114 8958
2602 4986
8110 9219
5900 6937
8772 9353
9041 9778
3754 5599
2481 9177
657 762
3738 4513
7252 7362
6335 6796
9913 9926
9454 9791
5939 6614
3455 9181
6007 6205
1696 9419
4948 7719
7976 8404
7973 8484
3730 4607
8337 9992
1149 2473
5936 8656
315 8953
1566 7761
1964 7450
8588 9381
2698 6142
5239 6392
4031 9790
117 5408
6723 7272
2183 5333
2494 4569
8395 8523
3257 9065
1888 6820
8906 9720
4384 6420
3241 7988
5455 5747
719 3045
446 8810
6738 8642
7923 9054
2360 7282
5324 5848
8918 9326
7220 8661
4591 9661
9552 9680
9255 9411
5209 9343
2055 8998
6337 6364
8135 9634
8433 9356
4745 9504
3353 8394
8759 9531
2321 5301
5738 6232
8019 9143
7219 9549
9821 9844
6382 8256
2831 6604
7586 8038
2902 9022
1126 2892
2449 9431
5488 6691
8519 9690
4995 6355
8868 9474
9860 9872
3944 9983
2538 6772
5014 6601
417 1411
6907 9251
1777 2057
9355 9965
3158 6658
2901 9684
4876 8792
7357 7855
8571 8679
8052 9499
5712 7204
7061 7150
8305 9424
5539 9902
1510 4952
5557 8566
531 3644
3192 3234
1136 1481
456 964
2628 4535
273 1309
6069 8948
6862 7386
1111 3038
6759 7655
2768 8926
2274 8516
6464 6966
9127 9608
750 7573
6521 6906
9908 9968
3649 8261
4768 5314
412 7351
5183 9323
150 2803
8905 9114
5424 8294
6400 6908
7176 9912
1800 4583
6430 7203
3504 5159
6479 8580
2911 4570
7764 8049
3072 6662
4051 7451
1184 7025
4151 7168
6680 7982
2807 4603
41 1235
4298 9806
9496 9591
4085 5529
5400 8780
1244 1402
5720 7108
4261 8556
9580 9997
9776 9893
9222 9338
7473 9915
3047 9066
3159 6865
8624 9532
9922 9930
3285 8146
1412 1915
1861 7013
986 6317
4919 7496
7353 8973
9371 9797
263 9621
3965 5875
8853 9590
6416 8282
6494 8678
1134 9486
6587 9413
8980 9331
1719 9828
6463 6882
2336 7142
2140 7729
6348 7892
8085 9247
4937 9456
7870 9369
7633 8349
6925 8929
8938 9942
3306 6194
7983 9275
4837 5543
9689 9807
9814 9947
5319 7361
5887 7975
1753 2308
6433 9071
6220 6489
7688 8196
3343 9493
6504 8432
5737 8967
1932 6654
5878 7647
9749 9784
7432 9780
2120 4572
8252 9270
5941 6734
3532 4124
351 5080
5980 8340
7630 9197
253 6272
2829 3848
2259 6152
3824 7776
7100 8441
4960 5969
2118 7946
693 7691
5962 9287
6149 7667
8303 9754
7456 9308
340 2565
8847 9183
4739 9822
5904 6637
2844 6212
1144 8197
7460 8236
1821 6402
9838 9907
4991 9102
4195 6053
3889 8902
9059 9595
4076 8651
1522 8633
1023 2970
9700 9963
7182 7697
5800 6172
80 3982
8326 8715
9185 9397
1878 9655
3273 4254
6931 7105
6213 8787
6428 7942
7434 7533
1633 8644
7430 9795
4857 7039
4764 6646
9192 9465
6409 7937
1060 1727
1342 6616
4790 8334
8092 9679
6692 9758
4737 8479
7986 9833
7541 8075
9176 9289
4027 6897
9550 9849
6802 9545
5015 6138
6617 8701
2179 4233
2388 6953
780 864
212 6748
3931 7014
8608 8763
88 3338
1093 4320
6585 7422
2293 6466
3445 5839
3374 4842
5734 7666
846 1811
4963 8374
1980 9280
4964 6459
3329 7944
3551 3898
1192 2993
4182 9869
2985 6715
3379 4463
7421 9304
4030 7102
4662 7134
4186 9276
7264 7408
1032 5880
8691 9034
6105 8586
1825 4408
2075 2598
3607 4706
6493 9811
6513 8310
3523 5672
3903 9959
6064 7276
3127 5322
5192 5200
8946 9288
9293 9765
9890 9967
690 6362
440 2330
5050 8182
1300 9645
5773 7945
9979 9980
2372 6727
252 3260
9179 9223
7428 9616
3767 6021
4931 7979
6510 9625
1332 7157
1721 2747
8540 9614
5569 7977
5169 5246
5214 8977
6780 8768
5758 7921
1550 4629
1048 5625
5212 6508
147 928
6903 8842
8329 8719
8237 8884
2647 2728
5715 8949
6276 7660
2428 2519
7192 8224
3838 8338
6199 7481
1231 4746
5647 9257
8637 9004
5938 6846
1329 2340
5988 8659
7811 7926
946 3035
1828 9348
588 6819
4545 6752
2726 3483
5838 6035
2938 7023
6940 7418
5205 7525
6249 7448
8240 9605
294 5919
6381 9824
415 9880
5852 6075
2918 4217
4855 7654
7880 8103
6338 6567
5727 8002
2415 5841
679 4676
8363 9744
2000 6974
2736 6008
1047 5089
8020 9767
4054 5305
3193 4097
508 6675
7313 8718
7227 8493
1403 2528
4580 8694
9975 9991
2015 4678
9823 9961
1135 3138
856 4715
7240 7928
2998 4204
2980 3769
6703 8486
7717 8164
5495 9624
7308 9570
8914 9957
1667 2296
5801 7300
4822 7792
2882 9936
7015 8451
8791 9987
6279 7710
1476 5446
7547 8693
5012 8140
9647 9847
3489 6234
6551 6902
4974 9999
7643 9946
1565 5872
186 6824
2397 8874
8292 9088
8458 9160
3436 9428
7534 8359
9149 9623
8999 9134
4501 5279
614 1053
2144 8208
8785 9403
2008 6160
5497 7843
1229 1805
2054 4470
3778 6283
8131 9933
7058 9748
934 4595
4060 7379
1315 4333
9508 9730
841 2584
4767 8452
6970 7429
8808 9485
4199 8189
5163 7436
449 1062
3147 4522
7410 9876
3488 8882
6527 7783
8643 9072
7043 9048
3468 9572
2088 8185
5317 9783
726 6013
4123 8845
5514 7641
9395 9475
9111 9660
8730 9098
3297 7699
7346 7415
2627 7581
2748 7324
7658 8277
6228 9646
4528 9662
3267 8228
5164 7842
2580 9188
2377 3279
9471 9863
9307 9492
6771 8260
9551 9669
5975 6967
2700 2732
3831 4148
5338 6526
2805 7813
4614 7338
3022 7559
5891 7175
4959 9467
7411 8022
8065 9855
4625 8216
7873 8557
7262 7766
4716 6101
3028 3795
7874 8628
213 2215
3840 7597
9128 9460
7341 8568
8225 8841
43 1788
9448 9728
4253 5198
7765 8267
8264 9897
280 3242
3647 8818
4944 9540
1164 6319
1961 9099
3548 3947
7352 8454
753 2824
979 6843
5886 8475
7090 8910
6540 6983
4019 7532
5363 5568
2307 9430
3027 4198
7784 8596
2676 7806
3860 4221
3587 7335
480 7467
2733 9642
4453 8983
1024 5026
1230 2663
5907 6713
335 7685
1754 3678
1339 2342
6293 9935
7042 8590
2218 4723
6087 9443
3361 8201
873 2686
6318 7187
1288 6010
5148 8793
636 2941
7732 8220
6707 8354
503 7829
1172 9425
5979 7920
9384 9414
7106 9164
6067 9312
2724 9571
8370 9079
9900 9989
509 1131
9477 9482
2306 8416
1692 6116
52 4120
6920 9264
4417 7223
189 3312
7195 9842
9934 9940
9789 9993
2153 7850
3562 6830
2614 3482
7991 9262
1222 4378
6555 6996
3733 6181
9195 9536
3309 4848
6894 8309
2482 3362
9688 9704
3390 8817
4178 8073
6259 8133
2115 2635
9023 9051
2769 5083
563 7550
4277 5357
3283 6918
7461 9539
6776 9081
6914 7590
4538 5586
6327 9244
6831 8815
3912 6037
295 9771
6980 9864
9299 9538
2285 6507
4521 7727
1408 2856
6539 6647
2058 4170
7967 8741
5341 6735
164 922
1891 5534
1246 6188
3963 5359
426 8145
8281 8285
3552 5362
6695 9136
9710 9759
5480 7968
2117 6111
4355 8415
6926 8558
7479 9416
5859 9221
2776 7714
5640 8339
8979 9613
3641 9056
1900 3092
6667 7734
2423 6271
629 1171
7419 9523
9578 9903
8343 8375
5088 7475
8937 9527
2376 4673
9151 9374
6262 6339
6866 7681
1834 5584
4950 9782
4039 8388
1423 3209
2396 8025
8248 8796
9793 9981
4868 7493
3896 5873
2047 9231
9815 9867
3927 8640
6665 7798
9525 9675
2948 3599
4846 5342
6917 9809
2009 6324
4414 4730
9100 9455
230 6429
4280 6108
9404 9497
3728 7235
4695 7791
3182 8358
3582 4687
7190 8023
7034 9618
8653 9588
5193 5918
5027 9161
2329 7876
7114 8434
9971 9994
2785 8053
1078 8565
2906 3150
1529 9711
3655 4398
2413 4496
5761 8916
4888 9213
891 3403
6663 8003
374 9966
155 5267
3781 4683
8978 9741
6668 9943
5269 8771
4411 9866
7255 7295
4069 7859
4419 8936
1187 6934
9622 9962
1527 9825
3200 9296
9347 9696
303 3872
7515 8645
4616 5189
854 9409
1216 4283
2695 3787
5548 7442
6046 7417
2198 5651
4557 5453
8823 9445
7960 9887
5760 5820
2786 8024
2141 3726
1992 8913
9516 9619
9258 9883
6557 8436
2268 3094
9667 9713
5397 9852
9820 9925
20 4169
4604 6340
2800 8860
8280 9884
6468 8123
2003 7317
118 1085
4192 5897
4255 8443
9046 9216
6885 9227
120 6685
4342 8333
414 1831
3885 9708
7124 8606
2159 7646
9753 9777
8203 8876
9379 9501
7166 9450
7517 7739
9548 9610
978 4985
9639 9832
2915 8377
1583 1824
1434 7285
2574 9632
754 1056
598 6787
4492 7389
1652 9341
8690 8788
7094 8812
4874 8945
2463 6203
6709 7218
7502 8494
6353 7387
4840 7680
3666 4649
5850 8232
9209 9705
911 9158
1029 1905
982 5582
1395 3341
3949 5270
926 9263
7651 9205
1556 6239
114 8835
4184 6296
8854 9674
9087 9317
5662 9736
1611 5742
2251 7563
3841 4135
8177 9719
9509 9802
9466 9984
8191 9481
8212 8270
9006 9718
7480 8105
2634 2932
4593 7512
1464 7780
9334 9469
2737 3118
8142 8735
9537 9670
6602 7197
7893 8409
3526 4046
8062 9563
3128 6904
6546 8180
2383 3440
2702 6379
961 2356
2371 5195
913
9382 1640
6938 680
306 177
3926 1877
1076 652
3498 260
1418 143
2071 815
5856 917
3493 1742
7253 2472
741 548
6446 1234
5191 550
8915 724
9278 9229
7347 3001
6393 3529
3625 785
6202 375
7514 4324
6529 1784
4742 3516
3206 970
4596 3451
3351 1658
4153 3259
2364 1704
9058 6726
1118 478
3071 453
4391 995
4454 1876
7438 6762
9361 7819
7299 3018
2149 240
1763 517
1045 422
1236 28
8360 899
1041 976
1849 1499
5405 3530
1409 749
1191 814
8584 4430
8499 7139
2242 1501
9950 6698
5315 3136
4306 3344
3188 2406
9295 328
9628 7582
8243 3628
6679 380
3823 125
9594 8382
2163 1731
3694 2841
7836 5492
5425 1728
5915 2042
7900 862
7205 1155
4073 3914
7054 2594
31 19
245 48
9035 4480
1454 1094
6933 1173
6036 5961
5673 2869
6219 1124
5377 1017
8008 4529
1075 184
7773 1631
7162 5112
219 108
3693 2836
9554 2326
3277 1618
8325 4909
6156 5721
6743 595
3749 1765
6375 86
9186 8005
4763 3078
2130 1169
8427 7433
5273 4018
6495 5627
1427 1058
808 555
458 188
7771 2867
2858 1875
7113 3479
4206 3624
337 126
7284 4657
1963 1625
1797 1605
6869 3051
1685 1600
8520 1373
4376 4070
3059 3036
9644 8373
2969 365
3821 859
4137 3299
4721 3773
3456 1063
3752 788
4938 1819
4977 2994
5612 2227
3478 549
5340 3890
6781 3966
7012 2557
3878 1112
8742 8366
7687 7516
3225 1141
6431 3117
659 234
566 7
631 411
3907 1010
9740 2721
7744 5476
3177 1575
1781 1385
821 451
4588 1724
1533 627
5972 2599
1993 1278
7019 6790
6895 6777
7910 1347
7372 4775
7484 243
4084 1327
2678 224
9592 2483
5202 2119
8431 2886
8894 5443
4560 1362
7266 965
2600 1479
2138 654
7115 5860
868 621
9635 7805
7359 3422
4700 3183
4968 4068
47 23
4048 2905
5868 1767
6582 5065
1930 950
1335 1320
4653 2212
7221 444
4590 1853
2201 369
3123 2881
2660 871
5954 5785
5155 5125
6553 4820
8263 7634
5766 2784
490 416
5087 3946
1281 901
7193 6159
3232 2649
7201 1552
1933 1039
7073 4441
7241 5665
302 107
9742 9094
5818 1945
3140 131
1848 736
8837 3727
948 11
5331 158
1996 1827
8641 3265
9541 5437
6334 1228
7591 4780
5326 3953
5308 1947
5508 2208
5078 396
5751 5579
7518 3792
2587 1967
8585 8290
4281 402
2794 355
5373 4269
9568 9191
4089 2704
3042 2299
6406 5358
5442 5091
8316 6516
2499 36
3573 1953
1353 1290
3224 2916
4088 2973
400 395
3763 3161
7553 1500
9757 5989
4786 372
163 87
4140 1238
9803 2532
4478 2669
8529 5448
2883 385
2617 883
1590 746
6399 3178
593 25
3904 889
5203 4772
9021 4568
5180 850
1162 113
7560 3915
1601 1166
4145 825
8207 5186
8923 4704
8900 7127
3470 709
5313 1188
7412 1567
9402 8893
266 127
7425 3417
5019 1712
1899 182
5299 3303
9519 8899
1577 457
9602 5956
817 572
6323 1274
6833 1277
2410 141
4531 22
2395 190
3084 685
6670 3433
9234 2674
2126 791
1268 564
9013 1463
3808 2697
3518 442
3079 65
4910 3544
2914 1771
5844 3722
1823 832
2924 607
1549 1110
3541 236
8286 7914
238 134
5573 764
7536 2077
9794 1050
5076 1896
2890 577
4823 4455
9085 1627
1359 1185
3558 2357
6501 521
590 70
8865 7664
6593 4021
8625 2983
2134 1459
5866 3368
7640 4973
4242 4171
5567 5429
8283 4210
7795 2300
3751 2433
8319 3258
8488 622
3250 968
1059 1021
3202 467
4079 1787
7951 1620
9215 6030
2064 1604
4953 258
5416 3133
5541 3507
6304 1648
2964 1498
9429 3139
9200 2927
9336 4293
3616 3210
3237 3019
2434 2065
8098 2741
9375 2731
8732 5683
61 46
1858 1791
1399 363
2456 861
485 35
9648 7749
5062 661
8226 2076
6073 1820
5157 2521
3015 2369
5182 3846
7261 6301
3291 2097
489 259
4690 1793
3875 716
1706 268
9752 6470
4415 698
6756 2979
9901 7746
3807 3418
7817 6241
5254 812
116 33
3802 3617
6948 6457
9904 2165
3785 2917
5226 3465
6949 2730
5700 165
5032 3410
9446 6687
8775 8636
8599 5790
2256 1974
528 109
3098 1733
6629 2842
6288 1995
7211 2445
7397 6535
5051 2590
3389 2788
4126 300
7071 3806
5463 2573
348 81
4961 4015
1000 32
959 149
8595 3665
8106 2304
9952 9544
8223 6309
4853 1815
8455 6881
3334 2087
8502 1845
8137 4193
1697 1581
6136 3319
8302 1316
9683 9155
7939 3070
560 410
9505 9241
3391 179
2899 2113
3198 339
7648 1160
1937 110
3851 208
5466 1832
4220 39
6028 4505
8589 1
8218 727
2244 705
3240 1331
4141 270
4286 77
6757 3605
7839 4744
919 559
1248 647
6711 1413
9019 8697
8629 2437
5060 1694
8819 7882
5496 3604
839 398
5605 1852
129 128
4809 18
3196 2028
3997 3873
1518 695
3934 2636
111 5
5458 1687
9521 2814
151 121
4924 2161
7443 5328
4816 3764
4035 2530
12 4
4434 3131
4183 2603
9974 4435
8577 1289
8315 3350
6736 789
9589 1241
2729 653
5906 4223
770 309
162 91
450 343
7904 2954
2309 1356
8258 3527
9193 5512
8836 6960
6737 1916
9378 1835
2893 1034
5278 546
6419 5228
6863 2386
2447 902
7606 2787
9248 8692
6281 2825
5574 2493
2052 1004
6851 2277
6080 1325
7098 3423
2713 338
4498 3272
6141 4518
3310 1938
6856 4656
3601 2006
651 562
9238 40
7549 4571
4644 1751
944 723
5953 1302
1850 1003
766 168
3405 515
2181 175
3450 2018
7767 3695
2341 69
8101 3623
510 235
3380 2432
6314 5329
1810 1357
1846 320
8081 5330
2486 438
7539 2479
6312 5653
9960 5855
6465 6065
2923 2286
6092 4506
3978 256
1262 1001
6066 4029
6963 1536
1951 495
2871 1465
6714 4187
2059 1257
4957 4890
9386 3416
2618 615
5685 4884
3887 3452
6852 246
7485 1077
8143 6484
5722 5196
6640 2561
441 397
8206 7314
4013 1449
3300 643
8594 6268
8423 2735
7416 7017
4389 570
3017 1178
9929 2835
9324 1348
4554 2750
5654 3972
7868 1602
4047 1107
9142 6157
5964 2976
7747 4622
9698 6300
8783 8687
673 448
1253 794
6919 4688
9340 3633
2416 466
436 346
2957 533
1976 427
6195 5942
9857 2382
5410 4643
7959 5016
4042 262
7841 6208
6422 2690
5769 1562
7318 6528
2894 2562
9861 2910
1295 881
7759 1493
1204 997
4671 3243
9835 7269
6049 4215
4748 3355
6817 5281
2359 233
1568 1344
7851 1663
6095 1086
5260 4954
8776 5170
6530 923
2191 244
9389 7278
5433 135
720 714
1795 904
8287 394
9175 2023
938 801
4907 461
8227 4014
5607 4363
6148 3955
7053 2444
4891 3576
8421 3290
1695 966
2984 1037
1968 1924
5937 3298
6636 1614
1854 1826
3228 2328
936 735
4900 1298
5361 1089
2937 807
1776 1655
8993 4007
9173 1386
7401 4416
6423 3376
4093 2038
4733 1153
7298 2177
3287 3102
4947 161
247 196
9240 5885
8369 4515
3844 2877
9174 4218
5621 1264
4058 3031
6840 2264
4444 2903
7642 16
8904 5560
7674 1988
3925 1925
8044 4524
617 539
5867 2779
3554 2840
5367 4105
4709 1437
4321 1922
6469 104
7380 3974
1457 799
2752 1008
1084 824
1398 1237
2146 1537
4663 1439
2500 2411
4711 3214
6129 1095
9810 3976
2795 797
2872 1739
8798 4951
7915 3930
9141 514
4250 1675
8548 5351
3842 1520
2958 2378
5479 4817
3542 519
323 124
8422 7049
2778 191
7824 3266
827 330
5110 2765
298 283
8892 8872
8839 4302
7409 763
6590 2452
8831 1508
1941 136
2350 1855
1460 800
4347 3288
2443 475
1133 169
4428 536
3111 1456
2448 409
5774 633
8195 5483
538 50
6793 6132
9781 8389
7864 6682
1720 666
9985 1054
3226 454
9706 5835
6659 4032
3332 2021
6235 1354
2314 1209
4288 3598
1210 192
4243 3960
2523 1870
6206 1425
68 66
3091 516
8886 1910
8722 7669
9417 2514
6287 739
3330 2312
6724 5784
6730 5827
869 628
5624 1970
672 10
3660 2739
5376 3916
7391 717
2705 1714
6031 406
9239 5067
3956 737
9305 2896
1610 752
419 174
7929 5224
4785 3681
6783 4945
7476 3957
7445 5733
3758 2722
8398 2804
1918 1337
207 100
4163 3033
7996 4652
275 98
6483 4167
9941 2045
5997 2633
5518 1254
4984 4516
3517 2182
8435 3245
154 53
4626 3030
5576 1291
4638 1154
1969 13
2196 404
7393 3253
696 437
9000 677
6992 1129
3204 1645
5285 4326
9357 1488
6018 5318
2683 2240
1747 241
4854 3236
6222 5221
160 38
3836 1158
2082 1799
6391 205
9620 7321
6117 4465
388 112
473 187
6215 6209
3816 3500
5268 5184
897 771
5893 4483
601 327
2685 310
105 67
7730 2613
5691 4879
3325 1117
9047 3550
3010 2216
645 279
5704 2761
8751 8056
813 476
5013 1664
5669 1139
7998 7214
7046 6059
4484 2668
9267 6114
9261 2684
6848 3594
4997 4851
3515 101
9107 1966
2487 542
701 220
5745 5648
405 95
8463 492
3316 2469
8141 6227
3039 2551
4668 3112
226 119
9144 4348
5830 3002
9097 4917
8707 5025
7854 3239
7588 4999
5240 255
4226 1099
7459 6127
3580 2390
3557 1430
1748 580
635 526
7215 5968
943 910
2096 430
6135 2847
2370 1208
3003 2438
1027 424
4160 2255
6600 1167
5798 1506
9426 4129
9184 954
2680 624
4327 3919
3484 386
2289 751
3725 3512
8055 5098
1170 878
1321 153
9513 4685
8891 3779
2102 1649
9030 3853
7245 299
8099 1535
9464 2081
44 29
4336 1746
3954 3534
1548 493
2457 2362
6019 1096
5982 3667
1531 227
8928 7055
377 333
4038 384
8655 5603
2533 707
5250 3736
6448 4941
4176 3776
1903 1259
2997 708
8242 7210
3742 1851
7041 4102
6320 2823
9437 960
6120 1582
5131 650
2210 1147
973 967
225 15
7853 802
980 431
9311 616
1836 1471
994 888
7490 5185
7001 1952
5619 5197
2862 1571
6331 851
7315 7170
6565 1519
8424 4383
1668 1152
3765 1478
8762 1006
4305 3025
8447 8406
4339 876
9561 6962
7830 5990
7488 6941
7818 3497
4037 1487
591 370
17 14
8046 3431
9911 2712
3857 2520
4741 3157
5325 2720
7340 7103
1868 1547
8996 4477
8417 755
257 45
9036 4295
9037 8554
9731 6460
4792 567
