12
7466 9543
260 545
9473 9489
7028 8354
1867 5497
9308 9577
2131 7561
49 177
8500 9022
9196 9502
9794 9931
2957 4003
915
8440 1064
6729 2705
7790 5239
5088 1764
3009 736
1090 433
2572 1081
9703 4555
9402 6055
937 842
8585 3
7269 3921
6022 159
4529 28
6227 3434
9889 1186
4818 2626
2800 827
1298 1120
8532 4020
8951 6465
8529 7039
7873 1439
3174 98
4214 2978
4663 1292
7641 4584
7381 6463
902 711
8781 3839
3413 1059
6140 3074
9460 2629
1151 274
8919 2847
8189 7322
5498 1256
7261 696
2795 2188
4245 1513
4704 1578
2099 1919
6155 448
978 749
7363 5696
677 633
1783 1145
5471 4228
5309 2628
7448 3593
3915 371
3035 1169
5056 3423
3283 2203
8975 6056
6767 1013
5074 1573
5573 1890
7065 5716
8017 1467
3996 914
8769 1682
1659 401
1572 1319
9423 7708
615 516
5526 511
9888 5374
5291 2105
7002 3949
9491 5707
1710 1377
613 434
8294 1237
9322 5453
1627 171
6810 5178
5011 984
8740 5898
4422 3623
6341 121
3923 1815
9194 8271
1440 255
2491 504
7874 6439
4530 2299
2345 1226
4665 540
8170 7114
8531 5428
3687 2670
5736 4540
1063 660
173 64
6499 44
2479 2008
6047 5538
1527 1072
5684 1775
6923 3472
6478 256
9534 2674
6962 1637
6493 6484
2381 912
9974 1843
4476 3341
2550 270
6170 1447
9843 2421
7277 4912
9762 8022
9811 9778
2824 1223
9717 6066
3038 1134
579 320
1526 144
153 14
8908 7166
1069 670
6107 137
1489 1448
3932 910
8216 7029
8459 3259
7240 864
458 145
1224 997
99 39
8083 5861
16 6
5859 1057
6552 4683
5730 4469
4621 2184
4618 3048
4535 1638
6425 2278
8934 1097
5481 812
78 46
6083 5984
6596 3204
3019 2177
2223 1514
7428 2258
7817 236
7083 5968
9259 7233
8314 7654
8060 2402
8670 6354
4794 3119
2680 410
7952 238
1291 757
592 162
2583 338
3117 428
4368 2708
8953 786
3452 1378
8722 898
82 69
3378 1978
690 140
5837 5546
1826 203
2313 2154
8466 7953
3929 1935
41 7
4337 1454
4646 1275
3826 67
3186 596
3489 166
9510 3426
2192 398
9344 1600
7582 6223
8577 6750
1118 269
8280 1893
3502 2805
8882 7607
3898 296
5347 2376
7580 172
8463 7327
6827 6016
3995 3276
8214 3746
1680 828
8760 5553
2593 2349
5993 5430
1388 500
1859 1149
3584 75
8181 5817
1642 1129
24 23
8828 7615
844 584
1004 955
731 326
7476 4737
2544 781
9069 691
3535 3170
5383 3849
3714 1006
5966 601
7683 4142
3107 1805
5323 3270
2179 684
8551 904
3675 1400
6783 365
3573 681
2614 708
7395 6813
1469 1339
1250 976
8218 406
6797 4066
5228 612
8268 1833
1730 1495
3751 1874
3419 386
6353 642
552 188
498 341
1210 1122
7731 1809
6160 1198
5693 1066
1434 834
1677 1461
2775 1285
8210 1834
7608 1967
2866 2151
8533 1178
9127 4244
7495 594
3659 3614
8693 7081
7622 429
4598 3011
7713 5439
6094 2291
9541 6239
8219 7895
8625 6446
6366 4313
4640 1460
9809 5220
4777 3765
8320 6573
605 96
4976 3412
8483 763
5877 3020
6662 4852
4200 1338
8793 141
9364 5327
6749 6178
9693 9241
7256 5055
234 21
1582 1560
2880 1690
9408 604
5170 2796
8165 6266
4882 3388
785 187
3520 3016
5314 4327
3476 2779
8534 6843
1158 353
8710 8169
7818 7377
6599 3758
1803 1023
9972 5930
1293 807
5162 4167
661 473
6899 3085
6715 5052
9897 7362
4306 1078
168 142
5714 4508
2959 475
3561 2444
9248 280
701 197
1672 1618
1891 1324
4002 3611
9220 7833
4257 3001
2442 1793
4137 300
2988 31
1194 1113
4308 637
8228 2746
1216 879
7646 3222
2815 855
8850 8365
8632 7934
6486 230
6594 3567
1451 149
8672 7218
5174 4571
8864 2640
411 301
5378 2672
8778 6868
8742 7223
4156 3483
1028 896
3029 2990
5783 2394
7539 4460
4581 1697
6902 4628
8297 452
4664 4352
9967 4317
9341 3298
9009 6934
9125 8263
5868 4769
1058 843
7604 3177
5450 2540
4369 2269
8042 3598
7084 4707
4728 4150
8046 7586
9905 76
1801 1084
8629 1972
9980 8126
8127 6568
6181 3415
4307 577
244 12
6397 462
5549 3292
6301 822
5745 3180
5700 3836
1240 169
4276 308
8342 1729
9346 2802
6968 467
7793 1382
9776 886
9260 6059
8138 4039
3478 1842
1172 909
5427 3789
5079 4163
5548 3234
5951 2477
8318 7221
6437 745
4310 1553
4591 4557
1992 541
9597 2830
4416 1399
4016 734
351 154
815 101
431 340
2484 2011
9560 8720
1033 800
2266 93
618 275
1433 390
4795 3381
3534 218
8027 6248
8800 6832
623 342
4466 2770
8493 1268
4348 3139
9443 1450
7315 6616
7320 7188
8194 1800
5093 1613
9737 5947
3579 3208
9155 1468
7128 6370
9287 4927
4667 1676
1393 459
7064 1727
5608 2878
7423 2200
2045 165
4736 1076
4966 3217
2347 719
4614 1875
2691 2163
7866 5284
424 416
482 15
2392 139
8333 8265
6959 3207
4105 1366
6000 4932
6550 4688
8591 7578
2771 2226
4907 2754
6322 1501
2856 345
2659 1824
9081 6362
127 52
2428 185
2965 2077
727 634
1355 1321
706 671
6394 6148
7397 7131
4685 2685
2747 2433
2360 678
1872 421
5614 1507
6989 597
9016 8902
9382 3606
4080 377
3618 2412
6964 3290
9245 4607
571 192
787 535
5858 1459
7056 1307
3955 2897
4682 2855
3948 1367
2729 803
4333 3002
2690 240
7617 4297
2791 1550
3126 3000
2379 687
4974 235
4295 768
6519 2415
9650 4812
1500 818
3109 1982
9556 7071
1476 1444
6188 1204
6825 3018
2553 60
5026 2647
9749 3059
3676 3314
4894 4221
9356 1138
8209 7993
5925 5523
8481 2212
8821 6095
6932 383
2752 994
7006 5133
941 532
9549 9261
8386 725
2396 105
3654 796
9558 4238
5724 3279
6632 1239
2520 1688
6033 817
3531 161
5105 4272
8609 8337
3931 2149
779 638
6867 6415
3384 1101
4133 4037
2194 61
3819 430
8360 680
6302 4928
58 36
232 38
5455 4122
5066 1988
8960 3263
7932 2769
6826 2327
9927 3175
7770 4613
4351 1449
8851 8078
5143 2745
3681 268
8928 4538
2547 1822
4880 2923
6997 3289
565 77
2029 1955
6286 3228
4086 3300
2350 707
4532 3244
4302 2300
3776 2579
1279 65
9088 6908
8550 2147
7741 6076
9064 5250
9459 7249
9683 4452
5412 1663
4023 366
8990 4964
8702 4997
3913 964
4750 4094
8527 7568
6687 1073
7047 5370
542 417
7025 6681
3267 384
4681 1368
6535 6411
1723 95
148 35
4298 111
9271 7933
4949 2424
8788 4305
2219 1763
7086 3030
2388 1745
1442 1015
5130 382
3983 737
6472 3987
5647 5294
9830 7538
3870 2336
8944 2097
8595 3604
5354 3392
1417 1278
8482 6433
3764 1039
2253 969
8862 7779
8723 7542
1087 42
8141 4961
7383 5364
8394 4301
6820 5278
9801 7182
6195 5367
1327 517
8631 8322
5361 1054
7687 7368
9113 4132
6357 4670
2316 1562
5124 1425
5645 5092
1863 1079
3706 1924
5371 1402
6593 3914
1936 762
3786 2083
3152 2256
1109 878
3847 239
4183 525
2931 193
4281 2015
5633 3763
2562 674
1499 1431
6190 2962
158 54
8875 7408
5786 1933
1419 1202
2585 999
9312 2264
6995 2047
3512 3033
1749 1713
6098 2035
2942 375
1975 870
6564 1612
3727 1103
1913 1911
7310 3879
6309 3065
7484 5903
5884 1213
5622 2040
7876 5257
1045 872
6291 4513
5709 441
5631 2831
7649 1965
7767 4813
2939 2536
9675 2573
4731 729
9067 7412
7716 4701
9798 8437
4230 3252
587 272
4250 324
6371 3800
310 89
1945 1771
7480 2934
2922 1908
8756 5491
7347 17
9040 4873
6214 5539
6096 3722
8260 899
783 563
5893 2860
2398 1136
182 62
8768 485
369 167
6236 2539
9596 4440
3482 1161
8767 8270
5738 755
1624 1246
7904 1188
2929 2532
9780 4609
9355 8647
414 123
5871 5247
7292 4549
1669 705
4686 400
7970 7138
4745 2694
2361 2052
1577 1373
7225 6378
9999 7169
5755 1894
8558 2510
6147 3309
3347 1928
6130 2061
3067 1948
1785 1538
8751 927
8302 5896
2657 22
55 4
9628 461
4477 907
847 225
5655 2980
7593 2095
2133 1264
8988 7489
5923 4263
6456 1119
4782 3744
3090 2081
1245 1
5564 1156
9037 2845
6279 176
1566 1558
7208 7205
9848 3695
7288 1695
5867 5493
3326 2357
6334 2529
6213 1068
7452 5458
6637 6136
9303 4262
6849 4224
5150 1184
2312 1649
8883 6730
5264 782
1722 432
8684 2717
282 59
6430 2187
4332 3928
1233 20
6029 4593
3141 629
7194 6216
1397 1148
5827 2987
8266 7185
4901 3509
7995 7436
7937 2064
1899 356
7921 640
2197 1332
8034 3966
8906 263
2228 2059
5801 2120
4393 546
6418 4498
1048 464
2713 2600
2858 1014
3058 1708
3974 2447
9492 6219
7431 4918
811 450
129 109
7135 2671
1294 1160
8999 8822
553 548
8441 649
6312 3745
9332 3705
9017 611
7072 3683
3223 1344
6925 229
1631 582
8773 6689
2322 131
1546 1348
2079 72
5356 657
4047 1963
747 389
4019 3462
8545 3087
3216 2542
9458 4482
242 237
4730 376
5729 1757
1853 442
905 403
3526 210
6146 5166
1536 743
5937 4960
7769 1956
3672 3635
8157 3701
1137 625
7584 6665
4705 1061
1953 952
29 18
1407 1328
2279 2140
5207 426
1480 895
7737 1983
5490 1470
9554 6970
8085 5296
710 471
3134 163
5989 4846
3982 2619
4944 3321
7791 3395
6994 2840
6012 5180
8993 4081
1296 344
2857 2359
8713 2865
4905 3330
5062 248
3684 614
5949 3498
8876 4864
9376 6113
8111 5625
1880 1222
5267 4641
8858 2932
2693 1385
6678 6300
3881 2644
3569 2622
692 104
7714 6191
4519 3637
6246 524
1244 1241
819 486
8178 4279
6763 3072
8791 8671
1739 286
7309 6714
1044 728
3731 2132
1628 312
676 323
479 125
2667 2425
6881 3562
4695 506
6926 6774
9025 8519
5483 2216
9928 2909
1441 1185
9881 918
1164 522
6747 5991
7606 1724
9424 7711
1614 352
7338 3125
6226 6079
8605 1850
3679 456
5128 1781
4620 2634
8921 7703
5021 294
6241 1943
3494 716
2318 501
2121 2112
593 453
4577 566
3942 2832
4819 753
3425 3025
7941 7366
2759 1075
9923 8355
5756 5241
1632 191
9853 4287
7299 1085
2437 1531
4261 2884
5843 4111
4330 3123
8095 6049
3761 2185
7637 2235
1650 926
7881 4994
956 329
8943 1219
