38
233 8076
829 3146
1476 3128
1026 9025
9799 9947
747 6041
1135 6577
9326 9411
1992 8856
5901 7945
6059 8274
5498 5864
2731 6957
5621 5855
7559 9053
7542 7603
9035 9879
9010 9079
1847 2173
3946 9593
3061 7616
2919 4038
6638 9566
7637 7786
2369 6197
5740 6178
5696 6132
1249 2750
3599 9172
6944 8235
4094 5000
6505 9675
762 1574
6714 8558
5999 6113
706 8379
1633 3476
9219 9282
145
8003 4518
5015 2150
4398 190
447 247
4460 1129
9668 2102
8000 7881
1619 646
7533 3963
1508 1194
4759 2295
9290 4968
3143 2478
6234 504
6553 4254
7795 7104
3198 1639
6581 1323
1073 1041
7956 3399
2699 1550
8503 1162
7997 7631
2172 1259
2406 946
5474 4852
8883 6928
2486 59
3361 2922
6374 3915
6848 4636
5590 475
9702 8238
7281 6570
3342 1828
488 321
3481 836
9881 7995
8427 4750
644 150
714 688
2712 1675
7066 1300
2675 919
8150 2083
1424 1029
1367 945
2535 1892
2346 162
2721 980
7321 5920
132 91
1922 98
6831 2645
8360 4372
3856 2781
4051 1401
51 10
7198 5296
5062 2054
1389 77
2210 1962
2281 716
8060 4317
7430 3395
9670 297
6119 1606
8807 1651
9137 4167
6423 5823
6149 2868
5533 3089
3557 1664
7357 1996
9281 5871
2176 1842
8502 6249
3739 1022
2391 145
3053 2482
7324 3003
364 42
3175 566
6688 1362
8495 8424
898 375
4513 2652
7126 3687
4420 307
7920 5666
8480 3689
7834 3796
1849 1813
4411 1248
4396 1963
3377 3179
5310 4058
6020 3741
6192 3071
1427 844
6549 2135
8127 4292
8062 4741
7613 6267
8667 2463
8252 2987
2445 660
3491 3127
4036 2237
9019 8126
4339 453
9412 3386
8737 1988
2738 1021
2947 2594
9186 1235
9384 4097
6275 62
3111 12
2068 1025
4835 2901
562 152
1243 232
8499 1846
558 523
4271 2223
1814 1789
7030 3226
7402 5856
4503 703
9844 1573
7462 433
9722 4640
2625 515
9623 2245
5997 1998
3324 2477
8852 2677
8881 8141
6685 4994
6626 4143
8533 2246
7142 4965
1689 1124
1661 1360
