40
6829 7728
347 7907
9807 9905
4308 9014
5954 6720
9696 9782
8847 9025
9301 9322
1061 2147
2629 3045
169 5658
8980 9004
3238 8175
276 6318
3678 9209
933 7949
823 1738
2256 9136
3007 7747
386 2001
3589 7043
1150 9747
6856 7899
9360 9699
7372 8136
5664 6127
3521 5656
5793 7537
9753 9775
3046 7031
6928 9110
4747 7923
409 7793
7877 9437
6454 7587
3682 8444
4011 6751
8472 9764
5826 7026
9772 9944
75
6491 6214
5505 5164
6887 620
706 638
3910 2888
3674 2966
3202 2647
1637 1568
6870 1660
3735 3035
2464 1501
9865 3470
474 60
5256 948
9175 3774
7791 5835
4025 2043
661 143
5457 3683
4952 2413
7322 4587
9618 2540
6009 4582
5288 4790
540 481
7387 2822
6360 5591
2498 1729
6203 3503
6277 2884
5925 4766
4984 4651
9391 6841
5222 4102
2105 1999
9943 3999
8079 1037
339 78
3661 2173
2031 360
5922 1792
1190 655
1463 89
8514 2917
6266 6014
9194 8228
7913 1078
325 158
7796 1708
2046 1772
1941 1587
9853 2767
7696 3554
6081 4754
2221 505
6279 69
1125 720
2354 107
5145 746
7401 5473
8785 3553
9302 5935
2631 2276
5177 553
6514 5343
7247 4283
4387 654
6113 4578
2837 1736
361 333
7841 909
7206 3401
2806 356
8530 1988
2715 2508
