615
9174 9407
6955 9807
5963 9108
3194 6591
4449 6170
6217 9386
2154 8798
7423 8874
7910 8789
3182 8195
2177 2315
6720 8679
2091 3651
1530 5808
9740 9972
8869 9147
972 4092
4417 4481
401 2210
6685 7532
3679 7391
9575 9896
8273 9887
2714 5713
7414 8861
3902 7766
441 9617
1000 2811
8390 8424
9779 9998
5298 9751
8008 8539
2002 7171
9301 9441
3235 7653
4515 4864
4519 7275
5028 8033
9958 9964
2856 8236
2088 4345
7115 9767
4236 7583
7638 8856
377 6805
6120 6169
4581 9745
7265 7708
5937 6944
210 6791
5251 8565
1711 5573
9046 9123
1177 5609
5521 9942
1566 2232
5700 7860
249 3166
4925 6213
1839 9158
9347 9590
1170 8620
6152 8880
1924 8914
2146 9473
6783 9863
2017 5362
5454 6853
2235 7555
1356 3564
5653 8720
2580 4184
8545 9921
2803 2913
52 837
5199 9657
8684 9002
2291 4286
9263 9431
8564 9780
7123 8766
1786 3639
992 2094
8010 9697
4304 5563
8181 9828
6932 8894
5551 8696
5920 7618
5090 9240
1021 6768
9563 9583
244 3718
7922 8237
9019 9723
6124 9416
6242 7359
9319 9744
5400 6774
3702 4542
1777 6573
4968 6171
468 3945
9079 9650
5725 8959
67 1634
6307 8610
8044 9693
9474 9648
2837 7889
6322 7848
1561 2336
6760 7481
7890 9658
1852 9981
5931 9716
8470 8916
3244 5662
2142 9119
9889 9966
8489 8689
3156 8595
5179 7747
679 966
2583 3350
7663 8838
9710 9822
1013 7120
2158 6852
6343 9152
8308 9532
3477 6750
9436 9775
68 3883
6897 8829
3270 5424
6094 9071
7670 8359
7491 8140
765 4623
8109 8185
8822 9081
6733 7273
3806 9266
5870 6082
7768 9787
4875 7009
6878 8918
2654 6845
8652 9586
3976 8259
8278 9392
5997 7836
6201 7084
6485 7278
3472 8235
996 9743
2494 3241
8857 9214
9389 9452
7069 7229
3625 4680
1243 9014
2911 3553
3187 7360
3367 5068
1432 2866
1096 9482
6390 6516
2138 2760
846 1428
8116 8149
9341 9652
7655 7662
8239 8713
6090 6424
1090 8614
8673 9355
4121 7658
5988 8260
4966 7951
3681 7149
9802 9961
8504 9783
404 6223
5475 7184
2612 6437
6574 8428
8942 9908
3921 5632
6829 7188
7818 9064
2280 8984
3147 6639
6128 8791
593 1312
156 2070
726 5588
2536 6061
6693 6917
5100 7660
7365 8254
1384 7193
7628 7699
9777 9893
7519 9522
949 3802
623 2560
3254 6159
8144 9215
3712 7313
5286 5371
9424 9487
3020 6249
9781 9974
3754 9515
7624 9440
1631 5660
6450 7022
3683 5356
6308 6392
3420 6943
1933 5307
8002 9231
8764 9995
8464 9550
1766 7099
556 2051
2130 3399
1523 7611
5582 7500
7960 8148
3875 5723
2412 3387
5466 9310
1546 5247
3730 7109
4357 8702
2569 2695
1578 5691
7527 8835
5395 6822
1744 8944
1092 7410
2865 4439
4029 6780
8963 9143
859 2642
7350 9537
4997 7257
3669 3809
3214 4872
4953 8968
3581 5177
1877 6429
2734 9753
9671 9916
2037 6771
7135 7379
1665 5238
4479 6568
3223 6910
3425 3687
4778 9383
1844 8437
7056 7196
1184 8797
3325 5254
5203 6263
9619 9664
7774 9163
1922 2874
6261 6553
8884 9991
3533 7259
5383 5518
2449 6071
995 7875
976 1127
3592 8184
5887 6237
1218 4039
7744 9302
3748 6922
1531 3795
6141 9410
8520 8667
8061 8847
5504 7218
3482 4767
4196 4429
6722 8680
5003 8551
6280 8328
3667 6752
3355 7349
6349 7801
6985 8982
9611 9649
1178 3165
2373 6239
7919 8544
1572 2972
1026 4305
5524 8505
6572 8371
47 535
7549 9813
7686 9855
3893 5798
9836 9928
2789 6601
4827 8643
2390 7721
7202 9622
2704 2927
6915 6933
4745 8818
9470 9572
8780 9406
1573 4038
8511 9985
4696 7347
1822 3380
2767 4457
7533 9190
729 2335
6823 8452
8774 9835
1411 9207
639 711
6883 9084
5316 8977
6133 8404
8446 9663
3458 5694
9476 9825
9323 9909
2434 8477
7247 9328
802 4690
7584 8645
2974 5258
2440 6989
9646 9806
7471 8103
7507 8119
9224 9643
7859 8930
5167 5867
7150 8202
9502 9588
9559 9640
6970 9322
5828 6202
4765 5921
4543 5668
1266 3110
5834 6167
4678 9734
5399 7153
8403 9411
4272 9656
217 5571
805 5321
1257 7083
8068 9198
7222 8169
1097 3261
1346 3815
8037 8709
5902 5925
9329 9444
734 2136
5906 8786
8038 8411
6447 7441
228 6251
4563 4714
5606 7298
4099 6198
3767 9702
107 1920
6828 8154
9846 9848
8319 8453
2564 7538
5786 5927
770 9021
4828 9401
6526 8734
719 5441
4420 6662
7177 8423
1473 9041
6378 9258
3318 4648
8031 8745
1732 8451
5155 9567
4557 6110
439 3908
108 8738
4608 8568
2957 3853
4474 9960
2087 3451
7228 8416
488 5547
440 7192
8391 9618
8199 8352
2935 8376
2824 7963
2476 9808
5428 7569
1544 9606
554 8624
7190 8268
9798 9940
2380 3365
5556 8711
3859 4400
3824 5835
1081 8372
2294 4453
5081 8336
3807 5728
1196 6994
9228 9528
892 8049
3006 5296
5570 7201
8304 8469
5952 9549
6849 9196
647 5416
3208 8234
2228 6238
2419 4866
4366 8171
5406 9027
6879 8018
7920 8228
9957 9969
410 8962
9826 9895
326 4067
5103 7098
3173 5357
5348 5515
9920 9982
6745 8454
7007 9880
8314 9144
6282 7372
291 8536
6842 8353
6647 9202
5275 7518
2030 3523
8888 9686
1917 6554
6357 7374
8519 9235
7685 9667
8397 9274
2542 4709
4224 4687
6147 9296
5159 7931
5073 9462
332 1162
482 3640
8844 8940
8919 9947
2787 5762
6688 7495
5345 8104
4013 6582
7267 8275
7337 8913
3545 9518
8970 9630
8176 8487
5016 7373
2700 4118
7917 8948
2843 2967
3638 9187
2196 2923
6205 7146
4374 6486
1528 6547
9188 9994
3115 3574
3329 3496
9587 9764
8309 9172
9070 9576
2765 7826
1560 3278
9870 9911
6579 8056
7175 8439
9564 9737
4890 6386
1355 4381
2884 5269
8906 9342
1913 7340
9099 9145
5271 8325
2996 3316
6404 9990
40 5410
8249 8639
4454 5959
4532 4940
2584 9829
3263 6839
7089 7443
6100 8317
654 1101
823 5064
5864 6825
9367 9682
4361 6491
4572 6310
5052 8072
5467 8023
6325 9221
7121 8859
1559 8279
2504 9620
4363 5996
3411 7590
1250 6336
938 1271
8313 9413
3190 8928
1515 8591
407 1344
2792 8322
3757 4788
6896 7339
2454 5097
7634 9394
7804 8938
183 5934
19 849
2096 4839
5822 7342
3162 8053
3321 8958
1152 6706
2634 9203
5992 7279
9823 9912
1183 9279
1302 7038
6104 7059
5335 5982
2604 8907
489 6759
7018 9776
2951 5050
3369 8778
3361 4638
2839 7220
268 4056
4596 8768
7847 8849
218 9371
4113 4633
1626 4175
4335 6113
2711 4882
5457 6284
9186 9714
8677 9284
2303 7173
429 728
3059 8781
2918 3892
6899 9625
5145 8909
5827 8231
8092 9442
9851 9949
3483 8134
4430 5180
1927 9711
5793 9299
4797 8427
9750 9831
5782 6740
1663 7712
1236 2586
516 6890
4240 7830
7915 8121
7057 7314
5550 8949
2310 4279
4973 6134
9770 9805
9814 9821
9443 9953
8571 8845
2879 6161
3124 8638
464 4421
9160 9901
9316 9708
373
1650 148
542 462
7961 5707
4779 2286
8890 954
7790 2622
7096 6256
2223 1010
5027 2120
5933 2997
5848 1661
4908 3
5619 3311
5213 521
9054 3989
8585 3005
1280 751
1482 507
6610 4624
1328 321
262 132
3832 787
188 112
6089 3900
673 636
3684 310
9033 3455
4855 2402
4087 2398
2090 546
662 609
7876 1176
9681 6269
2989 1387
8855 421
2600 1155
352 22
7434 5151
7923 1838
7233 845
8531 6258
381 277
5552 4704
7705 5377
4518 1556
53 33
7998 3598
3624 1818
5553 2524
2095 1667
4116 1808
5871 3660
4468 3555
1085 627
5226 3328
3097 1740
472 121
2962 2009
2423 1807
376 298
5890 3649
4848 32
1809 363
4168 3391
7160 3601
304 233
5101 1685
3314 1294
1595 182
3913 725
4060 3847
4758 1358
2615 1052
2871 1034
1463 1461
8139 3530
1553 761
7516 282
5156 4773
8878 4122
4432 1833
4076 2277
8284 7617
1108 577
7767 5796
2929 611
8267 875
214 1
8823 7295
3228 272
4408 4111
7473 181
1681 1352
9529 1696
9059 487
5000 4011
8725 4942
8811 5393
4253 2044
1510 854
9543 73
2546 2114
11 9
7629 1405
63 16
637 78
7060 4910
3404 1381
9249 1399
2372 857
8291 212
1446 393
8252 6192
5120 2457
4442 3043
664 28
6050 323
5923 2649
4003 901
1947 27
3528 1576
1568 1468
1826 1362
5119 3906
3719 866
4411 1495
3721 3400
1668 1527
4371 640
1775 880
1948 1203
6858 1032
4015 755
3038 15
6241 6102
3635 1064
645 318
1874 296
9905 5294
9668 3894
4533 1889
5935 3969
8128 5939
9736 1770
8425 6276
1724 1347
4288 3291
4921 1998
7829 355
3217 2433
3652 1420
5361 1455
5696 2694
3087 1435
5607 5300
2115 1445
2332 1703
177 174
7194 6744
9873 9306
9129 4386
4955 2904
3131 2465
8502 827
4470 2109
5744 904
2435 841
7432 5635
7639 6948
4042 873
2493 360
9817 6326
365 87
1132 798
4415 191
8261 2755
2782 2240
3822 1374
7263 1005
3371 691
5461 3968
9824 8271
4579 1476
2801 2213
4281 793
5273 1330
1707 1002
8004 1149
9539 8936
1664 340
7223 2416
185 117
455 211
5520 5442
8895 2988
8649 3282
6387 2341
8050 7749
4436 629
8809 196
8973 7610
8816 1872
2690 1554
1136 899
5639 5625
2516 716
8332 8248
4072 3150
9820 5398
80 29
1794 1088
3804 1574
3053 2059
742 118
9548 231
5642 1955
5595 1931
3026 2302
597 24
768 580
1322 668
7019 1025
1166 72
3563 2279
4476 3229
5666 4913
3634 3317
9379 5687
451 399
3334 2199
9925 201
8556 8486
4034 4033
3427 141
8244 7043
2123 1099
8413 4501
8329 1780
3167 1811
6876 607
3073 2459
9906 1943
9208 1767
2382 123
4689 2552
5207 160
7444 6092
3544 2005
9261 1109
2745 2657
824 459
8678 7765
8498 8105
7301 1444
6119 3909
3792 3612
9156 279
7427 1994
3801 581
1227 704
2313 537
5170 951
6408 2992
6273 4326
1019 911
2729 1979
3897 2864
1143 569
145 30
7897 1580
9290 2360
1290 358
6952 3109
2670 2185
7739 3813
6645 1189
4027 1211
4251 4182
1067 460
4793 2598
1233 1223
8576 5096
4559 2931
6945 4144
2556 56
7461 2365
7864 2648
7419 6295
82 55
7601 5211
665 325
9485 9111
5742 2673
7484 1908
7892 2298
4977 2426
1966 327
2374 692
2797 2102
6024 1725
3983 505
8950 3657
8881 1987
5971 4139
3083 1655
6288 5008
9382 4207
4650 3290
3743 54
1893 415
1756 461
7992 4582
7838 4259
2249 1683
2253 1031
4706 1071
3966 797
2980 2518
6253 4355
7351 910
7077 3012
8070 5403
702 295
763 319
5503 5221
5960 3930
5548 428
7103 5881
2084 525
2255 1736
4372 780
8066 6138
8808 1552
6518 1511
3501 2442
1383 779
4526 2351
7862 3011
1124 434
3631 1079
9288 7869
4 2
6884 2173
8540 8508
5658 4938
7743 3163
6026 5478
9937 4916
4322 3137
6788 713
2591 2104
3773 1855
2543 643
3917 1549
1879 1517
4480 2991
2276 204
169 31
6144 5374
6000 1640
6073 4383
7195 6873
1709 497
1540 257
242 202
3697 2719
545 427
5276 2008
2870 1688
9250 3268
6631 5865
7169 5681
6449 1512
