658
2920 6830
9414 9613
279 7827
5844 8203
7349 8132
1134 7065
1661 5730
1706 8785
6827 7102
2751 9624
5361 9316
2245 4864
2745 6175
558 4935
7801 8702
1522 3863
1068 7214
442 4967
3003 6430
5448 7484
1564 6547
8893 9572
9181 9483
269 6991
8776 8902
5277 5436
5662 9698
8248 9741
525 5120
2907 6079
2471 8161
1255 9731
5272 6809
7222 9492
3356 4419
7160 7228
3474 4139
8322 9347
6415 8706
9227 9380
8990 9099
8023 9165
4617 9748
2470 6223
832 7409
332 1600
7946 8162
9900 9903
948 9369
8524 8556
900 5520
7929 9383
9453 9987
2881 7507
7926 8728
744 7998
3808 8675
3426 3977
8144 9722
3130 9440
9226 9516
8043 8650
5773 9020
3000 7743
2223 6090
2718 6088
2387 4773
1702 4680
9568 9957
2288 7478
4783 7058
10 8826
5890 9010
338 3645
418 1658
7157 8769
3869 7140
1013 4671
7744 8324
914 1032
788 7233
290 5279
321 2706
186 2812
1526 1825
4044 5663
1434 5271
6624 9169
580 5180
499 1981
9692 9807
9562 9913
6589 6833
1843 4639
3574 7196
5487 7159
9930 9985
5600 8408
3683 7004
210 8435
7334 9821
9286 9471
5784 6328
9638 9715
7341 9988
8128 9725
8451 9649
5750 5979
2904 8963
6161 9810
7499 9069
8874 9968
3427 8932
6669 7999
7288 8285
1933 7165
6422 9729
2104 5857
3128 9770
9937 9984
8482 9595
9560 9925
3801 5735
3509 9356
9630 9901
4756 7840
2450 9294
8107 8356
4653 9216
4438 7959
6801 9747
5689 8520
8305 9362
4760 7129
6050 7532
3315 3620
4593 7312
9359 9697
126 3448
2500 4534
2877 5650
6034 7089
5603 6151
9548 9569
7117 9816
8654 9139
6250 8084
5024 5287
5963 6394
5638 9790
1908 4334
5476 7626
3849 9327
7596 7849
9899 9946
3470 9703
6575 7381
2805 6509
3926 6582
3476 5094
3295 7567
9002 9870
7076 7340
3854 6857
2284 3149
3314 7209
203 3842
2997 6115
219 6795
4083 5342
1737 4583
9106 9887
9938 9949
8267 9677
193 3817
4734 6450
250 737
6440 7131
8396 9282
924 8391
520 2696
5760 6732
2648 3239
2869 9396
7973 9104
229 1695
1230 1420
6928 7545
3912 6399
2428 9655
8523 9732
4373 9386
7170 7248
4176 9766
5960 6708
3660 4321
3904 6893
9998 9999
5825 7423
3469 5561
1673 5138
7122 9711
1907 4708
2093 9954
9648 9846
7225 7365
1485 3932
1809 5115
950 9499
6293 9762
7351 7785
3471 4429
594 1419
3815 9763
3850 4222
483 6630
7554 8145
2949 7435
4376 8738
2167 6370
4873 8855
8859 9671
8354 9651
8263 9112
5104 6376
8767 8795
5771 9457
9334 9976
3792 5185
6525 6584
5842 7337
2736 4333
7517 9120
7519 8444
84 2272
8806 8987
768 1018
1663 4938
4650 8683
518 3638
5808 6257
2207 7204
3230 5169
6096 9132
5372 8936
2029 8710
3804 9839
8838 9645
9896 9945
3162 8306
3698 6675
8191 8977
278 4921
836 6193
3995 9931
4254 7850
776 8774
7972 8114
4276 5982
7966 9866
5641 9116
1127 8862
5588 5734
1151 7717
960 4761
144 6984
1682 8736
330 7461
7783 8490
5268 9244
4465 9164
9174 9737
4483 8188
851 7427
2566 4430
1830 5358
5151 9886
7551 8171
7654 7831
3393 4442
8089 8951
6027 8489
6735 9558
7387 8136
6922 9497
4340 9079
1122 7569
3458 5091
9078 9736
911 9809
1912 2125
1136 8553
7702 8529
9238 9815
5447 7962
5676 6025
6637 6999
1732 5528
3170 8717
2358 3014
4492 7802
8172 9000
7740 8970
2497 5893
4424 4897
464 6695
7369 9529
3112 4262
4788 5065
3032 8209
3644 7749
8533 9956
7108 7525
2498 4058
172 937
1619 4229
5938 8617
9882 9914
7345 9604
2371 9789
49 6602
7010 7127
2122 8723
6467 9061
4341 4887
4472 4572
8732 9974
6568 7574
5743 9803
3095 6452
465 8727
4190 6541
1282 1898
5811 7621
9488 9583
5915 8265
1676 6834
8000 9663
6130 8796
7562 8938
5936 8159
2411 3673
7808 9838
2232 5050
2193 7046
5318 5826
8801 9781
691 3146
8182 9237
5298 9526
7396 9376
4735 8003
6642 9627
8888 8913
8778 9425
5093 5383
5673 5839
8703 9840
4831 8405
3517 6729
5377 8558
7887 8409
6492 7953
473 9313
3522 9967
7079 9202
9154 9336
3598 4117
4640 6227
3005 9787
7103 7707
9733 9928
6939 8567
2227 9826
5274 9922
3531 8590
429 7064
4109 7615
8443 9462
5622 8709
6457 9153
5037 9468
8289 8680
7243 8344
9805 9854
4072 5687
7844 9269
6191 8243
5474 6270
7093 7890
7893 9363
3502 3553
4884 8661
6789 8542
7005 9427
1894 4114
6757 7251
7763 8837
5075 8642
1095 6799
5507 7575
9965 9990
7414 8412
7037 9669
1335 7366
5209 8062
2474 6654
6063 7975
4033 9196
604 6279
7128 8317
5070 5114
4541 5911
9412 9820
857 8294
9298 9348
1604 9893
1567 5407
2120 3207
1362 5608
8937 9111
7760 8875
407 2530
8598 9652
8295 8656
5952 7062
5468 8714
1396 7795
7705 9994
1499 2312
1406 9145
3285 6114
5082 6462
6623 7939
1723 7811
3247 6646
9699 9758
3447 4529
6473 9797
6638 8388
2303 6092
8865 9513
5578 7069
6308 7599
3074 4077
6843 8298
6284 9393
1006 7259
6144 8137
2832 3740
7458 9955
8713 9108
3140 6816
733 6611
5 8698
2278 4153
7421 7494
5232 7888
3628 6391
5914 6577
3685 9756
3413 7428
2060 7116
4037 8587
8772 9053
5033 6664
8799 9094
8513 9535
968 5871
9346 9995
4215 6924
4039 8502
3611 5922
1515 7124
2096 3093
6356 8824
9521 9819
1315 2722
9665 9875
2683 4777
5655 7301
1476 1575
942 9795
4943 9159
6930 8878
5535 9283
8563 8586
5032 6813
7247 7585
5222 5400
666 7790
1054 9072
746 794
4504 9233
5677 9431
3165 4744
1078 8877
6006 6943
990 2519
4657 7412
2448 8239
6990 7724
2208 4741
6355 9118
3316 7292
4971 7388
9673 9983
9543 9980
2950 9574
9851 9970
1201 5062
5359 9343
8498 8531
470 3905
2789 2798
354 6221
6472 8631
5711 6844
1294 9131
6519 7729
3358 8534
2181 4672
5504 9204
5080 5860
1456 5669
7229 8517
9720 9837
78 5031
3256 3499
1478 2305
8097 9541
2733 3901
5628 6283
2391 5671
4822 8040
9761 9799
8282 8828
3342 3722
4337 4980
6352 8677
1531 3085
6135 6485
5309 9306
7900 9235
8277 8467
4947 7299
3227 7848
8333 8780
8353 9435
5076 6254
4879 9566
6620 9288
7082 8422
781 3980
5824 9333
829 4622
231 4867
6418 9437
8332 8681
1503 7842
1956 7407
8439 9057
4241 8701
9822 9934
6985 8917
761 5333
771 6384
800 3734
8805 9134
7751 8355
2910 5866
1896 6726
903 3741
7057 7710
3267 7384
4474 9830
8067 8390
5154 9252
868 4165
88 4009
9166 9833
5934 8233
4883 6829
6698 8074
8259 8506
2493 7333
6858 9013
4631 8997
8693 9361
1616 8010
7671 8922
2364 8588
9314 9556
7854 9676
5385 8991
5674 6658
5116 5882
2517 5611
5630 9029
3122 9856
6699 9892
3833 9391
5994 9089
3908 7511
5326 6948
6046 7748
564 3875
6197 9267
5759 8846
3212 3420
6480 8890
1389 7841
2567 7002
406 3577
2713 7176
103 2776
9874 9947
7958 9912
953 1881
8383 9948
1917 9332
5547 5888
3613 4056
7815 9422
1517 3718
9940 9978
4295 6933
9128 9771
7169 9635
4656 5266
4452 6022
2746 3280
6143 6868
6201 9311
8623 9370
2033 9744
3616 4232
1000 5781
6808 8759
7156 9778
2556 8844
8349 8883
3962 8433
8279 9600
2841 3349
3424 5233
8930 9507
7582 8480
6432 6945
3507 7173
9378 9629
7644 9920
9827 9986
1910 5933
2889 5939
4728 8733
3508 7476
5354 7440
85
6247 3366
3418 271
5308 2521
7612 2606
2149 1844
5419 1249
1344 1079
2723 2431
8954 4915
1720 935
9249 1441
6330 1593
3764 1686
8861 8497
4158 2922
1024 936
6785 2587
1262 1198
9594 2405
2001 804
6340 1874
1869 667
1563 972
8867 1677
4000 93
8894 6435
4140 2985
2882 377
8682 8384
1241 517
6543 4922
5450 1680
2663 277
4101 3322
2337 1303
5438 3736
2333 698
6463 6136
7278 3775
3309 2685
7506 2675
8616 7898
9738 6536
1656 576
4105 989
4060 1799
1482 612
7437 3012
7000 4586
7216 1963
2925 2258
3101 1092
6329 2529
7270 167
4634 3479
4909 4395
5217 1113
2403 834
4456 3363
6215 1959
8176 4149
6489 1696
4213 3868
6931 5932
4724 2287
6562 492
8360 2262
72 2
2598 350
3068 1544
9700 2229
7024 3723
9157 1650
3753 2027
6754 1601
5251 4152
9549 6634
7053 7031
5452 4937
2350 2017
5544 107
1925 862
2201 142
2994 1377
5288 2192
