198
7696 8490
178 5575
8 42
3224 4880
2752 9891
2877 3670
748 9974
2113 3378
2548 6578
2028 7216
8800 8990
7293 8460
8368 8380
6967 8766
7961 9147
5028 6212
3010 7591
8559 9679
1830 2696
9477 9712
7025 9937
2792 6138
3248 8382
8763 9874
16 5869
5814 8081
2109 2841
2592 9640
3196 7679
9502 9689
3186 7716
7641 7761
4794 9077
1580 7441
2672 3367
8518 9340
5464 8799
2158 6492
9012 9186
5031 7915
168 7163
1991 2971
1722 6750
1970 5099
3453 4685
1236 7226
6651 8711
4718 9013
5027 9382
2782 5357
8024 8612
9664 9805
2140 9245
421 4586
1082 2671
7051 8354
9330 9632
8826 9302
7057 8291
2006 8759
2256 6034
4187 5534
4276 8677
5838 5958
1571 3318
3586 5410
2215 3170
3613 4482
5584 9934
1905 2511
6210 6857
9893 9943
1280 3630
2488 4659
1618 5475
2088 6032
2047 4400
2541 8037
3009 5048
2236 9614
1745 5310
1057 8307
7608 7929
3615 4888
1704 6135
186 6899
4415 5758
4930 9400
9977 9993
3325 5757
5229 6708
135 4966
9279 9566
6590 9251
5871 9207
8085 8086
9838 9872
4007 5095
722 3774
6527 7905
2742 5577
9713 9926
8170 9784
1848 9309
3352 6467
73 5314
7283 9156
967 7765
6160 6605
3758 9329
7252 8840
7826 7908
473 7049
3061 3648
2639 3968
9716 9827
2955 5391
8880 8944
1936 4958
9837 9840
9355 9917
8059 8586
4536 7637
602 5165
4235 9749
9648 9848
2072 3384
7451 7658
557 2712
1515 2863
8352 9472
7960 9298
4627 5884
9548 9780
6507 9451
9907 9942
5785 9035
3407 5175
8230 9747
3336 5942
8236 8332
3106 6849
3921 9511
3188 8165
9997 9999
1271 5659
2206 7778
4426 7190
6655 6924
6044 7340
5249 5996
1947 7659
6620 8405
3103 7923
7769 8343
8314 9527
5649 6227
2374 3206
7869 9869
9099 9846
217 3257
3820 8060
1994 3826
9532 9911
2534 4548
9468 9771
8769 9343
3762 4098
506 1234
756 8986
6702 9167
2719 9697
7096 8119
2651 4947
1943 8345
266 8825
6641 7040
8541 9833
6139 9864
5592 9052
8172 8528
9112 9142
2993 4771
1090 7195
3892 5910
6689 8953
6279 8748
5796 7788
2818 4923
6997 9920
8587 9529
3935 7290
6926 7165
2081 8118
2467 6217
5067 5661
9066 9537
1951 6157
559
8340 2929
6163 703
3428 1172
4084 2510
1506 212
1392 183
9764 3889
8391 7812
8247 6498
2665 2172
7622 6895
6821 196
2089 257
6973 3884
7397 2769
9814 3702
2784 1540
9766 8875
276 9
6394 3361
40 36
595 436
4435 1800
2212 1431
7440 3551
2988 2229
9291 6562
6832 5528
4396 4058
6043 445
4822 32
2802 105
5194 552
6906 927
604 191
7757 6979
3016 571
9555 3727
547 401
6784 1977
3946 2691
7071 4468
9989 9195
4149 3895
9951 3760
5440 3794
9861 8396
1333 767
7957 4326
1115 1091
2838 2221
8539 4605
6069 2099
7856 3310
2480 1174
5896 3700
3680 3069
3389 2305
6553 1955
5035 409
5988 3985
277 54
8077 4327
3534 1737
9988 7502
9516 3737
6264 6190
8220 7753
1895 1629
8941 6739
8003 4980
9234 182
8598 5723
1388 1029
8554 6621
7197 5393
8779 2569
4205 57
2994 156
8830 5003
6261 1178
5060 2715
2363 1226
3059 2807
4499 2010
6810 4486
6365 3034
362 346
6961 3229
7791 7427
7799 3942
7486 3806
101 3
1491 1093
433 417
9484 2462
4775 326
2875 11
6896 589
3923 637
7704 3350
4651 2177
4018 3284
9083 7807
8320 2528
9538 8107
6154 1034
3031 2924
403 97
2585 2032
516 110
3972 1524
8991 3639
9576 8606
9483 2688
131 120
216 127
4270 824
889 798
244 193
8464 1890
6430 3957
8316 4776
2935 2191
2351 1447
5486 4035
6534 4433
8982 7353
709 116
9201 1856
6462 698
5519 1740
6636 1143
9968 4381
6340 708
4264 3149
9630 1069
7371 912
451 144
7199 3470
9691 3899
4346 732
1250 649
6491 4891
9850 1667
3711 1764
7822 5351
7955 1230
4889 1231
4573 4380
1186 261
4916 1048
5441 1562
6211 539
4147 3663
6907 6886
9936 5515
5752 5221
2674 1241
6977 2890
1238 469
1160 62
5074 163
3507 3204
3178 99
5032 1891
1247 480
9535 9402
6214 3018
5875 5407
5974 3724
819 297
3971 1996
7578 4501
2162 260
1349 1300
5034 2052
2347 2202
8573 2992
4431 2694
8882 1272
8856 6789
4608 394
5725 371
8047 4963
1507 1117
2523 1816
1489 1479
4609 1917
3441 1085
7027 6064
1257 642
5545 2431
4598 629
7810 139
7976 5192
122 39
2893 2857
9820 8507
8204 4168
6125 5646
9222 6482
4455 2424
3424 264
9049 1355
5272 3247
8056 4268
7458 4255
4589 681
3511 988
7342 4817
4751 2922
9750 1590
2724 518
1720 964
537 370
621 411
5629 1812
23 12
7970 4148
6986 6325
392 285
8197 6039
1440 626
2515 2278
7934 4026
1615 578
630 325
7780 6318
734 255
3970 522
6502 2477
5176 850
8049 5364
8009 5127
2220 1683
3353 2195
2882 330
7325 5402
6582 3901
5616 661
5267 4412
4283 1411
4732 3135
3044 2979
1814 892
1802 465
3446 1694
6707 6487
5256 1354
5328 944
555 232
7002 4878
7280 7215
3765 1306
1774 1587
3440 1278
3846 1993
5329 1538
2627 447
5134 2316
373 113
9941 4558
6613 3989
4647 3333
6572 3582
7354 5226
6289 3660
6269 583
352 123
2476 957
6221 1461
443 130
6481 3501
6247 94
7233 4069
3755 2129
8440 7782
3752 471
2920 2872
854 592
1224 953
9656 3201
8572 4708
6438 4120
4353 1370
4615 4121
2899 170
3776 1657
4971 4287
1888 852
3562 2618
9686 8465
70 48
2481 501
7607 2344
7575 1478
2262 942
1899 1881
9280 2021
3872 1957
2584 1535
8537 4896
2243 1498
1446 596
4417 2590
2570 2095
3358 3297
652 320
6597 4871
7541 333
4158 2085
2811 2460
8121 7883
7299 2093
7108 399
4681 655
2828 1292
1728 1159
3766 2024
5200 3983
6276 1659
3112 2722
9410 9345
6734 1707
6630 3172
7862 5321
2975 1343
6838 2936
8641 5799
8201 4009
3209 834
29 21
4109 2395
8378 3867
1225 63
7433 5420
2859 1974
53 49
9709 775
9204 884
639 147
4303 3919
3627 1181
6685 2605
6009 1465
8762 1900
3844 3184
700 434
3832 2103
6517 733
7931 180
9740 1263
8196 6901
4757 3246
3360 2657
2211 580
8082 7360
898 81
8563 8089
6915 440
2107 2044
6909 6577
1377 202
4658 1973
5197 2803
5823 2506
3078 1206
3812 3095
4103 375
5703 3091
24 2
4251 3040
9583 2038
6539 408
8579 6101
6622 258
3668 2232
7498 2423
6812 4227
3252 1190
2858 2761
6822 1827
1386 543
1755 1063
7297 229
2014 1696
8469 4674
5284 2253
5286 888
8913 5660
7994 3873
467 245
546 88
3316 745
880 542
972 184
5798 4919
8153 5926
9720 5076
6538 1155
2973 2249
9396 7123
9683 1385
9332 795
3490 981
2660 1908
6088 2870
8283 6003
9832 8512
279 181
1832 307
7434 1663
5711 2816
8674 4155
4394 2933
8167 3439
235 149
1894 1341
2914 1260
5716 3676
7688 6845
837 796
3583 287
8494 5400
5118 2283
3421 288
7404 1698
1628 952
5137 1671
234 33
7917 6724
2945 1384
7484 2398
2073 141
9611 5975
6313 3879
5583 2321
1863 1803
4033 1912
4663 4527
5104 817
6999 3293
231 223
6382 5792
6700 3156
3732 936
1623 177
3126 2399
828 673
6425 5708
4289 3032
625 161
7619 7561
7271 1208
6400 5987
5446 3081
8735 6586
7080 1132
3616 2943
8627 7077
8444 5347
5827 5261
7986 5447
4229 3509
7338 4432
9701 1910
7127 4318
5358 4948
4869 314
3915 1716
6692 2017
4146 1083
5839 3478
6418 5872
6754 3678
4133 43
6642 3487
312 293
4508 789
9022 7436
2396 2362
585 185
802 627
8996 1892
5722 4124
1262 128
449 143
3232 1776
9030 4993
948 319
3288 2860
2193 935
4461 4430
6439 194
4421 2709
8234 2687
4922 510
6593 4530
577 500
3072 1481
5686 4843
835 242
6942 5482
2598 556
9362 1642
8707 4119
9276 5169
9892 2791
6644 3818
8942 2137
8662 3644
3515 3382
7984 5981
4635 4157
9613 648
1454 550
259 18
3743 3218
278 160
4075 3831
4988 4810
5804 56
9761 2317
6854 2513
198 152
573 414
8912 6506
1102 855
3422 3278
5462 1259
6650 2964
5202 1701
8403 3376
674 415
3394 334
9351 4748
7309 6701
3859 2679
5739 5193
2937 2087
5857 1929
3130 2615
9992 9141
4408 1823
5363 803
2526 1101
9420 1567
1660 1528
3710 2040
9829 6320
2027 1898
1859 831
2972 2039
354 22
3282 1423
9424 2748
792 788
5269 78
