95
2177 5508
9049 9170
1191 1570
7320 7344
4497 5362
7702 9852
2456 9000
4621 9859
204 1220
6782 9479
2025 5407
8165 8538
3872 6732
5610 9064
6558 6738
8072 8207
1803 3224
2462 3056
7755 9299
290 8866
8633 8864
2748 4429
2471 5855
8617 8672
1432 1444
6740 7967
4891 6287
3360 4719
1129 4701
3292 4069
1614 8664
9555 9936
7135 7649
5374 7424
2545 8370
8930 9149
9366 9603
2173 3485
526 9208
4350 9930
6594 9831
9993 9996
90 2243
6586 6920
8261 9087
4029 5152
448 5349
3705 7576
3818 3870
7665 8537
8418 8953
6449 9102
9576 9811
704 8240
9621 9784
5785 8512
3819 4858
2196 8657
4185 6270
9488 9613
6574 7837
5199 8682
2818 4167
8314 8531
1608 3006
6354 9517
8752 9408
5726 8553
5369 6703
2620 8210
6765 7891
9210 9709
9821 9987
4597 6988
9355 9681
9180 9881
2512 4227
6489 6811
493 8629
6323 7133
3143 7549
61 2919
3666 7475
1092 1635
7726 8101
9351 9564
9341 9482
6812 9274
9972 9991
8345 9397
9572 9735
7554 8522
8614 9853
1610 9003
3534 4065
366
6350 6188
3308 856
7912 5299
7996 2138
6008 2447
980 368
5291 3154
2798 1530
1865 760
6459 2656
9476 4019
7733 1663
921 62
9617 7269
2077 961
7080 6123
8073 661
7466 2507
664 226
5421 1569
3452 294
5530 56
8149 4127
7873 5532
9127 7894
2365 1336
9329 6919
4037 1
6625 498
9562 719
2019 378
3362 331
1107 512
7465 5793
4211 798
1774 1213
5432 4367
5176 2051
6359 5631
6507 3288
989 85
9167 185
1833 169
3948 1739
4964 295
5975 3072
5661 3211
2509 1681
5865 5547
7811 6894
2120 1914
7303 408
2336 1016
2885 2570
9045 4085
2510 1503
7145 2633
3761 1737
5518 4535
6883 4117
2990 68
462 233
4414 971
7349 779
8845 3202
9022 4810
7327 3615
6598 5961
9729 7730
9633 6614
3679 3031
7360 4603
7787 3790
6758 1698
1942 365
9661 8016
3618 303
7937 4699
8676 2713
179 76
1583 1438
9646 8980
7101 1680
1258 445
7132 2036
5161 2086
658 428
9412 8600
1240 381
718 10
1401 1152
1290 947
2790 2136
9215 1222
113 59
4272 38
3657 1215
7037 4522
7812 4180
723 624
6573 6293
7623 335
8545 7094
5064 4751
5526 567
4399 3351
9524 3962
6030 418
6711 2778
3759 3111
22 16
6388 4089
9099 5835
5776 3182
3715 3650
3978 3364
5968 2057
9880 3786
9311 1770
3262 2715
1144 702
7594 2105
2275 1286
636 256
5612 3982
3460 2426
4400 3999
6254 5461
3190 1618
4460 2521
780 665
3060 2038
2783 2094
170 107
5880 1716
7932 5925
4341 1080
8962 6705
4775 1445
584 243
2791 492
5264 3728
9554 3230
8999 5448
4617 2794
5002 279
1758 416
9264 879
8317 4323
3963 384
9877 9660
5859 1550
5347 3908
7106 5168
3253 129
2391 1990
4013 2888
4161 1875
5190 1510
3197 2518
7055 359
2893 103
2032 175
9798 5542
4376 1424
5338 2047
6676 1908
7247 5552
131 6
1038 157
4240 2610
3756 1090
7498 1702
1956 1363
429 142
4322 2870
4001 596
455 197
2139 2130
3763 420
2887 1482
3203 3129
146 28
1116 223
8069 6310
1732 427
9020 4872
7874 93
6986 5055
7599 1108
3780 2685
2726 2254
9464 9016
2968 1671
7620 3768
1499 1018
8450 595
3310 3239
2557 2114
2625 818
8724 5403
5035 4435
4795 1727
7950 467
8399 4864
8202 711
3796 3157
3633 116
5756 4960
3246 2376
8651 6576
2956 1649
1926 752
7153 6414
4506 3693
5360 158
367 97
5384 3501
9682 3272
6083 5460
1157 1077
4466 1039
6582 1753
9838 8931
315 122
781 581
5969 3781
1218 746
5358 2093
6210 3465
4910 3881
6905 5204
5844 3222
1475 1333
4270 1714
1369 669
892 707
2601 1430
6150 634
3493 1689
3315 1294
8511 1331
1413 60
4704 296
8574 1848
2761 863
4515 4103
2928 558
2793 2686
2847 1042
8449 58
9281 9188
133 55
7266 3864
3943 3467
8033 217
3846 3339
7881 4923
9319 4880
8092 7988
6055 5866
1895 649
4319 3991
5244 3911
8142 2522
353 190
1330 1027
3000 1831
1242 868
9786 4234
2404 172
4379 2939
2978 2862
9609 3930
6787 2731
529 484
7980 108
6572 3613
7615 4936
6356 3726
302 114
3845 2496
7250 2356
7009 2583
5101 2630
7326 182
9885 3979
4892 2720
3424 1692
5213 3498
4690 3187
298 177
6847 1285
2347 1122
5784 2149
4679 54
641 297
9847 7057
3912 2917
7453 86
3383 1277
5781 2477
9097 3821
7139 383
1072 1040
3328 1463
9365 5953
6631 1367
5644 4343
2260 1491
7038 3042
7655 5907
4216 4212
8417 126
6785 4939
6165 3884
4067 3306
3858 105
3865 3820
4316 2657
1106 258
7555 4855
479 94
8318 4328
2563 282
1124 150
7608 6989
7091 5468
9360 3540
19 13
5346 489
7782 1175
8674 4544
3886 1546
8695 1766
3521 2373
5705 3249
8848 3149
7261 5684
6113 1103
8753 2480
7314 508
5945 4770
6825 4283
5308 2164
6613 4944
7589 4560
881 875
1316 163
3658 539
6466 1777
262 82
2324 916
7334 7259
5481 1542
1319 1079
559 379
1493 1468
3993 3828
4988 2013
4232 590
6093 3673
5034 1961
2971 502
6566 3847
6035 960
