104
5264 6245
3801 4124
9840 9942
608 1642
8549 9966
1131 1719
4568 9618
6100 7405
5539 7132
9888 9954
3589 6958
4601 4848
2652 7781
5916 6062
6611 9486
2099 8303
8006 8560
3594 9654
7422 9286
3131 5599
8899 8952
5650 7687
2536 3729
7598 8771
1306 7665
8737 9380
361 1150
6250 6647
7996 8840
7593 9042
2047 4528
8566 8789
4747 7983
9450 9570
6803 7807
9461 9630
7644 8028
9099 9405
2995 3416
9189 9565
6233 8441
8971 9159
6264 9303
3094 4283
5053 5471
6237 9782
3847 3979
5812 9204
3686 4992
8252 9683
3977 4296
5654 7400
3207 6518
5194 6369
9023 9389
5296 6392
7068 7688
2576 6190
5817 8440
870 1672
2846 3367
3218 5054
8165 9352
942 7685
9906 9960
6978 9973
1937 8258
5224 6022
909 8896
6223 6377
356 6231
3459 7986
9819 9924
7599 9634
5078 5508
8937 9770
2432 8727
4312 5063
5977 7251
1174 4053
1699 9279
8349 9823
5004 5393
8323 8781
2207 4638
7661 7698
2237 9666
8260 8881
7990 9703
7026 9428
9641 9744
5406 7759
2166 3258
808 5878
2334 5926
3654 4559
3617 8903
3660 7382
4324 4762
279 2293
5351 6753
3745 4665
2057 7707
9941 9947
106
5021 1330
1747 1099
6270 3730
1242 677
2577 398
337 303
1413 165
8634 2653
7617 1852
8431 7500
289 96
7924 7557
8581 121
5447 2925
7340 1353
9199 835
1321 526
5971 1034
8396 5554
7052 3761
8648 8397
4322 164
847 461
336 9
9418 7432
6197 3347
7329 2687
8948 3572
3936 2147
7732 2357
3925 955
5241 1082
3831 186
4996 708
524 3
4309 2222
6337 3027
9115 5219
7152 4641
9467 6968
6778 1639
8046 5030
4563 2210
7478 5499
6939 6652
9862 4725
2529 1042
9488 5777
3178 1435
2021 516
2871 2663
6393 2938
6812 1045
7560 3814
3674 179
2370 1966
7497 2806
7747 7123
6162 3008
7929 3098
5547 297
5413 490
5072 3664
5541 2306
1499 1127
3561 1033
6622 6199
1806 1243
3706 2496
4342 2635
6005 1471
1559 1170
1224 517
7919 4777
8007 339
9889 2833
9345 4268
3420 1481
9776 956
6807 703
4560 3368
2842 1247
607 555
669 180
57 12
3040 936
1771 504
8750 1419
2861 2507
9344 2450
8599 5804
2884 2001
9860 2872
6676 4965
6439 5775
8133 3627
6547 5533
7639 2732
8371 5362
6117 1821
7331 6721
5425 2072
8533 6923
8174 4705
3283 889
1140 484
