424
4942 5588
5293 6021
9040 9342
5622 8686
1823 9757
2957 8321
9614 9975
7231 9818
4801 7519
8982 9902
6381 6414
4832 4921
9112 9368
5444 5826
1590 8147
317 9615
2850 4586
4576 9335
7627 8721
9585 9759
7454 9087
2637 5894
3551 9563
1675 6222
9336 9954
6930 9343
6627 7020
1371 5810
1903 8958
5821 6856
8228 8299
4691 6333
1883 2210
1686 8545
6204 8166
4247 7116
9534 9729
2427 4909
9127 9276
5360 7138
1891 4702
6554 6663
6989 8122
5160 6993
1659 5712
4482 9228
7347 7432
6536 7945
5202 9148
9911 9970
4513 7505
5670 6865
4221 8371
7462 9371
5352 9669
8554 8886
9577 9929
5454 9488
6819 9672
8146 8185
510 2867
1853 9918
5814 9560
4424 8890
9530 9797
8915 9395
7837 8103
6951 8325
8995 9095
9827 9919
8729 9821
2149 9680
1217 5948
1103 2293
4445 9340
5991 9779
4519 8615
5476 7963
7955 9182
9823 9923
1444 3213
7514 8675
6895 9573
5122 9393
8296 9150
4613 6649
1749 9523
777 1839
8832 8845
7422 8953
35 3190
2750 4856
9748 9800
2780 3373
4522 6887
8215 8814
415 6884
3184 8894
6656 7472
6568 7405
2569 3263
5222 8673
7068 9799
5842 6186
6240 9041
6885 7321
5196 9019
5106 9899
6007 7279
461 9232
4057 6987
7836 7838
4050 5851
8069 9891
7909 9226
1053 8095
7392 9716
8379 9193
1714 1969
779 7559
3588 9997
7531 9928
6700 7409
1212 2190
57 7930
1949 8669
2944 7724
3163 4905
9921 9974
4450 4878
5836 9188
4278 4891
2975 8541
6145 6595
9051 9424
638 3016
5551 7978
966 5185
3796 4911
2260 3780
1525 7118
1376 2404
2193 6428
9105 9527
5317 7671
4038 5638
7360 8959
5371 5869
4461 6550
5264 5967
8589 8952
9285 9490
7669 8773
4226 6237
7892 9643
1182 2836
3051 4590
7404 9260
4804 5536
2940 6512
8116 9541
3988 5864
5500 6035
9705 9819
9901 9982
5052 7301
5972 6507
6498 7287
3938 4409
3967 8242
4187 9075
6313 7470
6790 7853
4098 9607
767 7044
1344 1676
6764 8375
217 2863
329 4019
2141 6271
6366 8177
1348 4463
9079 9106
7004 8109
4225 7655
9714 9900
6538 9519
4780 7770
9204 9786
4428 7868
6914 8914
8395 9436
3300 7430
622 1801
7903 9363
6272 9631
159 8307
6645 7704
5442 8852
4880 8301
8385 8582
7907 9261
6383 8645
8859 8934
6461 9926
6619 8942
3052 7214
2590 5437
7809 9209
3819 7901
175 697
8561 9751
100 8533
1037 8786
9303 9312
9359 9863
9660 9930
1624 4483
615 6789
539 1869
6647 7327
4320 7259
3889 9847
5192 5429
3494 7910
5553 5840
80 3387
288 566
5461 6805
1780 4643
5018 9933
8743 9693
5923 6533
6543 9360
6838 8327
4733 8736
7340 7961
4836 9374
610 2223
7900 9222
3372 6815
194 3606
5328 6557
1772 3397
4758 8243
8326 9306
2160 2601
9730 9783
3351 6169
636 8007
962 3575
4307 9870
3519 4115
5679 6737
6995 9032
7177 7667
7036 9472
5359 6373
9561 9616
7111 9892
6869 8700
2387 8338
1473 3470
6727 8290
7217 8710
676 6878
855 2999
4381 7688
7197 8963
2453 4356
1364 2052
7506 9332
7535 9337
1765 9323
6750 8964
3224 4948
8049 8418
9663 9888
9114 9595
4275 9089
4464 6301
2219 4817
9903 9940
9120 9922
1160 9624
4549 5893
8484 9287
4634 5714
2457 3326
8264 9910
2106 3174
6972 7835
2599 7439
8488 9504
2145 8918
4116 8701
193 5019
8461 9043
3124 7474
4121 7682
6918 9659
826 9750
3928 5828
2909 3202
4248 7043
2111 6103
3733 5731
5502 6863
8750 9088
8502 8826
360 5314
6360 6483
192 231
3955 5143
9706 9909
1428 7162
1168 6908
7428 9141
6813 9612
5989 9247
5625 8004
4339 8096
5805 6277
166 9826
2705 3708
985 5159
8694 9183
7074 8777
9103 9453
8164 8231
7546 9537
1256 6804
3478 4070
5436 6210
6341 8986
2519 7159
1716 1920
6907 8277
4739 8670
7879 8294
3439 6659
6827 9310
1728 7826
4786 9626
5772 7696
7640 9503
1481 9256
9378 9611
9042 9381
1446 4197
1848 6926
3142 8168
488 5928
8489 9142
3643 5781
4503 5848
9143 9882
7460 8438
5053 8507
6788 9968
4597 4965
9667 9962
9979 9989
8787 9362
170 9224
1968 3546
2284 9602
304 6777
4557 9113
3048 9334
3784 7842
6321 6698
4657 6770
8331 8623
618 1399
7022 7830
4773 9953
752 4123
3808 5631
9119 9917
8202 8596
3835 9773
5872 6284
1524 3884
252 2352
6122 9238
6254 8565
956 3973
405 2174
311 2560
8723 9600
1211 2281
8086 8819
8432 9099
627 5940
9648 9761
6181 8868
4915 9981
9880 9945
3915 6848
3907 5873
9639 9941
7663 9865
4699 5201
4596 6741
577 9004
878 7608
7229 9484
3227 7211
7624 7968
9737 9742
2851 3473
1592 2156
4966 6215
9151 9718
9996 9998
8429 8884
7173 8442
8333 9491
6779 7683
9832 9956
8410 9481
2876 3793
3818 7975
713
3199 144
1783 1145
5016 2206
5724 3175
74 21
482 33
4376 3518
2126 558
1604 359
7046 1844
7337 6022
2896 2072
8535 3118
7176 4679
3763 3325
1252 67
2252 1210
3303 1961
4005 977
5702 1938
6004 1781
5846 4885
5012 1329
3560 1758
2134 492
4262 3150
6328 916
3539 397
2991 745
8288 778
2636 2085
7275 5701
8252 4893
6886 4994
5769 4811
8133 6287
1117 765
4091 3497
5946 258
6505 6468
6037 5231
399 127
782 763
4291 2318
1405 472
3160 1672
8496 4976
9383 1060
4177 758
8037 6247
6769 5354
7061 1892
7575 2837
276 191
4343 2337
5297 4621
7726 6120
2476 2004
879 168
9498 5608
5010 1369
5161 5101
5211 4655
8913 375
181 71
7764 1199
5413 283
7969 6580
2941 604
9117 4708
6689 2967
8883 5300
5282 3109
9475 153
3521 108
9726 2923
3342 3112
5742 1511
6717 2087
8019 3856
2107 148
7290 2263
1771 204
3240 1797
8572 1116
2184 632
9345 3079
5817 5268
5290 4013
8081 860
2333 831
2834 53
437 326
3566 2038
7406 4010
7030 2745
5057 1629
6014 4538
7104 5205
2083 1836
2017 78
2243 130
2445 1794
3945 802
8601 4731
6877 5286
9920 6748
9301 5591
8602 4520
816 734
9102 7466
7481 6119
352 251
6873 2183
981 257
7654 6637
9305 8493
1536 356
8353 1395
2416 1768
4723 256
7875 1179
9711 5188
7110 2349
4592 1253
1434 1198
6783 6089
8013 1008
1132 885
2995 2856
565 521
5424 2743
4517 1270
1733 506
2562 1224
8833 6081
94 54
7320 3930
542 31
6569 4514
8336 6900
3257 2460
8528 889
5533 3616
2814 2449
2417 1216
5000 3362
7507 3929
2371 1549
1062 156
1454 24
2661 1163
1432 453
7493 4594
7154 1655
8015 760
3092 2471
6952 3138
2131 1726
7362 601
1451 846
9937 9033
5493 4895
8705 6639
5607 3402
2815 1069
7656 3330
8386 7626
829 59
4803 3322
9045 5399
9037 5669
4611 4562
43 18
335 186
9789 8495
9557 3001
4321 2229
46 42
9845 2645
1234 928
1484 1011
3075 794
9566 6529
1427 55
7529 514
2481 976
7589 5689
2830 1537
2396 1611
8406 1110
4509 3314
1243 1201
5691 147
1202 73
9321 4600
3189 323
9734 5040
5048 3456
8632 3925
2855 2771
2282 418
4281 1009
8354 2380
1366 227
3697 1442
5116 1897
2534 1362
6733 3706
1539 428
7555 3809
5639 2733
3585 1595
2348 1997
1310 666
7008 3517
426 132
9938 9546
136 120
7203 3123
2556 1620
998 837
8165 7383
2953 2464
6682 5774
8318 573
3130 271
9840 4344
6195 1268
2299 1522
652 483
8298 2984
5764 2688
9477 4828
2595 2286
1123 1038
4759 4250
3617 2914
5853 3420
2138 1166
2212 1488
6451 4536
6102 3830
7866 5190
1171 468
9264 6641
9703 7679
1819 1023
3865 2518
4555 4205
3926 3068
3626 3385
6161 180
2859 2298
331 83
7666 1031
8769 302
346 294
7463 4850
6251 6005
3449 1923
2550 576
8991 3530
1318 79
1354 279
2444 1899
5158 4484
183 133
1220 741
6765 1350
7265 6260
8629 5281
7085 5888
6570 3176
1264 653
922 324
4436 378
8082 6807
9370 3787
8938 3074
9851 3113
8387 8127
728 570
4573 2128
2905 1707
4249 4136
2322 1926
2674 810
6147 5939
4582 2300
6646 4355
7488 1462
9104 6817
4865 1194
6591 2523
5080 4599
1174 1120
8522 4423
363 354
7256 5941
4383 1521
4757 239
435 395
7929 3968
4462 857
6857 1670
1561 671
6774 3786
7805 6562
2008 13
1186 445
2407 479
9111 5776
5020 4993
3255 2600
4294 1431
7228 4676
7480 6453
7880 6567
6443 2583
1001 408
4134 2735
1074 774
1004 999
3305 2585
3666 678
6063 3410
775 651
9279 6561
490 248
3657 3312
7882 6166
6901 5134
7300 658
1702 620
3095 574
8324 2328
6566 1140
5924 5494
3686 2220
4639 611
8148 4209
4172 798
3337 1492
7184 7077
6482 5740
3457 2652
4103 940
9320 7834
2804 667
232 137
2432 2070
4810 1664
8592 8188
5212 4163
1974 883
9361 2813
3937 3468
1479 713
8751 4583
5998 5174
5743 3087
1984 1554
5593 4973
184 56
1751 172
7286 4504
4593 1858
4978 1066
4628 1671
6518 2062
3407 1375
7757 7394
4217 862
8661 6640
7341 5900
7038 286
8191 247
6212 3465
5333 4929
8309 6923
5292 5224
7132 6067
3704 1677
674 58
1593 723
5861 1649
7338 3085
4348 743
8115 2041
9828 2838
446 336
2381 34
2762 2574
4845 3836
4859 2208
7129 2522
9063 6909
737 339
68 40
4183 2117
7370 2458
1793 1067
4886 1409
7967 688
2602 1209
8367 7216
4527 4113
8704 5204
5829 5498
6782 3730
5648 5514
2494 624
5519 683
2592 1666
2316 1721
9628 26
3522 1180
7564 2418
8881 6072
5831 4950
6073 4258
918 706
3785 1985
3231 2576
725 661
2956 2870
8857 1994
714 234
2811 1469
7761 2767
556 489
903 432
1958 1384
4465 3853
6696 1755
7456 1887
2515 503
9860 1515
5396 98
4574 3320
9223 7322
5685 3639
6564 6226
7389 3848
1330 466
6337 3217
3778 2802
766 452
4471 3431
1240 404
8608 6795
3502 1193
8343 872
1579 467
3896 3624
3450 919
4229 2288
4906 2571
4710 1753
8113 6722
7924 6776
6897 3920
27 5
1822 1377
5783 4630
2774 1880
621 393
9640 9028
6823 2798
3343 845
5993 5580
1808 1283
7379 5537
828 44
3165 1509
4365 2824
3364 2841
6574 4311
4742 3590
3273 3210
8630 7498
911 3
3746 2806
8079 2024
1322 768
4295 552
7613 3815
396 242
6406 4980
2929 188
2625 1742
9039 4785
7133 1723
9206 6666
533 403
6636 6348
9807 7906
5490 4094
3868 142
1546 318
7058 6517
3297 1052
1559 925
888 212
4641 815
3791 2919
8797 2746
6810 2073
3870 2910
4633 2094
7661 6132
1743 917
2061 1496
8837 7219
1770 150
7867 5754
3008 1754
5615 2572
8679 1450
8199 5350
8156 5440
9052 7563
5915 5535
3041 343
6759 6708
6242 643
4357 3810
9463 1835
7399 1341
4079 3806
382 92
6626 5780
9709 9109
7943 1306
5692 4181
8627 2630
4328 1108
1558 1438
2917 1312
7448 2045
8755 5965
5014 1824
9413 1082
3033 2677
3067 1297
4493 201
9841 4995
4397 4044
7247 4900
6280 1630
4097 3313
3451 1014
8020 6990
6732 4441
5760 1738
9 6
9300 7544
4419 1992
246 211
1274 1078
5378 429
3774 525
3767 2037
2962 1128
7033 2256
8129 6152
4338 2521
2152 2006
5624 3711
3389 685
6149 3886
5344 63
2497 1459
4403 602
6229 328
6009 2631
1935 824
3843 2769
578 160
5123 2778
7804 5397
8809 497
2267 958
2755 715
8905 3125
7812 2575
2730 2603
8916 8817
4179 2032
5992 2946
5837 1814
4279 2993
6221 3414
904 628
6843 5799
3356 881
7587 7012
5954 3448
4636 1586
8937 3885
700 235
9065 8591
4119 1635
7623 165
6806 1837
2752 648
6017 4359
4438 240
3881 16
5603 2893
3509 709
9513 4559
3298 2406
268 76
4408 3121
9449 4368
858 681
9123 1846
8114 3760
1966 769
2495 1453
4020 3829
5041 425
353 303
4861 1795
4575 553
1388 129
8246 2970
6758 305
3761 491
308 218
8356 5098
7893 6655
3003 1777
1619 974
9275 608
8304 1059
1854 1763
3646 3423
1233 1000
9869 5708
1896 281
9655 7752
3619 2908
8143 5403
9134 3149
1463 427
6289 2543
6294 6111
7045 4184
7658 4979
2803 2681
9178 7668
7789 3170
1774 1299
9233 7639
1725 362
7545 1529
116 112
5259 1651
675 538
3817 582
2336 2044
6628 162
1093 948
1922 398
7495 1506
370 15
7824 6183
5728 81
961 924
8097 4706
6154 1288
3690 788
9649 1912
3359 1491
6245 3649
1860 1466
1508 1357
5516 2570
4056 1091
3669 712
2456 70
3495 895
8537 3070
6711 4435
4505 744
5865 3392
5139 1028
5358 2028
5346 3116
3750 2237
1940 327
6545 1711
2143 590
4809 2567
8160 6755
1809 110
1504 1358
6957 5154
7616 5088
2465 2019
8978 7808
8782 6938
2862 719
4023 1719
7567 3855
4078 3742
3194 1480
4565 2633
3754 739
6327 2706
