4
3368 3400
4690 9472
1600 9890
7222 8482
670
9338 2067
9536 7706
6508 2482
4667 28
848 539
3703 3255
4046 123
2143 347
7739 7030
2681 1882
7602 272
5491 5266
908 814
4491 666
6249 5624
5166 1276
730 163
196 186
7175 5570
1234 87
3440 584
7103 3977
9700 3493
662 286
9047 7862
7195 5031
5788 2833
8740 4416
1012 80
2129 2016
1006 559
471 397
3625 3430
6640 1249
2115 1134
4474 2600
9280 2651
6356 3765
7810 2706
1873 117
8919 6154
3788 777
4626 2239
7667 2674
6613 5070
8739 8114
9504 5238
6236 2352
5688 2338
4336 1262
46 7
6731 1936
6681 5360
5419 1121
8978 2708
5731 2735
257 56
1497 149
5579 586
2524 2083
2441 2380
3994 1980
9127 4485
1394 1141
6481 5280
3227 67
7527 3011
7031 88
4936 4502
1822 711
9391 3954
8460 6320
7686 5301
7866 2428
4470 3996
6513 1855
342 219
2977 1069
2357 2299
7141 2451
5467 3498
6764 3866
6632 244
3192 1598
6594 3826
3154 1707
7473 2770
7225 3707
1758 1079
3441 2484
2286 911
695 256
1784 1743
8803 7935
4449 33
8675 1989
4448 3371
2723 1981
2013 525
8126 2388
2801 487
5086 1237
1694 1452
1538 47
4930 172
1728 801
5473 475
6622 2573
4138 3314
4746 2280
8196 5053
7875 5895
8575 6064
7779 7586
2746 788
2960 1236
5202 4745
3376 2412
6692 1400
7914 5298
9401 7036
4776 2724
9398 4191
3443 2824
9648 936
8624 8569
9642 5029
3575 900
7493 1948
3159 579
3818 679
4938 1732
9694 9287
6301 5304
1018 51
2289 1578
5026 2225
4418 708
5147 5127
750 278
4715 4154
8342 2861
6607 1361
7878 2163
9445 1678
6851 2988
669 506
9933 8207
4834 4032
4587 4440
2654 158
2003 1072
3568 214
3773 332
1331 571
1511 264
1871 250
7846 7427
181 152
3335 2087
2042 346
1695 873
641 413
5292 2381
7450 2882
8070 7393
9430 1958
5384 3246
5387 837
772 521
6290 6117
9372 469
9174 5919
324 321
9595 7533
2442 1603
5712 972
931 159
9761 7201
4086 1607
6626 3062
7516 3588
9148 3645
6208 3290
3723 2012
3929 447
8918 1221
8534 3803
4884 4882
868 218
8703 8467
4123 860
4318 2642
4255 1807
4061 3557
3029 175
9884 756
8085 4146
7744 5151
7619 1947
4714 4297
6360 806
8954 6122
5499 4144
5855 1862
2949 313
7176 1063
8524 8495
6830 5655
7110 5776
7307 5322
4080 1527
1092 652
7128 4125
1513 510
4520 2500
596 124
2434 910
235 32
3437 2202
2031 130
3165 352
2164 1698
204 125
4940 3390
9684 8080
2683 861
9379 2411
3836 79
7235 197
4656 1322
2924 2620
1202 520
1919 449
8847 740
3820 251
528 420
242 221
6052 3825
8450 3099
8030 2372
4689 2644
1122 828
7374 2827
7696 6801
9563 3618
275 137
4132 685
987 589
6472 4898
1200 308
8488 4771
9295 8437
9858 3513
3681 3599
30 14
9144 5756
1345 394
7079 3155
1606 1374
8418 7272
3221 12
7051 5909
8787 593
5226 954
1787 276
6637 4362
2812 2504
9864 2769
7363 7054
9732 3242
7017 2311
6433 759
1475 1355
6739 6285
6982 2678
6492 1619
2219 933
2226 1357
7254 3456
1806 1672
8015 5290
7918 938
4987 1399
6957 3355
3790 2456
6097 2279
2319 950
5092 4557
2822 381
9510 3049
9241 7481
3682 450
2018 1951
462 92
4640 1477
1926 485
8132 1205
524 139
7676 2416
4104 2926
2545 2017
9469 4183
6062 363
9082 5397
8082 2266
2948 1034
8921 3279
781 232
8042 7228
4063 1138
3935 1875
2946 2910
169 34
6567 3953
3260 1483
9356 3041
4766 4584
6997 973
76 3
6461 5216
4392 9
6334 1007
7913 3370
2850 1771
3232 1489
7590 3389
6828 1277
5393 287
3047 2122
9568 2743
3573 2092
3284 1103
9271 8601
1149 16
7607 5236
9677 3213
4020 951
918 66
7974 4950
5565 5317
2440 298
3460 1963
1914 15
3931 2373
6720 5225
2998 229
7332 5552
977 600
3733 3262
677 595
6576 3342
8961 8857
6685 2123
7172 112
5006 535
2015 2001
6149 2516
3200 2650
771 481
9688 5537
7579 1785
9053 885
7861 3716
3649 2898
7678 3850
3925 2646
7166 6799
2217 435
2699 2588
3589 2952
9729 8268
7255 68
8415 6910
8468 7109
6848 3160
6838 3535
1611 943
4772 1930
5857 3286
7196 1089
8958 4924
6778 6719
6056 2403
1084 840
3211 1727
5348 5320
2453 1308
5621 2921
9414 7884
5345 2108
8113 1895
548 464
6177 4044
6554 3547
5613 3357
2682 240
4259 1309
8920 6671
3413 742
5126 656
9266 8997
5009 2583
6055 5935
2252 245
6362 710
2173 714
9837 5984
7012 4892
3674 2852
9409 6852
3245 2540
8354 7144
6131 1874
1177 293
797 576
2222 61
5235 3851
995 841
4949 4465
3562 1002
6600 2576
1726 479
7657 4280
9173 4881
6225 6099
2554 585
3133 369
3609 2508
3263 2594
8637 383
3524 17
9207 4980
606 227
4583 3668
2370 1975
8826 6348
8420 2374
5974 805
6494 5256
2198 1498
836 604
4380 2930
236 55
1449 753
5039 1388
7340 5409
8076 3346
7906 2232
2963 2460
7134 4161
3948 3659
5771 867
1971 1085
4382 1551
992 803
4990 3339
217 177
7648 2721
5871 1884
7344 70
2148 1001
8175 4257
9659 8848
9208 7415
6347 1809
9420 8976
1191 1052
9471 1468
4466 2051
7177 5952
8374 1169
378 8
3812 2811
9853 6583
3122 2
8494 1160
2755 966
7239 382
5025 542
269 45
2835 1201
7198 2814
3658 530
1669 403
4088 1258
9353 6518
8033 5946
5065 2996
4531 4122
4543 2863
3656 2808
5154 2382
6026 882
4072 2157
2033 431
1239 307
8951 4868
2483 35
3895 1852
6220 2354
7165 1910
2679 53
7098 5609
156 154
1334 1219
941 673
345 295
5032 4705
913 912
1795 1583
3514 2820
8237 7015
497 442
8279 501
3771 1341
7277 3240
4546 2036
859 277
3608 3179
9074 4724
5449 5363
4823 2530
1984 1840
6684 3644
9111 5986
4124 344
9342 7525
6580 3984
640 488
1078 466
5494 3436
4844 986
7140 2520
9735 2061
2685 761
603 374
5604 3763
6896 1440
7199 6918
5027 4993
4513 2103
8233 1124
627 540
2705 2566
9134 5098
8063 733
6309 5615
4703 100
9466 4277
8426 4992
1301 1280
5359 4621
2614 680
846 531
6109 3550
6603 983
6777 1664
7770 5260
5173 811
9800 4954
2437 2229
2947 2688
3607 1371
670 400
2427 1754
1942 1378
5647 1340
3273 1859
5820 3461
7287 3197
1537 1207
8510 132
3738 2790
5738 138
9205 5083
1500 72
4512 731
7133 6994
6522 2356
9548 3203
8727 8702
8681 1402
9743 8046
9078 6087
1285 937
4118 717
5787 4616
2272 872
3065 1443
789 565
3095 499
4264 734
6754 2825
4163 2010
8691 4875
2550 1592
3425 1218
3360 118
3212 613
5614 2444
5274 3454
9977 8748
1094 142
8820 7434
7603 1199
5287 5276
5133 2831
1486 702
1567 1408
8144 4833
3143 2011
3021 2065
7593 3734
3915 3799
3094 2477
349 234
131 128
3364 1896
4862 168
9672 1244
6634 1670
744 213
7060 355
8028 2788
6289 1654
1954 1067
316 40
3080 2653
4114 3993
290 78
6724 1127
5503 827
6193 5671
5850 2209
6596 3679
864 283
3478 2692
1576 1424
8763 4774
9232 625
4310 3857
238 203
4803 2564
4251 1997
1290 480
8209 4145
6843 2196
3035 2805
3655 2262
855 339
8618 7568
8994 2385
6243 6157
3351 2097
8017 7510
515 379
8331 7136
6592 4808
7734 4211
7581 6332
1198 729
4204 1125
5262 3677
4206 1417
4288 2969
3983 2165
3587 647
1526 1213
6818 153
