720
2713 4777
8745 8778
1145 1752
6822 7261
3754 6923
2056 4717
5524 9814
1578 7428
5076 8498
518 4170
8286 8992
2833 4271
9035 9468
1774 7369
5169 5997
6626 9041
8923 9143
8948 9571
5557 9245
2976 8278
6181 8504
8063 8211
8177 9460
4095 4270
1883 8895
7931 8622
4219 8187
5099 9365
7465 8545
7460 7903
7854 8277
2084 8072
4115 9673
7372 9847
278 1801
8481 9386
9390 9679
4602 7930
5212 5647
1660 4562
7677 7860
1137 5475
2243 6994
5231 5391
8276 8761
5491 8822
4839 8478
1472 5956
7658 7691
592 8628
2823 4975
4307 6577
7378 8101
7314 8664
6092 9226
2571 3865
3238 3847
8076 9316
7523 9873
5884 8599
8359 8636
8635 9244
6352 8482
3936 8944
6206 9838
8990 9421
6062 8079
5274 9020
7091 9807
7575 9604
6455 9417
3440 6641
9968 9981
741 7923
2474 5477
8028 9783
357 8559
4104 7385
7387 7900
5613 6334
156 963
9508 9617
3567 3606
2154 9642
8857 9836
7867 9054
3462 6453
849 5422
5702 8725
2619 3145
3451 5053
7921 9796
8014 8369
3177 3884
3834 4511
2741 9736
9952 9958
1064 5627
7396 7638
5842 9649
6297 8740
8208 8468
2874 8448
8523 9302
9966 9992
5498 7117
6195 7014
3887 6389
5909 7848
8648 9522
2454 6231
2680 3714
9517 9706
9778 9972
2868 7764
6941 8486
5838 9748
5732 8753
4232 6741
2170 3239
9461 9927
8901 9096
8601 9502
5984 8267
2772 6266
4787 7807
4534 8758
5409 8641
8124 9946
5896 8019
8565 8906
6603 6857
9878 9944
1694 6616
2402 4926
2529 8056
9349 9889
2074 3677
2867 3004
5312 9485
5078 7880
1213 8712
9287 9407
358 3048
9931 9951
1552 7740
3139 3465
5706 6162
1268 3163
1735 2480
3558 7163
2281 4739
1431 3032
6689 8735
5105 6287
6188 9500
798 2951
8849 8904
8869 9843
2113 4571
4716 6578
3553 4250
5189 9597
5783 7889
9548 9650
2641 4067
393 2924
6769 6802
7127 9740
2828 3295
4324 5600
7866 8639
1281 2665
8679 8877
4195 4911
9348 9772
7330 8862
7269 9422
1947 2728
450 3330
6328 6353
187 4766
3991 6294
6163 6485
1992 3690
4709 8129
1297 6562
1514 2737
2512 4117
9986 9987
7944 8041
7972 8935
9662 9928
3042 9764
84 4489
8340 9805
9170 9904
2717 6704
5104 9684
807 8378
6810 7772
622 2381
5024 8655
1824 6392
3566 4612
3820 5948
9682 9827
545 2690
831 3998
6987 9181
6712 7742
7120 9810
1189 4206
462 7359
4055 7299
2145 7259
1307 2775
9896 9977
6983 9949
9493 9683
4724 5083
2500 2504
2541 7404
8474 8790
6495 6707
7034 7147
3257 6150
4408 7936
3761 7061
5421 5434
1104 4961
6660 7613
3909 6542
8180 9208
386 8011
782 5446
4751 5414
8459 8988
7282 8375
9202 9688
6877 8667
5197 7059
2357 7546
5511 6242
8803 8998
2433 8980
2355 5123
1890 2980
3103 9732
8961 9654
3146 7636
9491 9773
4173 4210
3565 5034
9982 9983
116 5976
4118 8782
1522 2565
2177 9357
2972 9368
8967 9434
8569 9048
3128 6396
2647 5693
7737 9093
7851 8728
5596 5751
6644 8837
9105 9640
40 4284
2549 4857
6203 9230
3227 6284
5753 5845
9191 9894
4360 4573
9564 9786
4822 9314
5341 5977
5853 6532
4404 7134
3760 5280
7427 9652
9397 9833
7327 7535
4844 7920
9641 9644
2034 6390
4356 5174
2289 4126
7838 9186
3729 9272
7025 7043
3220 3762
1088 9067
8370 9083
4085 9299
984 7476
1633 9749
3316 6615
6280 6535
4886 9523
2606 2929
6398 6440
3467 4361
779 8747
5141 7203
2557 8983
918 6008
143 3859
7539 9656
731 1856
5825 9755
7109 8304
9844 9956
2954 5257
517 1840
3064 9751
3583 6109
9942 9999
1453 4729
129 3134
3028 7403
5814 7302
7823 9704
3392 4698
7551 9074
500 2654
203 4340
7718 9361
2778 4112
6748 8272
641 9406
7792 8794
4471 5307
9330 9708
8477 8739
4527 4914
2466 6183
9278 9991
7542 9504
649 9069
141 9436
8567 8840
5296 6238
1180 1962
9861 9953
5508 6654
7078 7595
6755 9301
8632 9534
9666 9721
3550 9305
7887 8885
2893 7256
6908 7599
9511 9639
3367 6005
9638 9899
9004 9071
3242 6253
3185 3482
6778 7032
9699 9866
222 3788
6854 7592
7766 7906
2126 8133
867 1247
7794 8860
811 9616
8441 9475
817 5591
542 7799
762 8313
1570 5539
8606 9897
4575 8920
9064 9253
5762 7315
5757 8571
3667 8900
6948 7388
274 999
8147 8620
8331 9286
4379 8752
6602 7449
8727 9994
6190 8946
4810 9171
4781 8302
2463 8726
2769 3806
1253 2359
8385 8704
8932 9104
8841 9787
4131 6800
9040 9794
7821 7902
5209 6655
9932 9950
5115 8954
2393 7641
5864 9382
8188 8245
7759 9997
3836 4207
4234 7467
6461 7039
8305 8734
5325 7071
630 858
4326 8427
4042 8447
6269 8009
5634 7895
4504 7070
2326 3920
3164 8008
5027 5883
3277 8748
7490 7692
2494 8580
2532 4280
8530 9613
698 6383
8873 8974
4235 8021
6047 6431
5921 9270
6966 7712
7605 8106
9145 9915
799 3685
4796 9929
9042 9747
8154 9752
2111 3137
8289 9178
483 2682
5837 7688
4803 5666
2677 5593
9530 9705
5571 6764
3230 5392
7500 8140
5717 7224
2594 6782
5963 7632
163 6262
3939 5563
6679 7878
5942 6309
9209 9268
6633 9516
3267 4320
6410 6897
9584 9819
6232 9990
5812 9122
6637 9552
8409 9933
9210 9797
9519 9781
7156 8499
6376 8608
1349 7370
2652 3101
2858 4769
8347 8964
2473 5086
5070 8956
583 2935
3607 7275
9455 9976
8852 9152
1652 2684
8438 9204
5688 7612
8799 9032
5680 8337
7075 9126
6436 9058
9459 9492
4876 7063
7810 9973
318 550
7840 8551
2252 7628
5537 9400
8963 9813
4368 8784
126 7349
3493 7910
6290 7614
7430 8690
370 3058
8781 8909
1311 4737
9696 9998
2149 4579
6010 9036
3731 4187
3922 4941
2038 7219
603 8127
4756 8221
9490 9864
5954 7220
9388 9592
3361 5232
1481 2058
2762 3931
6920 7684
1785 7586
2036 7666
1772 6589
5986 9372
1096 9059
4776 6051
9031 9279
8303 9369
950 5395
8596 9576
4108 5788
2554 9730
1782 5867
9427 9806
931 8165
9131 9329
9015 9358
1185 9174
8210 8759
721 6785
2957 8001
1980 7407
631 3187
2061 6674
6658 7193
2543 8705
3889 4875
7249 8823
4005 9681
7582 7883
3537 8762
2246 2925
9102 9720
6063 7402
7749 8074
6723 8816
5452 5521
4849 7175
4764 5302
6720 8250
9016 9142
9865 9900
3559 5476
5561 5668
1006 6427
9086 9877
4728 5272
1543 5364
7228 8742
5064 8844
2873 7155
5946 6234
168 2123
4425 5606
4426 6456
7114 8907
6580 7739
4621 8171
7069 7693
2035 3426
1085 1623
8775 9438
925 8437
5712 6481
237 5671
862 8265
7960 9084
4414 4873
4449 6311
9614 9822
2441 6730
9826 9854
4388 7602
2019 5747
916 3976
216 3430
2039 7522
3207 5614
4197 4640
3786 7112
1013 2721
3577 8813
8700 9905
1501 4389
9010 9370
6449 7864
1217 6260
707 5544
5636 6692
3 9529
3890 4387
2414 4540
2312 9540
3339 3659
5551 8489
9182 9462
8817 9980
2700 8179
8792 9527
4964 8130
5839 9561
249 1303
4130 8554
5406 6045
8581 9934
2538 8768
3429 4262
4906 5268
4966 7540
4416 6925
2969 8483
7869 8845
8455 8866
8374 8936
8407 8598
5852 7309
9809 9821
1649 5992
2502 2855
2323 4900
1060 3096
8511 9925
5075 5183
1714 2662
4773 4954
709 7177
1400 1592
4525 5699
6316 8232
1296 7835
1905 7645
4401 6271
4349 4828
3338 7214
9727 9762
908 5749
6059 6358
7812 9555
7587 8173
4306 9281
2283 6997
1365 9401
4190 9219
1075 6939
4550 4980
49 5855
793 8392
8450 9429
889 8081
281 3813
4601 8788
5298 5635
6713 7506
3745 6418
1242 5562
9763 9960
2328 9737
1609 2203
7723 7842
7808 9643
8356 8972
2989 9970
62 7009
4901 7395
2367 3397
7234 8976
5143 6647
4515 6999
4608 5620
810 4992
3515 7145
7051 8170
1720 3526
1112 1965
507 8760
1664 8875
1093 4168
732 4945
513 5891
6477 7639
1758 6248
973 7436
2060 5102
1886 9203
728 4597
2125 6510
1733 4372
4369 7702
3598 9725
6509 7306
5199 9828
6095 7037
384 3200
2592 3055
1581 7301
556 2896
1432 1482
1839 8195
2919 4001
9252 9779
5941 8146
2395 2759
2217 7412
948
6174 1845
3149 2589
1790 694
128 25
6881 5128
1156 571
9146 6715
8169 333
7400 3626
6149 5890
3815 2781
6801 3248
8716 6936
2668 829
9835 7201
295 200
3291 2597
1362 1239
4305 191
2890 802
5801 4321
3365 2620
2782 884
5775 580
9166 7475
6518 1880
6391 727
1736 1640
5935 5029
5114 2313
7111 3503
3785 766
8853 767
2351 2106
1340 759
4631 1637
5375 3313
2435 464
3123 2636
1033 262
8288 4639
5396 1041
481 266
243 213
2591 522
9320 3173
1418 169
8377 729
8684 4916
833 142
4281 2364
2415 157
5676 4746
5584 4937
6947 3204
5057 4681
5829 1477
1051 45
3684 806
1419 665
5897 3749
2508 743
2701 845
3340 2666
7479 6508
7316 4990
208 75
1809 1615
5018 1922
7967 4299
7422 3818
7572 3328
946 557
4775 2807
5437 685
4086 2870
5651 3342
8751 3513
1561 710
1821 594
8618 3743
4902 1416
9846 9531
936 73
8260 1747
7452 1973
1846 1661
7570 5495
1330 115
4082 180
2063 1869
5287 4890
1521 102
8621 438
4236 2135
5514 5015
4950 2175
3403 1811
5659 1494
8985 1997
7942 669
4919 1148
1353 403
6547 5037
5889 3613
7563 900
3828 2051
1193 466
2187 1379
2531 529
3348 2895
7505 5326
882 503
3966 2524
8466 724
6859 4158
3454 432
7170 5549
7339 6751
8348 2207
3683 2420
7964 6863
8259 7689
1775 1282
9343 3375
1173 42
4124 3014
131 57
3722 1729
9269 5832
2556 2368
2809 2758
5429 4652
1945 332
6536 5373
6126 3617
7125 109
4963 1872
3618 1964
21 16
7652 7000
9845 5833
4593 3840
642 525
2506 364
584 12
2710 1243
4576 2527
4547 1127
7320 1951
6377 809
2547 10
8421 6646
5862 1516
4669 3825
3551 1507
2220 784
2803 1317
815 749
7444 1034
285 107
714 64
9741 6275
1221 609
8077 4101
82 20
6504 4650
1378 803
4503 765
6001 1237
7544 4362
6609 3794
3605 2854
283 72
5725 4216
7661 4314
5949 3057
4139 2068
5648 2810
1423 840
5462 1447
2671 234
1771 1405
7616 256
2304 2013
6040 1986
9180 152
1277 712
3547 309
4398 3929
9969 4738
5211 828
6347 1999
4141 1314
2981 1667
8989 8528
9677 4564
7947 1236
7432 5006
5809 210
5415 1110
1186 820
5089 926
2131 355
428 183
1837 991
6033 2516
4594 4075
4023 1210
1100 250
80 43
6152 2505
9537 3870
1658 680
3408 1819
7002 4663
5831 4008
6813 6529
1546 704
1402 1396
9308 3377
7153 1644
5904 4335
7610 4637
4256 543
8039 7874
8423 3117
1740 1367
3221 1723
4623 3629
8971 338
7608 2271
6533 6387
4194 1559
6007 2756
4285 764
5735 1708
2805 2537
2468 1459
130 70
1293 595
9888 8774
6249 1959
3507 1900
6042 846
1131 662
6825 1547
8770 2365
4660 4026
8032 1526
9356 1005
3609 1726
6757 6416
23 6
8494 2719
5438 3251
2590 663
4390 380
8122 5936
165 33
3621 2552
5966 453
9588 9149
1161 160
8642 653
6414 5501
7072 4214
3036 1789
4917 2672
6688 652
8227 671
147 114
5339 32
7987 7100
1129 993
5038 4040
3782 2426
6137 4064
4877 2948
3459 1015
655 26
3223 1686
5777 2564
7631 6828
2699 1135
2642 2519
8783 5044
7503 2533
5881 1555
5213 2189
2458 1939
2679 774
5665 4725
2117 1361
2444 2442
2528 369
9911 6408
6887 3013
155 51
7207 6222
5459 1270
7205 6514
565 241
2234 1308
3111 458
4198 3080
7733 5697
5384 2010
5955 3709
3009 899
5964 3968
7730 4466
2711 377
310 77
7097 5708
7573 5506
7459 6098
2885 1724
4373 3370
8730 3937
1345 713
5311 284
720 373
9694 3290
6491 2725
6816 4994
2802 244
6460 4898
797 628
6728 1743
1682 1224
9195 7884
4222 3314
5696 330
8080 6467
539 306
4923 3289
2440 85
7138 4096
4643 2861
5473 4499
7082 1753
4090 1053
6046 3735
5286 1751
4685 650
5810 2550
7770 3860
1970 427
7686 6965
5033 1680
6629 702
9702 5656
2586 1440
8190 3562
1401 962
6538 854
9514 1924
4995 3119
1896 1566
268 36
9077 7281
2766 1993
1223 1042
6320 1111
2225 1933
1929 1567
4993 3744
4805 4434
4021 1049
5820 182
7478 294
4137 1225
6984 6709
3779 3514
8158 4226
5663 2609
6329 843
722 253
532 492
1734 1422
2179 838
3634 2167
4395 1698
7297 2658
2100 1954
7423 5989
7383 4152
4450 705
2842 821
3491 1375
3046 2991
3485 2817
8490 3172
7956 1428
3917 166
9013 861
1168 751
9739 4572
1580 627
2850 2262
7313 38
4246 1767
6365 574
8549 7710
7146 6424
8880 1895
2320 725
9881 3010
3495 1532
3108 777
3122 1496
4589 1618
9593 8309
4092 2369
2011 185
9206 6630
4535 2621
3876 2054
1485 1288
8952 460
4558 451
1594 835
5536 3023
9471 6217
7773 1854
4731 4309
4545 2419
2832 88
5754 1696
2062 1272
8731 1931
4297 1203
1122 112
2277 1949
5824 2029
9276 2691
9466 1234
407 144
3067 2407
4628 2389
6327 3602
9606 1194
1056 561
6317 1341
6258 1492
1415 46
6935 4658
5223 1196
2601 1372
8224 5499
7716 490
6697 2928
4852 1523
4705 4484
323 230
1027 412
6057 4749
3095 1564
2913 945
3612 1807
8104 5629
4452 4331
9512 2334
4136 1598
4506 3911
4261 1070
2718 2663
6079 1537
1279 906
8830 8429
229 1
65 63
2087 547
531 416
9902 8502
1755 394
6099 1913
3072 1167
5342 509
5357 4659
3945 3405
4346 1621
5256 3934
5035 4031
9870 1449
5074 1055
7800 4486
5389 2937
1822 1116
6489 398
3419 2055
9019 6360
1831 834
6281 2908
4568 1689
7694 1554
7783 4991
3533 2017
7312 1390
1463 892
3679 2332
401 342
2800 2124
2001 1762
3552 2090
9767 8093
9884 1157
3304 738
3431 1146
3883 2932
4022 2707
7564 3961
8191 2973
5087 2083
7724 3663
7536 5420
3369 2644
7558 3854
1208 368
7961 3501
8471 4814
110 8
6120 4481
7188 3450
9298 4692
5664 1310
6631 5249
5344 3616
6754 1029
4978 4400
1045 434
1715 1087
4355 1975
656 239
4895 1009
232 9
6073 608
1105 675
3974 1021
3311 2548
2171 1721
8376 1728
6319 1776
956 340
1984 247
7199 2437
7182 3130
9185 1386
3719 100
9792 3595
68 27
3542 3464
1551 1204
5850 288
9910 3181
822 429
3496 1923
1090 359
1565 329
8463 851
615 118
7515 6426
9391 8254
8292 6035
9211 5242
9066 2585
9224 6736
4879 3918
2109 1457
1012 375
7110 1360
6139 4478
9452 5919
7980 5072
3229 1364
4713 3381
7483 6868
4695 3224
9800 6572
5069 3265
3987 3218
6193 2579
174 30
6949 4002
3390 2141
7695 363
837 581
9144 2942
3389 2098
8310 2940
6263 5994
7141 748
2460 421
108 14
8691 15
134 132
4673 3298
8548 1601
2315 161
2949 2155
4006 1283
6878 3109
5007 3594
8156 4420
7809 3283
5424 4140
8215 2581
6977 5691
5844 3428
8850 1786
4322 2284
9387 1490
2814 552
1684 1545
3978 2551
6323 848
8933 515
320 158
3083 1276
2257 700
2653 1944
4732 1240
3054 1871
4397 3538
9188 2148
8315 1063
6569 4423
9101 6871
3738 117
8198 5962
789 324
9139 8475
3086 1870
3129 989
4989 4218
953 756
1712 1508
4801 270
8995 1128
8128 812
300 122
3022 2992
9331 2462
8585 2091
4566 2455
8135 4050
9575 2784
8535 5327
800 328
4371 4239
5856 5723
6210 5892
7226 2902
5301 1936
692 382
7785 5843
1855 1269
3234 2704
1665 929
5822 1536
8330 6428
6880 6593
4665 1024
2447 895
4888 436
3511 1169
3866 2988
4160 3837
5176 2477
7962 2291
9912 7010
5255 1354
5689 1383
5185 402
4772 3138
2143 1343
5303 1176
419 215
2881 988
3044 677
4344 2997
5270 4496
2509 823
223 103
3263 297
7708 6207
3739 3091
1599 1525
5959 4181
9480 3518
7607 4560
2350 1187
1071 668
3700 758
8698 7150
9025 874
7231 5756
6843 910
3457 778
3753 3336
5579 3816
186 176
2343 1914
7437 2845
1479 686
7152 5740
7307 3456
3029 1608
3591 2933
6349 5412
1530 907
8053 7982
1445 1043
7700 2645
4225 2144
4251 1441
6364 506
5945 5017
3025 1462
4702 1928
8149 1200
3655 701
6168 2986
8555 8389
1368 138
9091 1591
3492 151
523 308
7165 2472
1910 212
5097 3174
2377 1488
470 457
5654 3608
8399 2016
8242 7376
3188 2129
8010 3717
6550 2888
7969 4142
2511 2467
6601 1517
5472 491
5578 1614
2911 94
4689 305
4712 1588
7828 924
2844 1470
4134 2763
7932 1558
9785 2965
2761 2176
5028 1794
2669 1827
9375 3144
1150 190
7128 614
9250 2697
9261 3159
1921 263
2009 1214
3948 78
2396 2295
6635 4785
8366 7363
2836 2309
4582 1906
8387 5479
7767 4647
3576 1171
66 5
2724 1004
4762 4288
2236 1023
2525 2193
5970 5661
4178 3942
8614 2570
228 133
3839 1630
3686 2305
1407 600
3494 3087
6875 2298
6056 5279
5439 2263
6171 5481
3140 1468
5107 354
6367 337
7761 5823
1646 533
5204 3575
3301 2400
7019 2260
599 526
192 177
3302 1710
5705 2338
7445 327
1427 752
4904 1460
4680 2998
7285 2052
4455 1010
8562 6912
9121 7258
1932 1627
5226 880
3704 2649
7209 7176
5166 4921
1298 736
2250 857
8058 4354
4125 2806
2042 1756
5589 3299
6053 2450
8733 1930
8324 4188
2239 336
3718 2319
5990 4498
735 392
93 7
8658 1529
3596 2266
3871 3107
6519 4626
6090 3923
9841 9322
8439 6865
9482 5330
7578 5300
6838 2849
7101 567
6369 4959
8413 6607
7524 2094
9034 6272
1810 1574
9130 4394
3053 2956
8002 5050
7816 3696
2174 59
9709 9660
2755 2752
3351 998
9957 4595
3303 2227
5016 4958
4583 442
1874 1366
9243 2333
5021 4147
22 11
311 201
6468 1289
127 52
4530 1527
681 69
1679 1466
1408 940
7986 4286
4502 955
4927 3804
7166 891
8083 1095
8306 1587
2798 1760
1008 387
6144 1086
3660 2968
9978 5250
6663 255
2366 1847
8055 2799
2602 1241
2860 2128
1670 632
3168 2411
4851 2226
8510 6356
472 376
830 502
3258 2808
9581 4619
850 289
5063 4258
105 79
4445 3768
9439 7194
3407 2490
5857 5126
7325 2856
7438 6173
9676 219
5065 3797
2302 279
5752 2576
5633 119
624 258
3505 2882
469 456
9005 5849
9824 2587
9919 7779
1417 344
4146 424
3474 1252
1606 1305
7287 1718
4977 2406
7514 3898
9354 6696
5802 4272
9481 2859
3748 1302
2231 863
5899 1251
9412 5759
7836 819
961 13
657 408
5886 3921
7861 6750
7865 6525
1707 1139
7088 6113
7871 7171
1898 101
3402 1373
1834 1358
9246 7673
7875 4122
4521 1037
3571 948
853 153
5496 937
730 474
2863 1426
4337 3706
538 291
2909 2229
