604
593 9112
3435 5824
415 1243
6290 8923
8275 9902
5453 5627
2893 4466
716 6439
8488 9141
8357 9274
1415 6126
5152 8750
8061 9134
4868 5127
6620 8765
6706 8285
8044 9389
2807 9359
4150 7276
2148 5559
5395 5682
3959 4492
4732 5233
2356 4964
3899 8091
7402 7737
9321 9973
3619 4082
6242 6976
9948 9996
3458 6135
1381 8850
5580 8968
1092 8632
6553 8226
6454 8171
9793 9945
4324 6007
5218 5934
8109 8429
1512 4876
8951 9648
9767 9799
3650 6038
1355 1704
5722 9647
6765 8418
1040 3630
9489 9887
3218 6631
9838 9938
3274 5359
357 7329
5385 9580
3513 3736
8912 9681
6071 8166
3789 4668
3802 4608
2101 8179
9916 9936
31 1782
1590 9077
6743 9135
4777 5309
151 5731
1999 9138
9586 9861
9330 9704
1223 7175
7932 9670
4315 6857
7302 9969
9516 9836
7980 8330
4386 9884
1268 8210
4138 9337
1274 6545
5600 7206
282 1131
2680 9401
528 745
9015 9022
7457 8129
6325 9473
3799 4593
6076 6348
7924 9551
1033 7389
6797 7405
7200 8079
9618 9649
5079 5292
7676 8331
5588 5808
2451 8304
9462 9756
1781 5854
2790 6103
5587 7515
3579 7180
5456 9807
5534 6049
8323 9189
8726 9905
472 3714
5521 9721
4394 9543
4669 5224
4771 7000
7662 8624
6931 8506
9788 9889
6552 9160
3237 3886
7956 8530
8208 9562
3271 3380
6617 7576
871 5458
152 6069
4740 7455
5196 8089
9922 9999
4481 5970
1305 4032
833 4526
638 8437
3723 8724
3181 4181
1379 4855
2658 3669
7722 8988
8133 9293
6491 6755
7792 9168
5717 7507
5947 8781
41 7695
4649 6644
5929 7157
1892 6157
2787 3184
9933 9974
660 1983
6725 7400
2939 3201
6223 8366
1563 7517
8272 9456
5467 7970
8797 9802
6031 6596
9398 9866
4276 5954
5347 6238
6546 9712
3972 9993
8482 9732
9959 9964
7167 9417
6443 7602
5538 9348
8873 9427
4381 6150
3032 4559
8390 8852
1957 5352
4701 8656
315 2730
2970 4240
7169 9777
3048 3767
3110 9539
9819 9982
1125 9995
4583 6511
1004 2625
1434 7605
8378 8539
9666 9741
8037 9435
2556 8021
8720 9019
3113 8375
5910 8100
535 3691
2228 2350
1287 5406
4489 6211
8402 9450
161 7684
4710 9958
2692 9782
1831 8659
7961 9517
1230 8606
2203 4265
6712 7348
1073 6163
1088 1611
4192 8970
8286 9795
4954 6345
3306 8051
6632 9883
2120 8052
7211 9932
2526 4806
3861 4154
6397 9154
8866 9700
2780 5590
630 8502
1389 3437
523 9533
1098 2554
8702 8874
9734 9943
2004 2754
6945 7031
1538 1854
8093 9638
3242 7392
1504 6717
6091 8016
556 4270
6848 9893
5938 8346
355 5843
9133 9200
2091 7287
2937 7774
8578 9941
3876 9099
8711 8809
8559 9367
1593 5872
7999 8686
306 6992
457 9913
5784 7253
9676 9745
3260 4580
9256 9422
5948 9241
8018 8040
4781 5147
4845 4850
7210 7214
1998 9849
6003 8921
7234 7370
5226 6934
8453 8836
3264 7930
7941 9643
1790 9803
9908 9957
3185 6256
8840 9102
7523 7745
916 5301
1712 5202
9032 9548
9351 9436
5403 6316
9116 9634
873 2438
5093 7084
9854 9939
6090 7516
1026 4132
5449 7077
1393 5441
3993 5817
5160 9079
3710 4127
6296 8496
2651 5468
9384 9901
5795 9069
7825 8250
237 6407
5029 7673
2268 6120
8761 9057
6978 7163
4550 7247
9428 9764
785 9342
747 7744
8754 9477
4955 8159
1352 2496
2099 4406
8170 9899
2450 9284
1535 2080
89 3715
7899 9608
1068 7529
7490 8181
5304 8799
1377 2575
3551 5680
9266 9725
6299 8161
2664 8679
4046 8556
7406 8039
8032 9354
4754 6175
3040 4125
960 1115
940 1526
663 8514
8063 9653
2492 9192
767 3445
4829 8581
4572 8114
3391 6760
1181 1447
1260 9331
7754 8589
7046 7259
4035 4120
1048 8136
4402 5442
6281 8383
6922 8517
6340 8379
1179 9683
3945 4508
6116 6378
636 2430
5454 6832
6352 7198
9209 9510
3452 4309
6983 8645
1126 3388
2160 9130
4709 9282
4564 7996
6604 8125
4163 6108
4012 7835
6940 8721
3534 7294
6964 9227
6369 8906
1897 3831
9339 9615
413 1877
7580 7950
1673 2570
1699 1939
2329 6988
6683 7546
6750 8175
7343 7635
7003 7326
7006 8251
1592 7624
5651 6654
8249 8399
9413 9749
7802 8325
1576 7948
3208 5013
9454 9868
9237 9822
7973 9661
6994 7423
3978 7807
2330 2343
2307 7092
9408 9524
9122 9378
5446 8336
454 6830
2456 7044
4708 6574
5508 9602
1397 7007
5646 8878
9283 9303
7315 8992
5 7967
2700 6904
3152 8096
6134 6912
3858 4367
9131 9484
4775 7567
7182 9325
3036 3426
9376 9492
5068 6863
9953 9963
3848 8212
9619 9862
8828 9410
5420 7172
9542 9668
25 2822
6508 8057
5172 9900
4972 9630
2482 5434
21 4584
6014 7429
606 2126
4105 6630
62 2705
7666 9113
6544 8252
6070 6101
2006 3686
590 843
6534 7968
497 1943
8364 9437
7540 8555
4475 9708
1564 4783
6991 9046
6379 7810
7098 9813
1369 8890
8289 8553
4571 7827
5522 9773
9761 9886
5150 5759
8755 9851
8154 9208
6185 6687
1474 3459
755 7223
8561 9518
4294 5383
1765 9181
7469 9129
7470 8654
8041 8473
4516 9061
2519 3257
5235 8871
1234 7952
3720 5581
4164 6858
5836 9117
9434 9882
5735 7550
7501 7708
3225 9815
8905 9066
9660 9775
3589 3868
3308 3954
3220 8776
9018 9639
2193 9041
8697 9296
3167 7120
7309 7710
6119 9652
3538 5674
5632 6872
5577 9843
8206 8974
4362 8913
1430 3968
3731 6960
8219 9869
8417 9048
1721 2850
9030 9055
6055 7878
214 6772
9692 9860
5649 9014
731 7188
2475 6187
6269 7362
1327 9642
4050 4161
58 4534
588 8026
4346 8461
344 7661
2841 9706
5756 7842
4946 5762
1975 9171
3064 3625
3659 4191
9552 9895
4915 9992
5490 8344
790 1758
691 2398
2757 3569
5153 8359
8451 8967
2057 6924
5641 6018
6446 7168
3601 8807
4891 5319
1494 8090
2214 4889
2828 8503
2694 3433
1933 4037
2804 4211
6042 6678
236 2833
6408 8926
7086 7256
8253 9105
3176 8377
8996 9759
3211 7121
2791 5067
5861 8975
7963 9604
6652 8356
4214 6089
4644 5794
6785 6852
1320 2407
5062 5793
9804 9985
6513 8292
2718 6521
5957 8477
7704 9298
8785 9880
7629 9442
5776 9049
4107 8880
578 2667
4565 5355
8989 9763
7225 8639
1233 2032
249 2969
3825 7654
6123 9511
5926 6917
4986 5159
2583 5916
3243 9469
417 6366
6401 7518
3143 4326
7905 9111
3049 3057
9377 9438
7732 9419
8071 8787
8925 9452
8113 9338
3888 5293
1523 8348
7901 8246
9529 9689
9056 9432
5452 8557
9821 9930
5486 8900
8987 9344
2052 8088
8031 9074
9406 9961
6761 7714
2187 7954
4443 5120
4751 5374
6371 9107
2111 7242
2639 4747
8038 9070
9094 9928
2755 3050
3756 7757
2529 7986
7258 7573
8525 8935
3465 8872
4896 8854
4007 8950
8000 8192
3738 5139
8773 9989
5281 6646
3546 3634
2051 7870
1440 5280
117
5036 792
809 65
5766 1715
6386 3026
8263 8095
4939 2622
4081 29
7251 4197
4727 1228
6481 2654
253 218
7252 4413
5087 987
8700 4165
2072 1201
5933 3542
2437 1174
8610 4918
9569 3560
4329 3044
1396 1042
3046 1522
5915 4089
420 189
9397 1823
3849 1731
9459 6925
1480 566
4875 3133
5455 4569
6581 1565
418 98
3916 128
6749 5460
8207 361
9485 2042
7904 3097
5700 289
3081 1772
1291 631
171 103
7408 1778
9625 5953
1614 48
6615 3442
9810 3735
5913 826
6005 1134
301 18
9665 3746
3149 3124
7395 6819
9206 7482
3173 795
3644 2915
7854 7069
8570 5245
6294 3195
5072 2499
9104 212
5170 4560
5551 2599
9881 4609
7201 505
5259 1129
5396 2020
7448 6343
2238 720
5689 4595
2907 1025
3357 1399
1865 573
345 183
3810 3330
3217 268
2436 2204
4239 2652
3121 3102
7822 1879
7989 4409
3587 422
9356 1204
8167 336
340 304
2308 375
5871 3363
2646 889
8562 4966
8687 1200
5962 4784
6570 6104
2931 2423
5785 1656
2745 1041
845 425
1944 644
4355 1518
6174 3998
1013 442
4448 2273
949 591
9184 5003
5357 1089
771 635
1249 968
7869 7089
1901 1432
1527 1254
7632 6916
5283 2445
8112 674
2582 2520
5504 1312
8410 2528
9673 7338
5401 594
5884 1022
