812
8902 9874
9896 9942
6284 7506
9224 9989
563 8994
254 1174
9529 9639
6236 9915
1818 9016
9008 9764
5244 9900
2622 4799
4662 5117
835 5726
7634 9325
4148 5112
3538 5949
8137 9249
4687 9810
4009 9199
9931 9947
5122 9988
7135 9139
9389 9786
2469 4833
1655 6652
5694 8753
9506 9737
6979 8121
6638 6777
5214 8687
9425 9511
8448 9501
3149 8691
7025 8081
3776 9000
3983 7946
6637 7048
9890 9999
4085 6801
9884 9906
3717 7079
3849 9546
3762 7850
7680 8128
1142 6553
8463 9104
1317 7736
8881 9608
5797 7942
5508 9374
8289 8780
3174 5527
2806 3166
9403 9842
6593 7240
2786 8320
7846 8864
3485 7059
4628 5069
6574 7099
1111 8964
5101 8012
9145 9227
6789 7286
9806 9858
898 4203
7556 9373
8886 9998
8591 8786
1254 8484
2810 3164
3279 5702
9022 9650
8905 8995
5400 6419
6536 9864
3633 4767
5240 7292
1103 6192
5562 9837
6957 8138
4506 5856
979 4607
9523 9582
8053 9433
9172 9936
3232 5477
8193 8581
9701 9924
4481 5197
9322 9538
8766 9699
3499 4739
2562 4278
6643 9508
1338 2551
7017 7972
7207 9805
921 2399
5910 8101
6868 8048
2190 3389
1261 9623
9944 9971
8003 9429
5717 8776
8751 9982
5748 8462
9670 9895
19 2431
4111 5569
3775 8049
1453 5109
5879 6841
226 3550
4955 6929
2970 4010
6102 9593
5176 8208
7475 8788
3598 3803
972 3255
5765 8246
2274 8862
9539 9792
819 968
3506 7800
7136 8884
5466 5614
1582 7409
351 9326
4032 6010
173 977
2184 7616
5537 9397
2712 5909
9740 9843
8919 8939
1921 6555
5487 9347
1647 5036
8171 8185
6607 6747
2561 9795
4992 7488
6796 7767
5235 8662
2951 8200
2584 9798
4396 8521
5351 8237
9631 9773
7261 8347
7503 8342
7839 9075
353 2326
1807 5802
6597 8721
3312 8726
50 5331
9891 9940
678 5640
9563 9935
7449 9702
4307 5896
9615 9731
2208 2433
4505 7037
7792 9381
9455 9984
2826 7132
3332 4108
5421 8133
7330 7911
2794 4036
9717 9869
4693 9585
4709 7026
436 8612
1760 3494
489 9304
5378 8103
1906 9907
9279 9617
141 6084
7628 8659
2898 7636
4962 5542
1472 6330
1467 8142
1466 3655
6924 7897
2644 7303
3449 9822
6499 7866
8163 9393
1666 7317
8707 8782
2669 3525
13 2960
3577 9659
2369 3113
2913 2932
7142 8928
8621 8652
8182 9179
9009 9366
7837 9732
9067 9725
9291 9577
9176 9831
325 9189
4319 5664
1762 5386
1665 3507
4895 7011
2870 9207
937 6963
5462 9388
6596 6910
1889 2729
882 6854
7603 7885
9669 9946
4571 6812
8841 8963
3246 8268
3318 8822
836 6807
4976 7305
1942 3359
3264 7422
3770 8008
3937 6669
5555 8565
2687 4055
625 6606
1491 2453
5147 5305
4550 6227
9914 9932
1935 8876
1297 1909
5433 6343
9985 9994
2003 4586
4900 7301
1883 1888
5390 5441
7447 9901
6131 9423
9859 9949
3664 9328
8144 8912
3503 9673
1192 2972
8071 9382
2715 9034
7937 9532
9124 9603
9660 9979
961 4599
5022 8007
8028 8952
6259 6740
7717 7762
8041 9080
201 9066
379 1539
3425 9014
9131 9170
3137 8960
3760 6746
2160 3340
4527 7801
6527 9666
2753 5315
3653 9079
1604 3675
5404 8785
7547 8333
5468 8325
4327 7229
4451 9320
7863 8114
2045 2903
8457 9667
8340 9763
6133 9754
5897 6565
1926 2713
9784 9823
6173 6657
7060 7733
8954 9114
7049 8366
4520 8593
9543 9753
4068 5189
5132 5185
5232 6568
3026 3215
2118 8337
5205 6100
3417 5337
2389 4759
3988 4155
490 7703
4830 9377
4150 7175
764 2907
9369 9399
7438 7930
5847 8943
9333 9794
7269 8398
1272 7682
1400 7689
771 6185
8345 9735
8159 9013
8557 8897
2946 4675
9364 9554
7614 7817
9611 9978
1841 8888
2289 9073
5540 7990
6032 9595
1977 3551
1209 4400
6492 6769
3502 6558
8764 9140
7421 9662
6644 8102
8248 9090
7395 8636
8093 8269
7358 9191
4996 6860
4840 9033
1576 2251
4473 8966
9021 9038
1471 5373
7403 7952
6631 8452
8849 9495
7393 8496
8689 9894
4025 4180
9910 9996
9739 9973
2403 9275
330 1446
9081 9958
3662 8373
717 3999
4057 9334
5046 9820
6475 8709
7607 8882
4573 9167
3271 3426
3723 6949
752 7273
1493 3192
9960 9962
6053 8560
7058 7463
8299 8683
6176 8602
7722 8126
6866 8132
7223 8512
1087 1368
8813 9166
3403 8218
8379 9559
1306 6710
6804 8906
5174 8459
203 9303
8947 9313
3621 7828
5168 5330
9791 9839
8643 9444
4031 8538
1162 6473
7299 9637
9665 9951
1661 8924
3498 6726
525 1626
7246 8979
4622 6293
5698 8015
1299 4755
1526 2594
8297 8407
3487 9548
2284 6608
2000 7649
1978 7028
8685 8722
7169 7640
5103 5844
7 6829
3208 7697
2673 8108
2214 8950
7364 9634
5584 9460
6126 7152
6803 7379
9246 9462
4212 9818
7756 8099
5751 6951
5775 6378
3819 5056
772 3680
6771 7903
1454 2723
5429 9723
891 5006
1867 7116
1277 6754
2704 7595
1424 8068
3300 6763
6788 9276
9964 9976
2422 9461
9427 9516
725 3650
5014 8617
8255 8839
7448 9536
2454 6833
3732 3940
4914 6609
6838 7673
6799 9193
3593 3989
3554 9243
5667 9898
1557 8690
5063 6277
3390 6997
6980 9355
1835 3504
4217 6425
5425 7555
4380 6531
4924 6122
7184 9440
4937 5310
7231 8844
4921 6762
6722 9133
5998 9144
6719 8490
3091 8830
9450 9475
1931 4536
5025 9247
3698 9734
146 185
7230 8500
7159 8352
4160 5511
6392 8540
2742 8323
9880 9933
8303 8595
8922 9110
8025 8228
5064 6429
7678 7793
5846 8723
2008 6132
277 9513
9413 9437
7612 8851
7083 8470
6911 7147
3172 3247
7195 9085
4166 5054
7375 9857
8292 9939
3124 8106
7440 9359
6867 9596
6947 8935
3092 5483
527 6668
9409 9706
9380 9653
5295 9491
559 4928
6024 8933
1529 6165
4435 5397
9293 9909
3226 6195
7478 7479
6051 7155
9747 9848
6384 7376
8350 8497
4995 9332
3197 8918
5964 6532
5009 5352
1083 8720
2711 3471
4301 6667
7861 8187
326 6371
1362 5532
3344 8361
8990 9833
2344 4372
4814 7085
5367 5857
6271 9268
8517 8763
4800 7418
2550 4712
7796 9312
7971 9588
407 1898
3861 9656
8529 8934
9867 9957
4592 9077
3046 8290
121 5068
4021 6224
1708 9392
4328 6697
413 1927
3683 7878
5427 6920
4458 5682
872 3735
1132 2740
863 8143
2708 6183
5335 7056
6432 7018
5096 6560
1208 8400
7278 9045
4182 8241
6964 8805
3987 5180
6731 9419
5418 8401
6660 6761
517 9771
6830 9365
3718 6348
4104 8032
5955 9041
886 962
268 1099
3491 7247
2678 5507
1893 3625
1986 6058
3087 4106
6969 7399
4943 5724
2975 3470
9240 9489
516 4772
2327 8833
9693 9938
4153 9733
1017 4768
1484 5464
6304 8240
3260 7127
2093 7482
8035 9424
4281 7182
3307 4933
6888 9677
5048 8794
5819 7500
1588 7759
4200 4513
1181 1534
8148 8416
645 5476
4987 7836
595 6695
9473 9911
9716 9902
2249 8157
215 1697
7531 8877
3210 6336
1611 2580
9331 9622
6579 9182
8875 9937
8338 9466
1036 3066
8732 9789
1236 8276
8446 9407
9834 9934
8885 9878
5106 8809
8334 8837
4597 7891
7203 8523
4790 8442
4262 7914
2033 5463
5649 5769
8464 9710
184 3541
4140 4561
7473 9360
6932 6959
1907 5292
1068 2476
5708 7029
6918 7589
1126 7874
797 2784
3455 8542
8391 8909
796 5912
8814 9299
2424 6720
8598 9567
6862 9036
5416 8136
8527 9722
7349 7666
4263 8941
1475 2225
9696 9765
4581 8328
1707 9307
8811 9565
4745 8427
619 1318
3612 7858
354 9590
974 3660
3990 4683
6193 9990
2080 5312
190 7435
2217 7884
5254 5354
4769 5637
4138 4733
3333 5954
5089 8030
3850 9262
1629 8774
2095 7406
8284 9190
1653 6456
6687 7633
9697 9875
6223 8696
6952 9446
5522 6628
5343 9278
4964 5822
2618 4391
1108 1243
6755 8322
5364 6998
2675 4472
6528 6826
4668 4786
3378 7921
5324 6822
6114 9728
5679 5893
1241 2917
5978 7148
5260 6274
8166 8850
9386 9651
9695 9768
8235 9434
348 620
7571 9315
8931 9074
8623 8855
7708 9730
8981 9138
5957 6850
9229 9485
5412 7186
5482 9210
7121 9504
1246 5392
7956 9173
8741 9363
6289 8904
5452 7067
9408 9703
2590 7943
4046 4250
3724 7412
5130 5776
6291 8596
8767 8968
7920 9599
2981 3859
5535 5917
3705 5995
4409 7857
5178 9678
1930 7443
42 5251
7875 9053
996 3120
1197 6604
1742 6859
1840 3889
6043 7859
3296 8700
1728 6359
5090 7227
1632 5257
6086 8665
3857 6881
1478 8217
3618 3688
5156 9821
3565 5166
1046 1212
5861 7997
9854 9883
9828 9975
7327 7496
6995 8310
1198 1943
9061 9918
5849 9712
3613 9002
2965 8257
4230 9507
5736 6427
507 5611
2873 7031
1157 6680
1292 5402
9338 9742
5715 9112
8494 9545
7838 8368
6619 8410
953 3207
7808 9457
2397 6941
6486 8590
4456 8860
2299 7265
1029 3054
3171 4101
9533 9917
3385 7602
649 9777
1173 8353
5007 6283
940 5885
9007 9682
8942 8965
3324 7427
6734 9838
6946 9977
2725 8485
722 4993
520 5709
1329 1510
4388 5271
969 2605
544 1031
2877 3154
28 1128
1298 1479
4045 4823
1461 6496
1546 3250
542 3321
1352 6403
4112 7625
3438 7835
6919 8212
7497 8787
8506 9128
7437 8713
2922 3765
3977 7306
91
2497 2193
7356 3299
676 113
2865 1621
4345 839
7780 6723
1265 260
3371 2745
5895 2244
5968 3453
8165 4487
8021 849
6935 155
5798 2446
5878 1834
9991 5278
3816 2019
4845 729
5389 5045
4129 2514
4427 3468
1007 181
7698 142
4466 1115
6022 2127
3651 2318
8607 5687
621 346
9343 7898
9772 8486
1916 1278
5669 594
1636 1256
4507 981
4186 2288
762 101
5918 2538
7021 1253
4151 443
856 403
7676 6551
7439 1606
1659 1135
8923 2743
4660 56
4199 654
2773 2395
2543 784
8838 4613
6661 6370
7252 3089
583 502
3702 89
2736 91
7158 3530
3562 1811
8532 139
5320 825
6848 498
7687 4729
2689 2393
3136 1094
488 312
1887 1452
3348 1274
359 94
3071 192
2635 632
6487 4749
4725 2953
6978 5403
9290 3419
7554 2500
5696 4829
6847 4982
5621 3710
4649 4411
9921 9463
1187 281
5712 3520
387 45
6108 4983
179 135
6564 2832
3644 623
7880 7627
5623 938
7338 6537
80 21
5131 2047
6323 3388
