556
3747 9539
1584 2007
676 8720
5508 6481
1974 6401
4932 9479
5594 6998
4285 5318
8737 9105
7413 9927
4706 5149
3040 6946
8285 8934
361 9669
6576 9094
7488 9408
1567 7044
3453 6884
1919 9893
1334 2018
1309 2078
7723 9990
7125 8656
9199 9765
5426 7221
2097 5237
3146 4463
8390 9582
729 6413
212 5088
4196 4417
2139 9654
9308 9961
4114 9836
6199 8586
3172 7712
2872 9644
8502 9268
7291 9329
1279 5687
9889 9915
8096 8436
2401 7308
4505 9958
9438 9514
8225 9144
6882 9719
6826 9686
6044 8860
1735 2596
7116 9511
2015 4559
2031 4154
7049 7451
6405 9087
5985 6977
5089 7184
3054 4356
4730 8357
7693 8823
3379 8417
7811 9863
259 6922
1076 7604
2915 6008
221 5481
1197 9314
1895 7201
5981 9825
7083 7303
7471 8208
6036 8272
3244 5708
1373 6870
7380 9066
4672 6159
9910 9960
5995 8627
9715 9740
4721 5514
8628 9090
6905 6963
7205 7966
6908 9147
4814 9788
1890 9280
9917 9986
3134 6032
9016 9542
7487 9706
5939 6916
6792 9694
3652 5071
2272 3643
8622 9076
8969 9432
3 8717
6038 9351
6214 7977
3390 7340
9291 9766
8074 9327
2922 4093
5970 9530
6689 8041
8796 9153
7841 9524
1756 6779
2232 3493
1035 1143
3109 9594
8332 8718
435 1134
9997 9999
8475 9063
558 3824
8147 8841
9204 9902
8612 8644
5463 9966
8788 9369
1792 8356
4070 7224
7854 8724
2402 5171
3316 4437
847 8002
3338 7987
3406 5146
4928 8195
4562 6798
1887 8931
2991 3071
7288 8982
7843 8226
4138 7015
3664 7595
8529 9693
1212 8735
8282 8762
3895 9592
2974 9743
6434 7190
185 4419
8681 9339
1618 5148
731 951
1382 7152
5064 9242
3874 4532
5992 6172
3233 3626
4631 6406
3190 4977
6683 9817
4995 5712
9526 9849
455 8319
7476 9269
4690 8372
5520 5524
4897 9085
5640 7244
2948 4314
6539 8526
1947 5486
1029 3857
748 1074
3066 5780
4688 7530
9334 9483
2886 8270
9591 9792
6442 9899
2445 5150
42 55
379 3802
6011 6538
9941 9968
2737 6083
6935 8427
7020 8632
7980 9003
6414 8214
1541 8406
3827 9472
9437 9506
122 6364
3852 6071
4050 6821
8273 9735
6488 9815
3227 6005
6660 8248
369 2755
9876 9977
6445 7006
1835 6094
2707 8290
9233 9943
4460 7792
1627 5575
3692 4908
2106 6164
2968 5193
702 1159
7378 9229
1747 2510
6337 7025
4863 5400
1720 8576
4308 4503
6868 8295
661 6201
7401 8665
2113 3092
7060 7212
3347 3830
6585 9908
9262 9505
3996 6708
9318 9520
5220 9126
1321 7599
3158 3314
5686 9610
4869 9839
7457 7927
5965 9856
7917 9557
4533 6312
7236 9441
6769 7516
4302 9008
9196 9812
44 77
7252 8351
5231 7551
9484 9650
5672 7305
5752 7144
560 7255
9873 9939
4661 6719
8249 9554
5217 7242
2427 5700
8039 9355
224 2907
2621 3989
73 4921
2790 4857
1717 5183
6142 9636
1614 9364
6694 9447
6373 8855
5133 9390
5904 8337
9208 9482
6327 8302
786 6053
2359 4164
4563 6290
5489 9987
453 9470
5764 7467
5905 7889
9143 9994
9030 9537
5854 8161
1277 5906
1313 2567
1407 2575
7734 9498
4601 7570
3743 8168
2352 6272
7848 8500
9665 9697
3596 9833
8383 8595
4485 5871
1067 6458
8159 8574
3975 6448
3608 6324
8416 9050
2471 4278
5495 8664
7565 9645
6949 7292
5629 5952
3155 8254
3972 6731
2452 3466
2564 2896
5999 8679
9198 9363
7313 9510
3245 6280
5167 7055
5017 8055
1605 3853
5195 5616
6356 7547
5582 8563
8739 9923
4298 5139
2933 9322
2277 6524
2600 9949
3839 6125
7988 7990
6765 9414
5838 9702
3437 4830
869 1805
7395 7959
4605 6595
8747 9219
4098 8384
2591 3019
9655 9972
1525 2030
420 4121
5198 7582
9738 9840
1979 7858
6233 7057
7145 8294
9630 9913
5929 9661
5623 8153
5212 9038
4221 4961
1423 7043
7827 9847
2411 3708
2568 4132
2942 3003
1459 4695
6678 6904
1001 8228
693 2577
5659 6319
3876 4202
5808 6725
1080 2990
3565 9348
181 1666
5056 7450
978 8923
2701 3690
107 3363
8869 9544
6847 7961
3856 8605
474 8657
7284 9093
1124 9865
7618 9386
2524 3447
4662 6310
6301 8369
9984 9998
5356 9880
7584 8929
1658 6962
7628 7817
4052 8928
4339 4723
2888 2890
5725 8239
6105 8172
8353 8588
5789 7871
4810 8350
4331 9803
9964 9991
7053 9275
8962 9819
6021 9160
1781 2441
3864 5478
8696 9940
7898 8981
921 5726
6712 7619
1037 5319
8723 9013
6815 7590
5450 8833
6058 9677
3882 6929
1063 2495
8847 9131
1460 3595
6938 7166
198 8088
9154 9450
5290 9303
9203 9442
8440 9934
6400 9752
1422 9183
2611 5468
8056 8785
3035 4321
1245 4689
8042 8137
1885 3725
7063 9456
9793 9892
2450 7740
1642 5565
832 4130
5932 9614
6165 6530
5501 6788
1044 6409
3966 5393
9460 9929
6508 8691
5235 5253
1927 7417
2020 7714
6269 8364
9504 9717
7346 8960
370 5080
4980 7562
7666 8684
5860 9672
699 1724
3978 6627
1928 7919
7556 7915
6375 8894
3086 6372
8901 9770
993 2023
772 8638
8108 8437
4945 5137
34 907
7072 8892
2194 8487
1470 2025
6831 9724
1888 3718
2718 9077
6955 9045
8203 8550
2944 4447
391 6606
8101 8756
4400 7168
1879 5901
3491 7258
8420 9274
3704 9671
8967 9044
5927 9331
8287 8293
8895 9495
288 9937
4299 7975
5771 8593
3709 6054
8820 9726
6453 8980
3000 6972
6288 7088
8786 9209
6871 8937
7239 7696
5668 8935
2042 2217
7250 8711
2578 4115
8554 9140
892 3782
3177 5893
7507 8728
1255 6764
9216 9421
5449 7971
1052 5755
6243 7845
4224 5331
26 913
5650 9787
9573 9791
5442 6604
3751 6834
1857 7561
8944 9486
5622 9624
7382 8233
3719 4166
4573 8948
1003 6557
2323 8149
1562 2799
8125 9488
1233 9420
2862 7185
9575 9993
9556 9779
7086 8996
2808 9089
3534 7877
6266 9005
6864 8719
4310 4609
8064 9547
5090 8010
2794 9841
8381 9587
6306 7973
8348 8801
4152 8481
501 8365
7737 8048
6374 9676
9250 9727
8591 9188
8258 9166
7624 7890
4626 8201
2424 4665
7278 7972
2055 5339
9124 9563
4553 9345
2135 2274
9220 9545
1590 4816
2350 7634
6635 8616
2027 7658
2449 5263
8269 9912
366 1770
9572 9773
4658 9307
5057 6716
1705 5656
3331 3515
5608 8467
39 1603
2767 5232
8916 9253
2597 7315
5757 6561
347
282 84
8305 2071
7891 3415
7106 4432
5842 1388
4033 87
9075 7654
7834 2834
7937 3138
4780 2573
4358 2297
4256 3855
8330 5238
3200 1304
526 356
2607 1226
3081 385
5341 2692
7736 5045
9043 6015
5634 4739
1554 764
822 583
4076 1594
585 481
2537 2121
8527 5513
1106 167
6484 6185
7644 4691
5383 2921
6291 3181
9885 1202
1933 1599
318 279
2633 386
5722 3059
1000 150
2681 974
1893 1209
5387 3335
6516 3794
3275 2871
2136 778
6296 968
6412 3409
3283 2686
1235 713
314 179
8077 941
5951 2414
592 9
6042 792
257 80
8840 4449
6579 1992
8952 116
8346 3483
3823 1991
6224 4018
9353 1150
1862 397
4938 1870
1026 871
7017 4360
1595 56
3226 513
349 312
9771 2363
7677 7440
5942 4610
3430 3317
1375 1243
3803 3207
9478 6693
2668 2364
3941 647
3061 1510
4149 3697
4062 2417
2624 51
8761 7532
8480 8035
719 503
6569 3058
3981 1621
5984 1147
8030 5979
1114 589
1318 33
6754 957
5991 2650
7659 3639
1127 839
3198 6
6941 2115
2075 1483
7408 169
9795 498
8594 7861
6101 3537
6786 4193
6900 6034
1234 300
6954 97
5641 3142
1174 10
8693 3248
144 38
9426 5716
3767 2745
6193 515
7039 962
722 624
9553 6714
910 716
5619 855
6259 3276
4493 2294
4032 3423
8386 1959
586 509
9156 3547
6156 843
6584 1641
3133 384
9454 5168
3851 1569
7364 2676
1012 505
2776 7
6770 1598
5155 5078
5872 1968
3132 752
3778 2970
4651 2060
4027 955
7636 3386
4490 1339
8963 836
6475 2101
4072 3523
5892 5259
6047 4396
355 341
730 320
8575 8196
1941 380
3252 1869
1023 81
2585 632
3748 23
7770 4000
6097 5457
7328 6596
9381 7522
4838 3762
313 222
5931 1813
5429 3580
6662 4001
4290 1439
6520 3277
4724 4467
6271 2358
7882 3176
3988 405
5286 762
622 426
3360 1458
6845 1924
9278 76
46 41
1845 954
768 25
7333 2619
7269 6300
2579 2085
378 236
517 325
9130 7725
2423 1117
218 186
5202 1097
8109 1415
8106 5114
6433 655
6221 1249
831 58
9843 8466
2932 2276
3416 727
8590 1967
7829 6932
3508 530
6169 4866
267 244
8327 5304
5406 2056
3738 3124
5192 5065
3253 1734
3611 650
9333 3232
9768 3282
5959 2103
2321 1089
8850 4943
4089 2058
5025 742
8003 6849
4250 2957
5044 3937
4783 1430
5610 5153
4725 4465
323 29
7458 1864
8921 6004
2068 118
243 226
1291 1151
8834 7541
5276 1286
5107 4269
2451 1935
6856 2566
1710 264
5518 3672
1188 310
685 114
2760 2245
1463 273
783 413
528 495
16 11
7553 3218
5577 5214
3959 3424
6349 1183
8538 5332
7068 3539
5267 2230
291 289
4044 2865
3050 1838
1259 463
886 359
3144 500
8822 6495
8468 4325
8441 6048
8040 3381
4480 4446
1918 929
1449 1163
4421 2473
9281 9033
9459 8845
9716 7892
9071 2057
8209 4242
2464 1937
3897 578
1529 755
1345 983
5042 3801
1876 1218
660 416
1377 1178
790 234
6608 5533
1846 1416
5353 3907
8051 7652
9113 7066
75 35
6741 5511
1684 1276
3957 3237
175 24
4387 648
8071 4305
5374 3118
7402 1847
8950 1585
4377 4091
153 130
4893 295
1145 1040
1645 374
1045 261
2406 692
6885 5287
28 5
8866 5323
725 168
3264 2173
4085 3789
6183 1848
1812 1123
2617 635
6995 4619
7026 5832
4557 1537
9467 2466
6377 547
61 14
4887 4024
2665 1630
2453 1273
3166 1120
662 630
1078 1017
5841 5715
7499 382
8058 5360
2818 1856
1619 1303
477 96
6525 1546
8368 2661
8090 7100
2850 654
2754 992
3904 2437
9148 2503
396 347
9107 8599
7721 1858
8061 5005
5537 4320
4712 4698
4336 302
2391 1733
6517 4497
3490 494
3949 1550
4208 2407
6211 1758
1995 258
776 436
7359 1704
2822 900
7534 1296
7491 7459
