561
1446 9038
272 9764
4 1620
6367 6813
203 520
5408 6000
2957 8829
7865 9740
5579 6359
8366 9415
2192 3293
3601 5111
8156 9091
7200 8034
4827 7015
6723 7415
4800 5356
1725 8062
2280 3954
8198 9636
7272 9603
4695 7934
9163 9667
8763 9075
6055 8022
7493 8185
4411 9714
8934 9305
447 5057
6013 6122
2818 5519
4547 4869
2536 3555
4406 7990
2092 5053
4034 8879
4694 4995
2729 5852
3079 9222
7391 7520
5784 7469
4195 8874
5262 9459
7956 9295
917 4177
8105 9462
9177 9563
1169 8748
9589 9926
3505 4540
9939 9974
4683 9385
2621 7729
7208 7245
695 3469
8855 9344
9022 9512
6580 7193
6792 9918
6225 9119
4563 6768
1976 3702
9600 9836
6779 9574
9900 9941
8261 9823
3766 8019
585 4828
3127 7342
5573 6459
9756 9944
75 8925
9758 9782
9289 9658
665 2452
5286 9721
3029 5014
6634 9341
1105 6939
7085 7504
1606 3887
5328 5746
5872 6488
6804 7167
6408 9934
5068 5462
5961 6663
9967 9979
2302 7716
353 6497
3668 5236
3530 8547
8729 9389
3859 7929
4846 6227
8997 9848
7250 8634
3529 3688
1629 9615
4629 7228
2715 2911
6403 8100
3889 9765
4214 9228
2658 3858
7142 8907
186 7177
1065 6607
745 8095
1043 7495
5367 9928
8441 9343
3934 5440
3550 9541
4107 9854
7092 9710
8551 9798
3522 8881
4163 4505
7131 9749
7018 8733
2926 6027
6594 6839
7386 7423
6962 8016
3297 3578
4773 6733
6478 9436
7939 8778
3247 7204
7450 8474
2005 3800
8162 9786
605 8675
5396 7433
1837 5986
1277 7025
3810 6050
8426 8671
6195 8197
1943 6958
9632 9812
2439 3583
7377 8924
6588 7864
6522 8860
7478 9734
1796 4371
767 1232
1403 8524
793 5594
621 3823
5296 6234
3119 8751
4064 7662
7156 8991
3080 8895
7943 8692
2174 8393
5912 9859
2588 9258
5147 9762
5355 9789
7870 8781
5798 6421
776 9255
9135 9201
4027 5021
7992 8498
944 1178
3400 9698
13 7795
7806 9739
1102 8732
2643 5756
1868 2846
8961 9138
1141 4095
1834 9515
9932 9953
8824 8888
8447 9959
3009 4086
1727 5299
6683 9164
6544 7327
2252 2269
2165 6100
7887 9694
1083 8791
4464 9965
3367 4656
4017 8917
2082 3621
1055 6192
1979 7316
7053 7624
7123 9722
4009 5638
6899 9239
2761 4644
1521 7683
739 1622
2297 8902
7312 7390
8782 9110
4990 9477
9241 9936
113 4796
4867 9894
8345 9158
2844 3684
8805 9014
9536 9540
707 2660
1184 9371
8558 8621
2106 8490
6081 8035
3883 5023
4952 6030
3669 7371
1587 3879
2044 5694
4031 8764
6355 8066
5117 8124
6389 6785
4691 6332
7427 9924
8357 9705
5951 8622
9634 9686
8084 8624
454 4826
8853 8938
1804 6732
6925 9476
9486 9653
8045 8327
6336 8044
8352 8386
9958 9993
9882 9889
6318 7101
3024 6485
8228 8332
8747 9455
8142 8419
2045 6756
1824 5634
7262 8586
4382 6406
833 9065
1364 1637
9850 9994
2266 9479
3099 9963
6957 7534
9617 9816
4028 5029
244 5910
9771 9904
3304 3459
7068 8998
8969 9330
4156 5190
4385 5260
6282 8133
2264 5041
197 8018
7646 8685
4922 9527
700 3254
3922 8868
5200 7286
2765 6755
9473 9954
9996 9997
2197 6368
7325 9533
9278 9598
3782 6955
3840 6489
7971 8175
5323 6137
7267 9679
1336 1819
2373 7155
5601 6728
5456 8253
4490 6551
8779 9067
4066 5976
4582 8251
5404 6374
2332 3183
4594 8694
8107 9342
3510 5743
4435 9814
6593 6878
7559 9883
8650 8834
9950 9981
3864 6691
5952 7201
5460 8739
5937 9237
7800 8625
8583 9208
3595 9335
666 1122
2114 3235
1897 5450
9162 9611
5096 7942
5615 7071
137 5705
7884 9236
5303 8510
9839 9862
2281 6396
6647 8647
4876 5577
2559 7819
8611 8911
458 9399
3283 3880
8758 9391
8651 8864
2655 8990
1200 8594
5870 7809
8771 9210
1399 8606
1709 7557
5056 5295
6863 7931
6907 9320
6370 9229
6970 9040
4055 6765
3556 5564
7136 7770
4707 6276
5547 9730
512 9790
3124 3995
2305 6895
5567 6405
6143 9975
4307 8091
1011 9176
3554 9250
5525 9155
2329 2954
3270 6532
5071 6773
3607 7462
9706 9917
1673 1994
7001 7118
4471 8351
9558 9940
604 3406
8916 9903
1913 4098
3604 4779
3672 5455
181 6279
3232 4901
7927 7941
1177 6725
5990 7797
1635 2774
7691 8429
4303 7082
9770 9976
8346 9457
4350 7425
2366 7875
964 4586
5677 9037
4000 9897
4222 4501
4820 9907
8159 9822
6921 7668
2113 5255
7006 9998
7681 7834
1477 2349
1503 3736
4834 8947
1316 2105
2371 4817
2692 3587
9154 9387
8027 8786
3181 6210
4155 8272
3851 7923
187 615
8154 9662
4855 6909
1059 4087
5509 8849
1502 1935
9172 9439
8138 9551
1717 3262
6404 8050
3998 6329
4983 9064
8042 9576
306 8433
8525 8701
6745 8749
5734 5813
4908 8287
6364 7115
363 849
8389 8766
8180 9345
3523 5246
8619 9034
5836 5989
8391 9946
2476 9071
3428 8110
1212 4700
1517 2798
4073 5966
4887 5944
1014 8772
3211 5347
4036 6797
1557 8815
2850 4457
3624 3759
6914 8135
8177 8182
6821 7257
4947 5020
1220 6432
2086 3153
6653 9449
7514 9356
838 3063
5661 9205
4774 9028
7044 8249
8252 8836
9378 9712
3614 4208
2048 9327
1570 3933
5555 6200
7924 9526
5512 7645
4560 4772
7271 8580
6523 7472
5860 8976
2296 9144
5125 9788
2285 6115
4425 5735
6113 8727
6763 9580
6493 8676
9630 9921
2756 7170
2169 6676
6496 6926
1284 5436
3 8822
46 8967
1199 4668
2630 3039
8866 9178
6687 8260
9373 9865
4848 8412
877 3448
1097 7671
1578 2743
7492 9416
9647 9772
4709 5132
6021 7416
8286 8535
823 3427
3687 5063
4803 7603
1546 6373
3401 7853
9365 9550
9350 9989
1559 8633
9877 9893
5759 8203
1290 7094
62 2888
8259 8322
1486 7047
8052 8915
2716 3419
7345 8993
5710 6850
9594 9947
5724 7503
9431 9628
8021 9649
2792 4083
2615 9328
1258 4573
3450 5648
392 9044
602 3725
9637 9751
2928 6714
3076 5348
7807 8141
1073 2294
1430 2121
1107 3221
5182 6212
6511 8700
1139 7500
2436 3585
7692 8472
724 3660
9157 9382
1416 2096
2807 9380
977 4587
1197 9863
6623 9214
6902 8224
6105 8166
8455 9674
7685 9248
8459 9398
4153 4212
473 8430
5657 8505
7474 7961
3502 5037
9821 9956
66 8217
3572 9599
5960 9206
1836 4370
1179 9980
1132 2943
5829 6582
4598 7916
4671 9271
3821 4738
564
2029 168
7727 905
3628 1562
9898 3982
3698 2374
9444 7347
825 593
9073 5614
6166 4809
8207 5370
3741 2540
1155 86
7099 5535
1119 42
2432 1997
8514 1381
9723 7084
8666 8413
515 275
1543 372
1104 25
8565 2501
842 243
4784 683
5078 5000
1442 852
7740 383
4808 1619
7546 2905
3762 1644
8212 868
2217 44
7828 7336
1889 1624
8585 8482
7203 7127
801 532
6377 2998
3658 1351
1955 1344
3747 3365
1411 218
4274 2597
497 124
688 470
5095 374
2190 1724
3753 508
107 39
348 303
321 136
9367 3347
3676 376
1265 661
1044 219
8904 5939
7141 2995
369 96
1013 952
9304 5032
5101 4748
2526 1235
3452 1072
200 157
655 420
2509 568
1548 441
4857 2078
1571 163
2793 1118
2584 20
291 23
3755 2612
6132 5568
1373 326
6206 3115
8089 8083
2741 1712
7432 3014
2120 991
5168 5007
9621 1946
6748 2012
8992 2250
3918 3202
3449 3038
1653 426
1023 1003
450 98
1845 293
1789 690
6842 4712
3545 1469
2982 2470
5940 5833
1810 408
8756 8072
4727 1121
3641 3236
3651 1925
3454 2505
5548 5127
1916 35
7756 4476
9591 6036
930 481
5114 4998
5184 1455
313 79
510 115
1034 412
7211 5888
4941 65
6322 2025
1047 790
5506 752
413 391
51 9
6274 1130
2610 2074
6425 758
7030 525
1278 550
8149 3596
9337 388
7989 3303
4886 2069
7859 5045
4228 2168
2654 2195
8994 2795
614 135
1058 794
2547 1830
3771 2088
1039 177
5136 1026
2274 1931
6033 5325
6512 3605
8638 5933
8108 592
1255 274
1246 258
5082 3089
493 126
6514 3544
5589 2369
3274 1811
3152 547
8721 6724
5741 2178
1891 722
1091 315
3160 2601
3043 1434
9746 5995
2207 1545
4337 4226
781 295
5611 2673
5593 624
4161 2979
5107 1729
5897 4085
7341 6092
2219 1281
8789 7912
4213 1561
3623 3537
9544 553
5631 5333
5120 911
545 179
3378 3094
1069 427
9910 896
744 196
1036 536
3876 2576
6806 4245
2417 1926
9017 7059
5142 2514
116 82
7940 2649
7746 4937
9501 2627
4158 3629
5324 5254
8841 4106
1652 912
6490 780
7704 2230
1558 859
3380 384
455 57
8168 680
6525 5046
3420 1944
4750 3709
8951 6296
5653 4926
3857 956
6944 1268
2869 2325
623 371
8500 5335
5678 4114
7062 6857
2478 817
3852 1037
9700 4238
152 102
8278 5423
9451 5156
4533 2251
7040 1595
7579 3372
7599 5878
5059 3564
5701 4339
2549 357
8146 3842
7513 3191
6136 1356
6504 668
7471 1707
6563 1643
4024 3638
6178 5846
4070 1540
6383 2101
4084 2099
2287 1041
3667 2951
4147 3829
3045 954
4871 3064
143 49
8548 7925
2336 1465
2668 2041
5938 489
4263 1042
1689 1632
6182 4081
8456 3533
987 483
2644 251
6275 2492
6960 1872
237 81
7605 7540
7979 7315
5313 2433
3911 3348
2720 2345
5774 5758
4004 3125
1885 719
2890 1553
5209 4592
6936 3044
2167 277
5160 3288
3443 3012
7519 5011
6379 3453
4365 4068
731 506
423 359
3515 3342
5518 422
9445 1040
4628 4318
1683 1172
4069 3767
217 56
4143 3906
8686 3136
7517 5196
2137 198
5853 3243
2712 563
1274 523
8216 5484
2781 2382
2034 112
7096 6528
8232 7397
2398 1952
8644 8087
788 729
8945 3705
985 495
7846 4284
2985 239
8918 3246
2087 981
4111 3414
1293 647
4801 1145
2709 2569
2910 2556
4697 2974
3910 1551
1842 973
3336 127
204 123
3839 2942
1797 1214
5220 3389
6172 5004
3276 1647
361 317
7011 2466
2080 1167
3869 2008
2647 428
5121 2899
8794 4838
2200 1136
7725 3694
2989 1153
2937 1302
8579 4520
8421 5921
2657 1968
6112 3337
2637 1414
5511 1812
8903 7999
3685 1310
3976 3168
6518 4265
1887 83
1614 436
634 597
1596 59
3010 1233
1862 1662
8728 338
572 410
5274 2726
1743 1534
1665 1186
3296 1115
3358 148
3301 17
8519 7522
1746 671
88 36
5062 320
1438 810
6390 3034
4973 3799
9845 3946
6642 753
7284 1617
5275 5
4043 3361
1070 622
9884 19
561 518
5949 2639
4181 3777
6266 714
4383 11
7365 5580
2656 1322
7196 5546
7847 2963
8797 8040
3795 2222
6896 1806
8209 2189
2239 1751
8267 3849
6426 6222
980 60
4690 1413
6387 1554
4429 509
6229 2295
3291 228
9361 3409
3719 616
3493 2308
7306 6571
8161 2794
8542 2659
5393 1472
3351 319
2003 814
3819 1231
7880 2893
8890 1181
3971 3285
2286 1828
4130 2314
9376 2009
9584 2083
3716 3465
5574 2575
9070 2464
3534 1353
7845 1379
2319 1315
7566 902
6802 1547
3576 900
1985 797
4117 3742
10 2
133 37
5314 4259
5174 165
8008 5570
3203 362
4058 216
8254 1425
3265 774
7717 6855
1841 1670
9196 2225
9761 4997
6441 5123
1693 459
2418 360
1886 437
4227 2829
9912 5726
3069 414
7525 5747
2940 2493
3732 1103
2986 2903
6288 5465
7055 3180
9773 2703
284 67
2378 1778
5366 2938
6626 4451
9013 4934
4502 3434
891 397
5869 3341
3494 1805
8273 7407
4067 2519
579 248
2697 610
9807 1099
6148 2062
5618 3980
4543 3513
3712 3026
4510 267
5569 64
4991 3577
9922 7972
5817 904
7412 1893
4731 230
2007 1801
7041 2680
1361 191
2016 1301
3326 504
7794 3056
3057 874
7844 3787
535 434
5851 2667
4732 2676
9796 2256
8488 3678
9986 529
6859 3333
4831 4568
8563 7021
7960 696
2730 630
5900 5623
9716 8239
9933 7656
2052 1680
6294 3011
6798 6750
5765 2094
3148 1991
9732 1914
6006 2744
5221 5218
8515 5597
6131 4789
7872 2634
4849 4225
5239 3597
4164 2455
7143 4984
3323 3284
4844 1878
9030 3785
7358 6576
6280 4091
2206 1626
836 260
6608 5907
5637 1
6051 2503
471 73
639 448
1110 71
5293 4979
2248 1790
9051 6548
7183 5186
5970 192
6277 3900
2243 1129
5587 1053
6091 5493
1300 131
1436 474
9334 715
9430 1664
1663 398
7801 3562
9281 3415
8069 4392
8936 6096
892 809
4976 1850
1848 1605
5405 4354
9972 8315
6204 1783
9362 858
6145 4399
4902 1531
8115 769
7464 3593
103 90
2237 966
5422 883
9669 382
9713 9003
1084 569
8845 2768
1873 1581
8009 4319
8011 1640
3298 1237
8402 1010
7544 5472
3697 1423
2642 2443
949 253
7116 3110
2961 430
6352 3937
