739
6739 9929
1546 2787
8901 9428
9841 9988
9126 9430
8678 9369
8543 8743
1895 2852
1738 3241
3200 6304
1639 2982
6390 8840
1999 4362
8918 9513
6901 9867
224 8277
2777 7275
722 9768
9888 9972
772 4354
3775 8520
6123 7193
2775 4326
3667 5278
5966 9577
9534 9750
2356 4255
7117 7512
1743 7739
7974 9887
3815 4210
2510 6818
7669 9725
8800 9945
2463 2573
7119 8360
8343 8832
4271 9934
6896 8461
6261 8324
1616 6546
537 8917
9956 9975
531 6209
5817 7402
9991 9995
9000 9011
6795 9082
5376 6370
5463 9074
4505 9217
2796 3862
8972 9918
4046 9425
5188 7770
3252 9251
362 5712
3340 5994
217 3179
6489 8484
2413 7184
9310 9777
9361 9548
5126 7526
6045 7501
1856 6347
2603 2709
5869 7644
7361 9614
1890 6263
4434 5390
8951 9324
2117 7371
944 3224
2738 6348
2142 9350
8171 9531
4658 6270
9970 9998
8068 8458
5990 6564
9171 9327
8768 9664
8651 8777
5429 6134
7761 9449
633 1897
4923 8474
7667 9481
3837 5352
241 8127
9669 9851
3449 6385
9120 9222
2594 6954
3379 8683
5146 7353
6249 6503
2949 3104
5609 9540
4643 5500
5480 8042
31 3996
4439 6527
7542 9611
4951 6764
3110 8997
5403 7833
7868 9174
4737 6428
6561 7961
1068 1872
3259 5634
5561 5864
1712 3489
3701 7432
5798 6530
6224 9182
8242 9703
7917 8218
2763 4905
370 9622
6915 7291
3798 8973
357 8273
4161 5481
3196 4693
1134 6675
7292 8549
8547 9066
3011 3447
4345 7069
2392 3878
895 2012
677 5311
2268 5728
6233 9521
8721 8873
345 6238
1376 1399
4738 7394
8834 9900
8095 9724
721 2471
3022 8828
4691 7798
1964 7986
584 3589
5470 8975
1390 2118
5083 9163
4672 4898
3899 4204
1850 1880
7179 8958
8425 8963
6904 9704
4234 8331
5515 9673
8093 9181
1037 1550
2447 8151
8226 9415
364 2630
1081 8201
3875 5632
1748 8204
7277 9610
9658 9699
9875 9992
4116 4431
2597 9962
1847 3310
9155 9395
1222 2914
9920 9974
614 5023
8417 8560
6175 6409
5915 9374
8643 9517
8194 8403
132 7926
3865 4779
801 7099
6095 7075
7506 7799
4832 6011
7447 7651
528 5355
9098 9337
4835 9884
1862 6334
829 7002
2315 4438
5165 7626
2803 4250
3907 4961
8541 8916
9436 9597
7005 8728
3542 3644
9713 9745
8989 9198
207 1976
3249 4378
9197 9701
6320 6595
3472 3510
934 1910
1593 6239
1865 7129
1562 8604
4193 6750
7552 9400
3782 9469
1357 8191
6439 9911
1410 1569
554 4143
858 9043
2258 6339
5045 6393
9254 9346
6092 8025
856 1681
1831 8625
7730 9792
5772 7828
8618 8961
3298 3818
5209 9977
3505 6176
4957 8452
8632 9999
7367 8686
4563 6775
3309 6657
4492 7684
6752 9073
7328 7921
8215 9403
9272 9889
4203 5839
8234 8889
993 3669
425 3678
7524 8968
9627 9647
1174 9751
2508 4196
3054 9789
3755 4755
6515 9235
594 2017
9747 9966
1663 9260
8941 9651
7222 8303
139 5151
3342 3606
5026 5631
6492 8028
7000 8634
3806 4689
7903 9377
2373 8065
5327 6475
8376 9695
8797 9856
3120 6776
414 6166
9041 9552
2873 6038
1020 3267
3674 8512
4184 6441
3239 3893
2562 3441
7014 7685
4684 6342
9967 9997
82 8355
2656 9102
3343 6121
7271 8111
8494 8495
92 1234
9351 9738
3940 6094
2271 5061
4456 4606
5533 7652
9604 9660
8928 9591
9881 9950
479 2233
57 8843
7837 8089
6803 8810
5643 9188
572 5232
3982 5602
9743 9753
5978 7658
2642 3211
1116 7312
5775 9384
6296 8027
6247 8448
5851 7055
6327 8035
4227 8695
7279 8133
75 7627
7743 8229
5538 9600
283 1642
6932 7172
9902 9931
9850 9885
26 8378
3213 3942
9215 9393
1713 3804
7723 9727
50 252
7280 9288
1609 8837
6257 9094
1526 4468
2820 7299
6790 7995
9284 9366
3608 8807
4617 6583
639 5476
7067 8664
8919 8970
6769 7683
8263 9609
875 5575
3398 4172
1353 5614
4082 4330
4410 7505
8368 9936
5620 8319
8705 9380
7147 7318
6336 7834
3312 3835
3229 8357
2441 2718
7946 9111
8925 9968
3976 7633
6578 7650
7820 8440
4941 9846
4719 7023
6090 7577
3747 8217
4519 9362
9156 9667
1798 5130
4648 9096
3320 6734
1840 6485
3549 4150
3764 8909
7176 7199
3579 9339
5979 9435
3689 7474
9641 9795
15 2257
5169 7727
6329 6959
2218 3879
396 4283
9379 9511
5935 9869
4994 7539
2616 7707
122 8846
5323 9675
9791 9930
4920 8490
8482 9372
5862 8858
5676 8049
7360 9353
942 4147
2663 7614
2868 3444
7655 9775
3481 8644
7470 9607
1842 4850
4160 6746
7660 8663
5071 6968
6897 9637
200 932
8518 9528
3296 4980
6547 7095
9734 9807
3675 5547
5260 7262
8597 9264
4650 8233
8960 9872
3514 5717
6345 9356
7692 9090
9477 9863
3817 6861
1761 4675
55 6105
7224 9925
8694 9733
2188 3849
356 7325
8037 9742
9680 9919
6562 7202
2554 4819
3630 8284
3092 5460
8600 9145
973 8906
1934 9937
974 9899
3069 3740
4385 6467
6444 7097
2380 7933
1591 3450
2448 8488
3491 5926
4908 6892
3496 4016
5433 6305
5918 9113
3212 4846
3184 9049
2166 7636
4425 7931
2974 5868
464 5015
9505 9665
5167 7130
819 2747
8746 9824
4313 8251
9712 9831
1972 6658
5909 8548
7481 8871
3796 8594
1740 5872
3880 9877
99 8168
9446 9947
1029 1724
8145 8709
7363 7736
9512 9820
3991 7790
1849 7985
8290 9281
6920 8639
8847 8868
6958 9996
2482 5432
3922 5661
5792 5866
329 4979
8619 8717
4677 4915
7765 8612
6895 7811
743 2633
9376 9605
1097 4263
6128 8527
3319 8915
8304 8524
8115 8795
5993 6084
6208 8317
7831 8660
5662 7124
8465 9720
156 9954
6230 7583
7375 8396
8327 9470
5929 7154
6352 7412
7748 9016
649 1710
1938 2869
1305 2890
3115 7180
117 7619
5833 8981
3431 6924
2824 5852
5671 5782
4723 9024
5098 9613
6535 8624
6181 9586
3714 6627
9623 9874
9047 9092
8881 9640
6056 7339
6859 8456
3992 8477
6638 8701
8428 8576
3539 4048
9315 9433
8841 9483
9587 9739
6609 8387
3802 6553
8350 8434
4129 7438
7031 7456
9184 9694
8522 8786
6678 8822
7126 7662
7437 8559
955 6440
4965 7601
6153 7451
8470 8653
1711 3745
1200 4295
8615 8935
3735 7018
6685 6970
5498 7284
5187 8894
5237 5776
3201 8330
4978 6151
1863 6826
3768 7668
3970 6387
3551 7677
8405 8893
734 1796
6301 8124
5778 7786
1933 2688
2759 6066
9168 9983
4060 7991
1775 2384
1877 4010
8791 9602
5576 5853
4870 9905
2729 2921
3176 7674
1336 6381
4626 9590
3448 5690
9459 9785
1481 8792
1151 4391
7150 8002
4109 7546
1952 4181
5077 5133
6726 6827
8283 9412
9144 9473
9497 9770
4447 6331
2672 6234
4700 8862
5195 9320
2958 6063
4124 6571
8082 8898
3547 9915
2069 9457
4922 6188
7517 8036
426 5863
1257 5346
5021 7225
7475 8922
6621 7022
5734 8565
1806 6786
1997 6012
2006 7344
5283 7274
8062 8259
9786 9870
2786 3957
5766 6716
6125 6719
5302 9907
3891 7384
3531 4503
8945 9582
1275 2002
3651 9055
3677 8993
5357 5893
1611 4594
1848 4084
8953 9566
6469 7078
1987 9764
9065 9853
3778 9632
4240 4940
1655 3610
4072 9329
4083 5508
2337 7398
7889 9514
2565 4848
7387 7393
5511 7301
9421 9882
6202 8102
6354 9290
9241 9987
1559 3560
6026 9706
5656 8359
3777 9266
8410 8693
1052 3932
1925 8061
7333 8453
1586 4445
8774 8964
3599 7395
6491 6611
6661 9258
7200 8408
3933 4262
2079 3021
2455 5239
658 6721
1571 7793
6308 6617
4406 4857
6 501
3337 7885
5912 8744
1962 9185
5201 7599
8232 8969
7832 8772
9896 9964
2219 7480
386 3696
2817 7808
4310 9737
4320 5769
5856 7523
2872 7693
3237 6857
3458 9205
2342 2991
8076 9208
7631 8337
6972 7965
5501 5699
4068 5442
7145 9897
2866 9478
539 779
5396 8957
4215 8154
3816 5582
7956 8491
5964 6358
274 5612
8179 9906
6693 7268
3797 6032
3690 9620
8305 9979
8311 9186
8418 9941
2121 2858
5263 6543
6253 9259
1701 4444
5950 7550
5762 6642
5152 6556
6192 7396
6140 7136
9279 9535
8805 9332
2586 5621
8761 9183
5969 8326
2437 5101
3001 9794
8162 9006
8741 9524
6413 6781
4079 7329
3169 3938
77 8952
8558 8920
4542 7665
1128 8067
5034 9696
6204 8506
1199 2739
2064 2238
540 2595
6835 9806
109 9076
1810 5080
6395 8092
8329 9780
2632 9873
6107 7351
5691 8469
2782 6450
417
3083 268
1979 1630
2351 2293
2894 598
7413 265
5517 2881
308 203
3580 3387
9213 3824
4750 2393
5951 977
3453 900
8146 2968
8016 2871
712 147
2264 1837
4248 2947
1960 985
1385 1098
9700 2249
6973 4273
9802 9010
8435 2404
8353 8032
3295 2224
2906 1858
8710 8636
3353 1868
9572 786
9719 2308
2120 564
2270 1824
8246 2480
1632 1206
70 39
1341 1006
9499 5105
8055 5286
9910 6598
5060 2322
1685 1659
3854 2776
9132 2243
4380 1246
4476 2904
4629 918
3291 1458
9229 7142
6871 3889
8314 2417
2210 1269
5398 3330
833 230
8114 3195
9781 32
5640 5298
7171 3417
4478 212
8959 7057
3311 2761
3376 618
9858 105
687 625
8024 4604
3858 817
5292 5274
6326 2699
3643 420
5087 4063
8467 979
2301 1249
8689 5005
7500 3
9299 4293
7320 130
3943 2199
1071 755
2000 1698
5046 3145
1755 73
1072 551
9358 1589
4984 2426
3465 2494
3288 1077
2195 171
6813 5135
9666 9558
5173 3959
6037 4465
2523 321
7582 5548
4733 643
9037 8551
4197 2942
6003 3504
6700 3655
293 193
7219 4284
6551 5402
6501 325
3801 2057
4092 1135
6180 872
9603 5972
2972 2608
2095 935
4026 769
2628 1988
5537 69
1302 1160
5404 2433
7160 4707
2515 304
3788 335
3921 3018
8938 5820
5400 1538
4704 1834
705 58
616 300
9397 2720
627 286
8060 6122
5628 2253
3705 1735
4285 4099
2728 535
6386 2743
4736 1046
9617 2358
2155 150
5747 2867
8829 3038
2999 1767
6245 605
1719 1578
8391 3756
7237 675
78 51
303 22
2130 421
199 96
6323 5144
5307 3896
3720 1692
7462 2524
5598 484
4491 4437
5028 1784
4964 2965
2505 2489
2568 1753
9904 2831
9520 8431
9295 9282
7137 3140
6414 3874
1335 825
3152 2930
9486 2621
7050 2580
4205 169
6824 1886
1343 947
867 496
8075 332
4272 2475
2421 1511
5988 2975
40 1
42 29
4550 394
7732 6798
3075 2692
2319 34
4286 2828
6866 6715
4958 2143
7226 3050
8697 5886
3223 2496
298 162
6159 1271
5180 1785
8354 1235
1718 1003
9842 9616
9409 775
6161 1940
68 52
3513 3103
2499 996
2808 1699
6671 3668
8288 7356
1823 998
4688 3148
6157 4884
6741 4827
5939 2988
5704 3553
1435 1103
869 629
603 251
8944 2526
8826 1829
6454 5510
4189 2549
6743 2830
1156 747
3483 3462
6427 1861
1149 615
2855 97
462 287
569 12
2765 887
8629 7559
5336 3807
5155 3822
9570 4086
6483 2093
8306 4855
4370 1752
8530 2197
6511 5600
4031 1760
797 101
7235 6024
562 536
1171 154
9280 9108
6139 30
1194 112
1998 473
80 17
6207 4943
9852 899
8142 3594
5555 170
2876 697
138 98
3060 2323
9686 4433
6745 1600
3126 1816
6964 4574
5896 4399
9690 1056
8504 7494
1913 257
9796 6524
678 134
9578 1345
6580 5657
3003 1853
4228 2966
1957 653
9495 7896
6403 6402
4450 765
791 777
5445 4025
3405 800
8698 1326
4968 1502
6040 107
7869 6765
5406 1140
5236 3359
140 60
5179 2519
4653 3130
6637 1726
7036 1043
3758 3466
7195 2719
764 756
585 582
7772 2114
7954 950
2870 1028
711 152
7420 4144
4087 3281
4590 1921
4133 4122
7737 4698
9500 7441
6948 2849
2106 1820
5267 4223
2368 1509
8535 2405
1932 1304
4389 3692
8926 827
846 398
3622 339
9687 3027
8511 1604
4651 1182
235 191
3520 1470
7861 2712
5850 5447
7873 2955
8553 6112
4552 307
1114 19
3632 3232
2500 620
7733 4251
5358 2646
824 291
7862 3247
4534 1894
5652 3941
5314 4823
391 175
3305 475
9196 5681
9148 5565
8540 116
33 8
9981 2583
5185 3129
1617 863
3537 1993
746 439
8617 5293
8796 1898
8614 3554
2561 1057
8656 1577
9515 6277
2256 1561
2206 1670
1000 311
6049 4276
3947 3791
3478 3244
5493 3628
5943 4471
1216 796
9744 2032
4358 2560
4830 3688
9940 5593
3313 1190
1312 326
2144 1984
9135 4678
4350 3936
8863 5702
7591 2016
3904 752
435 259
7751 126
9127 6284
7696 750
7159 1904
1492 972
5933 1968
146 21
3410 596
1827 1001
8670 7527
9697 7606
3829 2665
1830 1677
9069 1889
807 529
1083 499
6858 1137
6016 1217
9192 2651
7924 6150
9628 5997
5932 4562
4931 1183
4364 2158
6736 115
3750 883
7239 5558
4118 3671
2013 1023
9892 663
432 135
8309 5834
1555 1314
2707 642
9857 5629
7168 2598
4768 4395
7024 4090
2627 703
9488 4610
282 226
6373 5815
2576 1279
8395 4400
1696 1500
3612 3429
3502 3199
5897 3384
1126 346
2083 2015
5875 3257
2588 1994
8080 1540
6537 4073
2341 1482
5700 1736
845 818
6976 2591
