432
8006 8795
6518 7001
621 5064
565 3008
1040 5675
6042 9973
6299 6446
5684 9502
5456 8101
1369 5894
9556 9615
2545 7926
8709 9480
5434 5755
7448 7473
8658 9025
4747 8251
8275 8683
922 2888
1216 9500
7754 8552
4147 7264
7550 8056
8460 9843
4981 9147
3119 7798
6690 6819
3823 8130
8433 9226
6137 8435
2085 8288
3850 9580
4715 6245
9511 9847
8351 9425
2632 7770
1469 7711
2162 9321
8538 9702
9892 9978
1808 5018
200 2424
2644 4266
8574 9253
9330 9650
8660 9152
5706 8810
1876 7795
9148 9587
9178 9285
9608 9865
3086 8608
7056 8060
6106 6619
8730 8869
7446 8979
7617 9135
7976 9307
7075 8027
8500 8923
7107 9195
581 2496
1530 8477
7007 9653
6978 9140
1312 2320
1179 7128
9778 9908
3072 4113
5370 9382
3044 8808
3704 9842
3035 4867
2627 9050
4058 4730
3211 9763
9879 9920
1332 3589
2090 6849
7315 8655
5221 9192
8308 8498
2874 6533
9125 9933
3307 7915
4354 6668
7529 8296
6417 8412
626 7462
2732 7955
2837 4782
2468 7441
8187 8353
9228 9545
9845 9932
8214 9827
3066 7875
604 8547
1209 8789
5712 9914
6372 6980
8463 8919
5029 8485
5904 9138
6827 6966
225 2910
7110 7907
8143 9411
6561 9197
1624 6098
7318 7957
7601 9333
846 3985
3893 5688
7429 8270
7964 9446
3772 7420
9971 9987
6603 8032
4954 7287
109 1931
6488 7785
3004 5533
9450 9701
3133 3421
9348 9505
3503 9966
7888 9960
1828 6653
7642 9951
680 3610
4677 8047
7177 7481
7174 9696
8121 8589
7533 8410
6511 8684
9967 9968
6097 7743
1727 3941
1421 6495
7866 8469
6920 8468
8170 9312
9077 9873
6084 8885
9565 9903
8191 9993
4182 6425
1452 9073
7769 9782
5335 7595
8532 9832
9335 9635
9548 9904
2500 5337
5507 6574
7199 7839
88 3312
8377 9093
8615 9130
9761 9964
7142 9773
4526 9344
1050 4407
602 7117
4916 5803
1163 5419
6804 9638
167 1614
2961 9022
2550 6316
6869 7205
9982 9992
9319 9529
7961 9150
8836 9703
9517 9609
2612 7341
3388 7449
4257 6494
1500 8689
1785 2939
7363 8023
1822 5585
7281 7797
5234 7619
8142 8631
9768 9947
5032 6180
4615 6034
1580 2894
6806 7537
9110 9336
2602 8835
6235 7367
2964 4437
6393 7903
3770 9324
7274 7766
8497 9793
7936 9554
4341 7688
135 4021
8298 8385
8573 9127
8542 8704
110 8183
1219 5148
7719 8712
9157 9532
5630 7553
3299 8825
7526 9957
1830 5088
7113 7212
2912 9444
4439 7614
1420 8680
1313 6576
2183 8652
691 8114
3060 8025
55 4543
5945 7410
3283 6600
6780 8800
6215 6333
3271 8454
8321 9362
6663 8310
9746 9898
7187 7218
3603 7455
5111 8199
462 6860
8425 8503
8125 8456
3165 7687
9000 9551
9082 9777
7135 8889
4843 5654
6063 6179
4579 5591
5097 8998
8044 8669
1605 3281
5459 6785
6449 7726
9923 9946
1316 9124
7507 8028
8694 8722
2023 6696
7497 9826
2850 6740
798 6433
4277 5395
3901 7684
8264 9089
5669 8628
7146 7471
1673 5205
6828 9346
2153 4670
8446 9680
3427 8793
2339 5007
5644 8872
8507 9807
7586 8725
7741 8140
1304 9369
6709 9246
3343 7216
4860 7323
8773 9389
6221 6751
6766 9498
1883 2324
714 6444
6116 8806
1116 7388
1515 7337
4834 5639
6733 8030
1227 1729
2993 4097
9524 9806
2866 4083
3242 5163
9977 9998
5956 7951
3174 8095
9086 9113
3734 4674
8826 8984
4605 6671
7319 8455
5860 8052
4382 5920
5020 6171
2346 4355
3054 4838
1212 2104
8724 8875
8626 9188
3814 3831
1615 3675
8916 9627
1136 8717
9985 9989
1799 3368
6704 8244
9516 9731
9316 9392
5063 9844
4032 5068
3067 3841
6499 8572
556 4223
6888 6950
4942 8753
2664 7172
45 3934
8823 8935
4383 5246
6071 8609
5888 9098
5000 6146
7219 8600
2445 8902
6302 6694
7532 7605
3822 4370
4575 7700
7432 9677
7406 8845
9952 9965
6091 6863
3845 7185
6752 7742
879 5090
4418 5964
654 1893
3484 4262
5972 9729
9349 9451
2093 9938
6183 7108
4947 9440
7898 8323
2563 3570
2005 9410
4400 7997
9918 9942
5555 9833
8690 9299
8645 9168
3783 9769
7892 9959
57 5279
6503 7485
7969 7989
7220 8078
6241 7414
3347 5225
6527 7300
4800 6706
8061 8594
5123 9895
3386 3565
2473 5999
4494 9607
3520 9706
3724 6931
8949 9190
3043 7499
5595 6585
8358 8764
3885 4183
9798 9969
9781 9922
2009 6744
189 3201
5 1377
7851 9618
6007 6435
989 8735
5377 5915
677 3498
8583 9550
6341 6770
8277 9891
3739 5911
4501 8621
9243 9652
5640 5871
1781 9352
8673 8751
7038 7786
6040 9711
4181 4477
5603 9441
8154 9738
1441 2810
5857 8703
3830 4668
1831 4202
5741 9217
1514 6715
9201 9393
5092 5220
4206 9686
1027 8474
7052 7561
4344 4927
866 4763
8230 9770
4258 5003
177 1148
7749 8342
4454 7972
4020 4352
4720 9710
1840 7910
4560 4612
9097 9169
9996 9997
9535 9789
9476 9804
938
2308 925
1001 898
8959 3804
705 600
8256 1534
3939 320
140 9
9367 3733
2171 525
7500 5715
9522 4106
1818 1012
557 404
4925 1989
1440 1320
1560 496
5973 215
5357 4779
3820 2592
6230 6145
1279 868
6360 2981
3453 946
3805 2882
5206 4567
7794 3216
8958 7417
9281 2100
5079 3948
9363 341
3151 1956
7488 7248
7569 285
10 8
8339 7995
7695 3924
7802 2980
9886 3612
9255 1731
1757 201
7374 850
7728 1180
1662 249
6378 795
1501 1428
4633 2987
89 52
9445 131
3779 2621
6066 902
8897 6434
9059 1861
2609 398
1061 430
3896 2535
1166 415
1236 96
7752 5781
2168 651
9469 7771
3219 2611
2710 22
2444 1838
3947 2830
7975 559
9328 4808
584 506
700 316
3580 1091
9697 2003
2189 1276
8184 1238
7478 1318
319 103
5827 2310
1526 466
617 431
6283 5435
9507 211
6545 3341
5524 4356
826 768
5825 5065
1652 853
5743 3574
2694 28
843 153
1741 690
8925 2842
9123 456
6928 1858
7814 544
2606 576
7946 4905
646 221
9849 1809
598 99
8103 2600
2186 703
4045 1204
7747 2878
3330 3202
3251 1330
5930 1073
4205 3869
5358 796
6922 3933
7470 5223
472 14
2990 183
7952 2951
5288 1487
4937 3304
4594 2303
3287 2420
6429 1961
330 280
9007 7232
5213 546
6532 6453
4028 3670
69 63
8176 1900
8413 6004
669 281
1310 19
2913 387
4590 3409
1262 152
3303 1575
9279 7430
9972 737
9988 6057
3800 1435
4470 4011
6325 3777
1355 125
8599 172
5500 5473
4212 3088
3815 1758
8148 3560
2797 531
9270 2144
7170 6701
441 373
9750 823
5321 1288
70 43
6370 4031
2001 1782
3130 32
2380 1060
5880 3661
3525 730
8688 8392
4353 4295
1410 789
3320 1457
9864 9239
2029 758
7962 3384
7600 5259
7521 4270
9802 4364
2275 2266
7757 6718
5936 4870
1771 685
306 196
1910 1772
9036 1922
5732 3616
514 299
1719 450
824 448
5267 804
8265 4048
4721 2417
749 647
169 127
3648 2950
4284 2739
7040 363
5283 2056
5086 2979
4413 3101
1165 416
9071 6651
7048 5181
2636 2177
4506 2107
9054 5422
6890 1426
8627 6203
8558 963
9027 1133
3352 1852
3246 1609
1358 478
6329 1935
7780 218
2922 967
1699 251
6954 534
2527 876
1905 1396
7733 4643
8465 6048
1583 956
6357 446
4388 313
713 418
3392 3068
8198 6158
9835 6464
4145 1391
6290 1008
8760 4527
6479 314
6176 3920
3203 2463
7254 3106
1399 17
9020 1152
7750 5253
4385 2389
7498 3951
7571 6664
6033 5625
9741 6039
1979 1701
5714 2316
2905 2418
3209 558
2854 2309
9786 4001
1169 666
1814 234
6421 5602
8763 5011
7582 4531
1269 26
4769 3645
4086 2583
6982 5953
4795 2617
7055 2824
1520 863
1378 1186
104 59
7689 4772
3878 122
7661 7235
8591 4143
1694 1020
5315 3003
5580 3764
5273 5256
4647 41
1892 940
2388 1145
5941 3928
6003 3594
6918 3558
1551 1258
3552 568
5277 2604
5711 3979
325 68
8259 3723
2156 1070
8870 6565
941 274
6112 3189
2722 2714
3619 30
9443 3267
3359 3311
3517 787
7784 2762
9360 7269
4640 567
5979 2370
9023 7849
4771 2610
6079 1853
3717 2474
3949 3038
7923 3870
1750 1117
3023 1805
4316 1705
1779 202
3463 1681
1083 911
7179 6487
5243 3884
7783 5720
1402 1038
3039 1637
3422 650
8012 957
4060 2743
7739 3323
8085 6070
9736 6515
2011 276
6630 2547
9218 5848
7682 4491
442 437
870 93
3387 3138
5733 2353
6807 3716
4673 2803
2835 1147
912 593
4128 2243
2159 1557
7228 5342
498 491
1138 463
5765 3149
84 67
4324 3638
8420 7901
6038 1512
4100 1010
5091 706
3778 739
1689 356
6760 4988
7160 5889
4975 1076
995 810
4007 2800
9442 7680
6934 2330
8231 8172
1242 374
8777 8203
2176 1829
3785 2973
3652 2190
5104 3816
6944 4451
2430 854
3646 3062
1874 1442
3623 2018
3666 3344
9582 5752
3419 471
1171 399
2013 1957
4873 3865
2949 612
8537 2926
8877 2409
2222 1963
5839 2400
7612 3071
5518 835
1860 1777
4134 1090
9109 8575
4712 1864
7491 4565
6470 87
6599 943
9049 5145
2931 1306
2576 1331
1023 318
1403 608
920 454
3239 2214
1220 901
3479 3064
4681 1196
3019 2220
7796 3228
1448 1213
2540 80
6861 3802
2521 819
4302 3701
6408 2265
8035 7109
4371 2492
891 377
7592 489
8505 7451
9682 1982
1544 1404
4105 721
5572 4072
1691 1230
1188 54
4811 414
7860 2567
1943 1101
4844 3001
9850 7148
9268 8080
126 34
1536 469
9340 8371
5369 2875
7777 1947
7821 2936
5877 937
15 4
6271 4700
9629 4649
4638 2658
7159 2943
7063 948
3768 606
9221 8676
4337 3629
1150 367
2548 972
6542 4381
980 359
1507 673
3647 820
3324 1623
5918 1071
2150 1613
8442 8276
6320 2799
174 134
5777 4775
839 769
5074 2006
7620 3970
5408 1942
5492 1887
2254 2226
7981 139
9597 8782
1397 56
5728 3357
8732 6044
2205 2025
97 7
535 147
1791 252
8283 4218
4564 3213
7566 2460
5687 1476
6739 4204
7125 2628
1519 1100
9490 6205
7904 1106
9784 9552
8482 4503
953 757
2071 461
8648 1373
9350 3732
9970 6081
2021 440
9284 8488
4617 3952
6958 3691
6884 1879
4813 1983
236 197
6949 5255
480 331
942 781
113 61
9311 8314
9948 624
4064 1768
9526 511
4606 1806
5923 2247
5740 3176
7192 1352
7850 3197
1539 1118
3468 394
7522 2590
4585 2819
481 323
5355 2206
8157 6208
171 156
4251 12
1395 345
8112 6481
4760 1353
1468 1086
1508 219
3009 2263
8041 4696
8470 1178
663 643
2598 958
9901 1833
3030 485
9684 7321
3257 2666
7677 2920
7657 1322
1419 844
5628 3946
5098 3290
3440 1489
5471 1121
4740 420
1971 701
7732 2569
4781 3217
3956 2941
1415 1
2274 660
9481 7854
7412 2037
7418 7141
5770 2129
4512 2512
4685 3513
9503 3509
6987 5289
7928 2242
1845 1261
1638 1354
2773 1546
179 92
4751 4188
1588 85
4410 1954
4265 2401
6901 4490
4094 161
9944 6650
5077 934
2868 2087
7686 6270
1055 858
3121 2181
4500 2371
3111 289
7331 4146
8204 2208
5379 551
5257 4535
579 407
2253 376
5865 3546
6513 1798
3057 2033
8021 182
5791 961
4580 2630
775 477
9817 6941
6642 4632
5885 4369
8478 2733
3443 2938
5372 2977
5306 1282
5843 2384
7909 6192
3288 1049
8983 5541
2028 199
346 269
1878 400
4090 1537
1663 698
8588 5744
4186 39
8077 2933
1388 1047
8687 4959
792 83
4713 1325
1586 1132
2040 1164
5480 2656
7150 6995
435 120
935 501
4069 1578
4063 355
8544 4903
8981 2122
1946 1054
7756 6765
4528 3042
9508 7284
4965 1058
4839 1233
9430 7506
6927 4008
1800 150
8616 1247
8647 6983
8936 243
6129 1092
6521 2708
1713 1372
1137 611
5201 4973
7127 3711
3471 1080
4053 3158
6676 1769
3846 3225
2676 2068
6889 2954
4619 4450
9119 6450
2618 1690
4311 1654
9945 9893
1240 894
3741 2999
5380 4303
3405 3200
897 741
2575 1875
3720 3078
6469 4881
4076 2774
8037 2771
8914 8285
2776 1616
5503 797
2693 1045
9489 4474
9666 6912
5411 1962
8512 4476
6010 5656
2367 428
5017 1955
8149 5441
8665 7859
3439 2896
7534 1656
1243 959
5670 2050
4926 821
443 81
7775 1725
1356 983
2986 458
575 82
214 101
9042 7158
8287 6254
8113 921
1437 838
2238 1668
4226 875
7758 3677
9496 6955
5811 2945
3752 1405
6999 4986
847 302
4739 2196
893 381
7229 708
9185 5461
3961 1078
8563 5873
3694 1429
8158 652
5345 1111
7014 5444
5021 1682
2755 1077
1495 248
9060 973
9229 47
6658 6407
13 3
7565 5901
8050 5672
7317 6051
9240 7395
6737 4374
7171 1297
5318 2185
5939 1278
5547 198
7053 1084
7064 6289
4566 3046
7547 5969
3340 1784
7718 6402
3190 928
6115 5613
6405 6144
7431 4184
8252 7985
5224 738
4648 272
5934 2497
7911 1521
7967 1037
7858 6597
451 337
4876 4139
5130 2671
6623 1889
9200 2841
728 683
6367 2764
2838 1763
2988 978
6641 1170
2833 552
7958 3286
8438 6477
3542 1081
3761 2130
3309 2472
6027 5015
2559 1523
1299 145
856 349
6945 6047
2491 1647
317 90
4104 1112
5125 1801
9824 1146
9167 5812
5495 4392
1728 1568
5147 3230
2779 554
3584 1385
8762 1664
5736 1048
7296 6050
436 21
7005 6891
4120 1880
7155 4312
5165 3910
6896 3608
2718 79
9749 1214
7668 6877
8907 3880
6911 2542
964 809
3148 2794
9208 740
4241 2035
9499 8249
4125 1930
3715 1463
350 136
6295 1199
2483 230
5550 988
6606 315
3965 2659
1350 905
8393 7920
8629 2479
3489 1056
255 142
6102 46
641 417
4826 3096
5785 1722
5329 2634
8024 2002
7673 6937
4592 3620
1522 2
1364 154
6075 4599
6633 5381
1786 890
4577 1565
1952 1296
8569 1687
1733 1181
5606 3569
1192 936
3105 1041
8523 2092
390 263
8294 3795
7386 5438
4185 585
3536 996
1884 227
919 681
1401 765
9247 6054
6225 3978
7591 3929
7554 2924
6833 3420
5772 1698
7010 1337
8290 1203
2955 2523
1592 119
3907 542
3771 2705
3766 2443
4809 3864
7156 1667
2626 2616
8672 3775
773 633
7298 4482
6272 64
6152 2106
9991 282
2763 220
2059 347
6679 5795
9752 2972
2357 1168
8370 3321
9662 4387
9640 4435
8980 2642
224 217
1291 1119
7731 1960
5962 2675
1342 181
6232 5240
1579 987
1443 425
1576 1470
9570 8960
4054 20
3643 645
5875 258
1949 1036
6100 3631
5276 2366
3411 2921
5623 5170
801 520
2281 250
543 105
321 232
6493 2041
9462 8210
4040 1759
3695 3680
5191 726
5302 2859
8904 6473
6021 4966
9439 779
9575 3963
2525 969
8656 997
8529 6392
5976 1309
5559 1951
334 164
3981 1641
9495 8441
9452 1802
4719 137
561 380
1680 910
7525 724
2121 1153
7918 7818
9628 3544
4748 144
3599 763
3718 519
7874 613
353 351
9173 8954
586 528
8447 723
4403 3436
9039 2536
5484 3757
8004 6416
1465 913
1736 1686
794 632
3523 1877
6654 6018
9236 6592
5252 2393
881 696
7549 6244
5443 1873
9391 9371
3829 812
2946 2115
5726 5704
9984 1505
9463 6729
8900 8868
8107 3613
4736 4481
3414 406
3876 2679
1097 864
5984 3171
8871 2701
1472 27
563 300
3318 328
2179 642
2724 1159
8516 3104
4280 610
5202 3430
5477 2347
7018 2295
7074 2319
2103 1632
5907 3445
4391 2256
4888 4582
