709
176 5455
9215 9945
639 7590
1505 9213
7965 8587
6677 8757
8251 8281
3028 4785
4441 4592
7013 9814
7534 9339
1156 5968
3610 8220
3598 9872
4316 9144
4141 9279
702 6593
3257 6415
9005 9764
5523 8330
5206 5635
4656 9376
9644 9780
6786 9610
5147 7826
8894 9891
9542 9709
7462 8562
4213 5021
392 1155
8418 9062
2353 3060
918 7753
4007 6439
539 1847
604 1488
5530 6881
7271 8338
6093 9227
3735 8505
7050 8973
551 7023
5100 6616
2594 6952
2746 3082
681 1424
4849 6252
7288 8552
2461 9233
1549 4816
453 2912
2092 3879
2257 8779
6534 7675
9699 9914
4962 6771
6381 8578
5344 6797
3933 8919
9581 9624
174 9548
3675 8079
7823 7882
469 4368
7887 9911
5433 6556
4734 6722
2396 7934
742 7489
4995 6261
7232 7591
855 9300
8575 9695
5774 9952
9935 9971
4445 4459
5963 6563
9482 9754
9708 9817
5763 9066
9961 9978
3931 5570
1294 5015
8140 9496
2286 2868
5013 8004
1858 4973
781 3559
8232 8640
5378 9597
9662 9908
5714 6232
8434 9022
8750 9853
4590 8308
1592 3209
3339 8849
7265 7315
2079 5852
7049 9890
238 433
710 8247
8827 9113
2120 9480
4066 4701
1869 2207
7803 9787
6983 7323
505 5249
6348 8478
9152 9458
9354 9613
9925 9992
2454 3918
4366 8016
6054 8719
3909 7021
7755 8921
8960 9082
6979 9229
353 5569
800 1451
7896 9416
6188 8047
2199 3360
432 8931
9140 9375
9804 9839
5491 6247
2979 7656
6404 8314
1264 9779
9743 9851
5155 9205
6275 9428
8151 8603
7381 9043
387 6197
4323 8078
7453 9956
5398 8745
8605 9865
5101 7524
3291 8311
7010 8239
1373 8301
7165 7237
448 4905
6975 9173
6241 6858
1300 6019
1792 3426
370 2683
4458 5858
8712 9802
9714 9813
7922 8205
6945 9115
6957 9483
9366 9605
3529 9175
7744 8124
2663 4021
7108 9646
1756 7220
361 3858
5803 7123
9903 9916
1295 7642
7812 8028
7148 9549
9135 9209
8169 8430
1239 2610
1896 1941
6476 9641
3935 7295
1507 2303
3660 8713
9789 9981
6308 8421
4080 7499
4658 5356
5936 8756
8699 8792
6497 9183
865 8253
4482 6819
8347 8679
603 5355
6877 8154
4503 4985
5643 7168
190 5837
2941 3707
3916 6087
3076 3246
960 6323
9598 9998
9877 9963
8386 8776
2656 8512
908 1733
459 9870
7164 8647
7720 8332
8620 8971
6960 8476
9363 9442
9643 9682
8509 9759
6138 7464
2189 8276
7508 8742
8778 9316
4894 9182
1654 8677
7073 8632
5037 8993
7058 8980
7970 9673
4628 5465
640 7995
9658 9845
9035 9133
9690 9867
1776 7001
1378 9832
7900 8818
935 4831
1372 4779
6628 8834
6312 6977
4885 9417
5997 6030
2597 9019
3833 6582
9633 9679
9467 9723
1501 6336
9609 9752
7597 9516
1594 5419
4703 6479
9304 9518
5394 6149
2323 3459
2429 5359
947 6551
8737 9996
8733 8787
8150 8966
7447 8944
3049 7302
8329 9026
4242 6294
2691 7328
571 2224
350 7092
4659 8282
2859 9448
7671 9404
8008 8285
7528 7852
6318 8334
8564 9009
9620 9781
902 5380
4356 6437
883 2625
2052 7031
8556 8978
2582 3440
3917 6692
4332 8190
6635 9580
1273 9451
9076 9368
2141 6486
5787 7827
8067 9365
7825 8784
7766 9334
4862 7047
9287 9622
6298 6717
5205 6512
9459 9769
9846 9859
8488 9593
4472 5022
7415 8477
570 719
6037 8569
487 1532
2480 7521
5548 7463
6442 8684
6798 8035
1676 3179
8255 9299
614 2809
192 5668
6385 9900
5291 8464
3996 4999
9030 9706
4619 5030
7025 8568
2520 9716
3375 4439
9108 9747
7187 9056
6282 9887
6031 6366
7635 8893
3748 6449
429 9097
5799 7082
8413 8594
7791 8129
5553 6958
4408 4490
5630 9147
3009 5661
8003 9226
3949 4111
6203 7525
4693 7538
3412 5980
1051 9060
9197 9591
1599 3730
6785 8539
3040 3859
832 969
888 9536
8735 9595
7654 9741
9006 9538
1643 8706
8709 9157
2263 9155
5510 6032
5127 5679
4399 7292
2129 5727
2296 6362
6454 8316
5891 9499
5614 8097
4466 7153
3650 9512
8401 8799
6357 9927
9361 9702
9994 9995
2112 8224
7077 8725
7474 9958
4099 8577
4991 6496
7156 8367
8739 8998
4327 5266
6104 6966
4362 6195
2807 8559
9550 9838
8903 9938
9635 9638
892 2590
4263 6230
2820 6702
6345 6883
2103 7138
2032 6166
7179 9974
6084 6333
6648 6944
1261 4609
2040 8937
7952 8604
7325 8507
1171 1800
398 1361
4102 9678
8081 9383
2766 3129
4623 7864
2239 4019
8107 9933
9010 9898
5784 7482
2737 5446
3192 5056
885 4015
7280 7870
7096 9504
6888 8221
1804 9993
121 3479
7279 9551
8162 9594
527 6147
210 4874
9101 9121
2544 9314
2232 2305
5382 7684
5881 8013
9171 9246
47 8767
2102 6986
634 7710
1903 2211
5542 7088
8866 9881
4821 8394
5904 9444
1514 1543
9922 9937
1713 6461
5908 7081
1327 4450
1328 2872
1732 2452
2502 7137
4690 5609
4190 5062
9283 9378
329 9191
2414 6026
2672 4035
4247 9660
7592 8499
2031 7858
4448 6910
7543 9130
5768 7736
8609 9910
1651 5892
7143 8891
3188 9192
9111 9166
2505 6601
6361 9084
8747 9948
1216 4321
3139 5836
4143 9422
3071 6930
6313 6632
3576 7632
6216 8985
1736 4982
2849 4113
6124 6213
8641 9763
4980 6396
9145 9713
237 2060
1429 2340
1653 9059
1785 8165
1812 7270
7959 9302
4350 9008
4622 6418
9586 9979
1453 7867
6340 6613
889 9061
2138 7053
641 9584
6674 9636
8343 8855
9114 9487
3662 9261
6426 9860
645 4224
4344 6918
5194 7921
3056 3073
3202 7512
4682 6152
3302 7779
7245 9224
3077 5197
7664 8542
5305 7655
4091 7984
2464 9003
7717 9524
1468 6687
9592 9647
3552 4334
2958 4747
3854 6100
3105 9942
5267 6948
3527 8774
5462 8060
954 1781
2518 4267
4788 8227
1652 6094
1415 2357
9268 9703
6488 7878
2942 8307
6002 9661
3972 7217
8715 8870
2337 5817
1522 4678
2900 3835
4142 6315
8646 9553
6589 9244
5453 6595
8397 9472
5981 9533
2380 5409
6832 9486
9721 9924
696 7408
5563 6425
1330 8235
275 3708
2434 4555
3211 5860
2253 8250
5866 7389
8935 9564
555 8393
4625 9112
4114 6921
2190 6175
9729 9856
8490 9722
939 1740
6765 9134
9917 9946
6812 7698
2110 3713
1228 4451
3429 4915
6411 8320
2314 8548
5002 9953
4774 5576
9068 9904
4940 9411
1937 8186
1018 4469
5599 9415
7022 8501
5707 9239
9975 9990
7378 7598
7079 9257
3791 5874
5236 8048
1289 6902
6777 8619
1131 3924
4014 8022
6286 8856
5068 8300
2689 8967
597 9960
9329 9576
4976 9803
1901 7097
8139 9944
1209 3441
4341 9087
145 1293
3099 8538
6991 9328
36 4039
3333 5945
474 6735
2726 8744
9926 9940
2018 3015
9236 9501
6445 9742
5046 5364
6111 6371
5223 8820
4867 9220
2993 7690
5806 7600
265 8071
5226 9424
965 1041
5403 6774
4827 8521
7947 8288
1803 6326
6867 7933
2277 7146
122 8906
5083 7066
4642 6477
1557 4085
6427 6606
8939 9774
61 7814
9555 9637
8949 9471
2837 6859
2878 7205
3594 3632
1433 9318
7861 9477
5479 6736
6317 6470
342 5261
2299 9054
7821 8380
5663 9674
993 7732
7095 7246
6641 7680
1940 5861
6263 9843
6144 7748
2490 8991
8515 8634
8726 9858
1642 7784
9172 9436
6524 6638
6992 7121
5166 9038
3039 5328
5914 7244
807 4106
7978 9007
185 1587
31 9740
3740 5208
8341 9562
1794 6474
5986 6968
9509 9671
7608 9000
6523 6749
6295 9923
1922 5764
2527 7283
1284 2341
7627 7696
2011 6955
80 784
2581 5092
4044 7494
217 3420
9616 9691
7057 7806
367 2261
6351 8384
8869 8920
6269 8017
3380 4823
4536 8962
5242 7149
2553 5319
3158 6599
4336 5110
4011 5604
1662 9456
3154 5315
2392 6379
129 3104
2472 3274
3864 6040
2168 4041
8886 9919
4559 5624
6894 8160
5259 6949
2752 5654
4615 4965
1810 5089
266 5389
1628 1908
3480 5179
6223 8058
8541 9664
953 2694
3088 4897
8989 9462
1612 6066
4880 8152
5430 7052
462 6373
4868 6331
4240 8324
8797 8802
7669 8328
9498 9897
5656 7259
6634 9049
5748 9096
6792 7197
375
4454 829
2140 911
157 144
7552 5434
790 670
7371 5415
1577 1292
7567 2939
343 128
3338 2150
7593 1053
8721 3167
3846 978
7990 1404
8312 7805
1184 512
9753 2714
1771 1182
9450 6913
9800 6007
590 589
3134 2757
1325 1271
580 199
7844 7117
635 180
5239 372
1615 1211
1949 1090
4403 1614
1747 1030
9109 1128
9123 5905
2403 1268
1500 1233
9248 3485
1277 1145
3810 1770
3369 3131
1650 1247
6572 4705
1609 803
8038 1840
9278 9099
2644 244
6998 1879
3736 1135
3185 1254
7398 6963
9649 6835
7020 5400
7438 4347
3994 1362
2790 499
5396 3407
6649 4518
8801 8039
5086 4329
5671 2057
8722 3888
168 151
7483 6300
626 572
7426 5276
6834 30
3718 2619
5987 2059
4936 1904
3644 183
1311 390
1798 946
8002 4496
6610 5174
831 198
3264 137
2540 2001
8458 6506
4086 1413
8904 991
2356 2107
7957 83
4197 1595
4030 1060
8666 1021
2702 386
7819 1351
3952 3566
2437 1521
7955 1814
3201 1074
3900 3438
287 15
6799 4865
3254 203
9563 1470
583 514
3780 441
3273 2992
7135 6920
4109 2971
1563 873
5884 1976
7222 3629
5842 4424
4519 2629
3294 2312
1450 1107
1343 356
956 500
2565 1297
6067 1464
7800 3548
54 40
8794 6872
2365 1267
6081 4324
1390 1324
8057 5694
6791 4485
7352 5686
9221 1919
2375 886
379 306
3562 1208
9028 4778
6157 3658
6751 1721
3219 1655
5888 2165
1970 1069
1079 442
166 58
8953 4501
1033 201
506 365
5587 3604
8236 3226
5711 155
2883 905
3616 707
3041 1348
520 57
6240 4012
3319 1412
7735 7419
2753 1482
4506 2290
49 13
7026 3679
3755 461
2550 990
2383 1818
1566 1249
6763 2230
4841 2984
9878 5402
5149 3983
6803 5502
2325 216
4932 1405
9156 838
3691 68
2436 1624
67 44
9410 6970
3151 464
9588 5628
6554 2921
463 167
9506 6761
2924 2822
3796 2978
2078 819
7795 3743
8474 3423
5611 5517
2328 1418
4956 1696
4474 1622
7440 2313
2735 897
8245 3483
7335 6643
7618 6939
5287 4073
3189 222
4530 4328
2088 622
5709 1220
9976 8441
4045 3700
4858 2880
9276 1698
6624 4532
5181 2654
5793 1634
6956 736
3215 528
414 407
4069 2557
8396 7985
642 72
2043 729
1200 110
4357 312
300 124
3149 1769
7976 7879
5998 2024
7707 5067
9478 7034
5927 762
7044 3822
2449 817
3577 1097
3557 646
9585 4959
3899 1758
4315 739
1416 108
9088 1369
542 348
8631 4101
9587 6299
5334 3587
1910 1524
1281 228
1061 32
8398 5130
8407 1011
258 247
5150 4579
4825 3897
3193 2707
2587 2
4003 992
5224 2684
2388 765
1686 357
2515 1194
9040 8254
7177 450
6689 5545
3614 1746
2096 1232
1739 1286
227 148
8182 2393
1948 269
511 317
2846 1235
7971 2349
689 531
5862 3363
5221 134
5617 4765
6905 6744
3733 3681
2997 2624
4343 1303
9150 503
3965 2097
1094 426
8198 1880
5597 4647
5901 4161
7972 4243
9343 2064
1435 412
2439 845
8637 3910
9815 6064
5704 582
3930 822
5011 2943
2463 296
3927 3512
8085 4535
5354 2427
4912 2976
2218 256
2345 1402
8229 2289
8908 8049
5241 2412
2023 959
934 4
7564 6696
6964 2626
5942 925
4060 708
9094 2322
7041 2104
4100 2875
1385 1068
6392 5735
6106 231
6925 6055
3842 2426
3898 2007
8680 5933
18 16
6407 5471
7830 5825
8032 3843
2531 1535
2856 1913
2554 1125
7893 5951
5167 3827
7648 1516
6406 3704
5804 5392
7883 162
6178 5808
1455 920
4853 3029
6684 1820
4512 4108
4215 3617
5103 3450
4872 2855
683 359
2535 2363
6376 5864
8066 2486
8272 6431
1670 1262
3814 405
8545 6615
7098 3698
2747 1979
323 309
6135 2881
2763 2016
5867 706
2348 454
9292 5306
2513 173
4228 579
4599 2989
9669 2145
2084 1827
274 209
6469 5966
5036 493
9180 8265
7862 5613
5218 2195
7516 6655
704 88
8705 6698
9680 2381
8270 4392
8653 8313
9833 9330
2719 769
4052 3625
5637 3554
8176 6101
4430 3765
7761 7215
4607 1308
4593 2972
295 120
8037 6401
5213 3488
647 96
8030 1638
3414 698
9657 2778
2445 2254
8708 4657
351 260
684 508
