997
1510 9490
2698 4846
5721 8832
8469 9402
859 4839
4681 4745
2941 5912
4334 5971
1690 5752
6305 9931
219 3055
8038 8841
3188 8484
5277 9632
8481 9243
5199 5435
423 548
6415 6864
8200 9237
8166 8568
8970 9135
3768 5475
7023 8399
3368 3870
858 9969
4215 9672
4471 7858
63 1764
305 9102
6607 9675
4691 6844
1944 7107
4246 5146
5242 9163
7581 8313
4702 7669
1604 3528
7078 8140
4748 5136
5310 9542
2832 4954
7960 9771
6340 6491
5073 7856
590 9941
259 9162
9304 9923
3834 9577
2138 3577
4082 8107
9692 9890
3112 9076
8654 8875
5917 7459
1066 5679
374 4010
805 8370
8897 9024
338 9586
4018 5439
3396 5231
224 8420
1964 8876
6483 8822
3628 6712
8237 8376
3411 3423
3230 9745
676 3733
3264 8253
1653 2796
3077 4457
472 9913
8305 9997
7312 8388
4001 8627
1259 1965
4668 9313
4928 8597
2828 3615
599 3517
5129 9151
4842 5782
919 7431
765 7523
5838 8073
8197 9867
3328 4283
2352 3710
1519 5053
2791 5957
795 9733
4104 5481
2581 5267
5529 8608
5637 8563
3581 5750
5275 6355
8460 9631
4496 6573
9948 9965
7118 9399
8969 9684
4204 8437
2144 6830
8291 8304
5887 6350
2004 3522
7289 7766
9576 9657
221 4167
7385 9192
1996 8684
6878 7811
2990 3612
1741 3965
8265 9371
3701 9315
8379 8607
9395 9418
1039 9928
8094 8912
8539 9902
1678 8565
6600 8780
5131 7621
6770 7966
3302 4181
1055 4085
104 1663
4194 8438
3190 7611
4166 9835
4586 8219
7144 9370
7804 8435
1034 1200
7984 9494
4843 6245
4913 8336
5732 6704
7524 9938
4665 8510
2304 3405
7064 8864
107 5504
2635 7492
5795 7259
3216 7301
6604 7077
3817 6294
9234 9660
5731 8643
1263 4698
2486 5082
4073 7071
9434 9481
4176 4270
9072 9196
5664 5710
4649 6472
1046 8752
570 3851
4427 6268
4021 8467
6622 6925
6628 9200
2605 4571
4860 8072
6665 9384
7725 8128
2379 8274
8732 9559
6789 8733
6016 7602
1986 4768
7135 7177
6582 9520
1360 1797
5195 8857
7070 7211
8779 8928
516 3280
8407 9230
9908 9927
525 6098
88 5088
7129 9206
2175 7836
2867 7115
999 2226
6341 9317
7248 8272
5709 7694
9760 9882
2706 4098
1160 9676
464 4257
3172 6109
9796 9810
162 7329
3591 6169
787 2902
3572 5484
8963 9183
3547 7633
5893 9316
1532 1704
3208 4187
7799 8408
7298 7774
7745 9807
1790 2035
1504 4135
5431 7426
164 3599
4988 8943
6579 9380
2683 6526
5054 6077
1075 9422
2198 6452
5913 9004
9386 9722
5768 9622
1005 1382
9910 9984
6339 6353
529 6557
8103 8502
1999 5837
9207 9857
1424 9918
9055 9077
3187 7235
8557 9176
5321 9719
4301 5004
6473 6722
1766 2123
5394 5600
2847 7437
8901 9191
1015 5089
6614 9970
2313 7595
4958 9589
5353 7114
138 8738
7040 9189
8884 9081
4505 6307
904 1720
726 6986
8275 9091
3173 5265
6180 8840
9780 9991
4659 9244
9856 9953
9870 9967
8740 9522
4545 6045
3590 5083
5611 9398
6142 7778
2663 7623
8808 9930
7555 8130
8661 9693
2107 9568
4744 8507
3665 8950
4684 6203
4637 5800
5574 8549
9358 9814
9453 9601
3307 9353
5706 7496
2578 3069
7779 9250
284 3404
7318 8395
3765 5962
6962 8512
2116 9336
7665 9521
6856 9412
518 5066
3062 5776
5902 7977
9912 9999
467 5055
5870 8537
3236 7256
8851 9321
1233 3791
5645 5986
9518 9530
1975 9421
3937 5856
984 2224
7126 9459
7809 9013
6519 9581
6976 7372
3106 4873
6780 8869
5527 8165
2110 6944
887 8758
7859 8277
2707 7911
1428 9140
4769 6556
3642 5320
4460 5858
5786 7729
4710 8134
3573 5614
1534 3781
1339 8574
7626 8444
7039 8270
848 2028
1493 9493
4726 7999
2724 4306
3723 6071
6229 9392
5105 6860
8509 9725
6368 8032
2474 4305
8638 9621
4179 4747
4886 5896
1359 6166
9826 9878
1177 6056
3852 5104
8937 9073
1345 2165
740 8750
5065 6994
7756 9193
413 756
8060 9633
6781 7464
4901 9735
3827 9487
2908 7378
350 7481
5738 8119
2363 3024
810 1292
2367 3275
9114 9674
9954 9975
9464 9555
6300 6820
7892 9373
2395 6804
3022 8536
9629 9761
8210 8572
2876 9492
6427 9489
7382 7551
9758 9974
4454 8586
2276 9245
3305 9798
2630 4634
8781 9932
6941 9014
8871 9706
1950 3054
7948 9818
1578 5212
3367 6137
9164 9382
4344 9483
7891 9023
3539 9691
2687 2895
309 3286
4426 9545
1328 4596
7862 8560
4587 9352
4387 7297
2355 7889
5358 9612
9133 9157
4592 4980
4581 7041
885 4485
613 8616
1535 2814
7471 8405
5608 9261
148 614
6800 9627
712 8048
6181 8958
5444 5523
2702 7404
1114 6344
4922 9050
872 7247
8625 8824
1443 1530
8523 9877
5467 6281
2592 3496
4043 9299
2415 4069
7067 8341
861 5930
139 1571
1357 6272
85 3414
3587 9662
9885 9891
249 7013
3940 7466
4100 5306
4470 9829
883 9717
2093 8683
8914 9643
6698 9062
5145 9516
8548 8594
6398 8940
9496 9929
7454 7513
3021 4851
7683 7726
1882 6241
4900 5762
3535 7173
9532 9852
7516 7537
4494 7673
5625 5943
446 1599
7932 8168
7199 7730
9595 9775
8903 9025
8709 9210
5627 6831
1020 8726
3034 8158
499 5515
3520 8637
3285 4430
3061 8440
2913 6318
2978 5480
946 1554
7188 7647
7444 9190
803 3668
3349 3431
2785 2973
2865 5438
8941 9069
2113 3456
7137 9729
7455 9685
512 3604
4973 6955
2126 5246
2904 6467
4136 5205
8933 9529
1773 6921
9236 9327
9041 9419
6520 9485
8734 9808
3003 6276
3183 4449
8672 9625
8818 9607
299 5846
9311 9650
426 5861
7723 9367
5026 7821
8380 9028
2457 6433
4424 5968
802 9945
670 5596
8328 9639
6969 9682
4281 7410
6287 7538
3643 8617
2905 5391
2838 7768
427 1846
7381 9883
8344 8448
4077 6461
1105 7897
3226 9477
5892 9510
3514 4834
1568 5841
9258 9841
8457 9350
639 4915
4131 7959
3694 5369
5496 6213
5076 6015
9550 9778
1325 8907
3971 7392
5680 5724
9892 9993
6421 9255
4116 5903
3757 4014
646 7050
4350 7625
1224 8247
1464 2673
1974 6202
5946 7445
889 4608
8009 9958
322 1312
4013 8194
7742 9895
6898 7134
5160 8745
2480 9792
4770 6478
7610 8160
8787 9266
9915 9980
1697 3376
5107 8185
4250 7094
8900 9811
1650 8203
5069 6650
2848 5049
2052 2394
5843 6227
9575 9750
7488 7753
7435 8748
5942 6005
2862 7713
5140 7578
5486 9756
8116 9766
7533 7868
2900 5102
7943 9119
2413 4991
7748 9977
460 8645
9445 9449
8898 9737
8393 8723
2186 5889
4480 8977
6631 8813
9644 9992
6705 6968
1205 2812
6260 9388
8386 9056
2483 5077
6335 6939
8570 8788
9146 9363
9169 9375
2012 4815
4284 5455
2563 5605
9570 9714
7688 8674
6827 9679
6122 6795
8441 9278
3271 5954
8406 8483
1622 4600
7614 7676
4329 5029
6067 9127
5941 7544
7599 8264
9762 9840
187 1097
1458 3890
4506 5781
7111 9956
9671 9903
3638 5302
4046 6989
7517 7540
6078 7986
6776 8109
8014 8993
3355 4678
5830 6150
6697 7002
9502 9793
8636 9049
7846 9875
9578 9736
3878 5400
9029 9067
1356 8383
8783 9123
7938 8004
2723 3485
2855 5238
2297 8826
504 2562
8846 9617
8921 9669
4022 6178
9144 9172
2694 9452
2954 6583
7727 8704
2391 5812
3935 7330
7841 9819
7499 9064
2623 7583
2854 4572
4626 5218
3194 5060
7417 9408
7166 8446
3693 3959
4885 7880
8528 9560
8673 9166
3716 4984
4461 9702
2440 7189
6842 9337
7172 8360
5101 8944
1123 1395
9089 9143
647 7699
1310 7205
3936 9167
1450 6812
3670 5673
7401 7958
955 8418
9707 9864
2315 2448
6907 8208
9225 9950
2061 2539
1124 7230
6658 7997
4640 7299
9615 9851
7171 7830
7600 9746
7046 9389
6018 9429
7556 8226
1582 6492
7686 8052
174 207
266 4712
3375 6495
2447 3121
218 8403
3330 9257
1035 6951
5058 6597
212 3128
8289 9285
495 5923
6 6938
4792 8058
774 2412
5182 8527
3983 7400
2538 7096
9441 9802
2886 5147
6191 6282
3775 8178
8793 9131
9018 9753
9763 9765
4778 6932
1789 9665
2437 7931
3156 5633
9362 9647
437 4339
7691 9972
5944 6801
9130 9519
6236 7877
6567 7271
1167 1931
140 3382
2266 2458
5545 9296
1234 3478
7030 9111
6517 7106
389 1216
2719 8285
8017 9584
5818 8511
3322 7443
9035 9587
8848 9343
9276 9410
7005 7824
5284 8221
551 8269
5822 8322
9540 9795
953 9976
8767 8957
4662 8609
6718 7028
7353 8525
32 1076
4324 5827
9328 9624
4603 8761
1462 6754
1555 3007
6112 8981
9188 9290
8795 9507
7133 9129
2549 4687
25 3413
4553 5123
4642 9009
5949 8495
807 8397
4256 9017
8979 9099
822 5686
5901 6733
228 5351
2137 5854
2370 4931
4890 5495
6717 7130
8946 9104
1478 8126
4217 6325
4498 9585
4195 9291
3531 6870
5549 9988
3728 4962
7522 9543
7980 9777
3753 7722
3235 7425
971 1091
5851 6024
8059 8224
6258 7490
3281 5120
4614 6861
3481 4142
3389 4109
3010 7348
2177 6536
9610 9905
961 967
1170 7150
7902 8737
7898 8550
556 8499
1927 7327
6710 9058
7476 8687
2000 8506
1342 5595
2368 9008
9863 9943
8105 9695
6741 8254
5877 6409
5628 8040
8148 8543
2396 4700
9661 9697
716 7853
4569 8590
247 4364
9990 9996
1267 2280
8019 9098
6336 9319
3331 6309
2859 9281
3985 3992
7579 9411
1807 8760
8368 8600
6359 9145
7861 9845
539 6303
2043 5158
4825 9447
8581 8997
7450 9582
4304 7246
441 996
6799 7218
2825 3004
843 7557
1239 2287
8835 9068
3002 7883
6079 9592
8514 8631
9836 9942
821 7195
308 7143
574 3912
5635 8387
6194 9865
1142 1841
6102 7936
5842 8172
1551 4566
9039 9605
7650 9939
5494 6250
4239 4504
8256 9531
5196 5471
7968 9484
7827 8080
8273 9155
6578 9667
9925 9981
7104 8671
5159 8909
8068 9053
7375 9881
5992 7155
8965 9444
2504 4130
5687 7923
6606 8838
7011 8468
3360 5376
2025 8123
7606 9554
1333 5805
2507 4207
9393 9628
2314 3925
2087 3254
8670 9713
1942 7687
944 6156
9283 9478
3108 4316
8314 8707
5683 8439
3919 4298
8845 8877
9347 9838
617 1701
8192 8485
112 9853
6348 9165
8544 8658
9253 9767
1387 8149
9704 9747
5172 9580
7127 9468
4757 6826
282 1400
2659 4672
5410 6315
505 9292
3126 9251
5655 7769
1109 4158
5773 9051
5546 8923
1572 4484
8655 9916
7465 9596
1488 4951
5013 8189
2808 8132
6960 9603
7697 9305
4869 5915
8731 9694
4347 6957
357 1868
1855 7589
1497 2290
4979 9874
2051 7267
1631 4029
3856 4893
8990 9505
8858 9318
628 5985
288 2114
2479 7405
5771 6046
9759 9786
4294 5382
9215 9351
7653 7798
1914 5953
3895 8488
7847 8681
4967 9431
2205 3742
7584 9718
7878 8629
2163 2493
7057 7654
5458 7151
6500 7922
4258 7157
9473 9816
9413 9659
1104 3762
5550 5761
8789 9866
2782 9138
1943 5204
60 3028
3124 5086
8392 8777
400 5688
6530 9663
6286 7765
53 3202
5000 6354
8632 8678
4863 6113
327 3660
3816 9369
2722 4546
8218 9951
5312 5885
8 9467
2227 9074
7295 9566
7387 8952
5979 8453
3593 6833
3085 6485
4407 8404
4414 9658
1724 3410
1959 8069
8894 9475
5023 8271
7616 9638
5177 9186
7991 9618
18 4211
5965 7215
6744 8911
9228 9721
2976 4402
8090 9042
9921 9959
9139 9300
6782 8966
4232 6818
396
1088 130
7388 3046
6279 2516
1890 601
6674 5346
7762 4558
2005 1294
4563 1821
313 173
1708 250
4208 1461
1470 1017
4463 1140
1227 92
8702 4326
9873 6047
2487 2308
1716 1281
7043 6592
150 128
3995 622
2129 2075
5799 5175
6136 5774
496 188
8188 2680
6220 3845
8918 7702
8008 6637
4765 1652
6516 533
773 671
5972 1064
7053 2776
5726 2346
1770 1057
3118 2323
3636 784
8153 3357
3999 2555
1291 895
2998 1522
1570 238
6387 2279
8184 458
2546 945
798 746
3825 2407
27 5
2327 1625
8213 8095
3310 2193
1197 279
2417 1019
7136 747
855 852
865 108
9197 3609
3419 1810
8765 3793
8296 183
5897 2586
3789 1948
1906 691
8721 1675
7652 7268
8051 2321
5669 2270
3474 744
6474 4055
9212 2771
1721 1696
3955 758
6167 5552
4615 4492
568 354
4152 1043
1536 1158
7875 7545
8214 1769
637 255
5599 4238
7990 2261
1477 229
8082 1742
9850 7720
4653 3678
2450 2300
589 89
6595 5139
8410 1503
6401 5059
82 54
1979 1633
9700 2041
46 4
1896 159
1529 274
9246 6691
745 655
6933 2481
679 167
1059 325
6923 1502
5766 4315
4733 465
6682 3986
1792 991
8775 8429
2634 117
986 71
1637 227
4780 2416
968 451
8075 8030
4400 371
6032 3650
2879 731
2047 563
4440 797
9443 5926
4435 4351
7792 4254
3837 1847
8141 571
7376 2311
1593 404
962 597
7775 4515
7622 5817
8284 7179
8785 6424
1270 1166
5457 4247
8724 5291
6821 6679
1907 51
6563 4141
6731 4639
3778 1457
1401 830
5046 91
2326 1874
9964 3978
5119 891
2692 1468
5879 963
6663 2745
9862 9828
8598 3005
7394 2194
3549 2515
8230 49
3115 231
932 151
4759 3041
6895 1279
2714 191
9526 8711
9020 3869
5155 328
4200 3974
190 10
4068 3175
4583 3949
3618 2085
6317 5273
9118 6419
9935 9591
7389 1377
1266 697
3820 2343
3669 2428
2596 132
2247 1887
7479 5263
754 686
5748 94
1801 954
9731 5956
5406 619
4888 4478
4390 3207
2656 2469
618 439
729 450
6044 2050
6370 5933
7139 710
6647 5249
248 39
5778 4353
5347 3525
2345 1042
9571 4533
585 285
4636 1453
1051 52
4128 359
165 31
2422 815
678 361
7914 7546
9670 5725
7411 2646
4183 1451
6114 2071
5559 4431
1306 521
9688 8746
2017 463
5170 708
4178 409
5699 828
4053 1176
8003 3267
5641 1543
3081 928
4147 3203
3868 1148
3401 2761
2779 777
8811 7558
5717 4982
6161 2909
4122 3339
8421 4793
3182 1268
1818 1373
1794 106
4949 64
9342 8278
398 306
6324 2924
4654 2470
3333 2844
1090 764
9987 6702
1581 68
2014 673
9690 3579
8479 7851
6652 2045
876 509
3147 394
379 263
2639 2053
3592 1900
9451 1237
3312 3298
5512 4856
4392 2944
3461 237
5993 2957
3532 936
297 7
9656 3898
4829 1730
3819 929
2737 1147
5470 2453
8300 3916
7873 486
5826 1558
8533 7244
6912 3060
7746 4345
3963 1491
4750 1307
7252 4536
853 549
4783 3905
166 124
7582 3510
4679 4394
5570 1052
1895 1557
1364 316
6133 935
1340 557
2317 1954
8018 4432
5188 951
1620 767
9387 3273
7014 115
9705 3277
3137 507
4409 1559
9730 743
3911 2070
6129 5518
3205 1987
7260 4240
3374 3096
287 90
2342 916
4538 3291
1910 1759
4845 2731
8101 2691
6706 4011
4889 2344
4106 3865
9701 6174
7180 2373
5491 4527
778 604
402 146
7234 4399
1562 1072
6019 5730
9312 1240
7580 1577
5978 1745
7360 5443
2983 600
4688 3993
8065 1304
1375 899
4805 3455
1199 980
2548 1113
7571 3815
9470 8042
7532 2215
1030 268
6148 3217
880 252
5770 1243
2156 189
9544 360
3262 96
2831 1067
4544 3229
5833 2485
7398 3523
9801 4089
8682 5675
7194 6814
8043 2806
7674 5662
3089 2197
8675 1713
9187 4993
3256 1613
7518 7502
7217 4671
4264 4052
3074 672
6163 498
1826 462
7782 1282
3212 2098
8428 2747
7422 5497
5341 3470
2231 1013
5580 5201
5482 2420
2508 582
5247 1432
4185 178
7022 3204
9708 2027
9989 2517
3559 3332
7033 6719
6021 2943
4669 3625
5587 5041
475 13
1033 730
1024 735
2291 502
692 542
6175 356
6316 2433
9500 7865
7206 6999
6290 1643
1725 824
5684 4293
4803 1609
8350 1445
1800 1799
7196 2223
4811 3597
4766 2699
9886 2715
2858 500
7744 22
5044 1591
7198 2222
3224 11
2059 111
