294
5360 6427
7085 9551
4602 7864
9345 9923
7463 7654
8065 9705
2248 6150
6423 8624
7431 9499
2068 3878
4925 8062
3931 6547
6905 7785
6530 7759
9600 9983
2300 3417
5215 8462
9379 9527
5158 9626
6517 9845
8731 9749
1583 7521
7646 9011
5720 6920
5666 7735
1480 2423
9297 9973
9213 9455
2647 7720
2225 5806
5552 9948
5425 9057
2799 2879
6743 8427
5144 6972
7681 8232
3558 3573
6798 8079
1230 7030
9390 9877
1882 6975
5001 7786
2326 2448
6299 8616
6626 8635
6849 7800
28 68
5142 7360
115 8070
9400 9700
6330 9120
9299 9358
4419 6251
8892 9055
2722 3073
9289 9623
8650 8968
5000 7705
766 6321
3147 7698
873 1780
8281 9561
2712 6760
9524 9547
777 4433
3560 7053
7500 9573
4639 9777
1711 8954
4957 7607
2809 9639
6348 8786
4435 8860
7403 9610
4861 9721
1804 6196
32 1229
3312 5422
6377 7806
1219 9233
8166 9856
6022 6962
8458 9008
6426 8049
4619 9082
9414 9747
6762 9280
213 8280
5335 9248
1613 5170
1987 3638
5042 9482
221 4765
2496 9365
6903 8304
3266 8677
7703 9534
8978 9720
7332 8676
2693 6372
181 2586
5810 6364
7289 9740
4814 6549
4241 7822
3119 4231
3974 4106
9996 9997
8150 9122
6744 7553
1185 1815
2558 7548
5822 6573
4249 5614
3223 7454
7342 9155
7303 8832
5798 9240
4012 4050
126 4853
1126 4319
2457 7250
2715 7184
7464 7678
9394 9634
3440 7412
3918 7374
78 6560
5888 6689
1825 2152
5702 9117
2516 5139
4391 7781
6723 9305
325 1631
262 9892
9225 9894
8524 9295
7944 8400
972 8518
7343 7651
8418 9579
7774 9781
179 9650
8380 8542
5165 6054
5041 9783
5778 9954
6075 8144
4767 8625
6578 6613
5733 6205
8485 8873
8812 9641
7167 7701
1731 3469
7284 8851
150 4483
1766 4822
617 9209
4270 5601
5694 6258
8977 9988
6091 7051
7982 8093
9906 9918
320 3727
6248 6727
1146 5470
9048 9696
9320 9642
5862 8907
4827 8397
2962 5727
2503 6200
5886 9257
9168 9536
7740 8078
611 6104
1920 9497
207 1113
7038 7961
376 4022
6516 9376
6574 7098
7564 8407
6773 6995
5801 5839
1980 6003
294 4398
518 5135
3670 8736
705 6860
8872 9005
4635 4660
4492 6186
2204 9219
5689 7394
359 7968
44 2485
7355 8623
3122 5745
6199 7901
6169 8015
4981 5870
1400 9309
9118 9344
3107 7077
702 8510
7215 8119
77 7742
1265 1915
2032 5270
3801 8208
6361 7711
2687 8841
9716 9810
1971 4823
4924 9391
2827 6893
2702 3015
1529 1880
6297 7264
3963 6310
1481 6532
2949 4770
7195 9426
6111 7419
1433 8319
7934 9170
9395 9756
1297 2912
7471 7526
2027 6129
7153 8124
5266 6828
4725 7452
686 5628
3932 6247
2523 4985
8561 9382
7925 8825
2761 4477
7126 8919
2707 7657
6967 9313
6274 8384
1131 4142
6305 9975
8266 9779
1690 9089
3864 9897
1536 7766
9417 9649
7346 7579
7129 8211
8776 9259
5256 5440
7199 7731
8686 9381
4484 4657
4923 5189
4462 5405
452 7074
5657 8740
3731 9287
6765 9239
3178 4273
3589 8249
5706 9046
7683 9173
7828 9688
7821 9754
9484 9566
8888 9612
7272 8576
7970 9468
428 1101
3635 9388
6202 6394
6461 7093
8169 8568
6107 8339
2445 6092
4113 5284
423 6422
7889 9092
408 8984
7554 8112
3665 6456
5677 7027
648 8503
9377 9389
3980 7080
357
4748 3009
1894 1701
4630 501
330 223
8558 4559
8701 400
7824 544
2210 2200
2468 1332
1750 1264
6800 3308
7425 6820
3567 1342
9387 3939
4731 3358
7913 3227
5522 3108
2749 1201
485 273
8279 7305
1335 594
1877 1676
8816 2461
2711 2324
2960 894
4796 2769
3556 2768
8487 693
517 290
6401 3088
8472 1703
2361 1124
9128 6418
2690 2313
5547 1958
2362 38
5691 4468
135 134
843 784
1779 1744
953 662
4111 3260
3612 2021
5951 5116
5895 202
8261 929
6307 4453
5070 3636
1495 989
883 814
601 416
415 252
6421 4150
1902 614
8410 211
4503 1557
1532 1353
625 24
8559 3012
5705 2201
7240 6131
3837 3784
2331 387
8914 7568
6506 4637
8155 7922
2403 867
230 39
7758 6013
5792 3331
4603 287
9719 7692
8534 905
2235 1294
4927 1789
8184 966
6899 6597
6145 1316
6499 5100
994 386
8411 5583
6941 2431
7011 6958
8533 7706
3664 838
4364 447
1570 734
1449 1080
8716 4871
5600 5291
2339 1702
5417 4384
26 23
9359 3842
2212 2132
2035 1545
1425 124
8587 7561
1671 779
7910 2450
7510 6230
4362 957
3194 1036
9635 4728
2999 2105
1041 758
3149 1506
5296 3598
2789 2685
7386 5465
2094 1027
4695 1998
3590 884
8974 4651
2918 2342
3140 2237
9015 7508
5756 2335
6170 3078
5024 1706
8051 1526
7019 5725
2609 2294
8829 6078
4849 114
3899 2497
1358 384
3586 3186
6740 2681
426 421
9937 3702
474 328
697 344
6306 767
3220 410
6999 4352
1222 450
8551 4584
8256 7848
2529 2381
5246 2172
5017 2486
2257 824
3464 1006
8068 4721
9679 2794
7926 7377
2600 1088
9801 7773
6674 3335
8526 7642
6528 1171
1194 1103
1598 829
5143 1030
6090 3374
5053 503
6206 3332
595 51
738 369
8157 5659
5700 284
4526 3317
9791 5826
3370 419
8336 5873
9433 3654
8627 3707
7919 2290
2477 525
7143 6053
2987 2676
3057 2072
3540 1412
3022 978
5083 366
763 371
4578 5
9920 1749
7599 2049
5557 1814
4680 2764
2484 2425
9033 1593
9571 9518
4059 497
7570 937
1338 607
4367 1842
4465 1467
6130 493
5517 1997
5785 3236
4979 1930
4157 2847
6514 4148
7493 809
3060 1463
2928 1184
5436 1717
1392 81
3679 524
4805 2438
8948 5407
5323 1448
3895 267
3007 2128
7647 2911
9711 4749
6568 4017
5009 3843
9544 3025
8955 2138
3841 3783
3732 2095
7696 1099
6797 293
9934 3722
2041 1482
7545 543
7238 3020
9765 6713
6776 5857
8673 5624
5163 3303
4661 1853
7612 4043
5570 1040
5497 788
7986 845
7946 2455
3179 2528
8337 5835
7263 7163
8540 7996
7529 1845
6974 6173
1445 375
1663 1321
8869 3836
5438 4202
8572 2233
500 335
7423 2554
8260 2718
9369 6407
4123 3466
6238 5944
9757 1630
9283 7994
4204 3099
1818 818
6839 2682
1898 1803
6951 6157
7891 6716
10 3
2341 1052
1933 632
9302 1899
7886 1013
5345 1431
9182 2079
7682 7047
5102 934
4447 49
4520 1161
5385 5231
5487 3737
4931 2287
1511 1312
2367 1296
8544 5973
6746 2203
7541 5929
2756 906
9007 4429
9027 3213
1599 620
526 187
8316 2060
3685 2646
6308 3352
1386 472
6957 2169
9838 1279
3608 128
2456 1502
5535 4003
6288 670
6478 805
736 60
6155 1561
1237 515
1023 928
9 4
7752 253
3286 1830
3458 1993
4813 4257
7465 3477
3622 2575
34 29
3212 2948
4405 680
3917 3310
573 2
747 458
9263 6071
3516 286
3462 1248
647 37
4090 2034
1223 233
1286 103
4085 2901
6956 3996
1861 782
5850 4066
7204 4098
6653 1945
6005 4312
9430 7087
6381 6374
6497 4464
4570 2302
694 411
8089 3644
1834 830
2199 1025
2045 842
8126 4067
1218 432
8893 431
6242 2696
6320 3492
2500 1121
9835 1221
7322 1199
2957 1745
5374 4842
5669 4311
8088 2266
5972 2952
11 8
4385 4380
3572 1961
983 516
9294 9166
6207 3490
5884 4108
3568 976
8822 7888
3203 2217
2661 2388
241 19
2296 140
