298
5482 7638
2182 9134
5229 8229
9400 9842
5455 9558
1287 6084
7463 8321
1291 8372
7338 7405
8250 9318
7645 8711
8730 9393
7748 8311
688 8582
7841 9820
3487 7500
5591 7545
6497 8121
1511 5375
9845 9924
2353 3802
4764 5410
6253 8312
3993 8816
5725 7667
9434 9785
3214 9072
8443 9110
6524 8911
6402 7230
4357 6870
4778 6730
9106 9251
2847 4611
8527 8892
7829 8329
6764 6955
7756 7852
2540 6161
6077 9523
9117 9556
2514 4621
1024 9121
5814 9339
4522 6098
7368 8728
4072 4430
4120 8756
9929 9933
6942 6946
9395 9630
4605 4822
3064 8783
779 8457
3461 7028
6579 9321
4624 9351
1428 6999
3202 4758
7276 7580
2044 9340
2052 5142
9053 9844
9437 9824
1148 8119
7129 7195
9614 9717
7934 8409
308 8482
9454 9965
7131 7760
5726 6297
5132 9182
4435 5510
4373 9068
873 4341
5653 9159
8654 9355
1273 9782
72 289
3633 7373
3035 8872
10 4312
6628 8674
8638 9914
4106 5341
3176 6640
3625 7243
850 9042
5895 9409
7769 8275
8999 9448
8249 8818
1502 5278
309 2898
3980 9513
1794 8545
9656 9993
9083 9655
7990 8508
3070 3817
8800 9688
2899 7403
3322 5720
9858 9889
8441 9598
8058 9787
8327 9724
918 4802
254 5020
6726 8371
8974 9452
1408 1934
1543 3056
81 8072
8289 8709
6014 9350
6352 9235
9330 9829
8680 8990
1390 5083
1394 2050
4054 9887
820 9019
4107 4254
5668 5820
6584 9021
6933 9756
8909 9476
6833 8470
3780 9848
9986 9992
4356 4372
748 2921
7064 8338
9407 9731
6546 7862
2093 5062
277 7856
4832 9092
7877 9882
7041 9622
5053 8972
2814 7561
4083 6607
2989 5434
2603 8158
7348 8238
2290 3774
3190 4218
4992 5054
4843 5721
5011 5076
6622 8097
7437 8406
8169 8564
7308 7811
5086 9356
2984 5933
5772 8431
6732 8345
2524 4222
8183 9270
2599 9028
1660 5261
2107 5824
2165 7757
1672 5050
6205 8598
9372 9383
8045 9136
4485 6209
7644 9628
8331 8969
7755 9023
7455 7467
8575 8858
9256 9547
5201 7232
7715 9917
1941 6223
531 4918
3969 5389
184 2173
1115 4203
1352 9469
5697 7057
3404 6039
5505 7691
3234 4472
9853 9881
9163 9961
5049 5797
1798 8036
5734 7899
5535 7562
6404 7764
8677 9354
8784 9097
7635 8271
480 6179
423 7253
3153 9490
8896 9918
7653 9698
275 8562
803 2876
8723 8777
18 5611
6085 6272
3811 8405
3325 7660
6818 9208
664 4017
2005 7781
9184 9249
1707 5877
9522 9681
4057 9608
4165 4977
1662 9170
1031 4384
2596 4111
9267 9617
7525 7731
1219 1465
823 5985
2933 9168
4521 8055
5041 9564
3423 8804
1861 2437
9359 9697
7648 8620
460 6892
2452 6785
2490 3061
8079 9382
7514 9046
1841 1994
6474 6995
2350 3858
2399 7046
5044 5385
5077 6069
2127 6389
5163 9649
2897 9385
4087 5938
5473 9633
8640 9866
8086 8741
183 2960
9873 9925
8961 9335
5431 8602
7855 9687
8416 8649
4515 7344
5035 9530
728 4021
2824 8592
3386 3792
8607 9930
7313 8346
3886 9645
5707 9775
5253 7768
6489 9294
4558 9689
5263 5296
1042 3449
93 7268
8857 9935
8565 9997
6051 6988
8555 8834
8540 8633
1285 5368
8052 9507
7592 9527
6126 6270
4939 6702
2947 7390
2254 5314
102 974
4586 7588
9959 9979
4736 6476
5618 7229
3656 8153
5704 8425
3567 6043
1609 9155
9483 9998
3570 7976
7578 8747
7162 7694
226
5582 2580
9703 9685
7389 6879
4646 3550
4670 2486
6834 3518
4128 1610
4343 1831
7337 1013
4553 4424
5901 142
7782 1224
9436 4659
8090 528
505 364
4931 4363
9879 6007
5148 1827
8706 2271
3726 389
7857 6954
8571 6953
7194 2311
1139 736
2017 1189
8290 3412
2640 2546
304 103
6061 5826
4949 3960
6485 6006
5498 4469
2424 815
6910 5705
9129 8707
7911 4818
1279 590
4684 577
4094 2895
6066 940
8543 266
2886 805
1420 593
8886 8251
1633 303
5353 3396
7915 469
753 99
3682 2261
5867 1209
2063 194
8014 2831
1182 797
1213 279
9075 4579
8387 750
9796 9426
2853 758
5176 2294
4326 2231
8057 7903
3880 553
4898 3443
8746 1567
1521 692
1574 1444
6380 3464
2945 1371
8729 282
4115 2427
1847 1571
4548 2728
810 148
8981 238
3241 1722
5361 4639
2667 2163
4489 1911
7951 7585
7315 6716
533 229
5538 4440
5309 4177
640 75
3722 1066
5002 4299
3753 3163
1188 16
1556 568
4806 4737
7185 3204
9112 784
1288 811
3212 1501
5885 4781
2535 859
5145 197
420 86
2932 1523
4567 3658
7706 4710
1046 715
4429 1573
8087 7765
5662 171
3901 1858
1562 1532
272 170
6465 5383
8489 2150
5442 3727
6370 1075
905 96
4281 3111
4527 3131
4628 785
4388 221
495 131
5409 724
1597 155
1774 791
5612 3467
3730 3161
136 130
9488 5641
5568 110
337 14
3854 2089
2458 658
6823 4179
8370 3556
4350 2473
2750 1599
1946 1892
3286 1542
2688 1114
9835 1916
8413 3615
4834 689
6812 2415
518 335
7197 6878
1793 392
4486 1871
6157 2547
4491 3060
6034 3188
1061 178
3310 2958
8826 2501
3721 1265
7954 6855
510 26
7766 5467
6577 3922
3373 1807
4176 1839
8464 2475
4292 3824
2588 962
2703 1456
2061 646
8970 2372
1666 772
6507 5649
9496 8879
7051 2550
9440 896
845 765
2045 166
4199 2310
5064 3165
3747 3093
9242 2320
5766 2804
4678 2799
7988 6091
5019 3692
3887 2765
1015 625
9985 8546
149 100
4915 1446
8869 1895
129 119
1325 526
4607 97
9210 4075
8874 2723
1724 453
3236 567
6527 5080
9535 9459
9284 543
4784 4759
9890 8305
507 151
5274 2986
8671 2738
1887 1784
3826 735
6898 2126
3150 574
5912 3879
9859 1869
1568 1256
2362 1476
6790 2966
8736 2318
7574 1058
656 156
8419 7335
1085 895
9922 7533
8253 269
3616 2018
7179 5857
3381 1983
2676 140
3618 2653
3979 2073
1023 824
6117 3486
6446 637
4167 374
7159 605
