17
3952 4265
9728 9870
5547 8629
2037 2581
7300 9013
2836 2982
7722 8461
8546 9482
8566 9083
8400 8818
9452 9539
285 5637
3057 8004
1847 7674
2583 4608
7458 8036
1600 9881
160
8071 3718
1055 748
6873 2386
6606 338
952 94
5119 5105
4416 586
9800 4817
6392 3681
8078 1436
4829 3329
4687 358
2496 1134
2834 2692
3845 3721
3811 2657
9068 5456
2578 2321
1117 295
1793 4
6905 4227
8799 2930
621 493
9791 3222
8828 6491
322 309
600 486
5979 5063
2613 2274
4150 987
7259 4417
4021 3346
8615 4967
5782 2093
3803 2385
5325 1218
5141 645
7967 7766
6120 3350
6584 2705
9890 1655
1430 355
3129 792
3982 1245
962 387
1787 1351
8131 1812
8098 153
1685 859
5448 1371
2537 2219
1731 1539
466 24
3889 2764
2174 1855
7475 2639
1653 413
5829 2250
4482 789
7476 6624
6666 2426
2056 1020
3009 2500
4725 142
4969 4285
9752 7061
9714 6613
4242 3247
5413 920
8590 596
8222 7507
5683 5373
6238 5755
3905 2029
3682 2365
9135 651
9375 7568
2732 150
5652 4611
1086 1048
2819 858
678 634
9449 7472
8295 6353
2846 1191
282 124
9513 9461
4331 2042
2032 403
6089 5249
5965 2276
1278 602
7164 1872
5672 3008
3297 1652
5880 811
7734 4553
6615 4326
7537 2979
4068 2893
2394 625
5886 3055
531 26
9872 9555
5641 5487
4063 2154
7739 1813
5857 1961
7860 6401
3713 1146
7075 815
61 53
5446 3343
4342 1845
2839 49
946 543
8198 6590
4589 2608
5036 4671
9262 442
9199 4080
998 652
2026 1257
5305 4291
7068 3252
5420 3589
9419 6302
5893 4563
3988 1370
2433 1175
8824 4462
1866 659
152 22
1894 1601
4264 2741
2817 2382
3242 677
7131 5840
6710 1705
9059 870
8822 1920
1714 273
1434 738
5872 4552
5973 1913
8871 5930
8315 2330
16 14
2862 1087
8923 1974
5459 4794
5728 1273
3669 2596
8603 7831
1749 247
3101 1380
7917 7086
8103 5605
2646 1342
3016 643
