191
9729 9972
4623 8840
3747 3819
2613 7673
1918 3462
7203 9020
5304 9065
145 734
4377 5955
2364 6612
3701 9793
2428 5934
1561 2771
7367 9583
8720 9494
7338 7746
537 2027
6241 6428
6320 9430
5629 9137
9123 9807
2850 5331
2527 8192
6788 6890
8542 8648
177 3333
5523 8148
7609 9036
9607 9915
386 6687
8444 9434
6758 8933
9578 9971
745 7309
2247 5215
3118 3273
6277 7967
4479 7771
1020 8849
3834 4023
9242 9625
2471 8778
4253 6870
2580 3075
6453 8545
2693 7879
1892 8538
2889 5462
9994 9996
4037 4246
960 8422
8048 9837
8573 8816
2417 4818
3146 7214
3116 5891
5413 9306
4512 4825
1352 4845
81 6903
2340 9471
6269 8757
6601 7148
3236 5985
7397 8297
5151 6181
3409 9326
3265 5607
2112 3611
5484 5615
799 2758
2883 8918
8139 9375
6530 7330
4789 5734
4834 8886
6176 6730
707 2615
1626 2019
7089 7216
7322 8687
5043 8412
8157 8664
9696 9756
4461 5878
4419 6958
9424 9669
7305 9215
1362 4162
8270 8713
786 3895
2284 7672
8775 9632
5050 6377
1386 5379
1826 8657
9608 9958
2779 4095
5344 5471
25 8014
4819 4941
56 8962
9968 9992
1392 9682
7208 7865
6820 7175
6015 8037
8552 9478
9230 9473
903 7839
6159 8121
4704 8579
4925 9307
3923 7002
4618 6386
9936 9981
853 3561
4738 8262
8143 8592
6128 6980
7088 8278
9525 9821
3474 4542
3551 8904
1336 2892
5210 6803
4182 9205
2721 7662
9313 9411
5429 7835
7540 9567
1391 9539
3706 8511
6016 8921
8791 9919
4320 4501
2194 4326
8702 9395
7285 8735
4433 6336
3865 8113
8031 8467
256 3035
4619 4744
5091 6487
7219 8856
9408 9600
2973 7784
5944 8654
6573 9655
289 1224
4189 9324
2641 5724
4297 5577
5836 7242
337 557
80 1473
8788 8880
2974 7146
7965 9852
3599 5827
5783 8069
6272 9240
5919 9889
4362 4500
7138 8770
6937 8456
7607 7796
3820 8123
1902 4460
6935 8858
5150 8795
2918 6847
5036 8524
8221 9075
6494 7432
5270 7292
1022 9933
4331 6198
6842 9238
8481 9376
2727 3064
8247 8369
7126 8772
9064 9341
689 5604
2826 8150
2652 3663
7361 8518
2533 6218
7899 8036
76
3782 1200
1248 441
3138 1897
73 22
9013 6468
5233 1018
6815 2812
332 116
813 705
9295 7904
7188 2061
5236 3399
3320 2004
8642 6996
5643 864
1038 136
3027 373
2341 461
2893 347
830 361
8391 5164
7468 4595
8348 991
3730 3003
5254 276
3676 425
8506 7803
4822 2930
4402 2515
5483 2149
6880 391
2764 923
6496 2618
521 389
1630 861
9815 6086
520 428
2730 2468
3816 491
4832 4694
9547 7096
1001 625
8602 7044
6034 1154
1748 919
5280 1396
5824 3370
9668 4185
3925 2431
6101 452
8223 3642
4278 370
8436 6565
6531 6417
5057 1664
7948 7354
3292 2782
654 418
7944 4338
741 639
6910 4020
4088 3699
5574 597
1840 212
2993 899
1191 408
1243 1044
3105 1032
9364 4668
5781 1040
4137 577
8750 1743
9773 9630
2206 1534
6985 6971
8417 6382
