602
4366 9361
9745 9898
7396 8390
7834 9280
8219 9334
505 2135
3085 7500
6918 6949
2833 6170
9288 9600
1570 5426
106 9734
601 1136
8043 9783
3856 9372
1041 1249
7854 8699
7783 9483
3409 7316
5087 9533
6315 7937
3726 4116
8090 9076
4361 5243
7800 9274
1132 9101
7695 9269
2623 9285
3757 5567
4988 6508
9267 9992
126 1459
2396 3746
9704 9936
6374 8002
746 2957
8304 9424
7778 8237
6868 7906
4663 5619
479 9071
2351 3578
4625 9417
3535 7338
629 3653
2359 4129
6516 7421
8289 9846
5758 9743
4335 6440
6884 7181
1901 7607
437 1003
2982 5561
7148 8889
8222 8443
7401 7604
393 2327
476 7830
9486 9802
9180 9642
880 5653
4935 5583
146 2538
8417 8502
4907 8992
595 9726
7523 9412
2609 8931
9423 9722
3361 9829
4845 7048
2402 5585
5178 5990
3603 5457
7033 8098
3169 3770
7174 8192
6254 7023
9706 9787
8817 9441
6808 6819
9513 9791
2296 7281
5588 5725
7882 9051
7622 8253
8918 9502
6071 7110
8282 8903
6525 9057
997 6356
6076 9377
1583 7008
6676 8496
2950 7692
5122 5881
8855 9686
3743 7557
5844 7022
1045 8395
1972 6328
9786 9923
2184 4431
8130 8905
9404 9670
254 6499
721 4324
6638 9290
183 1267
1412 5389
9112 9836
4172 7171
161 6524
2145 6553
9299 9585
7951 9698
699 3504
7271 7325
3891 6935
3513 9398
3479 4598
698 3602
4989 5878
2535 7397
4964 7394
4494 8506
6910 8297
8660 8989
4953 6280
2294 9902
3528 6078
4520 7569
9191 9547
2676 3127
2881 8426
6360 6730
8735 8744
8077 8127
2410 2897
9873 9977
199 9933
3300 8525
7638 8775
2016 8980
8392 8829
1467 3198
7432 7843
3489 7529
6049 8291
4226 7609
9259 9534
3548 3865
4120 5719
4280 9659
9798 9867
8742 9042
2725 2763
6961 7929
661 5937
8175 9953
7822 9978
4861 7391
9411 9869
4612 9537
7202 8355
6124 8187
4936 8894
1642 2209
7853 8134
108 5134
9090 9389
8790 9078
3314 6012
340 1408
9935 9950
5539 9819
6786 7657
8315 8656
4017 8078
8743 9056
5399 7092
4143 9132
2258 6814
7524 8739
4589 5520
6093 9799
8386 8936
2756 7252
4286 6627
4760 9838
5973 9888
3215 5427
5593 5616
1684 8760
6453 8955
4527 7318
4399 9922
9605 9919
2490 5809
7484 8697
9487 9516
2717 8260
5732 7366
5371 8141
1343 5381
5420 7228
5529 7196
4695 7864
8024 9806
4449 9466
1158 5979
1008 8984
8352 9858
3910 8617
815 7416
417 1948
8680 9309
3455 9538
4734 9158
1475 8968
2220 4413
1138 9338
9395 9927
4402 4923
4492 9079
6674 9220
2665 5275
6724 8258
8008 9855
6527 8086
622 8579
5274 8852
7038 7919
5062 9431
6860 8019
1375 3138
3822 9944
8110 9059
5790 7752
4322 5240
1451 7333
5471 9234
8651 8655
5823 8947
1674 6955
1811 4212
2122 7340
9859 9871
224 5263
6492 7360
1487 2731
6285 9526
1348 4855
8295 9924
3666 6963
4327 9236
8213 9505
6523 8173
9015 9539
8599 9699
1342 8411
5153 6652
8113 9133
4588 7056
772 2713
3066 8241
9190 9934
1022 6233
8055 8800
735 7712
8487 9557
7278 8375
7501 8563
473 4862
9916 9945
885 2057
7590 9104
7289 8356
6972 9695
9362 9582
8202 9408
7725 7759
7206 8488
4951 8900
2526 8818
6983 7960
8435 8650
529 1774
9508 9930
1242 7862
2693 7154
9895 9997
233 866
6680 8366
159 9227
987 8287
9186 9841
3444 5098
8628 9319
5413 9672
1763 4666
4168 9646
9766 9914
7895 9993
9854 9964
4871 8499
1048 3485
4558 4658
3838 6200
2739 3320
4234 5628
6408 9835
5920 6599
1874 9853
7044 7444
7785 8425
4996 6620
8566 9012
4754 9174
331 7265
1258 7629
5814 9910
8121 9240
1870 9648
9735 9747
360 9460
9189 9421
781 4910
873 8285
2138 6805
712 2352
3256 7267
4704 6804
388 523
9007 9084
1077 5001
7312 7469
62 171
1155 3144
5600 7106
7053 7342
2962 6235
7671 8013
6134 7495
3654 6019
4854 8494
7288 9750
7369 7852
483 8898
5730 9586
6139 6172
1885 4197
9497 9559
316 2674
5219 9764
5689 9241
7166 8565
6396 7478
4816 9847
7292 8769
5102 7874
2861 9908
3589 4070
3517 3890
8712 8805
6399 9795
3395 7810
7254 9655
5017 8014
4967 7774
9884 9896
5446 8007
5889 8867
1423 4724
7213 8089
8833 9619
9654 9688
7687 8133
9127 9139
9817 9971
1941 2186
4510 4782
9701 9875
7094 7972
634 5352
4958 9724
5692 6129
1802 6720
6738 8052
794 8351
4858 6509
5251 6806
9663 9778
1179 4496
7107 7302
5181 7586
4176 9069
1855 7693
5267 5754
9837 9942
5836 6586
1747 7603
4500 5594
5101 5941
9700 9813
6344 8811
3816 8385
9199 9517
1370 5435
7102 9296
9063 9193
5855 8696
9458 9716
469 8478
977 7113
8404 9464
3420 9826
2591 7201
3216 6900
6457 6761
4572 6623
7322 9531
4721 8380
4822 6556
1765 7086
1435 8821
4365 5164
7441 9947
5262 7956
4198 7983
5550 7528
8142 9610
8199 8204
534 1243
5738 9620
4139 5503
2147 7243
4269 6534
6689 8625
963 3349
7764 8937
2206 7235
6092 8076
4823 7912
3985 6382
6798 9756
5733 7610
4815 9714
6832 8226
767 4670
1945 3559
8810 9995
5038 5663
4900 5631
2734 3047
4227 6947
5169 8995
9414 9438
6405 8151
2177 5681
4985 6033
8480 9564
127 8507
2720 4036
6278 9409
4973 8037
8720 8778
8210 9328
270 3877
4843 6626
2010 8837
3935 4436
2257 9095
4791 7769
9250 9595
778 6211
6908 8866
4376 5904
3645 9527
2048 2286
8345 9528
370 8858
7477 9281
4030 4636
3801 9114
9375 9717
8729 9374
8064 8511
3468 9690
9282 9347
9472 9913
2185 9632
4260 5143
8505 9482
3655 7602
8854 9644
9630 9909
3844 8172
1627 8783
5997 8779
2933 8374
3139 6611
1892 8449
4769 5076
5846 8117
7279 9092
8410 9262
6314 9020
2675 8224
736 5659
3650 3871
8587 8620
6045 7799
4739 8099
408 2952
9849 9872
8695 9708
4940 7623
5635 8643
290 8419
7253 8649
5160 8432
7021 7583
1280 2859
7636 9081
8513 9257
3820 9775
3522 9363
3199 9249
9271 9287
2200 3440
2921 4563
9484 9696
5403 7115
3398 4705
4972 9293
1162 7886
6273 8707
2389 9771
2269 3245
7143 8645
329 6164
4009 4378
2357 8440
7518 9523
6557 9684
2826 4076
3539 6225
2496 9541
4190 6835
1127 9400
4618 6817
4122 9265
4225 7936
5759 9607
7645 8836
1890 6793
1975 9230
9645 9674
1761 6954
1904 4547
7970 9878
8369 8887
3804 7385
762 2707
9742 9981
1189 2905
679 4660
2192 7967
3328 6320
9546 9940
9561 9962
2695 5438
7473 8986
3053 4757
2945 4717
3886 9380
7460 9711
9000 9943
9326 9429
3437 9203
9767 9905
6365 7539
2230 9805
3807 4714
6629 7242
8329 9344
3115 9277
573 7872
4251 6992
6053 6641
4759 9166
5269 8629
6734 8570
9444 9682
4081 9868
1148 5140
921 1891
1604 6630
7096 9761
2210 4615
656
214 4
1457 589
2615 547
7516 34
6914 3148
9893 4047
39 7
319 5
1964 11
3165 32
2505 463
8608 7319
5180 3370
4708 3695
6542 6468
1610 711
7981 2753
6212 2120
8160 5527
7525 1071
5978 5870
3344 3100
5563 4297
1843 1034
2136 556
8319 6526
5390 173
6452 4954
2953 236
1730 740
2150 266
9752 6984
8284 1182
1061 1000
7393 7211
2741 2612
2657 1356
5325 2188
7035 5313
1632 518
3000 2099
8391 3778
6241 552
4722 2228
2672 1543
3780 1666
759 35
84 23
5906 5063
4421 1992
7130 1907
7526 5256
1376 999
5345 2867
4534 1409
7974 920
5455 218
7771 3732
957 24
5295 4102
2644 2487
2890 1775
6813 181
8751 8580
2424 606
6482 5511
677 380
9316 2279
4229 2238
1165 980
4115 3465
2497 1166
6642 3846
5283 4661
9801 6713
5123 596
503 374
4144 4027
8561 6210
5955 2969
6901 2411
7345 1935
4433 450
2820 1118
6939 6104
2864 284
5035 3357
6293 1557
8000 2311
1463 382
886 513
1623 434
6763 38
1542 114
2887 769
8069 3389
8884 7713
4344 1273
3280 1596
4956 1918
4635 66
3132 1371
283 115
4723 3212
6119 4265
2598 834
4239 1212
6604 3027
7104 2807
567 349
2531 477
9622 9046
7996 7176
5367 2587
9041 1929
5487 3902
4136 883
636 129
9235 2310
6115 3107
3727 850
3607 2993
8519 5333
2940 2518
4990 1879
3483 234
4726 3265
9336 7894
1679 1340
1473 45
8353 1056
1197 325
4543 587
9099 888
8662 7578
8922 3164
1106 243
8387 7076
4975 1550
9633 6944
7519 7097
1600 1250
796 691
5650 176
913 294
7813 7724
5722 2000
4675 3304
2232 521
8891 6020
5439 3463
9814 2618
6536 2404
7491 4325
5416 5412
2040 451
3105 2413
4183 1846
6256 1493
3478 68
7540 3267
9396 1456
7283 1080
3259 376
1587 1023
1443 701
9477 231
455 72
122 98
8079 1580
4992 309
2916 274
7427 4919
2983 2577
1710 1190
6317 4256
1726 810
8733 6087
2544 797
8450 1177
453 268
8873 2174
3560 1237
5281 4836
3885 3730
4826 3848
9641 1282
2727 1472
8633 4310
8981 5265
7184 6844
2796 2504
292 3
9874 7494
3946 3611
6659 1525
5244 5179
2441 1382
5555 1244
4841 4552
3912 2443
3051 271
8555 4288
1383 837
1053 456
7642 4501
9152 3401
3768 2979
412 20
2067 1756
7660 7285
4955 4445
5547 5068
1394 816
395 209
9437 1966
8249 2495
3690 3415
2481 1695
1871 703
7027 488
5696 2973
7591 5159
3870 1210
5247 131
1347 272
15 8
8642 6000
9391 8428
2386 1607
9782 3080
2063 1297
5252 4440
7079 2240
313 19
5919 2904
6197 2912
8184 4882
1516 1234
5680 5298
8568 4307
9061 8495
2947 696
3829 1796
3036 1900
7449 5307
753 493
111 90
2738 2650
6277 500
5071 519
1159 818
1257 232
2182 357
9532 7313
1125 924
3633 2478
2775 2029
7237 1028
1925 664
3647 2901
795 426
9303 7831
22 14
5496 538
540 278
2893 2842
2318 2201
8575 2280
1538 226
2111 1954
6179 2694
2907 1906
1271 1184
1926 1714
8126 1090
5340 610
2965 1682
7085 1749
2211 1644
8179 7966
9581 3553
5964 5020
7968 197
2019 1134
7363 2005
7659 7275
8288 5748
2951 392
7924 5128
1330 375
2459 1984
3248 2510
785 346
5958 1752
6904 2760
8542 967
4591 1097
9476 3623
7806 4208
9082 8962
2046 944
9024 3326
7296 1535
8381 7928
1728 1167
2802 760
6753 2611
6325 5633
1769 949
4278 4096
5728 2247
4531 154
7351 6699
6829 1161
7925 6688
1672 341
7192 1308
4149 452
8969 8109
2966 2603
8225 2509
2344 1848
5940 2378
6750 3805
1798 1095
429 30
4621 1388
7559 3492
4712 3509
1428 1411
8975 4648
571 69
7688 5013
3392 3200
7188 991
3632 2773
6640 2943
6538 447
1307 235
5229 4562
2565 1217
3496 667
5703 3738
6769 3460
5985 3343
2797 1310
6619 4672
7824 5858
6906 2545
4412 3524
7803 4810
7833 926
6684 6089
8290 1915
3855 550
2501 1806
2791 2059
5037 4217
3584 1938
7949 7203
6284 264
9367 2898
5222 1366
585 179
1471 442
8072 2795
2149 117
6803 6361
4731 3069
2021 575
8009 4607
3103 2265
1320 935
4439 3926
210 170
1058 240
1821 1585
2445 1974
6698 1809
2517 656
8784 617
5277 1850
2259 1636
7697 5374
6497 5351
839 216
2569 931
81 59
2050 2012
7101 4966
2989 2098
686 186
3451 1512
4651 1381
6743 221
5047 4711
2944 1807
2494 684
3405 2866
8307 7597
1808 1520
3493 13
1072 651
3341 2492
7903 1305
3833 1639
4281 3220
2104 298
7300 4141
9542 6985
3610 2872
5358 99
6318 498
2064 783
286 113
6729 5525
4460 1882
7753 5465
8490 6580
5891 116
6338 190
3572 3008
6741 3803
9173 3394
4715 1505
4316 3936
5627 4158
6469 3596
3083 2836
5239 4604
1939 225
7426 5683
9980 4560
5049 2032
3837 3147
7297 1094
1020 607
8734 3622
418 12
657 76
4849 4798
5796 28
1779 741
7003 2512
8143 3362
4458 927
3149 831
2273 592
6292 377
1937 177
8244 891
5538 2761
2405 43
1277 124
188 100
6558 5835
2486 1033
2567 241
5230 3744
9432 8200
9529 3909
9037 2873
3573 3096
1746 373
1659 680
7889 6446
7368 5894
3575 487
4828 2094
3461 1098
9456 7081
6397 21
1450 546
4570 1831
8259 1578
2910 2215
5682 3574
3023 2427
8731 4603
739 457
3595 1740
9053 3719
3217 2804
4982 612
1713 1030
2877 239
9179 8145
640 432
3858 2482
6217 2336
908 355
1480 708
8275 730
9183 8270
8857 8220
4131 2586
851 291
4530 2388
9237 2027
394 323
4703 531
9956 7711
9580 8016
3234 2203
5915 5260
2746 2712
9351 315
7650 4946
6932 577
3949 2590
5531 1275
5867 3374
6781 85
9809 1671
1967 509
2592 1029
936 516
2740 46
3438 2097
6831 1617
4590 857
9634 4991
3260 1854
5944 103
5261 50
543 397
3922 2915
1060 89
4360 614
5914 2862
7876 2056
3076 1403
9325 4896
1137 747
7955 5580
4033 1332
8429 6662
8093 42
5161 2980
6489 5157
1278 1087
6725 5023
2946 2307
731 561
2963 1399
3262 1168
3973 2942
8054 998
8047 4309
2419 1943
3775 1786
414 297
2870 428
8061 724
4261 3968
1753 227
7662 249
4877 791
3411 1164
9889 3197
1256 203
5674 2244
2173 608
5147 619
6916 3571
2346 576
3313 1602
2794 775
8221 2834
6631 6244
6873 4729
707 497
5556 4006
9378 7845
9789 618
407 125
8394 6125
6383 604
9154 2981
8614 1968
856 727
5205 4186
8254 1265
7703 4318
1309 1204
9035 5731
7812 2767
5486 3729
3477 2373
5444 1407
1571 1533
539 416
5656 2457
3703 422
9113 3774
369 245
2574 363
766 472
3301 1971
6651 244
1075 1024
6143 813
928 672
4700 1953
6237 1444
2634 16
5617 3762
1687 27
6400 4624
2819 1665
93 44
1590 827
6409 5470
8584 7863
7961 2456
738 627
6252 2322
8050 4620
986 288
812 137
1290 265
3338 2142
5233 1692
281 151
499 358
6778 3786
7212 3435
985 802
3290 1346
5207 3979
9150 2434
2072 1420
950 829
7537 7317
8944 4522
5489 5431
833 464
9554 7295
1616 267
8413 3665
1180 70
6389 1928
436 386
4710 383
142 6
9449 2154
4423 471
8452 7299
5995 5011
5440 993
8286 2939
4521 2260
8340 5912
5908 5331
649 198
