549
6471 7483
9161 9872
3168 8126
7073 7745
834 2349
6479 8153
2356 9570
9308 9703
5357 5939
9301 9320
8358 8709
9998 9999
7553 9204
1949 3816
8020 9430
5161 8458
2729 6018
6532 9474
8365 8370
3926 5855
1962 3733
681 3194
4909 7741
5243 6330
4445 5335
6461 9911
5413 7007
3822 8618
417 1770
6326 8393
9186 9225
958 6667
5669 6332
8223 9996
1146 8182
6788 9875
5505 7805
3375 3999
7863 8221
8652 9432
9214 9535
3803 9722
2826 6916
9569 9946
7399 9112
2630 8532
7203 8035
575 2279
6920 7335
3528 8522
1423 1602
3507 9764
3973 5085
9113 9429
4669 8427
5771 9199
2440 9167
332 7291
8244 9391
1685 9018
3217 3716
4079 9183
1607 8688
1217 3839
8908 9312
2650 4816
2666 6187
6986 9797
8736 9394
8013 8452
2500 4885
6306 6323
102 3137
57 7996
1001 9697
9870 9914
2889 6925
68 7453
8143 8854
2320 5295
554 1014
9383 9640
355 626
6029 8783
9477 9505
770 5328
2443 8021
8086 9964
2033 5882
4643 6773
1775 6301
4021 7608
7899 8310
1053 9026
3356 4440
641 7347
3614 9560
7325 8190
3960 5393
5479 6605
5938 9045
8463 8489
359 861
3024 6230
5061 7864
2206 5612
4983 7602
7351 9696
4426 7886
1004 9932
7050 7192
8189 9578
8178 9991
7470 8680
1324 4017
5012 9120
5417 8329
939 4397
8037 9690
6865 9907
2091 2450
6413 8378
1958 8703
2596 7255
8812 9136
3612 9571
4852 6143
1384 4388
418 3982
2111 8779
8584 9563
1724 7898
3013 4125
2689 6223
9276 9734
5924 9182
6265 8575
7727 9175
1526 1628
4159 5203
8725 8887
282 7079
4898 9289
2382 7408
1260 2392
2839 3400
422 534
664 3756
6432 8488
1643 6516
5511 9224
6094 7355
1018 6858
7232 7293
7718 9501
3004 6468
7412 9634
7937 9794
3410 5253
4066 5531
5857 8906
6451 6905
1035 3497
7427 7512
2406 8105
3488 4464
4578 5167
7513 8403
628 5960
6696 9179
1434 4861
9558 9666
7654 8599
9544 9818
6939 7569
5432 8975
308 2235
5364 8875
5911 9125
2939 3032
7544 8361
1374 7637
5340 9971
1105 9053
5333 8655
7008 9223
221 390
9409 9879
5533 9243
1137 5183
5526 7658
1693 4107
6255 9020
3023 7168
7150 9235
8646 8990
8121 8637
9270 9847
1253 4611
6658 7204
2351 7134
7790 7868
4032 4566
7448 8475
3942 4793
8133 9524
7139 9835
5652 7907
1931 6277
8498 8849
645 7571
8799 9761
2027 9546
3111 9000
1814 5386
6600 7856
9422 9700
7551 8106
8336 9071
4933 7669
3579 7777
1219 9066
171 7221
3535 7048
694 4633
1142 9483
3149 7299
9562 9982
1376 4200
2394 9232
7976 9590
9955 9974
3855 4328
5883 9135
2178 2306
1493 4480
2645 9184
884 7097
1957 6957
4615 6194
7015 7712
2332 9062
8127 9856
7901 9050
6180 7087
3703 5569
8235 8815
8624 8743
6545 7987
5338 6602
744 7414
7653 8045
190 8259
2736 5220
5176 5808
6354 8690
538 3599
5621 7085
3657 9691
5269 7316
6830 7365
9638 9993
5181 5272
8453 9897
6620 7923
5079 6067
3378 7495
5433 8697
2569 5821
1266 4558
3979 8687
1064 6161
2287 2311
6246 6742
8280 9564
3361 6835
1128 9859
8095 9765
8167 9942
2825 5630
7687 8890
6294 7314
5772 9552
5690 8958
6519 8385
948 9826
4813 6273
3823 6155
7189 8747
7406 9921
9672 9775
6958 7397
5574 8312
4976 5218
8947 9873
8651 9217
8228 9114
1525 9688
8023 8300
7070 8250
454 8278
5342 6811
6661 9426
7311 9989
288 5427
3352 8588
1221 9338
3630 4257
4239 8612
7927 9238
6039 9881
715 8822
7320 9665
2669 6583
194 4491
3814 7467
3291 7222
8268 9411
9272 9588
5945 8163
3451 6329
1179 3786
6967 7375
4679 7148
932 3634
2611 8388
4995 6435
2643 7362
130 8864
4382 6289
9412 9745
8619 9245
1007 5576
938 3849
4203 4762
6136 8345
1595 2859
4899 8838
4353 9637
4882 5613
7400 9404
5428 6030
8853 9064
2779 3446
8617 9941
7423 8700
2682 6818
6597 9277
4070 6378
1214 6228
3157 8454
1187 7892
9644 9721
5227 9032
3860 5508
6416 6935
8149 9260
9334 9865
9898 9952
1896 9893
1325 2140
270 8000
5063 8720
3724 7775
4877 5634
8519 9094
8198 9680
5571 8881
3412 9747
1418 4589
966 6558
5353 9198
1636 5096
8829 9923
9052 9311
3846 9300
2305 3264
6930 8349
1777 8562
1041 6891
3581 9753
4714 8477
7723 9738
3455 8570
1516 6979
7545 7706
5339 9370
1851 2589
9361 9915
7794 9786
2082 5715
4427 6764
5729 6512
7006 8755
2745 7067
5212 6394
2671 5039
1916 8552
4794 9233
8448 9632
4627 4752
1933 7354
4930 8665
8258 9774
4696 5593
1550 8580
6559 9288
7630 8304
1826 6854
5022 8644
859 5902
5145 9772
7364 9950
8513 9418
3452 7136
5972 8018
9934 9954
9504 9684
7869 9514
3506 6791
887 6085
3329 7324
9922 9976
4664 4753
350 5698
5853 7422
6691 8876
8734 9573
5478 7091
5604 6453
3341 7342
7633 8297
7568 8186
4308 4407
6963 9250
45 5865
5852 8146
8718 9994
238 8692
3494 3963
7507 7916
5133 9153
9949 9970
7999 8674
4278 6735
9389 9679
5788 8081
4389 8212
310 2396
1927 5561
4843 9193
6554 9650
2957 5570
129 5922
6348 9481
4008 8441
9725 9784
9473 9777
3330 8062
5073 6158
4735 8628
8901 8903
9139 9917
4755 9831
6388 7229
4405 6666
1986 4940
4137 5931
1619 6708
7554 8898
9146 9817
3134 7949
3686 7875
7779 9042
1707 2677
7031 9787
2110 4966
5209 9360
5430 8218
210 8061
2794 5282
1745 1914
3287 7064
5190 8544
5740 8811
5815 7531
4914 7530
7983 8648
4209 6660
6014 7447
4743 4772
7279 9841
447 9037
9559 9909
1481 4804
6974 8877
6364 7606
7 9128
8060 8132
922 4564
6064 9882
2982 3972
8795 9528
3056 4299
8773 9478
9692 9758
1332 9372
8826 9699
8629 9178
3742 5838
5926 7251
3338 7982
7505 8363
4999 7358
2032 9118
3868 7763
1276 6408
8825 9892
8093 9866
467 888
2938 4169
5332 7301
2139 3729
3918 3994
3202 8482
8487 9398
6024 6639
5861 8919
3082 8566
2548 8662
8318 9785
5058 8781
9291 9961
248 9486
5636 9846
3175 5452
7307 7478
1642 9948
9813 9985
2355 6480
5425 8412
3281 5712
5199 6588
4906 9984
7241 8053
8194 9499
5198 9038
5793 9709
5817 7854
811
5744 356
175 56
9248 8077
9392 2770
434 168
8695 3235
1471 488
6717 410
9497 4504
7262 2827
8266 3964
1164 1068
4198 2234
3050 2606
3708 1023
6097 2552
2047 767
9799 9103
1331 612
7430 2181
3418 1917
269 97
8402 182
5760 539
3471 2374
6843 5403
6575 5280
5001 807
2042 432
4910 1756
20 1
9244 5657
4190 1700
5307 4494
5446 2885
7036 898
2464 764
3112 945
9670 7593
2991 803
3272 993
9930 8928
7046 6373
5512 5120
4354 3752
2123 1494
5398 5009
8396 5871
3028 36
2722 1667
1597 1005
5791 5514
5246 4721
7657 4934
6216 3493
6088 4248
2937 1132
514 226
9384 8327
712 556
5583 117
311 224
693 88
2093 1625
5588 983
647 173
3834 3136
6488 3433
1020 583
1867 172
5757 3254
1173 1065
8870 4868
4106 3391
7381 4657
8818 8072
3790 1049
7821 603
3517 659
1651 1067
9770 7725
7092 6248
6513 6245
3723 2423
292 167
6664 3936
2801 124
5545 3441
710 197
7521 2987
4245 1306
3448 1339
3237 2304
7959 5151
4849 3956
4785 3447
1277 528
7102 4866
854 84
4214 442
705 37
1994 638
2160 1593
7254 4015
3988 2680
3513 1359
3500 3436
3485 3386
7167 6119
9212 4351
7948 86
9158 9154
9190 4500
9803 8332
729 157
5254 2146
2481 1257
7310 800
4663 1604
8713 2726
7882 7022
2805 1147
5928 213
4929 2166
5467 4355
3827 276
1269 648
3249 1654
4550 78
4042 1884
5229 4787
6683 1789
8120 2078
3252 156
7911 6734
567 482
2578 374
9056 4760
6707 51
8005 3962
6847 3617
720 122
1929 1043
735 330
2915 1102
2984 321
5473 2035
3765 3297
9 4
3052 1515
1563 1170
6237 6022
3210 262
6392 5876
9119 4511
3053 2240
3219 1717
3103 1506
7943 155
4956 4629
7814 558
5664 1185
8807 1247
2703 739
8179 3033
7287 3078
4110 1824
5654 4291
1982 1561
234 161
3095 1918
3536 3523
3594 1459
4442 4262
4545 2203
5312 1806
1687 848
1002 550
4658 460
4573 2179
7879 5035
2809 1480
6379 1313
7747 6772
486 421
1155 629
7578 2796
9317 8419
6393 2112
7476 1182
9043 5089
1749 619
7917 4220
5128 4554
3605 3126
6617 5071
6431 6368
6662 2229
2241 651
7699 340
3856 2560
9537 3116
1688 134
6353 2922
1405 153
4974 3011
2735 250
6282 893
9275 5727
7906 639
1609 1112
8559 1274
3353 2615
4526 1323
724 512
1852 1335
9561 6045
2324 1840
9844 979
9541 2911
9981 3473
5987 1906
5334 360
5325 2021
3240 2824
1461 895
8201 3911
1336 943
3025 1055
792 593
5268 1785
3246 2614
2133 476
6190 5877
6862 6021
2860 1946
5819 2759
461 32
5914 973
765 17
8656 6884
6054 222
1857 515
6457 5543
7436 2511
93 8
63 22
3974 2108
1955 195
2182 579
7594 328
6260 1558
8456 2454
3331 1767
8590 7044
5965 1486
4348 2540
4903 4131
1262 936
6749 2119
7853 4836
7807 6903
1463 1251
6955 3362
9185 2638
6836 4003
1794 1768
9595 577
6614 3825
4935 4703
8945 1510
2741 2585
1409 76
4286 1215
8943 2380
6915 4865
7609 2319
8238 2510
4632 4377
6272 5810
5322 2132
8112 4412
9273 7969
5317 1458
4075 3260
8096 4645
7618 548
7124 1738
9240 960
7179 6439
73 35
689 354
4024 660
8987 4534
6077 5235
8232 4334
4900 3645
8319 1894
5721 828
3760 949
2253 1063
7370 1052
5858 890
2102 2052
7115 6817
526 391
560 43
1011 680
7149 6209
2525 1930
316 214
3667 907
1438 827
9297 1180
2706 2149
3128 840
3900 1022
2313 1354
7964 7376
3076 2539
9916 8136
3380 2799
6833 4652
7575 25
2751 830
9496 6130
8123 1805
3414 3105
6144 5115
6557 2913
7268 4472
319 114
8913 5049
7902 1601
4218 881
2379 1441
3734 2652
4470 2255
4465 1403
8964 2107
7032 1711
7029 3176
8243 2575
174 66
7317 1414
9081 8338
2381 2187
5371 2283
2791 1098
1309 1141
8985 731
9959 2251
58 12
7057 1366
7131 6076
4985 1190
8654 6936
1095 1078
3885 2971
1992 1456
6402 4099
307 158
2927 1589
1488 219
7058 4781
8679 2504
9823 3245
6235 3671
9542 305
3876 2048
8154 94
969 766
1133 553
2815 2772
9705 9513
4520 812
2600 2064
268 265
787 568
98 70
5281 2774
7809 702
7793 952
7156 605
39 5
492 125
7261 5460
531 215
6350 2934
9442 3349
8986 3027
7072 6601
6070 5527
457 21
8836 4250
9814 4229
4020 1318
4570 3539
3005 2248
3415 1813
388 278
9733 6752
8119 665
5794 5459
8707 6352
3711 6
9643 5027
7703 4434
6212 423
1062 789
2150 855
92 80
5013 4031
2990 2721
4176 1535
3029 2763
2077 1645
5411 1926
5616 2760
3280 335
5477 3845
4730 1751
5186 2869
990 160
4856 2681
6357 5423
2201 127
5983 3552
5373 3696
3463 844
7379 1460
2331 1815
6184 5345
9471 1662
9319 4561
7691 6041
8657 2020
1097 860
7166 345
9024 6568
3566 3549
227 40
4420 842
1487 337
4874 4253
4210 953
524 508
1945 1523
8272 5551
8914 5830
1163 549
7582 7312
7275 5906
9978 6430
6131 1883
9655 8496
4265 2088
3715 1791
3565 1699
1320 59
2701 2621
8392 7957
8613 5839
6138 1537
4149 1159
2931 1860
3957 166
6383 145
6102 3344
9141 3806
9035 872
4141 923
3705 3256
4140 1879
5500 679
5316 419
229 109
3358 377
6508 4699
546 540
740 443
5739 3938
2534 798
2457 2375
6278 2148
5397 5053
773 199
4109 3650
3761 2215
9833 2307
5469 3267
8526 5276
6342 2908
7707 2428
7069 4602
4281 704
2838 413
7218 3046
2068 393
2303 878
3453 2
6028 1446
5880 3570
2832 883
636 518
6498 3743
3274 1661
7632 7164
3322 2678
5078 4698
7213 5758
9929 5755
4089 2188
5644 2115
6646 2862
4642 441
2124 971
5504 1330
2228 2049
344 334
6467 3320
7884 6527
8573 2976
5419 1613
5125 3206
257 77
8068 5224
1835 801
6449 3851
5003 1464
7094 6983
1191 61
4478 1025
5139 4617
9331 3321
7728 7373
7482 6906
9884 4963
4567 3430
8786 1127
1399 582
30 11
2453 1193
9009 8433
6020 3633
7535 6892
6103 756
4285 2079
106 34
1755 1631
2553 485
8922 2723
5745 1799
5294 1856
1968 1122
1825 1232
6298 4700
4960 3373
2105 894
3676 1569
7282 2410
9938 7860
8784 1054
4329 2451
7243 4183
9013 2673
4352 4312
6168 743
4394 3301
7013 4680
2405 2008
186 46
6319 2495
9282 5792
3292 1396
4557 3818
280 260
9124 4569
1706 394
4439 4127
286 16
4951 2629
8219 2616
9419 2586
8211 4187
5156 3509
1224 366
1088 148
996 439
1639 209
2563 924
5710 3407
5566 3145
3090 1726
2852 1470
1838 1565
972 657
6049 4004
5901 64
5816 2280
6973 1691
4525 3958
1734 563
8960 7499
322 55
3117 1634
5196 4432
963 809
7123 6213
9443 8616
3887 566
4572 1057
7147 5064
774 695
414 165
1092 375
181 99
9687 4101
4803 29
4915 1893
9366 2005
9149 7587
3150 1381
3978 3808
3425 875
2337 380
9704 811
6113 3967
169 105
1229 142
6922 5108
6199 867
7257 7246
1705 1285
7697 7066
1696 1448
984 445
5835 5081
5953 2936
1552 1120
5649 438
7326 3767
8492 312
6731 2843
8033 6006
2359 503
140 96
510 496
1572 1145
7170 6874
4156 147
8677 6951
690 363
6732 2154
2747 1616
9283 273
3701 3468
2692 608
7443 4122
3459 2013
9354 9220
2800 2002
9997 565
3771 2917
3018 738
236 13
9221 5889
8769 8423
7973 7016
6671 2675
8528 4373
3658 2877
5668 5038
9811 6464
135 15
5116 2211
9913 6046
9476 4380
5990 3129
6569 6340
4905 1027
9869 6172
9314 1490
5610 5104
8600 6250
7984 3604
1528 779
60 54
9470 4207
4821 425
6308 5637
4583 4168
3250 2879
2639 2200
1598 1392
4562 1800
5172 2520
570 38
235 27
7416 4368
5800 5696
4887 2339
3006 2019
6317 2090
3801 1507
6675 755
5247 2558
4240 1960
5376 369
1194 53
436 379
8387 6062
4104 2493
1632 1474
3572 2208
3164 1571
6258 2644
905 599
4333 1944
5762 912
2845 1776
6952 1298
8801 6436
7417 4715
8940 2904
852 691
3907 597
9449 4975
3906 1647
4208 1261
2771 2521
6347 6169
4325 2571
4688 3489
6897 6121
9990 986
1887 1666
8587 8451
9781 2092
6970 4795
824 198
8169 4244
8470 4145
4738 3371
8499 1225
9906 4211
1286 24
8984 5193
3874 2365
1337 362
177 31
1074 211
6179 6015
5677 3443
7509 784
8856 6027
1863 686
4489 2175
6035 2565
2466 621
4136 714
8579 7586
5146 3275
9364 2318
8016 4581
3143 2579
8933 5031
8322 2249
6259 5897
5189 1641
7042 2369
4384 1344
4870 879
3629 2795
9979 9549
5289 4893
9222 4634
1859 1287
2147 1302
3636 2490
143 72
8518 5731
6908 4179
8339 7504
5230 5158
4417 613
8292 7100
8094 6680
4671 398
200 52
9241 3102
6676 5607
5863 607
2641 576
3094 1683
1865 349
8184 7635
3152 3125
2717 2399
8660 6819
2765 1168
7693 4055
6870 5869
9808 5162
2962 2419
6496 6462
7732 2503
8208 4521
8733 5734
9957 3312
6050 2136
