505
3480 5517
2672 5961
267 8147
4564 7534
5673 6936
8729 9298
2797 9699
8072 9507
2319 5235
106 6062
2041 2757
6653 7483
4255 5988
5868 7814
1142 7789
4140 7386
8021 8167
5299 9452
65 5401
968 8133
2002 3220
8732 8783
8468 8713
2663 7493
4725 9856
388 4355
9574 9627
6502 8161
8088 9417
8691 9633
5687 9085
8866 9971
9012 9756
4846 8358
2453 4233
1617 8175
5224 5382
6702 7162
2470 4963
8235 9896
3796 4779
8575 9210
5122 8799
867 9772
7574 9600
5705 8545
1157 5720
1689 3451
6126 9952
1164 1595
6946 7104
2884 8062
780 5771
8355 9097
3925 4218
986 7388
6245 8529
2277 9394
8614 9879
9075 9288
6618 8093
6985 7591
2242 5964
8440 9961
5414 6795
6978 8168
8320 8969
5095 9702
8087 9953
929 1509
2587 9006
9736 9944
3975 4892
1656 7260
4629 4726
2800 4927
186 2602
2673 8870
650 9153
9950 9983
8735 9738
7672 8150
3107 4649
3653 3868
9801 9851
4050 8366
5680 8601
5580 5588
7699 9139
1587 3459
6839 9940
8199 9305
5249 5274
2635 6617
1322 3810
6156 8771
9428 9480
8990 9327
5160 8327
9501 9713
2839 3207
3137 3901
9516 9569
9242 9609
9963 9973
310 3050
6158 9841
1297 8442
7647 9748
5877 8749
4613 8941
8007 9522
7474 7841
6849 8871
5107 7784
3284 7007
8517 8544
3047 3375
4906 6789
3605 3634
8149 9033
2831 8565
9455 9635
8772 9127
3117 6835
1858 9317
4222 5712
2331 3039
6331 9513
1629 7242
4930 9747
9427 9970
1729 5995
3584 5571
1379 1404
9863 9887
3181 8733
6938 7368
3576 5739
9930 9932
951 7105
2413 5338
8530 8748
9704 9923
8251 9393
4054 8731
1911 7318
8699 9504
4016 5129
9395 9783
2808 4822
1075 5570
4022 7800
4931 9101
5765 9147
8564 9150
1636 3300
5375 6551
7392 9912
1644 7022
2016 5071
3176 8101
7432 8364
4029 5420
856 3858
3830 9175
8209 8793
5264 5441
1945 6278
8574 9013
952 4558
9074 9381
3224 5349
2729 9506
7862 8521
4411 6771
7090 8970
9765 9773
8905 9234
6674 9207
5415 8559
9340 9695
1957 9318
8347 8862
1619 8593
5451 5630
8720 8795
5664 9202
8019 9755
6716 7014
4447 6780
1918 7602
9411 9437
33 9531
4683 9834
6887 8051
5895 9942
7585 7990
7669 7911
7515 8576
8993 9092
5682 6484
6050 7888
9696 9899
7633 8937
3827 8481
1879 6801
6164 7827
3567 4842
4680 7565
3205 9905
981 6039
8754 8824
6115 7967
7406 9703
7709 8006
4416 8284
5750 6891
6183 8584
817 5385
6136 6928
2914 3507
14 2652
7097 7753
4165 7812
3930 4285
5078 6157
51 6537
172 3302
6962 9499
1769 9352
297 9761
6128 8331
9264 9722
7059 8334
2385 4431
8359 9969
6041 8477
1650 8478
4926 7614
2465 9252
8967 9359
2031 3133
9331 9534
6713 9815
3150 6947
7343 7567
4444 7769
8925 9776
2252 8818
9845 9892
9587 9611
4729 6372
7344 7867
1080 7667
6350 7247
6118 7408
2494 3847
4980 7992
2629 2681
2519 3918
9248 9711
4027 6956
3664 6657
3994 4554
5738 5938
8661 9460
6754 6953
7587 9672
7478 7513
6712 8229
2317 6265
2647 4188
9918 9991
6026 9231
9706 9914
4890 9795
5219 6868
9112 9933
5017 5473
9767 9920
5209 8706
675 2736
9717 9844
2919 5130
1100 4087
2287 4643
5886 8926
3464 5322
4572 8206
3204 6218
8430 9774
652 3290
5390 7895
1226 2585
6862 7010
3873 4619
3356 3411
4712 7058
4671 8857
1078 7742
4171 8009
1000 6825
1061 6591
8290 8631
911 1193
2056 9319
8842 9729
9895 9907
5198 9561
411 2466
2906 3878
9990 9992
6138 6623
6531 7020
9764 9830
4561 6597
3014 9718
7487 9081
3524 6768
7061 9546
9975 9998
8890 9599
8200 8603
2120 7480
9626 9846
7109 7786
696 2604
1058 1184
9134 9339
7933 8843
7955 8084
1929 7119
8294 9355
201 7114
8598 8610
1163 1395
1757 7780
2184 2894
9123 9641
7713 7877
3037 7220
8683 9057
9142 9176
7905 9105
7878 8509
7605 8039
5411 6631
5460 9046
5410 9568
2992 9601
989 9132
8819 9492
4817 8911
6847 9447
2264 4999
2775 6354
2310 5944
8356 9302
7560 8784
3239 3522
9573 9752
7450 9293
9987 9989
8135 8303
639 4232
4812 7185
7249 9156
8719 9551
1257 7662
2565 5255
6750 8241
5253 8054
9030 9843
5546 5665
5483 6248
9567 9745
379 6362
826 7044
3508 7850
2034 9517
3573 8059
4215 4974
5384 8696
1085 8725
8758 9267
5524 8159
7139 8898
2215 7634
1990 8980
7284 8641
5300 5393
2558 7597
2485 6358
2343 3547
6368 7942
874 9170
1824 5371
84 3053
4588 7261
1027 4708
7 1449
9370 9979
4944 5928
7443 9788
7767 9069
7484 8851
521 1697
7431 8635
8023 8351
1917 5645
9376 9540
2447 7525
2939 9191
9666 9831
3470 4748
9154 9520
8350 8741
4295 6594
6704 7520
3770 4408
1681 9445
4360 8361
4459 9488
4570 5013
4540 7692
3532 8122
7064 9169
6119 7407
3155 4638
6725 9945
6060 8496
6344 9543
2455 2944
6520 6553
837 3747
6284 7401
6275 9528
6717 9399
4229 8282
6102 9178
735 1494
115 2337
2595 3565
5957 9789
8297 9710
528 1802
349 773
2547 6842
5538 6067
753 4646
3424 4010
7225 8600
8856 8957
4580 5952
1276 7690
1707 2307
534 4970
6919 7952
4434 5627
9128 9458
2963 3860
4491 8931
1246 7908
9422 9678
7932 9257
1298 5354
6327 7941
4210 9181
898 1359
2098 5132
4127 8847
2869 8989
2254 5364
2066 6226
3168 8335
4033 6637
3614 3815
4205 5461
8318 8611
1374 7912
8259 8485
9195 9272
8083 9450
2055 4332
1131 8414
1172 6008
6777 6920
582 1101
4186 5115
8236 9023
4858 9040
1754 5759
8338 9220
8498 9525
4248 5997
9351 9586
3852 9188
8742 8832
4338 9648
800 9158
8556 8710
7668 9634
8186 8475
9171 9622
87
9559 2656
7641 1840
7421 6209
1730 8
2078 1014
5124 2059
351 338
4032 2289
1147 585
5616 5514
7770 3671
781 705
9780 1717
9246 4046
5374 290
2187 1823
8134 5425
3690 3113
9630 7317
4809 138
1341 281
865 257
6810 6359
8811 8513
2861 1458
1399 1211
7272 757
2333 1618
3583 321
4155 157
6672 863
1979 698
3696 1476
4329 3358
5735 5656
1423 1125
9974 3041
2203 2116
1969 454
8261 3079
4289 2954
3867 236
7457 3753
7575 3381
8396 1366
6757 2966
4414 4060
1022 264
5094 5081
9742 4039
1960 403
9743 9387
4738 946
9055 2956
2406 1300
7798 7415
6155 1557
7963 5805
509 214
83 10
5663 984
2531 1044
1304 825
3864 1672
1763 853
1210 396
644 442
702 148
2330 1534
6398 5422
5321 4886
958 854
3685 1538
7031 5128
2092 270
7791 1200
4932 1461
5845 4273
9163 629
9003 2748
8805 5818
3120 271
2706 109
5913 4739
917 245
343 206
2311 1967
