143
5221 8947
7454 9241
2164 4159
8537 9307
2839 9761
2635 7372
6261 7762
8383 9162
5282 6016
9256 9347
3766 4282
7490 9103
2153 2455
5815 6880
2744 4095
4526 9011
7679 9749
5845 7318
8503 9927
32 7775
9910 9981
9497 9521
9126 9672
1474 3116
3255 6339
6302 6361
1237 7752
7187 8206
3903 5900
368 1022
1814 8994
358 9325
338 3539
8338 9257
5705 7947
6404 7565
2746 9658
5904 7397
476 9807
2326 6453
5810 6861
8268 8518
522 8971
2347 5330
4128 9925
9430 9513
5457 7421
1326 2777
8226 8478
327 3443
4701 5039
6866 7250
8693 8726
3556 9938
5352 5683
1284 4577
634 6729
115 7739
968 8144
4897 6794
3263 7877
8285 9797
6966 7659
2879 9633
7195 7221
4845 7948
2609 5872
3522 9852
336 5003
2319 6990
6318 9216
1282 7969
9917 9929
2972 9361
5907 7340
391 8460
7980 9182
2562 6628
8942 9999
7615 8565
711 6241
6255 8786
2801 4847
3118 4989
339 7650
1184 8184
1114 6505
9158 9336
1465 1907
8461 9611
8856 8885
7179 7294
7496 7743
6999 8912
8256 8423
6502 8552
4754 9579
7639 7677
3412 5230
560 3830
8871 9019
5482 7025
1843 5864
3520 4761
7927 8561
8751 9661
1144 5822
4186 7177
1412 4358
8964 9058
5234 7501
8903 9643
4151 8920
9203 9417
794 9033
9440 9919
9140 9512
5469 6238
9503 9854
1368 8584
4808 5842
7091 9916
4755 5702
6067 7539
3235 3972
451 5826
5237 8255
4690 4814
1376 4102
830 4132
543 3303
8703 9933
6137 8091
3683 7172
93 2362
4494 4693
9801 9812
2027 4649
5729 9487
5085 5248
3752 5021
4452 5550
6353 7676
300
7634 7336
1213 283
2665 142
4341 3122
4453 1247
576 546
27 22
2325 2262
6197 388
8311 2602
4418 411
4219 3791
8778 3760
4401 1034
1948 581
285 280
246 114
2957 2701
3115 2468
23 18
2902 1316
3730 3526
5528 4333
8883 6787
7368 1672
3727 3473
5688 5135
9693 6089
9025 8009
4612 2709
7999 2410
9934 6202
5838 393
9090 6899
2013 55
8790 7062
8414 611
1350 985
2544 291
9297 8480
3938 1041
9130 9048
9294 1670
5278 548
5338 3995
8154 3238
8505 5358
7808 5269
1497 200
5370 1018
7929 1380
8844 2188
6821 193
2943 2737
3629 567
3321 2061
9537 1345
2263 1808
9932 8784
1937 1796
2392 489
7680 173
9093 7850
6876 1450
6329 2419
232 125
5763 4488
4168 3587
9848 7040
4826 108
2702 2553
8346 5027
5811 2590
5121 380
8516 3036
4507 2393
16 3
7928 4614
7099 243
9529 488
7045 34
7070 1168
8364 5566
5654 1170
733 48
4893 3577
2865 2237
1300 623
4715 2515
3962 2727
190 126
4227 1595
2996 918
6483 941
4412 2384
9472 4802
3590 434
9250 5585
9165 1882
6731 6010
5114 986
3608 1544
5229 5200
2457 1975
1872 1640
748 646
2901 1115
7229 2550
1781 430
2380 10
62 52
7 4
3307 3165
1299 197
7963 4026
5558 3330
6991 2175
9277 5824
372 35
703 410
9243 6784
4082 231
3939 2353
4240 2067
3854 439
3673 1388
4871 1206
3301 14
1961 570
831 364
9793 6192
2030 1987
350 132
8290 691
6740 1611
4217 1769
2588 1503
2221 258
8588 1471
8071 5919
9071 4973
9826 8377
7426 4636
6978 68
9335 8528
3065 1491
6872 1432
6956 1625
4517 579
160 44
3866 215
9329 382
7420 5922
8231 5840
5853 5035
8800 3214
9480 5913
2293 1291
9866 7323
458 15
763 633
8291 198
5538 3966
5050 4252
1547 812
49 6
8147 1585
5220 2789
6742 1902
8564 3943
4402 947
4492 1341
5715 5420
9341 370
2129 441
5298 3674
8632 5848
8712 168
4372 4081
9236 3417
5479 4721
7669 7611
9711 4686
3620 3261
3834 152
4653 2345
783 463
5641 3940
5070 3574
4285 1813
2322 356
1634 1253
7555 2284
6985 1715
4537 3407
8671 6487
2976 1033
398 228
8030 2077
2531 2502
8996 5806
3723 1482
8896 4691
8798 379
5109 1820
7621 3305
8128 1146
8257 6931
9969 5132
6937 753
4860 1182
6651 6069
3961 3747
3502 2924
1017 814
4202 3799
9734 9269
2310 1839
5512 4193
4622 1166
7500 5524
7198 1442
824 260
7841 7010
3243 3209
60 21
6805 5722
1518 1511
412 172
4634 3069
736 211
4490 966
2680 2445
8764 5752
4117 784
5325 3757
9662 8167
5972 605
2334 828
9109 8192
9296 6063
8815 2881
1696 709
9863 1905
9900 5323
8390 3061
5651 3406
8789 7412
4780 2243
6813 5062
2222 1199
8893 6625
2453 31
7434 4449
7642 63
5057 744
8374 6172
532 419
3788 3518
4204 2409
4338 4267
2495 257
642 309
4629 3879
8307 6384
8913 4584
3831 3202
2371 1716
7170 4993
8575 6828
6324 1752
8782 8581
6366 1176
7301 2451
791 705
310 292
3537 318
1758 141
4617 2138
7338 7165
4093 1178
1113 550
4924 643
6507 3989
574 278
7339 5787
3640 1183
6762 286
3527 880
87 42
4513 3310
1844 688
7714 5225
9180 1815
6003 701
5189 4408
8579 1610
9928 5859
6176 2966
1780 1538
