660
3791 9675
1751 2232
8993 9523
6114 6841
4957 8207
5879 6100
2735 9734
5819 9630
2775 4439
5052 7957
1898 3864
3437 5745
9677 9816
8006 8989
8975 9646
1966 4198
1809 7459
177 5664
2016 4733
9162 9666
6441 8030
2346 4768
9583 9763
5244 6861
7457 9354
4171 4862
2934 7937
8406 9754
1314 2204
98 4490
509 8957
9100 9702
9234 9806
3286 3314
3761 8746
8143 8482
6316 7758
257 7665
5188 7826
6717 8608
1213 9987
3022 6387
7972 8722
6921 7760
6633 7075
7627 8717
9417 9654
4199 4959
2965 9525
6701 8462
1415 2013
9430 9705
7952 8874
609 4971
8447 8649
6732 9098
3644 6573
9154 9320
1551 5114
7390 8991
2231 7294
6053 8735
2265 6795
8446 9255
3419 4581
7096 8701
3078 4465
7610 8931
6219 6286
6424 7251
5966 8252
2644 6530
6552 9768
3148 7797
1029 5409
1487 1766
2565 9796
8222 9531
7600 8793
5155 6980
7902 9935
4022 8758
215 4889
9102 9550
7988 9903
1273 6164
3174 8194
7230 8417
1851 5120
4940 7516
4404 7128
161 5561
9989 9992
4424 5058
5260 8168
7493 8351
3189 5779
5580 7848
106 5665
5934 9916
6737 8531
863 2348
5838 7402
2006 3389
1222 5823
2325 5393
4257 5067
6269 6791
4029 8512
5328 7711
2123 4210
4141 8306
7238 8096
5910 6524
4901 5806
1402 7900
4880 8177
2139 4480
7302 7403
2173 4806
5017 7110
6811 7588
4473 5141
4475 9028
8218 8257
3155 6484
1770 9443
4594 6240
2184 8872
4611 6772
1561 9009
7867 7891
7901 8668
2818 6275
7207 7220
7018 8228
2643 6833
5535 5992
2990 3671
965 5387
5717 7232
9003 9085
2944 4491
1072 2234
5750 6637
9603 9725
7341 7944
2292 6261
8146 8761
314 9023
7344 8468
3468 3931
140 995
3811 5116
2523 7044
2615 5681
6432 9577
7881 9915
5265 5504
6558 9289
2314 8050
6220 7259
625 2697
5185 9446
7103 7210
6015 7460
2766 5414
5009 6705
6502 8860
8769 9381
1971 9752
2767 3948
7824 9672
829 3528
7154 7330
9360 9838
1346 9912
4238 7157
4560 7997
9257 9336
8428 8621
727 9260
3853 8809
3700 4836
9419 9833
1430 5175
9614 9648
7133 8285
5147 5690
9733 9790
9713 9920
1281 7576
2473 9656
7211 8290
838 4285
7326 8451
6264 8260
5134 5404
1145 8895
4513 7473
8289 9300
5766 8632
3851 5296
6758 8690
7726 8664
7838 8540
6653 9679
8835 9561
2906 8494
2600 5955
7047 9832
2177 2861
4422 7310
947 8361
6981 7929
1978 2714
32 6198
1323 2842
7418 8823
9474 9986
5950 9569
1830 2404
2848 8742
2298 2544
2366 6776
1075 9228
2143 8003
9736 9745
9825 9996
204 6591
6127 6443
5852 6569
9372 9755
565 7382
1193 4545
3291 9735
186 3464
65 2244
4800 9040
8390 9401
4617 5634
3560 4883
258 8269
9078 9504
6670 9740
1146 2506
7567 8348
8856 9547
8498 9486
6826 8426
6449 6497
2137 2369
7619 8184
7183 7265
4212 9497
5909 8644
1514 7147
3725 6586
1056 4205
6245 6662
5254 7787
9449 9793
4602 7982
8688 9555
6730 9726
8099 9549
2386 9680
433 3006
868 1772
4021 7249
8789 9829
1764 2584
4069 9647
2035 3906
6893 7393
8211 9019
3592 8587
2272 6378
116 6950
4207 6238
1671 6605
4076 5288
6122 7053
6616 7965
6056 9044
7476 9216
9616 9867
1880 3310
521 6446
5029 5243
3884 4931
5355 6395
3479 8121
3985 4675
3653 8256
6289 7756
8435 8996
2494 5300
1336 6748
1373 3373
1386 9652
5674 7313
8396 9564
1777 2825
2309 5743
9277 9644
2054 9317
757 4753
4131 8575
6582 8154
8039 8216
949 9715
4841 5305
9686 9737
2268 8661
3834 7079
4426 9815
4098 9843
2320 4621
1646 9209
9157 9852
3427 6551
1113 9031
5935 6774
4302 7299
4116 9882
2569 7085
3676 7180
4134 8329
7685 8012
7196 7323
8817 9660
9690 9968
734 5656
5953 6808
1018 8821
8212 9918
7098 8407
5716 9678
7377 9061
9984 9998
8986 9788
6242 6831
4108 8219
9110 9699
9685 9975
7890 8681
9926 9946
7105 8230
8248 9348
6487 8284
4189 6792
710 6199
1735 8898
7193 7425
5769 8868
1271 8283
9791 9859
7980 9252
7042 9231
6455 9554
4291 4985
8734 9021
729 1057
3925 8040
8119 9254
7763 8938
5753 7515
6749 9313
1925 9501
9199 9716
30 4846
6880 7773
4245 7704
5320 7469
476 6458
7916 9949
1636 2788
3888 8677
3958 6541
4263 6326
3969 7946
8962 9047
6630 8558
4571 6407
5673 9942
721 1199
1067 1172
4981 6824
1257 4314
2970 7189
4183 7739
8025 8287
4132 4791
3966 7474
7532 9250
1666 4943
8674 9969
9571 9717
7353 8127
3025 4367
9521 9532
4145 6262
308 1197
1167 7017
549 7224
9588 9750
7536 8265
4760 6311
4109 9479
5688 8298
8932 9663
8253 9292
7740 9452
6058 6804
9152 9964
8385 9414
4078 8084
8505 9456
8380 9418
5079 8725
285 3128
8911 9473
8041 8467
1350 5280
2528 4363
4951 6991
448 7816
9872 9957
1892 8304
1807 6901
1407 6158
5848 8808
4871 6773
5272 5937
847 7835
1421 5929
7112 7444
2179 7571
5547 6234
5096 8414
4655 8226
9483 9770
3130 9923
2042 4330
8528 9997
5931 8816
8419 9282
5043 5200
8726 9703
1674 3762
801 6341
2100 3879
4079 8536
2027 2691
3876 6093
2429 4964
8923 9158
6346 8343
2972 2991
2956 6412
4452 6099
3435 7925
5130 6514
2405 7120
537 1792
3736 7236
4308 6644
2227 9246
6599 7832
5672 6267
2812 8538
4221 7158
5038 5474
7106 8614
4820 6951
1623 7015
4193 6929
7979 9985
5259 8264
6214 9412
3177 9730
8313 8574
2545 3302
2048 6739
9738 9925
9707 9803
8855 9498
304 487
7655 8319
8281 8378
9310 9724
4993 6111
7314 7632
7312 8867
3578 3825
9967 9980
4812 5536
119 5626
950 2769
3224 7081
1046 3600
1692 8331
3416 7432
4686 9653
9971 9983
8167 8933
1247 4952
957 3990
6602 7744
1187 3473
5638 8225
1122 5314
8282 8875
6417 8424
232 9435
5979 9054
5735 7899
5215 6466
7365 8693
9830 9883
4706 6494
8647 9963
5406 8449
6383 6882
3101 8593
8137 9506
1428 5136
10 2470
9121 9609
8554 9789
8573 8710
1418 7005
8886 9251
5192 6610
831 842
6726 7102
3896 4224
8102 9002
3114 6500
9878 9891
3379 4612
5290 9111
2317 3358
7277 9668
2072 4135
8180 9855
738 7542
5046 9188
3650 4988
1808 8042
5461 6295
7248 9527
7820 8943
1331 6212
636 4026
3195 9291
6365 9375
2662 6618
3231 5827
1904 9934
1567 3998
9958 9965
1467 4056
1308 8100
6337 7651
5551 6137
1927 2599
3992 8730
8941 9956
3425 9845
8883 9113
1648 6779
3246 9283
2186 6527
2305 5019
4948 9719
9227 9297
4910 8900
5427 6780
8873 8985
8628 9780
3558 3576
4830 9183
4607 9909
7885 9617
7598 9467
2898 5873
259 9437
2709 3500
8530 9632
2946 9335
714 5152
712 9127
9757 9785
1259 1334
9669 9682
9814 9819
6996 8570
612 926
2611 6627
1010 6642
365 7064
5459 9124
9475 9940
2879 7734
6359 9120
9598 9661
891 6293
2765 7389
5057 9938
8347 9033
3946 9041
4455 6764
2073 2625
1877 7306
6110 9326
1256 4502
718 1888
2069 9049
9147 9332
7228 8537
1587 1760
5898 8533
1105 3227
2226 7267
2807 9103
2392 5189
164 3064
7529 8946
2117 3886
2482 9947
9432 9876
6276 9960
4740 5133
678 2875
4634 6821
4494 4541
1126 5930
51 3808
7253 8518
7751 7766
8097 9343
6508 7472
3327 3521
9073 9395
2374 7574
4478 8890
3574 8612
3710 8563
3112 7257
4827 5470
226 5278
8784 8818
3726 4358
7317 8695
2126 8164
4719 7072
6067 8844
8684 8839
792
2907 294
2210 129
3255 2263
1316 405
6427 1823
9714 6729
5829 5146
8085 5006
1474 870
2217 195
1288 1169
3126 2557
6628 2673
7707 5540
5844 1225
8850 4203
4331 3941
8972 5308
5205 2614
5870 2967
8224 4215
3187 931
9821 7186
7489 4244
4600 460
635 374
6465 881
5822 4765
7930 4175
4774 2603
2613 2534
8902 5691
2674 115
6325 3378
6419 1516
8367 7049
4651 2146
8487 1397
8560 1236
1003 886
3110 865
7521 5480
5256 283
2878 2021
7541 5216
4974 3887
7945 6907
2829 141
8189 682
6146 3617
7051 3153
8069 96
5033 4379
1227 805
8567 5122
7307 1581
9477 7477
203 104
3026 955
360 67
5612 1258
5149 4593
296 37
7786 1556
5277 2591
2164 1104
9150 1470
2507 915
3843 233
7928 5859
3889 1576
4928 1329
1863 1188
756 586
5463 3012
4792 3190
5330 2862
6478 471
5059 1939
4808 700
5181 4587
8081 7721
5109 610
2704 951
9122 7652
2739 1286
1401 1396
8027 5593
665 627
545 367
8814 94
4282 1458
8359 7050
2201 996
5 4
287 131
8261 702
5154 1912
9181 5544
933 517
5008 3003
4647 1826
3585 2784
9204 5222
9779 1179
5352 2570
9574 7093
9466 7757
3142 1063
784 772
6200 6037
2336 1774
6246 4359
2951 851
8516 4369
8507 3041
2590 1817
2115 1948
560 347
493 169
5186 3374
1394 326
7736 3550
2579 305
5115 3264
4042 97
8751 2556
1137 162
8394 6392
9187 8716
9674 8564
5606 4919
8515 2783
2474 795
1107 1086
1983 1942
1653 346
4973 2469
5569 4151
9055 905
5550 3024
2116 340
3261 123
959 632
2329 136
2876 2340
8205 7218
5237 887
9795 2700
9148 7212
1066 171
4548 4360
339 201
3643 1873
3934 518
8452 3008
1452 1354
9627 3014
1099 218
7372 1533
4938 1027
2653 573
1434 1007
6622 3312
6713 1592
2266 1214
2925 566
1412 1155
2420 1339
2589 1644
5358 4102
2246 791
9871 4817
4160 895
7226 6652
7084 2159
1997 13
4616 1144
653 221
5441 4273
8229 1771
250 146
3316 3060
4744 3571
2038 2022
2785 2490
5004 292
9338 5709
9728 7934
3385 1410
343 16
3175 492
6554 3237
6784 1685
9688 7828
527 306
2354 811
2693 315
6475 6186
289 95
9827 7682
9427 8967
532 112
2267 1254
5187 1663
6520 2274
5225 36
9117 1687
7698 5390
8715 890
7566 1987
739 342
8049 512
2008 1387
6858 6282
5572 2847
1239 1211
3819 3781
5592 2181
7266 6338
7058 6707
412 46
8585 4882
8017 3507
4064 1248
3027 472
7509 5793
7909 438
8051 4834
1485 1337
3707 2832
7640 5467
2071 1954
4421 3002
7575 3785
8489 2774
3066 403
7639 4863
8697 1133
7462 2085
2344 499
2406 1763
4741 3069
3469 303
5532 4462
6149 3893
8645 7240
5430 2527
5473 3598
9645 1869
9337 4566
3838 183
9132 4146
3457 2025
8968 2889
9232 5338
8929 5543
1803 1530
5545 1946
8607 3079
808 2
803 773
118 31
7016 4356
2820 1812
4745 3444
628 462
3627 3349
3393 728
5176 1340
5483 3973
7451 809
5213 5197
8364 6957
1999 1532
9442 2294
9508 1894
5160 745
34 27
8807 269
5361 4091
467 350
7443 2727
3743 182
9595 1839
2332 722
5281 1519
332 191
7456 7134
1728 1524
1813 1617
5462 875
1231 615
7507 7088
539 504
5916 1454
9901 8613
9798 1849
7025 2019
4718 1284
8103 3988
6398 2966
6017 888
3139 1753
556 478
8924 4443
2379 680
7887 5492
436 227
9200 704
9407 1784
9193 2546
8131 1111
7362 1600
2694 1435
6499 1755
8132 3899
1022 272
9079 7533
6453 2339
3690 1345
3087 55
3171 2453
9374 2948
8960 7654
9560 2315
7132 2356
6989 1432
5103 964
9610 535
2457 1168
613 72
8724 1745
243 157
93 8
6997 2958
4893 2915
3454 2188
6646 2668
3306 1438
3220 1163
8291 2039
8490 446
9258 3124
3982 198
9764 3447
8974 7139
6927 6243
8576 6835
300 167
6230 602
6068 4394
1601 1229
6405 971
4737 1768
3619 2311
5343 2712
4562 4259
4508 384
5726 4275
2854 2801
5182 1559
3152 2667
1546 430
6029 5534
8262 3682
2091 482
5165 180
6129 877
6344 5306
8680 199
5624 230
9620 6526
3874 548
8853 5900
2736 2597
2799 1091
8307 4487
1783 1073
1972 1563
7565 3206
8843 7143
5949 148
1409 928
416 309
8286 4464
2200 2011
6241 2075
732 707
7208 4179
5475 1442
4839 1120
1725 355
1754 1395
1645 50
2004 1110
5063 869
8870 8568
4614 3118
3579 2323
570 359
8294 4704
1909 1114
9153 5589
1571 741
7114 5261
1403 711
954 599
1024 563
2080 216
325 126
4411 4156
78 64
7570 5761
4318 3959
4526 3433
6116 4354
2488 1051
6916 5051
3976 2284
4158 3756
1017 484
3611 906
6570 6442
2222 279
4918 3184
9761 6209
9553 5169
9203 6294
7004 277
8254 7325
4052 2887
6704 6488
3287 3074
9567 1494
6169 5860
1785 1178
2343 1515
1854 664
9075 4597
651 147
806 681
4663 3339
9649 4915
4111 3713
6724 2516
2142 2018
5392 2296
6988 916
5164 2871
9020 8630
3453 899
1471 740
3317 1184
4809 1829
3068 876
7616 585
8622 4579
4751 2900
7822 6332
322 143
3589 684
5214 1087
2596 1294
461 426
6071 4664
6731 1797
7231 3724
3499 1883
3697 2327
3088 2345
8236 849
3083 889
4024 1698
5640 3113
4406 3462
3149 577
1881 1420
1429 1157
9266 8543
7387 1034
2350 310
2896 2460
7634 451
5126 827
3502 2681
1101 790
3506 1649
9485 3849
8747 693
4304 2218
6190 2923
7623 2229
5657 3793
1769 725
8544 5310
9496 8386
6986 2538
5817 3257
7668 2608
1139 1005
1065 529
3176 2104
2890 1267
4870 2422
3376 2095
1631 970
2303 2195
3483 485
7963 6208
6801 5596
7970 7184
4666 2301
2624 1748
4496 3392
9839 7437
8159 5252
8461 2928
8079 694
2631 335
892 759
796 179
9107 6390
5904 4623
3057 459
6830 1629
9722 3526
3927 646
8232 2756
3445 708
5027 158
1012 667
6232 3548
9192 3481
7287 993
7865 4630
2145 137
3703 907
1834 1411
2909 2280
2370 323
8555 7094
5729 206
9708 3121
8356 6051
1069 244
9394 7798
832 41
1819 568
2161 814
8024 7650
9169 8882
5756 2793
1276 397
9744 661
5322 1118
8916 5432
7172 1482
8334 724
1715 1603
5001 1013
2059 192
7358 4398
9823 6043
5203 4143
2191 2147
5724 1864
1628 1488
4788 2962
3806 2959
6793 5652
6923 6645
5143 4343
3432 2138
3366 2462
6204 1959
1165 209
7068 2029
1269 626
2396 1059
769 19
105 29
5391 3407
320 52
5773 3804
1802 334
4516 4237
3953 1574
7671 5526
7660 5060
6828 5107
7270 6173
4584 3609
9480 2773
6351 4454
2472 2214
5032 3967
4081 286
6277 60
9022 7121
6967 2243
7214 5127
1847 1103
3235 2731
4504 3641
6363 3234
1696 316
8357 7126
3527 2454
5579 3628
9385 854
6047 1190
3535 1589
4629 1776
2335 1702
3222 1251
398 266
5810 3236
1379 1025
9966 4673
2762 2313
1521 514
1035 370
909 152
5465 2245
4754 3962
580 173
5167 3936
9196 3346
7613 3727
4178 1261
9766 3714
145 77
6124 190
1723 673
2908 1657
8937 4315
2432 2364
5102 1384
4300 1436
7304 644
7500 6070
474 371
4376 2524
9172 4002
3151 576
6654 3178
6366 6273
8045 7026
4352 862
2216 2205
3782 418
5230 1142
8170 4417
7502 4416
7194 3348
6984 6054
6979 4529
2999 274
9350 8057
8617 2984
7453 1048
3402 1756
1612 582
3546 1009
4556 1268
3570 2375
8196 6082
3739 1664
1216 49
720 75
6597 1981
3342 2840
9692 2141
5941 4204
9586 5514
4888 2270
3680 1060
6799 193
6066 1947
8483 1822
491 45
5179 3365
1360 1235
1439 522
1109 151
9822 4849
6009 1835
5493 1096
5525 4735
1274 633
7030 1058
6483 2935
6528 4106
6266 6168
3439 1083
2817 1416
4729 3215
4355 495
3375 2043
1913 1604
249 17
5742 4423
1852 689
2430 1363
5091 3956
1800 927
6178 1634
2206 1798
3533 752
8210 2678
5812 4535
9359 6836
3256 1531
7320 5329
5651 4045
8440 4742
2707 2288
4930 3360
8616 4749
5439 1655
4823 4093
8325 1596
7543 4715
540 185
2789 1841
1821 213
8363 7694
6650 6197
5302 2258
1741 47
7581 2180
7601 1499
9917 4266
7603 5590
4680 807
8675 4097
2299 1743
1152 178
2010 1929
6272 2401
3134 2312
936 544
4458 1900
8144 1704
8480 8297
6668 6148
7329 6887
6651 252
2753 1560
4004 2438
6003 1164
3115 2648
6221 1682
8877 4144
2522 2400
6517 591
3353 109
8028 1143
9953 1097
1579 1351
9170 188
7254 3734
2960 394
3091 2754
5396 4307
598 559
5299 2895
3842 2171
7528 3076
5282 1680
3567 479
6539 87
5811 716
1562 941
8779 7364
5911 2067
5315 3361
9159 1243
3052 1448
4241 1825
8020 3866
3654 3652
8529 3720
4217 2576
5737 5326
3216 2219
9071 7213
7821 1170
616 228
7201 3266
600 254
