439
8474 9474
8152 8156
4800 5740
3031 5346
5171 6742
1419 7204
9394 9776
3698 5840
3654 7547
7138 9254
9366 9413
8864 9270
4121 5042
1130 3286
6224 9260
8952 9180
4319 4889
4164 8454
4318 7979
3845 8601
8227 8468
8595 9280
8491 9212
290 5935
2694 5587
7065 7307
6898 9686
8651 9906
8394 9970
5779 6908
4034 9308
8276 8895
45 6866
7754 8211
6905 7943
1667 8337
8594 8979
3149 3918
7232 9373
3513 6949
492 6159
8479 9350
6006 7708
3872 4928
8713 9522
5759 7781
4664 5047
8808 9863
7198 9297
7345 8031
4042 4656
5251 9017
1880 2437
7601 9005
3936 9542
9441 9735
5130 7252
9244 9505
9471 9699
9477 9840
3276 6943
5713 8021
8922 9550
7464 8309
6201 8201
4183 6016
3401 6137
1382 5059
6869 9099
3876 4785
9335 9957
7220 7268
3267 9051
7169 9711
7834 8718
7984 8665
6541 6686
5760 6287
8275 9489
5838 8775
9219 9603
4573 6215
2765 9305
2633 8273
264 4971
1954 9460
9071 9562
4820 5440
8576 9932
8452 8854
9907 9937
9082 9375
5230 9940
5045 6706
4557 5798
8836 9062
2450 2893
4896 7981
8696 9161
4911 7573
8492 8502
5166 8453
1008 2341
4234 7188
7797 9128
481 1164
9027 9627
2105 5761
8121 8654
1574 7873
5556 6776
3601 7195
3360 6568
392 954
1843 5590
2249 5219
5836 9213
6782 8589
8113 9175
5382 7703
6910 8984
778 889
3134 5034
4204 8774
2487 4353
2475 7331
4565 6831
6587 8961
41 6632
8835 8945
4437 9369
4680 5977
6699 8360
7805 8220
9543 9786
7618 9069
2290 3766
6290 7881
3282 5930
8977 9815
4142 5182
2033 8671
3514 7472
8299 8759
1279 9991
1888 1903
4827 8745
8290 8995
6567 9326
9464 9888
2967 7635
4887 9403
6838 9281
6707 9438
4759 7363
3844 9496
9993 9998
5342 8732
4297 9253
5363 9626
1696 7811
3141 8891
5638 6261
8250 8389
1669 7741
2012 5768
2395 4590
5351 9461
2502 4839
5305 8666
482 7453
4221 4930
9659 9751
8278 9731
4321 9178
2361 6413
6192 8120
7279 9586
2997 3750
4094 8706
9506 9904
5446 7215
576 5302
6017 7906
6533 9553
3928 6837
6990 8546
4201 8878
5702 8475
9393 9673
9846 9867
9814 9958
8333 9576
6544 8602
1751 3463
3011 8161
7908 9613
7950 8901
5044 8540
2752 6200
2925 7341
6398 9560
7218 8224
7799 9290
8007 8483
2900 9943
3330 7301
6926 7280
3540 5957
1265 8401
9997 9999
7540 7569
9381 9514
1500 1862
1389 1666
7119 7902
6155 9653
3022 4216
6018 6584
3810 7709
7455 9510
4861 6014
5769 8622
7178 9433
653 2307
103 5273
4199 6348
5881 9854
6148 9983
5531 8213
6779 9521
6921 7134
3408 6550
8151 9478
7208 8796
2196 6225
9730 9861
8434 8528
3112 3536
6607 9274
1350 4755
4569 7158
6286 6473
4324 9927
3228 4028
3974 9125
4253 6971
5297 7999
2975 3029
5822 5842
329 3278
8966 9581
7924 8199
2566 4472
9622 9818
4146 8325
5424 5744
5857 6897
545 3555
8581 9837
1147 6241
7330 9234
80 5728
8258 9924
9298 9892
4023 5764
1600 5997
4091 9130
4758 8192
5918 7057
9316 9469
3584 4713
858 1038
5780 8089
8567 8750
8883 9990
6981 9451
1737 5737
7397 8699
841 5375
9053 9829
433 3691
3805 6575
111 3945
9661 9844
7575 8682
6853 9883
8524 9621
498 6591
1041 3902
7444 7951
1445 9226
2848 6168
96 4054
5413 8141
6227 6481
6182 9781
4356 7502
7467 9501
5117 8168
9186 9631
1640 8112
5945 7340
4229 6476
8863 9368
4044 6415
7597 8907
5641 7899
7259 7756
5358 6526
3840 9704
9758 9765
5322 5618
7706 8124
8788 9121
7371 7680
608 7978
3295 4934
384 4083
4061 5815
2096 3544
1933 8477
9193 9729
8647 9826
4709 9165
7495 8062
9558 9583
227 6807
4795 6955
170 6932
8726 9591
4986 8108
1976 8388
1911 9319
5470 8406
4589 6583
7679 9449
3251 7686
5077 8920
7883 8583
1418 7028
9282 9499
4055 7968
4070 6946
6219 8739
8247 9276
990 1161
9332 9654
3693 5558
1475 3708
9841 9865
2132 7470
2517 5461
5315 7743
5494 9041
3773 6791
1683 2799
6917 8347
6835 8332
5851 6825
796 4194
2247 3590
2404 4919
2420 9453
8818 9106
8908 9120
70 7855
6858 8714
8890 9632
9836 9893
3304 3646
2579 5218
2668 3710
1230 2842
8437 9429
8294 8633
7253 7767
4941 8324
9565 9835
3270 7912
2017 3661
7996 9652
7368 8142
5088 5586
9495 9845
6919 8766
2173 3687
9170 9639
628 944
5917 8076
639 2270
2072 3429
9745 9816
8052 9552
7010 9185
2068 6640
3749 4614
1577 2839
6912 7704
1567 9634
675 9407
5341 6734
8829 9036
8190 9211
9593 9953
849 7304
4302 5309
3921 3980
900 3368
2575 7089
7928 9874
4724 5186
403 1335
7574 8607
6612 9458
141 2056
2109 7824
1387 3355
6039 7358
541 4868
3828 4486
7090 8118
1702 9382
1258 9044
2646 4878
6519 8064
6041 9656
9890 9941
2822 4822
2248 3892
6525 7128
3924 9295
1273 4582
5807 7021
4440 9761
984 8710
7284 7889
4200 6669
2513 6571
370
1637 242
1377 1371
4387 3643
7113 2763
1424 223
7406 1644
3589 1145
4723 1766
3559 1473
68 33
8844 6255
6217 228
4671 2863
1236 1134
5651 615
2528 1576
1351 1163
8642 1688
7205 4630
9557 1728
9214 7861
5602 5392
4699 2193
788 731
4674 4099
9089 2337
1634 490
6703 4837
3696 2691
8358 1231
3238 1311
3865 1155
9304 5169
3283 853
3767 2638
3257 3168
1919 1846
2651 2170
9811 1073
1794 1243
9703 278
6842 5188
1173 737
1100 118
8444 272
3632 1557
9205 8825
5224 1087
8707 7509
759 36
7627 3783
5546 536
732 225
7733 7707
3006 547
7932 5860
8099 316
4859 775
4266 637
9018 179
1449 251
9526 2768
1321 349
7555 553
7474 3156
1631 1459
6384 2596
8136 2165
4189 4104
3988 2405
2775 677
7235 4081
6366 3790
6318 1470
1912 1224
2378 1807
673 428
6283 1990
5403 3044
7018 6619
2723 64
5979 4659
8693 6606
9847 4537
8882 1180
3470 1276
7982 6477
1939 1671
9824 3561
4903 4401
9529 9507
4915 3142
1609 558
9734 4997
3387 2722
6185 4127
295 113
4609 4489
7762 1255
7931 5696
3436 890
8999 8838
5481 1420
5484 1713
3063 2393
2428 2034
4566 2798
8515 5093
3221 1726
827 54
5482 771
7112 1887
4432 1328
7648 2471
7684 2627
4667 2894
5288 376
8588 1772
9337 1537
2738 353
5267 4777
3839 982
2183 1232
1708 1004
3449 3077
9697 3702
6679 6616
4552 1017
6752 4269
9582 4775
5229 4731
8193 7949
2370 1410
7115 1302
888 17
8535 6698
4237 2983
6615 2087
3226 241
6556 1604
6555 1685
8763 2010
7790 5743
8795 3256
8852 4835
9884 1003
9875 6998
2551 1025
3517 3004
7603 2358
8533 664
137 114
563 373
4631 1411
9976 2081
1767 643
1020 130
3012 1824
8386 646
9488 645
7724 489
304 237
5710 2519
7478 5633
3668 1956
2168 1852
4116 1811
8130 3721
6982 6657
8280 2584
2339 860
377 266
3394 1571
1437 599
9994 6209
3097 2879
2275 1521
1991 390
6829 6078
5869 318
7723 6457
6802 5679
7342 2776
6914 4771
7194 1774
8104 1627
9300 7230
172 169
7970 3447
1769 27
1797 175
4767 1068
239 176
5148 1895
1590 746
5571 3376
4421 3015
8202 1922
1573 97
4008 2847
1876 559
5133 3340
3252 2972
4518 1678
748 627
2355 2279
8762 1741
8971 6170
5425 4510
6242 4894
8668 8514
8874 8498
7980 6127
2681 555
4754 1281
7862 480
6862 3566
8839 8731
9224 6709
4238 337
5981 1428
1308 887
1226 122
9029 4309
1971 93
7339 5084
8267 4069
4485 2758
7975 7809
220 173
4461 3914
9930 8473
2795 920
5910 4867
9163 1325
5285 762
9168 5127
534 333
7538 2726
5277 865
3821 1961
842 647
4443 1715
1220 502
9619 6228
2895 1260
9322 6105
5877 4051
6609 42
5445 3642
3235 1280
8748 6892
1028 144
6800 904
6637 431
4301 452
2640 1526
1679 1480
1699 409
7081 4230
5234 3806
8799 4039
57 1
6113 236
2504 1416
629 466
1447 325
1733 753
1442 1229
8049 6549
5529 685
2241 1855
283 35
8800 350
5215 3094
7749 7734
1398 1027
6000 3457
2946 930
2220 332
4439 527
2024 1739
9769 7459
5634 2603
9112 1607
7794 2770
4528 1366
9620 165
3485 3198
8777 4118
6152 5871
7022 2148
5326 4977
6566 2465
4503 1294
4278 3036
1633 128
8067 6488
3096 786
5922 1899
3483 2401
6950 6254
5748 516
497 374
7901 2547
4109 352
9248 8057
3695 2648
6293 5496
2978 1934
9485 3756
8884 1463
2740 136
7519 1924
9140 1929
4757 1450
5992 4599
586 43
3644 438
5420 3192
1871 1541
9077 3354
9216 2304
9921 4024
2613 1219
7410 4396
6410 4558
9113 7763
9452 1205
4694 3406
8645 6824
3176 197
9014 7400
3419 2488
9040 3208
9303 2348
5796 2210
7938 6986
6154 5231
4064 2553
807 189
7879 5566
2209 1314
1098 216
8181 1045
2665 94
4611 3389
2532 90
9210 3891
6132 846
1676 44
6723 183
9695 7610
2422 1212
3113 717
8980 6382
7664 1482
6299 4591
2620 1391
1789 513
4895 2741
6339 4195
1385 1015
6119 5450
896 768
7323 4463
8569 5533
9190 2552
6474 2756
6456 414
