630
2510 4134
4015 9590
2335 8279
2704 2930
7491 9147
9488 9983
3310 3707
1629 5821
963 8262
3354 9993
7867 8611
2936 8506
411 8466
8953 9613
6587 9085
4348 9114
8033 8811
6688 7371
2378 5303
7643 9773
3009 5944
6780 7039
1904 4299
3177 7237
8013 9227
6373 8915
5687 6831
9619 9952
4746 5480
2975 3603
1338 4579
5907 9249
6368 8798
3717 6418
681 7830
1754 4818
8823 9533
8083 9696
1465 5637
8473 8567
1871 7719
5171 9704
633 5022
1573 1674
4467 4764
2593 8938
5685 6333
3790 6788
8256 8697
5208 6279
5078 6231
986 7521
8010 8808
4689 6669
4644 5105
7700 9958
9278 9648
1374 6691
2917 7762
1514 2142
9640 9932
2182 6690
6854 8543
4688 7210
6938 8962
306 2120
743 1750
8221 9036
7566 9514
515 3432
8090 9125
5591 6024
355 4190
7553 8123
5833 8470
3336 3682
1028 6977
2664 5194
1681 2838
6940 9438
2372 4147
9645 9794
3723 8122
8914 9927
4967 7580
5728 9308
3588 8870
9529 9756
9123 9424
4238 6557
6007 9359
1787 7495
3893 7545
6507 9179
8891 9745
2636 6497
40 9262
6994 9460
464 4425
1679 4788
3562 5829
244 7780
6300 7100
1852 5549
4765 5020
8827 9415
5366 9637
155 2267
3305 4274
7809 9911
5926 7598
6927 9509
5662 8727
5131 9612
5880 8489
987 9792
5448 6001
739 1024
6939 9482
5602 9129
7054 8488
7523 9437
1981 5692
2878 4664
4306 5731
7389 8835
1872 4323
3179 5776
1566 3569
5874 8353
1824 8997
7660 8592
1177 5328
3384 4563
6267 8958
1526 3726
3028 6098
8247 8730
6747 9933
3433 9709
9006 9761
6440 7283
6358 7654
4752 7306
5018 5347
8116 9219
1525 2290
3228 4740
85 946
3847 5055
4088 7750
8978 9520
2730 4988
4773 7919
8432 8956
4401 6155
9244 9248
7723 8107
4382 8675
1174 5676
8847 8910
8911 9655
2866 4730
1685 8167
8989 9048
5892 7602
9701 9856
1887 7305
742 6088
5173 7502
5533 9362
5749 9931
9727 9827
6582 9731
3482 7016
4160 7904
5850 8044
3052 7067
1829 9748
8554 9252
9271 9898
9635 9849
2906 8333
4336 6043
2979 5400
4041 5972
6851 9571
5810 9608
5750 9774
6369 7449
6999 8619
5760 6010
3157 5575
5689 7781
4893 8197
6016 8552
9836 9904
9402 9663
8289 9755
1360 4239
5966 6212
8909 9733
7697 8587
5316 6600
6824 7736
2595 6278
4189 7081
7199 9573
8004 9789
1201 6640
4261 7982
413 3506
8032 8790
2559 5302
9824 9907
512 5877
6847 8428
360 8211
9850 9867
2542 6910
9420 9703
1983 2137
4492 8748
8072 8717
6722 9462
5918 8562
7467 9058
4068 8459
6830 7556
7289 7951
4344 5438
252 1911
7474 8471
3297 6742
583 683
7954 8975
5746 9866
2070 2673
2183 7695
5118 7273
7197 7304
786 5599
1236 5894
9327 9583
4521 5198
4655 5597
8524 9922
388 5693
9764 9893
520 9870
4591 9338
875 7245
9852 9855
8382 8802
9340 9551
4933 9283
9404 9668
9940 9996
1845 1939
8014 8920
3826 5970
7442 8566
7011 7174
968 3137
3584 6758
8346 8621
9723 9767
8548 8628
5137 8558
2230 2483
8832 9845
2597 7271
8715 9741
9018 9464
6701 8214
9646 9760
2651 5061
2641 8658
2533 7433
7671 9825
4680 7841
1345 9966
9680 9875
5772 8515
7101 7414
3303 5623
4187 5985
4468 4924
2681 2755
4659 5751
4365 7053
9031 9187
5771 6496
4475 6194
3093 8828
1461 2384
7595 8903
205 2181
2382 6739
421 1223
6014 6702
3725 7691
1061 2322
3780 8431
9353 9823
3480 4900
2741 8383
6740 9878
1877 4256
3532 9956
7131 9293
9872 9974
3213 6367
5359 6632
7123 8322
2395 8654
667 5506
8479 9458
4803 6472
3192 4331
496 5616
1194 9615
3144 5704
9053 9891
1833 9541
2327 6602
4291 6370
3912 4718
3198 6173
5443 5709
7956 8054
457 9527
2712 9947
5489 8074
2850 7828
2226 2693
4023 7350
9946 9988
3820 8451
8707 9182
6208 8425
7610 8277
7808 8615
3367 7562
3368 4044
9816 9851
774 8941
8867 9819
1450 5039
1087 4551
9595 9909
7249 9681
5640 9706
8124 8830
8409 9921
3450 8210
1229 5988
9201 9263
6908 7127
1946 2852
4356 4942
8979 9591
7872 8237
5227 6611
2610 3663
2849 5378
4000 5553
1781 8151
150 7268
354 2537
102 7968
9611 9892
1406 3053
6305 7337
1470 5790
37 5684
246 2296
506 8781
4027 9698
2078 7134
3464 8023
2470 7527
2244 8582
7221 9566
3035 5785
2879 7126
8501 9469
5220 7969
882 5530
3493 5003
1424 9782
9905 9992
4328 6606
7102 8639
1907 2150
2714 7450
8514 9641
7986 9572
9434 9596
5958 7603
4758 9679
4597 9881
5537 7564
4161 5504
7323 9804
3211 8008
5808 8986
343 1513
7902 9393
8441 8626
6 4085
9689 9762
3830 9495
8797 8885
9336 9832
2644 4634
6213 6288
1285 1868
3064 5680
1873 5238
889 8964
9351 9737
4422 4589
1103 1281
7927 8375
8902 9814
7957 8719
9167 9236
938 3640
1611 9683
7863 8597
3372 8998
6177 6381
3794 7850
5426 7515
1713 2000
1521 6435
3174 4379
2938 6128
2172 5148
4712 7861
118 3952
7355 7426
4503 8854
7022 8055
4613 8363
8449 9765
2282 4440
3852 6762
1386 5478
8702 8981
1768 9739
9667 9999
6416 8521
9943 9965
3634 5576
463 9714
3366 6081
6683 7319
4888 9092
9986 9997
6076 8696
4292 6219
9145 9181
6198 9549
7270 8818
2973 8005
5477 9686
2443 2823
5901 6080
7812 8946
8463 9422
4750 6814
6386 6493
9381 9914
5551 6406
7234 7738
1958 5497
4494 8228
6556 8120
8302 9553
7538 9623
2053 2956
2374 4809
3580 4108
5804 9365
8280 8704
929 9587
6574 6724
3138 4213
1878 3388
9730 9969
556 2612
7091 7804
6424 7341
6993 9837
1035 1247
5655 7312
8312 9913
9070 9585
3773 6960
4983 7652
649 6717
4539 8209
5925 9810
2122 7444
4944 8224
7676 7686
5201 5447
981 7791
3393 8395
76 384
5385 8275
8356 9349
4835 7642
4480 7989
3645 8892
1767 2642
6526 7258
4530 9361
9367 9712
5581 6004
876 2986
6075 8687
3241 7420
3656 5104
9917 9964
4241 7019
2705 9021
1683 5608
7255 7334
2106 8764
4878 9754
8145 9221
2804 8110
4700 8732
9193 9562
4504 9065
5753 9357
6049 7775
4943 5949
7520 8657
7348 9310
6388 7742
2951 6895
5103 8342
726 3143
2959 9649
1128 3470
3890 8223
7243 9661
2319 9350
9869 9934
1556 6124
8022 8518
8080 9813
6355 8113
4763 9758
6603 7074
7925 9160
270 6931
5873 8765
7550 9368
3614 5159
7754 9550
6319 9526
2817 8308
9656 9669
8060 8741
699 4985
6825 7324
1208 2431
2041 6893
5545 9052
5085 9411
8684 8980
976 9987
7017 7889
1075 2400
9994 9995
1202 4174
2509 4844
7810 9644
8230 8435
1299 9793
398 7892
5885 8990
4842 7745
325 9339
2683 9118
2018 6196
6676 7182
9967 9998
2204 9665
7628 8200
3377 8351
578 1332
6529 9579
4957 9269
5911 8287
9230 9379
1888 6645
4820 5295
900 2459
4701 5228
1337 2161
339 7460
2380 8560
4534 6571
5819 8424
3117 6275
181 3463
584 8236
7186 8160
9173 9449
1594 4679
8139 9503
5019 7083
7027 8846
8650 9014
4791 9265
7873 9569
3510 4196
9858 9939
4313 8602
5099 8952
7469 8067
2379 4550
7552 9358
694 6156
458
1134 734
8907 4139
7772 3294
2802 70
1515 928
4543 3357
1531 1405
1807 273
5909 2249
8533 5164
2618 754
9951 6000
8987 6162
8799 1107
1002 763
5254 4243
524 366
996 590
3757 991
3502 3438
1278 909
8153 3948
1228 969
8325 4182
1012 497
7295 1518
6839 1243
467 93
6978 3841
4383 1246
5060 2743
9257 2205
5639 469
2988 758
8377 5187
8196 6299
6593 4263
4674 870
1076 816
4224 1963
4912 2006
7681 3843
240 166
4666 3186
5852 3353
9232 5979
9003 5134
2146 1766
5179 4566
9446 4489
2549 1874
2835 425
5177 4974
596 251
7931 1346
4075 1091
2847 647
1512 1282
5861 1746
8266 6425
7458 6913
7387 106
5033 1973
7482 4460
7069 4962
6202 700
5413 892
2989 487
5277 4351
3886 431
827 238
495 405
3577 3033
1190 178
3880 2104
9101 2748
545 298
359 271
5600 2638
24 23
7092 6431
9707 3066
2038 374
4532 995
7689 1539
7419 1217
219 129
6210 585
7766 5327
8225 5726
4311 1924
4444 1110
4122 3232
9133 4402
6481 1896
2506 2123
3340 2985
3153 535
5569 15
3715 46
8137 2276
4208 143
7955 7587
7049 4063
9692 5021
8354 6229
2902 1703
3175 1357
8208 1342
6015 426
152 9
4464 3124
4914 2538
588 289
8452 1119
3071 2218
3538 3196
1059 907
8487 6545
7192 1627
8270 67
7349 4590
9337 4403
9328 9050
7947 5993
1364 731
8245 8229
8379 6546
1926 317
8809 1263
1402 712
1636 2
1313 491
2845 59
2027 1391
6060 587
7792 2971
4911 2710
5755 552
3737 356
3332 233
9457 6795
2251 746
4633 4020
5578 1789
9861 8540
2706 2180
9840 9320
6675 948
7734 4296
7677 7338
430 410
2377 415
3706 1720
112 69
4636 1442
4560 2675
5213 4736
9918 1358
9057 921
1443 315
6077 3003
8176 3545
2507 627
8683 6178
4537 428
979 215
1275 1041
4535 2964
1647 71
3114 861
7933 2426
933 635
6274 4211
6112 316
9822 8254
7653 6117
4517 1467
4201 3237
9298 8746
3474 1169
2332 1280
6856 202
321 188
6184 4264
3616 3050
3768 894
6630 243
1316 99
7814 1995
6042 4394
3708 3279
7078 2228
2551 600
8329 8075
1842 396
5657 5335
2570 2246
5152 4741
1643 1555
3164 403
7862 4508
5397 4010
810 452
4026 2744
8744 4006
8387 6760
6441 2745
8007 5983
5984 5226
5796 2671
4282 3845
7714 1550
7282 839
1085 701
5946 4978
8405 579
1580 918
6834 6302
609 533
6157 5169
9401 4779
2662 1620
7168 4079
4898 2061
8842 3497
6469 4294
1356 958
7890 4171
529 283
3191 2842
9725 8163
9887 2056
8761 3029
4389 2676
2477 2055
1409 678
3957 1821
3152 1920
7593 1351
5645 3082
7517 6414
2861 2825
6328 147
3742 1088
9319 8693
8531 6514
3583 1638
6146 1971
8718 581
3200 1725
2434 656
7484 162
1097 116
4357 39
1507 427
5129 2312
7585 1227
5461 2918
9178 5500
3649 658
9576 2059
8706 3927
3423 2674
8743 7352
1530 1170
1070 560
9515 7692
7613 6074
4729 2064
1173 1108
5307 1593
1680 574
6707 5524
9600 4720
8974 5529
1336 737
5848 1027
9372 4514
718 659
8895 5561
8216 6865
6700 6392
4125 2037
6781 1585
7934 3767
1420 189
8561 8508
9657 1034
2119 1799
500 149
7776 7170
6385 4177
6678 3296
7329 1613
4169 3922
5630 1673
5054 2895
603 299
8688 319
5658 3833
6362 503
3501 1959
513 78
9487 1308
7439 6890
3217 2532
5064 3330
9558 8417
5857 2306
6962 5740
8315 5272
43 35
9930 8709
7958 201
1155 1003
7526 5041
6935 3676
2478 1410
5858 1997
6315 488
9652 2013
7824 1089
5392 2658
3007 1343
7246 1771
6137 5606
8850 3916
434 338
6656 593
4735 3559
1612 745
580 363
9152 1339
3126 592
3491 2429
4084 1426
3955 3098
8212 7985
4602 437
5412 3519
9574 9011
4384 654
7876 6988
8607 8186
5222 4104
7911 1693
9453 4927
8019 5204
9617 113
9561 9067
6058 3550
9699 1092
8927 3148
287 134
6548 1132
4905 4507
1908 624
8812 6432
5000 2911
3906 267
4483 3622
6032 1325
764 611
2995 637
8900 8334
7382 3800
5679 450
9498 9163
6270 752
1802 1682
6970 1597
9321 1270
2742 522
74 22
4029 3860
6287 4393
6153 4086
499 206
8233 679
5202 275
8671 3607
9285 9134
594 350
1857 631
4694 3229
6459 5370
8155 5293
6307 3476
4245 3732
6241 2186
4728 1425
7393 1225
1596 1434
1806 740
4031 3411
9389 1373
705 608
2893 1553
3739 1848
6915 4390
7116 1277
5490 912
9186 629
2149 874
5809 5661
8556 3736
9796 2841
6335 367
5162 3190
4980 1815
8664 5181
6844 5919
6280 5451
5459 4969
4621 3101
1532 1148
9903 1665
6519 4632
925 820
5747 4767
2210 1970
8454 5483
5887 5405
8871 7434
2071 88
1788 404
9483 1944
7879 4123
8701 2121
863 132
2023 1090
8982 5002
7868 7447
4742 1188
5234 3570
4030 3407
3741 1723
8723 2156
2772 1660
7711 4246
6928 2209
9068 858
4754 1232
4515 2660
5165 4034
3718 182
5593 1522
1396 281
387 337
3446 2160
4785 866
94 30
1587 1179
6428 6387
2605 226
5038 2362
6253 3315
