79
3487 5019
816 1061
6418 9498
23 4884
3350 8970
19 5625
6416 8616
4827 9631
1189 6172
9211 9608
3838 6639
5453 5501
374 4627
4839 8372
7822 9867
2279 9645
9214 9537
8219 8769
5956 8742
7690 7755
2471 3841
8968 9020
7920 8402
759 9154
9448 9860
9342 9388
1650 1821
5677 9851
1369 7675
1227 9668
125 6951
3927 8878
2102 5952
4837 6870
8170 9343
1618 4991
2874 3808
8745 8898
1822 6840
7002 7299
1606 8529
4971 6514
529 4412
5464 9803
4613 8698
7030 8851
1838 5023
7969 9556
5719 8318
5417 6133
3449 6301
537 4632
740 8883
4112 7972
8782 9482
7850 8722
7122 8496
3584 4961
3200 6583
6890 7083
9544 9827
4533 9478
5358 9042
6104 7212
9271 9390
3330 8820
1950 4669
1961 5107
6501 8671
4376 5790
6666 9794
1394 8831
5860 8676
472 1730
5328 9338
2531 8210
4740 8704
7800 8822
8803 9711
129
585 315
9347 8908
1414 903
7230 1623
8728 2885
3791 3063
9842 3453
4142 907
5878 4893
2543 1309
9380 5604
213 86
7786 2513
7807 250
5694 4451
8489 6313
3416 811
7177 3661
8324 7369
4735 2569
3869 2267
1615 742
1737 522
1560 127
2005 1832
7967 6811
1093 310
9494 3291
5340 3124
6814 4844
8049 7280
4357 4310
6848 2708
6483 2120
549 387
7829 5756
566 474
4125 2076
4516 423
8414 1924
6692 3909
1432 445
1912 872
602 460
1952 228
8690 2048
1636 935
3591 2112
3293 1110
8763 2349
1090 890
4461 3554
3764 2443
2442 2269
6029 3544
4000 3572
3427 684
5177 148
638 320
4180 911
4763 2897
7798 3620
8352 4075
7097 434
1157 461
3997 3879
9374 4189
2544 436
2945 849
6767 6449
5279 3343
6523 135
5088 3739
8443 2912
1819 625
3615 1534
5179 1223
5684 1238
7334 2301
7436 1674
7895 1864
3914 43
4712 1186
8220 5505
2185 489
4635 1744
7841 6478
4707 4658
8528 8246
9344 2848
1192 139
5801 4181
1960 204
1914 824
1789 804
2960 2586
3822 2325
685 464
1058 884
4065 2660
7068 2387
4863 1710
1220 805
6888 4331
7816 6688
6702 5011
1108 887
2703 2235
7958 2401
4071 2567
8986 2568
5383 1516
2942 713
9818 1258
3096 2089
9497 5695
6685 614
8138 2676
61 21
2478 140
5692 108
9244 8065
4231 1535
8435 3312
8724 1996
2652 1496
4730 1088
9812 8345
240 174
