649
5215 8040
7857 8405
6828 7139
4351 8350
502 6520
3508 5872
899 1980
9345 9765
9135 9136
5913 9547
4579 8707
7592 8354
9265 9444
6959 8284
4869 7859
8818 9152
6759 7827
8746 8899
4647 8719
7024 8630
9099 9321
1306 8824
8222 8385
7465 8832
9221 9699
8494 9404
8130 9909
8197 8349
8919 9126
9809 9833
1461 5773
8169 8943
5176 8960
5423 5513
935 2336
7886 9709
3451 6279
1226 6148
6334 6545
932 7989
2597 6963
4458 7967
1486 3745
6044 7913
8368 9738
3115 6776
5815 6190
7164 8589
3757 5716
288 8450
7166 7393
137 8686
9990 9996
212 1253
9157 9591
7506 9239
7401 8245
6733 7702
6693 7798
8004 8702
5322 5634
6527 8324
3836 6512
2122 2573
8253 9276
7953 9271
8939 9195
8409 9781
5474 7187
3365 9260
3269 8604
7574 8001
1552 6323
6705 6934
4269 7075
9305 9560
7487 9263
1526 8127
2353 5768
5546 6411
421 9055
4091 8842
9187 9468
5944 7140
1653 7683
1761 9649
3290 5681
1972 7337
2881 3789
9089 9366
1751 5777
5697 7467
5763 6726
5227 6239
7173 8799
9180 9980
5252 8545
2393 9928
1365 2657
6764 8054
3712 5840
5217 6758
3828 6700
8856 9961
7680 8933
6904 8676
1138 5057
6103 7481
3585 5287
1929 8313
3579 4873
2751 2822
385 1809
5151 9589
6484 9405
9067 9798
2456 6665
2644 4671
42 7080
3569 6720
8703 9630
2262 4241
110 364
2654 7426
790 9120
7557 8598
3846 5157
5469 7636
517 9101
1158 6198
1503 2509
8672 9895
3549 3967
7784 8341
2005 3619
6297 8850
3224 3687
4616 6354
93 7549
246 8987
306 6480
8326 8533
8665 9720
1496 3841
4650 6189
5694 9402
828 7412
9193 9341
7229 8506
5014 8769
3237 9549
4989 5752
572 3798
8802 9248
5084 8194
3258 9394
8624 8728
5867 6066
4901 5702
1159 5790
2185 3008
7738 9036
4749 9028
8113 9272
3054 7840
2553 9324
3856 7157
8178 8787
8504 9932
1693 5242
2541 6627
2978 5874
6338 7398
7385 7578
4154 4266
1609 1895
3303 8240
4640 5781
6206 8792
2631 4008
5249 6094
1408 5382
5498 7612
1470 9010
654 8694
7501 8942
9114 9320
3877 9258
5461 7669
8917 9597
1586 5108
3367 6104
2629 8026
9791 9898
9514 9942
3693 8724
3074 6607
7397 9420
8453 9820
6259 7168
602 5086
7130 7985
8645 8855
8839 9572
4597 5975
4999 6124
4623 5897
7294 9482
9150 9533
3994 5661
4666 9554
7327 8900
8631 9183
2560 4606
1752 3315
6330 7250
4272 8674
7923 8257
5971 6386
8585 9184
1563 7672
761 2768
463 4030
4292 6118
1900 4923
5312 7240
9742 9966
6644 8925
1418 5974
1331 3277
2556 4223
9439 9849
3890 4517
969 3073
7700 8330
5030 5978
9758 9985
5395 5870
8317 8447
9659 9900
4970 8599
3760 3780
7889 7897
4997 8962
4147 9141
2496 2669
9137 9987
4416 6570
397 7044
7165 8258
5676 6631
443 931
7098 7533
8493 8881
5744 7016
5020 6030
204 3175
5270 6081
2022 9247
7745 9012
1672 2369
741 6659
4277 6260
3812 5454
6280 8971
429 8191
2731 9000
583 3602
6434 9671
3547 8637
7785 8387
9200 9416
2607 3790
3246 5663
5568 6331
1537 7047
1281 3804
4335 9214
113 706
8203 9689
6034 7911
5799 7644
5383 8786
2948 6025
5693 8069
5207 7684
2630 8021
8596 9092
3486 6654
5832 9557
139 1200
9368 9622
7163 8938
3216 7387
2223 5502
6766 6773
8075 9790
4136 9982
7709 9561
5402 9930
7958 9146
5456 6422
9697 9867
2228 4044
6554 7368
2321 8199
5017 7473
1183 2314
3618 6597
5756 9534
2305 4805
6133 8067
7756 8478
9374 9423
4307 5640
8513 9824
1654 5366
4350 4476
9493 9907
1541 2893
7835 8396
5241 9744
3746 4992
9682 9941
8415 9906
2917 4795
9590 9743
844 2646
2748 3767
7715 8959
6174 7997
7536 8422
3483 7746
3287 4256
2825 6623
1364 7703
1363 1943
8524 9582
4058 6872
2590 5309
2967 3684
9797 9918
5945 6711
3201 9162
3954 6078
8115 9732
2046 7065
836 2072
6501 9842
916 8554
43 6524
3072 6666
757 6320
7271 9250
2035 2356
2141 7655
4088 9637
3401 6317
1203 1571
8803 8923
7436 7724
4837 6245
1928 6059
9548 9596
433 7002
8045 9813
8810 9440
9474 9802
4582 9053
8329 9066
9086 9264
2776 4081
298 1519
7205 7694
5690 6243
3319 8878
2667 5124
9151 9826
868 7475
9059 9387
751 7479
2050 5434
8815 8973
3263 8695
656 1305
5273 5284
582 2739
8491 8597
416 5927
6145 8151
662 9274
9426 9837
5356 6471
6365 6957
234 437
2844 3870
8586 9876
1089 4424
4159 8744
2057 9952
7941 9718
2976 6178
4914 6216
2494 5776
7495 9581
4622 6359
2205 9937
673 2211
4539 7363
4909 6111
3466 3906
2065 4163
550 6097
9731 9788
8014 9719
3353 3529
2417 8318
79 6311
222 3158
9782 9969
7314 7405
393 4981
6442 8380
774 7513
9188 9433
3649 4802
2805 8977
9315 9323
310 3482
4784 5158
4738 6713
7305 8696
9043 9616
1279 1614
1446 2160
3141 5204
861 7105
1940 5141
2866 7667
9700 9752
1045 8896
5136 9445
1485 8281
7673 9079
3044 6227
2334 9897
9673 9789
1274 1369
2618 4916
441 3352
5916 6303
6452 8441
3058 4519
9922 9951
4864 8982
2785 5699
1799 8273
9143 9488
5439 8207
1632 7777
4447 8146
718 6718
4082 9759
6382 8123
2220 9163
8367 9510
3927 9569
3747 8353
3050 9653
6117 6342
9035 9397
7317 8762
5860 7934
24 2736
2728 6277
2973 7309
5393 5792
5520 5987
1762 3772
2070 7332
3305 3834
8068 8861
5334 8058
2723 5923
6490 8975
7228 8157
1661 3076
7734 9943
5639 9199
4487 8655
2350 7145
3975 9762
7791 8620
2142 7559
2156 4257
6276 6960
8018 9830
1473 5045
2880 4373
8424 8805
4631 9976
8384 8523
9887 9950
8773 9679
340 9704
4984 8133
778 3391
6529 7432
3423 4560
8374 9316
8514 9690
1021 3808
7311 9981
4188 7131
5835 9882
2545 3864
1592 6585
5362 7095
5503 8315
7136 8023
2351 7107
1779 8579
7137 8907
2467 7352
9735 9852
3484 5912
671 6521
1416 4876
2970 6916
2402 2498
3821 8981
420 4634
8394 8807
8875 9919
4946 5029
9064 9573
6444 9205
4029 6640
8837 9595
9995 9997
4904 5810
2431 4689
9860 9968
2854 6321
3085 9325
5669 8473
5328 6143
337 6867
7206 9418
9351 9545
1769 4815
8954 9971
7151 7903
8843 8920
7062 7706
4254 9940
3253 6473
7176 7766
6988 7491
64 1361
3892 9850
5952 7011
206 1410
56 4833
1288 2769
2136 4191
5921 9069
7783 7947
7159 7394
5652 7822
6439 8770
2832 7538
8114 9360
7573 9901
979 3469
2841 8343
3407 6751
4382 4770
7641 8391
1536 9740
8808 9155
5390 9929
367 8087
1204 1673
5013 9766
1153 3438
1059 8820
7832 8517
6355 9365
5654 9254
4983 7029
376 6002
3566 9077
3422 4041
2987 4800
192 3219
1538 5411
5552 5566
2246 7615
2294 7449
2123 5261
4412 9808
9202 9451
5031 7517
7621 7696
402 7244
8902 8906
6114 8072
6108 9018
8574 9518
5117 7058
2579 8425
1734 3724
1040 2096
5727 6446
1236 4998
5933 8476
938 8416
6347 8794
1644 6923
6998 9203
2952 5607
2032 6049
2807 6753
3167 9558
2410 2808
3779 7658
9552 9688
6262 6736
265 4494
4826 5368
13 520
3721 3773
4068 4099
1562 9509
7230 8104
766 4588
7425 9228
7172 9142
1042 7104
207 3114
1388 6504
2020 4221
9903 9955
4024 7554
126 3859
4400 5646
929 6522
8439 9741
319
6535 4113
1931 950
8246 2066
7975 1132
3940 3572
4407 3142
1844 260
2836 1467
4722 3371
1995 847
7836 2429
8336 2949
8957 2869
8885 8667
4542 2401
4727 2306
7377 1811
9278 6622
3815 1299
9003 2084
1019 638
7100 5267
3493 1169
2169 1196
7267 1829
8250 7731
8741 475
1251 782
928 211
4353 655
262 188
540 295
414 196
8046 4313
4337 410
8811 8121
8404 4994
4425 4235
299 82
5636 4319
9695 5571
4667 2969
2615 700
6282 2842
6498 6167
4450 2464
9751 5953
2810 1857
4750 977
7462 2276
7586 2965
7508 2003
5685 4822
6578 5076
9070 4716
2613 1697
223 76
1564 1004
6858 2144
4439 3205
3520 149
8684 4530
580 331
5657 3638
4220 2548
1702 256
3521 2383
6478 6180
3900 276
4540 1833
5264 31
7938 4767
2330 1590
7115 6661
4097 1987
5000 2426
3989 807
5804 4571
1217 17
7295 2617
4886 4205
9123 2786
7375 2653
8831 6555
3003 1725
2082 1608
4602 1755
1927 1242
8233 4971
1366 171
3468 1201
2 1
16 3
7122 2037
3111 519
3021 455
2368 48
3553 3538
9884 7382
2172 600
3697 1951
417 57
901 25
1107 688
8564 2270
3425 2119
7537 6465
6690 4884
3248 1168
7498 460
9725 4294
8992 1699
1523 577
4138 772
2360 1712
4181 1340
1619 820
3106 1194
8296 1415
2718 435
4388 1157
4007 3342
5830 3492
1322 488
9098 2849
1114 971
5153 1134
8862 221
2453 498
6235 991
5610 4071
1569 21
9686 3948
5940 5630
5224 37
9749 1497
3825 177
4821 2664
5968 3961
5907 3380
4420 2655
4605 523
8733 6028
4806 4232
7962 5846
6413 1337
9778 7843
2824 956
794 189
7179 1567
6069 3919
2400 2256
3108 35
6358 2784
7249 2040
1178 351
2093 34
2999 2054
9310 564
8541 6912
2953 1728
8147 6435
2007 1210
5642 5097
1006 591
3639 1350
5926 4823
339 317
9600 2403
770 19
6270 1858
2932 2489
3664 2278
4639 328
8953 4249
2851 122
8996 8369
4577 824
203 148
6269 5495
989 822
1906 1184
3737 2412
1447 968
731 191
2341 1880
743 60
7542 2201
8041 1924
5554 3901
9784 8438
7838 1468
3607 128
4052 2389
3646 3113
6927 3041
6838 45
4929 1220
961 127
6862 5039
6222 2677
483 442
264 101
1772 857
503 143
7748 4003
5842 2218
8551 4169
3179 1214
3759 2034
3991 155
9317 8690
2706 1827
4497 1141
9646 7312
5485 1740
1933 704
7036 6964
2445 1942
3064 730
7461 6154
1777 1612
3514 3334
4032 448
8344 5890
1014 898
5588 5349
8376 4381
8078 3849
2883 799
7233 5951
1846 269
6579 3218
6756 4926
9617 5246
7307 1443
4014 2542
3732 3081
8407 976
237 90
5579 4714
3291 1783
9511 255
7 5
5125 3065
4481 2998
4900 4574
587 353
7090 646
4842 3235
923 389
4120 2469
5053 2202
4125 1284
7123 628
5367 607
581 528
7569 5457
4878 4387
2450 2421
3752 955
2245 1173
3339 218
1838 1304
1323 151
3249 1810
4457 1738
2525 2075
8055 6223
5500 4343
3823 3292
5628 5627
431 373
2357 2301
6468 1935
630 285
6018 4085
7624 5405
2925 2582
8280 7456
473 354
2344 2164
5465 2773
3296 904
2759 1050
4777 610
5879 4867
8109 7527
6667 374
8294 2963
1328 98
5248 1477
2030 1062
4010 3854
1276 80
2101 1729
3152 1648
6968 1249
6244 4239
4948 1015
8138 579
4682 2527
3802 768
5310 5055
362 9
2038 66
948 104
1789 764
2986 516
7856 3923
9812 4963
6894 6000
1385 87
7750 4820
390 118
6899 2572
9785 8758
8621 1615
7006 3381
